5835
2060
2047
2073
2088
2097
2098
2088
2095
2116
2127
2104
2129
2094
2151
2137
2160
2118
2151
2120
2188
2135
2168
2128
2199
2153
2184
2153
2205
2178
2213
2176
2201
2173
2222
2196
2215
2178
2225
2185
2195
2167
2202
2188
2195
2180
2166
2159
2168
2161
2155
2162
2139
2165
2121
2151
2134
2165
2145
2159
2113
2123
2106
2147
2111
2132
2090
2143
2110
2141
2083
2138
2106
2146
2099
2133
2094
2140
2111
2137
2083
2134
2107
2115
2087
2094
2085
2109
2081
2076
2053
2052
2062
2030
2026
2003
2018
1995
1985
1949
1960
1943
1958
1907
1912
1884
1905
1846
1865
1798
1838
1795
1809
1747
1784
1738
1777
1731
1760
1718
1769
1732
1760
1734
1761
1750
1777
1751
1775
1766
1801
1782
1785
1792
1810
1827
1836
1827
1832
1866
1871
1888
1870
1886
1889
1911
1888
1924
1891
1945
1913
1942
1904
1957
1936
1977
1943
1973
1939
1985
1947
1984
1926
1989
1961
1979
1926
1956
1918
1957
1916
1925
1890
1910
1885
1890
1853
1868
1848
1842
1814
1802
1810
1815
1813
1794
1791
1784
1808
1775
1789
1770
1802
1788
1792
1747
1782
1759
1819
1772
1797
1761
1818
1797
1831
1795
1839
1826
1866
1822
1860
1837
1867
1866
1878
1866
1886
1884
1899
1912
1896
1908
1905
1933
1912
1931
1939
1980
1952
1993
1955
2007
1988
2029
1988
2031
2002
2045
2008
2039
2001
2048
2015
2053
2014
2025
2008
2044
2021
2037
2015
2035
2049
2036
2040
2027
2055
2058
2060
2027
2044
2010
2065
2013
2033
1986
2034
2001
2035
1985
2007
1969
2005
1960
1979
1948
1975
1963
1984
1955
1955
1962
1987
1989
1982
1977
1987
1999
1993
1984
1988
2008
2003
2022
1977
2021
2024
2057
2029
2046
2018
2069
2051
2081
2030
2087
2063
2112
2069
2097
2062
2108
2044
2067
2025
2056
2038
2050
2020
2016
2002
2015
1970
1964
1966
1956
1975
1947
1940
1917
1937
1903
1926
1868
1900
1858
1895
1847
1866
1820
1859
1841
1871
1832
1854
1840
1880
1862
1876
1867
1857
1882
1893
1898
1883
1892
1899
1925
1915
1937
1923
1959
1951
1983
1949
1989
1971
2021
1981
2004
1975
2020
1996
2022
1981
2019
1997
2024
1979
1994
1981
2009
1996
2001
1981
2000
2004
1999
2004
1987
2003
2017
2016
1990
2006
1972
2035
1979
2005
1962
2010
1977
2006
1970
1995
1969
2019
1972
2002
1968
2016
1988
2009
1965
1998
1995
2023
1983
2017
2010
2016
2028
2009
2010
2011
2013
2001
2010
1970
1991
1959
2000
1962
1975
1956
1986
1951
1980
1938
1966
1932
1969
1916
1951
1913
1931
1917
1926
1905
1909
1903
1906
1922
1901
1902
1915
1946
1934
1943
1921
1961
1955
1977
1943
1966
1958
1999
1967
1999
1977
2033
1993
2024
1975
2035
2025
2062
2023
2054
2031
2074
2059
2085
2058
2068
2073
2087
2068
2070
2079
2098
2095
2074
2101
2083
2136
2113
2139
2091
2139
2120
2160
2116
2154
2118
2171
2131
2148
2114
2115
2110
2133
2109
2126
2113
2121
2126
2115
2107
2111
2118
2117
2111
2093
2108
2108
2115
2095
2111
2107
2128
2105
2138
2092
2125
2118
2154
2118
2151
2126
2170
2129
2171
2128
2170
2141
2173
2151
2159
2148
2167
2149
2164
2159
2192
2181
2180
2165
2163
2176
2180
2163
2142
2136
2128
2164
2131
2144
2117
2152
2112
2144
2103
2134
2109
2144
2108
2129
2110
2154
2139
2164
2135
2167
2160
2179
2153
2175
2171
2189
2206
2187
2187
2191
2217
2192
2225
2179
2202
2189
2235
2216
2246
2218
2223
2216
2243
2225
2241
2220
2253
2249
2250
2243
2230
2246
2247
2260
2238
2243
2221
2259
2215
2243
2207
2258
2218
2258
2217
2234
2205
2248
2214
2246
2199
2232
2231
2238
2210
2212
2208
2240
2211
2211
2211
2216
2230
2216
2217
2209
2216
2207
2238
2207
2224
2210
2249
2218
2223
2192
2229
2204
2234
2195
2226
2202
2219
2179
2189
2152
2185
2170
2179
2132
2141
2126
2131
2101
2077
2067
2071
2053
2023
2010
1952
1972
1949
1949
1902
1927
1906
1930
1886
1901
1858
1913
1877
1901
1854
1880
1870
1914
1890
1910
1896
1942
1927
1947
1950
1955
1979
1987
1992
1992
2014
2012
2051
2011
2048
2022
2073
2057
2081
2072
2099
2076
2120
2088
2107
2091
2143
2124
2138
2121
2128
2130
2152
2142
2143
2146
2131
2151
2143
2162
2131
2144
2146
2180
2140
2170
2141
2176
2133
2154
2122
2142
2138
2165
2143
2156
2145
2175
2158
2171
2175
2162
2184
2196
2193
2174
2183
2182
2220
2182
2215
2185
2235
2219
2241
2216
2231
2216
2261
2231
2251
2218
2265
2257
2265
2255
2246
2254
2265
2254
2244
2253
2231
2266
2239
2262
2221
2250
2227
2261
2214
2212
2184
2214
2184
2195
2149
2157
2155
2162
2120
2126
2112
2115
2101
2098
2085
2064
2087
2072
2088
2050
2059
2046
2090
2056
2076
2037
2076
2050
2075
2046
2066
2045
2078
2051
2068
2050
2077
2071
2070
2065
2041
2054
2051
2047
2037
2051
2006
2046
2021
2039
2013
2047
2028
2062
2043
2065
2039
2073
2050
2070
2041
2054
2059
2060
2049
2039
2029
2049
2057
2042
2046
2009
2040
2034
2040
1998
2020
2009
2043
2017
2027
1991
2017
1997
2007
1995
1968
1958
1978
1963
1940
1911
1929
1915
1904
1904
1871
1883
1880
1878
1855
1884
1851
1893
1875
1887
1857
1887
1879
1899
1877
1896
1886
1915
1904
1920
1908
1907
1928
1930
1939
1927
1938
1951
1965
1945
1979
1953
1989
1979
2002
1972
2012
2009
2045
2024
2039
2013
2041
2033
2051
2052
2033
2037
2046
2045
2027
2017
2037
2056
2029
2030
2011
2049
2047
2071
2045
2079
2065
2112
2103
2123
2102
2130
2124
2147
2139
2132
2136
2146
2150
2143
2142
2119
2150
2128
2133
2102
2117
2116
2130
2104
2120
2079
2111
2101
2131
2097
2123
2117
2136
2136
2130
2120
2143
2132
2113
2125
2097
2116
2100
2136
2094
2108
2084
2118
2102
2109
2082
2091
2085
2109
2079
2087
2085
2095
2097
2094
2103
2099
2105
2098
2119
2095
2110
2100
2124
2097
2129
2103
2126
2112
2145
2115
2130
2125
2155
2148
2158
2152
2155
2160
2179
2181
2171
2185
2190
2215
2187
2198
2183
2217
2199
2221
2184
2209
2189
2236
2200
2223
2190
2216
2219
2226
2196
2197
2202
2221
2184
2171
2168
2151
2177
2136
2133
2092
2118
2089
2110
2049
2073
2045
2084
2033
2048
2014
2038
2039
2063
2028
2042
2035
2075
2074
2056
2046
2034
2070
2054
2058
2029
2038
2019
2055
2014
2028
1992
2029
1982
2000
1954
1963
1940
1957
1915
1931
1915
1923
1945
1934
1932
1928
1960
1958
1961
1949
1972
1953
1999
1970
1988
1952
2002
1980
2008
1968
1989
1974
2011
1978
2005
1994
2008
2013
2025
2016
2006
2006
2029
2052
2011
2019
1990
2045
2029
2045
2004
2043
2022
2066
2031
2058
2033
2101
2059
2076
2055
2056
2053
2062
2044
2032
2024
2019
2057
2012
2020
1986
2019
1991
2008
1955
1982
1942
1988
1939
1967
1930
1989
1976
1998
1975
1993
1987
2026
2006
2019
2023
2015
2039
2016
2034
2010
2038
2006
2033
1971
2017
1974
2024
1973
1999
1951
1994
1972
2007
1972
1994
1982
2017
1995
2004
2015
1992
2020
2019
2034
2012
2029
2008
2064
2024
2059
2018
2067
2025
2073
2039
2066
2034
2083
2040
2055
2003
2044
1999
1996
1974
1950
1951
1948
1935
1908
1902
1850
1895
1860
1889
1851
1886
1863
1920
1876
1897
1855
1903
1858
1889
1837
1853
1844
1862
1838
1816
1809
1813
1801
1779
1791
1744
1779
1753
1767
1725
1751
1718
1771
1715
1740
1690
1745
1717
1754
1739
1751
1748
1784
1763
1782
1775
1809
1821
1811
1833
1801
1840
1830
1861
1835
1886
1838
1897
1863
1904
1871
1931
1915
1941
1928
1951
1943
1983
1967
1992
1972
1983
2021
2031
2054
2029
2053
2053
2086
2068
2115
2074
2127
2116
2148
2097
2130
2104
2139
2121
2125
2097
2119
2098
2107
2095
2064
2070
2059
2065
2026
2024
2015
2026
2004
2023
1985
2023
2008
2039
1998
2049
2021
2072
2052
2069
2046
2076
2079
2095
2084
2070
2076
2092
2115
2095
2095
2060
2114
2093
2120
2076
2104
2093
2130
2101
2113
2076
2102
2079
2090
2056
2067
2042
2042
2034
2003
1995
1989
1987
1960
1964
1922
1942
1924
1951
1919
1936
1911
1965
1944
1958
1928
1953
1942
1967
1949
1959
1958
1952
1966
1942
1938
1920
1924
1885
1903
1857
1866
1843
1873
1835
1859
1847
1870
1875
1899
1872
1896
1895
1925
1916
1898
1896
1894
1923
1914
1909
1892
1915
1914
1948
1907
1916
1903
1947
1915
1933
1910
1924
1937
1961
1947
1945
1944
1950
1981
1965
1968
1963
1994
1984
1991
1962
1979
1969
2006
1975
2002
1979
2020
2006
2018
1996
2001
1993
2011
1989
1992
1980
1971
1983
1959
1966
1938
1963
1952
1967
1925
1945
1924
1959
1924
1947
1906
1931
1920
1931
1908
1906
1888
1898
1898
1879
1894
1856
1881
1873
1895
1867
1885
1860
1891
1888
1899
1872
1894
1880
1895
1881
1877
1865
1885
1897
1881
1866
1869
1877
1865
1884
1840
1844
1834
1865
1816
1830
1794
1816
1793
1797
1747
1761
1735
1724
1710
1690
1661
1649
1645
1611
1594
1557
1576
1548
1551
1496
1500
1460
1479
1433
1449
1412
1441
1420
1449
1406
1433
1433
1460
1478
1471
1485
1510
1545
1553
1595
1585
1620
1618
1671
1647
1691
1671
1728
1712
1756
1732
1774
1762
1816
1781
1809
1792
1815
1825
1837
1832
1838
1860
1853
1881
1845
1874
1853
1905
1872
1893
1855
1907
1880
1927
1881
1910
1885
1945
1928
1938
1923
1940
1959
1965
1965
1967
1976
1952
1992
1959
1986
1953
2003
1963
1997
1941
1975
1950
2011
1964
1983
1949
1981
1990
2008
1990
2005
2023
2034
2023
2025
2047
2034
2081
2049
2076
2055
2104
2076
2119
2082
2121
2096
2154
2108
2148
2131
2131
2149
2160
2136
2147
2144
2168
2176
2137
2147
2113
2154
2119
2137
2097
2132
2096
2138
2090
2120
2068
2117
2084
2096
2073
2066
2045
2062
2046
2041
2023
2009
2041
2011
2020
1987
2018
2014
2024
1989
2007
1963
2003
1970
1993
1949
1993
1967
1996
1985
1987
1975
2009
2001
2006
2004
1971
1998
1980
1978
1933
1948
1939
1953
1902
1901
1846
1878
1852
1875
1831
1848
1841
1858
1850
1856
1857
1888
1904
1913
1923
1914
1960
1967
1986
1972
1996
1989
2048
2021
2054
2041
2094
2076
2096
2082
2085
2080
2108
2103
2098
2090
2089
2092
2077
2074
2043
2051
2035
2046
2002
2021
1982
2010
1996
2011
1977
1991
1979
1998
1998
1994
1981
1997
2023
2019
2014
2005
2029
2028
2053
2030
2039
2027
2073
2059
2079
2059
2082
2081
2101
2082
2088
2076
2085
2095
2081
2072
2068
2086
2063
2070
2034
2036
2026
2061
2018
2024
1998
2017
2014
2007
1972
1970
1961
1981
1957
1949
1932
1927
1960
1932
1926
1909
1928
1889
1914
1863
1881
1860
1903
1857
1884
1877
1901
1903
1920
1900
1911
1916
1947
1950
1929
1950
1947
1987
1966
1992
1964
1993
1983
2026
1996
2033
2006
2061
2030
2076
2049
2075
2074
2108
2085
2097
2082
2086
2115
2098
2117
2092
2123
2112
2136
2093
2126
2086
2150
2119
2159
2104
2159
2145
2180
2152
2152
2140
2181
2161
2151
2150
2112
2140
2121
2129
2090
2118
2104
2111
2066
2096
2039
2106
2071
2117
2069
2108
2095
2129
2116
2121
2104
2139
2134
2129
2138
2105
2145
2131
2148
2107
2136
2103
2163
2127
2160
2107
2152
2126
2166
2130
2145
2130
2162
2143
2154
2135
2167
2177
2167
2177
2145
2172
2167
2189
2165
2204
2156
2201
2172
2218
2178
2218
2189
2225
2204
2224
2197
2227
2214
2220
2207
2200
2220
2198
2217
2190
2201
2179
2211
2180
2216
2158
2188
2155
2199
2142
2162
2142
2179
2159
2177
2147
2162
2165
2183
2184
2153
2160
2164
2193
2168
2175
2150
2183
2166
2201
2149
2176
2158
2212
2151
2176
2164
2168
2176
2176
2161
2155
2168
2150
2195
2140
2159
2132
2177
2140
2158
2143
2170
2145
2184
2145
2171
2148
2189
2181
2156
2138
2155
2156
2159
2116
2105
2075
2091
2056
2067
2024
2035
2011
2026
1995
1993
1962
1980
1977
1988
1957
1965
1967
1961
1970
1945
1946
1944
1967
1945
1965
1936
1952
1950
1981
1948
1960
1946
1961
1969
1967
1942
1950
1969
1970
1953
1940
1952
1948
1984
1961
1965
1956
1989
1987
2001
1961
1957
1967
2006
1979
1988
1970
1979
1986
1981
1976
1961
1984
1974
1986
1947
1953
1925
1944
1907
1906
1861
1885
1873
1885
1848
1845
1829
1845
1832
1845
1849
1843
1869
1856
1879
1871
1886
1879
1919
1881
1912
1900
1944
1931
1951
1935
1952
1952
1985
1968
1995
1985
2020
2024
2020
2025
2012
2043
2046
2069
2051
2075
2052
2110
2095
2131
2080
2133
2117
2161
2134
2155
2132
2181
2164
2188
2156
2169
2208
2207
2212
2192
2220
2228
2251
2219
2243
2206
2270
2244
2274
2212
2265
2240
2280
2239
2251
2230
2271
2243
2263
2248
2217
2236
2229
2231
2211
2222
2226
2251
2207
2233
2191
2255
2222
2253
2205
2251
2217
2262
2228
2247
2221
2258
2236
2244
2248
2233
2245
2241
2252
2224
2243
2205
2266
2220
2257
2212
2259
2221
2259
2232
2266
2218
2264
2240
2263
2233
2265
2261
2262
2264
2250
2254
2250
2267
2249
2271
2231
2274
2239
2282
2228
2275
2252
2302
2263
2290
2247
2284
2270
2299
2261
2267
2266
2283
2282
2261
2263
2267
2297
2267
2288
2224
2267
2240
2281
2224
2265
2238
2284
2258
2277
2236
2261
2240
2256
2235
2211
2210
2210
2229
2206
2193
2176
2192
2165
2180
2126
2157
2141
2177
2123
2161
2121
2161
2145
2154
2109
2136
2127
2133
2139
2131
2120
2126
2140
2121
2116
2082
2108
2087
2128
2095
2122
2099
2132
2118
2141
2108
2138
2132
2159
2126
2145
2140
2153
2168
2146
2128
2124
2140
2131
2142
2108
2124
2104
2138
2113
2146
2117
2131
2129
2140
2119
2124
2115
2150
2123
2118
2111
2095
2112
2092
2087
2066
2090
2057
2084
2036
2042
2023
2052
2009
2028
1998
2007
1993
2010
1982
1983
1972
1999
1997
1970
1966
1961
1997
1994
1993
1965
1982
1983
2007
1977
2001
1984
2023
1990
2005
1979
1982
1979
1998
1967
1972
1962
1955
1977
1947
1973
1945
1966
1959
1972
1949
1979
1974
2013
1984
2006
1981
2035
2019
2031
2008
2012
2011
2027
2009
2002
1996
1976
1996
1969
1963
1915
1943
1924
1930
1884
1899
1864
1906
1869
1886
1845
1871
1881
1907
1887
1899
1883
1935
1924
1924
1934
1918
1969
1959
1964
1949
1981
1958
2013
1964
2020
1981
2037
2008
2036
2010
2018
2020
2055
2041
2047
2034
2068
2066
2052
2060
2035
2067
2067
2081
2040
2057
2019
2069
2019
2041
1988
2027
1995
2043
2000
2004
1984
2022
2008
2015
1988
1985
2020
1994
2003
1975
1995
1977
1997
1957
2004
1949
2011
1974
2016
1962
1987
1962
1985
1971
1981
1953
1966
1968
1973
1982
1949
1974
1956
1983
1949
1967
1951
1985
1961
2005
1955
1975
1949
1998
1957
1978
1938
1963
1954
1960
1937
1941
1928
1920
1944
1910
1914
1900
1931
1889
1901
1863
1915
1892
1929
1875
1922
1899
1953
1929
1949
1924
1962
1962
1975
1948
1966
1977
1982
1998
1971
1999
1995
2024
2000
2046
2004
2055
2034
2074
2028
2062
2036
2080
2079
2082
2055
2087
2076
2095
2081
2075
2083
2077
2110
2082
2089
2067
2086
2049
2084
2037
2058
2030
2067
2026
2062
2036
2055
2043
2063
2024
2048
2035
2057
2049
2033
2036
2029
2060
2051
2045
2023
2062
2035
2075
2024
2054
2031
2082
2038
2075
2043
2051
2032
2064
2037
2043
2040
2043
2055
2039
2038
2031
2049
2040
2043
2013
2031
2008
2048
2018
2042
2012
2057
2038
2056
2027
2044
2033
2068
2042
2055
2050
2059
2087
2078
2082
2076
2105
2103
2113
2074
2099
2083
2125
2082
2098
2062
2084
2073
2104
2076
2081
2062
2076
2050
2055
2058
2049
2066
2045
2032
2011
2021
1995
2041
1995
2004
1979
2011
1983
1998
1983
1990
1983
1996
1967
1973
1957
1970
1971
1950
1949
1928
1948
1943
1945
1920
1932
1912
1950
1923
1941
1903
1949
1940
1971
1953
1966
1967
1997
1988
1987
1977
1980
2012
2010
2032
2013
2039
2038
2052
2036
2066
2026
2067
2050
2069
2034
2070
2046
2074
2049
2046
2026
2044
2027
2026
2011
1983
2008
2011
2020
1985
1995
1999
2027
1990
2008
1969
2014
1992
2013
1975
2009
2009
2024
2011
2014
1995
2017
2005
1999
2004
1982
2006
2002
2007
1983
1991
1954
1994
1949
1972
1931
1961
1923
1936
1909
1913
1892
1923
1909
1914
1892
1921
1928
1927
1950
1929
1951
1958
1998
1965
1992
1955
2016
1998
2030
1993
2031
2015
2062
2042
2055
2029
2057
2054
2084
2055
2052
2075
2078
2092
2069
2080
2084
2110
2074
2119
2068
2106
2078
2112
2065
2090
2057
2101
2075
2092
2048
2076
2067
2075
2067
2044
2060
2062
2077
2054
2063
2057
2090
2066
2094
2054
2093
2064
2119
2059
2104
2072
2104
2079
2090
2047
2073
2054
2056
2063
2044
2048
2041
2072
2051
2049
2024
2066
2038
2072
2021
2047
2006
2033
1995
2008
1946
1952
1921
1934
1878
1886
1850
1842
1828
1799
1786
1770
1778
1755
1772
1722
1756
1728
1771
1744
1790
1764
1830
1829
1873
1847
1881
1864
1917
1879
1899
1896
1912
1937
1935
1941
1940
1974
1967
2014
1972
2003
1982
2045
2015
2054
2030
2067
2051
2106
2068
2096
2075
2128
2089
2090
2080
2087
2114
2103
2078
2059
2073
2048
2072
2028
2042
2016
2059
2017
2046
1996
2028
1997
2044
2003
2038
2013
2032
2048
2049
2032
2039
2063
2086
2071
2064
2087
2065
2112
2089
2117
2078
2119
2102
2156
2106
2136
2115
2169
2135
2171
2147
2164
2165
2180
2171
2169
2161
2186
2177
2153
2178
2158
2175
2144
2152
2114
2133
2102
2133
2083
2099
2056
2091
2070
2080
2068
2048
2038
2055
2043
2031
2019
1997
2025
1994
2003
1955
1985
1963
1977
1949
1959
1915
1965
1940
1951
1901
1949
1948
1975
1951
1947
1941
1962
1968
1973
1983
1955
1994
2002
2010
1979
2024
2005
2050
2019
2035
2012
2057
2039
2066
2030
2054
2039
2056
2041
2037
2033
2054
2043
2036
2033
2001
2020
2012
2028
2000
2018
2020
2059
2041
2067
2038
2076
2071
2096
2081
2085
2074
2109
2107
2111
2099
2118
2122
2136
2139
2115
2130
2128
2151
2134
2170
2130
2163
2161
2178
2153
2169
2155
2173
2169
2178
2170
2182
2192
2192
2186
2184
2195
2189
2210
2186
2188
2181
2208
2202
2221
2186
2216
2210
2234
2206
2218
2202
2224
2229
2230
2214
2224
2239
2226
2241
2205
2212
2214
2244
2212
2217
2199
2220
2207
2221
2179
2191
2185
2207
2177
2178
2163
2168
2159
2148
2128
2111
2123
2098
2099
2058
2068
2055
2062
2009
2016
1983
2003
1975
1988
1956
1986
1963
1996
1986
1983
1969
1975
1996
1999
1990
1975
1981
1981
1994
1981
1994
1985
2014
1988
2010
1971
1987
1966
2013
1972
1975
1949
1964
1978
1979
1958
1948
1951
1962
1958
1951
1950
1942
1990
1967
1992
1969
2016
1991
2023
1990
2009
1982
2037
1996
2019
2002
2006
2010
2017
1992
1980
1978
1999
1988
1937
1933
1902
1925
1889
1891
1860
1878
1852
1902
1852
1898
1868
1916
1897
1940
1925
1943
1953
1987
1965
1980
1974
1979
2007
1976
1987
1959
1995
1975
1979
1941
1974
1927
1992
1931
1962
1908
1967
1928
1950
1921
1930
1908
1936
1902
1921
1920
1891
1903
1900
1906
1879
1901
1894
1922
1881
1916
1863
1925
1900
1929
1876
1948
1922
1958
1937
1965
1953
1990
1958
1976
1978
1957
1978
1986
1990
1968
1984
1964
2017
1974
1995
1946
1997
1957
1983
1937
1962
1924
1963
1922
1939
1895
1947
1911
1921
1915
1905
1929
1952
1953
1938
1971
1937
1991
1961
2003
1976
2024
2001
2056
2016
2064
2031
2082
2058
2108
2066
2094
2099
2135
2126
2117
2123
2146
2137
2120
2143
2107
2151
2139
2157
2115
2145
2115
2165
2118
2152
2116
2175
2147
2181
2163
2178
2167
2185
2187
2192
2171
2203
2198
2189
2212
2168
2202
2202
2216
2184
2217
2174
2215
2185
2216
2166
2216
2182
2193
2168
2180
2143
2168
2148
2146
2111
2115
2141
2136
2141
2114
2133
2131
2152
2130
2174
2117
2179
2161
2206
2144
2181
2166
2205
2193
2204
2184
2215
2207
2223
2211
2194
2204
2195
2212
2180
2182
2167
2185
2141
2150
2083
2118
2075
2089
2016
2030
1973
2003
1980
1972
1934
1963
1960
1968
1963
1948
1958
1967
1987
1975
1972
1939
1983
1979
1956
1980
1983
2001
1981
1990
1956
1987
1956
1984
1941
1977
1949
1976
1931
1940
1906
1932
1884
1891
1844
1836
1837
1826
1826
1820
1834
1856
1869
1864
1902
1879
1940
1935
1973
1941
1993
1989
2036
2010
2039
2021
2058
2043
2057
2052
2034
2060
2072
2075
2052
2071
2069
2109
2083
2099
2079
2114
2106
2132
2098
2122
2095
2124
2113
2104
2070
2089
2082
2070
2051
2026
2015
2011
2010
1973
1981
1944
1964
1941
1946
1915
1934
1914
1938
1921
1939
1915
1947
1935
1944
1925
1942
1942
1942
1946
1928
1937
1935
1955
1939
1951
1914
1937
1920
1951
1922
1944
1930
1973
1965
1974
1948
1985
1981
2005
1983
1981
1979
1993
2003
1993
1998
1989
2016
2007
2032
1993
2008
2001
2038
2007
2016
2014
2043
2042
2049
2037
2055
2053
2080
2087
2072
2063
2080
2105
2089
2086
2080
2086
2075
2095
2057
2062
2036
2059
2012
2032
2004
1999
1988
1996
1961
1972
1958
1941
1958
1940
1941
1931
1962
1950
1949
1941
1961
1951
1985
1956
1970
1951
2002
2005
2034
2005
2008
2025
2063
2038
2049
2051
2053
2082
2083
2091
2071
2102
2103
2123
2106
2126
2109
2154
2127
2146
2112
2150
2143
2172
2149
2158
2148
2185
2154
2157
2144
2131
2159
2149
2126
2092
2101
2080
2114
2068
2080
2054
2087
2063
2074
2051
2072
2066
2099
2074
2092
2072
2121
2109
2115
2100
2087
2106
2112
2108
2103
2118
2095
2130
2104
2133
2098
2139
2109
2124
2076
2104
2067
2107
2059
2090
2056
2074
2075
2076
2067
2077
2076
2090
2081
2079
2100
2071
2101
2078
2099
2061
2098
2069
2117
2077
2104
2069
2124
2079
2108
2083
2085
2077
2092
2063
2071
2050
2062
2059
2037
2034
2003
2025
2006
2016
1979
2001
1938
1985
1931
1954
1893
1942
1908
1931
1892
1914
1881
1923
1892
1905
1877
1884
1918
1897
1913
1885
1905
1899
1907
1857
1896
1835
1893
1854
1890
1831
1876
1845
1870
1826
1830
1799
1839
1806
1810
1811
1799
1824
1820
1839
1821
1845
1855
1897
1861
1910
1863
1918
1897
1937
1883
1941
1915
1957
1930
1959
1919
1964
1952
1967
1967
1955
1969
1982
1989
1979
1982
1955
1995
1969
1997
1957
1995
1967
2009
1987
2013
1979
2030
2014
2035
1991
2028
2007
2024
2026
2017
2003
2018
2034
2024
2035
1991
2043
2036
2062
2018
2055
2039
2098
2079
2099
2054
2107
2102
2143
2103
2123
2113
2146
2141
2138
2120
2152
2164
2147
2168
2138
2165
2154
2171
2124
2140
2102
2147
2112
2135
2089
2129
2087
2113
2084
2085
2063
2091
2069
2074
2051
2074
2066
2067
2070
2051
2066
2051
2077
2049
2077
2037
2076
2051
2083
2042
2083
2056
2073
2057
2061
2037
2061
2038
2049
2033
2035
2051
2062
2071
2049
2063
2072
2093
2059
2093
2046
2087
2052
2079
2028
2055
2036
2076
2045
2072
2039
2073
2061
2075
2062
2059
2065
2080
2096
2079
2083
2096
2117
2111
2135
2105
2140
2130
2171
2128
2168
2123
2175
2156
2185
2140
2182
2165
2179
2178
2172
2165
2186
2196
2191
2185
2162
2206
2193
2216
2168
2194
2183
2213
2180
2212
2168
2203
2187
2205
2153
2162
2132
2139
2126
2107
2088
2090
2085
2066
2068
2024
2032
2016
2027
1977
2000
1979
2009
1993
2011
1981
1992
1985
2007
1982
1992
1990
1982
2002
1996
2008
1990
2006
1995
2039
2014
2051
2031
2074
2054
2077
2069
2079
2076
2116
2100
2121
2106
2138
2137
2133
2139
2134
2163
2166
2169
2148
2170
2154
2200
2170
2180
2151
2203
2187
2210
2173
2186
2182
2219
2202
2208
2195
2203
2232
2217
2220
2209
2241
2240
2242
2218
2234
2220
2262
2239
2247
2219
2272
2258
2279
2238
2254
2240
2271
2258
2265
2246
2236
2261
2257
2260
2245
2259
2258
2280
2241
2256
2222
2273
2251
2272
2232
2264
2257
2289
2260
2270
2244
2279
2258
2248
2231
2196
2197
2181
2182
2138
2130
2087
2099
2065
2076
2010
2024
1991
2001
1969
1971
1934
1951
1919
1927
1887
1901
1889
1894
1882
1867
1862
1868
1877
1850
1862
1819
1852
1848
1868
1819
1844
1824
1860
1835
1849
1823
1857
1852
1881
1859
1867
1881
1892
1908
1890
1905
1926
1959
1942
1972
1931
1979
1967
1998
1962
1997
1982
2041
2011
2036
2016
2068
2059
2088
2085
2085
2090
2109
2130
2125
2136
2135
2162
2151
2183
2146
2181
2165
2198
2168
2213
2186
2232
2208
2243
2218
2250
2230
2252
2259
2258
2252
2260
2275
2269
2268
2255
2296
2266
2308
2271
2302
2266
2324
2299
2323
2277
2315
2301
2332
2294
2325
2297
2310
2325
2319
2310
2311
2323
2324
2338
2285
2303
2291
2340
2298
2318
2270
2325
2306
2332
2278
2308
2287
2342
2292
2317
2288
2314
2314
2317
2285
2285
2304
2287
2314
2272
2292
2260
2296
2250
2266
2233
2266
2227
2261
2211
2239
2199
2249
2197
2210
2180
2203
2192
2205
2178
2183
2186
2165
2188
2164
2167
2132
2169
2138
2170
2116
2145
2103
2152
2103
2130
2085
2132
2118
2139
2109
2113
2103
2140
2113
2114
2112
2090
2113
2097
2110
2065
2085
2048
2082
2030
2055
2004
2059
2015
2029
1997
2008
1998
2032
2003
2016
2001
2035
2035
2017
2017
2005
2049
2043
2049
2031
2068
2050
2097
2060
2089
2055
2117
2091
2131
2106
2123
2118
2157
2141
2150
2133
2141
2166
2153
2149
2133
2157
2159
2157
2133
2163
2131
2174
2147
2180
2154
2202
2165
2204
2188
2208
2190
2224
2202
2217
2214
2193
2209
2208
2223
2205
2210
2206
2217
2180
2196
2164
2207
2182
2206
2173
2204
2197
2236
2220
2230
2215
2242
2242
2255
2263
2253
2264
2267
2275
2255
2253
2238
2279
2258
2278
2248
2284
2270
2288
2272
2278
2251
2284
2285
2288
2271
2281
2279
2280
2281
2260
2266
2271
2287
2272
2291
2252
2280
2256
2283
2246
2259
2248
2260
2250
2234
2211
2233
2228
2223
2209
2207
2220
2204
2215
2187
2192
2189
2205
2183
2191
2170
2192
2174
2195
2159
2178
2156
2167
2159
2155
2145
2149
2169
2157
2156
2127
2137
2133
2166
2148
2159
2141
2151
2136
2157
2122
2146
2135
2163
2133
2155
2131
2134
2146
2153
2151
2138
2152
2145
2173
2133
2151
2135
2182
2153
2167
2131
2160
2151
2188
2152
2183
2164
2200
2191
2196
2186
2183
2204
2220
2215
2204
2218
2191
2235
2213
2242
2204
2244
2233
2259
2224
2236
2213
2265
2246
2259
2223
2227
2245
2258
2239
2229
2241
2241
2253
2229
2250
2215
2256
2228
2256
2204
2250
2231
2264
2222
2248
2219
2254
2228
2245
2224
2218
2225
2223
2218
2206
2201
2204
2224
2191
2222
2174
2198
2171
2220
2169
2206
2168
2213
2180
2209
2174
2203
2174
2190
2185
2183
2182
2203
2218
2207
2208
2189
2226
2207
2243
2198
2229
2218
2255
2237
2275
2223
2272
2250
2278
2230
2274
2266
2288
2280
2271
2262
2277
2302
2286
2304
2260
2295
2276
2299
2262
2293
2266
2312
2281
2306
2263
2306
2285
2317
2248
2261
2246
2261
2257
2250
2233
2229
2226
2209
2214
2171
2191
2163
2195
2147
2167
2128
2169
2123
2154
2112
2135
2105
2143
2119
2129
2112
2122
2121
2125
2121
2122
2122
2112
2136
2101
2120
2094
2140
2117
2151
2103
2141
2117
2156
2113
2142
2114
2131
2139
2137
2119
2134
2137
2157
2143
2129
2133
2119
2161
2123
2133
2111
2146
2131
2165
2117
2144
2118
2158
2118
2150
2118
2133
2125
2134
2115
2106
2103
2122
2130
2099
2106
2080
2121
2098
2105
2084
2108
2082
2114
2074
2087
2065
2107
2061
2069
2034
2049
2050
2064
2029
2040
2045
2031
2060
2035
2043
2024
2056
2044
2052
2030
2038
2021
2070
2028
2039
2008
2059
2038
2042
2023
2030
2027
2047
2043
2039
2036
2030
2067
2051
2068
2048
2081
2084
2112
2096
2109
2090
2125
2107
2127
2095
2121
2126
2140
2136
2125
2127
2145
2142
2139
2136
2107
2132
2125
2127
2098
2118
2108
2133
2103
2116
2087
2123
2106
2112
2088
2077
2078
2099
2092
2079
2072
2092
2089
2070
2081
2057
2095
2084
2099
2070
2083
2068
2107
2099
2107
2077
2111
2088
2093
2091
2071
2071
2077
2086
2074
2072
2046
2089
2078
2085
2053
2069
2062
2088
2059
2083
2056
2082
2063
2069
2050
2059
2055
2059
2052
2032
2027
2034
2041
2021
2024
1985
2007
1992
2017
1980
1994
1968
1994
1970
1983
1953
1969
1944
1950
1917
1922
1914
1909
1917
1909
1897
1891
1911
1896
1920
1882
1899
1890
1935
1896
1933
1920
1952
1941
1965
1935
1961
1955
1996
1984
1978
1980
1991
2050
2023
2048
2068
2089
2098
2062
2088
2078
2115
2093
2120
2072
2130
2112
2156
2105
2153
2129
2182
2170
2175
2145
2188
2197
2204
2177
2187
2186
2175
2191
2152
2165
2145
2191
2148
2166
2114
2151
2111
2142
2089
2123
2082
2099
2082
2074
2034
2030
2013
2015
1982
1959
1955
1934
1961
1929
1930
1898
1930
1889
1933
1877
1919
1889
1945
1897
1931
1889
1912
1894
1905
1867
1874
1853
1885
1865
1832
1846
1817
1852
1832
1842
1815
1857
1831
1890
1832
1864
1832
1899
1860
1894
1853
1878
1868
1897
1875
1889
1875
1878
1915
1889
1887
1851
1890
1875
1875
1823
1857
1825
1874
1820
1849
1809
1857
1833
1863
1827
1842
1829
1859
1822
1838
1836
1815
1844
1840
1860
1843
1876
1875
1930
1899
1939
1898
1960
1956
1999
1963
1985
1989
2026
2027
2039
2031
2056
2071
2070
2087
2060
2102
2103
2130
2104
2117
2102
2152
2138
2165
2133
2170
2170
2196
2179
2183
2169
2196
2197
2205
2191
2203
2202
2205
2218
2182
2193
2190
2213
2173
2201
2163
2204
2190
2207
2171
2188
2181
2211
2207
2194
2185
2210
2221
2214
2197
2190
2212
2202
2219
2192
2205
2193
2231
2204
2215
2188
2222
2210
2231
2202
2223
2209
2233
2233
2232
2227
2225
2250
2234
2255
2226
2242
2240
2273
2245
2260
2237
2272
2270
2287
2268
2284
2269
2297
2273
2286
2287
2293
2296
2291
2284
2275
2297
2276
2317
2274
2291
2274
2308
2278
2298
2283
2288
2293
2317
2292
2291
2276
2306
2297
2292
2287
2269
2303
2299
2304
2267
2279
2264
2308
2260
2273
2239
2280
2233
2253
2222
2206
2193
2214
2191
2190
2171
2175
2202
2182
2182
2155
2176
2175
2187
2157
2177
2147
2199
2157
2188
2154
2204
2191
2205
2179
2184
2180
2215
2187
2204
2206
2183
2198
2182
2191
2164
2195
2188
2204
2154
2181
2145
2195
2151
2185
2135
2172
2152
2180
2158
2179
2159
2198
2184
2192
2197
2163
2193
2202
2216
2177
2205
2187
2229
2181
2229
2173
2228
2203
2257
2226
2240
2229
2274
2250
2271
2233
2270
2259
2262
2259
2239
2268
2261
2269
2238
2255
2194
2265
2229
2252
2192
2232
2202
2245
2203
2213
2167
2215
2186
2193
2141
2153
2171
2157
2158
2127
2130
2125
2135
2100
2125
2066
2120
2084
2118
2060
2106
2079
2116
2073
2099
2063
2100
2077
2095
2075
2063
2077
2075
2081
2055
2058
2071
2092
2052
2085
2035
2070
2046
2084
2030
2086
2041
2093
2066
2101
2072
2112
2085
2103
2111
2098
2113
2128
2149
2137
2148
2113
2158
2136
2176
2136
2165
2143
2194
2170
2195
2148
2195
2177
2209
2170
2195
2168
2198
2174
2157
2144
2167
2141
2124
2117
2075
2094
2076
2058
2018
2019
2002
2017
1958
1969
1917
1954
1921
1942
1894
1919
1913
1948
1932
1938
1930
1961
1956
1947
1952
1927
1954
1951
1962
1932
1949
1937
1983
1954
1973
1942
1986
1971
1986
1977
1994
1984
2006
1990
1992
1965
1983
1983
1968
1973
1945
1954
1939
1943
1916
1934
1903
1933
1913
1929
1903
1929
1902
1912
1896
1888
1864
1870
1882
1863
1840
1832
1835
1837
1842
1816
1831
1815
1836
1832
1847
1821
1842
1841
1872
1854
1861
1863
1880
1890
1874
1880
1880
1903
1895
1912
1882
1902
1889
1925
1895
1914
1896
1943
1942
1953
1924
1932
1938
1967
1951
1958
1966
1967
2003
1993
1998
1979
2018
1997
2040
2000
2018
2013
2067
2027
2049
2042
2074
2071
2091
2074
2081
2077
2107
2120
2094
2093
2080
2111
2090
2096
2061
2068
2042
2073
2035
2062
2023
2054
2015
2055
2027
2030
2030
2054
2035
2051
2033
2029
2060
2041
2075
2044
2074
2061
2082
2049
2087
2061
2112
2078
2106
2068
2118
2094
2117
2095
2088
2074
2094
2083
2075
2090
2042
2074
2056
2080
2035
2074
2065
2100
2076
2096
2055
2095
2087
2119
2081
2095
2092
2109
2107
2102
2091
2097
2104
2087
2120
2068
2092
2071
2097
2049
2073
2036
2087
2057
2083
2034
2079
2054
2083
2068
2071
2051
2064
2082
2077
2072
2070
2099
2080
2101
2068
2104
2082
2118
2076
2098
2055
2101
2066
2087
2028
2047
2003
2013
1985
1982
1951
1949
1949
1941
1915
1889
1926
1911
1938
1905
1934
1918
1974
1945
1995
1952
1983
1955
2002
1963
1995
1977
1997
2008
2015
2003
2012
2031
2036
2062
2024
2044
2042
2074
2045
2066
2040
2078
2061
2092
2045
2079
2044
2082
2043
2053
2024
2050
2057
2059
2031
2029
2040
2025
2049
2003
2028
2007
2059
2024
2029
1997
2034
2014
2051
2010
2048
2031
2082
2066
2072
2054
2072
2086
2089
2074
2098
2108
2117
2145
2113
2131
2116
2156
2124
2158
2119
2138
2116
2145
2104
2126
2086
2092
2084
2078
2062
2061
2066
2074
2071
2038
2046
2022
2052
2028
2038
1991
2025
1991
2027
1992
2019
1991
2042
2015
2034
2009
2007
2012
2019
2003
2001
2002
2028
2043
2023
2036
2019
2065
2049
2074
2040
2081
2081
2126
2086
2112
2092
2140
2116
2139
2124
2118
2141
2164
2150
2138
2135
2137
5835
1926
1937
1953
1955
1954
1952
1959
1959
1971
1987
1994
1995
1989
2008
2016
2029
2034
2037
2041
2057
2049
2059
2069
2089
2081
2076
2088
2101
2097
2106
2111
2109
2114
2122
2119
2125
2130
2128
2122
2134
2130
2130
2144
2139
2144
2141
2138
2148
2149
2155
2160
2156
2152
2145
2147
2148
2149
2153
2149
2156
2145
2142
2144
2148
2153
2146
2141
2139
2151
2150
2159
2156
2145
2153
2151
2145
2149
2145
2143
2141
2139
2147
2144
2142
2147
2154
2155
2145
2141
2140
2150
2139
2145
2147
2154
2154
2145
2142
2149
2139
2143
2139
2144
2145
2136
2120
2136
2140
2126
2119
2126
2115
2114
2116
2108
2115
2108
2113
2105
2092
2095
2091
2088
2081
2066
2056
2035
2027
2015
2007
1986
1978
1965
1950
1931
1931
1922
1919
1902
1906
1897
1891
1891
1891
1877
1870
1864
1861
1872
1878
1876
1855
1869
1890
1889
1892
1904
1911
1909
1920
1918
1928
1937
1937
1948
1954
1946
1948
1963
1966
1972
1966
1973
1977
1971
1964
1969
1963
1960
1949
1945
1946
1947
1941
1944
1938
1925
1912
1913
1900
1899
1898
1887
1875
1859
1847
1840
1834
1830
1810
1807
1801
1794
1793
1775
1780
1777
1775
1770
1766
1769
1769
1773
1779
1781
1801
1812
1814
1827
1841
1839
1840
1855
1864
1863
1868
1879
1890
1888
1891
1895
1894
1903
1894
1902
1906
1909
1915
1932
1929
1935
1946
1958
1966
1976
1987
1994
1990
2007
2016
2025
2023
2024
2019
2024
2027
2037
2025
2025
2044
2035
2036
2035
2042
2039
2045
2054
2064
2064
2065
2068
2069
2072
2082
2082
2084
2068
2078
2085
2091
2079
2076
2071
2073
2057
2058
2045
2043
2036
2042
2035
2027
2019
2013
2019
2021
2024
2024
2018
2024
2027
2029
2027
2020
2021
2030
2035
2027
2030
2034
2045
2047
2044
2042
2050
2056
2054
2064
2069
2073
2079
2076
2072
2072
2087
2087
2088
2074
2073
2074
2072
2074
2067
2059
2057
2053
2038
2027
2024
2017
2005
2000
1991
1996
1986
1982
1973
1968
1956
1951
1952
1937
1935
1935
1939
1935
1928
1927
1925
1929
1926
1924
1934
1929
1920
1924
1933
1926
1924
1928
1934
1936
1940
1943
1953
1956
1969
1969
1968
1975
1993
1992
2001
1997
2000
2004
2016
2014
2014
2009
2019
2011
2012
2014
2003
1997
1992
1991
1991
1990
1987
1996
1990
1991
1991
1999
1999
2004
2006
2008
1989
1993
2003
2011
2009
2009
2010
2005
2021
2026
2018
2017
2015
2026
2031
2036
2031
2031
2045
2037
2043
2045
2044
2044
2049
2052
2047
2048
2050
2045
2050
2043
2049
2045
2046
2030
2034
2023
2030
2033
2035
2020
2010
1999
2001
1996
1992
1995
1983
1977
1969
1949
1939
1932
1933
1930
1930
1928
1918
1919
1925
1925
1929
1932
1933
1943
1939
1949
1951
1954
1955
1974
1966
1979
1987
1993
1987
1991
1996
2005
2022
2033
2029
2038
2051
2052
2063
2063
2078
2081
2085
2082
2093
2085
2094
2093
2098
2098
2092
2099
2102
2094
2100
2111
2108
2102
2103
2109
2115
2118
2123
2113
2108
2111
2127
2109
2110
2113
2112
2104
2105
2105
2096
2091
2093
2089
2098
2089
2091
2088
2083
2091
2081
2077
2075
2071
2078
2088
2092
2081
2080
2083
2088
2090
2096
2103
2090
2092
2096
2108
2101
2103
2094
2108
2102
2106
2100
2099
2103
2106
2114
2119
2125
2122
2126
2125
2134
2141
2135
2137
2145
2137
2130
2128
2136
2137
2130
2123
2128
2116
2129
2120
2121
2111
2115
2115
2101
2103
2105
2111
2103
2106
2118
2122
2109
2118
2118
2120
2136
2153
2143
2143
2145
2152
2151
2150
2153
2160
2162
2160
2160
2160
2167
2169
2174
2164
2168
2180
2183
2188
2186
2185
2184
2189
2198
2200
2201
2198
2203
2205
2203
2204
2201
2199
2203
2202
2205
2203
2206
2197
2202
2198
2202
2194
2200
2200
2190
2197
2196
2194
2193
2194
2185
2189
2195
2195
2193
2194
2176
2179
2192
2192
2183
2176
2182
2189
2186
2194
2184
2181
2183
2191
2187
2175
2168
2184
2187
2192
2187
2182
2176
2174
2165
2162
2157
2156
2152
2133
2119
2106
2100
2080
2062
2048
2039
2015
2006
1980
1968
1957
1949
1937
1937
1929
1925
1928
1922
1934
1933
1939
1949
1961
1974
1985
1984
1992
1998
2005
2011
2019
2028
2033
2038
2043
2052
2067
2072
2075
2079
2079
2085
2091
2095
2097
2106
2125
2119
2122
2122
2120
2115
2123
2124
2127
2113
2122
2130
2122
2132
2123
2129
2132
2119
2116
2104
2112
2114
2105
2111
2106
2115
2115
2104
2106
2103
2113
2118
2119
2118
2126
2126
2128
2143
2143
2137
2145
2146
2150
2142
2152
2168
2172
2167
2174
2167
2171
2166
2166
2174
2181
2186
2186
2202
2194
2193
2195
2195
2206
2209
2204
2199
2206
2218
2208
2206
2196
2197
2194
2205
2198
2198
2199
2203
2195
2188
2178
2181
2168
2170
2165
2153
2147
2141
2130
2121
2119
2109
2100
2097
2096
2091
2088
2091
2092
2083
2076
2071
2078
2082
2090
2084
2079
2076
2081
2083
2085
2085
2074
2062
2056
2057
2057
2061
2046
2044
2042
2046
2040
2037
2040
2040
2048
2067
2065
2067
2071
2069
2075
2092
2093
2092
2101
2112
2104
2108
2108
2117
2121
2116
2108
2109
2108
2109
2102
2104
2111
2095
2102
2096
2107
2100
2094
2080
2084
2074
2061
2046
2045
2044
2037
2033
2022
2009
1997
1979
1971
1966
1951
1943
1928
1915
1889
1883
1880
1868
1860
1858
1855
1855
1847
1845
1844
1837
1850
1855
1859
1858
1863
1880
1887
1875
1885
1889
1899
1903
1917
1925
1927
1941
1949
1954
1970
1972
1981
1973
1984
1991
1995
2008
2015
2021
2015
2022
2016
2018
2021
2012
2020
2021
2011
2034
2025
2024
2029
2027
2032
2041
2049
2047
2050
2057
2059
2066
2075
2084
2083
2087
2090
2087
2093
2096
2111
2113
2109
2115
2116
2111
2101
2105
2108
2105
2098
2096
2094
2095
2091
2101
2098
2110
2111
2098
2100
2097
2099
2104
2107
2110
2108
2097
2090
2095
2105
2102
2101
2103
2100
2100
2102
2100
2101
2102
2108
2100
2103
2106
2097
2100
2107
2121
2114
2118
2121
2120
2125
2120
2113
2120
2122
2132
2133
2127
2121
2121
2127
2128
2145
2138
2132
2137
2132
2127
2136
2132
2136
2141
2141
2149
2157
2160
2158
2157
2162
2163
2158
2172
2169
2168
2168
2169
2184
2184
2179
2181
2179
2176
2181
2174
2183
2180
2187
2184
2180
2182
2189
2179
2178
2178
2174
2171
2168
2164
2161
2167
2157
2162
2157
2158
2156
2138
2128
2130
2139
2139
2131
2135
2123
2119
2124
2123
2115
2116
2115
2111
2102
2096
2094
2089
2085
2076
2061
2045
2034
2018
2019
2006
1995
1990
1978
1969
1969
1964
1969
1971
1971
1974
1979
1969
1981
1991
1997
1992
2001
1999
1999
2008
2008
2003
2002
2008
2015
2021
2018
2005
2001
2006
2010
2024
2028
2027
2026
2025
2031
2037
2029
2033
2034
2050
2043
2042
2048
2052
2043
2039
2052
2057
2072
2056
2064
2065
2073
2073
2074
2071
2077
2074
2074
2074
2073
2066
2067
2064
2060
2042
2046
2046
2032
2037
2031
2025
2025
2030
2033
2042
2045
2051
2049
2054
2045
2062
2065
2071
2065
2074
2075
2081
2086
2085
2078
2069
2058
2056
2063
2056
2051
2047
2051
2041
2039
2043
2043
2034
2033
2039
2043
2031
2044
2052
2056
2046
2049
2056
2052
2062
2064
2053
2063
2066
2067
2062
2069
2066
2057
2051
2055
2046
2029
2036
2031
2022
2008
1998
1987
1991
1975
1969
1975
1979
1971
1980
1977
1986
1990
1995
1995
1992
1988
1997
2003
2002
1996
2002
1996
1986
1992
1988
1995
1992
1986
1976
1970
1968
1960
1940
1932
1923
1918
1897
1888
1880
1878
1871
1874
1859
1852
1847
1838
1843
1848
1849
1842
1846
1854
1843
1838
1845
1841
1849
1853
1850
1855
1878
1867
1876
1893
1903
1905
1913
1921
1934
1937
1946
1954
1963
1967
1972
1979
1988
1994
2003
2010
2021
2032
2033
2037
2051
2066
2070
2078
2084
2088
2087
2096
2100
2108
2109
2118
2117
2115
2117
2112
2109
2097
2092
2097
2099
2085
2079
2062
2065
2049
2049
2040
2040
2043
2040
2038
2040
2041
2038
2041
2043
2039
2032
2043
2037
2049
2047
2053
2055
2054
2054
2050
2069
2074
2076
2075
2075
2086
2090
2096
2103
2107
2090
2090
2091
2097
2092
2084
2081
2080
2068
2055
2051
2048
2042
2030
2033
2018
2022
2008
2003
1997
1993
1992
1990
1985
1981
1983
1979
1977
1971
1966
1963
1973
1965
1974
1962
1951
1953
1950
1939
1929
1916
1916
1918
1917
1909
1906
1917
1941
1934
1933
1939
1939
1948
1950
1946
1945
1946
1942
1939
1946
1942
1935
1936
1936
1925
1928
1929
1927
1930
1945
1946
1951
1959
1960
1972
1980
1982
1992
1998
1992
1999
2009
2003
2009
2009
2010
2019
2024
2026
2022
2019
2025
2022
2023
2027
2029
2022
2024
2021
2012
2020
2016
2020
2012
2004
1989
1997
1994
1993
1990
1988
1986
1990
1984
1986
1986
1995
1994
2005
1988
1990
1988
1982
1987
1986
1985
1977
1980
1976
1984
1991
1987
1982
1993
1991
1983
1983
1992
1982
1983
1983
1969
1961
1968
1964
1962
1952
1939
1938
1929
1916
1912
1900
1890
1887
1884
1874
1873
1867
1862
1852
1848
1830
1820
1805
1787
1774
1760
1748
1731
1713
1701
1673
1655
1641
1614
1597
1577
1562
1554
1543
1521
1505
1499
1498
1502
1513
1516
1528
1537
1564
1572
1578
1593
1610
1620
1649
1669
1689
1699
1718
1734
1750
1761
1769
1778
1778
1791
1802
1818
1827
1831
1832
1846
1860
1869
1869
1881
1879
1892
1897
1906
1902
1907
1903
1908
1916
1925
1928
1936
1932
1941
1939
1935
1939
1950
1948
1954
1960
1950
1964
1971
1975
1974
1973
1969
1977
1968
1966
1961
1966
1954
1955
1964
1971
1959
1959
1959
1974
1975
1983
1993
1989
2008
2004
2012
2016
2017
2027
2035
2042
2050
2051
2059
2056
2073
2080
2076
2085
2095
2098
2097
2103
2103
2112
2118
2118
2124
2129
2132
2133
2134
2142
2145
2140
2139
2150
2149
2154
2144
2143
2137
2131
2134
2130
2126
2119
2120
2102
2090
2087
2079
2076
2072
2054
2048
2046
2045
2033
2034
2033
2037
2029
2026
2028
2027
2010
2010
1999
2013
2004
1997
1999
2005
2016
2013
2022
2025
2027
2023
2022
2026
2031
2031
2019
2008
1999
1980
1971
1962
1947
1934
1936
1929
1916
1893
1897
1889
1879
1873
1869
1875
1880
1883
1896
1892
1900
1904
1924
1945
1946
1952
1966
1982
1987
1991
1992
1995
2001
2015
2026
2027
2039
2043
2039
2043
2041
2046
2051
2047
2042
2038
2037
2030
2029
2025
2028
2029
2018
2009
2010
2006
2012
2008
2004
2006
2009
2017
2015
2012
2032
2025
2011
2027
2034
2030
2034
2040
2040
2050
2057
2056
2066
2066
2063
2074
2086
2086
2089
2095
2097
2095
2095
2090
2096
2102
2110
2104
2100
2095
2093
2088
2081
2071
2068
2060
2052
2053
2050
2048
2041
2032
2031
2028
2023
2023
2019
2014
2004
1994
1987
1968
1957
1949
1931
1932
1923
1913
1909
1897
1901
1909
1910
1914
1927
1934
1929
1921
1934
1945
1955
1965
1971
1971
1977
1983
1986
1992
1991
1998
2004
2009
2022
2032
2039
2042
2048
2064
2066
2076
2068
2065
2061
2075
2070
2074
2074
2077
2074
2075
2084
2075
2080
2085
2091
2094
2097
2098
2093
2087
2099
2088
2087
2084
2077
2071
2070
2061
2056
2056
2052
2035
2039
2040
2031
2029
2035
2036
2039
2048
2054
2067
2070
2078
2067
2077
2089
2097
2094
2098
2108
2109
2105
2107
2114
2122
2124
2122
2119
2126
2120
2128
2120
2112
2113
2123
2116
2119
2121
2115
2122
2131
2136
2139
2139
2147
2143
2141
2143
2141
2138
2141
2150
2158
2150
2153
2154
2150
2156
2157
2166
2171
2166
2169
2173
2174
2182
2182
2179
2180
2176
2174
2163
2170
2171
2174
2163
2165
2154
2159
2149
2150
2154
2148
2142
2137
2135
2130
2133
2139
2148
2139
2143
2137
2140
2134
2142
2146
2144
2144
2150
2148
2143
2141
2144
2156
2154
2147
2156
2159
2149
2143
2140
2145
2147
2160
2129
2120
2132
2134
2152
2145
2146
2141
2150
2154
2154
2158
2155
2150
2159
2172
2169
2175
2172
2179
2180
2179
2187
2182
2183
2193
2188
2189
2168
2159
2154
2160
2156
2155
2146
2131
2132
2130
2123
2113
2102
2093
2085
2072
2068
2069
2064
2059
2051
2051
2045
2035
2044
2034
2052
2043
2035
2028
2026
2026
2032
2030
2019
2017
2009
2003
2000
2000
1999
1994
1997
1989
1988
1995
1991
1992
1983
1985
1976
1985
1984
1984
1980
1979
1989
1981
1969
1978
1971
1974
1960
1950
1943
1939
1923
1911
1892
1884
1873
1860
1840
1837
1821
1816
1814
1798
1806
1810
1813
1804
1820
1831
1840
1829
1847
1866
1874
1880
1890
1891
1902
1902
1917
1929
1938
1945
1955
1961
1971
1988
2004
1995
2015
2018
2033
2032
2043
2046
2055
2069
2080
2083
2085
2089
2096
2099
2097
2110
2120
2123
2117
2129
2138
2129
2134
2135
2146
2157
2155
2163
2167
2167
2159
2161
2167
2179
2183
2195
2183
2183
2177
2178
2185
2179
2179
2180
2188
2184
2192
2192
2199
2198
2201
2195
2187
2195
2192
2194
2197
2197
2198
2199
2191
2197
2203
2208
2197
2207
2201
2211
2200
2200
2200
2203
2207
2207
2203
2208
2202
2204
2192
2191
2192
2196
2201
2200
2196
2199
2200
2186
2176
2179
2185
2193
2192
2184
2192
2192
2197
2204
2200
2193
2200
2188
2194
2189
2184
2192
2197
2207
2208
2214
2206
2202
2196
2204
2200
2213
2209
2209
2205
2205
2206
2205
2202
2204
2211
2204
2202
2206
2209
2211
2206
2208
2206
2201
2198
2203
2210
2203
2206
2199
2196
2183
2187
2183
2175
2160
2165
2165
2160
2144
2141
2131
2139
2137
2131
2125
2118
2120
2118
2121
2124
2135
2130
2130
2128
2135
2132
2133
2128
2131
2118
2113
2116
2115
2116
2102
2100
2104
2095
2091
2087
2092
2085
2082
2084
2089
2087
2086
2079
2077
2069
2068
2073
2073
2081
2084
2090
2083
2088
2085
2087
2086
2096
2091
2096
2100
2086
2092
2098
2095
2086
2083
2080
2075
2063
2058
2052
2051
2038
2036
2019
2015
2018
2012
2003
1999
1982
1976
1967
1956
1953
1947
1933
1935
1936
1931
1919
1915
1917
1922
1932
1935
1950
1960
1965
1973
1974
1974
1972
1971
1983
1979
1974
1963
1972
1969
1977
1977
1968
1966
1952
1951
1950
1949
1950
1963
1966
1966
1961
1978
1988
1994
1992
1998
2013
2010
2014
2010
2014
2020
2019
2018
2017
2017
2022
2013
2005
2003
2002
1998
2000
1982
1975
1970
1958
1955
1951
1943
1939
1937
1929
1938
1936
1948
1944
1941
1941
1941
1952
1960
1963
1964
1973
1974
1981
1990
1995
1994
2003
1999
2003
2004
2001
2010
2023
2018
2022
2022
2032
2042
2043
2050
2048
2038
2040
2046
2058
2069
2079
2072
2061
2069
2059
2066
2071
2068
2054
2050
2035
2027
2015
2029
2012
2016
2015
2011
1994
2001
1990
1992
1984
1978
1983
1980
1970
1984
1981
1977
1970
1973
1973
1968
1968
1967
1963
1962
1972
1962
1963
1971
1973
1971
1980
1982
1979
1983
1986
1994
2000
1996
2003
2010
2016
2015
2014
2014
2008
2011
2001
1992
1985
1993
1992
1991
1989
1985
1983
1983
1980
1979
1961
1960
1954
1957
1958
1955
1948
1951
1954
1956
1955
1951
1953
1957
1958
1961
1971
1982
1979
1982
1983
1981
1999
2002
2007
2000
2016
2024
2033
2040
2035
2045
2049
2055
2071
2059
2062
2072
2076
2078
2078
2088
2094
2101
2097
2093
2082
2089
2084
2087
2079
2088
2078
2079
2079
2077
2069
2068
2079
2074
2072
2076
2084
2082
2089
2084
2072
2080
2076
2078
2092
2084
2075
2068
2082
2078
2071
2072
2084
2074
2069
2063
2081
2083
2077
2064
2068
2072
2065
2049
2058
2065
2051
2059
2050
2061
2060
2060
2057
2065
2060
2056
2060
2063
2066
2067
2065
2073
2065
2068
2073
2074
2066
2068
2065
2071
2086
2072
2079
2078
2076
2072
2075
2070
2069
2075
2071
2051
2051
2053
2053
2054
2055
2053
2058
2063
2054
2058
2059
2059
2068
2069
2064
2058
2055
2052
2059
2055
2040
2037
2040
2045
2035
2036
2032
2030
2022
2027
2035
2023
2008
2004
2001
1999
1987
1983
1975
1967
1968
1959
1952
1950
1946
1950
1950
1953
1959
1961
1960
1977
1962
1971
1971
1979
1986
1986
1987
1998
1994
2000
2010
2008
2028
2030
2019
2031
2024
2029
2033
2034
2031
2030
2027
2019
2020
2016
2020
2006
2004
1996
1996
1991
1994
1999
2004
2002
2008
2009
2008
2007
2010
2009
2006
1997
2012
2008
1993
1999
1999
1999
2003
1999
1995
1989
1979
1969
1967
1974
1976
1971
1969
1969
1958
1946
1934
1936
1940
1942
1927
1918
1909
1902
1910
1916
1925
1939
1931
1933
1953
1945
1950
1957
1976
1974
1979
1981
1988
1994
1990
1991
2006
2000
1999
2009
2012
2006
2012
2014
2014
2024
2027
2032
2039
2042
2048
2053
2051
2064
2065
2068
2073
2082
2083
2078
2078
2079
2082
2076
2083
2069
2058
2050
2050
2052
2064
2038
2039
2028
2026
2031
2034
2033
2041
2044
2042
2040
2039
2049
2047
2056
2051
2059
2066
2067
2078
2068
2058
2067
2070
2062
2060
2065
2066
2061
2056
2062
2065
2065
2068
2066
2070
2066
2066
2064
2066
2051
2032
2017
2007
1992
1987
1981
1963
1945
1935
1910
1889
1872
1857
1831
1819
1803
1770
1759
1753
1736
1737
1739
1753
1759
1771
1779
1793
1805
1823
1828
1838
1849
1862
1872
1881
1888
1887
1900
1920
1933
1926
1945
1958
1972
1975
1978
1986
2007
2029
2033
2039
2043
2046
2051
2062
2065
2069
2078
2074
2064
2068
2074
2079
2081
2077
2079
2064
2065
2063
2063
2062
2053
2059
2055
2054
2062
2064
2059
2058
2060
2057
2060
2060
2065
2068
2071
2074
2071
2081
2089
2089
2091
2086
2096
2101
2117
2100
2104
2111
2116
2119
2122
2120
2125
2134
2148
2148
2146
2144
2154
2149
2161
2180
2174
2172
2176
2183
2181
2181
2172
2180
2172
2164
2158
2148
2163
2167
2150
2138
2135
2122
2119
2120
2115
2111
2109
2104
2104
2096
2092
2081
2084
2072
2072
2063
2063
2059
2072
2059
2057
2064
2054
2051
2052
2047
2045
2052
2044
2046
2039
2037
2043
2038
2033
2029
2031
2044
2038
2051
2054
2057
2054
2058
2060
2063
2050
2056
2058
2055
2058
2051
2048
2051
2047
2046
2037
2026
2031
2032
2028
2021
2025
2027
2037
2027
2033
2044
2044
2052
2062
2059
2061
2057
2072
2083
2084
2073
2076
2091
2093
2084
2087
2099
2106
2099
2096
2105
2103
2108
2106
2116
2110
2113
2122
2134
2138
2140
2147
2154
2157
2160
2149
2154
2168
2164
2166
2173
2184
2189
2182
2176
2184
2183
2185
2185
2189
2198
2200
2200
2201
2198
2204
2202
2205
2201
2205
2217
2218
2214
2207
2212
2211
2206
2197
2202
2206
2204
2196
2186
2192
2180
2171
2173
2180
2170
2167
2162
2167
2164
2156
2144
2136
2130
2121
2110
2102
2087
2071
2063
2055
2042
2033
2034
2039
2031
2027
2026
2022
2022
2013
2011
2005
2009
2025
2022
2020
2018
2015
2014
2017
2010
2007
2005
2006
2008
2009
1999
1998
1997
2005
1989
1990
1983
1986
1985
1986
1985
1987
1998
1990
1988
1985
2000
2006
2000
2008
2009
2005
2003
2008
2015
2012
2011
2005
2004
1999
2000
1996
2001
1997
1990
1976
1970
1953
1939
1931
1923
1901
1901
1888
1891
1890
1883
1880
1879
1883
1880
1882
1890
1905
1921
1937
1935
1945
1937
1951
1964
1970
1973
1981
1976
1981
1979
1986
2006
1996
1994
1999
2003
1997
1986
2006
1998
1983
1977
1969
1963
1959
1947
1936
1940
1935
1919
1913
1916
1909
1901
1896
1895
1897
1890
1890
1886
1889
1896
1900
1898
1908
1907
1912
1927
1933
1933
1953
1960
1963
1961
1967
1979
1986
1979
1982
1981
1993
1997
1999
1995
1991
1987
1983
1992
1974
1970
1963
1957
1952
1951
1944
1941
1947
1941
1937
1942
1939
1969
1965
1971
1967
1981
1984
1999
1995
1997
2008
2021
2021
2018
2023
2037
2035
2046
2062
2067
2072
2074
2081
2078
2088
2091
2095
2088
2094
2090
2094
2080
2081
2080
2088
2092
2095
2097
2110
2111
2120
2121
2121
2127
2126
2131
2128
2131
2140
2154
2151
2146
2158
2156
2158
2162
2155
2164
2167
2170
2173
2174
2176
2180
2173
2165
2164
2162
2155
2141
2145
2144
2143
2139
2130
2108
2121
2115
2117
2110
2110
2120
2115
2116
2113
2117
2120
2128
2129
2132
2139
2148
2155
2155
2158
2163
2167
2178
2174
2180
2169
2172
2174
2178
2171
2165
2164
2158
2141
2132
2116
2107
2088
2077
2053
2036
2033
1987
1980
1976
1984
1985
1984
1978
1976
1979
1984
1978
1987
1981
1983
1982
1983
1975
1966
1978
1974
1974
1967
1964
1959
1968
1963
1959
1951
1957
1945
1939
1935
1921
1917
1909
1891
1886
1876
1860
1869
1859
1869
1875
1889
1889
1890
1911
1928
1941
1956
1969
1982
1982
1994
1994
2010
2010
2007
2018
2029
2027
2035
2035
2024
2037
2044
2042
2040
2055
2068
2074
2072
2083
2084
2101
2101
2103
2107
2107
2101
2104
2110
2100
2098
2100
2099
2097
2095
2075
2068
2059
2048
2034
2031
2025
2031
2015
2012
2013
2011
2007
2005
2003
2001
1993
1992
1995
1999
1980
1983
1988
1988
1987
1992
1995
1984
1982
1973
1972
1964
1963
1960
1953
1958
1964
1961
1961
1968
1972
1966
1966
1976
1981
1983
1995
2005
1996
1995
2004
1997
2005
1998
2017
2010
2001
2003
1999
1997
2003
2004
2010
2007
2016
2031
2032
2032
2031
2029
2027
2035
2041
2036
2049
2056
2054
2055
2062
2056
2052
2054
2050
2046
2052
2043
2037
2021
2009
1998
2000
1991
1977
1975
1974
1979
1972
1971
1984
1980
1979
1978
1978
1981
1982
1994
1993
1993
1997
1997
1989
1998
1993
1999
1997
1997
1997
2006
2003
2016
2016
2023
2031
2026
2027
2024
2040
2048
2042
2054
2062
2067
2058
2068
2075
2070
2058
2064
2075
2081
2082
2078
2064
2066
2066
2063
2064
2052
2050
2046
2041
2027
2032
2029
2020
2016
2008
2009
2010
2006
2011
2014
2023
2030
2033
2026
2027
2028
2036
2030
2035
2046
2058
2057
2064
2067
2065
2064
2072
2067
2070
2069
2066
2060
2060
2067
2051
2049
2041
2040
2030
2040
2039
2048
2046
2056
2058
2068
2064
2061
2071
2086
2084
2089
2092
2099
2096
2103
2104
2104
2112
2105
2111
2111
2117
2112
2113
2101
2115
2116
2107
2091
2096
2090
2093
2088
2089
2077
2079
2078
2070
2061
2056
2047
2042
2042
2042
2036
2019
2031
2022
2024
2017
2017
2019
2010
2002
1999
1990
1989
1977
1974
1975
1972
1962
1949
1935
1932
1942
1939
1924
1915
1901
1893
1891
1882
1871
1873
1870
1870
1863
1862
1867
1870
1876
1881
1890
1886
1887
1895
1910
1913
1931
1939
1939
1938
1955
1964
1960
1964
1960
1963
1972
1967
1962
1975
1970
1972
1978
1978
1970
1973
1967
1972
1975
1973
1973
1974
1978
1977
1995
1991
1994
1995
1997
2003
2005
2011
2010
2011
2017
2021
2025
2026
2024
2021
2024
2023
2025
2024
2022
2019
2024
2035
2045
2050
2059
2054
2056
2063
2072
2085
2085
2084
2089
2096
2109
2109
2105
2105
2112
2111
2110
2133
2133
2128
2122
2127
2112
2117
2113
2117
2111
2106
2093
2089
2100
2101
2095
2091
2076
2078
2085
2079
2069
2070
2068
2053
2059
2060
2060
2062
2059
2051
2051
2046
2043
2033
2031
2022
2015
2012
2009
2010
2005
2002
2005
2005
2004
2012
2008
2016
2018
2022
2019
2019
2012
2020
2016
2012
2011
2010
2010
2019
2019
2018
2012
2016
2021
2034
2030
2028
2032
2027
2040
2042
2045
2060
2070
2067
2073
2085
2088
2083
2096
2101
2108
2111
2093
2101
2106
2116
2114
2115
2121
2122
2112
2131
2142
2146
2138
2141
2142
2146
2148
2159
2163
2163
2164
2166
2169
2164
2171
2167
2176
2182
2182
2187
2195
2200
2204
2198
2187
2186
2189
2168
2168
2155
2144
2130
2123
2114
2113
2109
2112
2103
2090
2079
2081
2070
2064
2054
2054
2050
2050
2041
2033
2036
2033
2032
2039
2041
2036
2040
2044
2043
2060
2063
2060
2055
2070
2069
2065
2063
2077
2074
2071
2072
2082
2088
2089
2091
2097
2099
2109
2102
2111
2117
2112
2137
2148
2148
2157
2149
2154
2156
2150
2149
2147
2160
2159
2164
2169
2172
2168
2173
2181
2181
2175
2178
2185
2190
2191
2199
2195
2197
2206
2210
2211
2207
2210
2204
2218
2219
2216
2215
2223
2226
2219
2211
2223
2226
2239
2230
2230
2227
2222
2222
2230
2235
2229
2229
2214
2223
2218
2219
2216
2218
2215
2209
2212
2208
2212
2205
2191
2193
2187
2176
2159
2154
2130
2114
2112
2101
2087
2074
2055
2044
2027
2023
1995
1978
1971
1946
1935
1923
1917
1909
1896
1882
1870
1856
1845
1837
1824
1826
1827
1829
1822
1831
1833
1837
1858
1865
1874
1876
1875
1872
1879
1893
1898
1897
1903
1922
1922
1916
1918
1926
1925
1936
1944
1950
1964
1968
1984
1987
1991
1996
2010
2016
2024
2027
2044
2058
2067
2066
2071
2069
2083
2094
2104
2115
2115
2117
2116
2132
2135
2134
2140
2152
2153
2160
2168
2173
2169
2186
2199
2215
2199
2203
2196
2206
2205
2207
2217
2217
2217
2225
2228
2226
2221
2235
2237
2238
2245
2250
2244
2253
2254
2254
2255
2259
2255
2244
2247
2252
2267
2254
2262
2260
2264
2267
2274
2268
2265
2260
2262
2259
2268
2264
2268
2258
2254
2256
2270
2270
2268
2268
2259
2264
2261
2262
2258
2257
2254
2247
2252
2263
2258
2261
2260
2257
2245
2252
2247
2254
2245
2243
2236
2232
2232
2219
2220
2220
2222
2213
2212
2205
2199
2185
2187
2179
2191
2176
2172
2159
2157
2163
2157
2149
2147
2146
2141
2134
2132
2137
2139
2129
2140
2135
2127
2131
2136
2142
2147
2160
2161
2150
2146
2146
2136
2151
2155
2153
2150
2134
2131
2137
2127
2132
2121
2111
2105
2100
2103
2098
2099
2095
2104
2100
2097
2090
2090
2094
2095
2101
2103
2095
2091
2092
2095
2106
2103
2106
2121
2121
2123
2118
2121
2136
2139
2136
2140
2134
2136
2137
2134
2141
2146
2149
2148
2147
2146
2147
2163
2153
2161
2170
2171
2176
2171
2170
2181
2183
2186
2185
2183
2174
2171
2179
2173
2171
2176
2178
2176
2176
2170
2167
2178
2179
2180
2193
2200
2206
2198
2201
2190
2202
2208
2219
2225
2212
2206
2215
2220
2216
2214
2223
2221
2230
2232
2236
2233
2234
2225
2225
2226
2228
2225
2227
2229
2226
2221
2224
2234
2236
2235
2233
2236
2230
2231
2226
2210
2215
2213
2213
2217
2208
2206
2201
2203
2197
2192
2192
2183
2188
2189
2182
2187
2187
2188
2183
2187
2189
2180
2173
2173
2164
2148
2151
2145
2155
2139
2140
2135
2144
2143
2141
2149
2137
2128
2135
2144
2151
2137
2130
2133
2131
2130
2133
2138
2142
2141
2140
2139
2135
2130
2136
2128
2136
2137
2141
2140
2137
2137
2134
2136
2146
2143
2134
2132
2135
2138
2136
2148
2144
2146
2148
2148
2159
2163
2164
2166
2165
2176
2176
2180
2188
2201
2197
2201
2212
2208
2202
2208
2204
2202
2225
2217
2218
2215
2224
2224
2227
2227
2221
2220
2224
2226
2228
2217
2216
2212
2217
2225
2224
2217
2217
2222
2218
2222
2221
2219
2220
2221
2211
2220
2225
2228
2223
2227
2231
2227
2222
2220
2218
2218
2215
2222
2214
2216
2218
2211
2210
2207
2205
2197
2202
2207
2205
2199
2200
2197
2192
2194
2195
2189
2203
2201
2203
2206
2200
2191
2200
2200
2197
2200
2198
2196
2210
2211
2211
2214
2212
2203
2206
2210
2209
2213
2215
2224
2207
2215
2214
2220
2225
2224
2226
2232
2224
2230
2221
2223
2227
2230
2227
2223
2225
2224
2228
2227
2230
2223
2210
2215
2210
2193
2180
2180
2170
2164
2162
2162
2158
2166
2172
2161
2156
2167
2161
2153
2160
2162
2165
2162
2158
2162
2164
2170
2179
2177
2171
2158
2156
2163
2155
2154
2147
2146
2150
2147
2144
2135
2122
2129
2140
2128
2125
2122
2126
2131
2145
2146
2141
2135
2136
2123
2122
2125
2125
2116
2111
2101
2101
2091
2089
2087
2098
2093
2095
2090
2089
2087
2087
2093
2103
2104
2097
2096
2090
2095
2098
2103
2091
2090
2092
2098
2099
2100
2095
2092
2099
2108
2107
2104
2111
2106
2101
2103
2099
2107
2107
2100
2095
2092
2084
2089
2097
2092
2078
2076
2085
2071
2060
2052
2057
2056
2055
2059
2060
2051
2044
2039
2039
2045
2050
2043
2054
2046
2055
2066
2072
2077
2072
2087
2096
2103
2107
2114
2121
2118
2132
2127
2124
2125
2127
2134
2147
2147
2150
2142
2148
2146
2150
2144
2149
2141
2153
2145
2145
2147
2150
2158
2151
2156
2144
2144
2148
2144
2156
2162
2161
2166
2156
2147
2146
2151
2148
2146
2145
2151
2162
2160
2157
2151
2143
2148
2142
2146
2139
2136
2135
2125
2119
2121
2114
2123
2121
2113
2109
2106
2106
2108
2103
2099
2096
2099
2104
2093
2090
2085
2077
2071
2084
2080
2062
2053
2053
2062
2060
2051
2043
2035
2037
2027
2020
2025
2029
2021
2010
2013
2014
2010
2000
2002
2000
2001
1993
1990
1987
1989
1989
1983
1983
1980
1981
1976
1977
1974
1967
1978
1957
1965
1976
1983
1973
1973
1959
1971
1982
1982
1981
1976
1975
1988
1988
1984
2004
2006
2020
2027
2026
2017
2032
2037
2042
2048
2056
2075
2071
2077
2085
2087
2102
2104
2105
2111
2111
2111
2121
2132
2128
2131
2136
2139
2145
2150
2152
2151
2141
2149
2146
2138
2154
2154
2151
2149
2148
2135
2128
2127
2118
2093
2094
2082
2066
2065
2059
2047
2035
2022
2017
2013
2015
2012
2020
2029
2028
2014
2015
2009
2015
2006
2006
1999
1995
1994
1984
1982
1970
1971
1963
1958
1938
1944
1941
1940
1938
1930
1927
1925
1906
1902
1907
1901
1892
1887
1886
1883
1882
1891
1881
1875
1875
1881
1879
1870
1876
1874
1867
1861
1869
1861
1857
1837
1835
1835
1843
1838
1847
1838
1839
1844
1844
1850
1844
1843
1836
1844
1842
1828
1823
1823
1824
1826
1828
1840
1851
1868
1870
1883
1897
1914
1917
1924
1931
1955
1970
1988
2004
2009
2023
2031
2027
2041
2055
2054
2066
2078
2084
2095
2102
2099
2105
2104
2111
2109
2125
2126
2130
2138
2142
2139
2141
2152
2167
2170
2164
2170
2162
2162
2174
2176
2179
2174
2174
2180
2170
2159
2164
2166
2162
2166
2160
2153
2151
2157
2169
2170
2169
2166
2163
2160
2168
2162
2157
2159
2171
2161
2154
2155
2155
2155
2155
2159
2159
2156
2158
2163
2167
2162
2169
2173
2174
2176
2177
2173
2175
2183
2189
2197
2191
2195
2198
2192
2200
2206
2212
2211
2211
2213
2216
2223
2224
2226
2226
2224
2226
2232
2227
2229
2236
2224
2227
2228
2232
2228
2217
2226
2228
2228
2229
2224
2215
2215
2219
2226
2222
2216
2215
2211
2216
2224
2219
2223
2218
2210
2207
2204
2199
2210
2207
2202
2186
2181
2173
2159
2159
2160
2150
2157
2160
2156
2147
2148
2147
2146
2152
2155
2144
2140
2147
2152
2154
2157
2157
2155
2160
2159
2157
2173
2174
2179
2176
2181
2182
2183
2188
2186
2178
2187
2182
2170
2169
2163
2170
2176
2167
2167
2156
2159
2162
2152
2154
2163
2163
2150
2159
2155
2155
2157
2170
2161
2159
2155
2172
2166
2159
2154
2168
2185
2179
2173
2184
2189
2173
2194
2192
2195
2191
2207
2211
2200
2199
2206
2202
2210
2207
2205
2197
2203
2208
2200
2207
2206
2202
2199
2189
2187
2201
2189
2181
2181
2199
2192
2187
2188
2189
2182
2180
2180
2184
2177
2166
2162
2158
2151
2155
2150
2146
2144
2154
2141
2141
2143
2136
2143
2130
2131
2120
2127
2119
2122
2113
2102
2099
2102
2097
2099
2085
2078
2073
2070
2060
2062
2058
2053
2052
2054
2055
2049
2043
2050
2045
2043
2050
2052
2068
2066
2079
2072
2086
2087
2093
2085
2094
2097
2113
2109
2108
2113
2106
2105
2112
2108
2123
2119
2123
2133
2129
2121
2114
2119
2114
2119
2120
2105
2099
2102
2099
2108
2099
2094
2073
2085
2063
2056
2049
2050
2043
2038
2027
2020
2015
2021
2013
2005
2008
2010
2002
2003
2000
2006
2004
1994
2003
1998
1999
2005
2003
1998
2005
2006
2011
2007
2030
2017
2023
2026
2023
2018
2027
2027
2025
2017
2003
1992
1994
1992
1994
1983
1986
1979
1983
1983
1976
1977
1984
1988
1984
1978
1971
1975
1976
1968
1964
1954
1950
1953
1958
1946
1952
1934
1930
1927
1921
1906
1910
1923
1911
1903
1898
1901
1898
1902
1897
1883
1884
1887
1897
1893
1886
1893
1906
1900
1909
1913
1908
1915
1922
1920
1939
1938
1934
1939
1946
1949
1956
1964
1971
1968
1967
1976
1989
1986
1982
1997
2000
2012
2019
2022
2024
2031
2032
2038
2045
2038
2042
2055
2063
2066
2065
2073
2075
2075
2081
2082
2079
2090
2080
2075
2080
2076
2069
2064
2057
2058
2063
2054
2048
2044
2041
2043
2046
2039
2039
2035
2035
2035
2041
2040
2051
2043
2041
2048
2050
2060
2056
2062
2063
2067
2068
2069
2070
2063
2063
2063
2068
2066
2056
2048
2043
2046
2035
2040
2040
2039
2043
2035
2039
2043
2057
2054
2058
2068
2065
2061
2077
2075
2071
2075
2086
2081
2078
2075
2086
2068
2064
2055
2061
2056
2052
2031
2030
2032
2025
2024
2030
2015
2018
2021
2012
2018
2019
2016
2015
2028
2033
2039
2042
2051
2052
2060
2068
2070
2073
2079
2087
2092
2089
2082
2070
2069
2065
2044
2033
2027
2013
1996
1983
1972
1969
1954
1948
1929
1925
1927
1928
1930
1930
1922
1920
1920
1924
1919
1938
1931
1937
1947
1949
1947
1949
1962
1968
1973
1967
1981
1984
1999
1993
1993
2004
2001
2011
2018
2023
2018
2038
2031
2034
2042
2041
2053
2058
2058
2067
2067
2081
2079
2079
2066
2057
2058
2060
2061
2061
2062
2062
2055
2059
2054
2054
2050
2064
2064
2058
2066
2076
2080
2083
2090
2098
2100
2115
2118
2117
2118
2122
2131
2129
2131
2130
2119
2122
2127
2122
2116
2115
2105
2109
2104
2108
2086
2082
2080
2078
2065
2065
2051
2046
2040
2037
2033
2038
2029
2027
2028
2027
2018
2018
2000
2003
2009
1994
1986
1990
1995
1990
1993
1986
1986
1990
2003
2005
2004
1999
2014
2021
2026
2025
2042
5835
1928
1940
1969
1977
1983
1989
2006
2017
2043
2049
2051
2057
2064
2096
2114
2125
2123
2133
2135
2148
2146
2154
2167
2190
2189
2190
2196
2198
2201
2213
2214
2211
2204
2207
2206
2215
2199
2210
2202
2206
2197
2203
2208
2210
2213
2211
2200
2209
2205
2204
2199
2205
2198
2187
2184
2176
2176
2181
2174
2174
2163
2165
2157
2163
2166
2161
2161
2141
2154
2155
2170
2166
2166
2156
2165
2150
2153
2142
2141
2130
2143
2138
2135
2131
2142
2142
2145
2134
2138
2139
2135
2132
2139
2144
2141
2138
2137
2132
2134
2129
2134
2134
2133
2133
2126
2116
2104
2104
2097
2099
2093
2091
2095
2099
2107
2123
2117
2127
2115
2106
2095
2080
2059
2049
2017
2000
1966
1952
1922
1899
1865
1859
1835
1834
1806
1795
1791
1790
1780
1782
1781
1782
1774
1775
1755
1757
1760
1771
1780
1795
1798
1798
1821
1840
1849
1866
1885
1898
1909
1915
1925
1938
1966
1962
1973
1963
1976
1977
1996
1978
1992
1974
1984
1982
1979
1971
1982
1965
1955
1940
1929
1928
1932
1923
1910
1891
1876
1865
1865
1847
1841
1827
1813
1781
1755
1747
1737
1719
1703
1700
1690
1686
1684
1683
1681
1690
1681
1691
1690
1688
1695
1707
1716
1736
1751
1774
1788
1807
1830
1848
1859
1878
1887
1885
1884
1889
1891
1900
1907
1901
1902
1901
1906
1907
1919
1924
1932
1930
1941
1955
1975
1975
2000
2000
2014
2028
2052
2050
2060
2057
2064
2066
2072
2064
2067
2071
2083
2075
2082
2087
2093
2096
2104
2121
2124
2138
2140
2144
2141
2146
2151
2170
2166
2163
2160
2166
2148
2142
2138
2136
2120
2122
2108
2095
2072
2076
2046
2029
2004
2015
2006
2015
1998
1993
1987
1988
2003
2007
2008
2011
2014
2013
2020
2000
2006
2008
2025
2026
2035
2033
2054
2053
2067
2066
2079
2078
2084
2085
2095
2094
2101
2086
2107
2113
2120
2108
2110
2103
2095
2080
2083
2072
2057
2042
2039
2036
2020
2009
1996
1995
1979
1977
1965
1960
1953
1953
1946
1959
1936
1943
1935
1931
1923
1921
1914
1924
1920
1935
1930
1934
1934
1946
1947
1945
1941
1934
1939
1939
1948
1951
1961
1962
1977
1978
2002
2002
2011
2015
2024
2035
2052
2031
2046
2042
2059
2054
2059
2054
2043
2038
2045
2023
2022
2016
2003
2001
1992
1990
1984
1985
1988
1982
1982
1994
1986
2006
2007
2014
2007
2009
2002
2010
2013
2022
2018
2022
2021
2027
2033
2056
2054
2059
2053
2069
2067
2076
2064
2062
2059
2060
2069
2081
2078
2088
2085
2076
2070
2068
2077
2067
2062
2056
2051
2039
2042
2031
2036
2035
2039
2028
2028
2018
2003
1984
1990
1972
1960
1939
1931
1911
1899
1874
1871
1862
1858
1848
1842
1837
1843
1857
1867
1869
1869
1883
1890
1893
1894
1908
1912
1930
1934
1955
1955
1969
1977
1991
2000
2018
2020
2043
2050
2060
2075
2096
2110
2121
2143
2143
2157
2160
2176
2177
2187
2184
2198
2190
2191
2190
2188
2181
2188
2179
2179
2182
2182
2173
2174
2173
2171
2163
2174
2169
2162
2155
2162
2140
2140
2143
2141
2133
2128
2121
2114
2109
2110
2096
2093
2085
2075
2083
2079
2086
2073
2070
2055
2070
2075
2068
2076
2086
2093
2095
2091
2093
2084
2099
2095
2105
2107
2107
2092
2100
2106
2115
2110
2112
2115
2129
2136
2140
2155
2156
2159
2167
2172
2175
2189
2188
2197
2195
2202
2202
2215
2205
2194
2186
2195
2182
2180
2179
2179
2161
2163
2151
2142
2142
2117
2112
2124
2114
2108
2118
2132
2143
2134
2147
2148
2152
2147
2162
2161
2165
2172
2182
2175
2166
2168
2173
2180
2181
2180
2183
2188
2190
2193
2190
2207
2199
2195
2200
2204
2199
2205
2200
2209
2192
2193
2186
2195
2186
2198
2196
2192
2192
2204
2200
2203
2194
2200
2200
2207
2201
2211
2202
2216
2208
2205
2202
2215
2216
2210
2217
2210
2223
2222
2218
2219
2212
2210
2221
2213
2220
2207
2205
2201
2211
2201
2212
2207
2204
2196
2194
2195
2196
2191
2202
2190
2198
2191
2185
2172
2160
2141
2119
2117
2107
2098
2055
2032
1998
1989
1950
1927
1907
1897
1870
1851
1811
1795
1784
1790
1780
1782
1793
1815
1834
1845
1870
1891
1914
1934
1946
1970
1981
2002
2021
2026
2039
2048
2072
2089
2103
2104
2118
2137
2142
2138
2131
2142
2152
2153
2162
2159
2171
2175
2175
2164
2160
2171
2176
2164
2162
2162
2160
2157
2165
2163
2144
2141
2132
2132
2119
2122
2113
2106
2097
2101
2093
2094
2086
2095
2097
2087
2096
2108
2120
2121
2126
2120
2141
2155
2172
2172
2161
2164
2183
2192
2205
2201
2196
2186
2198
2200
2204
2206
2218
2216
2226
2228
2238
2236
2238
2253
2237
2227
2229
2236
2246
2253
2245
2238
2237
2244
2227
2237
2234
2234
2227
2220
2208
2210
2209
2199
2183
2177
2161
2156
2148
2136
2122
2105
2099
2081
2074
2048
2042
2043
2036
2015
2023
2024
2029
2020
2027
2034
2050
2055
2063
2059
2051
2057
2060
2062
2065
2058
2055
2048
2041
2033
2018
2003
1997
1999
1989
1990
1992
1984
1991
1999
1992
2012
2020
2049
2053
2071
2086
2102
2110
2139
2139
2139
2152
2160
2156
2162
2178
2170
2171
2161
2155
2158
2155
2159
2159
2156
2154
2143
2155
2131
2129
2121
2110
2102
2094
2081
2061
2045
2030
2024
2005
1986
1961
1950
1930
1897
1881
1863
1847
1827
1799
1774
1756
1751
1736
1731
1727
1737
1735
1737
1738
1751
1759
1770
1779
1781
1790
1804
1815
1843
1857
1870
1877
1891
1907
1921
1942
1961
1975
1993
2008
2011
2024
2036
2050
2061
2070
2071
2077
2078
2094
2103
2095
2100
2093
2090
2080
2072
2068
2072
2075
2086
2082
2077
2085
2092
2088
2095
2102
2107
2116
2120
2122
2125
2144
2155
2162
2167
2160
2158
2176
2179
2181
2184
2179
2174
2159
2139
2129
2119
2122
2106
2098
2094
2093
2096
2101
2114
2109
2111
2112
2114
2106
2096
2098
2100
2102
2106
2088
2096
2097
2090
2082
2091
2099
2097
2099
2106
2098
2093
2099
2110
2116
2106
2111
2118
2131
2131
2134
2137
2140
2150
2151
2150
2150
2162
2171
2177
2187
2181
2191
2193
2199
2194
2186
2186
2186
2186
2181
2181
2174
2171
2170
2179
2177
2177
2177
2183
2183
2182
2186
2202
2196
2194
2192
2199
2199
2189
2200
2203
2210
2207
2213
2211
2208
2202
2201
2202
2201
2184
2187
2183
2174
2184
2192
2178
2169
2161
2160
2155
2157
2146
2146
2152
2147
2146
2130
2130
2131
2127
2129
2130
2128
2134
2127
2143
2137
2140
2144
2156
2139
2131
2129
2120
2109
2092
2091
2067
2049
2032
2006
1982
1965
1955
1939
1915
1908
1902
1888
1889
1890
1882
1899
1907
1923
1938
1953
1958
1976
1987
1993
1997
2002
1988
1993
2003
2003
2006
2006
2008
2007
2012
2007
2012
2007
2015
2015
2020
2029
2036
2040
2041
2034
2037
2041
2042
2035
2053
2052
2052
2057
2058
2056
2059
2067
2071
2077
2078
2088
2082
2080
2075
2092
2087
2096
2101
2086
2078
2076
2066
2074
2063
2052
2037
2035
2024
2021
2020
2014
2021
2019
2023
2024
2043
2051
2068
2068
2074
2080
2100
2095
2101
2092
2106
2104
2110
2100
2091
2087
2064
2065
2054
2050
2043
2041
2023
2029
2017
2017
2016
2012
2007
2009
2011
2028
2026
2038
2029
2044
2043
2061
2057
2050
2037
2044
2046
2043
2043
2046
2047
2044
2036
2024
2028
2022
2003
1988
1984
1955
1940
1922
1925
1902
1910
1901
1912
1909
1913
1909
1922
1935
1952
1948
1949
1951
1957
1966
1975
1984
1980
1987
1975
1978
1967
1955
1938
1947
1941
1932
1911
1912
1896
1884
1859
1851
1827
1825
1787
1778
1761
1773
1767
1761
1754
1762
1756
1749
1752
1749
1760
1758
1764
1766
1790
1790
1797
1795
1813
1815
1832
1836
1856
1867
1884
1899
1919
1940
1953
1951
1960
1968
1992
2010
2027
2025
2038
2051
2068
2094
2091
2100
2111
2137
2141
2161
2163
2180
2185
2209
2203
2210
2223
2224
2219
2218
2218
2206
2209
2215
2193
2171
2159
2139
2114
2082
2067
2053
2048
2042
2039
2016
2006
2004
2020
2017
2021
2022
2011
2021
2026
2022
2024
2025
2031
2025
2032
2032
2023
2046
2045
2057
2063
2061
2067
2079
2079
2080
2086
2097
2110
2106
2099
2102
2107
2111
2099
2077
2075
2069
2063
2050
2037
2016
2017
2001
1991
1983
1972
1957
1963
1960
1952
1945
1942
1943
1942
1943
1943
1950
1955
1959
1954
1955
1964
1976
1964
1935
1921
1912
1898
1883
1858
1853
1837
1839
1833
1846
1848
1861
1869
1876
1884
1887
1892
1893
1909
1911
1911
1913
1908
1908
1910
1905
1897
1891
1883
1880
1874
1880
1889
1906
1910
1926
1944
1953
1964
1982
1999
2004
2014
2022
2026
2024
2025
2030
2034
2034
2035
2055
2057
2063
2074
2077
2067
2062
2066
2065
2070
2061
2056
2063
2058
2035
2038
2024
2017
2005
1995
1979
1983
1967
1966
1962
1962
1955
1951
1946
1951
1949
1963
1958
1960
1954
1951
1944
1937
1936
1921
1926
1921
1915
1914
1934
1951
1955
1965
1970
1965
1957
1968
1972
1961
1952
1948
1933
1932
1913
1905
1895
1888
1880
1867
1854
1827
1811
1792
1778
1771
1771
1757
1751
1759
1756
1741
1724
1698
1681
1655
1633
1600
1578
1546
1528
1493
1468
1440
1429
1406
1400
1373
1343
1326
1314
1293
1285
1283
1301
1306
1331
1356
1394
1427
1453
1503
1527
1561
1589
1630
1668
1698
1726
1767
1771
1784
1797
1819
1824
1844
1851
1860
1873
1878
1890
1897
1907
1901
1906
1917
1930
1930
1945
1935
1950
1949
1942
1955
1956
1948
1951
1951
1963
1961
1965
1963
1964
1960
1963
1970
1975
1983
1991
2005
2005
2011
2016
2016
2011
2022
2017
2014
1999
1988
1979
1994
1993
1993
1974
1993
1999
2015
2009
2009
2015
2032
2046
2045
2055
2054
2067
2086
2101
2098
2105
2101
2111
2121
2143
2135
2143
2143
2155
2142
2151
2142
2151
2161
2168
2172
2180
2185
2197
2192
2185
2193
2193
2193
2188
2193
2188
2194
2183
2182
2170
2164
2149
2149
2150
2143
2123
2100
2092
2083
2064
2049
2027
2013
2002
2001
1997
2000
1991
1998
1998
1992
1995
1985
1990
1975
1974
1965
1965
1960
1965
1967
1968
1976
1981
1999
2002
2014
2019
2028
2027
2026
2018
2028
2015
2000
1972
1960
1932
1913
1895
1857
1843
1819
1807
1796
1775
1771
1759
1759
1775
1782
1789
1799
1823
1837
1848
1873
1902
1923
1954
1962
1968
1978
1997
2007
2023
2022
2027
2032
2044
2051
2055
2064
2060
2066
2070
2063
2054
2060
2050
2036
2024
2014
2008
2012
2005
1999
2000
2005
1999
2002
2000
2016
2011
2012
2024
2034
2047
2044
2048
2058
2064
2065
2072
2087
2106
2114
2109
2116
2126
2123
2118
2142
2141
2138
2151
2152
2159
2170
2166
2170
2165
2151
2150
2146
2142
2136
2125
2119
2114
2105
2095
2072
2063
2048
2034
2022
2017
2008
2007
2005
1998
1983
1985
1979
1971
1955
1935
1917
1906
1899
1877
1856
1839
1813
1811
1811
1798
1811
1810
1815
1825
1836
1848
1863
1872
1887
1895
1917
1938
1952
1960
1980
1991
1999
1996
2007
2026
2028
2043
2049
2072
2084
2099
2106
2131
2132
2144
2132
2147
2131
2142
2135
2159
2150
2148
2146
2150
2140
2140
2144
2141
2146
2140
2148
2146
2140
2141
2127
2115
2115
2101
2090
2082
2080
2059
2043
2025
2016
1998
1988
1965
1972
1962
1965
1974
1977
1988
2001
2010
2024
2054
2070
2082
2086
2094
2097
2116
2114
2131
2134
2148
2154
2162
2154
2167
2155
2167
2163
2175
2159
2156
2157
2164
2155
2157
2154
2149
2163
2156
2160
2157
2171
2165
2173
2168
2173
2163
2174
2170
2168
2162
2172
2172
2161
2165
2170
2176
2187
2177
2180
2189
2184
2189
2195
2197
2203
2209
2205
2210
2198
2192
2184
2186
2176
2185
2161
2154
2137
2134
2124
2128
2121
2124
2118
2105
2106
2104
2100
2102
2116
2100
2104
2106
2116
2112
2120
2119
2127
2122
2133
2131
2126
2127
2137
2133
2134
2128
2144
2139
2121
2124
2122
2127
2110
2120
2131
2120
2125
2134
2158
2156
2162
2156
2186
2190
2189
2190
2195
2203
2216
2219
2224
2225
2208
2219
2217
2226
2228
2229
2194
2206
2190
2186
2169
2162
2144
2139
2124
2121
2114
2106
2090
2074
2058
2048
2034
2009
1998
1986
1982
1980
1975
1973
1973
1972
1973
1972
1978
1972
1971
1964
1966
1958
1954
1949
1957
1952
1947
1931
1927
1930
1931
1937
1943
1932
1939
1929
1933
1939
1945
1959
1957
1955
1963
1959
1956
1963
1963
1962
1964
1960
1971
1963
1953
1948
1935
1919
1898
1893
1870
1851
1825
1805
1773
1747
1740
1728
1715
1704
1697
1701
1711
1724
1725
1735
1743
1763
1786
1810
1830
1856
1868
1885
1898
1907
1929
1935
1953
1962
1978
1988
2017
2028
2045
2057
2066
2068
2095
2102
2112
2114
2129
2147
2153
2157
2154
2163
2166
2176
2172
2185
2184
2199
2203
2204
2192
2197
2203
2206
2201
2208
2214
2222
2224
2228
2230
2226
2238
2230
2222
2220
2218
2231
2226
2220
2224
2211
2218
2214
2210
2205
2211
2205
2213
2207
2215
2199
2206
2199
2202
2194
2198
2198
2195
2184
2185
2186
2176
2186
2189
2198
2190
2188
2193
2200
2193
2202
2189
2196
2185
2196
2179
2193
2179
2179
2167
2161
2159
2173
2171
2160
2165
2156
2160
2150
2149
2153
2156
2161
2173
2172
2170
2170
2185
2172
2169
2156
2173
2179
2190
2178
2178
2181
2193
2208
2217
2217
2213
2226
2223
2231
2226
2238
2237
2250
2229
2230
2228
2242
2232
2234
2218
2223
2218
2221
2213
2213
2207
2210
2204
2203
2196
2196
2187
2180
2185
2177
2180
2169
2167
2148
2142
2124
2121
2102
2092
2082
2087
2076
2077
2080
2090
2084
2083
2089
2104
2119
2124
2132
2136
2142
2148
2151
2146
2139
2138
2138
2127
2119
2098
2101
2099
2083
2066
2072
2061
2063
2059
2051
2045
2063
2067
2072
2063
2056
2060
2062
2051
2041
2048
2046
2047
2053
2059
2062
2067
2076
2080
2085
2089
2091
2096
2097
2081
2075
2093
2091
2079
2074
2064
2056
2041
2032
2016
2011
1998
1990
1983
1971
1946
1949
1935
1925
1913
1889
1870
1864
1841
1831
1822
1825
1824
1830
1835
1845
1847
1864
1879
1886
1911
1929
1937
1947
1962
1971
1978
1977
1976
1971
1972
1967
1977
1964
1951
1952
1956
1961
1951
1949
1949
1953
1956
1964
1972
1977
1985
2005
2005
2015
2027
2035
2049
2053
2054
2055
2044
2041
2039
2021
2019
2013
2019
2018
2008
1995
1989
1973
1963
1937
1909
1892
1876
1875
1873
1861
1857
1874
1871
1874
1872
1891
1899
1910
1918
1929
1931
1942
1957
1982
1986
2004
2015
2030
2033
2041
2041
2041
2037
2033
2047
2039
2049
2049
2059
2064
2076
2071
2084
2089
2091
2088
2090
2092
2100
2103
2103
2096
2087
2083
2070
2061
2055
2053
2039
2026
2004
1994
1980
1982
1967
1966
1950
1955
1950
1954
1937
1932
1928
1934
1930
1935
1931
1935
1923
1921
1915
1923
1911
1912
1913
1923
1924
1923
1931
1922
1938
1931
1933
1934
1946
1949
1956
1958
1980
1980
1998
1991
1997
2004
2009
2002
1999
1987
1980
1975
1964
1961
1947
1957
1954
1958
1954
1953
1944
1943
1927
1929
1920
1922
1918
1919
1906
1898
1901
1906
1908
1925
1937
1938
1938
1950
1951
1942
1949
1954
1972
1975
1982
1982
1991
1994
2011
2016
2037
2037
2054
2063
2068
2072
2085
2087
2088
2093
2088
2099
2105
2110
2098
2098
2100
2109
2100
2102
2092
2100
2104
2102
2086
2094
2099
2096
2091
2101
2102
2109
2109
2108
2102
2101
2113
2109
2113
2112
2124
2113
2110
2101
2110
2089
2094
2083
2084
2075
2064
2054
2063
2057
2058
2043
2047
2049
2048
2044
2048
2029
2033
2027
2020
2020
2018
2020
2018
2028
2021
2032
2039
2059
2053
2056
2054
2066
2065
2064
2063
2080
2080
2094
2102
2105
2095
2100
2105
2101
2102
2103
2113
2114
2110
2096
2091
2075
2075
2066
2057
2039
2038
2026
2030
2032
2037
2037
2038
2040
2060
2065
2065
2072
2069
2062
2060
2059
2057
2047
2040
2034
2032
2036
2036
2033
2020
2022
2022
2023
2024
2018
2021
2007
2002
1982
1967
1955
1953
1944
1937
1929
1917
1911
1893
1903
1903
1908
1913
1917
1929
1942
1950
1952
1952
1958
1966
1974
1975
1993
1985
1985
1998
2001
2011
2022
2033
2032
2037
2032
2034
2053
2044
2026
2017
2018
2013
1999
1992
1976
1982
1963
1960
1950
1950
1951
1959
1958
1971
1974
1990
1997
1997
1997
2000
1998
2003
1990
1986
1983
1974
1969
1959
1963
1947
1941
1933
1930
1922
1912
1905
1911
1904
1901
1885
1894
1884
1863
1850
1838
1823
1807
1806
1802
1791
1792
1816
1835
1849
1852
1865
1887
1924
1928
1944
1958
1977
1978
1999
1994
2011
2013
2014
2021
2028
2038
2055
2044
2050
2058
2050
2059
2059
2074
2070
2072
2070
2091
2092
2113
2111
2121
2121
2119
2117
2111
2114
2120
2121
2112
2097
2094
2085
2073
2068
2052
2045
2034
2032
2012
2013
2005
2007
2010
2022
2022
2037
2038
2036
2034
2046
2051
2065
2065
2064
2056
2057
2066
2067
2072
2063
2064
2070
2064
2049
2050
2055
2059
2060
2068
2065
2069
2062
2077
2072
2072
2063
2059
2036
2017
1990
1955
1927
1901
1878
1864
1841
1816
1790
1758
1727
1690
1666
1633
1604
1589
1563
1547
1557
1566
1584
1591
1613
1633
1683
1721
1753
1787
1835
1854
1871
1887
1897
1913
1929
1948
1944
1965
1990
2017
2024
2048
2051
2076
2080
2083
2088
2098
2119
2125
2132
2142
2138
2154
2160
2160
2157
2151
2153
2139
2142
2131
2129
2135
2119
2114
2105
2086
2095
2082
2074
2069
2056
2046
2043
2043
2056
2051
2047
2045
2053
2050
2043
2061
2073
2089
2097
2104
2098
2115
2112
2122
2122
2130
2141
2157
2148
2164
2165
2172
2178
2181
2186
2191
2197
2202
2207
2202
2208
2215
2220
2222
2236
2230
2233
2227
2243
2231
2235
2222
2205
2191
2184
2180
2171
2164
2148
2131
2127
2110
2103
2102
2096
2089
2088
2088
2075
2076
2060
2053
2043
2044
2017
2021
2016
2018
2015
2021
2014
2016
2014
2014
2023
2006
1998
1991
1997
1991
1993
1992
1993
2000
2008
1994
1993
1998
2021
2021
2038
2027
2044
2056
2063
2051
2052
2055
2063
2056
2061
2051
2045
2031
2019
2014
2004
2002
2002
2004
1996
2001
2005
2019
2026
2048
2050
2058
2070
2070
2079
2085
2087
2096
2098
2111
2118
2117
2113
2104
2115
2115
2122
2124
2132
2131
2125
2132
2133
2127
2136
2139
2142
2145
2152
2150
2151
2160
2173
2177
2179
2176
2191
2193
2191
2194
2188
2183
2184
2192
2200
2198
2205
2202
2188
2192
2207
2209
2210
2218
2216
2219
2208
2211
2221
2228
2225
2230
2231
2240
2236
2237
2254
2243
2231
2226
2237
2224
2211
2218
2224
2219
2197
2186
2181
2182
2166
2157
2152
2147
2146
2139
2112
2103
2082
2055
2041
2027
2008
1976
1965
1951
1946
1946
1944
1943
1939
1937
1946
1947
1946
1959
1965
1965
1963
1976
1964
1964
1958
1956
1968
1968
1970
1971
1971
1967
1962
1964
1961
1961
1960
1969
1962
1958
1945
1951
1957
1961
1951
1956
1971
1983
1987
1991
1999
2002
2008
2023
2033
2036
2038
2046
2040
2035
2036
2031
2025
2025
2016
2005
2004
1993
1981
1957
1934
1897
1869
1848
1831
1814
1797
1789
1793
1795
1790
1796
1803
1825
1842
1860
1863
1884
1894
1917
1928
1947
1961
1987
1990
2003
2003
2007
2012
2012
2018
2023
2019
2024
2025
2025
2016
2022
2015
2012
1999
1982
1972
1941
1949
1926
1919
1895
1880
1868
1860
1851
1842
1839
1842
1825
1842
1834
1829
1829
1831
1842
1846
1858
1866
1885
1889
1903
1927
1941
1963
1981
1988
1998
1990
2000
2004
2010
2007
2018
2013
2012
1999
2003
2005
2001
1997
1974
1954
1931
1916
1901
1899
1892
1887
1872
1887
1879
1891
1891
1916
1919
1943
1946
1979
1983
2000
2011
2026
2035
2057
2061
2066
2061
2077
2090
2110
2118
2121
2136
2135
2143
2137
2140
2139
2153
2158
2153
2128
2135
2113
2112
2103
2108
2101
2103
2100
2105
2106
2115
2130
2136
2135
2145
2159
2158
2165
2165
2171
2173
2193
2194
2198
2204
2219
2224
2230
2220
2233
2234
2231
2242
2244
2235
2231
2215
2204
2192
2179
2173
2160
2158
2127
2127
2118
2116
2104
2105
2098
2097
2081
2092
2095
2096
2102
2108
2122
2130
2140
2159
2162
2160
2185
2183
2192
2184
2194
2195
2211
2204
2222
2213
2211
2195
2196
2180
2170
2151
2141
2112
2092
2055
2035
1994
1972
1947
1915
1900
1879
1879
1886
1906
1913
1924
1917
1922
1929
1932
1936
1934
1944
1943
1956
1957
1959
1946
1960
1940
1937
1929
1934
1936
1940
1928
1927
1918
1910
1896
1877
1862
1852
1840
1814
1787
1765
1755
1752
1758
1756
1771
1802
1832
1864
1887
1903
1929
1962
1978
2000
2018
2032
2046
2047
2056
2056
2046
2056
2074
2071
2064
2062
2055
2065
2075
2087
2096
2096
2117
2132
2127
2141
2152
2173
2171
2174
2166
2175
2171
2174
2149
2145
2133
2127
2109
2094
2082
2060
2048
2015
2014
1996
1990
1969
1969
1966
1960
1954
1957
1955
1955
1950
1950
1943
1949
1949
1954
1955
1954
1961
1955
1944
1937
1944
1943
1943
1927
1926
1922
1917
1913
1914
1909
1918
1912
1921
1934
1944
1950
1965
1966
1979
1994
2002
2000
1998
1999
2013
2004
2004
2011
2008
2012
2011
2010
2020
2024
2032
2041
2050
2056
2055
2068
2071
2073
2087
2098
2103
2111
2116
2124
2127
2127
2134
2137
2144
2136
2116
2102
2105
2093
2068
2047
2019
2002
1986
1960
1945
1934
1923
1914
1922
1935
1927
1928
1947
1956
1958
1947
1950
1950
1956
1956
1962
1961
1974
1962
1962
1966
1968
1962
1972
1968
1977
1981
1982
1996
1998
2015
2016
2025
2035
2040
2053
2054
2061
2073
2079
2082
2077
2087
2099
2102
2089
2093
2092
2099
2090
2095
2075
2074
2076
2076
2066
2056
2058
2052
2032
2026
2016
2005
2003
2000
1997
1999
2003
2013
2019
2019
2028
2034
2044
2038
2051
2051
2063
2061
2079
2079
2094
2089
2099
2106
2104
2103
2108
2111
2107
2094
2089
2095
2081
2067
2063
2057
2041
2049
2037
2042
2041
2058
2055
2069
2072
2086
2093
2093
2095
2117
2119
2129
2133
2143
2139
2142
2141
2147
2154
2142
2148
2141
2151
2142
2150
2134
2143
2126
2122
2109
2106
2095
2093
2079
2091
2071
2070
2061
2062
2058
2038
2031
2032
2016
2014
2016
2003
2010
1999
1997
2000
2002
1985
1987
1984
1976
1958
1959
1952
1950
1940
1939
1919
1911
1909
1895
1888
1870
1867
1856
1840
1826
1817
1801
1803
1800
1791
1790
1797
1794
1812
1819
1845
1855
1870
1868
1887
1893
1919
1921
1940
1947
1971
1974
1978
1987
1980
1974
1974
1983
1980
1979
1975
1983
1970
1966
1968
1977
1972
1970
1966
1973
1971
1971
1979
1986
1986
1992
1992
1995
2008
2015
2011
2014
2012
2014
2023
2010
2011
2003
2001
2003
2014
2005
2019
2007
2005
2004
2015
2010
2026
2036
2052
2055
2071
2069
2083
2090
2099
2105
2108
2112
2107
2121
2126
2139
2124
2132
2125
2127
2118
2126
2128
2134
2123
2129
2121
2123
2106
2106
2097
2103
2095
2080
2084
2079
2082
2081
2083
2081
2073
2066
2081
2075
2064
2057
2071
2075
2082
2069
2062
2055
2055
2034
2037
2034
2033
2011
1987
1979
1984
1981
1978
1974
1974
1987
1994
2015
2018
2023
2019
2039
2030
2036
2027
2045
2042
2041
2039
2034
2037
2041
2035
2041
2035
2041
2046
2066
2057
2054
2067
2066
2071
2083
2102
2110
2116
2120
2136
2140
2142
2134
2140
2135
2138
2141
2139
2149
2152
2148
2143
2138
2140
2145
2144
2154
2153
2164
2157
2162
2169
2169
2172
2178
2178
2186
2190
2211
2216
2230
2244
2245
2247
2258
2266
2258
2254
2252
2258
2250
2241
2231
2215
2196
2177
2153
2123
2110
2092
2087
2077
2059
2041
2033
2020
2014
2006
1989
1989
1975
1965
1960
1960
1956
1961
1947
1947
1956
1963
1975
1984
1994
2002
2010
2027
2034
2048
2041
2038
2054
2057
2060
2061
2058
2077
2084
2086
2094
2099
2105
2111
2125
2138
2139
2151
2164
2176
2184
2190
2198
2200
2195
2200
2201
2198
2197
2198
2205
2195
2194
2190
2198
2198
2193
2204
2205
2206
2208
2202
2214
2221
2228
2236
2230
2227
2245
2257
2252
2252
2246
2261
2256
2253
2237
2260
2255
2250
2244
2252
2259
2268
2258
2254
2247
2248
2246
2237
2237
2237
2240
2234
2236
2233
2228
2217
2220
2223
2208
2205
2204
2217
2202
2184
2169
2150
2140
2124
2111
2088
2063
2043
2031
2011
1988
1969
1950
1926
1909
1877
1849
1831
1824
1814
1799
1795
1782
1762
1740
1720
1698
1690
1692
1692
1702
1703
1714
1722
1737
1766
1787
1810
1829
1832
1847
1860
1867
1878
1893
1889
1894
1898
1923
1928
1927
1937
1946
1953
1972
1980
1990
2008
2016
2029
2033
2047
2059
2074
2079
2083
2088
2106
2120
2127
2124
2137
2147
2158
2163
2172
2174
2183
2190
2201
2201
2207
2211
2223
2241
2237
2241
2243
2265
2274
2283
2288
2292
2284
2288
2285
2293
2286
2304
2300
2303
2308
2309
2310
2324
2322
2323
2323
2312
2312
2318
2312
2319
2324
2317
2328
2315
2311
2304
2322
2314
2316
2315
2314
2306
2314
2308
2311
2302
2315
2310
2307
2300
2298
2301
2300
2300
2298
2303
2298
2294
2288
2297
2289
2289
2278
2278
2271
2281
2270
2277
2261
2270
2260
2263
2242
2243
2234
2248
2243
2239
2230
2223
2220
2207
2205
2198
2196
2193
2194
2179
2182
2172
2164
2146
2151
2145
2144
2130
2136
2126
2140
2131
2133
2124
2126
2124
2108
2107
2113
2119
2106
2109
2102
2095
2099
2105
2109
2121
2121
2138
2137
2147
2139
2130
2109
2122
2117
2115
2105
2099
2085
2085
2064
2067
2056
2048
2052
2040
2041
2034
2040
2035
2058
2049
2049
2043
2056
2067
2064
2059
2072
2075
2086
2095
2104
2112
2118
2123
2144
2154
2162
2175
2188
2199
2193
2188
2195
2202
2191
2186
2188
2194
2176
2183
2175
2180
2186
2191
2199
2196
2194
2196
2213
2209
2216
2219
2228
2230
2234
2230
2235
2219
2207
2202
2188
2186
2195
2191
2195
2195
2195
2184
2201
2206
2208
2211
2213
2220
2224
2224
2220
2222
2225
2233
2234
2235
2228
2232
2234
2233
2230
2241
2237
2243
2244
2253
2248
2255
2248
2243
2241
2239
2233
2245
2245
2245
2248
2244
2251
2259
2255
2259
2260
2264
2270
2274
2271
2261
2257
2241
2236
2228
2221
2218
2217
2213
2210
2209
2199
2208
2204
2193
2195
2187
2191
2184
2187
2180
2170
2160
2148
2135
2130
2134
2114
2108
2102
2099
2099
2118
2117
2122
2130
2125
2130
2123
2131
2136
2126
2134
2135
2136
2133
2133
2130
2130
2118
2119
2110
2117
2112
2121
2120
2128
2119
2120
2126
2124
2107
2112
2121
2114
2117
2108
2115
2132
2137
2133
2139
2131
2149
2157
2170
2176
2189
2196
2206
2210
2222
2218
2230
2236
2259
2257
2254
2259
2267
2267
2262
2265
2262
2264
2264
2268
2259
2264
2267
2263
2258
2251
2250
2263
2249
2249
2241
2238
2233
2226
2221
2219
2218
2217
2214
2204
2212
2206
2214
2201
2204
2192
2205
2203
2216
2214
2214
2211
2223
2212
2211
2210
2215
2219
2231
2239
2232
2223
2226
2228
2219
2222
2218
2223
2226
2230
2236
2227
2219
2238
2236
2238
2230
2226
2224
2237
2231
2238
2230
2237
2226
2229
2228
2221
2220
2218
2217
2228
2226
2233
2236
2230
2226
2223
2236
2224
2221
2213
2218
2223
2228
2216
2218
2212
2222
2214
2216
2204
2211
2204
2210
2212
2204
2206
2202
2205
2192
2189
2169
2168
2157
2156
2140
2141
2123
2136
2129
2130
2127
2124
2133
2141
2138
2140
2158
2165
2176
2186
2199
2201
2206
2210
2210
2206
2205
2209
2211
2207
2204
2200
2205
2194
2193
2186
2192
2181
2175
2172
2178
2167
2166
2166
2173
2179
2178
2175
2181
2181
2179
2167
2151
2149
2135
2125
2116
2107
2095
2100
2086
2081
2080
2073
2070
2069
2054
2057
2057
2066
2070
2067
2065
2071
2064
2061
2062
2070
2068
2063
2067
2062
2071
2064
2078
2075
2070
2068
2082
2090
2084
2075
2069
2071
2067
2064
2077
2078
2072
2075
2079
2066
2064
2071
2065
2059
2052
2045
2040
2045
2041
2037
2029
2029
2025
2031
2020
2028
2031
2027
2027
2029
2034
2036
2040
2051
2062
2079
2092
2104
2115
2123
2133
2140
2142
2152
2160
2176
2180
2182
2178
2174
2174
2157
2157
2157
2155
2155
2143
2144
2155
2159
2147
2144
2137
2143
2141
2138
2139
2136
2144
2142
2148
2150
2152
2150
2142
2142
2157
2160
2176
2163
2169
2178
2181
2194
2194
2199
2195
2191
2189
2193
2182
2182
2180
2169
2163
2148
2138
2130
2112
2113
2121
2110
2099
2093
2097
2092
2090
2068
2073
2083
2069
2070
2062
2055
2049
2038
2034
2024
2023
2029
2019
2001
2004
2005
2007
1995
1977
1972
1969
1968
1973
1973
1980
1967
1965
1964
1963
1962
1965
1944
1939
1938
1939
1946
1946
1959
1955
1946
1933
1941
1947
1946
1922
1931
1933
1946
1969
1944
1950
1966
1973
1977
1971
1971
1978
1995
2000
2017
2014
2016
2028
2038
2043
2067
2073
2085
2095
2110
2122
2134
2144
2160
2162
2179
2183
2191
2192
2191
2182
2190
2196
2189
2197
2190
2198
2192
2194
2203
2212
2217
2223
2219
2212
2204
2211
2211
2205
2196
2198
2193
2194
2181
2166
2153
2139
2118
2079
2076
2044
2036
2021
2013
1991
1978
1950
1953
1936
1924
1913
1926
1941
1958
1957
1968
1967
1961
1968
1959
1945
1939
1930
1911
1900
1888
1887
1887
1880
1858
1862
1846
1846
1838
1848
1838
1841
1832
1833
1832
1825
1820
1819
1816
1819
1818
1808
1832
1834
1835
1831
1839
1834
1839
1836
1829
1810
1812
1807
1811
1793
1783
1775
1777
1774
1774
1769
1777
1785
1799
1797
1787
1786
1767
1769
1765
1759
1751
1759
1759
1758
1763
1792
1800
1829
1846
1878
1894
1916
1941
1972
1990
2010
2019
2053
2075
2092
2109
2138
2163
2175
2184
2201
2216
2222
2238
2232
2246
2236
2248
2249
2252
2247
2242
2246
2260
2255
2247
2247
2253
2251
2249
2237
2240
2246
2242
2248
2239
2243
2234
2238
2229
2224
2214
2202
2194
2191
2178
2180
2171
2189
2188
2190
2183
2187
2194
2197
2190
2172
2170
2162
2176
2161
2158
2147
2152
2150
2142
2139
2132
2124
2132
2133
2137
2144
2142
2153
2151
2143
2157
2160
2171
2183
2174
2175
2179
2195
2213
2216
2224
2228
2234
2256
2253
2256
2266
2286
2288
2283
2288
2290
2293
2290
2289
2290
2296
2295
2290
2295
2296
2298
2292
2291
2278
2283
2280
2278
2274
2276
2273
2272
2265
2256
2251
2242
2234
2231
2227
2232
2225
2227
2216
2218
2212
2212
2200
2184
2180
2172
2170
2161
2157
2142
2135
2131
2134
2119
2120
2130
2123
2112
2122
2129
2143
2123
2126
2132
2137
2146
2147
2151
2162
2177
2185
2192
2199
2205
2209
2219
2220
2229
2239
2242
2240
2239
2235
2227
2218
2224
2214
2210
2199
2188
2190
2190
2187
2174
2171
2164
2160
2138
2145
2134
2152
2141
2141
2134
2139
2142
2154
2147
2155
2146
2153
2158
2155
2159
2152
2179
2191
2195
2191
2195
2188
2215
2206
2211
2214
2224
2217
2231
2236
2249
2233
2241
2222
2233
2224
2229
2216
2203
2206
2206
2210
2213
2205
2194
2201
2196
2196
2192
2198
2185
2182
2169
2179
2168
2172
2155
2175
2165
2165
2150
2157
2150
2146
2150
2151
2149
2155
2162
2163
2160
2147
2157
2151
2146
2126
2133
2112
2115
2099
2105
2088
2097
2085
2079
2060
2057
2038
2029
2011
2017
2014
1996
1994
1989
1979
1974
1985
1986
1985
1996
2019
2016
2031
2020
2039
2045
2056
2048
2054
2059
2071
2076
2098
2091
2097
2095
2104
2107
2113
2106
2119
2127
2139
2147
2142
2158
2152
2156
2143
2139
2132
2134
2130
2143
2129
2124
2112
2112
2088
2084
2079
2065
2050
2040
2021
2012
2003
2007
1989
1984
1975
1974
1970
1975
1973
1965
1969
1965
1978
1978
1989
1985
1994
1994
1994
1987
1991
1991
2004
2007
2010
2011
2023
2027
2028
2022
2022
2014
2003
2000
1982
1971
1954
1948
1942
1935
1938
1930
1942
1938
1934
1942
1951
1950
1947
1951
1934
1934
1934
1927
1914
1909
1907
1913
1901
1886
1886
1874
1871
1864
1864
1856
1857
1845
1839
1834
1838
1829
1834
1831
1840
1837
1843
1846
1844
1850
1850
1842
1857
1869
1887
1888
1893
1897
1899
1907
1914
1911
1903
1912
1928
1936
1949
1951
1963
1964
1975
1979
1985
1995
2004
2019
2016
2017
2028
2051
2050
2056
2068
2085
2087
2104
2100
2118
2119
2129
2131
2140
2139
2144
2150
2145
2133
2137
2131
2115
2112
2108
2099
2096
2090
2074
2062
2052
2048
2041
2037
2031
2030
2019
2028
2024
2025
2024
2029
2023
2041
2040
2047
2052
2058
2070
2066
2083
2085
2075
2083
2092
2071
2061
2058
2063
2052
2041
2017
2014
2009
2013
1996
2014
2018
2018
2024
2033
2033
2039
2065
2073
2072
2071
2073
2079
2098
2090
2089
2083
2099
2085
2077
2059
2054
2034
2037
2025
2026
2016
2017
2007
1997
1988
1982
1986
1997
2002
2005
2016
2004
2008
2006
2018
2027
2052
2065
2085
2087
2100
2112
2136
2135
2145
2143
2159
2161
2153
2149
2139
2132
2123
2112
2064
2045
2012
1994
1958
1936
1903
1892
1869
1867
1847
1859
1859
1870
1871
1872
1873
1876
1868
1887
1896
1912
1902
1919
1922
1925
1932
1952
1967
1971
1985
1987
1998
2002
2026
2027
2030
2021
2022
2025
2031
2041
2051
2054
2056
2061
2072
2071
2077
2086
2090
2100
2093
2100
2100
2095
2086
2077
2059
2058
2056
2054
2047
2055
2048
2064
2064
2063
2059
2080
2078
2094
2104
2109
2119
2125
2138
2148
2156
2173
2186
2187
2190
2191
2193
2189
2191
2191
2187
2184
2172
2157
2141
2130
2113
2101
2076
2075
2062
2045
2041
2031
2013
2008
1995
1987
1980
1977
1966
1962
1964
1961
1958
1957
1953
1949
1935
1936
1931
1919
1931
1931
1931
1930
1947
1953
1954
1959
1984
1980
1996
2015
2042
2049
2056
2058
2092
37.22167969
1.662084937
999
