5835
2042
2071
2065
2067
2068
2079
2082
2087
2075
2103
2107
2119
2113
2129
2116
2153
2140
2163
2151
2177
2164
2175
2164
2180
2166
2207
2186
2205
2164
2200
2181
2206
2170
2207
2172
2212
2178
2203
2161
2217
2189
2217
2184
2211
2190
2231
2187
2218
2196
2240
2204
2240
2192
2242
2211
2240
2189
2235
2213
2249
2189
2211
2174
2218
2166
2198
2148
2186
2153
2179
2105
2138
2095
2139
2093
2115
2066
2115
2079
2104
2053
2101
2063
2110
2050
2079
2036
2095
2056
2089
2043
2072
2054
2096
2047
2078
2053
2099
2071
2097
2058
2106
2080
2114
2083
2108
2079
2121
2087
2102
2074
2106
2100
2116
2087
2105
2089
2128
2095
2100
2078
2108
2079
2090
2040
2052
2045
2057
2020
2013
1992
2015
1994
1993
1970
2001
2000
2003
1988
2005
2008
2031
2013
2025
2016
2046
2044
2050
2026
2048
2048
2060
2048
2056
2051
2091
2075
2074
2067
2102
2106
2091
2093
2108
2105
2144
2125
2135
2136
2152
2154
2163
2143
2160
2167
2171
2166
2161
2165
2197
2182
2184
2174
2183
2193
2189
2180
2181
2170
2183
2174
2163
2162
2171
2188
2202
2175
2171
2180
2198
2196
2183
2170
2197
2191
2200
2185
2189
2204
2213
2212
2203
2184
2202
2223
2214
2208
2203
2218
2230
2218
2217
2210
2233
2240
2231
2213
2205
2200
2224
2229
2211
2190
2200
2215
2210
2187
2180
2207
2214
2207
2194
2182
2210
2215
2207
2204
2212
2231
2211
2212
2212
2187
2207
2202
2205
2198
2196
2172
2195
2167
2175
2151
2168
2147
2153
2120
2146
2135
2143
2110
2106
2103
2109
2085
2109
2059
2074
2053
2091
2062
2076
2045
2091
2081
2106
2065
2089
2086
2103
2070
2077
2049
2099
2067
2073
2031
2061
2042
2061
2028
2031
2035
2053
2026
2018
1994
2029
2002
1988
1944
1962
1969
1950
1937
1933
1906
1942
1928
1920
1899
1908
1898
1910
1882
1875
1865
1871
1845
1819
1785
1779
1749
1754
1716
1715
1699
1715
1696
1722
1692
1719
1718
1767
1750
1770
1756
1805
1788
1834
1803
1841
1831
1879
1852
1890
1860
1915
1900
1945
1934
1969
1945
2017
1987
2048
2008
2069
2040
2084
2063
2104
2073
2135
2082
2127
2097
2163
2121
2168
2117
2178
2138
2194
2153
2186
2147
2201
2171
2210
2151
2197
2191
2199
2182
2211
2167
2219
2185
2210
2162
2204
2179
2219
2166
2189
2168
2223
2190
2211
2167
2208
2197
2221
2198
2216
2202
2231
2214
2227
2200
2235
2213
2231
2203
2213
2200
2232
2205
2222
2179
2203
2181
2205
2178
2192
2165
2200
2159
2182
2140
2179
2154
2183
2145
2159
2115
2165
2123
2148
2111
2144
2111
2152
2104
2130
2103
2064
2054
2046
2067
2046
2025
1993
2002
1997
1993
1970
1951
1931
1955
1926
1923
1887
1882
1895
1873
1847
1817
1824
1824
1786
1772
1756
1759
1772
1763
1743
1752
1766
1772
1773
1765
1779
1792
1803
1792
1797
1789
1815
1818
1840
1833
1845
1853
1866
1867
1891
1874
1909
1920
1926
1923
1935
1941
1970
1964
1981
1964
1989
1999
2003
1995
1991
1990
2010
1994
1978
1974
1970
1962
1949
1930
1922
1925
1925
1924
1909
1907
1934
1942
1942
1938
1937
1971
1961
1972
1978
1982
1999
2010
2004
2003
2015
2029
2035
2025
2026
2065
2069
2072
2052
2063
2085
2106
2103
2096
2094
2119
2114
2118
2129
2108
2140
2147
2138
2131
2144
2146
2183
2154
2165
2155
2169
2154
2138
2133
2153
2145
2154
2133
2137
2138
2150
2131
2146
2127
2150
2150
2151
2150
2147
2132
2167
2146
2158
2152
2174
2178
2164
2143
2162
2157
2181
2184
2186
2173
2189
2185
2205
2191
2200
2206
2224
2215
2219
2215
2222
2220
2223
2219
2223
2234
2248
2242
2247
2222
2238
2246
2238
2219
2206
2196
2213
2191
2191
2162
2171
2168
2153
2124
2121
2112
2115
2107
2090
2079
2087
2069
2073
2042
2050
2051
2056
2039
2036
2019
2051
2031
2064
2040
2075
2079
2099
2066
2098
2067
2108
2084
2103
2067
2096
2076
2115
2077
2095
2071
2107
2057
2078
2037
2070
2042
2074
2042
2062
2039
2072
2028
2069
2027
2059
2053
2081
2041
2067
2044
2088
2056
2088
2054
2077
2061
2099
2067
2072
2029
2069
2050
2054
1999
2017
1991
1996
1945
1951
1909
1945
1927
1939
1921
1927
1913
1953
1931
1948
1901
1946
1923
1950
1902
1902
1882
1912
1877
1887
1840
1862
1843
1862
1810
1821
1798
1841
1807
1812
1787
1823
1820
1847
1804
1839
1824
1850
1846
1858
1842
1866
1856
1892
1882
1888
1886
1908
1914
1918
1904
1928
1944
1951
1961
1950
1962
1977
1990
1995
2018
1986
2020
2021
2038
2012
2029
2029
2048
2021
2043
1998
2034
2016
2050
2028
2046
2006
2056
2035
2047
2013
2043
2039
2071
2041
2059
2029
2077
2054
2055
2015
2036
2022
2057
2021
2024
2010
2051
2006
2037
2013
2022
2005
2041
1989
1991
1971
1998
1986
1994
1948
1958
1937
1967
1923
1947
1914
1960
1933
1936
1900
1931
1914
1955
1924
1943
1909
1949
1931
1948
1907
1938
1911
1977
1944
1972
1933
1989
1956
1986
1962
1976
1945
1999
1968
2003
1964
1985
1982
1999
1984
1999
1982
2014
1976
1980
1984
1971
1973
1965
1947
1945
1924
1909
1921
1883
1872
1841
1833
1818
1789
1737
1739
1716
1729
1678
1674
1651
1678
1660
1693
1652
1665
1669
1704
1700
1712
1687
1732
1746
1772
1758
1779
1792
1836
1834
1847
1819
1865
1871
1882
1869
1888
1877
1935
1913
1924
1895
1940
1944
1939
1917
1943
1914
1956
1935
1943
1914
1951
1932
1969
1915
1947
1906
1954
1913
1923
1895
1913
1886
1925
1886
1920
1875
1931
1902
1935
1896
1937
1927
1969
1918
1962
1933
1964
1935
1973
1932
1964
1926
1961
1927
1949
1915
1957
1938
1980
1942
1980
1957
1984
1971
1986
1956
1982
1978
1996
1989
1975
1970
2002
1997
1979
1964
2008
2020
2015
2026
2011
2033
2047
2067
2058
2076
2052
2092
2082
2108
2079
2097
2109
2124
2108
2123
2092
2119
2115
2138
2116
2140
2129
2169
2149
2160
2143
2176
2183
2205
2163
2198
2190
2222
2193
2214
2199
2221
2211
2239
2211
2231
2223
2247
2220
2245
2208
2231
2194
2212
2166
2185
2149
2170
2129
2143
2095
2115
2078
2112
2057
2087
2037
2073
2039
2061
2009
2020
1958
1973
1931
1931
1852
1880
1833
1850
1766
1766
1722
1744
1700
1698
1643
1683
1650
1651
1632
1629
1619
1655
1633
1637
1601
1607
1611
1596
1579
1571
1579
1598
1583
1559
1569
1555
1581
1580
1590
1583
1591
1587
1616
1591
1599
1594
1608
1588
1579
1571
1579
1581
1628
1616
1630
1648
1693
1696
1710
1693
1711
1719
1735
1720
1721
1698
1715
1713
1721
1704
1714
1722
1739
1727
1760
1744
1777
1775
1794
1774
1784
1779
1836
1813
1850
1819
1854
1846
1884
1871
1906
1863
1928
1891
1933
1897
1950
1926
1991
1953
1991
1950
2025
1998
2038
2020
2059
2038
2112
2070
2107
2072
2143
2116
2152
2113
2142
2126
2170
2139
2166
2146
2163
2153
2185
2143
2152
2146
2186
2168
2159
2147
2164
2159
2159
2129
2127
2110
2117
2106
2082
2061
2064
2049
2046
2041
2025
2030
2026
2027
2023
2022
2033
2041
2046
2049
2033
2038
2049
2051
2061
2065
2044
2057
2064
2066
2058
2058
2070
2073
2059
2062
2035
2054
2052
2047
2042
2048
2027
2046
2026
2030
2023
2031
2035
2051
2003
2021
2011
2046
2026
2039
2001
2030
2010
2058
2020
2037
2012
2048
2009
2033
1961
1993
1957
1997
1925
1951
1918
1938
1881
1906
1843
1876
1837
1865
1795
1854
1825
1873
1853
1886
1842
1880
1869
1914
1889
1919
1896
1949
1937
1963
1935
1972
1968
1999
1975
1999
1963
2005
1998
2009
2010
2023
2018
2051
2037
2058
2036
2047
2059
2073
2078
2095
2083
2119
2099
2107
2108
2106
2112
2117
2106
2114
2096
2102
2132
2127
2116
2125
2135
2142
2132
2150
2142
2145
2162
2161
2147
2158
2168
2168
2191
2172
2171
2188
2207
2209
2194
2180
2202
2204
2220
2198
2204
2206
2219
2192
2217
2177
2200
2192
2209
2173
2197
2160
2208
2167
2192
2143
2184
2160
2178
2129
2164
2103
2162
2116
2146
2092
2128
2088
2136
2085
2121
2078
2142
2095
2138
2109
2136
2116
2158
2126
2146
2112
2165
2147
2164
2135
2146
2123
2149
2111
2125
2112
2127
2111
2129
2101
2113
2104
2132
2121
2126
2101
2124
2127
2136
2108
2124
2090
2119
2120
2124
2089
2118
2112
2132
2103
2115
2087
2117
2109
2127
2095
2146
2136
2148
2137
2141
2125
2150
2134
2146
2128
2114
2127
2146
2137
2120
2101
2124
2114
2097
2102
2076
2088
2083
2076
2061
2071
2054
2082
2047
2056
2043
2064
2058
2075
2027
2061
2040
2101
2072
2094
2068
2112
2095
2141
2095
2130
2104
2156
2134
2173
2128
2160
2143
2195
2156
2181
2152
2188
2179
2214
2168
2199
2175
2220
2180
2215
2191
2213
2197
2223
2194
2204
2183
2219
2221
2239
2207
2222
2219
2242
2217
2223
2191
2221
2213
2232
2187
2214
2192
2201
2175
2177
2143
2172
2153
2161
2121
2142
2135
2168
2140
2145
2117
2153
2126
2131
2120
2113
2108
2133
2111
2122
2097
2106
2132
2126
2116
2115
2142
2155
2134
2138
2148
2127
2146
2133
2146
2137
2149
2130
2171
2143
2161
2143
2178
2166
2183
2157
2190
2164
2210
2188
2216
2178
2206
2155
2195
2157
2186
2165
2201
2172
2196
2155
2199
2175
2213
2179
2192
2161
2201
2173
2194
2142
2188
2169
2190
2145
2177
2164
2196
2174
2187
2143
2185
2167
2187
2174
2168
2139
2176
2139
2139
2095
2134
2103
2119
2085
2087
2056
2090
2063
2079
2058
2091
2089
2118
2089
2126
2101
2160
2146
2166
2143
2158
2153
2196
2157
2186
2170
2193
2183
2203
2174
2199
2189
2232
2209
2218
2204
2228
2227
2252
2222
2245
2237
2250
2262
2246
2245
2257
2260
2276
2280
2249
2266
2265
2292
2265
2265
2276
2295
2284
2307
2267
2291
2297
2309
2287
2306
2266
2308
2306
2314
2284
2306
2306
2323
2274
2296
2255
2296
2263
2279
2243
2256
2225
2261
2222
2234
2204
2235
2218
2244
2194
2209
2188
2222
2189
2201
2181
2194
2177
2198
2154
2184
2163
2199
2155
2190
2147
2163
2146
2167
2123
2140
2106
2136
2108
2118
2075
2098
2078
2127
2073
2123
2074
2128
2108
2142
2107
2144
2126
2152
2130
2155
2123
2170
2152
2182
2138
2165
2134
2178
2152
2174
2131
2182
2154
2174
2166
2149
2128
2154
2138
2142
2097
2103
2114
2106
2093
2076
2086
2107
2090
2086
2101
2076
2102
2097
2107
2094
2106
2087
2123
2095
2117
2104
2138
2127
2121
2107
2127
2121
2144
2126
2138
2131
2165
2153
2177
2140
2155
2169
2200
2177
2184
2179
2204
2205
2212
2187
2202
2203
2232
2209
2240
2207
2242
2230
2253
2228
2246
2212
2252
2233
2255
2206
2231
2215
2238
2206
2225
2173
2216
2174
2190
2139
2163
2123
2161
2098
2116
2059
2091
2029
2042
1996
2015
1978
2013
1960
1978
1914
1964
1914
1950
1907
1926
1894
1935
1895
1920
1893
1910
1889
1920
1874
1884
1867
1894
1870
1868
1851
1850
1843
1855
1820
1829
1813
1816
1825
1820
1813
1829
1834
1843
1850
1832
1837
1854
1865
1873
1875
1894
1895
1896
1908
1893
1876
1898
1910
1894
1889
1885
1874
1901
1900
1903
1893
1895
1893
1916
1903
1898
1900
1937
1923
1920
1899
1922
1919
1946
1919
1917
1932
1961
1937
1973
1941
1978
1988
2016
1995
2005
1983
2041
2030
2074
2033
2084
2065
2094
2067
2103
2054
2120
2079
2117
2060
2108
2080
2132
2079
2113
2059
2111
2071
2103
2072
2105
2068
2119
2076
2124
2070
2120
2087
2126
2078
2101
2065
2113
2078
2094
2069
2083
2089
2106
2081
2084
2078
2113
2107
2125
2115
2119
2127
2152
2127
2139
2139
2159
2168
2180
2170
2176
2197
2217
2215
2205
2191
2214
2238
2249
2231
2250
2248
2259
2266
2251
2249
2268
2267
2272
2268
2260
2264
2268
2286
2258
2253
2253
2269
2271
2270
2245
2250
2248
2253
2222
2222
2187
2216
2191
2197
2170
2182
2166
2192
2139
2162
2114
2159
2128
2150
2113
2146
2099
2162
2106
2137
2083
2132
2100
2145
2095
2133
2073
2120
2080
2106
2051
2106
2067
2105
2064
2091
2044
2084
2038
2080
2041
2052
2040
2077
2036
2054
2027
2050
2056
2075
2050
2056
2048
2085
2057
2067
2057
2081
2089
2104
2078
2086
2094
2126
2140
2123
2109
2145
2148
2159
2142
2155
2152
2181
2181
2181
2162
2192
2194
2194
2186
2179
2171
2200
2195
2194
2163
2168
2172
2171
2154
2155
2139
2161
2153
2143
2134
2116
2133
2142
2123
2115
2105
2088
2127
2104
2105
2079
2107
2106
2106
2080
2093
2054
2082
2065
2077
2049
2080
2035
2088
2041
2069
2043
2086
2054
2075
2045
2087
2042
2100
2058
2084
2038
2099
2061
2101
2049
2087
2074
2131
2079
2101
2079
2118
2111
2132
2091
2118
2105
2141
2129
2152
2114
2142
2132
2153
2122
2155
2140
2180
2166
2173
2146
2178
2168
2178
2165
2176
2157
2201
2179
2187
2159
2188
2172
2189
2143
2144
2127
2170
2135
2141
2108
2128
2110
2127
2102
2125
2107
2143
2126
2131
2110
2124
2110
2136
2108
2128
2125
2122
2131
2137
2117
2125
2128
2168
2155
2136
2124
2116
2134
2132
2122
2129
2120
2114
2129
2103
2105
2088
2113
2089
2102
2053
2075
2062
2092
2055
2063
2051
2060
2039
2061
2017
2050
2040
2068
2025
2052
2003
2045
2022
2050
2008
2029
2014
2042
2006
2024
1978
2019
1991
2002
1968
1995
1975
2006
1981
2006
1966
2009
1997
2029
2012
2046
2024
2067
2039
2071
2038
2090
2087
2119
2094
2118
2100
2144
2117
2156
2132
2158
2129
2173
2143
2168
2140
2170
2155
2184
2149
2174
2150
2201
2158
2193
2151
2202
2181
2207
2153
2196
2169
2209
2169
2184
2135
2183
2145
2176
2121
2150
2131
2168
2126
2149
2123
2185
2146
2176
2155
2168
2160
2199
2160
2187
2174
2184
2199
2195
2172
2178
2170
2186
2148
2134
2135
2133
2138
2126
2111
2091
2086
2079
2087
2060
2050
2055
2063
2057
2047
2043
2051
2047
2054
2038
2030
2028
2014
1999
2000
1981
1983
1987
1976
1957
1937
1929
1946
1934
1931
1912
1924
1939
1942
1930
1933
1910
1943
1945
1939
1939
1950
1934
1983
1952
1978
1952
1986
1989
1994
1983
2022
1987
2041
2005
2049
2018
2073
2047
2103
2052
2085
2050
2122
2076
2126
2088
2130
2105
2154
2089
2127
2092
2153
2123
2150
2103
2122
2098
2141
2098
2135
2102
2129
2109
2129
2106
2136
2111
2137
2126
2123
2100
2095
2088
2107
2091
2096
2079
2091
2082
2088
2085
2105
2095
2107
2103
2097
2096
2110
2127
2127
2114
2131
2120
2121
2134
2133
2130
2142
2130
2132
2130
2109
2120
2129
2122
2118
2125
2143
2149
2141
2134
2122
2140
2162
2155
2156
2156
2151
2181
2185
2182
2171
2194
2207
2222
2195
2210
2194
2228
2206
2227
2210
2244
2205
2256
2211
2252
2214
2270
2242
2284
2234
2279
2241
2291
2239
2283
2245
2292
2263
2300
2252
2294
2239
2283
2237
2282
2241
2270
2239
2276
2228
2256
2230
2271
2252
2266
2242
2265
2247
2281
2246
2268
2248
2273
2268
2274
2228
2247
2228
2232
2214
2210
2187
2196
2187
2191
2154
2155
2145
2165
2154
2154
2132
2150
2142
2152
2143
2134
2135
2169
2147
2159
2130
2119
2149
2153
2134
2123
2133
2152
2132
2142
2134
2136
2142
2152
2152
2160
2157
2158
2172
2165
2165
2166
2196
2188
2168
2165
2172
2177
2210
2183
2192
2177
2198
2167
2195
2164
2187
2180
2208
2183
2197
2167
2212
2174
2215
2182
2216
2197
2236
2209
2255
2195
2236
2209
2256
2217
2237
2199
2256
2211
2252
2205
2248
2227
2257
2227
2247
2187
2228
2202
2220
2159
2187
2164
2183
2135
2146
2104
2135
2111
2120
2098
2100
2108
2135
2105
2116
2093
2132
2109
2129
2107
2131
2131
2157
2134
2145
2133
2157
2157
2181
2159
2177
2154
2186
2164
2172
2146
2164
2139
2162
2126
2138
2114
2126
2110
2118
2080
2094
2068
2080
2059
2050
2029
2035
2008
1996
1959
1970
1957
1945
1947
1931
1926
1941
1953
1951
1966
1942
1968
1965
1992
1971
1978
1974
2009
1993
2024
1991
2030
2027
2066
2040
2077
2031
2093
2072
2102
2063
2107
2102
2144
2101
2131
2112
2168
2144
2166
2134
2166
2151
2211
2158
2198
2172
2219
2193
2227
2190
2209
2204
2243
2205
2221
2200
2239
2233
2240
2215
2243
2225
2253
2211
2245
2225
2255
2243
2260
2232
2246
2222
2262
2245
2259
2233
2266
2251
2271
2229
2257
2220
2260
2234
2270
2235
2266
2235
2271
2236
2256
2226
2264
2235
2265
2207
2219
2211
2227
2191
2202
2159
2191
2147
2145
2123
2104
2087
2107
2065
2066
2042
2034
2055
2029
2022
2005
2010
2018
2015
2008
2030
2005
2056
2045
2054
2045
2080
2072
2117
2089
2108
2100
2157
2133
2145
2125
2161
2158
2198
2162
2183
2170
2204
2182
2200
2172
2206
2200
2208
2185
2199
2161
2196
2177
2186
2160
2180
2178
2186
2166
2181
2147
2179
2167
2192
2162
2180
2158
2186
2158
2178
2132
2166
2141
2151
2129
2145
2110
2138
2102
2123
2068
2112
2065
2107
2050
2074
2025
2053
2003
2027
1982
1999
1962
2000
1943
1964
1925
1975
1954
1979
1936
1952
1939
1989
1943
1976
1950
1978
1981
1989
1965
1988
1995
2033
2015
2010
1997
2008
2011
2012
1982
2001
2007
1998
2000
1980
1968
1975
1972
1961
1966
1927
1925
1916
1924
1887
1878
1873
1886
1862
1865
1827
1845
1843
1829
1821
1828
1808
1845
1825
1838
1822
1843
1849
1857
1844
1861
1843
1876
1863
1870
1868
1886
1874
1914
1885
1893
1876
1888
1878
1882
1829
1839
1810
1833
1798
1796
1752
1782
1772
1807
1781
1820
1802
1861
1844
1901
1861
1897
1886
1946
1905
1941
1930
1987
1974
2011
1962
2009
1987
2042
1994
2044
2003
2041
2027
2060
2005
2024
1998
2002
2002
2000
1970
1991
1984
1999
1958
1962
1953
1968
1971
1961
1940
1966
1970
1950
1955
1930
1928
1943
1945
1929
1922
1921
1948
1947
1961
1948
1953
1973
1983
1970
1998
1985
2014
2000
2007
2002
2020
2002
2037
2018
2029
2023
2054
2054
2057
2058
2071
2051
2089
2082
2081
2071
2095
2078
2127
2106
2113
2086
2122
2120
2122
2098
2114
2102
2143
2110
2129
2111
2153
2124
2149
2112
2142
2113
2160
2119
2149
2110
2155
2135
2174
2116
2150
2123
2169
2125
2148
2094
2154
2114
2132
2070
2094
2050
2084
2037
2062
2002
2043
2006
2015
1973
1975
1945
1972
1935
1962
1921
1960
1936
1957
1939
1958
1935
1967
1939
1957
1945
1930
1935
1947
1931
1925
1912
1936
1923
1907
1897
1891
1899
1904
1883
1871
1863
1843
1852
1839
1824
1804
1803
1793
1792
1751
1751
1747
1769
1759
1747
1719
1721
1720
1724
1705
1691
1690
1701
1688
1684
1661
1678
1686
1713
1709
1723
1742
1787
1783
1806
1794
1825
1838
1863
1856
1882
1849
1900
1891
1911
1880
1915
1907
1952
1915
1952
1910
1976
1948
1981
1943
1996
1967
2031
1989
2033
1995
2059
2027
2083
2050
2077
2048
2112
2070
2110
2052
2103
2077
2110
2069
2092
2045
2076
2021
2025
1970
1957
1916
1924
1860
1847
1800
1798
1786
1780
1739
1743
1724
1742
1695
1702
1685
1689
1682
1675
1666
1664
1657
1663
1678
1670
1649
1677
1681
1694
1675
1690
1706
1729
1735
1731
1728
1756
1774
1786
1794
1795
1815
1833
1837
1851
1836
1852
1867
1873
1879
1879
1879
1901
1891
1891
1902
1883
1915
1912
1926
1916
1926
1924
1958
1937
1962
1941
1989
1984
1999
1971
2014
1985
2039
2006
2032
2002
2043
2005
2056
1996
2029
1991
2058
2016
2048
2019
2064
2045
2091
2038
2065
2039
2100
2074
2105
2078
2110
2084
2070
2060
2055
2087
2060
2061
2019
2049
2032
2047
2006
2026
1993
2042
2024
2041
2015
2050
2049
2071
2036
2062
2040
2083
2058
2075
2051
2081
2072
2107
2067
2091
2069
2108
2068
2096
2066
2075
2052
2079
2035
2054
2002
2034
2011
2024
1983
1998
1972
2003
1956
1980
1927
1964
1935
1959
1914
1947
1926
1961
1946
1973
1937
1984
1966
2001
1970
2006
1990
2029
2023
2044
2008
2050
2032
2046
2036
2038
2021
2047
2039
2042
2000
1994
2020
2009
2000
1971
1969
1989
1980
1953
1969
1929
1952
1932
1928
1895
1900
1860
1898
1849
1856
1825
1852
1834
1838
1804
1832
1806
1847
1829
1851
1831
1857
1831
1868
1835
1859
1852
1898
1891
1899
1886
1919
1913
1960
1939
1954
1942
1982
1967
2010
1980
1996
1983
2019
1997
2017
1994
2024
2008
2037
2003
2024
2007
2051
2022
2051
2021
2062
2058
2096
2064
2099
2072
2135
2112
2145
2105
2164
2137
2172
2142
2169
2138
2197
2161
2183
2140
2186
2167
2212
2175
2202
2179
2236
2203
2224
2202
2206
2209
2234
2216
2238
2216
2268
2255
2235
2242
2223
2234
2239
2250
2237
2249
2218
2263
2242
2251
2227
2251
2250
2261
2228
2247
2219
2252
2235
2252
2233
2248
2221
2262
2232
2253
2233
2263
2242
2246
2212
2228
2207
2247
2219
2224
2198
2219
2193
2218
2173
2180
2147
2163
2121
2135
2088
2104
2089
2106
2071
2087
2081
2114
2111
2143
2106
2150
2128
2151
2110
2151
2106
2157
2134
2154
2114
2157
2128
2165
2125
2147
2110
2174
2134
2160
2111
2144
2129
2170
2134
2166
2130
2178
2150
2183
2161
2174
2169
2195
2163
2193
2161
2180
2183
2182
2165
2163
2168
2195
2160
2154
2159
2142
2150
2142
2128
2109
2109
2090
2113
2084
2076
2060
2085
2075
2063
2039
2036
2014
2029
2003
1999
1981
1987
1968
1964
1937
1947
1954
1958
1934
1939
1919
1958
1962
1973
1966
1982
1999
2011
2010
2024
1999
2033
2037
2056
2045
2056
2053
2092
2061
2076
2070
2117
2099
2102
2084
2102
2083
2130
2100
2104
2071
2122
2093
2127
2082
2130
2091
2134
2096
2130
2099
2147
2134
2172
2131
2162
2128
2191
2168
2200
2151
2195
2168
2212
2170
2201
2166
2205
2176
2215
2169
2197
2161
2204
2165
2186
2143
2169
2152
2181
2147
2171
2147
2184
2174
2178
2161
2192
2184
2193
2177
2166
2166
2182
2174
2173
2146
2177
2171
2165
2161
2133
2137
2146
2130
2114
2107
2091
2111
2094
2073
2053
2057
2061
2063
2026
2020
1999
2019
2012
1995
1990
1979
1984
2009
1986
1984
1967
1981
1982
1976
1946
1947
1935
1943
1925
1931
1936
1941
1937
1948
1917
1938
1938
1965
1954
1967
1924
1960
1946
1964
1915
1926
1912
1935
1897
1926
1875
1918
1898
1935
1918
1953
1921
1987
1951
2002
1951
2017
1997
2054
2012
2051
2018
2083
2045
2091
2045
2080
2070
2110
2077
2111
2082
2141
2109
2145
2112
2136
2131
2169
2134
2155
2153
2179
2178
2190
2168
2197
2193
2213
2175
2203
2190
2205
2205
2194
2162
2169
2156
2141
2122
2100
2084
2089
2078
2055
2012
1990
1979
1973
1939
1926
1910
1921
1914
1906
1905
1899
1911
1916
1898
1900
1877
1888
1919
1922
1922
1902
1920
1938
1954
1957
1966
1957
1996
2009
2011
2006
2022
2014
2051
2020
2043
2032
2075
2070
2085
2057
2094
2072
2134
2116
2136
2101
2152
2111
2178
2130
2158
2130
2184
2136
2167
2140
2178
2148
2186
2122
2168
2141
2195
2157
2186
2141
2190
2161
2198
2148
2194
2165
2207
2186
2203
2183
2213
2202
2228
2219
2222
2208
2252
2238
2247
2235
2264
2256
2277
2259
2270
2263
2292
2282
2297
2286
2271
2275
2296
2284
2289
2265
2285
2256
2257
2236
2225
2219
2232
2203
2207
2170
2172
2164
2163
2133
2138
2119
2142
2127
2107
2085
2074
2086
2087
2057
2054
2033
2028
2040
2016
1995
1983
1995
1999
1992
1959
1954
1954
1965
1935
1922
1926
1947
1909
1932
1890
1923
1900
1920
1893
1927
1875
1924
1893
1928
1899
1935
1925
1975
1941
1968
1915
1980
1963
1999
1966
2013
1983
2042
2003
2040
1997
2050
2031
2077
2042
2068
2043
2086
2069
2094
2070
2096
2092
2116
2093
2111
2091
2118
2102
2114
2099
2096
2098
2113
2099
2108
2083
2097
2107
2105
2100
2105
2105
2130
2109
2116
2107
2101
2107
2113
2096
2090
2081
2086
2103
2084
2071
2067
2073
2065
2043
2040
2036
2041
2041
2018
2006
2015
2022
2005
2009
1985
1986
1991
2013
1989
1992
1949
1980
1970
1985
1962
1974
1963
1986
1942
1967
1923
1966
1946
1975
1937
1955
1931
2013
1958
2003
1955
2018
1998
2035
2003
2044
1997
2050
2001
2053
1989
2041
2011
2044
2005
2038
2010
2061
2022
2059
2029
2035
2031
2065
2035
2056
2031
2073
2044
2053
2029
2046
2035
2045
2030
2046
2030
2048
2050
2048
2017
2025
2024
2040
2025
2018
1994
2012
2014
2029
1991
1989
1982
1987
1969
1963
1938
1956
1951
1943
1923
1898
1891
1914
1896
1885
1857
1881
1873
1878
1872
1866
1859
1873
1870
1876
1868
1848
1874
1868
1861
1847
1845
1838
1840
1812
1824
1792
1830
1804
1821
1809
1813
1782
1824
1775
1803
1769
1799
1769
1804
1765
1805
1779
1841
1811
1844
1806
1851
1809
1847
1786
1816
1772
1830
1775
1813
1770
1794
1761
1796
1743
1758
1722
1761
1738
1752
1711
1736
1715
1746
1702
1727
1705
1739
1733
1756
1736
1760
1757
1787
1785
1792
1786
1830
1829
1843
1825
1853
1877
1902
1892
1897
1889
1932
1926
1945
1938
1944
1966
1993
1987
2003
1996
2021
2049
2046
2028
2039
2045
2069
2039
2042
2045
2039
2050
2044
2027
2010
2007
1997
2017
1999
2009
1989
1999
1991
1977
1960
1980
1964
1981
1952
1969
1944
1956
1914
1945
1895
1923
1891
1920
1888
1915
1875
1928
1901
1944
1891
1920
1891
1940
1903
1937
1871
1922
1886
1920
1858
1889
1860
1919
1886
1917
1880
1941
1925
1971
1957
1982
1972
2028
2008
2042
2004
2053
2038
2068
2037
2050
2042
2084
2057
2060
2045
2061
2061
2089
2077
2091
2078
2111
2105
2102
2090
2100
2104
2136
2109
2125
2117
2123
2127
2131
2128
2127
2127
2144
2128
2132
2119
2127
2118
2115
2095
2107
2099
2099
2103
2099
2087
2088
2094
2113
2112
2089
2102
2107
2129
2124
2127
2140
2147
2147
2163
2142
2161
2168
2184
2153
2173
2129
2175
2150
2169
2128
2151
2138
2154
2090
2119
2066
2119
2077
2086
2036
2060
2015
2050
1988
2012
1950
2007
1963
1995
1935
1949
1915
1961
1911
1928
1865
1911
1894
1923
1898
1926
1908
1959
1928
1959
1942
1961
1943
1976
1940
1951
1938
1950
1953
1943
1923
1933
1918
1930
1900
1891
1883
1892
1875
1872
1847
1855
1846
1846
1845
1830
1807
1826
1816
1813
1776
1778
1769
1777
1764
1752
1719
1727
1719
1717
1709
1694
1685
1714
1706
1708
1692
1694
1727
1746
1757
1748
1762
1795
1781
1782
1794
1774
1819
1821
1834
1816
1839
1825
1887
1847
1869
1843
1891
1879
1897
1865
1901
1877
1927
1885
1912
1882
1935
1891
1935
1884
1913
1867
1907
1859
1891
1859
1881
1857
1884
1843
1878
1841
1885
1867
1893
1862
1875
1882
1916
1886
1900
1885
1904
1919
1927
1895
1897
1883
1906
1903
1895
1882
1899
1903
1918
1909
1923
1912
1937
1950
1956
1948
1979
1990
2005
2002
1993
2006
2033
2035
2032
2020
2065
2062
2074
2075
2073
2066
2090
2089
2100
2092
2077
2091
2100
2098
2089
2098
2108
2116
2094
2098
2086
2112
2115
2116
2112
2132
2102
2151
2125
2146
2119
2165
2155
2188
2139
2167
2140
2188
2157
2182
2149
2192
2159
2201
2149
2186
2148
2189
2140
2175
2123
2147
2105
2147
2090
2118
2073
2115
2093
2120
2073
2105
2075
2114
2064
2105
2077
2110
2106
2139
2106
2142
2124
2170
2164
2188
2162
2204
2201
2214
2181
2200
2198
2239
2228
2238
2211
2237
2236
2246
2238
2242
2225
2253
2238
2240
2213
2224
2236
2248
2244
2249
2228
2258
2240
2243
2226
2222
2229
2233
2205
2226
2209
2207
2218
2205
2191
2189
2191
2195
2166
2167
2173
2171
2170
2164
2168
2174
2188
2180
2199
2173
2189
2179
2204
2197
2205
2201
2228
2206
2250
2222
2245
2222
2265
2243
2281
2234
2281
2258
2300
2270
2290
2259
2306
2263
2310
2259
2304
2290
2322
2284
2307
2253
2303
2262
2293
2244
2288
2248
2287
2251
2260
2214
2258
2232
2248
2221
2217
2201
2235
2197
2205
2169
2206
2167
2172
2131
2132
2101
2109
2068
1981
1982
1968
2002
1955
1966
1934
1963
1921
1963
1923
1947
1931
1965
1933
1960
1938
1981
1971
1994
1959
1991
1969
2012
1970
2005
1967
2010
1998
2032
1983
2022
1990
2025
2010
2035
1988
2037
2003
2047
2006
2032
2023
2058
2036
2046
2016
2052
2036
2063
2045
2041
2047
2076
2056
2069
2033
2036
2055
2051
2048
2032
2048
2055
2050
2035
2049
2018
2053
2038
2034
2025
2044
2020
2055
2028
2039
2019
2046
2035
2034
2008
2023
2007
2038
2028
2037
2026
2045
2019
2039
2009
2011
2009
2030
2009
2010
1986
2018
2004
2021
2007
2011
2018
2033
2015
2030
1998
2034
2023
2040
2016
2027
2005
2048
2035
2061
2017
2059
2052
2078
2056
2084
2053
2112
2081
2110
2071
2139
2114
2171
2123
2165
2112
2187
2148
2189
2163
2197
2174
2227
2183
2230
2183
2234
2219
2264
2237
2252
2237
2289
2254
2285
2260
2285
2282
2314
2283
2319
2303
2335
2331
2319
2306
2319
2333
2348
2318
2333
2327
2336
2358
2334
2314
2307
2321
2328
2319
2294
2299
2299
2313
2288
2273
2256
2258
2244
2246
2224
2218
2201
2198
2182
2163
2130
2126
2116
2107
2084
2063
2062
2064
2054
2054
2030
2043
2053
2054
2033
2035
2017
2045
2039
2038
2025
2048
2065
2068
2031
2052
2023
2063
2048
2058
2028
2056
2029
2077
2028
2052
2023
2069
2058
2090
2022
2057
2026
2093
2036
2071
2023
2084
2067
2105
2058
2099
2059
2112
2054
2102
2073
2121
2083
2102
2056
2081
2048
2090
2059
2074
2038
2071
2052
2075
2028
2047
2031
2050
2048
2054
2044
2058
2047
2052
2060
2053
2052
2063
2066
2074
2063
2055
2061
2065
2085
2073
2070
2085
2095
2108
2110
2099
2098
2132
2139
2131
2117
2115
2142
2139
2140
2127
2125
2155
2155
2151
2148
2128
2158
2156
2156
2147
2151
2146
2180
2151
2162
2144
2186
2184
2195
2168
2193
2177
2231
2200
2212
2191
2223
2196
2232
2180
2198
2180
2210
2170
2182
2141
2168
2118
2144
2085
2102
2065
2096
2037
2066
2000
2030
1987
2031
1964
1987
1952
1986
1939
1965
1916
1940
1906
1940
1900
1905
1860
1887
1863
1886
1852
1884
1861
1891
1876
1901
1869
1903
1900
1924
1916
1926
1916
1952
1935
1941
1911
1930
1912
1931
1895
1898
1874
1888
1863
1867
1839
1858
1858
1868
1832
1852
1842
1877
1843
1857
1830
1858
1847
1870
1843
1869
1845
1874
1858
1871
1851
1886
1880
1898
1887
1899
1885
1904
1897
1897
1862
1887
1876
1872
1861
1850
1846
1857
1848
1849
1851
1823
1846
1839
1842
1837
1834
1840
1856
1821
1850
1812
1848
1838
1859
1838
1863
1838
1885
1860
1888
1844
1888
1870
1887
1838
1859
1821
1866
1824
1830
1784
1805
1785
1822
1784
1810
1795
1851
1828
1855
1820
1849
1847
1886
1850
1873
1876
1911
1904
1925
1895
1920
1907
1939
1909
1945
1927
1971
1960
1974
1935
1971
1951
1995
1966
1981
1937
1979
1959
1979
1936
1973
1946
1973
1925
1947
1905
1949
1903
1939
1896
1929
1893
1938
1896
1930
1883
1907
1892
1919
1880
1896
1849
1881
1843
1849
1813
1823
1795
1821
1794
1815
1779
1803
1809
1811
1796
1800
1802
1842
1811
1819
1821
1833
1847
1845
1829
1841
1850
1856
1881
1861
1858
1871
1899
1897
1902
1897
1920
1923
1951
1936
1944
1972
2003
1991
2007
1980
2015
2022
2031
2015
2031
2023
2058
2053
2058
2044
2052
2058
2054
2042
2058
2037
2060
2063
2064
2060
2080
2069
2110
2089
2120
2107
2147
2151
2159
2143
2189
2170
2213
2187
2220
2192
2231
2206
2252
2215
2245
2223
2270
2251
2272
2232
2277
2257
2307
2252
2291
2268
2321
2286
2318
2263
2303
2272
2318
2262
2286
2246
2284
2259
2279
2213
2239
2205
2232
2200
2201
2147
2186
2160
2172
2135
2177
2156
2179
2155
2171
2139
2167
2159
2179
2169
2163
2163
2188
2169
2171
2155
2198
2187
2195
2186
2183
2178
2204
2178
2181
2185
2184
2202
2213
2210
2221
2213
2243
2241
2224
2209
2192
2202
2202
2181
2174
2154
2147
2148
2127
2105
2095
2089
2077
2057
2022
2002
2000
2011
2002
1986
1981
1983
1971
1983
1956
1974
1967
1993
1979
1989
1947
1983
1975
1999
1970
1969
1959
1989
1961
1992
1952
1980
1966
1992
1952
1982
1927
1991
1965
1993
1949
2006
1987
2026
1981
2004
1962
2027
1983
2004
1964
1999
1987
2021
1976
2004
1963
2008
1967
2000
1974
1988
1975
2012
1963
1981
1952
1999
2000
2019
1998
2030
2029
2068
2044
2078
2061
2089
2083
2101
2073
2087
2062
2077
2065
2075
2046
2061
2048
2065
2032
2048
2039
2040
2034
2044
2022
2033
2022
2034
2042
2037
2006
2012
2021
2033
2002
2005
2009
2023
2032
2036
2021
2048
2063
2068
2074
2063
2069
2078
2091
2089
2075
2058
2099
2086
2113
2085
2109
2097
2105
2078
2102
2066
2101
2080
2095
2051
2063
2021
2053
2013
2025
1973
2004
1987
2007
1969
2003
1969
2018
1997
2020
1999
2036
2007
2051
2010
2043
2023
2063
2033
2058
2034
2043
2033
2062
2021
2023
1990
2017
1981
1991
1950
1953
1928
1963
1921
1947
1935
1966
1962
1975
1940
1956
1937
1983
1955
1974
1945
1976
1964
1990
1959
1985
1956
2012
1989
2021
1982
2037
2007
2040
2017
2026
2001
2048
2023
2044
1995
2036
2008
2038
2007
2035
1996
2046
2016
2051
2027
2036
2043
2071
2048
2065
2051
2081
2079
2070
2068
2058
2062
2064
2041
2045
2053
2031
2046
2021
2024
1999
2012
1999
2007
1972
1989
1984
2010
1996
2004
1989
2012
2000
2031
2000
2008
1999
2032
2016
2019
1978
1983
1964
1972
1939
1933
1925
1910
1897
1888
1843
1849
1833
1831
1804
1811
1777
1816
1807
1830
1824
1855
1871
1912
1893
1908
1876
1935
1932
1955
1927
1952
1923
1974
1936
1954
1906
1935
1906
1932
1871
1884
1821
1883
1826
1855
1789
1839
5835
1958
1962
1968
1979
1982
1985
1991
2001
2011
2009
2002
2010
2020
2025
2030
2043
2035
2032
2043
2048
2048
2046
2060
2059
2064
2067
2061
2063
2062
2080
2085
2095
2103
2104
2099
2116
2117
2127
2117
2127
2127
2133
2134
2125
2125
2136
2134
2142
2146
2140
2134
2139
2140
2148
2139
2137
2150
2160
2148
2145
2150
2152
2157
2158
2155
2156
2163
2172
2165
2173
2163
2171
2168
2163
2163
2165
2165
2171
2166
2160
2149
2152
2166
2170
2151
2148
2138
2135
2130
2131
2124
2107
2111
2123
2106
2099
2090
2094
2091
2086
2077
2076
2070
2073
2071
2067
2078
2084
2068
2069
2079
2078
2088
2089
2094
2106
2101
2094
2091
2095
2104
2103
2094
2099
2097
2091
2107
2103
2102
2100
2105
2097
2102
2098
2099
2092
2087
2086
2077
2071
2071
2064
2063
2059
2053
2048
2055
2056
2046
2044
2040
2036
2038
2042
2050
2048
2045
2042
2050
2051
2056
2045
2043
2051
2051
2062
2045
2061
2064
2058
2057
2049
2049
2052
2058
2062
2060
2057
2066
2075
2086
2082
2088
2086
2099
2099
2111
2115
2113
2117
2123
2126
2126
2124
2138
2137
2140
2140
2150
2148
2148
2145
2158
2156
2150
2155
2156
2152
2155
2155
2149
2143
2151
2154
2158
2158
2159
2143
2154
2152
2167
2177
2176
2181
2187
2185
2178
2177
2192
2184
2185
2200
2203
2196
2210
2196
2202
2192
2201
2211
2207
2203
2220
2215
2213
2207
2206
2213
2206
2210
2206
2199
2194
2198
2200
2195
2203
2202
2204
2200
2194
2195
2204
2190
2191
2183
2175
2176
2185
2186
2177
2164
2178
2167
2158
2155
2155
2152
2149
2154
2148
2142
2143
2139
2138
2144
2138
2129
2132
2127
2117
2110
2103
2104
2100
2100
2096
2097
2101
2105
2106
2106
2112
2115
2118
2122
2117
2122
2124
2123
2109
2095
2105
2106
2106
2092
2082
2079
2082
2077
2069
2060
2055
2043
2030
2029
2030
2019
2022
2010
2006
1995
1986
1983
1985
1982
1984
1978
1981
1967
1956
1949
1955
1951
1941
1919
1904
1898
1887
1875
1863
1844
1837
1831
1820
1812
1800
1805
1808
1807
1806
1805
1804
1812
1813
1814
1812
1816
1831
1828
1823
1827
1836
1851
1855
1869
1875
1882
1885
1908
1915
1939
1950
1966
1978
1989
1993
2005
2016
2037
2037
2033
2040
2048
2072
2080
2077
2081
2093
2101
2101
2120
2128
2126
2131
2140
2138
2141
2143
2146
2156
2162
2158
2158
2162
2159
2153
2154
2158
2151
2147
2150
2153
2147
2147
2140
2141
2152
2149
2152
2148
2139
2152
2147
2151
2153
2158
2159
2161
2163
2159
2154
2159
2164
2167
2166
2170
2169
2162
2154
2147
2155
2149
2148
2147
2147
2131
2101
2111
2124
2124
2115
2101
2090
2097
2092
2088
2088
2091
2092
2102
2098
2089
2083
2074
2077
2066
2067
2061
2065
2060
2055
2071
2067
2053
2050
2043
2033
2035
2029
2018
2002
1992
1971
1969
1956
1938
1928
1921
1901
1882
1866
1847
1829
1828
1829
1832
1825
1814
1820
1823
1823
1818
1823
1835
1835
1840
1850
1845
1855
1866
1870
1889
1894
1895
1911
1918
1934
1940
1939
1949
1960
1973
1977
1981
1982
1995
2006
2018
2018
2006
2003
2005
1995
1998
1987
1985
1973
1966
1960
1962
1951
1951
1940
1947
1947
1951
1951
1957
1958
1966
1965
1981
1982
1992
1993
2006
2012
2025
2025
2022
2031
2038
2043
2048
2058
2072
2074
2079
2076
2085
2089
2100
2109
2107
2106
2106
2108
2117
2110
2113
2122
2132
2138
2135
2137
2138
2145
2157
2159
2156
2159
2157
2164
2161
2156
2157
2163
2167
2162
2156
2154
2154
2160
2152
2151
2155
2161
2150
2163
2159
2159
2167
2161
2159
2163
2159
2155
2159
2155
2150
2149
2146
2156
2157
2153
2160
2160
2160
2160
2162
2159
2167
2166
2176
2185
2177
2179
2183
2188
2192
2188
2190
2178
2170
2176
2187
2176
2184
2177
2179
2166
2160
2157
2158
2156
2152
2145
2135
2122
2118
2119
2117
2106
2099
2084
2068
2058
2051
2055
2043
2039
2042
2043
2051
2054
2055
2062
2068
2077
2075
2079
2076
2079
2092
2089
2086
2085
2077
2085
2084
2082
2090
2078
2063
2058
2062
2063
2043
2043
2052
2043
2037
2038
2041
2039
2034
2028
2036
2036
2033
2039
2041
2037
2034
2044
2047
2039
2036
2038
2044
2038
2024
2033
2030
2026
2014
2007
1994
1986
1966
1952
1949
1941
1940
1945
1931
1926
1925
1931
1934
1925
1916
1923
1924
1914
1911
1909
1907
1901
1891
1886
1891
1886
1877
1867
1855
1862
1866
1868
1859
1859
1853
1859
1847
1850
1845
1849
1851
1854
1857
1852
1859
1874
1877
1885
1897
1900
1912
1930
1934
1941
1951
1956
1972
1982
1988
1992
1993
2005
2023
2032
2048
2050
2056
2061
2068
2070
2069
2080
2079
2080
2077
2078
2076
2086
2079
2071
2065
2067
2065
2067
2063
2071
2071
2055
2070
2068
2069
2058
2057
2046
2046
2063
2060
2067
2065
2065
2064
2058
2061
2068
2065
2069
2069
2073
2058
2058
2063
2059
2050
2042
2030
2028
2024
2030
2026
2018
2015
2008
2019
2005
2000
1999
2001
1997
1983
1975
1976
1964
1967
1956
1958
1961
1959
1961
1953
1954
1953
1945
1945
1941
1956
1953
1946
1958
1963
1960
1971
1970
1979
1982
1983
1993
2002
2005
2000
2000
2006
2007
2016
2019
2010
2014
2005
2005
2000
1997
1988
1977
1965
1948
1938
1929
1912
1903
1894
1884
1871
1857
1850
1847
1843
1844
1845
1837
1835
1828
1837
1837
1840
1852
1848
1854
1865
1856
1866
1870
1884
1893
1901
1903
1914
1917
1924
1933
1944
1950
1948
1953
1953
1961
1964
1962
1972
1967
1963
1982
1986
1985
1984
1989
1987
1991
1977
1974
1976
1972
1965
1960
1954
1953
1950
1945
1934
1930
1934
1942
1942
1949
1947
1944
1949
1955
1955
1967
1963
1963
1967
1972
1975
1973
1977
1972
1976
1987
1983
1983
1988
1983
1975
1991
1986
1988
1989
1990
1992
1998
1994
1995
1993
1994
1996
1997
2005
2015
2005
2003
2017
2031
2032
2044
2040
2042
2034
2045
2046
2061
2069
2068
2081
2082
2083
2079
2075
2087
2102
2104
2096
2099
2108
2113
2120
2122
2125
2130
2127
2150
2151
2148
2161
2165
2162
2165
2175
2182
2185
2184
2190
2199
2189
2197
2208
2207
2209
2210
2209
2201
2208
2205
2211
2216
2214
2211
2197
2192
2190
2179
2174
2174
2161
2150
2131
2115
2102
2077
2060
2028
2024
2001
1966
1943
1937
1922
1897
1884
1872
1857
1855
1847
1840
1826
1818
1822
1826
1827
1840
1834
1832
1830
1817
1811
1801
1787
1771
1761
1749
1734
1721
1699
1677
1670
1661
1654
1645
1648
1642
1640
1641
1630
1624
1612
1602
1594
1598
1589
1587
1578
1581
1582
1599
1599
1608
1626
1635
1646
1662
1662
1671
1677
1674
1681
1676
1669
1667
1664
1667
1675
1688
1695
1704
1713
1735
1737
1742
1760
1764
1771
1783
1803
1816
1823
1823
1831
1827
1832
1837
1851
1858
1866
1875
1886
1877
1887
1887
1897
1907
1915
1932
1939
1962
1972
1975
1985
1997
2016
2020
2035
2037
2043
2061
2069
2078
2094
2099
2098
2100
2115
2125
2129
2130
2136
2141
2135
2143
2146
2142
2139
2144
2145
2145
2136
2140
2150
2143
2136
2130
2131
2121
2115
2105
2099
2087
2088
2080
2078
2059
2065
2063
2064
2056
2060
2057
2060
2053
2056
2051
2043
2056
2058
2063
2074
2069
2070
2066
2070
2071
2070
2067
2069
2067
2074
2065
2064
2063
2052
2058
2053
2059
2056
2060
2075
2068
2066
2062
2059
2073
2073
2078
2077
2081
2081
2088
2087
2095
2087
2085
2083
2082
2076
2087
2071
2073
2059
2053
2037
2025
2009
1989
1965
1956
1940
1932
1924
1904
1877
1870
1865
1871
1866
1875
1877
1877
1883
1890
1895
1900
1912
1910
1912
1928
1927
1934
1948
1943
1953
1961
1959
1963
1974
1976
1974
1976
1986
1984
1992
2005
2003
2020
2031
2035
2035
2040
2049
2050
2045
2057
2055
2061
2065
2066
2060
2066
2078
2087
2085
2085
2090
2110
2115
2117
2113
2108
2111
2117
2108
2109
2116
2124
2123
2124
2135
2138
2134
2148
2148
2154
2158
2161
2163
2163
2170
2185
2182
2184
2178
2182
2185
2185
2187
2185
2185
2188
2187
2184
2183
2180
2188
2183
2186
2176
2179
2181
2182
2169
2150
2148
2149
2146
2148
2134
2134
2128
2117
2122
2130
2124
2117
2104
2115
2113
2111
2109
2112
2114
2120
2121
2125
2121
2125
2117
2114
2113
2115
2109
2108
2100
2094
2088
2090
2093
2092
2087
2101
2103
2101
2093
2104
2110
2111
2101
2104
2102
2098
2087
2088
2085
2081
2079
2084
2087
2084
2080
2087
2085
2087
2101
2108
2102
2099
2110
2117
2123
2126
2124
2125
2121
2124
2134
2128
2127
2111
2109
2103
2097
2097
2092
2087
2068
2057
2048
2039
2019
2011
2019
2025
2008
1999
1992
1983
1981
1992
1992
1987
2008
2024
2020
2022
2024
2035
2042
2046
2058
2065
2077
2098
2107
2126
2114
2124
2135
2144
2149
2144
2168
2165
2167
2177
2185
2180
2184
2187
2188
2193
2204
2206
2215
2213
2220
2213
2216
2210
2211
2215
2213
2211
2213
2218
2223
2215
2207
2205
2212
2192
2193
2178
2170
2166
2167
2153
2151
2136
2139
2138
2132
2129
2128
2131
2131
2129
2130
2122
2110
2109
2112
2106
2107
2109
2121
2119
2115
2108
2112
2107
2114
2118
2118
2115
2118
2120
2126
2129
2130
2131
2128
2136
2133
2144
2156
2159
2166
2165
2165
2167
2161
2170
2164
2159
2158
2159
2148
2150
2147
2154
2153
2151
2158
2159
2160
2158
2152
2155
2160
2179
2171
2163
2161
2160
2163
2159
2159
2169
2166
2161
2158
2161
2167
2160
2151
2161
2161
2157
2163
2165
2163
2149
2141
2147
2134
2118
2114
2113
2099
2096
2091
2089
2086
2087
2082
2099
2096
2094
2095
2107
2111
2116
2123
2133
2132
2140
2139
2140
2142
2142
2151
2162
2159
2160
2164
2164
2172
2165
2168
2174
2182
2177
2183
2186
2185
2191
2201
2201
2201
2198
2202
2210
2207
2208
2206
2212
2215
2222
2225
2240
2232
2227
2236
2227
2233
2239
2244
2240
2246
2252
2255
2250
2256
2262
2256
2252
2256
2269
2276
2262
2255
2272
2272
2271
2268
2264
2244
2256
2262
2258
2259
2258
2261
2246
2254
2251
2237
2239
2230
2238
2236
2245
2234
2229
2223
2229
2232
2224
2219
2213
2200
2191
2186
2182
2180
2176
2168
2160
2151
2145
2139
2141
2146
2147
2135
2137
2134
2135
2137
2136
2158
2157
2165
2162
2159
2159
2169
2166
2172
2173
2178
2181
2187
2184
2190
2195
2201
2214
2213
2207
2207
2204
2200
2208
2207
2202
2200
2187
2186
2185
2173
2169
2160
2156
2159
2157
2150
2146
2150
2146
2148
2146
2143
2144
2147
2141
2143
2145
2154
2144
2141
2148
2157
2148
2148
2136
2139
2147
2152
2152
2157
2157
2149
2151
2155
2151
2154
2161
2167
2167
2165
2173
2170
2176
2183
2174
2179
2188
2192
2192
2194
2195
2199
2201
2208
2212
2210
2209
2197
2198
2201
2202
2206
2207
2202
2203
2205
2202
2196
2197
2200
2208
2199
2195
2197
2188
2175
2171
2166
2161
2148
2147
2135
2134
2130
2122
2120
2108
2096
2090
2091
2096
2091
2097
2085
2084
2080
2074
2074
2079
2077
2069
2060
2054
2045
2055
2056
2061
2047
2036
2034
2036
2024
2023
2011
2017
2023
2028
2029
2021
2024
2022
2028
2026
2018
2025
2030
2025
2025
2018
2019
2016
2005
2007
1994
1995
1999
1989
1988
1986
1985
1976
1969
1967
1966
1964
1976
1979
1975
1964
1962
1963
1951
1958
1961
1965
1967
1962
1966
1971
1980
1989
1988
1994
1996
2006
2016
2019
2017
2028
2032
2028
2037
2047
2058
2065
2059
2064
2064
2055
2053
2062
2061
2060
2054
2065
2052
2058
2056
2048
2046
2045
2049
2054
2046
2041
2050
2042
2043
2050
2048
2042
2048
2054
2049
2041
2038
2032
2039
2040
2040
2037
2043
2049
2052
2063
2065
2059
2066
2064
2070
2080
2092
2089
2092
2088
2101
2115
2111
2119
2116
2130
2136
2149
2141
2143
2143
2159
2159
2159
2160
2170
2174
2187
2180
2187
2186
2188
2186
2193
2189
2203
2199
2199
2201
2202
2204
2202
2195
2196
2198
2195
2198
2196
2191
2187
2182
2187
2183
2173
2167
2159
2164
2152
2149
2139
2139
2121
2114
2115
2115
2109
2107
2098
2104
2102
2098
2086
2088
2078
2087
2087
2084
2076
2061
2065
2054
2052
2053
2047
2049
2037
2037
2031
2032
2034
2034
2044
2048
2052
2054
2055
2049
2055
2071
2066
2061
2078
2068
2068
2070
2072
2066
2066
2074
2078
2089
2079
2086
2094
2108
2116
2109
2112
2126
2128
2126
2131
2146
2149
2154
2150
2156
2157
2166
2161
2177
2170
2171
2173
2165
2167
2170
2170
2168
2168
2163
2152
2142
2146
2144
2135
2143
2123
2129
2131
2127
2133
2120
2106
2099
2107
2099
2097
2092
2093
2082
2079
2068
2075
2075
2083
2075
2066
2064
2068
2065
2070
2065
2067
2071
2078
2075
2066
2065
2065
2058
2057
2065
2071
2059
2060
2058
2058
2064
2067
2070
2074
2080
2076
2086
2089
2093
2090
2089
2093
2099
2113
2111
2113
2115
2116
2117
2123
2111
2114
2121
2137
2144
2142
2141
2142
2143
2148
2145
2145
2148
2154
2145
2151
2147
2147
2142
2148
2136
2135
2137
2137
2134
2143
2130
2135
2125
2132
2124
2118
2111
2113
2119
2113
2117
2120
2119
2128
2132
2142
2140
2134
2132
2143
2139
2145
2149
2162
2169
2162
2156
2161
2166
2163
2163
2163
2164
2168
2164
2152
2157
2154
2146
2146
2148
2149
2150
2141
2136
2132
2131
2128
2132
2123
2116
2121
2128
2123
2117
2112
2097
2098
2106
2114
2104
2109
2088
2072
2060
2060
2059
2040
2044
2050
2053
2055
2034
2035
2035
2041
2049
2049
2057
2066
2070
2070
2075
2089
2094
2101
2109
2109
2117
2125
2126
2127
2132
2141
2145
2137
2141
2140
2154
2155
2158
2156
2154
2148
2161
2164
2161
2166
2173
2178
2183
2170
2160
2166
2176
2174
2168
2162
2164
2157
2163
2160
2162
2158
2147
2144
2144
2140
2139
2136
2143
2138
2135
2136
2133
2146
2155
2154
2142
2144
2163
2167
2157
2153
2158
2160
2157
2156
2151
2156
2153
2150
2140
2137
2124
2116
2119
2113
2106
2091
2088
2082
2067
2052
2052
2051
2051
2042
2030
2020
2024
2018
2015
2011
2001
1992
1988
1972
1967
1965
1963
1947
1939
1933
1930
1923
1923
1917
1913
1916
1921
1926
1925
1925
1941
1947
1937
1948
1955
1962
1961
1970
1969
1977
1976
1994
1993
1997
2003
2023
2028
2027
2042
2038
2029
2041
2048
2054
2060
2061
2070
2084
2081
2082
2095
2099
2086
2091
2099
2099
2108
2099
2097
2108
2111
2100
2107
2117
2112
2109
2115
2120
2117
2114
2126
2122
2113
2108
2114
2110
2100
2104
2096
2090
2084
2081
2082
2078
2072
2086
2082
2074
2081
2091
2084
2088
2091
2103
2104
2116
2114
2116
2122
2120
2124
2128
2125
2130
2132
2129
2130
2130
2133
2137
2131
2128
2125
2127
2132
2140
2129
2131
2134
2134
2132
2128
2136
2143
2147
2150
2144
2140
2149
2149
2154
2148
2155
2157
2170
2162
2165
2170
2176
2170
2178
2177
2183
2181
2187
2192
2193
2186
2192
2193
2204
2202
2201
2203
2208
2202
2202
2201
2196
2203
2203
2197
2192
2195
2204
2198
2198
2197
2198
2195
2199
2207
2216
2216
2202
2203
2204
2210
2216
2216
2217
2208
2204
2198
2199
2199
2187
2184
2178
2170
2155
2157
2164
2148
2140
2134
2142
2135
2137
2131
2124
2114
2123
2122
2117
2117
2115
2105
2116
2111
2108
2111
2116
2110
2109
2108
2110
2112
2110
2119
2126
2126
2125
2127
2137
2130
2132
2140
2140
2143
2137
2143
2149
2148
2148
2148
2156
2157
2151
2149
2152
2157
2152
2156
2168
2162
2162
2158
2150
2162
2159
2170
2177
2174
2173
2175
2172
2170
2178
2185
2185
2188
2190
2190
2194
2187
2193
2192
2206
2203
2204
2198
2198
2200
2193
2191
2194
2190
2186
2186
2184
2177
2163
2165
2164
2155
2151
2145
2142
2138
2141
2146
2142
2137
2144
2131
2124
2140
2142
2142
2130
2130
2130
2146
2136
2142
2128
2132
2130
2137
2129
2140
2133
2132
2123
2120
2123
2126
2124
2131
2119
2118
2114
2117
2113
2110
2098
2091
2069
2054
2039
2042
2029
2008
2007
1999
1992
1993
1992
2001
1995
2001
2007
2016
2026
2027
2032
2026
2023
2013
2028
2024
2025
2030
2034
2041
2040
2051
2058
2053
2065
2063
2067
2076
2082
2094
2086
2094
2088
2100
2106
2104
2108
2115
2128
2139
2135
2134
2133
2146
2154
2158
2155
2155
2156
2165
2168
2170
2169
2168
2186
2190
2183
2183
2189
2189
2182
2195
2195
2198
2195
2187
2198
2201
2199
2193
2195
2190
2185
2188
2190
2186
2184
2185
2192
2193
2189
2180
2186
2177
2181
2171
2182
2173
2173
2176
2182
2172
2179
2171
2176
2179
2174
2171
2164
2160
2152
2158
2142
2134
2122
2104
2093
2083
2068
2057
2038
2039
2028
2025
2017
2009
2005
1999
1989
1995
1999
2004
2007
2012
2011
2012
2018
2025
2038
2040
2057
2061
2068
2076
2063
2080
2090
2087
2087
2094
2099
2104
2111
2117
2115
2120
2131
2131
2130
2125
2121
2118
2121
2122
2118
2116
2119
2113
2123
2118
2123
2129
2132
2131
2135
2140
2128
2139
2138
2143
2149
2132
2129
2124
2123
2131
2124
2121
2114
2109
2111
2113
2109
2107
2087
2085
2073
2062
2046
2049
2039
2029
2023
2012
2002
1996
1997
1997
1987
1985
1986
1988
1989
1986
1989
1989
1992
1999
2000
1999
1998
2019
2020
2028
2039
2043
2038
2047
2057
2051
2046
2041
2050
2055
2050
2055
2052
2053
2046
2052
2044
2043
2047
2054
2048
2044
2043
2039
2029
2036
2028
2021
2012
2001
1994
1988
1985
1990
1980
1965
1957
1953
1950
1937
1926
1924
1918
1927
1912
1917
1918
1919
1909
1904
1907
1897
1897
1888
1875
1864
1843
1826
1814
1808
1803
1802
1801
1807
1793
1799
1806
1819
1824
1833
1835
1850
1861
1867
1875
1894
1901
1905
1914
1929
1930
1937
1941
1949
1978
1992
1991
1993
1992
1999
2001
1998
2001
2002
2010
2000
1990
1986
1975
1977
1979
1979
1978
1981
1987
1991
1988
1991
1992
1989
1986
1980
1978
1972
1973
1968
1962
1961
1953
1953
1953
1948
1948
1954
1953
1966
1970
1990
1994
2003
2003
1998
2010
2008
2012
2015
2020
2017
2014
2028
2031
2031
2033
2030
2040
2034
2042
2057
2065
2076
2072
2086
2090
2096
2099
2101
2112
2115
2117
2119
2122
2130
2129
2133
2124
2127
2130
2137
2139
2142
2133
2137
2137
2136
2131
2134
2131
2140
2137
2137
2133
2139
2144
2143
2139
2135
2124
2129
2136
2136
2122
2128
2125
2123
2123
2120
2105
2099
2089
2086
2075
2067
2051
2048
2039
2033
2034
2033
2018
2014
2002
1989
1987
1993
1981
1979
1966
1960
1961
1951
1946
1944
1934
1927
1927
1930
1931
1930
1920
1926
1929
1910
1902
1910
1895
1883
1883
1876
1874
1873
1860
1853
1853
1851
1857
1852
1833
1824
1815
1799
1781
1768
1765
1768
1763
1755
1759
1753
1763
1770
1779
1790
1802
1818
1821
1828
1842
1849
1857
1866
1873
1877
1882
1889
1890
1901
1903
1899
1901
1901
1912
1917
1926
1933
1931
1935
1951
1962
1977
1987
1991
1993
2007
2021
2027
2022
2041
2049
2044
2057
2065
2081
2088
2096
2092
2094
2094
2092
2091
2081
2078
2077
2075
2054
2033
2028
2011
2007
1980
1973
1950
1936
1923
1910
1921
1904
1901
1907
1892
1884
1881
1878
1879
1870
1868
1873
1865
1861
1855
1863
1868
1872
1869
1863
1875
1871
1871
1871
1879
1886
1889
1886
1895
1900
1899
1896
1908
1906
1913
1922
1928
1935
1935
1937
1940
1933
1924
1924
1922
1923
1926
1932
1940
1940
1933
1931
1935
1949
1932
1939
1939
1954
1953
1957
1965
1963
1969
1971
1971
1972
1967
1983
1985
1982
1989
1987
1997
2035
2035
2038
2057
2069
2063
2062
2063
2070
2071
2076
2073
2073
2075
2073
2075
2080
2077
2076
2070
2062
2058
2063
2064
2055
2052
2053
2038
2041
2041
2041
2042
2035
2041
2043
2041
2052
2052
2063
2056
2060
2063
2066
2070
2075
2087
2079
2087
2096
2096
2093
2104
2105
2108
2100
2104
2109
2107
2096
2098
2083
2074
2071
2066
2050
2059
2041
2029
2019
2024
2018
2003
1995
1994
1987
1994
1986
1972
1962
1974
1981
1986
1980
1994
1998
1999
1996
1999
2011
2032
2036
2034
2042
2048
2053
2061
2064
2084
2092
2073
2084
2079
2085
2086
2080
2082
2079
2080
2074
2066
2053
2039
2032
2012
2006
1984
1965
1940
1936
1934
1923
1918
1904
1910
1894
1891
1884
1883
1877
1888
1884
1883
1883
1889
1887
1892
1898
1909
1909
1915
1923
1931
1935
1941
1947
1958
1958
1968
1979
1984
1985
1995
1988
1987
1986
1994
1998
1991
2001
2006
2003
2009
2011
2011
2015
2019
2039
2040
2036
2046
2056
2059
2066
2071
2086
2086
2096
2096
2093
2093
2105
2108
2117
2116
2122
2120
2129
2122
2130
2141
2133
2134
2144
2154
2157
2162
2155
2152
2152
2156
2180
2192
2186
2181
2185
2187
2185
2189
2189
2185
2182
2197
2195
2200
2201
2207
2202
2205
2203
2204
2202
2196
2194
2196
2196
2202
2203
2197
2193
2203
2201
2202
2215
2220
2214
2207
2204
2203
2209
2208
2204
2204
2203
2204
2198
2193
2187
2183
2182
2161
2140
2142
2138
2126
2123
2112
2117
2119
2121
2115
2113
2125
2115
2126
2116
2116
2120
2128
2118
2128
2126
2131
2131
2138
2142
2138
2139
2133
2118
2126
2134
2149
2139
2142
2135
2132
2129
2132
2131
2149
2147
2154
2150
2157
2161
2167
2160
2160
2177
2175
2179
2172
2180
2186
2181
2170
2163
2170
2168
2163
2157
2157
2156
2145
2147
2147
2139
2137
2130
2129
2126
2127
2118
2101
2093
2084
2086
2082
2076
2056
2037
2023
2018
2000
1995
1992
1986
1985
1973
1972
1977
1975
1987
1991
1995
1994
2003
2009
2018
2020
2028
2029
2035
2038
2046
2054
2063
2062
2066
2067
2075
2075
2076
2084
2090
2091
2092
2096
2102
2097
2100
2103
2100
2094
2100
2105
2096
2103
2098
2100
2099
2107
2117
2110
2115
2112
2122
2120
2128
2131
2134
2140
2141
2130
2134
2140
2140
2142
2147
2138
2143
2150
2139
2140
2143
2144
2144
2139
2147
2143
2133
2143
2146
2136
2141
2136
2150
2154
2146
2154
2155
2160
2167
2171
2163
2162
2159
2160
2151
2143
2138
2147
2141
2139
2133
2126
2131
2118
2115
2101
2094
2088
2082
2073
2063
2061
2061
2039
2037
2041
2038
2035
2045
2036
2026
2033
2038
2034
2027
2024
2019
2014
2024
2018
2015
1998
1996
1980
1993
1986
1978
1977
1978
1978
1983
1983
1981
1973
1959
1973
1975
1974
1964
1948
1946
1933
1925
1931
1930
1927
1925
1938
1935
1949
1958
1959
1970
1970
1974
1988
1993
2008
2018
2026
2026
2029
2035
2049
2053
2062
2067
2075
2079
2079
2084
2091
2090
2092
2108
2110
2112
2121
2124
2127
2136
2131
2137
2142
2156
2153
2149
2147
2148
2162
2165
2163
2161
2159
2148
2144
2142
2127
2103
2090
2080
2060
2046
2034
2029
2017
2000
1993
1988
1980
1970
1960
1959
1960
1971
1973
1961
1959
1965
1967
1967
1947
1939
1950
1948
1956
1961
1959
1960
1977
1979
1992
1988
1995
2005
2006
2005
2011
2023
2019
2033
2045
2049
2062
2063
2066
2079
2092
2107
2113
2124
2122
2132
2133
2139
2137
2140
2142
2144
2154
2160
2160
2163
2162
2159
2162
2159
2167
2163
2163
2169
2163
2160
2160
2165
2169
2170
2172
2171
2177
2179
2180
2184
2188
2193
2188
2191
2209
2204
2200
2206
2210
2215
2215
2211
2216
2220
2223
2226
2229
2233
2225
2224
2222
2221
2221
2220
2204
2209
2211
2215
2208
2205
2202
2198
2188
2190
2180
2181
2174
2169
2171
2167
2155
2154
2145
2153
2146
2140
2136
2141
2125
2120
2122
2110
2094
2084
2079
2067
2058
2043
2037
2037
2036
2040
2037
2037
2024
2019
2001
1993
1993
1990
1978
1984
1974
1957
1963
1964
1953
1944
1954
1955
1935
1934
1942
1940
1950
1956
1955
1970
1966
1972
1973
1974
1989
1988
2000
2003
2001
1996
2018
2039
2049
2050
2052
2049
2058
2061
2060
2061
2072
2073
2081
2089
2098
2091
2082
2080
2084
2084
2090
2089
2100
2100
2098
2101
2103
2105
2109
2101
2110
2112
2111
2113
2116
2114
2120
2107
2109
2107
2107
2105
2115
2112
2101
2100
2084
2083
2085
2085
2080
2067
2071
2068
2059
2054
2047
2058
2064
2061
2065
2056
2053
2052
2037
2039
2038
2039
2022
2026
2017
2014
2012
2006
2002
2014
2003
2000
2002
2005
2006
2022
2029
2030
2027
2031
2031
2033
2038
2037
2034
2027
2029
2020
2020
2029
2027
2023
2026
2033
2045
2039
2037
2052
2059
2048
2053
2049
2057
2058
2063
2065
2066
2068
2060
2071
2073
2071
2074
2084
2088
2080
2072
2077
2066
2063
2065
2063
2065
2059
2056
2051
2047
2046
2026
2024
2014
2012
1999
1998
1987
1971
1964
1969
1955
1958
1952
1958
1951
1954
1953
1964
1948
1944
1950
1949
1946
1937
1935
1934
1938
1921
1920
1917
1908
1911
1897
1897
1897
1903
1903
1903
1903
1892
1905
1903
1900
1902
1904
1902
1911
1902
1915
1921
1918
1917
1923
1921
1918
1926
1931
1923
1927
1917
1913
1905
1908
1907
1908
1903
1913
1906
1907
1912
1907
1899
1896
1893
1879
1869
1867
1872
1862
1852
1847
1851
1850
1837
1837
1842
1851
1851
1851
1859
1864
1867
1874
1882
1892
1896
1891
1905
1909
1893
1907
1921
1935
1929
1942
1942
1952
1963
1984
1988
1988
1997
2015
2016
2024
2031
2042
2041
2043
2045
2055
2050
2055
2059
2052
2056
2059
2051
2049
2046
2043
2036
2040
2034
2031
2031
2022
2020
2018
2011
2002
2006
1996
1994
1982
1987
1981
1979
1976
1976
1965
1968
1962
1959
1962
1960
1964
1958
1945
1943
1939
1932
1923
1924
1912
1909
1905
1907
1897
1907
1902
1896
1903
1899
1912
1931
1925
1931
1936
1944
1947
1960
1980
1994
1996
2006
2007
2007
2013
2019
2025
2029
2033
2039
2038
2033
2035
2034
2042
2060
2061
2074
2072
2067
2075
2083
2087
2093
2094
2102
2099
2097
2101
2105
2108
2108
2111
2111
2113
2117
2115
2104
2095
2087
2091
2089
2079
2081
2079
2078
2073
2068
2069
2072
2068
2080
2090
2087
2085
2087
2091
2093
2102
2107
2107
2114
2122
2127
2115
2114
2115
2111
2112
2107
2108
2109
2094
2091
2082
2069
2061
2030
2017
2003
1985
1970
1962
1951
1945
1950
1959
1940
1935
1933
1915
1915
1921
1911
1903
1909
1898
1907
1908
1920
1926
1927
1927
1936
1944
1943
1936
1938
1941
1950
1951
1951
1955
1955
1954
1955
1958
1963
1957
1958
1959
1959
1956
1949
1946
1939
1947
1941
1935
1926
1926
1916
1915
1910
1908
1891
1885
1884
1869
1844
1848
1836
1833
1814
1800
1795
1788
1791
1793
1780
1785
1782
1779
1785
1782
1786
1791
1790
1796
1807
1808
1821
1823
1823
1831
1839
1845
1850
1871
1875
1877
1876
1873
1873
1878
1879
1882
1883
1884
1891
1896
1893
1888
1884
1890
1897
1895
1892
1883
1874
1867
1869
1857
1850
1850
1842
1837
1839
1837
1831
1827
1826
1833
1838
1849
1852
1848
1857
1860
1860
1860
1869
1867
1871
1875
1875
1878
1880
1882
1887
1883
1891
1894
1906
1893
1898
1899
1912
1927
1930
1936
1940
1941
1951
1950
1963
1960
1961
1971
1980
1992
2002
1996
2001
2016
2028
2038
2053
2045
2039
2039
2037
2048
2059
2064
2068
2059
2064
2066
2077
2080
2082
2073
2071
2074
2075
2089
2079
2098
2105
2109
2109
2111
2123
2124
2128
2126
2129
2145
2138
2145
2141
2147
2136
2134
2138
2136
2131
2131
2122
2119
2122
2117
2117
2117
2111
2109
2110
2109
2095
2095
2089
2098
2102
2105
2107
2111
2111
2111
2112
2117
2124
2126
2140
2146
2150
2153
2147
2158
2159
2165
2162
2170
2170
2166
2172
2179
2177
2179
2176
2181
2181
2179
2179
2180
2191
2186
2185
2186
2191
2192
2187
2173
2168
2177
2171
2173
2168
2170
2167
2168
2154
2155
2146
2140
2138
2133
2130
2124
2109
2117
2118
2120
2116
2120
2115
2115
2124
2119
2124
2130
2136
2142
2138
2135
2139
2149
2151
2150
2164
2159
2168
2165
2168
2177
2182
2176
2191
2189
2200
2199
2205
2213
2225
2212
2208
2205
2215
2219
2221
2224
2222
2225
2220
2229
2226
2228
2234
2225
2218
2208
2216
2219
2214
2212
2212
2198
2212
2218
2207
2196
2193
2185
2164
2165
2160
2149
2143
2135
2120
2107
2101
2098
2085
2063
2063
2062
2046
2037
2023
2020
2005
1995
1995
1988
1986
1990
1983
1986
1977
1971
1976
1988
1980
1985
1985
1985
1981
1983
1990
1989
1979
1984
1973
1986
1980
1978
1984
1987
1981
1980
1976
1983
1985
1978
1979
1978
1984
1977
1973
1987
1993
1995
2002
1999
1997
2004
2019
2019
2022
2027
2036
2042
2052
2061
2069
2069
2069
2070
2078
2085
2081
2084
2079
2075
2071
2064
2057
2072
2066
2054
2046
2036
2034
2031
2032
2035
2027
2022
2011
2004
2001
1999
1993
1988
1988
1987
1987
1980
1977
1973
1974
1977
1987
1993
2007
2007
1996
2005
2003
2017
2023
2023
2022
2027
2036
2040
2037
2038
2045
2035
2034
2045
2044
2043
2056
2051
2051
2062
2063
2067
2081
2081
2090
2100
2098
2104
2110
2113
2113
2116
2121
2126
2137
2143
2152
2157
2154
2157
2168
2166
2178
2184
2181
2188
2194
2196
2202
2199
2195
2199
2216
2218
2214
2220
2221
2224
2219
2228
2238
2233
2235
2229
2235
2240
2247
2244
2244
2236
2235
2234
2237
2224
2229
2219
2212
2204
2207
2203
2192
2179
2178
2167
2160
2152
2143
2134
2119
2105
2098
2093
2088
2072
2067
2063
2053
2043
2050
2043
2036
2026
2020
2026
2024
2023
2030
2027
2028
2026
2022
2033
2042
2052
2051
2054
2061
2069
2071
2079
2072
2079
2083
2091
2079
2075
2083
2089
2087
2082
2078
2084
2073
2079
2075
2072
2080
2088
2076
2071
2067
2068
2072
2070
2081
2074
2073
2070
2072
2077
2080
2076
2074
2070
2059
2060
2049
2046
2046
2031
2034
2040
2032
2031
2023
2046
2042
2034
2024
2034
2033
2023
2025
2022
2030
2031
2030
2034
2036
2037
2030
2043
2050
2047
2059
2058
2056
2068
2076
2089
2078
2080
2093
2097
2104
2109
2095
2107
2107
2103
2112
2119
2117
2121
2121
2127
2129
2122
2122
2136
2133
2142
2144
2148
2147
2144
2154
2154
2156
2161
2168
2171
2173
2165
2171
2183
2183
2169
2167
2163
2166
2152
2158
2154
2144
2136
2126
2113
2107
2097
2081
2075
2061
2054
2041
2030
2035
2019
2013
1999
2002
2007
1995
1999
1986
1982
1976
1976
1975
1973
1972
1971
1976
1970
1977
1982
1980
1985
1986
1989
1988
1998
1998
1993
1986
1981
1985
1957
1958
1938
1936
1942
1937
1927
1928
1907
1915
1920
1915
1908
1903
1901
1903
1904
1907
1898
1903
1899
1905
1900
1909
1911
1928
1913
1917
1921
1919
1915
1923
1931
1938
1936
1947
1943
1946
1943
1929
1911
1904
1898
1908
1900
1899
1888
1893
1899
1905
1893
1895
1902
1909
1918
1918
1926
1933
1927
1925
1924
1927
1938
1933
1947
1950
1938
1940
1957
1951
1947
1953
1945
1938
1932
1933
1931
1921
1924
1913
1906
1917
1918
1918
1924
1920
1922
1925
1918
1928
1931
1927
1928
1942
1949
1948
1965
1956
1961
1973
1977
1988
1993
2005
1999
2008
2012
2013
2013
2019
2019
2018
2031
2023
2018
2007
1998
2008
2008
2002
1988
1984
1976
1965
1957
1952
1950
1947
1952
1941
1946
1952
1973
1975
1974
1974
1976
1979
1971
1969
1970
1954
1953
1938
1931
1926
1923
1916
1910
1893
1898
1894
1892
1884
1880
1878
1879
1877
1880
1879
1875
1878
1879
1882
1885
1883
1880
1892
1887
1896
1899
1906
1911
1913
1919
1925
1926
1942
1942
1957
1962
1960
1987
1992
1990
2006
2013
2015
2029
2026
2034
2033
2048
2053
2051
2055
2049
2062
2066
2068
2062
2066
2065
2053
2050
2057
2060
2071
2067
2065
2065
2070
2074
2085
2094
2091
2103
2108
2122
2129
2140
2147
2148
2162
2168
2168
2177
2187
2189
2183
2200
2210
2203
2213
2217
2215
2218
2222
2225
2228
2233
2235
2237
2245
2242
2244
2239
2241
2243
2249
2238
2228
2227
2226
2221
2220
2211
2195
2187
2182
2170
2169
2162
2156
2146
2135
2122
2117
2120
2127
2120
2119
2112
2119
2119
2122
2131
2132
2129
2132
2128
2130
2132
2129
2131
2139
2140
2142
2146
2155
2153
2164
2160
2177
2186
2191
2191
2192
2196
2200
2199
2197
2194
2196
2185
2181
2166
2152
2154
2155
2137
2115
2096
2078
2074
2058
2043
2039
2015
1993
1984
1981
1974
1977
1971
1964
1969
1973
1977
1974
1979
1987
1997
1993
2005
2006
2009
2004
2000
1989
1984
1983
1986
1982
1963
1967
1950
1955
1960
1950
1947
1935
1939
1939
1932
1928
1925
1925
1928
1922
1923
1925
1930
1939
1943
1947
1947
1950
1953
1967
1978
1972
1970
1975
1977
1988
2000
2004
2006
2017
2016
2028
2035
2040
2043
2042
2048
2049
2040
2038
2039
2035
2030
2024
2033
2026
2024
2021
2025
2018
2023
2023
2020
2019
2022
2023
2025
2032
2039
2025
2025
2019
2020
2007
2012
2006
2001
2000
1997
2009
2019
2017
2017
2018
2038
2052
2056
2067
2060
2069
2084
2085
2095
2094
2088
2095
2091
2101
2099
2099
2098
2109
2102
2101
2099
2087
2085
2087
2085
2073
2063
2062
2053
2050
2053
2046
2042
2038
2044
2050
2054
2050
2057
2065
2065
2068
2063
2064
2067
2068
2055
2056
2071
2068
2060
2047
2043
2032
2020
2012
1997
2003
2001
1996
1994
2000
2004
2011
2007
2003
2003
2012
2013
2021
2017
2021
2004
2022
2031
2033
2031
2037
2039
2041
2045
2063
2049
2052
2050
2056
2052
2062
2059
2051
2042
2042
2040
2048
2039
2038
2033
2040
2038
2035
2036
2033
2031
2031
2037
2044
2048
2041
2050
2055
2053
2054
2048
2040
2045
2059
2051
2049
2052
2042
2043
2053
2048
2044
2041
2032
2029
2024
2013
2013
2013
2011
2022
2030
2026
2029
2038
2048
2046
2053
2056
2061
2055
2051
2055
2051
2049
2038
2017
2008
1995
1994
1977
1965
1950
1941
1943
1929
1917
1918
1924
1935
1937
1932
1938
1951
1956
1959
1960
1959
1974
1980
1989
1995
1996
1983
1993
5835
2000
2006
2032
2039
2044
2048
2059
2065
2079
2087
2083
2079
2088
2090
2095
2098
2088
2094
2095
2097
2103
2104
2107
2110
2121
2125
2128
2141
2139
2147
2153
2161
2169
2176
2171
2180
2169
2184
2175
2182
2171
2177
2180
2188
2177
2178
2168
2174
2172
2173
2160
2156
2147
2156
2147
2153
2148
2161
2153
2162
2150
2159
2156
2167
2165
2172
2167
2170
2168
2181
2166
2176
2170
2181
2174
2176
2172
2177
2180
2173
2161
2172
2164
2168
2150
2145
2131
2134
2117
2123
2123
2114
2096
2093
2097
2092
2085
2071
2080
2076
2069
2074
2073
2080
2078
2085
2087
2106
2105
2100
2124
2126
2136
2140
2135
2139
2155
2151
2139
2130
2142
2148
2137
2128
2122
2124
2120
2111
2110
2097
2099
2096
2096
2087
2087
2076
2071
2059
2057
2043
2048
2036
2038
2022
2018
2010
2011
2002
2009
2006
2015
2012
2020
2021
2029
2038
2037
2022
2024
2028
2038
2038
2043
2037
2032
2037
2033
2037
2033
2033
2035
2036
2034
2030
2044
2046
2055
2055
2058
2076
2081
2082
2093
2098
2102
2105
2121
2132
2126
2135
2128
2138
2145
2144
2160
2148
2147
2148
2163
2174
2169
2157
2144
2142
2137
2143
2140
2138
2147
2148
2138
2136
2142
2148
2156
2144
2149
2151
2176
2177
2179
2188
2203
2208
2212
2224
2235
2223
2227
2234
2238
2233
2250
2250
2264
2250
2259
2257
2262
2256
2267
2258
2269
2267
2272
2259
2262
2262
2259
2249
2258
2252
2250
2247
2247
2243
2253
2242
2240
2236
2232
2223
2222
2220
2215
2204
2205
2202
2203
2211
2200
2183
2185
2172
2169
2155
2154
2152
2153
2158
2151
2149
2144
2151
2154
2148
2133
2129
2113
2106
2088
2079
2077
2082
2068
2068
2067
2079
2094
2098
2107
2103
2116
2118
2120
2121
2118
2124
2125
2111
2094
2087
2085
2071
2065
2054
2040
2033
2014
1996
1992
1983
1972
1959
1943
1933
1929
1917
1911
1897
1900
1894
1896
1906
1910
1906
1903
1889
1888
1886
1880
1884
1885
1871
1845
1820
1785
1771
1750
1733
1722
1707
1702
1688
1675
1672
1674
1679
1689
1697
1703
1715
1728
1752
1755
1759
1765
1781
1793
1789
1793
1809
1816
1841
1850
1867
1895
1924
1935
1963
1977
2012
2023
2048
2059
2072
2077
2106
2114
2125
2122
2148
2159
2156
2167
2175
2177
2196
2200
2210
2220
2219
2224
2234
2242
2255
2254
2253
2252
2257
2252
2258
2249
2241
2239
2225
2216
2218
2208
2195
2191
2185
2185
2166
2152
2149
2152
2166
2171
2169
2159
2158
2165
2157
2157
2163
2165
2168
2161
2155
2151
2156
2158
2162
2156
2150
2149
2153
2148
2138
2119
2123
2123
2118
2108
2108
2092
2054
2057
2058
2075
2066
2050
2045
2060
2058
2052
2049
2060
2062
2068
2069
2066
2061
2069
2062
2052
2050
2049
2041
2047
2047
2059
2041
2034
2029
2023
2011
2003
1986
1962
1930
1909
1882
1866
1837
1830
1809
1790
1779
1750
1731
1711
1706
1697
1701
1703
1705
1705
1714
1724
1737
1749
1775
1787
1804
1810
1826
1832
1854
1867
1878
1900
1896
1913
1939
1942
1967
1984
1992
2006
2009
2016
2022
2047
2050
2060
2061
2063
2064
2056
2039
2030
2015
2005
1985
1977
1957
1948
1931
1931
1911
1913
1912
1929
1925
1935
1939
1967
1964
1973
1983
2001
2007
2020
2027
2036
2053
2063
2061
2071
2082
2094
2111
2118
2124
2133
2125
2135
2148
2149
2143
2155
2157
2162
2151
2155
2161
2172
2173
2176
2178
2186
2189
2187
2189
2192
2210
2212
2199
2200
2204
2206
2207
2202
2194
2185
2191
2190
2181
2180
2168
2169
2173
2166
2169
2167
2177
2174
2183
2174
2170
2171
2166
2160
2157
2146
2148
2146
2145
2151
2155
2155
2156
2157
2143
2160
2167
2170
2158
2174
2169
2186
2187
2190
2185
2190
2191
2197
2189
2196
2191
2193
2181
2190
2191
2191
2189
2183
2164
2165
2154
2153
2138
2137
2125
2115
2110
2085
2066
2054
2040
2035
2016
2011
1998
1986
1970
1954
1955
1957
1961
1969
1970
1983
1995
2003
2017
2031
2043
2050
2061
2054
2060
2054
2052
2052
2053
2054
2060
2053
2056
2053
2032
2017
2024
2022
2019
2011
2005
2009
2005
1999
2007
2007
2013
2009
2021
2017
2031
2036
2053
2062
2064
2065
2062
2064
2077
2074
2073
2079
2081
2075
2058
2044
2015
2002
1983
1960
1942
1913
1887
1880
1875
1872
1869
1864
1871
1861
1861
1856
1861
1859
1866
1850
1851
1841
1848
1837
1830
1815
1811
1797
1802
1795
1794
1778
1775
1781
1789
1786
1787
1780
1779
1761
1771
1770
1770
1771
1787
1795
1808
1818
1855
1875
1905
1928
1938
1945
1967
1989
2002
2010
2026
2037
2051
2068
2083
2107
2115
2126
2126
2134
2142
2160
2167
2160
2147
2149
2143
2135
2140
2132
2120
2116
2113
2114
2096
2078
2071
2063
2050
2059
2069
2076
2063
2055
2051
2056
2050
2046
2043
2042
2059
2055
2051
2052
2060
2068
2074
2082
2083
2081
2082
2093
2082
2067
2056
2052
2051
2036
2027
2021
2012
2010
2003
2000
1995
1994
1981
1992
1972
1964
1962
1964
1953
1939
1925
1921
1901
1916
1899
1906
1906
1917
1917
1917
1913
1926
1920
1926
1919
1932
1933
1939
1952
1956
1959
1981
1987
1997
2008
2016
2022
2033
2033
2038
2045
2039
2036
2034
2040
2030
2025
2018
2012
1991
1980
1961
1935
1910
1888
1865
1839
1815
1804
1784
1772
1760
1747
1737
1734
1733
1735
1744
1756
1763
1761
1763
1759
1772
1787
1807
1816
1833
1837
1862
1870
1890
1912
1921
1934
1943
1955
1969
1986
1987
1998
1997
1997
2003
2012
2014
2015
2020
2027
2029
2030
2031
2032
2031
2027
2017
2016
2003
1993
1985
1973
1954
1949
1937
1935
1915
1913
1894
1904
1902
1899
1903
1912
1913
1928
1923
1931
1925
1947
1944
1957
1945
1958
1954
1965
1958
1955
1956
1963
1966
1971
1965
1974
1965
1975
1974
1963
1967
1983
1979
1973
1975
1981
1989
1992
2014
2016
2026
2031
2037
2045
2058
2070
2068
2086
2094
2105
2115
2124
2135
2149
2150
2156
2160
2176
2175
2174
2168
2182
2180
2184
2166
2155
2162
2168
2173
2170
2173
2183
2193
2204
2202
2209
2214
2221
2221
2221
2232
2235
2237
2246
2245
2247
2246
2255
2257
2261
2259
2262
2264
2247
2258
2255
2264
2256
2246
2239
2237
2213
2204
2172
2164
2134
2116
2091
2071
2053
2034
1984
1948
1897
1873
1837
1795
1754
1747
1719
1701
1678
1672
1644
1643
1644
1635
1632
1644
1671
1697
1709
1738
1747
1736
1732
1731
1717
1693
1663
1631
1620
1609
1589
1577
1558
1538
1528
1526
1527
1531
1539
1529
1527
1527
1517
1512
1503
1493
1479
1471
1459
1461
1469
1496
1515
1532
1545
1565
1590
1619
1639
1654
1667
1667
1666
1662
1649
1646
1634
1630
1624
1629
1650
1679
1697
1720
1743
1763
1781
1788
1810
1816
1836
1859
1880
1880
1903
1907
1912
1913
1910
1922
1931
1932
1939
1935
1957
1962
1983
1987
1993
2006
2033
2037
2052
2070
2086
2093
2102
2121
2136
2137
2151
2149
2161
2185
2196
2196
2204
2206
2222
2227
2234
2231
2234
2231
2243
2237
2228
2220
2231
2228
2222
2231
2227
2224
2220
2221
2222
2210
2187
2171
2154
2140
2130
2124
2112
2085
2072
2056
2052
2056
2056
2052
2058
2043
2033
2035
2041
2039
2037
2041
2053
2049
2057
2058
2068
2062
2059
2057
2070
2066
2070
2062
2072
2060
2075
2068
2066
2055
2052
2055
2053
2057
2055
2063
2072
2057
2063
2079
2070
2082
2087
2085
2081
2095
2089
2098
2079
2078
2079
2090
2082
2079
2060
2057
2041
2031
2014
1987
1958
1939
1901
1857
1829
1812
1787
1765
1743
1734
1722
1723
1722
1730
1737
1760
1772
1793
1820
1834
1857
1874
1903
1907
1912
1927
1937
1951
1961
1965
1977
1983
1988
1994
1991
1993
1999
2005
2018
2024
2039
2047
2045
2058
2071
2089
2094
2090
2089
2092
2088
2098
2099
2113
2110
2117
2109
2127
2124
2146
2149
2153
2147
2165
2164
2178
2167
2166
2163
2168
2154
2160
2163
2173
2162
2165
2175
2175
2180
2187
2183
2183
2183
2191
2197
2188
2188
2200
2210
2206
2201
2199
2196
2195
2213
2202
2205
2193
2197
2195
2207
2194
2200
2201
2199
2186
2189
2183
2182
2164
2168
2160
2159
2153
2152
2138
2135
2123
2111
2109
2100
2107
2112
2098
2098
2098
2104
2121
2115
2116
2128
2128
2133
2126
2128
2123
2104
2094
2097
2086
2080
2067
2056
2052
2069
2069
2080
2088
2092
2092
2109
2105
2108
2105
2109
2101
2099
2089
2097
2088
2085
2066
2063
2057
2059
2062
2062
2056
2070
2077
2087
2107
2111
2116
2128
2127
2142
2141
2150
2155
2159
2141
2139
2129
2131
2126
2111
2099
2083
2080
2065
2064
2048
2023
2001
1981
1974
1961
1941
1938
1935
1932
1929
1938
1924
1932
1939
1950
1953
1983
1998
2005
2025
2054
2068
2080
2087
2102
2124
2135
2144
2157
2172
2167
2186
2190
2199
2216
2215
2224
2230
2234
2237
2240
2245
2244
2245
2246
2250
2251
2247
2260
2264
2265
2251
2259
2262
2265
2264
2264
2255
2259
2248
2247
2232
2230
2215
2211
2195
2182
2163
2151
2128
2130
2114
2111
2103
2118
2115
2111
2111
2115
2121
2115
2108
2098
2106
2098
2087
2090
2095
2091
2102
2101
2111
2100
2112
2120
2116
2114
2118
2117
2122
2127
2133
2141
2154
2155
2160
2171
2191
2187
2207
2217
2226
2225
2223
2213
2228
2208
2200
2193
2195
2190
2188
2171
2167
2162
2164
2171
2171
2178
2177
2183
2192
2193
2190
2194
2195
2184
2175
2174
2178
2180
2187
2193
2192
2193
2205
2197
2196
2202
2201
2206
2213
2205
2202
2204
2199
2200
2196
2168
2157
2135
2122
2099
2082
2045
2040
2030
2032
2045
2062
2071
2090
2088
2094
2097
2114
2127
2141
2147
2167
2165
2175
2171
2178
2177
2178
2180
2200
2183
2181
2195
2200
2206
2216
2222
2221
2219
2233
2240
2245
2250
2260
2250
2250
2263
2256
2257
2262
2268
2271
2267
2269
2274
2274
2279
2289
2292
2289
2295
2285
2281
2286
2289
2300
2306
2302
2296
2298
2305
2300
2304
2307
2307
2299
2296
2291
2301
2296
2298
2296
2285
2291
2279
2282
2273
2276
2278
2274
2268
2260
2272
2264
2257
2256
2249
2243
2244
2242
2243
2226
2219
2210
2208
2199
2195
2187
2176
2164
2167
2152
2145
2132
2117
2097
2094
2071
2073
2066
2072
2083
2085
2084
2083
2085
2105
2096
2109
2114
2130
2141
2155
2150
2151
2153
2164
2163
2177
2171
2191
2189
2204
2205
2217
2219
2225
2222
2231
2233
2230
2227
2217
2214
2213
2199
2188
2186
2170
2168
2155
2156
2149
2154
2145
2144
2152
2151
2149
2142
2151
2159
2168
2164
2153
2155
2171
2167
2162
2157
2162
2155
2160
2142
2147
2144
2160
2153
2144
2144
2143
2145
2152
2145
2149
2148
2148
2155
2167
2171
2166
2182
2194
2190
2197
2195
2182
2190
2199
2195
2210
2194
2206
2214
2209
2204
2201
2217
2212
2222
2220
2219
2210
2223
2232
2229
2229
2228
2229
2225
2207
2208
2202
2188
2169
2159
2139
2144
2125
2119
2095
2092
2091
2091
2077
2065
2061
2072
2064
2062
2051
2057
2057
2063
2069
2071
2074
2080
2065
2064
2056
2051
2053
2060
2053
2055
2040
2035
2025
2018
2010
2007
2005
2009
2018
2019
2019
2015
2008
1999
2008
2017
2014
2007
2006
2002
2003
1989
1991
1975
1969
1957
1939
1932
1936
1923
1920
1915
1919
1908
1921
1916
1908
1912
1925
1921
1910
1903
1907
1909
1906
1912
1925
1926
1943
1944
1953
1970
1965
1990
1994
2007
2009
2031
2046
2071
2063
2065
2072
2090
2086
2093
2102
2118
2113
2112
2107
2101
2097
2096
2083
2090
2075
2068
2056
2055
2033
2028
2022
2027
2031
2027
2020
2012
2027
2026
2022
2021
2015
2015
2021
2023
2019
2012
2014
2012
2009
2014
2020
2035
2032
2043
2053
2069
2079
2083
2089
2090
2097
2112
2128
2136
2139
2140
2147
2169
2173
2180
2184
2205
2198
2213
2213
2235
2237
2252
2244
2250
2250
2252
2254
2265
2259
2264
2269
2259
2250
2266
2264
2270
2251
2255
2258
2249
2243
2231
2239
2235
2223
2216
2210
2205
2195
2184
2180
2175
2178
2157
2153
2127
2122
2099
2092
2076
2074
2061
2057
2060
2059
2048
2056
2041
2041
2033
2046
2035
2029
2018
2022
2016
2015
2018
2003
2004
1987
1993
2000
2000
2005
2004
2011
1999
2008
2020
2023
2040
2050
2058
2061
2072
2072
2077
2083
2086
2082
2090
2088
2090
2100
2104
2099
2094
2103
2104
2130
2129
2141
2155
2178
2183
2177
2170
2186
2184
2201
2205
2213
2216
2221
2221
2217
2216
2220
2217
2224
2212
2222
2217
2214
2208
2202
2194
2202
2194
2192
2175
2166
2151
2142
2144
2150
2134
2130
2122
2108
2094
2091
2085
2090
2080
2073
2074
2059
2063
2049
2056
2038
2040
2025
2039
2024
2029
2031
2044
2047
2047
2048
2055
2058
2063
2063
2066
2060
2055
2047
2054
2052
2054
2048
2061
2062
2076
2081
2085
2087
2096
2103
2102
2099
2110
2110
2115
2124
2127
2128
2130
2135
2130
2138
2141
2156
2162
2155
2150
2156
2169
2165
2155
2150
2169
2164
2162
2170
2170
2167
2162
2160
2159
2144
2143
2139
2144
2125
2129
2115
2118
2100
2104
2100
2117
2107
2110
2099
2086
2075
2087
2094
2110
2108
2124
2133
2151
2157
2166
2181
2186
2186
2197
2198
2195
2198
2192
2188
2195
2190
2191
2191
2183
2178
2167
2173
2175
2170
2159
2169
2158
2156
2140
2138
2133
2131
2123
2116
2106
2097
2101
2106
2095
2098
2095
2098
2094
2091
2087
2083
2075
2073
2064
2057
2045
2027
2010
1991
1979
1962
1965
1960
1962
1949
1954
1956
1974
1979
1974
1981
2000
2021
2030
2055
2065
2072
2084
2107
2113
2121
2119
2131
2141
2143
2139
2142
2145
2163
2161
2174
2173
2182
2188
2200
2188
2193
2189
2203
2203
2208
2213
2216
2226
2237
2231
2230
2228
2239
2231
2237
2228
2236
2209
2214
2199
2190
2183
2186
2179
2170
2159
2157
2164
2163
2159
2153
2162
2170
2170
2177
2179
2180
2170
2180
2188
2180
2179
2180
2184
2162
2156
2147
2143
2133
2132
2122
2113
2096
2075
2060
2036
2021
2016
2007
1989
1975
1967
1959
1964
1970
1955
1949
1944
1948
1932
1929
1923
1913
1901
1891
1873
1863
1855
1851
1832
1830
1826
1821
1827
1823
1814
1823
1850
1851
1861
1868
1880
1901
1916
1922
1936
1949
1958
1959
1977
1967
1971
1991
2010
2016
2027
2027
2044
2046
2066
2073
2083
2075
2083
2096
2105
2111
2118
2124
2138
2131
2140
2140
2159
2155
2160
2158
2153
2146
2146
2139
2136
2139
2131
2124
2139
2144
2146
2151
2152
2148
2138
2150
2143
2145
2145
2139
2129
2123
2118
2107
2085
2072
2069
2071
2073
2074
2067
2069
2074
2085
2089
2093
2100
2108
2127
2133
2139
2133
2144
2147
2161
2158
2163
2148
2150
2141
2144
2147
2157
2154
2155
2134
2127
2122
2129
2141
2151
2143
2142
2147
2153
2156
2149
2151
2157
2167
2170
2176
2174
2171
2161
2165
2167
2177
2186
2184
2176
2186
2179
2189
2174
2182
2183
2201
2194
2203
2203
2212
2203
2206
2215
2226
2220
2217
2219
2223
2216
2222
2217
2232
2235
2236
2222
2219
2216
2233
2232
2235
2230
2240
2248
2256
2260
2267
2260
2259
2276
2270
2261
2255
2255
2250
2250
2237
2228
2218
2198
2186
2171
2173
2157
2133
2130
2126
2121
2116
2109
2090
2088
2087
2080
2080
2077
2085
2079
2081
2068
2083
2070
2073
2059
2069
2067
2064
2064
2075
2077
2084
2075
2082
2083
2095
2116
2124
2130
2142
2144
2159
2158
2162
2164
2170
2179
2175
2189
2195
2197
2211
2217
2209
2212
2207
2218
2216
2217
2220
2221
2211
2219
2203
2213
2209
2224
2223
2208
2201
2197
2202
2220
2220
2215
2212
2218
2219
2225
2222
2220
2207
2213
2222
2222
2213
2216
2225
2211
2207
2203
2201
2198
2187
2186
2167
2154
2149
2132
2124
2114
2111
2105
2095
2087
2084
2104
2094
2092
2099
2101
2087
2101
2103
2111
2104
2107
2101
2107
2103
2110
2109
2111
2110
2112
2109
2118
2104
2110
2101
2118
2105
2112
2109
2116
2116
2118
2109
2116
2109
2094
2070
2045
2021
1996
1970
1960
1936
1922
1907
1900
1901
1910
1938
1951
1962
1978
1996
2005
2012
2013
2025
2018
2015
2018
2026
2018
2022
2024
2032
2036
2049
2059
2069
2081
2092
2081
2088
2104
2115
2108
2114
2121
2125
2124
2130
2142
2149
2160
2174
2179
2173
2178
2178
2189
2192
2198
2202
2206
2215
2224
2223
2231
2235
2247
2258
2257
2252
2262
2273
2272
2265
2269
2269
2262
2262
2249
2250
2248
2243
2242
2238
2227
2234
2222
2233
2225
2222
2202
2203
2190
2193
2179
2187
2172
2167
2162
2170
2166
2161
2163
2176
2164
2166
2160
2167
2164
2154
2141
2126
2116
2106
2089
2067
2046
2027
1998
1968
1945
1940
1934
1902
1904
1891
1882
1872
1879
1882
1890
1902
1921
1926
1940
1955
1975
1989
1996
2022
2034
2044
2069
2078
2093
2109
2127
2130
2146
2157
2159
2155
2160
2171
2176
2183
2185
2186
2182
2194
2185
2174
2169
2163
2152
2143
2135
2122
2124
2120
2108
2121
2123
2126
2123
2132
2134
2138
2147
2144
2146
2132
2128
2127
2120
2105
2091
2089
2089
2079
2069
2063
2062
2052
2043
2030
2021
2008
2000
1981
1973
1953
1934
1901
1897
1899
1895
1882
1878
1884
1890
1877
1885
1895
1907
1905
1911
1917
1928
1949
1969
1969
1983
1992
2021
2038
2055
2073
2084
2099
2104
2098
2099
2102
2100
2109
2104
2103
2096
2098
2099
2094
2079
2076
2071
2066
2061
2056
2043
2042
2029
2020
2006
1992
1982
1972
1954
1941
1928
1918
1907
1894
1875
1871
1858
1851
1843
1841
1830
1827
1825
1827
1827
1816
1825
1836
1834
1824
1817
1803
1784
1770
1757
1727
1699
1695
1698
1699
1704
1710
1731
1757
1767
1789
1809
1834
1844
1859
1885
1911
1923
1937
1955
1977
1990
2007
2014
2027
2039
2051
2047
2070
2069
2081
2073
2086
2074
2079
2070
2069
2059
2054
2028
2010
1998
1979
1973
1974
1973
1983
1987
1991
1989
1997
2005
2013
2014
2000
1983
1976
1967
1953
1940
1929
1924
1916
1919
1919
1915
1930
1937
1949
1959
1978
1986
1997
2003
2010
2024
2026
2029
2033
2035
2038
2041
2043
2037
2049
2052
2054
2050
2072
2072
2079
2087
2101
2106
2113
2132
2138
2147
2135
2140
2155
2168
2167
2168
2155
2153
2154
2161
2157
2153
2141
2152
2139
2147
2140
2142
2138
2147
2146
2142
2136
2143
2135
2144
2140
2143
2150
2146
2140
2140
2128
2133
2126
2128
2110
2120
2108
2120
2090
2080
2063
2055
2034
2026
2008
1988
1974
1957
1952
1940
1936
1928
1910
1909
1901
1899
1903
1900
1895
1897
1889
1882
1881
1872
1866
1864
1861
1856
1867
1874
1879
1890
1892
1894
1891
1881
1868
1869
1854
1847
1829
1820
1833
1829
1813
1819
1819
1823
1806
1786
1770
1761
1721
1695
1672
1654
1639
1635
1638
1647
1671
1688
1706
1731
1752
1783
1810
1829
1857
1867
1877
1877
1899
1916
1917
1916
1920
1921
1929
1926
1935
1922
1932
1917
1932
1933
1939
1954
1965
1979
1999
2006
2028
2040
2048
2053
2076
2082
2106
2104
2125
2128
2131
2139
2147
2150
2151
2155
2159
2156
2151
2148
2142
2123
2112
2087
2066
2038
2012
1968
1937
1909
1880
1853
1823
1807
1798
1789
1784
1779
1779
1773
1765
1777
1772
1769
1766
1766
1775
1775
1772
1767
1771
1779
1793
1809
1814
1816
1829
1833
1842
1845
1856
1866
1875
1874
1891
1891
1903
1910
1924
1926
1931
1939
1959
1954
1954
1950
1953
1952
1947
1932
1931
1939
1932
1931
1933
1923
1918
1921
1927
1938
1943
1949
1958
1976
1970
1968
1971
1982
1984
1991
1987
1990
1999
2013
2020
2031
2028
2038
2054
2091
2085
2091
2104
2114
2102
2092
2097
2106
2116
2102
2093
2087
2105
2099
2093
2094
2084
2094
2083
2063
2049
2044
2031
2035
2023
2011
2005
2016
2016
2014
2022
2018
2028
2026
2031
2033
2044
2059
2058
2067
2074
2077
2077
2084
2097
2101
2116
2126
2133
2122
2134
2123
2130
2127
2127
2121
2119
2124
2117
2098
2084
2058
2053
2041
2026
2011
1997
1980
1978
1966
1965
1953
1950
1925
1940
1925
1927
1916
1940
1936
1954
1952
1975
1987
1983
1986
2008
2022
2041
2044
2067
2072
2082
2084
2102
2103
2109
2113
2109
2114
2106
2111
2100
2110
2097
2090
2062
2041
2027
2016
1983
1959
1923
1895
1858
1847
1825
1814
1813
1799
1795
1794
1795
1791
1796
1790
1793
1798
1815
1819
1835
1847
1854
1861
1882
1897
1923
1935
1953
1970
1988
1988
2000
2015
2032
2036
2046
2049
2044
2040
2042
2044
2034
2032
2026
2029
2007
2017
2018
2024
2023
2029
2030
2040
2045
2064
2071
2080
2084
2101
2091
2120
2112
2136
2132
2139
2138
2145
2144
2155
2152
2150
2148
2152
2146
2157
2165
2165
2165
2158
2165
2167
2174
2175
2177
2179
2184
2182
2187
2198
2208
2210
2206
2202
2207
2203
2212
2221
2216
2216
2217
2216
2215
2217
2222
2226
2231
2234
2234
2235
2234
2237
2230
2232
2229
2228
2235
2233
2233
2226
2233
2248
2250
2231
2239
2239
2240
2225
2210
2216
2215
2214
2197
2186
2176
2167
2150
2123
2099
2081
2065
2050
2043
2034
2033
2050
2053
2051
2061
2061
2065
2063
2077
2080
2088
2076
2085
2092
2113
2102
2108
2107
2112
2114
2110
2101
2109
2113
2124
2123
2119
2115
2135
2135
2137
2147
2155
2163
2175
2174
2183
2186
2194
2194
2209
2221
2216
2218
2223
2223
2220
2207
2204
2196
2199
2185
2173
2170
2155
2142
2129
2127
2115
2119
2122
2112
2100
2084
2085
2085
2077
2068
2049
2038
2025
1996
1987
1961
1950
1929
1908
1887
1886
1872
1875
1871
1876
1870
1879
1881
1896
1911
1929
1963
1975
1981
2010
2027
2043
2065
2068
2068
2076
2095
2098
2109
2108
2119
2127
2127
2133
2132
2139
2139
2142
2140
2138
2142
2135
2145
2134
2143
2135
2134
2128
2129
2130
2130
2121
2128
2125
2139
2132
2147
2141
2144
2142
2151
2158
2160
2161
2161
2150
2154
2150
2156
2149
2155
2146
2153
2150
2143
2135
2137
2136
2133
2122
2122
2122
2122
2124
2124
2119
2125
2132
2129
2128
2135
2137
2146
2154
2155
2148
2141
2145
2136
2147
2125
2116
2104
2101
2106
2096
2095
2068
2072
2063
2055
2043
2031
2026
2009
1995
2001
1994
1987
1979
1982
1982
1989
1990
2001
2001
2008
2020
2030
2026
2029
2017
2014
2015
2021
2008
1998
1984
1985
1967
1966
1958
1960
1961
1966
1962
1960
1960
1963
1966
1950
1945
1927
1919
1907
1899
1868
1862
1853
1851
1846
1856
1862
1883
1896
1909
1927
1955
1965
1981
1991
2014
2015
2041
2044
2061
2056
2073
2087
2101
2109
2126
2117
2132
2143
2156
2157
2167
2179
2191
2188
2196
2198
2202
2215
2217
2213
2208
2216
2221
2233
2235
2230
2236
2233
2225
2219
2218
2210
2196
2187
2158
2129
2096
2073
2042
1997
1971
1952
1926
1907
1891
1872
1856
1854
1849
1851
1854
1848
1852
1850
1858
1858
1862
1865
1874
1863
1849
1848
1864
1878
1891
1898
1915
1930
1948
1955
1969
1972
1990
2001
2011
2023
2026
2042
2055
2067
2072
2081
2100
2129
2145
2164
2158
2179
2187
2198
2197
2210
2215
2238
2238
2241
2238
2248
2236
2235
2229
2233
2231
2232
2230
2221
2223
2219
2212
2223
2209
2210
2217
2225
2221
2224
2226
2218
2224
2239
2240
2243
2242
2245
2249
2258
2257
2267
2259
2258
2247
2255
2256
2250
2256
2249
2244
2249
2243
2256
2249
2239
2230
2223
2212
2210
2199
2195
2177
2176
2167
2169
2153
2150
2132
2147
2136
2131
2119
2129
2119
2119
2123
2119
2101
2102
2104
2103
2091
2108
2084
2067
2056
2036
2025
2014
1999
1986
1977
1969
1966
1967
1967
1965
1956
1955
1959
1947
1937
1919
1917
1907
1896
1885
1881
1865
1862
1846
1852
1838
1844
1849
1854
1855
1866
1876
1899
1901
1914
1923
1939
1958
1967
1956
1962
1980
1993
1999
2021
2024
2039
2057
2066
2077
2079
2092
2108
2105
2101
2106
2110
2111
2115
2115
2114
2114
2126
2118
2117
2112
2118
2120
2129
2133
2134
2125
2137
2137
2134
2132
2142
2134
2141
2132
2141
2126
2127
2109
2117
2105
2096
2091
2096
2082
2082
2068
2053
2054
2055
2046
2043
2025
2026
2016
2010
2014
1999
2000
2002
2004
2004
1999
1996
2004
1992
1983
1974
1976
1953
1945
1934
1932
1914
1911
1899
1915
1910
1933
1939
1961
1964
1978
1996
1992
1986
1998
2014
2015
2015
2025
2020
2006
2001
2000
2017
2018
2015
2022
2022
2037
2052
2060
2077
2092
2083
2083
2088
2085
2091
2091
2105
2107
2099
2109
2115
2116
2115
2112
2110
2103
2093
2092
2081
2080
2062
2059
2056
2060
2045
2036
2018
2009
2001
1997
1979
1971
1947
1947
1935
1925
1897
1887
1870
1863
1855
1857
1861
1884
1894
1903
1907
1903
1904
1907
1914
1904
1897
1892
1886
1887
1881
1857
1843
1838
1822
1829
1829
1828
1832
1843
1851
1851
1855
1852
1857
1851
1864
1859
1867
1878
1879
1880
1904
1908
1926
1933
1939
1931
1932
1925
1928
1920
1909
1912
1903
1901
1903
1885
1892
1885
1907
1897
1903
1900
1895
1879
1873
1858
1846
1830
1821
1807
1789
1779
1767
1766
1759
1760
1763
1761
1781
1784
1810
1820
1836
1843
1856
1870
1880
1885
1889
1889
1893
1899
1917
1939
1952
1955
1981
1993
2011
2018
2038
2053
2063
2076
2097
2103
2120
2120
2138
2134
2140
2139
2139
2136
2133
2127
2125
2125
2115
2095
2090
2074
2063
2051
2055
2051
2043
2033
2026
2026
2002
1992
1978
1978
1965
1959
1950
1942
1926
1938
1930
1925
1913
1915
1907
1920
1915
1924
1911
1917
1904
1897
1887
1866
1859
1863
1854
1861
1857
1868
1877
1876
1869
1863
1885
1903
1908
1908
1928
1954
1966
1979
1988
2006
2023
2036
2051
2050
2044
2047
2055
2063
2054
2057
2050
2053
2058
2065
2058
2067
2084
2100
2101
2121
2120
2132
2130
2128
2132
2142
2161
2166
2149
2159
2164
2176
2176
2178
2170
2162
2154
2155
2144
2141
2127
2127
2108
2108
2103
2098
2089
2086
2073
2075
2071
2072
2073
2073
2080
2091
2097
2105
2109
2111
2118
2135
2139
2133
2131
2135
2141
2144
2144
2130
2131
2116
2111
2102
2074
2051
2027
2008
1987
1947
1912
1880
1869
1860
1855
1835
1833
1832
1848
1845
1850
1845
1838
1829
1825
1820
1822
1833
1845
1851
1857
1875
1893
1912
1925
1927
1942
1939
1943
1941
1953
1956
1966
1971
1974
1982
1974
1977
1978
1980
1983
1974
1963
1974
1965
1951
1933
1929
1934
1925
1924
1910
1907
1900
1891
1872
1862
1837
1833
1821
1809
1783
1767
1737
1737
1707
1705
1690
1688
1686
1685
1686
1689
1695
1706
1722
1726
1736
1748
1744
1752
1756
1767
1781
1799
1818
1835
1850
1867
1885
1881
1904
1902
1899
1907
1914
1906
1909
1917
1924
1923
1930
1927
1938
1938
1949
1933
1930
1909
1898
1895
1888
1871
1859
1844
1827
1804
1799
1787
1785
1777
1779
1783
1782
1789
1815
1827
1828
1827
1839
1830
1835
1839
1849
1850
1850
1857
1859
1863
1867
1867
1872
1878
1884
1888
1908
1916
1922
1931
1949
1957
1968
1962
1971
1967
1968
1967
1993
1991
2003
2012
2032
2042
2059
2062
2069
2077
2090
2092
2109
2105
2103
2112
2104
2105
2108
2115
2123
2113
2121
2127
2137
2142
2145
2142
2140
2149
2146
2150
2147
2168
2183
2179
2177
2186
2191
2200
2204
2199
2191
2201
2204
2196
2186
2187
2182
2182
2162
2154
2147
2147
2124
2121
2115
2115
2101
2105
2092
2090
2088
2087
2080
2076
2073
2074
2075
2076
2090
2101
2106
2108
2112
2125
2119
2132
2139
2145
2146
2155
2161
2150
2156
2163
2167
2166
2166
2181
2188
2187
2181
2185
2186
2190
2204
2201
2193
2197
2196
2202
2210
2212
2200
2212
2210
2208
2203
2202
2200
2204
2205
2206
2206
2201
2179
2174
2158
2152
2139
2137
2123
2116
2108
2113
2104
2096
2099
2106
2103
2114
2125
2124
2129
2126
2138
2141
2136
2138
2150
2151
2168
2162
2175
2176
2185
2196
2210
2213
2229
2216
2219
2215
2233
2235
2246
2247
2260
2242
2244
2242
2241
2235
2236
2241
2236
2240
2230
2221
2229
2223
2225
2220
2217
2210
2215
2217
2211
2210
2233
2223
2236
2238
2225
2211
2201
2190
2174
2160
2151
2131
2117
2093
2070
2047
2039
2032
2009
1997
1988
1981
1964
1953
1943
1922
1907
1907
1903
1886
1885
1884
1892
1907
1914
1920
1911
1924
1905
1931
1925
1922
1920
1920
1911
1920
1915
1926
1917
1918
1922
1917
1923
1931
1929
1926
1916
1924
1922
1921
1916
1922
1927
1925
1938
1942
1951
1962
1990
2001
2002
2016
2030
2052
2063
2073
2097
2103
2110
2117
2130
2134
2138
2134
2138
2143
2142
2156
2142
2123
2119
2106
2097
2087
2078
2057
2050
2025
2027
2016
2008
2003
1982
1993
1981
1967
1947
1945
1952
1942
1932
1927
1919
1917
1920
1923
1925
1936
1957
1960
1966
1968
1979
1997
2003
2011
2022
2017
2022
2023
2025
2023
2030
2038
2043
2036
2037
2042
2051
2053
2069
2068
2077
2085
2095
2096
2117
2117
2134
2142
2152
2166
2183
2198
2214
2221
2228
2227
2240
2249
2256
2267
2263
2262
2279
2283
2293
2296
2295
2290
2297
2299
2304
2300
2292
2289
2296
2302
2307
2298
2288
2294
2292
2288
2284
2288
2289
2275
2263
2263
2266
2265
2264
2253
2244
2236
2230
2216
2212
2199
2193
2169
2163
2137
2137
2131
2111
2083
2088
2068
2055
2034
2018
2008
2001
1988
1978
1962
1954
1952
1950
1947
1953
1938
1933
1937
1952
1951
1957
1954
1962
1971
1989
1989
1989
2006
2023
2033
2040
2058
2060
2083
2090
2100
2096
2119
2129
2136
2121
2118
2115
2118
2105
2099
2086
2084
2079
2075
2062
2061
2065
2075
2055
2060
2053
2061
2064
2058
2075
2074
2074
2083
2081
2076
2071
2067
2047
2041
2030
2020
2008
1995
1995
1982
1983
1983
1980
1976
1968
1983
1969
1966
1967
1978
1978
1979
1970
1982
1992
2002
2011
2018
2017
2028
2031
2051
2066
2077
2084
2091
2103
2109
2112
2137
2138
2150
2143
2158
2162
2183
2192
2189
2183
2182
2194
2189
2183
2189
2183
2198
2208
2206
2196
2197
2201
2210
2215
2207
2218
2212
2209
2213
2219
2215
2209
2208
2203
2203
2215
2209
2211
2190
2183
2186
2178
2154
2142
2124
2125
2106
2102
2085
2070
2050
2030
2018
2008
1991
1974
1966
1957
1951
1938
1927
1933
1916
1914
1907
1907
1917
1922
1919
1913
1915
1918
1931
1931
1924
1936
1952
1956
1954
1960
1971
1966
1961
1950
1937
1934
1921
1907
1873
1869
1863
1881
1865
1852
1844
1855
1852
1859
1853
1854
1856
1866
1860
1861
1865
1871
1858
1873
1868
1891
1898
1923
1917
1912
1910
1918
1918
1937
1936
1946
1949
1948
1952
1961
1953
1931
1914
1909
1885
1863
1847
1841
1842
1829
1830
1827
1826
1845
1860
1861
1873
1886
1908
1910
1920
1911
1923
1924
1924
1934
1935
1942
1948
1961
1971
1969
1969
1974
1983
1974
1967
1963
1952
1944
1939
1936
1932
1933
1933
1936
1941
1938
1943
1952
1954
1971
1971
1982
1978
1969
1970
1980
1990
1996
2010
2004
2003
2008
2021
2039
2045
2050
2055
2070
2071
2063
2065
2054
2053
2041
2024
2006
1997
1993
1987
1987
1976
1963
1935
1913
1901
1888
1885
1890
1892
1897
1913
1908
1934
1946
1973
1980
1990
1991
1994
1990
1982
1976
1971
1942
1938
1914
1908
1894
1888
1876
1869
1850
1856
1845
1826
1823
1818
1813
1816
1827
1835
1829
1821
1829
1829
1833
1836
1843
1845
1855
1867
1873
1872
1880
1898
1905
1913
1937
1945
1959
1965
1982
1998
2014
2036
2051
2051
2065
2083
2090
2098
2103
2110
2115
2120
2130
2134
2141
2141
2124
2128
2118
2101
2097
2087
2084
2085
2087
2091
2092
2095
2103
2104
2111
2121
2133
2148
2144
2166
2187
2202
2217
2220
2234
2240
2246
2251
2271
2270
2285
2279
2281
2280
2293
2288
2302
2301
2306
2298
2304
2304
2313
2302
2313
2299
2307
2313
2307
2292
2291
2292
2293
2279
2271
2248
2236
2221
2206
2186
2174
2164
2142
2125
2111
2094
2096
2072
2051
2046
2036
2028
2037
2025
2030
2042
2054
2059
2070
2082
2091
2101
2095
2089
2090
2090
2093
2099
2101
2092
2112
2122
2141
2144
2164
2162
2186
2192
2196
2207
2204
2197
2206
2199
2205
2203
2206
2190
2173
2142
2121
2103
2091
2062
2042
2009
1977
1963
1953
1928
1914
1898
1889
1872
1867
1871
1879
1890
1892
1907
1923
1943
1941
1962
1966
1983
1999
2013
2015
2006
1994
1982
1962
1963
1950
1928
1919
1903
1897
1886
1881
1881
1887
1890
1880
1881
1870
1867
1861
1858
1853
1857
1871
1880
1896
1908
1908
1931
1940
1950
1963
1973
1989
1994
1989
1997
2011
2017
2039
2058
2064
2073
2101
2100
2118
2113
2117
2126
2131
2127
2113
2104
2086
2073
2074
2048
2042
2042
2031
2035
2030
2038
2028
2026
2020
2033
2021
2033
2036
2053
2040
2038
2025
2025
2016
2011
1992
1984
1969
1971
1981
1984
1989
1999
2009
2033
2037
2054
2071
2082
2100
2108
2112
2127
2140
2143
2148
2130
2123
2122
2140
2130
2124
2111
2121
2110
2109
2105
2095
2080
2066
2052
2040
2034
2031
2030
2024
2015
2019
2025
2027
2034
2041
2053
2054
2067
2085
2102
2108
2105
2106
2102
2107
2111
2113
2098
2082
2073
2043
2028
1997
1978
1968
1958
1950
1946
1963
1975
1977
1988
1995
2005
2020
2006
2000
2001
2005
2004
2001
1985
1997
2017
2031
2031
2030
2021
2035
2034
2058
2051
2062
2057
2057
2047
2048
2037
2038
2030
2023
2016
2029
2026
2031
2023
2023
2024
2030
2026
2036
2039
2049
2058
2072
2071
2070
2083
2087
2080
2077
2082
2076
2075
2068
2068
2064
2069
2059
2056
2048
2040
2029
2026
2026
2021
2003
1992
2006
2010
2003
2018
2028
2046
2064
2071
2081
2083
2089
2096
2101
2092
2080
2052
2048
2023
2001
1979
1969
1937
1916
1864
1844
1826
1822
1825
1824
1835
1840
1837
1856
1871
1879
1896
1910
1925
1945
1944
1955
1963
1973
1998
2001
2005
1999
2010
36.97998047
1.661279321
999
