5835
1970
1940
1992
1978
2006
1959
1999
1988
2021
1987
2010
2015
2045
2026
2035
2025
2060
2052
2055
2056
2046
2063
2055
2054
2038
2066
2069
2087
2054
2070
2077
2106
2068
2076
2043
2098
2072
2098
2059
2101
2088
2118
2083
2092
2072
2115
2092
2096
2062
2106
2098
2108
2078
2092
2097
2108
2091
2102
2095
2096
2110
2087
2093
2065
2099
2080
2087
2048
2074
2048
2072
2037
2036
2016
2043
2008
2019
1971
2008
1979
2001
1940
1960
1938
1971
1934
1944
1930
1967
1949
1956
1942
1932
1946
1946
1925
1906
1915
1904
1929
1900
1902
1886
1920
1898
1908
1875
1909
1896
1933
1884
1914
1894
1941
1916
1938
1896
1939
1916
1934
1892
1919
1913
1932
1908
1915
1911
1930
1913
1920
1922
1920
1935
1911
1920
1909
1932
1931
1955
1918
1950
1938
1987
1966
1997
1979
2023
1997
2035
1998
2045
2023
2065
2037
2070
2056
2089
2070
2099
2067
2087
2070
2088
2085
2072
2072
2082
2076
2068
2064
2051
2082
2058
2058
2034
2065
2041
2052
2020
2049
2033
2053
2013
2023
1998
2049
2017
2057
2015
2066
2042
2071
2041
2081
2064
2095
2088
2090
2085
2102
2102
2091
2100
2071
2090
2075
2082
2042
2051
2039
2046
1988
2002
1955
1991
1942
1955
1888
1902
1863
1881
1819
1812
1757
1767
1717
1686
1679
1640
1651
1635
1633
1607
1629
1612
1648
1605
1633
1614
1658
1633
1663
1608
1647
1615
1662
1615
1644
1603
1653
1629
1639
1608
1626
1629
1653
1623
1640
1657
1661
1700
1694
1709
1704
1758
1741
1771
1745
1779
1773
1801
1758
1790
1777
1804
1785
1799
1755
1781
1786
1815
1788
1796
1792
1830
1840
1846
1848
1875
1885
1888
1907
1891
1943
1928
1940
1917
1949
1938
1976
1941
1976
1944
1990
1955
1979
1935
1966
1940
1972
1930
1966
1941
2000
1978
1998
1992
2015
2015
2025
2037
2042
2059
2055
2086
2065
2095
2085
2129
2090
2123
2146
2096
2098
2073
2124
2100
2105
2075
2057
2070
2081
2085
2066
2067
2074
2107
2083
2092
2054
2111
2088
2116
2075
2112
2090
2139
2091
2117
2081
2139
2094
2130
2084
2087
2083
2099
2069
2064
2051
2042
2041
2024
2030
2030
2058
2044
2047
2042
2089
2066
2088
2050
2077
2067
2104
2075
2113
2056
2105
2076
2103
2049
2098
2082
2105
2082
2094
2086
2111
2108
2116
2125
2111
2138
2127
2149
2121
2138
2126
2159
2114
2142
2094
2141
2109
2136
2082
2118
2089
2112
2103
2114
2085
2091
2095
2095
2104
2063
2077
2075
2100
2068
2071
2025
2086
2063
2088
2027
2069
2051
2073
2034
2042
2007
2045
2033
2041
1996
2035
2031
2036
2039
2016
2033
2044
2065
2038
2054
2025
2070
2050
2076
2038
2080
2044
2073
2017
2048
2010
2053
1989
2010
1957
1986
1957
1967
1921
1925
1902
1928
1900
1892
1873
1858
1873
1847
1851
1843
1864
1834
1862
1837
1866
1838
1895
1857
1897
1879
1922
1900
1940
1908
1928
1906
1955
1935
1936
1932
1939
1968
1960
1959
1963
1989
1992
2017
1996
2010
2001
2043
2014
2045
1994
2048
2024
2062
2021
2063
2030
2062
2011
2013
1973
2009
1978
1984
1945
1935
1950
1959
1950
1941
1948
1964
1971
1961
1981
1962
1996
1985
2001
1966
2014
1982
2020
1972
2018
2002
2053
2003
2045
2011
2057
2037
2055
2020
2041
2031
2068
2046
2043
2024
2044
2047
2033
2028
2043
2057
2038
2077
2045
2070
2060
2095
2070
2097
2051
2106
2066
2110
2056
2113
2075
2115
2087
2108
2074
2111
2098
2115
2086
2096
2111
2117
2109
2094
2106
2125
2139
2127
2147
2118
2166
2134
2164
2114
2155
2125
2172
2109
2127
2098
2151
2107
2122
2091
2107
2104
2115
2089
2073
2076
2086
2095
2063
2067
2062
2102
2081
2094
2070
2110
2080
2127
2072
2118
2091
2148
2094
2142
2105
2145
2113
2139
2121
2151
2129
2155
2131
2137
2119
2148
2146
2136
2128
2119
2152
2141
2164
2125
2148
2133
2162
2120
2157
2107
2157
2121
2153
2104
2147
2120
2161
2127
2134
2101
2124
2100
2107
2090
2045
2053
2034
2032
1994
1981
1965
1984
1936
1966
1897
1946
1909
1944
1891
1943
1903
1935
1903
1937
1910
1962
1935
1956
1964
1950
1978
1991
2011
2002
2019
1986
2044
2014
2059
2033
2086
2057
2094
2072
2102
2076
2130
2101
2119
2091
2132
2119
2127
2130
2119
2133
2151
2159
2139
2161
2126
2180
2151
2181
2130
2163
2148
2204
2150
2178
2153
2189
2166
2194
2152
2169
2181
2189
2191
2186
2187
2197
2212
2179
2202
2163
2213
2202
2221
2180
2218
2196
2248
2210
2241
2201
2243
2220
2244
2228
2224
2217
2238
2237
2225
2219
2231
2249
2220
2233
2182
2213
2187
2215
2171
2213
2149
2203
2171
2200
2141
2175
2147
2160
2118
2091
2062
2068
2037
2007
1978
1959
1987
1966
1971
1942
1972
1955
1982
1957
2011
1982
2041
2002
2047
2003
2070
2043
2071
2036
2049
2027
2069
2029
2043
2032
2006
2024
2006
2015
1988
2001
1985
2020
1974
2004
1949
2015
1983
2027
1987
2034
2016
2063
2033
2058
2033
2076
2059
2074
2078
2050
2074
2088
2097
2079
2099
2059
2109
2062
2096
2028
2084
2052
2086
2060
2082
2038
2088
2055
2077
2034
2067
2057
2054
2057
2041
2051
2049
2065
2043
2073
2023
2084
2063
2101
2050
2104
2073
2122
2095
2099
2068
2105
2105
2111
2087
2086
2115
2099
2117
2090
2106
2094
2134
2111
2156
2119
2156
2122
2167
2134
2165
2133
2165
2164
2182
2148
2157
2154
2170
2165
2153
2154
2146
2167
2138
2143
2126
2150
2115
2157
2105
2152
2118
2161
2106
2146
2099
2136
2123
2149
2116
2137
2132
2123
2147
2131
2140
2132
2158
2131
2148
2114
2163
2130
2178
2129
2165
2138
2196
2164
2184
2141
2162
2150
2182
2151
2162
2158
2166
2185
2152
2157
2149
2188
2163
2195
2140
2193
2170
2219
2169
2197
2169
2210
2198
2228
2186
2200
2195
2216
2192
2180
2200
2172
2200
2169
2194
2153
2192
2155
2187
2136
2177
2132
2176
2135
2169
2151
2151
2141
2169
2142
2145
2144
2160
2176
2151
2166
2132
2173
2145
2172
2122
2157
2119
2174
2133
2163
2112
2151
2114
2121
2084
2081
2059
2074
2048
2038
2005
1989
2017
1997
2005
1958
1984
1960
1983
1951
1982
1935
1995
1955
1973
1923
1983
1966
1994
1972
1973
1972
1999
1995
1991
2002
1978
2019
1998
2017
1991
2018
2008
2055
2017
2046
1997
2049
2026
2059
2021
2055
2033
2068
2056
2075
2052
2067
2063
2075
2091
2066
2097
2084
2122
2086
2094
2063
2119
2083
2128
2089
2120
2086
2123
2095
2124
2099
2124
2126
2144
2124
2139
2140
2136
2163
2128
2137
2125
2139
2093
2127
2066
2099
2055
2078
2016
2042
2001
2017
1996
1995
1952
1966
1961
1964
1950
1951
1977
1973
2011
1979
1997
2003
2042
2029
2072
2024
2081
2072
2110
2069
2102
2090
2123
2107
2130
2108
2139
2145
2155
2158
2129
2148
2148
2191
2153
2174
2149
2198
2172
2208
2166
2196
2170
2214
2172
2206
2179
2195
2190
2207
2188
2195
2187
2178
2210
2170
2180
2165
2206
2179
2196
2154
2188
2167
2216
2176
2199
2170
2215
2186
2211
2188
2197
2191
2211
2190
2188
2192
2169
2216
2189
2200
2169
2213
2195
2230
2178
2214
2185
2240
2198
2224
2178
2216
2210
2222
2203
2197
2199
2208
2192
2186
2186
2153
2193
2166
2175
2132
2169
2144
2176
2116
2145
2107
2166
2112
2137
2097
2114
2108
2127
2105
2115
2107
2129
2129
2092
2102
2066
2113
2094
2111
2068
2103
2069
2115
2063
2094
2042
2100
2067
2099
2073
2077
2064
2092
2071
2075
2045
2045
2075
2040
2044
2014
2038
2005
2014
1967
1998
1940
1983
1947
1974
1923
1966
1934
1971
1947
1954
1941
1977
1961
1964
1967
1935
1971
1951
1974
1942
1960
1942
1981
1924
1951
1912
1956
1923
1945
1900
1921
1919
1950
1924
1928
1906
1935
1929
1924
1934
1906
1938
1926
1947
1913
1934
1908
1966
1928
1953
1907
1947
1930
1962
1940
1947
1930
1960
1952
1961
1931
1955
1973
1966
1980
1948
1973
1966
1995
1975
2010
1972
2021
1992
2031
1986
2019
1995
2021
2004
2010
1979
2000
1988
1995
1976
1968
1980
1978
2004
1970
1980
1969
2006
1970
2007
1961
2001
1986
2036
1985
2008
1987
2033
2035
2057
2037
2073
2073
2084
2105
2076
2095
2098
2139
2114
2132
2114
2165
2150
2184
2137
2184
2165
2215
2158
2194
2181
2215
2219
2228
2217
2221
2229
2229
2249
2233
2252
2226
2266
2235
2256
2235
2276
2242
2281
2235
2266
2243
2283
2254
2261
2247
2256
2253
2266
2246
2243
2246
2231
2271
2231
2255
2225
2263
2245
2278
2231
2248
2224
2273
2216
2240
2195
2196
2202
2215
2183
2168
2166
2179
2158
2133
2144
2110
2150
2109
2116
2074
2115
2084
2119
2073
2100
2069
2124
2077
2096
2061
2068
2071
2083
2055
2057
2048
2060
2054
2008
2020
1981
2021
1977
2009
1964
2005
1971
2009
1964
1980
1938
1978
1944
1933
1912
1901
1898
1886
1878
1863
1851
1792
1831
1790
1817
1759
1790
1743
1773
1742
1767
1711
1772
1747
1781
1748
1798
1782
1796
1798
1791
1784
1810
1825
1826
1856
1806
1856
1844
1893
1858
1892
1879
1925
1902
1933
1907
1948
1938
1966
1928
1950
1957
1983
1994
1980
1969
1991
2019
2002
2028
1973
2018
1996
2034
1989
2022
1998
2049
2031
2056
2012
2053
2042
2064
2051
2043
2043
2052
2063
2058
2074
2066
2079
2054
2083
2047
2082
2056
2094
2048
2091
2057
2092
2069
2094
2052
2075
2058
2066
2072
2068
2057
2049
2051
2029
2021
1970
1995
1964
1988
1925
1946
1909
1943
1901
1928
1879
1901
1882
1915
1863
1881
1867
1870
1884
1883
1873
1862
1884
1887
1913
1872
1897
1887
1940
1894
1933
1911
1975
1966
1999
1962
1986
1986
2039
1996
2017
2010
2014
2030
2030
2026
2012
2033
2027
2071
2022
2057
2043
2093
2053
2081
2072
2116
2102
2139
2098
2130
2101
2145
2140
2132
2123
2115
2138
2147
2139
2124
2134
2107
2154
2112
2142
2101
2152
2117
2145
2101
2117
2102
2140
2111
2131
2098
2126
2139
2135
2123
2114
2125
2138
2119
2094
2112
2079
2133
2099
2114
2063
2117
2080
2113
2071
2095
2062
2115
2076
2095
2066
2053
2069
2073
2073
2062
2075
2094
2097
2062
2094
2049
2102
2075
2107
2062
2111
2090
2139
2107
2127
2107
2166
2136
2148
2135
2122
2143
2166
2154
2154
2164
2139
2189
2155
2184
2146
2184
2160
2188
2164
2184
2149
2183
2143
2164
2125
2164
2144
2128
2120
2121
2138
2140
2111
2108
2096
2144
2120
2151
2107
2138
2115
2158
2140
2170
2121
2158
2149
2176
2133
2155
2145
2168
2162
2159
2154
2158
2172
2167
2181
2139
2163
2144
2199
2148
2177
2157
2198
2185
2205
2164
2210
2202
2226
2185
2206
2199
2207
2219
2218
2206
2211
2241
2208
2234
2193
2222
2215
2256
2214
2246
2212
2258
2239
2261
2210
2244
2237
2273
2254
2247
2243
2257
2267
2262
2260
2243
2256
2243
2279
2239
2275
2243
2281
2248
2288
2245
2271
2260
2300
2259
2275
2248
2267
2275
2279
2270
2267
2288
2279
2276
2258
2274
2243
2292
2247
2261
2216
2261
2235
2231
2169
2174
2141
2174
2125
2133
2101
2081
2083
2073
2058
2039
2039
2043
2042
2006
2017
1992
2041
1998
2012
1981
2018
2008
2051
2014
2032
2011
2058
2034
2047
2038
2019
2027
2027
2017
1999
2000
1967
2005
1946
1959
1921
1947
1914
1935
1905
1915
1890
1938
1896
1917
1900
1956
1952
1966
1960
1950
1961
1980
2006
2000
2018
1991
2029
2008
2035
1999
2032
2011
2047
2007
2012
1967
2005
1984
1989
1949
1946
1951
1950
1941
1918
1919
1920
1913
1881
1891
1828
1863
1825
1826
1781
1794
1754
1774
1741
1740
1696
1730
1711
1714
1715
1709
1718
1721
1736
1717
1726
1735
1763
1749
1779
1752
1789
1783
1819
1793
1839
1822
1861
1868
1896
1883
1901
1907
1921
1943
1935
1955
1951
1966
1954
1988
1976
2005
2000
2030
2006
2029
2033
2068
2047
2064
2051
2066
2077
2090
2070
2075
2091
2087
2116
2098
2119
2102
2133
2118
2146
2115
2128
2110
2145
2122
2134
2113
2134
2141
2140
2121
2111
2122
2140
2125
2108
2105
2080
2103
2074
2067
2042
2072
2038
2055
2011
2007
1991
2006
1960
1963
1939
1938
1945
1947
1922
1919
1926
1937
1942
1917
1927
1907
1935
1924
1933
1909
1940
1931
1963
1956
1978
1960
1991
1975
2002
2006
2009
2017
2035
2028
2032
2032
2027
2054
2047
2059
2042
2074
2068
2078
2072
2101
2090
2127
2106
2119
2100
2141
2130
2153
2143
2138
2136
2158
2149
2150
2155
2149
2177
2166
2172
2145
2170
2168
2196
2157
2178
2161
2202
2181
2195
2158
2177
2181
2192
2177
2188
2184
2212
2205
2202
2212
2193
2217
2216
2219
2207
2222
2212
2244
2210
2228
2197
2231
2211
2217
2177
2171
2168
2176
2152
2144
2133
2136
2131
2113
2097
2065
2076
2059
2047
2006
1991
1944
1955
1915
1909
1856
1869
1856
1860
1843
1834
1827
1836
1819
1810
1796
1791
1810
1804
1804
1778
1802
1802
1813
1794
1826
1799
1833
1833
1855
1817
1841
1834
1859
1847
1838
1826
1850
1852
1841
1829
1789
1803
1809
1815
1789
1801
1805
1831
1813
1840
1832
1879
1881
1898
1875
1900
1905
1923
1930
1930
1921
1930
1941
1954
1958
1933
1952
1960
1996
1964
1971
1966
2002
1997
2006
1981
2003
1999
2026
2005
2004
1992
1996
2011
2018
2011
2010
2021
2024
2035
2009
2030
2028
2057
2035
2063
2030
2057
2041
2082
2050
2066
2056
2083
2072
2072
2048
2067
2066
2063
2050
2049
2069
2071
2083
2051
2058
2049
2075
2051
2069
2027
2055
2043
2066
2035
2053
2027
2048
2043
2036
2015
2025
2027
2014
2017
1990
1999
1999
2015
1980
1976
1967
1980
1961
1973
1939
1963
1954
1973
1930
1945
1923
1927
1934
1934
1923
1916
1927
1915
1930
1915
1915
1896
1908
1893
1913
1897
1928
1918
1935
1910
1933
1922
1959
1963
1970
1956
1970
1985
1998
1991
1977
1988
1975
2010
1974
1984
1966
1983
1965
1984
1953
1967
1958
1998
1971
1991
1980
1997
2004
2017
2011
2008
2026
2033
2024
2024
2026
2007
2056
2045
2049
2020
2069
2057
2088
2051
2079
2061
2105
2081
2090
2092
2095
2108
2129
2114
2114
2119
2136
2155
2117
2137
2113
2152
2132
2142
2117
2142
2124
2159
2119
2133
2100
2129
2106
2134
2116
2113
2108
2124
2126
2122
2113
2089
2123
2112
2123
2089
2112
2100
2131
2090
2109
2080
2126
2102
2111
2074
2103
2095
2110
2089
2090
2078
2106
2091
2077
2091
2055
2089
2070
2070
2037
2050
2038
2057
2023
2043
2004
2061
2038
2062
2019
2044
2054
2071
2067
2063
2061
2084
2083
2086
2090
2062
2098
2085
2106
2084
2103
2066
2114
2089
2115
2073
2111
2102
2118
2088
2089
2084
2115
2109
2115
2097
2111
2117
2110
2115
2100
2124
2116
2152
2116
2149
2125
2159
2144
2164
2141
2162
2153
2160
2182
2178
2174
2175
2184
2174
2175
2160
2175
2157
2179
2154
2161
2136
2179
2150
2159
2112
2122
2122
2141
2111
2126
2119
2126
2143
2124
2119
2123
2138
2125
2131
2101
2108
2101
2139
2106
2124
2106
2145
2136
2149
2124
2143
2141
2170
2139
2141
2142
2142
2150
2145
2137
2124
2138
2110
2136
2099
2104
2091
2119
2083
2100
2070
2078
2056
2083
2065
2074
2053
2087
2094
2089
2098
2095
2119
2124
2125
2123
2132
2130
2177
2157
2185
2151
2197
2167
2199
2172
2178
2171
2200
2180
2197
2173
2184
2196
2191
2178
2163
2180
2179
2181
2160
2168
2127
2163
2134
2142
2094
2122
2089
2122
2080
2078
2046
2076
2039
2036
2023
2011
2025
2031
2022
1994
1996
2003
2010
1973
1975
1924
1952
1936
1948
1905
1918
1902
1937
1898
1910
1885
1925
1904
1933
1929
1922
1942
1949
1955
1951
1957
1939
1972
1942
1970
1943
1969
1961
1988
1968
1987
1955
2008
1991
2010
1987
2027
2030
2046
2038
2031
2037
2059
2073
2067
2082
2045
2081
2070
2091
2069
2093
2095
2123
2105
2115
2073
2120
2118
2142
2112
2130
2127
2138
2148
2147
2147
2159
2173
2163
2174
2142
2168
2170
2199
2165
2181
2156
2199
2178
2196
2169
2194
2186
2193
2178
2164
2149
2160
2168
2161
2158
2166
2176
2169
2173
2146
2172
2173
2198
2165
2196
2167
2198
2186
2203
2174
2198
2190
2203
2198
2189
2183
2179
2198
2194
2199
2182
2212
2194
2228
2203
2227
2209
2249
2227
2245
2214
2247
2233
2259
2229
2242
2229
2236
2238
2239
2226
2233
2243
2231
2260
2226
2234
2229
2267
2228
2232
2207
2239
2223
2247
2217
2220
2211
2242
2197
2205
2186
2182
2200
2191
2183
2170
2175
2161
2185
2141
2157
2144
2181
2136
2153
2124
2142
2124
2155
2124
2151
2131
2165
2153
2154
2142
2138
2163
2170
2165
2158
2177
2167
2202
2176
2209
2192
2238
2216
2231
2194
2223
2211
2255
2227
2243
2227
2252
2256
2258
2248
2241
2255
2257
2260
2238
2240
2205
2242
2210
2220
2174
2190
2155
2190
2138
2145
2111
2134
2095
2101
2049
2035
2031
2028
2006
1999
1991
2009
2020
1994
2003
1972
2020
2005
2018
1981
2014
1986
2044
2012
2035
2002
2047
2018
2033
2011
2012
2010
2030
2016
1997
1986
1969
2011
1982
1991
1963
1994
1977
1997
1980
2001
1964
2010
1988
2008
1973
2010
1996
2007
1996
1997
1988
2003
2000
1992
1999
1959
1991
1971
1975
1940
1966
1931
1946
1921
1932
1883
1913
1892
1916
1878
1901
1895
1923
1916
1921
1912
1947
1960
1955
1982
1964
1980
1975
2007
1979
1987
1949
2001
1978
2006
1956
1991
1964
1988
1978
1977
1954
1977
1966
1964
1945
1958
1973
1975
1985
1955
1985
1983
2014
1996
2022
1990
2041
2020
2050
2016
2055
2046
2075
2072
2072
2061
2084
2096
2108
2104
2091
2121
2110
2128
2095
2112
2101
2129
2092
2115
2082
2101
2088
2115
2073
2084
2069
2064
2065
2051
2046
2033
2040
2040
2053
2022
2024
1994
2026
1989
2001
1968
1984
1961
1975
1930
1947
1928
1951
1920
1933
1925
1922
1942
1945
1940
1934
1959
1946
1987
1968
1991
1974
2028
2018
2033
2012
2031
2031
2081
2052
2067
2048
2081
2073
2076
2067
2066
2093
2106
2100
2094
2113
2095
2134
2103
2109
2069
2102
2086
2095
2046
2061
2027
2044
1991
1992
1948
1949
1948
1936
1906
1890
1891
1884
1873
1862
1877
1853
1876
1856
1884
1849
1886
1877
1918
1899
1922
1902
1944
1936
1959
1954
1947
1964
1981
1986
1985
1986
2003
2023
1996
2014
1975
2001
1992
2014
1987
2011
1974
2009
1985
2006
1965
2004
1983
1994
1977
1968
1970
1980
1970
1965
1961
1943
1977
1958
1976
1952
1984
1968
1986
1965
1987
1966
2025
2012
2022
1994
2036
2031
2059
2043
2034
2026
2037
2038
2029
2036
1999
2036
2017
2024
1999
2019
2011
2028
1985
2007
1976
2007
1981
2014
1988
2004
1995
2009
2005
2004
1993
1992
1998
1991
2008
1966
1990
1971
1989
1949
1964
1931
1977
1953
1995
1967
2002
1998
2023
2017
2020
2077
2030
2064
2058
2126
2088
2109
2083
2088
2102
2127
2112
2112
2112
2110
2140
2117
2131
2111
2148
2138
2153
2117
2154
2140
2181
2151
2166
2137
2188
2177
2194
2170
2179
2177
2206
2191
2187
2185
2176
2199
2180
2191
2167
2212
2195
2216
2176
2202
2171
2230
2200
2220
2176
2212
2203
2217
2196
2201
2183
2198
2173
2154
2161
2134
2153
2142
2148
2108
2128
2086
2124
2074
2104
2042
2089
2067
2091
2059
2060
2046
2079
2064
2070
2050
2071
2071
2060
2067
2035
2062
2057
2072
2041
2062
2015
2057
2028
2062
2021
2076
2064
2103
2086
2088
2078
2110
2091
2106
2097
2106
2140
2130
2143
2125
2153
2143
2164
2128
2163
2116
2166
2140
2169
2132
2179
2166
2191
2168
2196
2169
2197
2182
2202
2199
2188
2215
2206
2224
2193
2209
2202
2222
2201
2229
2179
2217
2206
2237
2194
2223
2195
2222
2214
2242
2208
2223
2228
2228
2234
2209
2208
2199
2224
2185
2195
2165
2197
2171
2201
2161
2196
2171
2198
2180
2184
2159
2195
2193
2197
2175
2196
2196
2191
2204
2179
2182
2192
2221
2185
2204
2154
2190
2166
2188
2142
2166
2131
2156
2157
2158
2127
2152
2139
2144
2119
2123
2137
2135
2143
2130
2136
2126
2163
2133
2162
2117
2139
2101
2149
2111
2140
2113
2129
2109
2116
2100
2112
2094
2099
2091
2056
2054
2038
2060
2040
2038
2007
2027
2012
2048
1998
2024
1997
2051
2001
2036
2010
2016
2020
2043
2026
2031
2023
2027
2066
2040
2041
2027
2064
2061
2071
2036
2066
2045
2090
2045
2077
2057
2109
2092
2108
2082
2099
2097
2129
2106
2123
2131
2120
2146
2121
2127
2109
2143
2135
2151
2114
2147
2117
2157
2118
2149
2099
2128
2123
2157
2125
2132
2133
2166
2155
2175
2184
2169
2194
2197
2211
2194
2217
2206
2257
2211
2250
2207
2261
2242
2278
2259
2266
2256
2287
2277
2294
2273
2297
2291
2279
2302
2289
2301
2288
2309
2262
2285
2238
2282
2257
2276
2223
2257
2233
2255
2228
2224
2194
2220
2201
2188
2163
2149
2168
2152
2154
2118
2124
2118
2134
2096
2118
2070
2116
2098
2121
2080
2110
2106
2137
2128
2133
2116
2150
2145
2156
2171
2159
2181
2174
2193
2178
2182
2183
2201
2174
2208
2169
2217
2188
2223
2179
2216
2191
2222
2213
2230
2199
2215
2211
2211
2217
2190
2192
2182
2206
2182
2182
2148
2186
2156
2170
2120
2156
2137
2178
2164
2174
2137
2167
2158
2172
2148
2160
2151
2168
2180
2157
2153
2166
2185
2166
2187
2147
2184
2172
2199
2163
2181
2163
2197
2163
2174
2136
2168
2153
2164
2129
2144
2147
2159
2168
2149
2145
2154
2163
2147
2165
2133
2171
2158
2187
2155
2177
2157
2204
2182
2207
2173
2200
2186
2210
2206
2210
2202
2221
2224
2215
2207
2212
2243
2223
2249
2220
2246
2231
2262
2237
2274
2232
2267
2243
2268
2236
2265
2254
2270
2260
2256
2255
2265
2277
2285
2275
2263
2278
2267
2303
2273
2286
2261
2300
2274
2290
2244
2279
2275
2307
2260
2279
2270
2284
2282
2286
2274
2282
2292
2285
2294
2254
2275
2274
2300
2268
2285
2269
2295
2279
2309
2264
2297
2284
2321
2280
2305
2292
2302
2309
2299
2291
2283
2296
2292
2315
2280
2288
2279
2306
2275
2301
2270
2292
2264
2286
2249
2264
2234
2272
2249
2250
2221
2225
2210
2214
2186
2175
2166
2146
2173
2139
2143
2118
2139
2122
2155
2100
2117
2099
2144
2100
2137
2099
2120
2122
2126
2091
2096
2095
2100
2066
2056
2051
2026
2059
2024
2021
1983
2011
1953
1983
1925
1949
1910
1950
1899
1924
1907
1934
1929
1944
1926
1936
1943
1971
1980
1961
1988
1983
2012
1992
2007
1991
2023
1999
2040
2001
2044
2016
2070
2042
2079
2060
2074
2071
2107
2075
2090
2083
2088
2116
2094
2103
2080
2104
2092
2099
2058
2067
2034
2068
2018
2041
1993
2027
2003
2038
1999
1995
1972
2006
1981
1994
1984
1967
1981
1963
1975
1944
1967
1967
1989
1955
1971
1939
1986
1955
1990
1947
1994
1987
2019
2006
2023
2002
2047
2027
2035
2039
2022
2059
2054
2064
2042
2068
2056
2106
2068
2092
2053
2111
2088
2115
2097
2123
2110
2150
2123
2145
2120
2154
2160
2164
2162
2140
2169
2169
2172
2154
2154
2116
2164
2137
2155
2111
2151
2111
2140
2109
2110
2077
2106
2086
2097
2057
2063
2075
2063
2079
2073
2083
2078
2097
2086
2111
2075
2114
2107
2136
2092
2139
2126
2171
2157
2179
2151
2178
2183
2204
2206
2194
2209
2209
2227
2218
2218
2230
2257
2245
2260
2208
2250
2246
2266
2236
2276
2251
2277
2261
2275
2245
2271
2267
2281
2272
2243
2250
2268
2282
2253
2264
2250
2272
2251
2264
2228
2256
2252
2268
2236
2249
2225
2251
2227
2241
2211
2229
2214
2217
2216
2208
2204
2200
2214
2200
2214
2181
2210
2185
2217
2179
2205
2177
2207
2197
2212
2189
2186
2193
2215
2187
2180
2185
2173
2199
2176
2185
2155
2181
2140
2179
2140
2156
2131
2167
2118
2154
2135
2148
2137
2168
2143
2147
2135
2161
2163
2148
2156
2147
2184
2167
2173
2145
2163
2158
2203
2155
2187
2168
2206
2165
2208
2178
2181
2180
2205
2177
2184
2167
2166
2193
2174
2182
2151
2173
2168
2169
2133
2149
2127
2163
2122
2148
2100
2140
2118
2132
2105
2112
2090
2117
2103
2112
2106
2090
2105
2095
2108
2089
2112
2098
2117
2092
2116
2082
2112
2086
2124
2081
2111
2091
2130
2113
2117
2103
2138
2113
2124
2123
2101
2121
2121
2128
2112
2129
2100
2151
2119
2137
2098
2145
2121
2149
2137
2151
2132
2166
2146
2155
2128
2154
2159
2151
2140
2115
2130
2135
2149
2116
2140
2111
2155
2120
2141
2114
2151
2141
2175
2145
2154
2139
2186
2158
2172
2158
2169
2181
2190
2194
2180
2187
2198
2206
2190
2221
2189
2227
2212
2225
2196
2227
2203
2233
2208
2226
2199
2225
2215
2230
2214
2203
2190
2190
2195
2174
2173
2163
2178
2143
2154
2117
2131
2105
2123
2084
2107
2076
2111
2083
2082
2052
2078
2060
2061
2053
2039
2029
2035
2038
2018
2012
1989
2012
1994
2015
1983
1999
1993
2025
2011
2035
2016
2045
2029
2056
2011
2034
2024
2042
2024
2011
2004
2003
2008
1991
2005
1970
2013
1991
2015
1976
1988
1975
1996
1969
1967
1934
1959
1947
1958
1919
1913
1901
1895
1886
1870
1853
1844
1840
1807
1811
1777
1786
1775
1801
1763
1775
1742
1777
1767
1791
1766
1782
1774
1808
1816
1817
1813
1829
1835
1847
1851
1857
1875
1878
1897
1865
1889
1881
1917
1888
1915
1870
1903
1896
1932
1903
1927
1922
1943
1946
1955
1954
1971
1999
1998
1987
1975
2000
1993
2017
1982
1990
1968
2003
1975
1995
1943
1977
1956
1981
1950
1972
1955
1969
1980
1975
1956
1956
1968
1963
1970
1940
1942
1918
1963
1936
1948
1928
1950
1939
1968
1936
1965
1949
1976
1960
1984
1974
1993
2003
2012
1998
2004
2012
2026
2063
2036
2058
2044
2089
2075
2095
2068
2098
2082
2124
2095
2111
2083
2137
2133
2142
2117
2114
2134
2145
2131
2118
2121
2108
2136
2113
2129
2091
2132
2110
2132
2081
2098
2070
2120
2096
2114
2079
2095
2111
2130
2110
2111
2111
2129
2111
2112
2130
2099
2130
2114
2125
2101
2124
2090
2132
2102
2122
2091
2137
2111
2127
2105
2099
2102
2122
2103
2097
2083
2109
2122
2086
2098
2071
2103
2084
2098
2058
2074
2035
2076
2030
2059
2019
2055
2022
2043
2029
2030
2021
2045
2045
2043
2029
2019
2047
2039
2055
2020
2043
2038
2046
2016
2025
1982
2028
1998
2021
1974
2005
1990
2016
1984
1987
1971
1997
1992
1979
1969
1939
1956
1942
1955
1931
1942
1935
1951
1917
1937
1905
1952
1939
1977
1943
1977
1976
2006
2007
2009
1994
2015
2021
2025
2028
2000
2021
2014
2030
1999
1998
1956
1985
1968
1981
1943
1953
1939
1961
1945
1931
1915
1905
1918
1910
1908
1892
1897
1879
1897
1862
1879
1852
1888
1859
1876
1840
1850
1841
1872
1833
1845
1820
1829
1845
1835
1827
1827
1839
1841
1834
1810
1822
1808
1833
1789
1804
1767
1797
1763
1793
1754
1747
1732
1773
1735
1740
1719
1715
1738
1728
1701
1684
1701
1704
1701
1672
1681
1675
1707
1684
1703
1666
1691
1668
1699
1669
1694
1671
1707
1689
1718
1718
1720
1729
1751
1762
1765
1783
1778
1826
1800
1824
1806
1849
1835
1859
1848
1865
1850
1897
1876
1897
1870
1915
1906
1927
1912
1904
1924
1942
1939
1918
1930
1909
1938
1905
1907
1874
1898
1883
1907
1876
1888
1862
1923
1935
1898
1963
1983
2018
1981
1989
1998
2046
2033
2041
2030
2019
2058
2053
2042
2016
2030
2013
2009
1968
1968
1915
1940
1907
1917
1877
1907
1891
1916
1880
1895
1868
1886
1859
1846
1836
1807
1817
1805
1813
1799
1814
1796
1842
1822
1853
1823
1859
1832
1855
1836
1835
1810
1839
1821
1835
1798
1813
1817
1821
1832
1826
1846
1839
1844
1836
1849
1825
1878
1855
1879
1835
1873
1869
1910
1888
1902
1874
1910
1895
1907
1875
1876
1877
1872
1875
1854
1872
1866
1875
1856
1874
1829
1858
1847
1875
1837
1852
1823
1855
1836
1840
1813
1854
1846
1845
1832
1818
1831
1840
1850
1833
1839
1845
1855
1827
1846
1822
1846
1835
1865
1835
1864
1833
1861
1832
1864
1837
1856
1849
1857
1868
1851
1852
1866
1895
1881
1877
1863
1895
1873
1906
1867
1878
1869
1899
1873
1881
1848
1870
1855
1870
1846
1856
1855
1878
1894
1884
1888
1896
1918
1912
1944
1911
1936
1928
1962
1930
1948
1927
1965
1955
1955
1930
1959
1957
1975
1951
1967
1965
1974
1992
1981
1983
1993
2010
1990
2029
1998
2005
1985
2011
1973
1988
1958
1985
1967
1978
1954
1977
1971
1985
1968
1964
1965
1958
1971
1968
1972
1960
1975
1970
1983
1956
1971
1956
1990
1957
1987
1951
1955
1948
1966
1933
1933
1914
1921
1924
1909
1892
1874
1898
1902
1899
1875
1878
1851
1890
1858
1888
1856
1894
1859
1895
1846
1855
1841
1872
1838
1851
1841
1837
1855
1835
1830
1818
1822
1813
1815
1789
1796
1783
1831
1813
1835
1804
1844
1857
1892
1847
1870
1853
1887
1846
1855
1843
1832
1839
1839
1830
1813
1829
1817
1871
1831
1851
1833
1877
1845
1871
1845
1869
1858
1912
1885
1906
1881
1926
1916
1936
1940
1932
1941
1950
1952
1948
1967
1947
1990
1970
1991
1965
1989
1974
2011
1981
1999
1965
2007
1968
1972
1921
1915
1902
1890
1859
1825
1813
1819
1809
1792
1795
1753
1809
1796
1815
1776
1801
1766
1803
1753
1774
1733
1777
1749
1767
1752
1750
1752
1779
1763
1759
1745
1767
1773
1761
1773
1746
1777
1764
1791
1768
1800
1780
1841
1822
1846
1816
1872
1861
1893
1890
1890
1887
1918
1928
1934
1925
1920
1960
1943
1969
1941
1965
1952
1980
1956
1983
1946
1985
1995
2019
1988
2008
2007
2020
2041
2036
2051
2058
2098
2086
2107
2076
2102
2102
2160
2124
2141
2120
2166
2172
2187
2157
2178
2181
2208
2185
2200
2197
2210
2227
2236
2235
2223
2258
2235
2277
2235
2259
2234
2298
2257
2278
2256
2295
2286
2313
2278
2305
2289
2324
2317
2302
2302
2304
2340
2326
2330
2312
2333
2319
2346
2316
2348
2323
2352
2320
2356
2317
2341
2333
2363
2327
2347
2335
2341
2345
2339
2351
2340
2339
2335
2327
2299
2314
2294
2321
2288
2304
2254
2298
2277
2305
2260
2268
2252
2292
2261
2276
2255
2242
2252
2257
2250
2227
2224
2236
2233
2195
2207
2180
2228
2194
2207
2169
2182
2152
2180
2136
2158
2134
2182
2146
2149
2126
2122
2132
2134
2125
2114
2108
2094
2127
2089
2100
2074
2106
2090
2100
2057
2069
2039
2080
2045
2067
2028
2060
2040
2032
2010
2002
2006
2011
2005
2007
2012
1987
2022
1990
2018
1983
2026
2007
2033
2000
2032
1996
2042
2018
2037
1997
2015
2024
2046
2029
2027
2013
2036
2031
2014
2040
2002
2023
1999
2016
1976
1998
1953
1999
1947
1959
1908
1941
1903
1909
1882
1871
1861
1877
1863
1862
1843
1855
1867
1844
1849
1819
1856
1837
1849
1813
1843
1804
1853
1830
1847
1815
1855
1835
1855
1840
1844
1831
1854
1841
1836
1824
1811
1848
1827
1837
1820
1832
1816
1850
1813
1849
1817
1865
1839
1878
1838
1879
1875
1905
1898
1909
1888
1911
1919
1934
1944
1923
1948
1935
1949
1929
1951
1948
1982
1970
2001
1961
2001
1991
2033
1991
2021
2004
2030
2022
2036
2020
2041
2058
2060
2071
2038
2049
2037
2063
2028
2035
1983
2027
1999
2024
1967
2001
1972
2002
1976
1977
1951
1971
1974
1982
1971
1991
2011
2000
2022
1992
2020
2027
2058
2022
2051
2003
2036
2014
2046
1998
2023
1999
2021
2024
2018
1998
2007
2015
2016
2002
1998
2012
2009
2039
2013
2037
2020
2054
2024
2070
2025
2057
2044
2090
2055
2083
2074
2103
2110
2121
2104
2114
2116
2135
2134
2107
2120
2103
2136
2114
2119
2083
2096
2080
2118
2072
2095
2059
2105
2067
2116
2088
2088
2090
2108
2068
2079
2074
2061
2102
2073
2073
2063
2094
2067
2073
2044
2078
2061
2106
2066
2098
2058
2104
2082
2107
2076
2075
2058
2083
2047
2048
2028
2001
2014
1988
1993
1965
1994
1987
2000
1965
1996
1962
2011
1986
2031
1994
2037
2033
2056
2039
2027
2001
2014
1993
1979
1976
1929
1939
1912
1913
1872
1888
1847
1902
1863
1891
1859
1905
1870
1902
1903
1910
1887
1928
1921
1931
1904
1938
1935
1928
1936
1904
1932
1929
1930
1902
1923
1883
1925
1903
1931
1896
1939
1919
1959
1939
1944
1930
1960
1956
1960
1953
1950
1981
1982
1996
1976
1999
1991
2018
1979
2003
1967
2017
1979
2022
1982
2014
1996
2017
1983
1986
1958
1974
1960
1952
1955
1928
1946
1938
1955
1935
1955
1955
1978
1960
1992
1957
2003
1975
2008
1974
2016
1992
2017
2026
2030
2026
2027
2051
2041
2070
2045
2064
2042
2086
2054
2070
2039
2065
2039
2081
2038
2057
2035
2074
2052
2057
2026
2028
2045
2055
2049
2049
2060
2048
2104
2073
2095
2071
2107
2085
2115
2063
2088
2075
2122
2072
2096
2058
2081
2076
2082
2065
2069
2088
2105
2084
2075
2100
2088
2128
2102
2128
2107
2148
2128
2172
2133
2161
2143
2198
2169
2201
2194
2203
2193
2218
2207
2226
2213
2229
2242
2220
2233
2215
2252
2239
2242
2213
2242
2219
2272
2236
2260
2222
2274
2257
2297
2276
2263
2261
2288
2272
2285
2269
2260
2295
2278
2288
2255
2288
2281
2304
2269
2295
2259
2315
2286
2306
2261
2315
2300
2334
2308
2298
2285
2311
2301
2302
2303
2273
2299
2297
2308
2285
2297
2295
2315
2271
2303
2258
2310
2277
2308
2266
2293
2282
2313
2297
2303
2293
2314
2314
2306
2315
2294
2307
2301
2313
2297
2301
2253
2306
2280
2311
2266
2301
2283
2311
2289
2295
2274
2302
2291
2298
2276
2300
2292
2292
2304
2281
2287
2288
2315
2272
2291
2251
2297
2268
2302
2259
2275
2252
2294
2271
2270
2250
2277
2269
2275
2244
2244
2267
2270
2273
2236
2263
2252
2273
2234
2262
2220
2260
2232
2267
2222
2243
2219
2248
2239
2236
2216
2238
2227
2232
2242
5835
1933
1931
1941
1942
1935
1932
1927
1926
1925
1931
1941
1942
1950
1955
1965
1975
1976
1973
1985
1993
1994
2000
2006
2009
2011
2027
2039
2042
2038
2036
2037
2048
2052
2058
2053
2049
2043
2043
2052
2051
2046
2052
2058
2056
2050
2052
2054
2056
2054
2057
2066
2065
2070
2075
2078
2075
2060
2065
2063
2078
2081
2081
2075
2078
2081
2078
2080
2080
2093
2092
2091
2086
2090
2088
2095
2095
2092
2101
2102
2103
2097
2097
2097
2095
2091
2073
2070
2067
2058
2052
2057
2047
2026
2016
2012
1994
1980
1972
1973
1977
1978
1971
1962
1967
1958
1968
1967
1963
1977
1963
1950
1947
1956
1959
1958
1941
1936
1941
1940
1934
1930
1934
1944
1930
1921
1922
1920
1925
1917
1934
1935
1940
1939
1935
1936
1940
1943
1941
1941
1938
1932
1917
1911
1915
1914
1912
1905
1899
1914
1912
1912
1911
1913
1916
1910
1907
1921
1924
1923
1930
1940
1942
1955
1957
1953
1957
1965
1974
1979
1987
1992
1999
2010
2017
2023
2026
2030
2033
2040
2048
2042
2045
2057
2051
2055
2050
2053
2049
2052
2045
2044
2048
2045
2041
2036
2038
2032
2030
2034
2040
2047
2038
2040
2046
2052
2052
2059
2060
2056
2061
2062
2059
2060
2066
2079
2081
2086
2082
2085
2076
2083
2084
2090
2078
2081
2073
2063
2062
2061
2052
2046
2045
2037
2020
1999
1980
1955
1925
1907
1885
1865
1842
1806
1792
1776
1774
1768
1763
1753
1755
1765
1761
1757
1760
1754
1759
1757
1754
1761
1751
1760
1754
1761
1765
1763
1749
1752
1752
1748
1747
1748
1745
1754
1760
1768
1775
1782
1780
1791
1805
1820
1830
1823
1827
1831
1839
1850
1842
1837
1834
1833
1842
1828
1826
1823
1831
1821
1827
1846
1845
1842
1853
1865
1876
1887
1891
1892
1906
1929
1937
1934
1940
1944
1952
1950
1945
1943
1948
1947
1943
1937
1924
1925
1929
1930
1929
1938
1942
1940
1945
1956
2009
1990
1994
2014
2039
2048
2050
2050
2049
2055
2060
2063
2077
2086
2088
2094
2091
2090
2087
2091
2084
2097
2101
2096
2097
2097
2095
2095
2094
2096
2103
2100
2104
2096
2096
2101
2107
2100
2107
2110
2109
2114
2118
2108
2120
2117
2122
2115
2121
2126
2109
2107
2104
2099
2089
2089
2080
2075
2070
2059
2059
2058
2061
2059
2055
2055
2067
2064
2064
2067
2075
2075
2081
2081
2080
2073
2072
2062
2065
2074
2081
2083
2085
2084
2088
2103
2102
2104
2107
2115
2115
2112
2112
2115
2105
2099
2085
2082
2090
2089
2095
2091
2087
2075
2072
2069
2060
2056
2057
2059
2052
2043
2044
2048
2051
2051
2053
2050
2055
2062
2053
2053
2062
2063
2064
2062
2059
2057
2054
2056
2057
2052
2040
2039
2028
2038
2033
2031
2023
2028
2017
2017
2023
2040
2041
2041
2032
2036
2046
2054
2061
2061
2056
2054
2057
2055
2057
2058
2063
2043
2043
2039
2034
2031
2033
2019
2017
2011
2000
1994
1982
1977
1963
1956
1954
1934
1915
1906
1905
1908
1911
1899
1897
1894
1891
1897
1896
1892
1894
1901
1909
1914
1909
1915
1923
1930
1942
1949
1945
1962
1967
1980
1978
1983
1997
1998
2008
2009
2017
2030
2032
2035
2037
2037
2043
2029
2025
2021
2018
2005
1988
1991
1987
1981
1989
1978
1979
1979
1988
1991
1989
1989
1995
1996
2003
2002
2005
2005
2009
2015
2018
2012
2013
2018
2023
2016
2017
2030
2027
2032
2030
2036
2041
2041
2045
2041
2048
2053
2052
2054
2050
2066
2068
2063
2064
2062
2079
2086
2083
2079
2076
2085
2091
2098
2099
2107
2103
2103
2097
2104
2116
2119
2118
2125
2123
2132
2128
2127
2121
2123
2130
2141
2151
2155
2153
2141
2136
2143
2162
2157
2159
2151
2149
2153
2155
2140
2136
2131
2127
2127
2129
2124
2106
2107
2096
2092
2081
2094
2078
2079
2068
2058
2060
2067
2069
2071
2071
2069
2057
2055
2064
2075
2073
2080
2073
2092
2089
2085
2088
2091
2094
2100
2104
2106
2105
2104
2114
2108
2106
2103
2109
2105
2113
2106
2113
2108
2110
2108
2115
2115
2120
2108
2103
2115
2128
2118
2124
2125
2125
2122
2099
2115
2118
2116
2097
2091
2073
2060
2048
2032
2027
2025
2009
2012
2007
1998
1991
1993
1986
1979
1970
1966
1967
1954
1959
1966
1970
1971
1974
1978
1979
1986
1999
2006
2006
2010
2017
2025
2027
2026
2027
2031
2046
2053
2065
2062
2068
2074
2071
2077
2087
2092
2099
2107
2100
2104
2108
2114
2118
2123
2120
2133
2136
2132
2135
2132
2140
2138
2142
2151
2156
2147
2153
2158
2142
2157
2156
2155
2167
2154
2154
2159
2162
2165
2170
2164
2160
2156
2156
2165
2176
2165
2161
2170
2178
2168
2166
2164
2163
2164
2167
2166
2162
2166
2174
2175
2173
2164
2166
2174
2169
2161
2174
2177
2175
2166
2161
2169
2187
2182
2172
2168
2179
2165
2162
2154
2145
2140
2134
2114
2097
2081
2069
2046
2040
2029
2019
2019
2023
2025
2021
2022
2021
2030
2040
2038
2043
2052
2054
2057
2058
2058
2040
2056
2062
2059
2056
2054
2043
2048
2036
2029
2021
2017
2021
2017
2016
2013
2011
2013
2015
2015
2013
2015
2024
2018
2017
2012
2016
2022
2030
2032
2038
2030
2036
2040
2043
2048
2067
2063
2066
2060
2066
2070
2074
2080
2084
2075
2076
2087
2076
2084
2082
2087
2076
2087
2081
2082
2074
2077
2079
2079
2073
2074
2069
2079
2082
2079
2078
2086
2090
2093
2087
2082
2094
2096
2099
2094
2096
2094
2106
2115
2107
2113
2118
2120
2128
2117
2133
2133
2144
2143
2146
2150
2155
2161
2168
2158
2158
2171
2179
2180
2176
2178
2178
2179
2183
2198
2179
2169
2182
2182
2174
2171
2170
2177
2175
2165
2162
2167
2170
2164
2163
2161
2172
2165
2171
2163
2161
2164
2160
2155
2169
2164
2156
2163
2164
2151
2154
2163
2164
2166
2160
2163
2163
2162
2156
2158
2146
2146
2146
2152
2149
2156
2156
2159
2164
2168
2163
2154
2164
2173
2184
2178
2183
2190
2181
2188
2190
2190
2194
2195
2197
2196
2188
2193
2202
2194
2205
2206
2197
2193
2195
2191
2195
2198
2198
2196
2193
2187
2172
2177
2185
2186
2182
2180
2190
2184
2167
2176
2176
2174
2173
2173
2165
2162
2146
2155
2157
2158
2149
2153
2152
2143
2131
2126
2112
2106
2102
2085
2088
2072
2054
2051
2045
2030
2022
2020
2024
2007
2004
2004
1993
1993
1995
1999
2003
2005
2001
2012
2006
1998
1989
1979
1985
2000
1994
2000
1999
1994
2001
2011
2003
2008
2002
2005
2010
2007
2013
2012
2011
2015
2021
2014
2019
2022
2027
2028
2032
2037
2042
2043
2056
2048
2061
2053
2057
2061
2064
2065
2063
2071
2072
2076
2079
2076
2078
2082
2081
2075
2079
2085
2084
2093
2092
2095
2107
2107
2106
2116
2119
2126
2124
2123
2120
2132
2130
2115
2108
2111
2101
2093
2085
2071
2065
2050
2034
2035
2024
2011
2008
1987
1984
1978
1982
1974
1974
1976
1974
1974
1995
2000
2003
2013
2015
2009
2020
2032
2039
2044
2051
2049
2055
2075
2079
2088
2084
2091
2097
2092
2099
2111
2122
2119
2124
2131
2133
2130
2128
2146
2143
2137
2132
2141
2145
2149
2154
2165
2159
2148
2154
2163
2164
2164
2159
2157
2160
2170
2166
2167
2167
2170
2174
2181
2178
2177
2180
2186
2180
2188
2188
2183
2182
2189
2188
2186
2184
2185
2176
2184
2183
2184
2190
2183
2193
2193
2186
2189
2191
2190
2190
2190
2189
2178
2182
2169
2167
2157
2153
2147
2146
2133
2136
2127
2114
2111
2099
2097
2091
2086
2087
2090
2090
2089
2082
2096
2085
2095
2084
2084
2088
2088
2085
2085
2082
2079
2072
2072
2067
2071
2063
2052
2055
2057
2057
2053
2055
2056
2056
2058
2070
2058
2055
2051
2057
2051
2045
2031
2021
2020
2022
1995
2001
2001
1983
1981
1989
1981
1983
1988
1987
1990
2000
2006
2013
2006
2007
2015
2017
2015
2005
2014
2017
2032
2035
2025
2023
2038
2045
2034
2020
2028
2020
2026
2029
2024
2017
2006
2011
2012
2005
2004
2001
1995
2000
2004
2003
1996
2002
2000
2000
1985
1987
1987
1993
1989
1993
2000
2000
1999
1993
1997
2001
1991
1995
1996
1992
1987
1983
1995
1997
1994
1990
1994
1992
1993
2004
2001
2006
2008
2009
2010
2015
2009
2010
2017
2012
2015
2015
2016
2017
2022
2029
2026
2038
2042
2040
2044
2052
2045
2043
2040
2052
2056
2062
2063
2067
2066
2060
2071
2072
2078
2074
2086
2082
2087
2099
2112
2113
2108
2099
2114
2115
2115
2120
2131
2140
2137
2135
2158
2158
2154
2160
2165
2173
2172
2184
2186
2191
2190
2186
2192
2192
2185
2188
2193
2185
2196
2197
2203
2196
2197
2206
2201
2193
2190
2192
2194
2200
2210
2203
2204
2203
2198
2200
2214
2212
2199
2206
2214
2217
2207
2215
2217
2205
2197
2203
2205
2201
2198
2198
2196
2190
2181
2167
2168
2171
2160
2166
2140
2136
2134
2127
2133
2115
2110
2107
2111
2084
2084
2088
2087
2083
2084
2079
2075
2067
2066
2054
2045
2041
2038
2039
2045
2030
2035
2022
2005
2025
2018
2013
2014
2009
1997
1993
1991
1992
1975
1977
1968
1961
1944
1938
1914
1898
1880
1858
1842
1830
1815
1803
1794
1796
1795
1796
1806
1812
1807
1814
1823
1812
1815
1827
1828
1829
1834
1827
1845
1851
1855
1857
1867
1866
1878
1878
1882
1883
1898
1912
1914
1917
1907
1923
1932
1938
1938
1939
1944
1949
1949
1951
1959
1965
1959
1961
1960
1964
1963
1967
1966
1959
1962
1966
1968
1973
1970
1965
1976
1975
1987
1991
2001
2000
2008
2012
2002
1995
2003
2008
2014
2016
2013
2005
2000
2011
2009
2004
2008
2002
2013
2018
2007
2005
1999
2012
2020
2021
2011
2015
1999
2000
1980
1972
1965
1954
1935
1931
1920
1908
1894
1887
1892
1890
1889
1883
1888
1884
1872
1865
1864
1867
1870
1865
1872
1878
1882
1885
1894
1896
1906
1915
1936
1943
1946
1956
1968
1980
1982
1988
1992
2004
2007
2009
2011
2019
2025
2034
2043
2054
2054
2069
2067
2077
2078
2088
2085
2095
2108
2117
2114
2117
2116
2127
2127
2121
2121
2114
2125
2133
2133
2123
2121
2120
2115
2112
2119
2117
2121
2107
2116
2111
2109
2111
2123
2120
2123
2130
2136
2135
2124
2132
2128
2131
2134
2141
2136
2133
2137
2143
2133
2133
2128
2130
2121
2120
2121
2107
2113
2115
2121
2122
2124
2119
2110
2106
2103
2105
2109
2100
2109
2097
2091
2091
2099
2102
2106
2108
2097
2107
2095
2103
2108
2104
2110
2110
2108
2113
2106
2111
2113
2122
2115
2115
2136
2121
2130
2133
2143
2140
2130
2116
2126
2134
2133
2128
2120
2110
2108
2106
2095
2108
2112
2118
2109
2104
2098
2099
2098
2104
2101
2105
2096
2111
2099
2111
2109
2113
2106
2104
2107
2106
2111
2111
2116
2122
2121
2113
2125
2120
2127
2123
2127
2126
2132
2126
2131
2127
2128
2129
2124
2135
2131
2132
2141
2148
2154
2157
2145
2157
2162
2158
2160
2165
2171
2176
2170
2166
2167
2184
2184
2182
2179
2183
2186
2180
2184
2178
2175
2176
2178
2186
2191
2181
2176
2170
2179
2177
2180
2177
2177
2175
2184
2184
2178
2174
2181
2179
2170
2184
2182
2179
2195
2195
2192
2183
2186
2197
2185
2187
2189
2186
2189
2195
2195
2198
2191
2192
2193
2194
2182
2186
2192
2187
2168
2164
2158
2146
2139
2138
2111
2122
2103
2096
2092
2088
2083
2070
2072
2058
2045
2050
2050
2030
2028
2023
2028
2035
2024
2024
2032
2033
2037
2026
2031
2038
2047
2050
2043
2040
2041
2053
2038
2043
2033
2027
2026
2030
2024
2019
2008
1997
1987
1980
1975
1984
1982
1969
1978
1970
1979
1980
1982
1989
1994
2006
2005
2006
2008
2014
2017
2015
2016
2023
2027
2025
2035
2027
2018
2024
2021
2018
2021
2022
2015
2005
2004
2006
1997
1985
1982
1977
1971
1969
1970
1967
1962
1952
1935
1915
1903
1902
1895
1884
1872
1860
1861
1863
1863
1852
1851
1845
1849
1846
1851
1848
1856
1850
1855
1851
1866
1867
1882
1891
1897
1900
1903
1919
1920
1920
1936
1938
1944
1959
1966
1979
1976
1993
1995
1998
1999
2005
2019
2024
2027
2038
2047
2051
2052
2050
2054
2071
2067
2059
2077
2085
2079
2081
2083
2084
2083
2085
2096
2099
2110
2111
2119
2112
2115
2110
2106
2109
2121
2122
2119
2119
2115
2103
2106
2109
2106
2097
2092
2097
2089
2076
2069
2062
2061
2050
2039
2039
2036
2023
2008
1998
1987
1988
1986
1979
1967
1970
1970
1960
1959
1955
1948
1944
1939
1949
1956
1961
1967
1973
1977
1985
1982
1985
1997
2001
2002
2016
2027
2031
2031
2028
2045
2048
2041
2042
2052
2064
2069
2067
2071
2089
2081
2083
2080
2080
2086
2090
2103
2104
2108
2116
2113
2113
2114
2121
2122
2126
2135
2147
2147
2156
2159
2146
2151
2137
2140
2152
2163
2155
2153
2151
2147
2149
2148
2150
2158
2149
2151
2157
2164
2160
2162
2171
2178
2189
2179
2179
2182
2185
2170
2172
2179
2174
2162
2160
2154
2149
2136
2141
2142
2135
2133
2132
2124
2120
2110
2107
2096
2087
2063
2035
2019
2001
1984
1961
1944
1925
1909
1895
1884
1874
1851
1838
1822
1808
1794
1795
1785
1782
1774
1767
1787
1784
1782
1783
1802
1809
1818
1829
1827
1833
1839
1851
1860
1864
1868
1879
1883
1885
1879
1868
1858
1861
1862
1844
1849
1848
1849
1850
1861
1865
1871
1870
1876
1884
1895
1894
1912
1908
1921
1919
1922
1925
1924
1924
1931
1935
1931
1941
1940
1948
1955
1972
1971
1980
1976
1979
1988
1988
1990
2000
2008
1999
2001
2008
2016
2017
2012
2011
2018
2024
2021
2022
2021
2023
2026
2041
2039
2055
2059
2069
2074
2073
2078
2079
2066
2066
2074
2089
2103
2100
2091
2083
2087
2089
2099
2105
2099
2109
2104
2096
2102
2101
2102
2114
2114
2109
2108
2108
2098
2099
2096
2093
2088
2086
2086
2083
2078
2071
2065
2059
2059
2053
2054
2044
2048
2039
2032
2025
2024
2020
2014
2014
2007
2003
1996
1985
1987
1981
1981
1974
1971
1955
1953
1955
1955
1961
1951
1951
1952
1940
1939
1937
1950
1947
1951
1956
1953
1966
1968
1970
1982
1987
1979
1991
1996
1998
1998
2004
1995
1983
1979
1979
1980
1974
1966
1972
1977
1973
1983
1996
2001
1993
1996
2006
2010
2007
2001
2000
2016
2015
2029
2031
2023
2019
2021
2021
2038
2045
2035
2037
2046
2045
2045
2046
2051
2068
2059
2064
2065
2066
2075
2066
2073
2070
2076
2078
2091
2084
2080
2075
2073
2074
2081
2074
2066
2061
2059
2051
2053
2061
2059
2058
2052
2058
2066
2058
2063
2059
2063
2075
2077
2082
2076
2079
2093
2086
2091
2092
2095
2096
2097
2089
2090
2092
2090
2077
2077
2073
2059
2053
2048
2045
2037
2030
2028
2025
2015
2007
2009
2006
2002
2008
2017
2018
2011
2009
2018
2030
2023
2026
2027
2044
2055
2055
2050
2049
2051
2067
2064
2061
2067
2068
2064
2067
2060
2068
2062
2077
2083
2070
2070
2070
2076
2072
2078
2084
2077
2072
2074
2085
2089
2093
2105
2108
2113
2102
2105
2107
2108
2117
2120
2114
2116
2117
2121
2132
2134
2132
2137
2150
2148
2142
2139
2133
2130
2124
2128
2139
2137
2130
2126
2126
2118
2120
2123
2120
2113
2110
2105
2098
2096
2102
2101
2095
2081
2081
2082
2087
2086
2090
2089
2084
2088
2093
2103
2101
2105
2110
2113
2122
2118
2113
2119
2106
2103
2097
2095
2102
2099
2082
2091
2084
2079
2075
2082
2079
2070
2069
2084
2082
2079
2080
2086
2074
2066
2066
2079
2080
2083
2089
2095
2112
2107
2106
2115
2130
2134
2128
2123
2140
2149
2157
2152
2160
2158
2161
2165
2172
2173
2181
2181
2179
2183
2185
2194
2201
2194
2189
2187
2182
2187
2192
2185
2173
2180
2183
2182
2174
2165
2154
2152
2149
2150
2125
2123
2127
2119
2118
2109
2100
2104
2086
2078
2074
2067
2062
2054
2033
2029
2011
2005
2002
1986
1977
1974
1984
1976
1964
1966
1976
1974
1986
1989
1990
1995
1997
2000
2005
2008
2015
2006
2015
2021
2021
2022
2029
2036
2034
2038
2040
2044
2054
2054
2064
2054
2051
2055
2059
2065
2077
2077
2076
2078
2083
2083
2081
2086
2080
2094
2094
2093
2093
2105
2110
2100
2096
2103
2100
2110
2114
2116
2119
2112
2108
2122
2128
2140
2140
2133
2133
2146
2144
2141
2159
2147
2131
2133
2144
2139
2134
2141
2145
2135
2125
2121
2126
2120
2130
2123
2128
2130
2135
2131
2141
2146
2137
2139
2145
2154
2151
2147
2142
2142
2156
2148
2141
2145
2147
2153
2151
2157
2161
2162
2162
2157
2156
2163
2170
2174
2182
2179
2176
2167
2168
2173
2170
2182
2180
2184
2172
2166
2170
2181
2183
2175
2163
2176
2182
2181
2188
2179
2183
2178
2174
2190
2196
2192
2187
2193
2193
2189
2186
2188
2184
2179
2172
2170
2164
2171
2172
2172
2164
2158
2161
2159
2157
2153
2156
2149
2150
2145
2146
2148
2151
2156
2148
2147
2145
2142
2142
2149
2142
2151
2148
2149
2161
2166
2161
2162
2171
2173
2169
2186
2180
2186
2195
2197
2206
2208
2196
2209
2206
2213
2221
2218
2210
2209
2217
2219
2214
2207
2208
2206
2206
2201
2204
2191
2182
2182
2189
2193
2173
2168
2153
2146
2132
2118
2105
2105
2097
2092
2086
2087
2094
2089
2089
2087
2088
2084
2086
2085
2081
2082
2090
2094
2093
2082
2081
2084
2081
2072
2069
2074
2067
2054
2059
2057
2053
2043
2044
2038
2045
2047
2048
2037
2044
2048
2041
2044
2050
2043
2042
2035
2035
2034
2039
2048
2055
2061
2051
2049
2045
2038
2034
2039
2025
2033
2021
2006
2001
2003
1987
1984
1973
1966
1951
1944
1941
1939
1931
1933
1929
1935
1938
1941
1942
1934
1944
1954
1949
1945
1949
1956
1957
1956
1952
1957
1966
1964
1956
1949
1955
1956
1959
1962
1962
1966
1961
1972
1974
1979
1979
1993
2003
2010
2016
2026
2030
2029
2031
2030
2031
2046
2063
2061
2057
2065
2065
2082
2088
2082
2089
2094
2095
2096
2104
2104
2104
2103
2107
2099
2096
2095
2093
2099
2091
2078
2078
2070
2064
2058
2060
2056
2048
2037
2034
2028
2028
2026
2024
2016
2021
2010
1993
1976
1961
1959
1946
1932
1921
1921
1918
1909
1903
1901
1910
1915
1915
1912
1917
1924
1939
1949
1952
1966
1978
1995
2001
2014
2014
2025
2028
2033
2046
2046
2050
2056
2063
2062
2064
2070
2075
2081
2074
2079
2091
2090
2096
2093
2100
2110
2104
2100
2087
2092
2093
2089
2083
2072
2057
2054
2048
2032
2016
2006
1996
1985
1979
1965
1957
1960
1954
1952
1938
1940
1939
1936
1938
1945
1952
1953
1961
1959
1963
1968
1973
1972
1968
1972
1978
1986
1990
1985
1997
1992
1990
1987
1981
1974
1975
1987
1992
1982
1982
1981
1977
1981
1983
1980
1976
1964
1965
1958
1964
1949
1946
1946
1941
1941
1937
1943
1948
1945
1932
1946
1946
1945
1955
1964
1972
1978
1986
1979
1982
1988
1993
1994
2002
2006
2009
2019
2012
2008
2010
2017
2017
2012
2019
2023
2013
2014
2013
2017
2018
2022
2027
2024
2037
2039
2041
2043
2037
2030
2033
2031
2026
1981
1963
1968
1989
1995
1989
1996
1997
1986
1998
2011
2019
2022
2027
2044
2058
2052
2051
2064
2076
2085
2085
2083
2089
2094
2107
2107
2108
2105
2102
2097
2107
2111
2117
2112
2106
2115
2120
2131
2131
2131
2124
2128
2141
2154
2152
2160
2155
2167
2169
2175
2170
2170
2166
2174
2177
2183
2183
2189
2184
2181
2180
2189
2199
2201
2196
2201
2207
2208
2215
2201
2206
2199
2197
2193
2193
2203
2205
2193
2188
2181
2178
2181
2186
2186
2181
2182
2174
2166
2161
2164
2154
2143
2138
2143
2131
2133
2127
2128
2109
2107
2110
2093
2089
2088
2080
2089
2087
2083
2080
2072
2078
2082
2071
2076
2084
2075
2081
2085
2089
2082
2093
2091
2102
2103
2105
2107
2106
2106
2113
2121
2124
2123
2134
2132
2129
2130
2132
2138
2144
2144
2139
2135
2135
2130
2133
2143
2152
2147
2145
2141
2147
2149
2147
2142
2142
2158
2165
2173
2164
2153
2157
2158
2159
2160
2158
2155
2153
2159
2168
2170
2161
2150
2152
2165
2169
2164
2160
2166
2163
2159
2159
2160
2153
2152
2145
2141
2144
2144
2143
2146
2134
2128
2134
2136
2128
2136
2137
2132
2139
2140
2146
2151
2149
2141
2139
2147
2146
2133
2136
2140
2146
2143
2144
2128
2126
2127
2127
2116
2112
2109
2115
2126
2124
2120
2121
2127
2137
2129
2135
2139
2140
2145
2143
2132
2135
2137
2133
2127
2126
2123
2119
2115
2106
2101
2090
2084
2073
2063
2056
2053
2038
2039
2036
2024
2019
2014
2007
1998
2014
2017
2012
2020
2015
1999
2006
2003
2019
2028
2033
2038
2032
2044
2057
2056
2050
2054
2059
2051
2060
2063
2060
2067
2067
2068
2066
2073
2075
2076
2081
2080
2081
2085
2079
2083
2096
2102
2093
2084
2090
2102
2095
2097
2099
2098
2097
2097
2102
2094
2089
2102
2111
2096
2099
2104
2110
2113
2116
2120
2131
2133
2143
2144
2147
2141
2151
2161
2161
2171
2177
2173
2175
2179
2176
2186
2195
2190
2197
2198
2196
2207
2201
2206
2206
2207
2210
2212
2201
2209
2224
2219
2214
2210
2209
2211
2208
2212
2211
2200
2199
2199
2199
2191
2183
2191
2180
2183
2174
2158
2152
2135
2133
2127
2120
2110
2100
2104
2098
2091
2093
2091
2095
2099
2093
2104
2111
2117
2113
2114
2108
2119
2116
2117
2126
2143
2143
2148
2130
2135
2134
2137
2138
2144
2138
2144
2151
2156
2157
2158
2166
2172
2172
2171
2181
2177
2180
2179
2187
2178
2187
2183
2182
2183
2172
2183
2171
2171
2174
2170
2165
2176
2176
2173
2165
2157
2158
2147
2156
2154
2154
2163
2165
2167
2167
2161
2164
2158
2170
2169
2171
2171
2174
2173
2170
2174
2170
2158
2155
2160
2155
2147
2143
2144
2147
2129
2127
2129
2118
2116
2119
2118
2112
2122
2122
2112
2117
2115
2111
2113
2126
2125
2124
2126
2137
2147
2145
2147
2144
2156
2162
2156
2162
2164
2171
2158
2161
2171
2171
2170
2175
2192
2186
2188
2192
2191
2192
2191
2199
2198
2200
2204
2198
2197
2200
2200
2208
2204
2196
2203
2212
2203
2208
2202
2209
2211
2201
2204
2209
2209
2212
2215
2215
2208
2205
2206
2213
2217
2216
2210
2213
2212
2212
2221
2221
2223
2218
2222
2223
2223
2212
2222
2228
2222
2227
2228
2230
2232
2230
2230
2234
2232
2236
2236
2232
2233
2243
2236
2230
2235
2232
2231
2231
2225
2216
2238
2235
2233
2231
2238
2241
2239
2231
2232
2228
2225
2220
2219
2219
2217
2206
2200
2205
2195
2185
2184
2175
2170
2171
2168
2162
2150
2151
2143
2147
2138
2134
2137
2131
2121
2128
2123
2115
2094
2099
2095
2100
2084
2080
2069
2059
2043
2048
2032
2015
2011
2001
2001
1998
1981
1968
1962
1966
1966
1959
1961
1962
1968
1962
1973
1978
1978
1982
1993
2000
2005
2008
2013
2015
2004
2008
2027
2037
2038
2040
2053
2061
2058
2073
2078
2079
2077
2088
2093
2101
2098
2106
2108
2108
2104
2104
2104
2099
2098
2088
2084
2073
2080
2076
2062
2062
2053
2053
2054
2046
2051
2051
2049
2046
2050
2037
2036
2030
2033
2031
2018
2017
2007
1998
2000
1999
2002
2002
2004
2010
2020
2011
2006
2015
2031
2025
2027
2027
2044
2045
2041
2053
2053
2053
2059
2062
2064
2080
2081
2080
2089
2084
2083
2095
2100
2105
2107
2105
2117
2111
2109
2114
2112
2110
2123
2123
2123
2126
2132
2128
2127
2125
2127
2122
2126
2125
2105
2102
2085
2085
2076
2065
2050
2046
2041
2046
2025
2023
2028
2024
2024
2024
2027
2037
2039
2038
2050
2060
2056
2067
2074
2093
2092
2096
2101
2111
2114
2125
2122
2129
2140
2146
2149
2140
2146
2151
2162
2167
2166
2163
2176
2183
2191
2193
2187
2179
2184
2190
2202
2197
2198
2196
2200
2197
2199
2203
2205
2205
2217
2214
2210
2209
2219
2216
2218
2216
2213
2216
2215
2213
2222
2220
2215
2214
2222
2216
2217
2213
2214
2206
2202
2200
2203
2197
2197
2191
2187
2186
2195
2195
2190
2190
2184
2179
2180
2189
2184
2185
2178
2189
2190
2198
2187
2191
2186
2188
2182
2174
2173
2173
2182
2174
2176
2178
2170
2160
2162
2159
2161
2145
2157
2149
2156
2159
2160
2147
2130
2131
2139
2138
2139
2141
2140
2141
2146
2146
2142
2148
2142
2139
2149
2141
2138
2150
2153
2155
2162
2156
2154
2152
2144
2157
2148
2145
2148
2150
2141
2140
2139
2129
2128
2127
2138
2133
2129
2126
2120
2119
2118
2119
2121
2104
2115
2118
2117
2111
2111
2117
2118
2117
2104
2104
2101
2108
2104
2099
2103
2102
2101
2106
2110
2109
2105
2111
2105
2103
2109
2110
2108
2105
2118
2118
2117
2115
2115
2117
2118
2112
2110
2120
2123
2115
2116
2123
2117
2109
2118
2108
2106
2113
2115
2109
2108
2102
2104
2091
2083
2098
2106
2105
2106
2100
2105
2107
2122
2120
2110
2107
2102
2111
2130
2131
2124
2122
2135
2135
2137
2134
2128
2134
2129
2141
2138
2150
2153
2156
2157
2162
2167
2172
2181
2176
2172
2165
2165
2175
2181
2171
2174
2179
2182
2180
2185
2177
2175
2174
2171
2172
2170
2149
2154
2151
2145
2144
2133
2129
2113
2115
2107
2101
2101
2101
2095
2076
2076
2077
2075
2067
2064
2056
2050
2048
2036
2041
2032
2035
2034
2027
2027
2032
2037
2033
2039
2039
2023
2026
2029
2032
2026
2028
2019
2013
2011
2015
2006
2012
2005
2005
2003
2007
2006
2004
2005
1997
1999
1995
1996
1995
1977
1976
1974
1972
1961
1955
1949
1942
1924
1916
1908
1897
1878
1859
1854
1836
1835
1825
1812
1812
1814
1811
1801
1808
1811
1817
1820
1829
1837
1846
1847
1864
1856
1857
1873
1882
1894
1902
1902
1903
1904
1917
1917
1925
1918
1923
1921
1923
1932
1942
1941
1950
1952
1964
1973
1975
1976
1979
1984
1999
2000
1996
1991
1995
1998
1994
1995
1989
1987
1987
1993
1997
1993
1994
1989
2002
2007
2006
2007
2010
2006
2014
2011
2014
2008
2008
2008
2008
2014
2008
2001
2009
2014
2019
2020
2022
2023
2027
2021
2033
2031
2027
2035
2041
2046
2056
2055
2053
2058
2060
2062
2072
2071
2072
2068
2068
2083
2087
2097
2097
2091
2096
2111
2109
2111
2120
2124
2117
2119
2117
2115
2120
2119
2115
2123
2117
2122
2114
2115
2118
2119
2111
2114
2112
2116
2118
2111
2115
2113
2110
2115
2113
2118
2124
2115
2112
2125
2129
2126
2124
2118
2127
2134
2130
2131
2132
2135
2129
2130
2125
2126
2114
2117
2113
2113
2105
2110
2099
2109
2103
2098
2095
2100
2095
2084
2079
2079
2076
2074
2068
2067
2067
2059
2056
2060
2061
2063
2066
2070
2069
2063
2069
2075
2083
2079
2073
2069
2079
2079
2072
2062
2061
2056
2059
2039
2037
2038
2033
2033
2029
2009
2002
1993
1981
1975
1974
1975
1957
1949
1946
1939
1934
1941
1941
1939
1939
1943
1947
1955
1959
1967
1966
1980
1986
1995
1987
1987
1994
2001
2007
2003
2002
2003
2001
2011
2014
2003
2001
2011
2015
2014
2013
2011
2017
2015
2017
2015
2021
2010
2019
2024
2019
2012
2005
2010
2003
2004
2001
2009
1996
1989
1989
1990
1984
1976
1969
1966
1954
1940
1942
1933
1939
1924
1918
1920
1919
1921
1921
1913
1909
1895
1887
1878
1869
1857
1841
1824
1817
1810
1797
1786
1784
1775
1763
1753
1735
1724
1711
1716
1713
1705
1696
1691
1683
1673
1672
1666
1666
1669
1675
1686
1688
1671
1668
1677
1686
1685
1688
1698
1702
1715
1727
1731
1741
1754
1769
1773
1783
1787
1797
1812
1819
1833
1846
1855
1867
1863
1868
1877
1883
1883
1894
1912
1915
1925
1919
1932
1913
1909
1923
1934
1921
1909
1901
1898
1906
1895
1893
1895
1890
1891
1899
1908
1911
1916
1929
1924
1934
1952
1945
1956
1975
1979
1971
1981
1997
2010
2013
2013
2014
2023
2023
2016
2005
1999
1995
1983
1977
1970
1968
1970
1947
1935
1934
1926
1915
1902
1893
1887
1875
1877
1870
1866
1872
1871
1871
1879
1881
1881
1890
1891
1895
1900
1889
1872
1872
1875
1863
1865
1854
1848
1843
1842
1839
1840
1843
1843
1836
1832
1831
1829
1844
1847
1853
1859
1867
1874
1886
1883
1882
1895
1890
1893
1899
1903
1903
1897
1896
1887
1892
1887
1895
1899
1897
1917
1920
1921
1926
1941
1935
1944
1950
1956
1952
1946
1947
1951
1947
1940
1933
1926
1912
1902
1905
1912
1910
1915
1911
1907
1902
1894
1896
1895
1901
1899
1895
1896
1902
1899
1906
1900
1899
1909
1902
1912
1921
1918
1928
1927
1934
1941
1939
1945
1934
1924
1930
1923
1917
1921
1915
1902
1898
1890
1896
1898
1898
1896
1895
1893
1911
1901
1902
1907
1911
1913
1924
1930
1932
1947
1959
1950
1957
1957
1967
1971
1980
1986
1986
1986
1987
1997
1993
1995
1996
1991
1993
2000
2000
2008
2016
2008
1996
1995
1989
1993
1993
1995
1987
1980
1975
1965
1960
1969
1958
1957
1967
1965
1967
1967
1963
1972
1972
1965
1957
1962
1973
1979
1973
1974
1985
1977
1982
1991
1994
1988
1986
1988
1996
1988
1983
1972
1965
1959
1950
1946
1941
1933
1930
1927
1916
1916
1907
1893
1883
1876
1875
1875
1868
1860
1855
1859
1858
1848
1845
1843
1839
1832
1828
1827
1822
1820
1818
1807
1815
1817
1822
1831
1834
1847
1847
1844
1848
1841
1843
1843
1844
1844
1841
1848
1854
1859
1867
1868
1872
1870
1869
1870
1872
1878
1883
1874
1870
1877
1874
1877
1885
1888
1886
1891
1889
1893
1895
1902
1900
1897
1905
1914
1914
1915
1916
1919
1930
1937
1944
1953
1970
1970
1970
1974
1988
1979
1980
1974
1973
1980
1980
1967
1955
1944
1939
1924
1920
1919
1905
1896
1897
1900
1891
1891
1885
1878
1884
1880
1883
1884
1888
1903
1892
1893
1881
1879
1875
1872
1868
1863
1861
1866
1864
1864
1866
1865
1864
1870
1888
1892
1889
1890
1903
1901
1900
1908
1922
1938
1943
1939
1945
1953
1963
1976
1967
1969
1982
1982
1986
1990
1994
1990
1996
2008
2002
2002
2003
1995
1999
2002
2019
2010
2017
2035
2037
2037
2039
2043
2055
2061
2066
2072
2082
2079
2086
2095
2103
2100
2111
2116
2124
2123
2124
2119
2138
2144
2146
2146
2148
2143
2148
2162
2169
2163
2170
2178
2189
2188
2187
2189
2186
2198
2207
2203
2207
2211
2214
2218
2222
2224
2224
2230
2228
2239
2236
2240
2240
2248
2247
2249
2250
2246
2255
2248
2259
2266
2259
2257
2261
2264
2269
2273
2272
2270
2279
2279
2268
2270
2272
2272
2270
2260
2265
2263
2257
2256
2259
2258
2256
2249
2239
2232
2237
2238
2236
2234
2221
2226
2230
2234
2232
2223
2224
2233
2237
2235
2227
2229
2228
2222
2219
2220
2219
2221
2222
2214
2206
2205
2200
2191
2199
2189
2184
2183
2171
2175
2179
2170
2169
2156
2155
2153
2148
2137
2137
2135
2133
2131
2118
2103
2112
2104
2085
2083
2084
2084
2070
2071
2070
2069
2061
2055
2044
2039
2041
2049
2045
2050
2046
2052
2057
2061
2058
2056
2069
2078
2072
2074
2081
2080
2084
2080
2090
2090
2096
2088
2084
2091
2096
2091
2092
2090
2082
2070
2062
2055
2040
2033
2023
2018
2010
2008
1997
1984
1976
1973
1971
1967
1964
1952
1952
1959
1958
1952
1954
1951
1950
1939
1935
1932
1941
1939
1934
1930
1932
1933
1939
1944
1948
1949
1949
1951
1954
1957
1965
1969
1963
1955
1958
1957
1953
1951
1962
1963
1958
1951
1950
1952
1949
1957
1946
1953
1952
1952
1948
1953
1955
1959
1954
1954
1957
1960
1968
1967
1953
1969
1964
1959
1957
1970
1978
1977
1975
1976
1975
1982
1986
1980
2006
1996
1995
1996
2005
2009
2002
2008
2014
2014
2024
2025
2022
2020
2017
2022
2019
2018
2018
2022
2015
2001
2004
2014
2005
1999
2000
1995
1988
1996
1996
1994
1998
1997
1998
1987
1993
1999
1994
1987
1994
1991
1986
1988
1989
2004
2007
2004
2000
2001
2003
2009
2012
2019
2023
2025
2035
2035
2019
2024
2028
2041
2039
2039
2038
2043
2042
2052
2057
2056
2055
2058
2059
2060
2062
2067
2069
2076
2081
2085
2090
2087
2080
2080
2090
2087
2093
2081
2080
2077
2084
2086
2094
2091
2094
2079
2078
2075
2077
2079
2091
2079
2079
2075
2082
2081
2082
2075
2085
2073
2084
2087
2084
2080
2081
2094
2101
2104
2109
2095
2085
2090
2094
2089
2082
2083
2075
2067
2069
2070
2046
2049
2047
2041
2047
2068
2075
2073
2087
2077
2094
2095
2099
2102
2112
2121
2119
2115
2113
2109
2099
2093
2087
2070
2062
2043
2038
2028
2032
2027
2020
2008
2005
2002
2009
2004
2004
2011
2019
2018
2015
2021
2017
2028
2031
2031
2027
2035
2037
2038
2033
2037
2036
2038
2032
2026
2020
2008
2011
2004
1996
1992
1989
1984
1982
1973
1988
1990
1979
1987
1992
1982
1989
2002
2003
1997
2002
2004
2019
2013
2023
2024
2019
2015
2015
2009
2004
1997
1983
1989
1989
1983
1987
1984
1980
1972
1984
1985
1988
1983
2003
2001
2007
2013
2022
2027
2031
2026
2027
2037
2044
2042
2050
2048
2050
2056
2058
2062
2065
2061
2053
2066
2064
2062
2059
2059
2063
2064
2057
2058
2051
2057
2048
2044
2039
2038
2033
2038
2035
2038
2042
2045
2042
2051
2052
2062
2066
2063
2058
2060
2060
2065
2068
2058
2060
2060
2059
2050
2058
2054
2046
2051
2048
2044
2045
2054
2061
2062
2068
2076
2076
2072
2088
2109
2106
2109
2108
2116
2119
2124
2125
2144
2154
2151
2140
2150
2160
2160
2156
2178
2177
2173
2170
2165
2172
2179
2174
2179
2186
2187
2183
2182
2183
2183
2188
2190
2199
2189
2192
2199
2201
2191
2201
2196
2208
2215
2208
2213
2216
2210
2211
2212
2223
2218
2218
2215
2217
2216
2214
2220
2219
2229
2224
2230
2233
2230
2239
2243
2244
2241
2239
2239
2248
2248
2242
2253
2256
2254
2252
2256
2253
2253
2243
2241
2243
2248
2255
2255
2252
2256
2255
2261
2258
2260
2256
2256
2260
2262
2257
2256
2265
2263
2270
2264
2266
2267
2265
2281
2277
2266
2263
2267
2263
2269
2260
2253
2259
2261
2263
2267
2258
2265
2264
2259
2252
2249
2250
2250
2251
2253
2252
2250
2246
2241
2254
2244
2247
2241
2246
2240
2239
2239
2230
2236
2242
2238
2232
2234
5835
1902
1882
1894
1893
1894
1893
1898
1895
1915
1935
1946
1959
1968
1972
1992
2000
1994
1999
2013
2016
2030
2035
2041
2037
2045
2067
2079
2081
2074
2075
2079
2080
2086
2089
2087
2087
2066
2064
2064
2068
2059
2062
2057
2063
2067
2070
2068
2075
2070
2074
2060
2064
2064
2067
2074
2074
2070
2061
2044
2050
2054
2051
2059
2052
2066
2068
2086
2088
2094
2100
2100
2094
2103
2112
2119
2126
2133
2135
2135
2124
2128
2116
2118
2110
2113
2085
2075
2073
2055
2043
2029
2022
2008
1985
1951
1929
1910
1908
1905
1913
1906
1902
1910
1925
1927
1932
1921
1933
1932
1933
1910
1898
1891
1882
1879
1884
1876
1881
1865
1875
1871
1870
1869
1867
1875
1883
1875
1886
1877
1889
1898
1908
1910
1902
1903
1899
1902
1904
1901
1889
1879
1867
1863
1863
1868
1873
1885
1880
1869
1873
1880
1881
1886
1892
1899
1905
1911
1909
1917
1925
1937
1939
1951
1958
1966
1979
1987
1998
2009
2022
2032
2048
2059
2070
2073
2078
2078
2080
2084
2097
2097
2101
2101
2090
2083
2076
2077
2069
2052
2052
2039
2042
2032
2034
2036
2025
2028
2029
2031
2038
2043
2044
2045
2045
2056
2057
2066
2066
2071
2072
2079
2070
2085
2081
2093
2091
2092
2087
2084
2092
2087
2079
2088
2077
2072
2058
2056
2047
2040
2031
2017
2005
1986
1963
1922
1871
1817
1774
1746
1715
1673
1635
1608
1607
1598
1599
1607
1613
1629
1641
1635
1641
1650
1661
1656
1667
1665
1681
1678
1672
1665
1665
1676
1681
1676
1664
1653
1650
1651
1659
1669
1664
1681
1685
1713
1733
1754
1765
1791
1811
1820
1834
1848
1850
1849
1850
1849
1839
1841
1837
1827
1821
1813
1817
1814
1824
1833
1849
1857
1874
1889
1921
1941
1952
1957
1970
1983
2001
2011
2014
2006
2024
2023
2018
2006
2008
1998
2001
1985
1968
1945
1935
1921
1933
1934
1933
1948
1955
1967
1987
2011
2080
2082
2076
2093
2125
2135
2139
2125
2125
2137
2156
2154
2156
2158
2153
2161
2147
2143
2133
2144
2134
2137
2131
2126
2126
2120
2110
2110
2119
2128
2121
2118
2111
2109
2120
2125
2123
2116
2120
2133
2128
2126
2122
2120
2137
2137
2138
2125
2129
2110
2106
2095
2084
2077
2063
2045
2035
2017
2018
2004
2015
2011
2033
2038
2054
2053
2068
2070
2096
2093
2089
2093
2105
2113
2106
2105
2099
2102
2109
2116
2114
2120
2127
2144
2153
2156
2158
2169
2160
2169
2168
2168
2148
2135
2124
2125
2114
2109
2104
2090
2085
2082
2066
2049
2052
2042
2029
2018
2020
2012
2008
2005
2007
1999
2011
2014
2024
2028
2037
2032
2035
2033
2035
2027
2030
2032
2026
2026
2019
2009
2009
2007
1994
1999
1990
1998
1976
1984
1984
1990
1985
1999
1989
2000
2012
2028
2022
2038
2049
2067
2064
2071
2077
2079
2079
2077
2067
2062
2063
2051
2062
2041
2026
2007
2021
1999
1991
1972
1966
1942
1929
1911
1896
1880
1864
1836
1829
1819
1830
1811
1805
1800
1819
1831
1833
1835
1837
1846
1856
1861
1862
1871
1876
1898
1914
1929
1938
1960
1961
1985
1989
2008
2012
2034
2044
2047
2047
2067
2075
2076
2066
2068
2079
2074
2068
2042
2031
2014
1999
1973
1952
1944
1935
1935
1940
1931
1935
1938
1942
1947
1969
1970
1981
1979
1980
1986
1995
1992
1997
1992
1989
1985
1986
1998
1995
1999
2008
2009
2007
2013
2017
2032
2040
2039
2032
2039
2050
2063
2056
2071
2061
2078
2070
2080
2070
2078
2093
2089
2079
2089
2080
2098
2108
2108
2116
2115
2118
2136
2130
2133
2137
2139
2148
2138
2151
2164
2159
2171
2176
2170
2172
2176
2184
2192
2201
2203
2218
2211
2214
2211
2214
2203
2193
2192
2195
2180
2182
2170
2179
2159
2148
2135
2111
2110
2098
2091
2086
2089
2075
2062
2051
2052
2041
2041
2049
2056
2059
2063
2058
2068
2062
2076
2078
2074
2067
2081
2092
2088
2106
2107
2111
2114
2104
2085
2094
2097
2097
2088
2094
2095
2107
2104
2115
2118
2122
2104
2106
2099
2118
2122
2113
2113
2113
2117
2121
2128
2137
2146
2133
2132
2114
2129
2113
2103
2068
2050
2020
2004
1965
1955
1931
1923
1910
1919
1919
1920
1917
1914
1909
1894
1877
1883
1888
1883
1886
1893
1904
1922
1941
1952
1964
1981
2007
2014
2022
2022
2038
2057
2069
2066
2076
2082
2107
2115
2122
2120
2128
2131
2140
2142
2150
2151
2158
2165
2157
2163
2161
2168
2177
2186
2177
2172
2182
2186
2190
2182
2170
2178
2189
2188
2195
2191
2186
2198
2196
2187
2193
2192
2200
2191
2211
2210
2218
2204
2201
2207
2205
2188
2200
2206
2199
2203
2204
2199
2200
2190
2188
2199
2193
2190
2183
2172
2164
2187
2179
2176
2167
2172
2164
2175
2174
2171
2160
2159
2153
2159
2163
2164
2163
2161
2160
2157
2158
2140
2131
2104
2097
2075
2058
2031
1997
1969
1955
1927
1917
1915
1932
1935
1946
1944
1967
1974
1990
2003
2017
2035
2046
2063
2081
2088
2074
2088
2076
2085
2087
2087
2075
2070
2060
2061
2046
2038
2019
2014
2006
2006
2007
2010
2022
2023
2025
2026
2027
2029
2036
2034
2034
2037
2047
2039
2048
2056
2071
2070
2088
2095
2106
2095
2115
2115
2122
2123
2128
2136
2138
2126
2129
2133
2114
2124
2115
2125
2123
2124
2107
2110
2098
2091
2072
2086
2072
2075
2073
2071
2079
2080
2091
2093
2092
2104
2100
2107
2117
2116
2118
2109
2116
2118
2119
2115
2135
2139
2147
2139
2153
2154
2169
2167
2170
2174
2186
2191
2188
2186
2194
2203
2205
2205
2206
2211
2209
2218
2210
2218
2205
2211
2199
2207
2200
2199
2199
2196
2188
2178
2168
2165
2158
2151
2162
2166
2169
2160
2166
2158
2161
2154
2166
2152
2152
2142
2148
2145
2160
2149
2148
2135
2143
2140
2144
2139
2138
2139
2135
2131
2113
2125
2123
2128
2121
2121
2112
2121
2128
2134
2139
2150
2163
2170
2162
2171
2190
2198
2210
2205
2211
2211
2215
2219
2237
2244
2247
2245
2256
2247
2253
2254
2252
2246
2254
2243
2246
2247
2246
2248
2239
2231
2227
2222
2223
2218
2202
2206
2211
2215
2197
2201
2185
2176
2167
2181
2168
2156
2157
2168
2155
2152
2143
2130
2120
2115
2125
2120
2110
2098
2079
2068
2067
2047
2037
2010
1998
1970
1965
1947
1941
1923
1918
1911
1916
1903
1904
1915
1921
1921
1920
1927
1920
1932
1938
1958
1959
1952
1939
1952
1958
1960
1957
1964
1967
1975
1978
1989
1989
2003
1995
2005
2002
2000
2004
2015
2015
2020
2022
2010
2025
2020
2021
2022
2043
2036
2045
2042
2056
2043
2056
2066
2070
2063
2066
2059
2063
2062
2065
2071
2069
2060
2056
2056
2053
2062
2062
2063
2065
2074
2083
2095
2095
2107
2097
2116
2116
2130
2125
2135
2135
2135
2121
2115
2100
2095
2063
2049
2033
2016
2011
1992
1981
1962
1942
1931
1932
1918
1913
1912
1925
1918
1927
1937
1951
1966
1990
2005
2019
2027
2043
2054
2059
2068
2079
2091
2102
2108
2106
2122
2119
2136
2136
2138
2141
2158
2157
2167
2170
2170
2168
2175
2174
2176
2186
2181
2186
2190
2185
2174
2180
2177
2178
2182
2178
2170
2182
2180
2180
2176
2179
2178
2175
2178
2172
2171
2179
2188
2186
2186
2191
2196
2190
2191
2191
2201
2203
2211
2207
2220
2223
2224
2223
2224
2226
2235
2231
2224
2243
2252
2255
2257
2254
2244
2239
2230
2228
2220
2222
2207
2202
2179
2176
2162
2158
2136
2130
2102
2083
2071
2059
2044
2040
2033
2035
2031
2030
2036
2026
2036
2036
2050
2052
2060
2048
2054
2035
2048
2043
2031
2022
2030
2021
2008
2008
2002
1991
1990
1991
1998
1999
1999
2007
2010
2023
2025
2026
2020
2023
2007
2012
1987
1980
1967
1967
1957
1946
1932
1938
1925
1925
1920
1925
1931
1941
1956
1958
1968
1979
1999
2001
2011
2016
2035
2033
2038
2030
2041
2040
2055
2061
2062
2059
2062
2061
2048
2031
2034
2022
2009
2009
1994
1985
1981
1981
1973
1964
1975
1968
1963
1967
1970
1975
1959
1962
1956
1956
1942
1937
1944
1945
1942
1949
1961
1970
1986
1979
1979
1979
1988
1990
1995
1984
1980
1986
1995
1989
1997
1988
2000
1998
2013
2013
2026
2033
2027
2033
2031
2037
2036
2043
2045
2052
2049
2053
2054
2072
2071
2080
2088
2095
2082
2091
2090
2084
2084
2089
2092
2110
2111
2115
2121
2132
2125
2122
2135
2127
2138
2130
2142
2137
2158
2158
2165
2163
2172
2169
2176
2168
2175
2194
2199
2196
2202
2207
2217
2221
2227
2219
2219
2231
2240
2248
2238
2244
2236
2242
2235
2242
2244
2242
2234
2236
2226
2217
2217
2228
2229
2230
2233
2220
2223
2224
2232
2230
2231
2222
2223
2221
2232
2222
2225
2225
2214
2203
2217
2214
2212
2215
2209
2206
2207
2199
2192
2185
2174
2160
2152
2150
2137
2125
2114
2108
2091
2086
2063
2066
2055
2051
2056
2049
2054
2031
2034
2025
2025
2020
2019
2019
2016
2005
2016
2009
2009
2003
2001
1993
1990
1990
1994
1980
1990
1977
1976
1970
1962
1968
1972
1963
1957
1946
1938
1926
1897
1893
1878
1861
1837
1818
1774
1753
1723
1704
1670
1655
1635
1635
1643
1646
1664
1686
1717
1731
1749
1773
1788
1788
1798
1797
1816
1826
1844
1841
1855
1868
1889
1892
1907
1905
1927
1935
1940
1945
1950
1943
1945
1951
1954
1965
1967
1989
1985
1992
1987
1990
1984
1994
1980
1977
1975
1980
1976
1972
1974
1979
1969
1963
1971
1968
1971
1982
1980
1985
2004
2010
2028
2023
2039
2030
2045
2051
2060
2052
2052
2044
2046
2039
2039
2027
2019
2014
2017
2008
2000
1995
2006
2013
2005
2017
2011
2024
2011
2014
1993
1980
1959
1952
1931
1912
1900
1874
1844
1831
1826
1820
1803
1803
1801
1795
1797
1795
1809
1799
1800
1790
1791
1790
1799
1801
1809
1819
1837
1844
1866
1879
1899
1917
1949
1952
1969
1990
2003
2004
2010
2013
2017
2032
2031
2044
2038
2055
2062
2077
2095
2111
2110
2132
2142
2151
2155
2182
2176
2189
2195
2202
2199
2203
2199
2199
2210
2198
2199
2195
2196
2194
2198
2189
2179
2170
2175
2163
2162
2151
2163
2141
2138
2141
2150
2154
2154
2158
2149
2151
2165
2166
2161
2170
2160
2162
2158
2156
2149
2145
2141
2140
2131
2137
2128
2129
2114
2109
2102
2101
2105
2106
2106
2095
2098
2099
2099
2083
2087
2085
2086
2077
2082
2070
2072
2070
2075
2086
2098
2096
2099
2107
2106
2106
2106
2111
2117
2116
2109
2119
2115
2128
2121
2128
2121
2142
2176
2155
2149
2161
2166
2154
2156
2148
2144
2137
2123
2121
2116
2107
2091
2095
2083
2090
2077
2096
2088
2087
2079
2084
2089
2096
2078
2086
2083
2100
2098
2109
2098
2093
2093
2090
2093
2094
2114
2120
2126
2125
2124
2121
2134
2123
2133
2121
2126
2126
2129
2124
2134
2123
2135
2130
2132
2136
2137
2145
2147
2148
2151
2157
2155
2170
2177
2180
2182
2184
2190
2197
2198
2209
2204
2218
2219
2229
2218
2219
2226
2226
2229
2222
2227
2240
2228
2230
2229
2224
2220
2215
2231
2227
2218
2214
2211
2210
2213
2210
2218
2214
2216
2212
2203
2206
2198
2202
2209
2204
2209
2212
2210
2209
2200
2201
2205
2215
2210
2212
2217
2214
2201
2201
2201
2205
2200
2203
2173
2160
2148
2144
2138
2127
2112
2098
2092
2073
2057
2042
2034
2023
2017
1990
1983
1971
1974
1967
1972
1959
1955
1949
1958
1957
1970
1972
1977
1990
2005
2008
2034
2035
2026
2042
2050
2063
2042
2048
2036
2037
2027
2028
2016
1998
1983
1982
1962
1958
1951
1946
1942
1951
1944
1936
1956
1962
1959
1965
1982
1995
1999
2001
2016
2014
2025
2031
2031
2025
2030
2034
2028
2022
2016
2015
2010
1998
1999
1993
1977
1980
1963
1951
1947
1943
1929
1921
1917
1907
1899
1889
1885
1883
1875
1854
1830
1812
1802
1796
1791
1782
1766
1762
1760
1749
1757
1765
1767
1771
1787
1795
1818
1818
1823
1830
1843
1844
1863
1871
1885
1907
1920
1928
1941
1950
1966
1970
1973
1992
2000
2018
2026
2036
2034
2039
2062
2080
2082
2091
2090
2099
2097
2109
2111
2113
2109
2115
2116
2123
2127
2126
2125
2119
2121
2121
2120
2122
2123
2131
2140
2127
2124
2129
2139
2143
2151
2145
2143
2138
2128
2119
2118
2115
2113
2107
2101
2102
2102
2094
2084
2078
2075
2057
2049
2040
2033
2018
2007
2005
1987
1970
1963
1955
1933
1919
1914
1909
1899
1899
1901
1891
1904
1907
1917
1912
1912
1927
1942
1962
1972
1973
1988
1992
1991
1998
2019
2027
2027
2040
2054
2056
2052
2044
2050
2059
2071
2083
2088
2081
2085
2090
2104
2110
2114
2118
2127
2126
2131
2131
2148
2155
2155
2180
2180
2183
2183
2190
2194
2203
2207
2208
2218
2228
2231
2223
2234
2220
2214
2206
2208
2197
2196
2195
2197
2197
2194
2198
2205
2204
2201
2187
2192
2201
2210
2208
2209
2215
2212
2214
2208
2199
2191
2189
2193
2177
2158
2148
2129
2125
2114
2103
2097
2098
2100
2106
2082
2072
2058
2051
2027
2012
1976
1938
1900
1851
1807
1775
1755
1729
1706
1684
1665
1647
1638
1635
1628
1611
1603
1599
1591
1593
1599
1605
1618
1648
1666
1679
1724
1742
1768
1794
1818
1825
1836
1850
1874
1885
1894
1899
1896
1899
1885
1880
1856
1846
1839
1830
1830
1831
1846
1845
1868
1886
1890
1897
1906
1918
1925
1922
1939
1931
1943
1937
1947
1950
1950
1942
1952
1958
1954
1972
1972
1977
1985
1999
2009
2018
2007
2014
2021
2024
2022
2023
2031
2030
2038
2034
2030
2036
2045
2045
2047
2048
2050
2053
2059
2068
2084
2097
2088
2096
2100
2108
2104
2108
2114
2126
2123
2124
2127
2124
2132
2130
2125
2122
2134
2138
2140
2140
2133
2140
2142
2146
2143
2138
2138
2137
2142
2140
2136
2141
2143
2132
2123
2124
2115
2105
2087
2080
2080
2065
2050
2047
2043
2031
2022
2012
2004
1998
1983
1970
1976
1970
1967
1960
1955
1947
1952
1936
1935
1932
1935
1931
1930
1916
1898
1907
1908
1907
1898
1891
1905
1912
1915
1923
1937
1946
1956
1957
1970
1975
1994
2015
2023
2026
2029
2051
2046
2044
2039
2042
2023
2015
2000
1997
1989
1988
1995
1992
2004
2009
2013
2021
2035
2050
2039
2043
2047
2051
2048
2050
2067
2059
2063
2064
2061
2060
2058
2055
2067
2065
2059
2062
2055
2059
2060
2060
2061
2075
2076
2082
2082
2084
2081
2084
2090
2081
2079
2081
2088
2079
2069
2055
2051
2060
2046
2041
2037
2041
2035
2022
2015
2036
2035
2042
2035
2042
2060
2061
2079
2074
2075
2089
2108
2127
2139
2127
2132
2135
2139
2143
2141
2142
2134
2125
2118
2108
2108
2104
2102
2087
2072
2050
2024
2027
2015
2001
1978
1979
1975
1961
1965
1972
1969
1981
1998
2005
2007
2011
2008
2018
2024
2028
2023
2043
2055
2061
2066
2076
2088
2104
2086
2087
2083
2077
2070
2079
2070
2067
2063
2079
2080
2066
2067
2070
2086
2077
2085
2082
2083
2082
2094
2099
2101
2108
2123
2125
2124
2126
2131
2138
2134
2136
2152
2155
2160
2162
2157
2167
2172
2179
2178
2183
2176
2168
2166
2170
2168
2160
2158
2165
2156
2143
2153
2154
2143
2135
2138
2121
2124
2127
2115
2104
2098
2090
2084
2088
2080
2081
2084
2086
2093
2089
2088
2089
2095
2111
2122
2119
2124
2128
2133
2132
2113
2103
2090
2082
2074
2060
2059
2057
2055
2050
2052
2042
2039
2031
2035
2048
2048
2047
2027
2030
2029
2027
2032
2037
2041
2037
2054
2063
2073
2089
2090
2111
2129
2147
2161
2174
2181
2185
2190
2207
2212
2215
2218
2226
2221
2220
2213
2223
2219
2231
2237
2236
2237
2241
2243
2243
2234
2222
2218
2209
2208
2197
2192
2184
2191
2187
2171
2158
2147
2128
2122
2115
2112
2101
2091
2085
2077
2064
2057
2053
2055
2031
2024
2022
2002
1990
1984
1970
1949
1924
1911
1900
1885
1879
1880
1890
1890
1899
1920
1938
1945
1958
1965
1982
1985
1996
2007
2026
2027
2035
2044
2054
2055
2058
2070
2074
2080
2091
2102
2107
2102
2107
2113
2103
2108
2112
2123
2125
2131
2130
2128
2131
2136
2138
2137
2149
2158
2146
2144
2147
2146
2155
2161
2159
2150
2149
2141
2149
2148
2150
2147
2157
2166
2171
2176
2181
2186
2184
2184
2183
2188
2187
2188
2189
2186
2185
2174
2165
2155
2144
2151
2134
2131
2130
2121
2113
2123
2130
2122
2129
2127
2131
2130
2134
2155
2153
2148
2150
2154
2157
2154
2159
2163
2167
2171
2160
2167
2186
2197
2199
2192
2193
2207
2216
2225
2219
2226
2236
2239
2228
2232
2224
2214
2210
2211
2196
2195
2185
2186
2186
2182
2184
2180
2174
2176
2171
2182
2178
2180
2185
2186
2187
2186
2192
2188
2184
2179
2162
2169
2168
2158
2156
2147
2151
2145
2135
2128
2133
2129
2129
2128
2124
2126
2137
2134
2129
2132
2133
2137
2132
2136
2135
2134
2140
2152
2147
2148
2145
2146
2156
2166
2171
2179
2180
2196
2209
2219
2225
2229
2243
2251
2252
2263
2267
2274
2276
2277
2283
2287
2285
2286
2284
2275
2279
2283
2285
2282
2268
2264
2267
2248
2242
2238
2239
2235
2237
2215
2198
2189
2176
2165
2148
2125
2106
2088
2064
2054
2034
2022
2016
2019
2011
2017
2023
2024
2026
2036
2036
2038
2045
2050
2047
2053
2064
2063
2066
2063
2056
2056
2049
2048
2031
2015
2009
2009
2019
2006
2006
1997
1997
1995
1989
1985
1990
1995
1997
2010
2008
2014
2017
2019
2015
2030
2025
2021
2021
2030
2034
2036
2034
2038
2035
2034
2015
2012
2002
2006
1991
1978
1966
1951
1936
1928
1915
1903
1886
1871
1868
1861
1865
1869
1884
1885
1885
1899
1897
1906
1924
1924
1926
1933
1929
1930
1930
1937
1935
1941
1946
1943
1950
1947
1950
1953
1951
1962
1955
1957
1979
1988
1991
2007
2011
2034
2049
2060
2071
2075
2088
2084
2089
2096
2107
2111
2120
2122
2116
2119
2135
2135
2132
2128
2140
2153
2160
2157
2145
2151
2154
2158
2158
2147
2151
2147
2141
2134
2116
2096
2088
2066
2054
2043
2034
2027
2019
2019
2015
2012
2005
1995
1987
1978
1978
1956
1939
1906
1887
1863
1843
1831
1817
1802
1801
1807
1807
1815
1822
1819
1840
1859
1873
1893
1909
1923
1949
1981
1998
2014
2023
2053
2063
2081
2086
2088
2091
2098
2098
2102
2110
2115
2114
2123
2131
2138
2147
2144
2148
2146
2145
2156
2168
2167
2158
2153
2150
2126
2122
2114
2099
2080
2060
2029
2017
1999
1967
1953
1940
1915
1891
1873
1867
1864
1867
1861
1870
1870
1883
1893
1901
1910
1917
1928
1932
1950
1956
1960
1975
1985
1981
1991
2002
2003
2005
1996
2001
2002
1998
1994
1991
1993
1997
1984
1978
1976
1971
1980
1985
1988
1978
1971
1961
1953
1959
1957
1947
1940
1947
1938
1945
1945
1947
1955
1967
1981
1989
1998
1997
2022
2027
2037
2048
2056
2061
2071
2074
2068
2065
2074
2077
2071
2070
2077
2078
2075
2070
2069
2056
2060
2051
2049
2038
2038
2045
2049
2047
2055
2064
2054
2075
2066
2074
2066
2054
2052
2046
2023
1999
1945
1928
1932
1950
1962
1966
1969
1970
1982
2009
2019
2037
2039
2051
2076
2088
2082
2083
2098
2126
2133
2138
2135
2143
2145
2159
2149
2152
2148
2148
2148
2149
2147
2151
2160
2169
2172
2169
2176
2175
2175
2184
2198
2207
2222
2230
2244
2232
2230
2227
2241
2234
2236
2230
2237
2234
2230
2235
2238
2237
2233
2223
2232
2234
2239
2247
2243
2251
2246
2250
2248
2259
2237
2232
2230
2229
2215
2212
2207
2210
2206
2197
2194
2186
2182
2175
2179
2157
2134
2125
2137
2130
2117
2106
2100
2083
2081
2065
2066
2055
2059
2055
2051
2049
2041
2027
2035
2031
2036
2037
2050
2051
2065
2057
2059
2065
2073
2078
2079
2076
2071
2094
2097
2109
2115
2119
2125
2121
2116
2127
2135
2145
2136
2141
2145
2153
2154
2145
2136
2136
2136
2138
2135
2145
2140
2133
2129
2127
2129
2123
2130
2128
2129
2113
2123
2129
2138
2140
2137
2140
2143
2134
2138
2147
2144
2153
2158
2163
2167
2181
2174
2181
2175
2181
2181
2184
2185
2201
2208
2203
2203
2202
2197
2197
2189
2174
2163
2161
2162
2163
2159
2162
2166
2163
2158
2159
2163
2168
2166
2168
2171
2170
2172
2167
2158
2152
2158
2160
2159
2155
2154
2153
2149
2138
2131
2123
2117
2120
2112
2124
2117
2114
2110
2118
2117
2125
2134
2143
2147
2144
2144
2147
2147
2144
2148
2145
2141
2134
2118
2125
2116
2104
2080
2063
2057
2035
2014
1999
1984
1976
1960
1946
1939
1930
1923
1923
1925
1919
1925
1928
1923
1922
1932
1947
1948
1962
1964
1974
1973
1985
1992
1999
2015
2031
2049
2042
2041
2050
2052
2046
2071
2071
2081
2076
2087
2093
2106
2110
2121
2118
2127
2130
2128
2120
2132
2131
2130
2131
2127
2136
2142
2136
2145
2132
2128
2129
2127
2126
2124
2126
2124
2124
2119
2126
2121
2138
2145
2144
2152
2154
2157
2168
2172
2186
2183
2182
2193
2196
2197
2200
2210
2216
2216
2202
2202
2208
2210
2206
2209
2208
2218
2213
2224
2225
2240
2239
2249
2239
2242
2240
2237
2242
2240
2245
2246
2243
2239
2227
2207
2201
2184
2178
2172
2164
2154
2149
2132
2122
2109
2083
2064
2065
2045
2032
2032
2034
2027
2017
2018
2030
2036
2051
2058
2061
2086
2094
2118
2128
2138
2136
2145
2145
2160
2167
2171
2170
2183
2167
2163
2168
2173
2183
2172
2172
2168
2180
2190
2198
2199
2199
2204
2215
2209
2209
2210
2195
2199
2204
2199
2211
2202
2190
2192
2201
2197
2179
2178
2180
2169
2171
2172
2160
2166
2162
2168
2168
2154
2163
2166
2161
2176
2181
2186
2187
2195
2199
2203
2213
2214
2214
2209
2200
2204
2195
2188
2182
2162
2160
2147
2147
2132
2130
2125
2129
2112
2113
2105
2100
2094
2090
2101
2106
2108
2117
2121
2130
2132
2138
2137
2148
2157
2160
2166
2167
2186
2190
2196
2195
2201
2202
2200
2208
2208
2206
2215
2216
2216
2208
2216
2216
2214
2217
2206
2209
2216
2219
2212
2211
2205
2203
2219
2209
2205
2207
2205
2205
2201
2204
2203
2211
2206
2212
2200
2198
2204
2198
2188
2193
2204
2202
2198
2198
2202
2202
2200
2202
2203
2201
2206
2205
2213
2202
2205
2205
2205
2211
2208
2218
2222
2217
2229
2237
2239
2241
2248
2250
2245
2246
2246
2251
2250
2253
2248
2255
2254
2249
2246
2251
2241
2250
2246
2243
2235
2242
2243
2239
2243
2235
2245
2246
2245
2238
2243
2242
2234
2229
2222
2208
2204
2194
2197
2192
2172
2152
2150
2144
2143
2133
2120
2112
2110
2104
2105
2102
2089
2099
2099
2083
2062
2057
2052
2051
2036
2034
2012
2023
1999
1980
1962
1946
1940
1933
1924
1902
1882
1867
1864
1855
1858
1850
1848
1849
1855
1842
1855
1865
1880
1886
1907
1908
1919
1927
1948
1958
1982
1987
2006
2016
2019
2030
2043
2051
2062
2076
2085
2096
2106
2123
2124
2135
2130
2142
2149
2153
2146
2156
2149
2152
2135
2132
2121
2101
2089
2079
2065
2064
2057
2045
2023
2021
2008
2014
2012
2003
2005
1991
2003
1998
1992
1990
1991
1978
1985
1968
1957
1952
1940
1947
1942
1950
1959
1972
1976
1990
2003
2000
2010
2021
2030
2034
2043
2054
2064
2080
2074
2082
2083
2091
2102
2107
2111
2111
2117
2120
2124
2114
2122
2133
2135
2135
2138
2138
2155
2150
2155
2144
2145
2152
2158
2156
2149
2145
2150
2158
2150
2148
2153
2145
2138
2110
2096
2076
2056
2045
2030
2009
1985
1980
1965
1973
1957
1948
1956
1957
1979
1982
1993
2006
2017
2032
2047
2065
2080
2097
2101
2122
2128
2135
2144
2152
2162
2177
2180
2188
2188
2192
2207
2201
2210
2217
2219
2217
2221
2232
2244
2238
2236
2240
2246
2244
2235
2235
2230
2227
2229
2228
2230
2226
2215
2218
2216
2221
2222
2230
2233
2232
2232
2225
2230
2234
2228
2230
2232
2235
2237
2233
2225
2216
2216
2208
2202
2196
2198
2188
2192
2185
2189
2183
2185
2183
2190
2191
2185
2186
2194
2190
2191
2198
2197
2196
2194
2211
2212
2212
2210
2224
2216
2224
2212
2210
2208
2210
2198
2190
2184
2184
2189
2186
2168
2159
2165
2161
2152
2138
2142
2134
2135
2130
2138
2129
2121
2116
2110
2115
2120
2122
2123
2128
2128
2137
2140
2147
2143
2152
2163
2157
2163
2157
2160
2168
2169
2165
2153
2158
2156
2157
2151
2149
2150
2141
2132
2129
2123
2116
2120
2107
2115
2112
2104
2106
2104
2095
2094
2092
2098
2087
2088
2088
2084
2083
2080
2097
2094
2086
2075
2077
2073
2080
2072
2075
2081
2085
2090
2095
2086
2087
2082
2098
2098
2099
2097
2096
2094
2091
2102
2105
2104
2110
2105
2089
2099
2097
2099
2105
2103
2095
2100
2098
2093
2080
2090
2085
2091
2088
2074
2065
2064
2062
2067
2058
2058
2067
2059
2062
2068
2072
2088
2090
2093
2089
2091
2098
2091
2112
2117
2117
2120
2130
2130
2136
2123
2137
2146
2155
2154
2159
2168
2172
2183
2194
2199
2204
2202
2209
2217
2212
2209
2219
2210
2202
2213
2208
2215
2213
2203
2196
2198
2195
2188
2170
2151
2133
2134
2130
2120
2109
2097
2093
2089
2077
2055
2048
2046
2048
2050
2042
2035
2027
2021
2006
1999
1994
1993
1989
1981
1988
1991
1983
1980
1990
1988
1988
2004
2006
2013
2018
2020
2027
2026
2026
2023
2009
2012
2003
1997
2001
2001
1999
1993
1997
1993
1993
1989
1986
1991
1995
1987
1983
1982
1980
1971
1957
1949
1943
1925
1917
1902
1882
1864
1854
1836
1811
1791
1782
1755
1745
1732
1725
1725
1720
1707
1710
1705
1715
1722
1727
1750
1760
1781
1798
1818
1823
1841
1847
1859
1887
1897
1910
1903
1912
1923
1942
1947
1947
1943
1951
1945
1945
1947
1956
1965
1969
1976
1987
1989
2002
2007
2022
2034
2038
2033
2044
2034
2022
2012
2005
2013
1995
1997
1990
1982
1995
2003
2007
2018
2015
2029
2033
2040
2034
2038
2039
2044
2046
2039
2039
2027
2032
2033
2022
2019
2024
2027
2036
2026
2037
2043
2047
2045
2057
2045
2056
2056
2065
2072
2074
2074
2085
2093
2093
2086
2095
2104
2109
2110
2108
2120
2121
2126
2131
2129
2134
2140
2134
2143
2131
2137
2143
2145
2145
2145
2138
2139
2135
2134
2132
2137
2130
2130
2119
2112
2116
2117
2114
2119
2110
2095
2099
2090
2103
2094
2101
2106
2107
2112
2126
2121
2126
2131
2137
2134
2132
2131
2139
2133
2134
2125
2121
2135
2124
2123
2111
2104
2093
2094
2074
2075
2074
2076
2057
2054
2043
2050
2045
2033
2032
2025
2035
2023
2020
2011
2023
2023
2021
2019
2012
2013
2017
2017
2026
2025
2037
2038
2060
2060
2076
2072
2072
2066
2079
2073
2072
2058
2049
2047
2040
2024
2023
2008
2008
1978
1957
1951
1929
1927
1910
1906
1893
1879
1875
1877
1867
1872
1873
1881
1894
1901
1906
1917
1930
1942
1945
1963
1982
2000
2001
2018
2022
2025
2030
2041
2038
2043
2042
2038
2035
2029
2027
2029
2036
2046
2041
2040
2030
2033
2029
2023
2027
2034
2025
2014
2007
2013
2004
1995
1991
1996
2001
1987
1974
1969
1968
1967
1959
1941
1930
1919
1911
1904
1896
1880
1879
1873
1873
1871
1869
1871
1873
1873
1869
1870
1867
1850
1833
1825
1805
1790
1760
1739
1714
1699
1690
1682
1679
1662
1647
1633
1626
1604
1589
1584
1572
1576
1571
1568
1571
1576
1578
1571
1574
1579
1597
1593
1588
1590
1592
1605
1617
1628
1639
1658
1676
1694
1712
1728
1746
1770
1799
1828
1853
1866
1875
1884
1894
1904
1911
1928
1930
1933
1945
1956
1965
1968
1974
1978
1980
1985
1988
1971
1939
1918
1924
1916
1902
1881
1867
1870
1874
1869
1867
1863
1864
1884
1882
1891
1895
1917
1945
1949
1968
1978
1985
2000
2019
2030
2032
2052
2055
2066
2076
2086
2070
2059
2045
2031
2011
1988
1980
1961
1952
1943
1927
1913
1896
1874
1860
1850
1834
1818
1802
1797
1790
1791
1791
1796
1813
1821
1831
1849
1855
1860
1870
1879
1874
1867
1863
1847
1839
1827
1812
1805
1793
1790
1795
1790
1784
1783
1787
1784
1791
1793
1799
1814
1820
1827
1838
1851
1868
1876
1893
1916
1913
1912
1908
1924
1927
1921
1906
1892
1898
1896
1880
1891
1909
1911
1917
1940
1951
1958
1973
1980
1983
1994
2001
1999
1978
1972
1963
1959
1950
1941
1924
1914
1910
1916
1906
1902
1890
1892
1898
1889
1888
1888
1883
1884
1886
1881
1871
1881
1879
1874
1881
1877
1877
1889
1891
1898
1909
1904
1915
1920
1935
1928
1929
1921
1920
1906
1889
1886
1888
1881
1871
1861
1858
1858
1847
1848
1848
1851
1869
1883
1898
1896
1908
1914
1930
1937
1951
1962
1972
1979
1993
2000
2011
2031
2039
2039
2043
2049
2041
2042
2043
2038
2038
2030
2035
2044
2050
2036
2034
2038
2035
2032
2022
2016
2011
2001
1983
1979
1964
1969
1957
1947
1945
1944
1940
1939
1935
1938
1943
1940
1939
1949
1937
1937
1941
1946
1949
1955
1963
1978
1972
1971
1977
1980
1975
1971
1974
1956
1960
1950
1943
1922
1913
1900
1892
1877
1859
1851
1838
1838
1833
1831
1818
1817
1807
1800
1781
1772
1764
1763
1759
1764
1756
1756
1755
1771
1770
1767
1751
1747
1741
1746
1741
1751
1761
1776
1791
1811
1825
1833
1834
1838
1853
1838
1832
1816
1823
1832
1835
1840
1846
1848
1868
1869
1871
1869
1874
1867
1862
1863
1867
1867
1861
1859
1879
1886
1892
1890
1887
1901
1902
1911
1915
1922
1912
1904
1914
1933
1928
1935
1947
1963
1977
1985
1990
1999
2011
2019
2028
2017
2017
2004
2002
1995
1999
1987
1967
1946
1937
1906
1890
1875
1867
1859
1851
1838
1829
1838
1846
1841
1839
1836
1849
1864
1855
1865
1870
1876
1871
1864
1857
1854
1837
1835
1818
1817
1806
1817
1813
1820
1820
1830
1845
1860
1862
1875
1873
1883
1895
1900
1905
1913
1922
1935
1940
1953
1971
1977
1982
1982
1992
1991
2000
1995
2008
2005
2005
2005
2013
2013
2006
2010
1998
2003
2006
2009
2017
2024
2044
2058
2066
2075
2082
2099
2112
2122
2134
2142
2155
2171
2184
2201
2208
2217
2223
2219
2229
2221
2228
2231
2244
2241
2245
2252
2249
2246
2249
2243
2254
2254
2256
2252
2255
2261
2270
2270
2274
2267
2255
2268
2274
2275
2261
2258
2262
2260
2258
2267
2258
2266
2269
2277
2279
2286
2283
2293
2288
2282
2295
2295
2308
2302
2315
2323
2318
2314
2319
2319
2319
2321
2321
2312
2316
2308
2311
2307
2299
2294
2281
2277
2269
2266
2262
2258
2255
2250
2235
2229
2221
2220
2222
2217
2215
2213
2209
2215
2207
2210
2198
2202
2207
2217
2204
2199
2184
2196
2203
2201
2191
2190
2184
2186
2186
2175
2172
2163
2173
2163
2154
2147
2140
2143
2140
2128
2122
2119
2126
2120
2114
2104
2098
2086
2084
2078
2075
2063
2058
2047
2031
2023
2023
2034
2028
2015
2006
2009
2003
2013
2008
2000
1995
2003
2009
2013
2004
2019
2019
2028
2040
2054
2072
2078
2083
2076
2086
2091
2096
2090
2104
2106
2112
2106
2110
2111
2112
2118
2111
2103
2092
2087
2072
2052
2029
2019
2002
1974
1948
1944
1931
1921
1914
1910
1902
1909
1902
1899
1896
1897
1902
1903
1900
1892
1893
1886
1888
1891
1893
1895
1888
1887
1897
1914
1919
1923
1923
1925
1927
1937
1939
1937
1946
1949
1950
1953
1959
1957
1950
1940
1952
1949
1948
1950
1947
1948
1952
1946
1936
1944
1942
1958
1955
1950
1953
1964
1959
1968
1971
1975
1962
1959
1966
1967
1974
1982
1992
1991
1993
1987
1995
2005
2001
2016
2018
2026
2044
2037
2042
2037
2046
2049
2048
2056
2055
2055
2067
2066
2063
2060
2072
2070
2059
2040
2036
2042
2036
2026
2014
1999
1984
1985
1978
1970
1964
1967
1970
1972
1977
1966
1972
1973
1968
1956
1950
1954
1961
1966
1964
1967
1975
1979
1991
1991
2001
1993
2005
2007
2021
2019
2026
2037
2053
2043
2046
2057
2056
2051
2048
2058
2050
2044
2053
2065
2067
2064
2078
2080
2083
2092
2101
2110
2122
2124
2126
2124
2124
2130
2131
2128
2119
2122
2131
2124
2118
2111
2108
2108
2108
2102
2107
2088
2084
2089
2083
2085
2092
2082
2083
2085
2090
2083
2080
2084
2086
2092
2097
2083
2088
2092
2100
2108
2100
2109
2107
2101
2083
2076
2071
2075
2062
2048
2032
2020
2019
2022
2014
2021
2021
2031
2037
2050
2073
2090
2110
2109
2121
2128
2148
2160
2171
2167
2176
2173
2165
2143
2134
2103
2082
2060
2043
2020
2016
1988
1986
1971
1969
1968
1972
1978
1982
1983
1987
1992
1985
1996
2013
2028
2018
2020
2025
2035
2030
2034
2031
2038
2038
2031
2035
2015
2010
1999
1981
1962
1950
1944
1940
1930
1931
1937
1924
1927
1939
1929
1944
1956
1964
1955
1963
1972
1986
1981
1990
1998
1991
1994
1989
1987
1987
1985
1983
1976
1953
1939
1928
1936
1922
1924
1923
1907
1916
1931
1942
1952
1966
1971
1991
2010
2026
2029
2052
2055
2065
2062
2073
2073
2095
2098
2120
2116
2121
2131
2136
2137
2134
2142
2142
2138
2122
2122
2121
2120
2114
2099
2083
2066
2049
2038
2035
2026
2013
2018
2020
2020
2009
2004
1998
2013
2016
2029
2033
2040
2044
2053
2042
2040
2050
2055
2059
2055
2053
2046
2051
2037
2045
2036
2035
2041
2044
2045
2052
2064
2071
2084
2103
2111
2131
2139
2153
2164
2180
2184
2192
2207
2214
2220
2236
2237
2235
2251
2247
2243
2231
2247
2242
2242
2239
2243
2238
2243
2242
2238
2232
2235
2233
2215
2207
2213
2219
2220
2219
2222
2227
2218
2221
2220
2231
2227
2236
2228
2226
2229
2234
2234
2234
2223
2228
2230
2236
2241
2250
2235
2245
2248
2246
2248
2244
2254
2258
2267
2262
2272
2263
2284
2283
2290
2282
2279
2282
2283
2280
2280
2285
2284
2278
2274
2271
2279
2274
2272
2274
2263
2266
2273
2276
2272
2272
2264
2270
2266
2259
2258
2270
2276
2278
2273
2277
2283
2285
2286
2285
2278
2277
2282
2278
2275
2272
2282
2271
2278
2279
2287
2268
2263
2265
2267
2259
2258
2248
2249
2247
2248
2246
2239
2234
2239
2238
2224
2223
2208
2221
2202
2197
2187
2193
2187
2198
2203
2194
2190
2196
2199
2197
2198
36.97998047
1.662890553
999
