5835
2196
2186
2215
2181
2238
2197
2221
2172
2220
2202
2239
2196
2209
2188
2222
2183
2214
2185
2209
2209
2202
2179
2185
2192
2174
2154
2151
2163
2170
2178
2151
2155
2160
2180
2155
2165
2128
2171
2159
2178
2157
2180
2175
2207
2174
2191
2172
2212
2194
2208
2183
2195
2217
2215
2210
2206
2214
2217
2225
2195
2216
2206
2232
2215
2223
2197
2226
2206
2233
2195
2208
2194
2231
2200
2227
2208
2226
2227
2240
2211
2242
2241
2231
2230
2233
2240
2251
2252
2244
2244
2228
2276
2236
2255
2216
2250
2231
2238
2193
2221
2194
2233
2184
2210
2181
2244
2197
2206
2162
2191
2185
2213
2171
2186
2174
2194
2188
2181
2176
2186
2196
2175
2186
2151
2178
2167
2187
2149
2159
2152
2183
2141
2178
2130
2190
2142
2187
2148
2197
2164
2198
2172
2210
2192
2234
2192
2220
2188
2209
2208
2227
2203
2212
2205
2218
2218
2198
2206
2216
2233
2206
2200
2179
2224
2199
2220
2184
2220
2190
2212
2199
2209
2182
2218
2183
2195
2161
2186
2167
2174
2163
2148
2159
2154
2160
2139
2138
2114
2155
2134
2153
2113
2132
2111
2139
2118
2114
2083
2107
2087
2092
2071
2067
2078
2058
2048
2025
2031
2020
2018
1971
1989
1950
1986
1934
1948
1907
1943
1931
1959
1939
1951
1934
1964
1956
1968
1964
1944
1971
1975
2001
1973
2007
2007
2037
2004
2031
2004
2054
2033
2065
2023
2073
2055
2104
2062
2084
2064
2115
2080
2111
2086
2095
2112
2119
2109
2107
2113
2107
2134
2085
2107
2082
2129
2081
2092
2059
2105
2065
2096
2033
2073
2037
2065
2019
2031
1999
2007
1995
1994
1966
1958
1956
1959
1953
1929
1931
1928
1942
1924
1929
1874
1921
1899
1924
1891
1939
1906
1939
1900
1927
1903
1966
1923
1957
1918
1945
1936
1955
1922
1943
1932
1968
1950
1958
1960
1946
1959
1963
1972
1946
1981
1966
2005
1971
1991
1980
2019
2003
2029
2025
2034
2031
2056
2046
2053
2050
2072
2078
2050
2048
2024
2057
2050
2061
2019
2050
2040
2082
2055
2063
2037
2077
2064
2072
2049
2052
2064
2067
2065
2048
2056
2047
2070
2039
2060
2011
2052
2017
2024
1979
2002
1968
2002
1955
1966
1938
1966
1934
1930
1908
1918
1906
1898
1866
1867
1862
1854
1859
1843
1853
1861
1882
1854
1890
1849
1901
1874
1919
1871
1912
1885
1941
1904
1933
1901
1937
1904
1931
1883
1899
1893
1907
1888
1880
1865
1872
1850
1835
1846
1801
1845
1821
1846
1803
1822
1797
1850
1824
1868
1828
1875
1850
1882
1857
1868
1854
1887
1847
1848
1821
1835
1829
1798
1808
1773
1815
1811
1827
1807
1848
1832
1887
1869
1905
1883
1928
1904
1936
1915
1941
1942
1973
1949
1959
1961
1984
2001
1991
1980
1988
2016
2013
2003
1990
1999
1985
2023
2002
2025
1998
2039
2031
2040
2023
2043
2047
2071
2051
2072
2062
2064
2093
2078
2089
2067
2107
2104
2130
2099
2106
2087
2139
2109
2130
2091
2116
2112
2102
2081
2067
2065
2074
2051
2034
2031
2019
2047
2025
2038
2019
2060
2025
2054
2010
2057
2042
2079
2035
2065
2046
2107
2085
2098
2058
2097
2089
2113
2090
2077
2075
2097
2083
2068
2061
2074
2098
2072
2085
2047
2070
2045
2067
2037
2058
2019
2069
2003
2037
1990
2045
1986
2010
1969
1990
1948
1984
1945
1969
1928
1955
1960
1955
1944
1945
1962
1967
1969
1944
1967
1938
1981
1943
1972
1929
1975
1951
1992
1951
1987
1955
1988
1957
1983
1965
1962
1973
1973
1962
1938
1961
1958
1972
1945
1974
1955
1997
1970
1994
1961
1991
1979
2001
1987
1985
1969
1987
1979
1981
1977
1947
1957
1947
1958
1931
1959
1937
1967
1928
1940
1923
1950
1934
1943
1925
1913
1918
1929
1920
1902
1907
1914
1930
1907
1931
1902
1935
1922
1944
1907
1949
1945
1986
1966
1987
1981
2023
2016
2028
2019
2020
2038
2049
2055
2057
2058
2039
2087
2054
2084
2039
2087
2062
2097
2076
2093
2051
2102
2063
2092
2055
2102
2081
2091
2071
2061
2069
2097
2083
2075
2065
2038
2064
2033
2039
2007
2036
2001
2028
1959
1978
1936
1983
1922
1949
1899
1940
1908
1930
1869
1880
1851
1871
1814
1825
1810
1807
1825
1813
1810
1798
1820
1813
1853
1798
1851
1837
1895
1837
1861
1848
1888
1879
1901
1876
1906
1907
1954
1960
1965
1971
1967
2006
2009
2016
2009
2035
2027
2075
2042
2072
2056
2102
2068
2101
2078
2090
2097
2115
2111
2111
2120
2130
2145
2128
2146
2129
2154
2153
2165
2147
2151
2142
2182
2162
2174
2146
2176
2167
2173
2167
2154
2172
2183
2186
2166
2181
2154
2197
2179
2195
2167
2205
2188
2231
2212
2217
2194
2247
2224
2218
2198
2211
2243
2224
2234
2205
2236
2224
2242
2194
2224
2178
2231
2196
2225
2184
2227
2209
2245
2214
2221
2198
2232
2223
2224
2240
2205
2236
2223
2237
2211
2226
2214
2245
2190
2218
2167
2215
2187
2224
2161
2187
2157
2185
2156
2162
2139
2147
2139
2127
2146
2106
2123
2100
2109
2082
2092
2058
2105
2067
2104
2051
2089
2054
2091
2056
2058
2021
2037
2033
2032
2002
1997
2001
1985
2001
1964
1969
1959
1979
1951
1999
1956
1980
1965
2005
1969
1988
1977
2005
2014
2015
1998
2013
2028
2032
2027
2023
2044
2040
2080
2056
2076
2059
2108
2099
2104
2087
2096
2096
2132
2107
2115
2102
2103
2131
2106
2114
2097
2129
2113
2121
2093
2114
2094
2136
2108
2130
2104
2130
2148
2166
2158
2149
2157
2170
2171
2147
2160
2134
2179
2149
2161
2114
2136
2110
2145
2103
2117
2078
2119
2095
2126
2107
2094
2111
2130
2129
2125
2132
2138
2164
2136
2164
2121
2168
2153
2178
2123
2156
2123
2176
2130
2152
2110
2162
2133
2144
2139
2116
2127
2137
2137
2118
2123
2099
2141
2095
2127
2085
2142
2099
2122
2085
2107
2072
2114
2081
2094
2041
2067
2051
2051
2038
2031
2039
2032
2056
2020
2066
2031
2073
2044
2081
2039
2078
2049
2077
2066
2067
2059
2070
2060
2064
2049
2021
2030
2007
2022
1992
2003
1987
2013
1987
1999
1959
1964
1959
1984
1940
1947
1917
1920
1932
1932
1931
1928
1951
1967
1999
1973
1994
1985
2034
2017
2040
2020
2066
2050
2071
2050
2058
2048
2069
2049
2040
2040
2017
2027
2003
1992
1952
1957
1917
1947
1876
1871
1842
1855
1805
1804
1784
1765
1751
1745
1718
1719
1713
1722
1742
1718
1750
1727
1780
1775
1810
1782
1819
1808
1859
1834
1868
1825
1875
1863
1899
1897
1902
1912
1936
1951
1949
1964
1949
1999
1979
2012
1975
2026
2012
2056
2024
2047
2015
2070
2045
2075
2028
2074
2039
2063
2067
2053
2051
2079
2063
2088
2079
2106
2066
2107
2080
2117
2087
2122
2084
2099
2071
2068
2067
2080
2068
2076
2086
2067
2104
2077
2086
2063
2107
2105
2138
2103
2128
2105
2142
2115
2138
2101
2100
2103
2109
2094
2086
2088
2096
2096
2087
2104
2063
2113
2092
2120
2089
2119
2119
2159
2143
2167
2142
2169
2173
2187
2192
2174
2200
2215
2218
2198
2210
2211
2233
2226
2243
2202
2235
2236
2254
2221
2240
2227
2242
2241
2239
2223
2238
2242
2230
2247
2207
2231
2226
2268
2232
2244
2226
2271
2250
2277
2255
2291
2270
2304
2296
2287
2284
2300
2305
2299
2295
2298
2328
2314
2336
2297
2325
2306
2336
2289
2326
2279
2317
2296
2326
2277
2304
2273
2286
2283
2268
2254
2253
2265
2240
2226
2178
2207
2166
2199
2141
2163
2119
2169
2145
2180
2145
2178
2146
2189
2144
2162
2155
2168
2186
2176
2172
2164
2190
2192
2203
2168
2194
2168
2220
2177
2208
2172
2216
2211
2238
2202
2221
2213
2243
2218
2242
2247
2245
2260
2253
2248
2229
2257
2257
2294
2248
2282
2265
2308
2279
2296
2278
2289
2287
2313
2295
2300
2298
2320
2326
2304
2311
2292
2320
2311
2322
2306
2333
2318
2348
2320
2329
2307
2355
2325
2324
2322
2308
2320
2326
2324
2307
2322
2298
2331
2307
2333
2302
2322
2309
2335
2311
2316
2304
2332
2310
2314
2283
2310
2311
2307
2310
2282
2290
2295
2307
2274
2294
2246
2286
2253
2282
2233
2279
2249
2292
2256
2265
2227
2274
2259
2265
2227
2219
2237
2226
2242
2209
2209
2194
2219
2176
2206
2149
2197
2159
2181
2127
2168
2142
2169
2148
2149
2135
2163
2145
2141
2148
2119
2133
2131
2156
2118
2131
2100
2140
2119
2151
2109
2141
2102
2132
2096
2117
2084
2104
2095
2099
2070
2081
2074
2054
2068
2031
2038
2019
2048
2024
2035
2018
2054
2030
2056
2023
2049
2035
2073
2059
2061
2044
2062
2092
2090
2073
2071
2080
2076
2101
2075
2102
2080
2114
2079
2106
2076
2084
2083
2089
2060
2056
2051
2043
2061
2031
2037
2023
2045
2043
2053
2022
2048
2035
2082
2049
2071
2055
2098
2096
2106
2092
2107
2121
2134
2116
2115
2121
2101
2147
2114
2138
2099
2139
2129
2149
2110
2141
2124
2153
2130
2157
2123
2145
2156
2157
2164
2145
2163
2158
2173
2160
2187
2139
2186
2160
2200
2145
2192
2161
2215
2189
2214
2179
2222
2208
2236
2220
2207
2221
2217
2227
2213
2215
2211
2237
2207
2233
2180
2226
2208
2250
2202
2232
2187
2233
2209
2231
2204
2230
2225
2217
2221
2192
2196
2191
2205
2169
2172
2137
2170
2132
2152
2117
2145
2117
2153
2127
2141
2120
2144
2138
2145
2133
2148
2146
2145
2153
2133
2127
2126
2158
2131
2158
2137
2155
2152
2188
2165
2174
2163
2179
2185
2182
2187
2189
2206
2205
2206
2189
2203
2194
2219
2184
2197
2182
2210
2197
2208
2168
2183
2179
2200
2163
2174
2174
2169
2180
2161
2163
2148
2182
2159
2181
2132
2146
2128
2174
2127
2151
2106
2144
2139
2155
2113
2127
2121
2140
2107
2108
2112
2095
2120
2090
2092
2065
2098
2048
2104
2041
2081
2040
2098
2040
2083
2059
2073
2050
2089
2057
2070
2049
2076
2073
2048
2063
2037
2067
2051
2070
2047
2084
2036
2085
2047
2094
2048
2095
2064
2107
2075
2082
2072
2098
2066
2077
2050
2051
2073
2055
2058
2026
2052
2043
2060
2022
2055
2016
2056
2020
2030
1985
2022
1986
2007
1972
1969
1950
1973
1948
1938
1944
1922
1966
1948
1953
1926
1951
1944
1991
1958
1963
1929
1969
1956
1962
1936
1934
1945
1972
1967
1945
1965
1975
1988
1969
1978
1931
1969
1952
1971
1940
1972
1971
1998
1971
1976
1952
1983
1980
1985
1988
1965
1986
1984
2014
1994
2015
2011
2031
2011
2043
2017
2063
2048
2087
2050
2093
2081
2114
2117
2130
2108
2124
2139
2137
2173
2145
2161
2139
2183
2151
2164
2126
2166
2144
2171
2134
2165
2137
2179
2156
2152
2129
2138
2139
2129
2110
2101
2089
2071
2087
2021
2026
1989
2018
1964
1990
1927
1962
1933
1967
1918
1943
1917
1944
1947
1938
1925
1943
1960
1959
1957
1936
1969
1958
1999
1964
1993
1969
2018
1997
2028
1983
2014
1994
2045
2003
2029
1996
1998
2011
2010
1998
1990
2001
2003
2008
1961
1975
1949
1983
1950
1974
1922
1958
1957
1994
1966
1985
1974
2006
1969
1977
1962
1952
1984
1973
1976
1952
1967
1953
1992
1954
1973
1948
1995
1977
1999
1972
1964
1966
1989
1959
1944
1942
1955
1965
1947
1951
1913
1941
1933
1943
1903
1942
1925
1966
1930
1939
1912
1945
1919
1929
1935
1928
1945
1962
1971
1961
1967
1965
2010
1991
2033
1997
2036
2007
2041
2020
2045
2013
2052
2023
2042
2014
2036
2032
2033
2046
2026
2037
2036
2068
2049
2074
2021
2073
2041
2082
2026
2068
2057
2091
2064
2080
2040
2077
2079
2105
2069
2075
2089
2089
2115
2092
2096
2090
2135
2103
2139
2086
2134
2112
2154
2104
2132
2102
2147
2131
2141
2112
2139
2141
2159
2159
2144
2149
2152
2168
2130
2146
2138
2173
2151
2174
2114
2134
2108
2142
2088
2119
2100
2110
2098
2105
2095
2108
2113
2100
2119
2090
2103
2092
2138
2109
2128
2118
2138
2128
2143
2119
2129
2114
2127
2125
2103
2099
2075
2089
2083
2097
2072
2092
2071
2115
2094
2115
2086
2118
2101
2134
2125
2122
2123
2142
2140
2131
2123
2126
2168
2163
2181
2139
2178
2177
2199
2186
2196
2156
2213
2201
2215
2184
2224
2215
2228
2234
2225
2225
2233
2241
2212
2235
2194
2240
2212
2257
2205
2237
2207
2257
2229
2228
2200
2239
2217
2243
2220
2216
2226
2224
2239
2209
2224
2213
2234
2206
2236
2182
2222
2194
2227
2178
2215
2184
2231
2193
2217
2177
2209
2193
2220
2209
2194
2198
2200
2224
2204
2199
2181
2197
2172
2212
2145
2164
2123
2170
2121
2145
2097
2103
2088
2096
2056
2045
2040
2034
2034
2011
2007
2001
2026
1995
1993
1978
2001
1989
2016
1976
1985
1962
1995
1982
1976
1955
1954
1957
1962
1942
1931
1926
1926
1944
1890
1891
1865
1901
1859
1867
1826
1832
1814
1832
1803
1812
1793
1794
1811
1793
1794
1787
1819
1817
1831
1801
1835
1813
1872
1846
1883
1861
1918
1918
1937
1931
1938
1924
1961
1948
1957
1954
1935
1964
1938
1957
1925
1952
1935
1973
1934
1966
1929
1989
1969
1987
1947
1991
1987
2017
2007
2018
2011
2035
2042
2043
2058
2018
2073
2060
2083
2050
2072
2032
2089
2050
2083
2031
2066
2041
2059
2025
2017
2000
2017
2001
2003
1984
2000
2019
1990
2017
1982
2028
2019
2058
2028
2071
2022
2078
2035
2074
2031
2074
2056
2081
2078
2065
2061
2090
2102
2114
2110
2088
2128
2114
2155
2127
2150
2130
2172
2142
2160
2133
2177
2163
2187
2162
2175
2163
2166
2162
2147
2140
2140
2150
2127
2132
2082
2093
2064
2086
2041
2032
2015
2011
2000
1991
1966
1969
1977
1980
1956
1946
1947
1952
1972
1941
1957
1937
1968
1948
1960
1928
1948
1941
1966
1934
1947
1935
1953
1969
1959
1963
1963
1994
1985
2019
1975
1995
1985
2033
2002
2030
1994
2025
2012
2034
2003
2021
2005
2036
1999
2004
2004
1993
2004
1978
1978
1932
1949
1902
1920
1864
1891
1832
1875
1817
1849
1815
1830
1813
1842
1814
1835
1816
1869
1879
1875
1888
1868
1906
1903
1922
1903
1937
1910
1971
1939
1980
1927
1986
1953
1993
1960
1968
1952
1990
1970
1983
1961
1966
2000
1985
1987
1959
1999
2003
2014
1986
2009
1985
2029
2000
2017
1987
2027
2003
2014
1990
1990
1983
2000
1964
1941
1936
1903
1916
1891
1888
1856
1895
1881
1899
1868
1889
1868
1898
1894
1904
1880
1876
1877
1877
1881
1851
1861
1848
1860
1825
1842
1799
1827
1821
1854
1830
1866
1853
1891
1896
1902
1891
1906
1931
1936
1943
1922
1942
1943
1987
1958
1975
1955
1994
1983
2007
1970
1989
1978
2011
1958
1973
1947
1943
1945
1941
1935
1926
1945
1927
1957
1928
1959
1940
1993
1962
1981
1952
1995
1975
2003
1957
1977
1954
1994
1963
1939
1925
1927
1938
1917
1910
1880
1886
1853
1877
1819
1839
1791
1835
1773
1822
1773
1788
1758
1787
1745
1773
1746
1765
1782
1762
1761
1738
1759
1755
1763
1735
1758
1709
1747
1713
1730
1677
1711
1669
1695
1669
1676
1657
1669
1659
1664
1671
1641
1659
1661
1667
1651
1671
1667
1709
1693
1730
1689
1731
1730
1768
1741
1759
1777
1801
1811
1807
1802
1841
1863
1848
1864
1833
1866
1862
1889
1878
1860
1892
1894
1909
1873
1893
1895
1911
1891
1883
1890
1886
1906
1891
1897
1880
1909
1877
1907
1865
1897
1868
1899
1855
1885
1861
1867
1850
1856
1836
1838
1826
1840
1834
1809
1834
1826
1864
1850
1867
1849
1884
1872
1921
1888
1917
1890
1963
1920
1951
1923
1942
1950
1957
1930
1941
1945
1929
1959
1924
1941
1916
1956
1924
1938
1898
1927
1907
1953
1895
1926
1905
1950
1918
1928
1914
1926
1943
1969
1951
1961
1968
1963
1998
1968
1981
1969
2022
2005
2046
2010
2040
2022
2074
2036
2067
2032
2059
2066
2069
2063
2050
2071
2067
2051
2035
2051
2025
2060
2035
2059
2024
2066
2057
2099
2071
2092
2083
2107
2086
2090
2083
2079
2094
2094
2095
2074
2087
2085
2098
2069
2086
2043
2085
2064
2070
2039
2041
2031
2043
2025
2007
1991
1998
2002
1970
1979
1948
1978
1968
1972
1935
1959
1941
1978
1949
1963
1927
1961
1936
1948
1931
1917
1911
1923
1936
1921
1919
1928
1955
1931
1951
1920
1959
1944
1981
1930
1970
1927
1957
1944
1964
1924
1951
1945
1947
1952
1942
1947
1956
1983
1965
1970
1928
1967
1931
1970
1925
1953
1914
1945
1907
1930
1877
1907
1880
1895
1851
1870
1855
1862
1876
1858
1859
1863
1891
1874
1895
1851
1883
1866
1906
1878
1919
1899
1945
1938
1970
1939
1974
1969
1995
1976
1982
1979
1982
2006
1977
1981
1970
1993
1970
2001
1948
1963
1940
1967
1926
1939
1914
1930
1927
1920
1907
1917
1934
1934
1940
1914
1930
1925
1967
1947
1972
1949
2010
2006
2029
2001
2020
2015
2055
2028
2031
2033
2031
2051
2039
2039
2023
2043
2005
2042
2003
2032
1991
2038
2006
2025
2002
2017
2009
2023
2007
2015
1997
2011
2034
2010
2018
1990
2031
2025
2051
2019
2048
2011
2077
2042
2058
2010
2069
2049
2068
2045
2051
2048
2073
2054
2051
2041
2035
2073
2050
2076
2043
2082
2061
2091
2067
2092
2054
2111
2067
2096
2052
2106
2070
2088
2063
2062
2056
2079
2059
2061
2066
2030
2076
2045
2073
2033
2067
2040
2080
2027
2048
2008
2054
2017
2038
1999
2028
2027
2046
2027
2023
2018
2035
2041
2047
2056
2032
2063
2056
2072
2052
2079
2054
2092
2061
2074
2040
2083
2060
2080
2051
2043
2040
2061
2059
2049
2034
2040
2058
2032
2046
2006
2035
2022
2034
1997
2031
2005
2037
2025
2026
2006
2037
2048
2053
2049
2035
2040
2055
2058
2029
2040
2014
2047
2024
2043
2001
2024
2003
2016
2008
1995
1977
1995
2000
1991
1979
1985
2004
2001
2019
1991
2021
2006
2058
2029
2055
2026
2060
2049
2075
2039
2058
2043
2061
2075
2061
2058
2071
2096
2086
2091
2084
2113
2089
2142
2115
2159
2114
2162
2138
2165
2143
2156
2147
2174
2158
2178
2178
2162
2199
2181
2203
2175
2218
2215
2258
2208
2243
2202
2280
2242
2274
2229
2273
2270
2298
2280
2286
2276
2311
2303
2283
2295
2278
2312
2309
2318
2284
2306
2298
2348
2302
2329
2290
2340
2315
2331
2306
2310
2313
2335
2314
2316
2311
2323
2327
2315
2322
2298
2326
2308
2332
2299
2335
2305
2339
2309
2323
2289
2320
2314
2316
2320
2302
2297
2296
2315
2294
2282
2256
2284
2269
2276
2247
2267
2243
2249
2235
2219
2193
2203
2198
2181
2144
2139
2141
2137
2151
2117
2131
2121
2145
2119
2142
2108
2142
2126
2153
2107
2112
2101
2111
2115
2102
2073
2076
2082
2074
2070
2042
2066
2054
2088
2061
2098
2079
2134
2118
2158
2117
2155
2148
2199
2158
2192
2189
2207
2213
2204
2207
2216
2238
2232
2251
2209
2236
2211
2254
2188
2230
2188
2221
2197
2214
2159
2190
2150
2180
2133
2135
2122
2108
2108
2088
2083
2072
2091
2059
2092
2037
2055
2021
2071
2029
2051
2023
2036
2020
2052
2017
2030
1996
2035
2029
2026
2016
1999
2018
2017
2011
1986
2001
1975
2009
1988
2003
1976
2025
1995
2029
2010
2011
2007
2044
2030
2040
2034
2027
2061
2045
2046
2025
2059
2055
2053
2040
2055
2038
2066
2044
2063
2029
2063
2055
2057
2052
2046
2064
2067
2073
2050
2077
2059
2097
2082
2107
2090
2122
2112
2147
2131
2157
2128
2161
2156
2184
2164
2171
2194
2194
2200
2185
2211
2210
2226
2191
2222
2174
2228
2202
2236
2183
2232
2210
2240
2201
2222
2188
2228
2226
2230
2227
2205
2224
2225
2247
2215
2223
2213
2255
2221
2262
2217
2267
2242
2279
2236
2284
2253
2293
2273
2297
2261
2292
2290
2284
2289
2270
2277
2268
2298
2264
2276
2232
2284
2253
2268
2216
2242
2216
2260
2216
2207
2176
2197
2179
2171
2143
2152
2140
2134
2141
2116
2139
2123
2145
2114
2153
2134
2163
2153
2186
2161
2180
2170
2183
2189
2194
2186
2196
2211
2223
2223
2211
2225
2212
2250
2224
2246
2222
2263
2257
2278
2252
2268
2262
2297
2274
2285
2285
2278
2312
2308
2304
2280
2309
2316
2335
2297
2318
2305
2357
2317
2335
2299
2328
2335
2352
2332
2328
2325
2344
2331
2334
2336
2298
2343
2321
2338
2302
2340
2301
2346
2301
2338
2307
2355
2318
2337
2318
2315
2331
2352
2339
2332
2332
2343
2369
2334
2356
2308
2357
2326
2359
2303
2353
2306
2355
2316
2338
2295
2335
2315
2323
2317
2304
2313
2317
2323
2302
2308
2274
2318
2283
2326
2270
2316
2288
2333
2301
2318
2271
2321
2294
2320
2280
2314
2290
2307
2323
2304
2296
2301
2318
2299
2319
2276
2320
2296
2326
2290
2319
2302
2341
2321
2334
2299
2336
2329
2342
2314
2314
2315
2320
2325
2300
2310
2304
2331
2305
2316
2289
2316
2308
2339
2317
2314
2295
2310
2313
2308
2310
2315
2316
2322
2337
2312
2319
2308
2347
2317
2327
2304
2343
2328
2345
2331
2332
2318
2348
2346
2340
2332
2304
2332
2331
2346
2316
2330
2302
2348
2314
2333
2286
2334
2314
2333
2307
2307
2295
2323
2301
2299
2277
2297
2303
2285
2293
2244
2282
2265
2287
2232
2260
2223
2270
2233
2255
2205
2254
2216
2218
2191
2186
2168
2192
2186
2165
2149
2125
2167
2146
2154
2123
2150
2118
2146
2116
2146
2098
2131
2087
2105
2062
2103
2060
2069
2045
2016
2001
2004
1993
1963
1944
1891
1904
1847
1867
1809
1831
1779
1806
1763
1771
1726
1744
1710
1719
1665
1662
1652
1658
1661
1649
1639
1637
1661
1636
1672
1646
1681
1672
1714
1689
1713
1707
1741
1730
1741
1720
1734
1735
1765
1773
1763
1752
1767
1794
1775
1773
1758
1779
1771
1800
1764
1785
1779
1813
1789
1806
1801
1819
1847
1860
1859
1844
1866
1870
1906
1886
1912
1901
1957
1943
1976
1962
1987
1995
2021
2004
2021
2020
2055
2065
2058
2063
2052
2072
2083
2105
2087
2111
2094
2140
2105
2141
2109
2167
2136
2180
2144
2173
2149
2197
2167
2190
2159
2155
2182
2183
2184
2156
2190
2187
2205
2168
2203
2160
2223
2186
2230
2174
2216
2199
2246
2214
2236
2208
2246
2229
2242
2230
2207
2222
2218
2223
2192
2214
2210
2222
2175
2212
2162
2218
2181
2210
2156
2190
2178
2210
2172
2183
2163
2192
2180
2180
2181
2150
2158
2151
2153
2126
2130
2094
2130
2093
2125
2079
2119
2106
2127
2104
2112
2098
2126
2124
2134
2112
2129
2144
2138
2150
2137
2156
2154
2186
2164
2193
2158
2189
2182
2209
2176
2197
2195
2200
2203
2193
2192
2206
2231
2214
2218
2203
2238
2221
2242
2213
2232
2214
2235
2238
2248
2221
2233
2238
2242
2220
2220
2237
2239
2251
2219
2220
2203
2235
2209
2218
2172
2194
2164
2203
2150
2168
2133
2152
2158
2143
2116
2127
2134
2139
2123
2122
2150
2144
2177
2149
2168
2150
2194
2176
2221
2178
2199
2177
2223
2181
2218
2189
2204
2208
2218
2208
2199
2191
2211
2216
2185
2202
2163
2207
2180
2199
2158
2193
2156
2205
2155
2182
2132
2181
2134
2166
2147
2128
2130
2145
2119
2112
2106
2080
2118
2088
2083
2042
2088
2061
2077
2043
2059
2021
2057
2002
2015
1970
2006
1972
1969
1936
1924
1919
1929
1907
1885
1891
1867
1899
1876
1898
1872
1917
1899
1944
1906
1927
1913
1950
1938
1950
1927
1930
1948
1966
1964
1949
1963
1965
1978
1967
1997
1970
1999
1997
2021
1998
2027
2014
2026
2024
2023
2020
2034
2046
2036
2052
2024
2051
2041
2079
2042
2062
2044
2071
2058
2079
2050
2072
2058
2083
2058
2069
2063
2071
2092
2072
2074
2087
2113
2092
2139
2089
2127
2112
2158
2119
2157
2132
2174
2166
2194
2164
2195
2180
2215
2213
2191
2187
2194
2219
2205
2210
2199
2219
2189
2229
2178
2226
2194
2244
2202
2211
2244
2232
2279
2242
2277
2252
2285
2276
2283
2276
2270
2291
2294
2295
2280
2282
2266
2308
2272
2300
2262
2307
2282
2323
2286
2303
2276
2313
2288
2308
2283
2266
2286
2279
2297
2281
2288
2280
2296
2275
2291
2256
2299
2272
2289
2245
2284
2270
2291
2275
2263
2242
2253
2242
2229
2233
2193
2211
2196
2203
2165
2179
2177
2197
2164
2157
2121
2142
2131
2124
2089
2078
2088
2079
2074
2048
2038
2027
2056
2015
2040
2003
2047
2027
2059
2022
2059
2060
2085
2080
2086
2070
2088
2082
2098
2098
2070
2080
2072
2101
2061
2061
2044
2071
2031
2065
2010
2043
2019
2066
2010
2038
2011
2034
2031
2055
2022
2029
2042
2045
2070
2032
2045
2035
2081
2052
2079
2036
2089
2056
2099
2054
2093
2066
2112
2093
2106
2076
2099
2098
2106
2083
2090
2099
2089
2116
2095
2119
2103
2141
2110
2149
2095
2134
2116
2162
2098
2136
2111
2129
2124
2124
2119
2117
2106
2118
2099
2073
2083
2056
2084
2052
2063
2019
2038
2004
2033
1973
1971
1936
1967
1918
1931
1891
1878
1878
1884
1863
1850
1850
1866
1881
1856
1855
1826
1864
1839
1851
1811
1846
1822
1864
1823
1826
1795
1825
1812
1813
1807
1787
1819
1813
1818
1805
1824
1801
1854
1830
1859
1824
1879
1872
1907
1908
1920
1918
1966
1958
1962
1953
1988
2006
1986
1991
1967
2003
1997
2013
1974
2001
1979
2030
1995
2027
1995
2045
2037
2051
2047
2059
2061
2085
2084
2079
2071
2065
2109
2090
2115
2093
2127
2104
2134
2107
2145
2100
2151
2143
2164
2127
2165
2158
2180
2174
2170
2162
2175
2194
2191
2214
2171
2208
2191
2229
2193
2223
2199
2252
2221
2254
2213
2257
2244
2275
2235
2253
2235
2258
2261
2263
2249
2247
2258
2239
2257
2206
2233
2211
2239
2184
2205
2164
2199
2163
2187
2120
2139
2097
2117
2071
2042
2008
1996
1987
1951
1934
1911
1901
1876
1887
1833
1850
1832
1872
1834
1873
1848
1865
1849
1867
1839
1857
1852
1858
1870
1868
1877
1871
1893
1882
1890
1873
1893
1880
1927
1899
1920
1911
1956
1944
1965
1951
1954
1959
1978
1971
1974
1971
1973
2009
1996
2001
1976
2008
1988
2014
1979
1993
1981
2023
2003
2017
1998
2012
2032
2032
2026
2016
2043
2063
2060
2032
2053
2035
2081
2052
2070
2036
2092
2059
2107
2073
2096
2081
2128
2097
2116
2097
2100
2112
2116
2114
2104
2123
2129
2149
2111
2142
2104
2152
2114
2155
2109
2146
2119
2170
2134
2147
2123
2175
2143
2168
2155
2145
2156
2168
2161
2155
2160
2149
2195
2158
2189
2139
2200
2172
2212
2188
2216
2183
2234
2196
2230
2190
2238
2216
2228
2207
2204
2211
2238
2225
2219
2224
2194
2237
2205
2220
2178
2223
2195
2220
2186
2204
2167
2207
2180
2191
2153
2156
2157
2164
2157
2143
2142
2151
2147
2129
2142
2109
2153
2133
2160
2128
2160
2148
2183
2158
2165
2151
2173
2166
2173
2164
2149
2159
2163
2165
2137
2139
2131
2156
2128
2148
2118
2146
2121
2137
2106
2106
2085
2094
2091
2080
2055
2058
2055
2034
2063
2024
2045
2026
2057
2026
2051
2039
2072
2070
2091
2065
2081
2083
2113
2107
2078
2085
2065
2097
2071
2090
2050
2076
2053
2114
2057
2086
2043
2113
2073
2128
2089
2105
2093
2124
2081
2094
2087
2088
2107
2084
2085
2073
2100
2084
2090
2053
2086
2050
2105
2051
2095
2051
2099
2069
2088
2052
2067
2049
2074
2034
2058
2067
2056
2082
2066
2071
2048
2075
2080
2115
2070
2096
2075
2118
2079
2106
2075
2100
2092
2112
2088
2102
2083
2101
2079
2076
2072
2037
2058
2055
2049
2019
2019
1995
2030
1973
1982
1940
1980
1953
1966
1922
1912
1899
1911
1893
1881
1872
1890
1895
1880
1879
1834
1861
1861
1868
1814
1831
1792
1822
1781
1788
1747
1773
1762
1770
1763
1742
1763
1775
1782
1774
1779
1765
1807
1783
1809
1781
1833
1809
1845
1843
1859
1839
1870
1852
1859
1826
1825
1821
1800
1791
1764
1759
1743
1757
1719
1741
1701
1737
1705
1740
1699
1730
1707
1746
1743
1752
1721
1744
1758
1775
1759
1755
1784
1776
1804
1773
1790
1771
1806
1781
1824
1775
1825
1813
1861
1818
1849
1829
1862
1860
1879
1869
1882
1890
1901
1911
1885
1899
1871
1900
1856
1870
1852
1879
1850
1864
1818
1853
1837
1884
1839
1851
1834
1862
1863
1873
1859
1860
1850
1827
1831
1785
1791
1771
1791
1745
1757
1715
1727
1701
1722
1679
1688
1666
1697
1673
1679
1665
1660
1677
1690
1691
1685
1707
1704
1745
1711
1747
1735
1783
1767
1806
1780
1795
1790
1825
1807
1818
1803
1815
1834
1820
1831
1814
1841
1835
1845
1831
1853
1820
1879
1853
1883
1849
1897
1898
1919
1901
1908
1920
1949
1941
1949
1975
1962
2013
1997
2019
2008
2055
2047
2092
2057
2088
2066
2118
2098
2128
2091
2107
2122
2136
2131
2123
2131
2151
2160
2145
2170
2135
2181
2154
2182
2146
2187
2165
2205
2171
2206
2173
2228
2198
2222
2195
2194
2198
2207
2209
2197
2187
2191
2194
2154
2175
2122
2156
2111
2148
2085
2106
2055
2083
2052
2061
2013
2028
1993
1992
1979
1954
1933
1927
1936
1915
1898
1853
1883
1842
1865
1815
1829
1791
1830
1778
1787
1718
1730
1696
1698
1659
1668
1637
1632
1618
1582
1577
1579
1579
1563
1575
1533
1550
1530
1557
1513
1521
1509
1514
1498
1494
1475
1482
1481
1489
1480
1482
1487
1491
1518
1522
1538
1529
1563
1555
1582
1558
1583
1577
1610
1602
1616
1613
1615
1638
1631
1639
1631
1659
1665
1687
1667
1694
1682
1728
1714
1759
1733
1782
1791
1827
1819
1853
1862
1897
1890
1905
1923
1903
1951
1955
1979
1964
1997
1969
2029
2001
2035
2003
2064
2034
2078
2049
2073
2053
2096
2081
2097
2072
2113
2110
2094
2112
2090
2131
2120
2130
2096
2125
2078
2128
2075
2097
2033
2076
2024
2039
2000
2001
1964
1991
1952
1958
1923
1914
1940
1921
1931
1904
1927
1921
1927
1911
1951
1916
1966
1939
1978
1939
1985
1963
2004
1996
2003
1985
2019
2022
2031
2033
2007
2034
2031
2052
2017
2041
2044
2079
2055
2072
2031
2053
2043
2074
2038
2039
2027
2026
2044
2029
2020
2003
2025
2010
2033
1994
2010
2012
2047
2014
2026
2023
2048
2062
2053
2020
2025
2050
2047
2051
2021
2028
2015
2048
2019
2022
1981
2007
1993
2021
1985
1994
1988
2011
1981
1972
1956
1932
1938
1914
1899
1880
1873
1831
1857
1811
1823
1777
1812
1772
1793
1761
1774
1763
1794
1755
1777
1749
1775
1770
1768
1774
1746
1759
1743
1749
1725
1733
1677
1710
1661
1683
1627
1670
1617
1641
1601
1616
1596
1639
1621
1648
1619
1624
1657
1654
1650
1627
1660
1639
1648
1596
1618
1560
1604
1566
1593
1537
1595
1569
1624
1593
1611
1597
1649
1646
1660
1663
1651
1686
1684
1697
1692
1718
1725
1771
1743
1774
1743
1790
1783
1818
1771
1796
1778
1813
1806
1812
1801
1824
1832
1832
1845
1830
1853
1858
1883
1863
1886
1883
1927
1908
1937
1911
1955
1954
1987
1977
1983
1977
1988
1997
1997
1993
1985
1988
1975
2008
1964
1987
1975
2012
1982
2013
1985
1999
2013
2024
2003
1992
1997
1997
2018
1986
1998
1996
2029
1996
2008
1987
2019
2001
2035
1992
2011
1998
2047
2041
2036
2018
2025
2043
2058
2036
2038
2051
2042
2087
2049
2075
2050
2095
2065
2106
2055
2089
2063
2109
2070
2101
2069
2087
2086
2088
2076
2076
2088
2099
2086
2068
2094
2068
2117
2074
2102
2062
2111
2082
2129
2075
2103
2074
2118
2076
2107
2085
2074
2078
2094
2087
2076
2080
2102
2111
2076
2101
2059
2111
2079
2107
2062
2107
2074
2110
2049
2065
2013
2061
2024
2016
1983
1950
1955
1958
1938
1907
1905
1869
1912
1876
1871
1826
1873
1860
1874
1853
1878
1859
1882
1845
1860
1832
1855
1852
1843
1835
1819
1829
1836
1835
1818
1835
1810
1847
1829
1844
1824
1853
1841
1845
1835
1834
1823
1840
1847
1848
1848
1841
1875
1857
1893
1885
1917
1911
1951
1939
1956
1941
1978
1982
2005
1994
2012
2017
2029
2050
2043
2055
2059
2093
2082
2110
2073
2106
2097
2128
2095
2117
2081
2128
2115
2129
2087
2114
2102
2133
2090
2091
2095
2096
2108
2082
2091
2073
2102
2060
2100
2039
2071
2042
2105
2052
2087
2057
2089
2075
2109
2080
2092
2084
2123
2121
2091
2109
2099
2129
2116
2125
2106
2127
2103
2141
2089
2132
2103
2162
2109
2143
2124
2142
2129
2158
2124
2132
2119
2119
2131
2100
2109
2087
2110
2083
2110
2094
2083
2090
2076
2081
2079
2093
2070
2093
2056
2074
2029
2031
1980
1975
1946
1941
1908
1873
1839
1840
1826
1810
1785
1778
1796
1802
1825
1807
1815
1825
1854
1854
1867
1835
1862
1864
1890
1859
1875
1858
1885
1912
1893
1891
1890
1907
1888
1902
1862
1889
1874
1907
1864
1899
1871
1908
1894
1900
1879
1897
1902
1916
1905
1905
1925
1910
1941
1918
1939
1913
1961
1931
1980
1941
1984
1964
2029
1991
2023
1998
2033
2027
2029
2020
2025
2031
2048
2045
2010
2023
1985
2035
1998
2014
1969
2000
1972
2029
1981
2017
1967
2021
1990
2006
1995
1980
2000
2016
2015
1992
1987
1972
2038
1996
2023
1981
2040
2006
2043
2028
2047
2011
2061
2022
2030
1991
2030
2015
2017
2000
2001
2009
2020
2009
1975
1967
1913
1945
1903
1918
1866
1888
1847
1851
1815
1806
1748
1761
1726
1716
1654
1623
1598
1583
1574
1522
1498
1479
1492
1451
1465
1435
1461
1448
1450
1439
1455
1434
1459
1467
1461
1451
1465
1490
1496
1526
1519
1551
1572
1624
1614
1651
1655
1714
1717
1747
1743
1775
1792
1811
1794
1805
1805
1812
1837
1817
1823
1824
1859
1842
1870
1819
1842
1816
1862
1817
1851
1829
1844
1825
1844
1803
1807
1789
1807
1805
1781
1791
1781
1831
1814
1839
1815
1854
1840
1894
1857
1901
1875
1931
1880
1927
1897
1906
1891
1907
1879
1897
1879
1879
1902
1866
1876
1851
1894
1872
1878
1853
1896
1857
1904
1858
1893
1852
1902
1896
1923
1889
1883
1870
1901
1876
1879
1862
1841
1875
1843
1850
1813
1858
1838
1880
1839
1863
1839
1889
1871
1903
1884
1915
1938
1964
1955
1970
1988
2020
2018
2016
2028
2013
2052
2032
2049
2020
2048
2019
2050
2014
2030
2000
2029
2015
2019
2012
2005
2015
2015
2031
2020
2025
2029
2042
2018
2029
1987
2008
1983
1987
1955
1963
5835
2149
2152
2155
2165
2162
2154
2155
2166
2173
2172
2177
2178
2177
2181
2181
2178
2181
2182
2174
2174
2181
2181
2183
2176
2167
2161
2172
2176
2180
2168
2181
2168
2168
2155
2159
2146
2143
2149
2143
2135
2128
2117
2123
2115
2112
2115
2114
2118
2112
2116
2111
2112
2120
2114
2113
2120
2127
2122
2127
2125
2120
2123
2130
2135
2139
2145
2156
2160
2159
2156
2155
2170
2171
2163
2162
2176
2179
2187
2187
2193
2200
2189
2194
2191
2203
2200
2199
2201
2200
2200
2196
2208
2201
2198
2199
2201
2195
2190
2190
2191
2194
2190
2195
2195
2198
2207
2214
2220
2219
2218
2213
2227
2221
2222
2224
2227
2220
2216
2220
2225
2230
2225
2223
2221
2219
2227
2233
2224
2220
2223
2226
2225
2222
2218
2219
2218
2224
2228
2222
2221
2223
2226
2219
2210
2211
2211
2220
2201
2195
2180
2181
2180
2187
2186
2179
2180
2191
2188
2190
2187
2188
2189
2190
2186
2188
2193
2195
2194
2185
2194
2187
2187
2196
2195
2193
2196
2198
2193
2191
2196
2184
2185
2185
2182
2181
2188
2181
2187
2180
2179
2174
2170
2172
2163
2158
2162
2162
2158
2157
2158
2148
2143
2150
2154
2146
2144
2145
2131
2129
2122
2115
2116
2110
2101
2089
2083
2076
2080
2085
2083
2074
2059
2055
2056
2046
2027
2015
2013
2004
1999
1989
1973
1969
1961
1957
1950
1948
1952
1955
1944
1944
1940
1955
1966
1964
1973
1977
1976
1979
1985
1984
1987
1986
1994
2002
2010
2019
2023
2028
2036
2034
2039
2040
2045
2044
2054
2063
2068
2065
2072
2064
2070
2086
2089
2101
2110
2100
2102
2105
2116
2114
2112
2116
2126
2115
2117
2109
2111
2110
2109
2103
2099
2094
2085
2078
2061
2051
2056
2038
2027
2013
2006
2000
1980
1978
1966
1967
1959
1953
1943
1950
1950
1954
1947
1957
1954
1950
1951
1961
1962
1961
1955
1954
1956
1951
1953
1957
1951
1949
1951
1940
1945
1949
1951
1953
1963
1956
1959
1954
1951
1955
1971
1967
1980
1991
1996
1996
2002
2022
2022
2028
2032
2046
2050
2046
2045
2054
2053
2052
2063
2062
2070
2066
2070
2065
2074
2073
2073
2078
2085
2087
2093
2089
2092
2091
2092
2104
2108
2096
2107
2111
2108
2108
2102
2100
2107
2103
2108
2099
2103
2091
2098
2094
2088
2080
2063
2065
2045
2031
2014
2010
2001
2000
1994
1986
1971
1976
1963
1962
1958
1975
1966
1977
1975
1972
1984
1989
1981
1981
1992
1997
1999
1997
2003
1998
1997
1999
2007
2001
2003
1990
1997
1987
1982
1980
1972
1955
1972
1970
1957
1951
1958
1955
1957
1946
1948
1961
1965
1948
1945
1947
1946
1929
1921
1919
1913
1901
1895
1899
1891
1881
1881
1890
1889
1889
1890
1909
1911
1912
1905
1910
1917
1919
1917
1916
1923
1931
1934
1945
1953
1953
1944
1960
1952
1943
1944
1957
1953
1946
1947
1946
1951
1962
1956
1958
1955
1960
1966
1971
1972
1975
1982
1989
1995
2010
2012
2023
2025
2016
2015
2032
2051
2060
2053
2062
2068
2074
2076
2077
2076
2072
2082
2073
2083
2069
2069
2069
2055
2040
2034
2040
2044
2030
2026
2025
2031
2037
2031
2029
2030
2036
2041
2045
2053
2049
2054
2065
2051
2054
2064
2071
2066
2062
2050
2058
2064
2059
2043
2043
2034
2034
2038
2028
2027
2029
2026
2033
2024
2024
2012
2016
2008
2001
2001
2010
2003
2003
2002
1996
1994
1987
1983
1986
2002
1998
1992
1986
1995
1997
2005
1989
1994
1983
1995
1990
1987
1976
1973
1959
1948
1942
1949
1949
1946
1945
1952
1955
1956
1950
1960
1962
1959
1963
1963
1968
1973
1975
1982
1974
1990
1984
1989
1991
2002
2003
2000
2003
2014
2018
2013
2004
2003
1999
1988
1995
1985
1983
1987
1987
1979
1975
1981
1982
1983
1973
1970
1969
1965
1963
1956
1960
1968
1963
1960
1943
1943
1951
1951
1950
1947
1941
1946
1948
1950
1954
1959
1950
1958
1960
1966
1965
1974
1979
1990
2000
2005
2004
2006
2007
2008
2006
2023
2031
2028
2029
2031
2039
2034
2038
2051
2051
2050
2055
2046
2046
2051
2062
2063
2071
2067
2063
2065
2071
2073
2080
2075
2078
2072
2072
2057
2069
2060
2056
2046
2039
2020
2001
1999
1993
1984
1984
1958
1946
1933
1918
1907
1907
1901
1880
1863
1850
1855
1835
1832
1821
1817
1821
1823
1827
1831
1827
1838
1840
1836
1842
1848
1860
1876
1889
1896
1907
1916
1931
1942
1961
1967
1987
1988
1999
2005
2022
2026
2034
2045
2054
2046
2066
2064
2067
2076
2094
2095
2097
2101
2104
2118
2112
2112
2121
2128
2122
2130
2134
2143
2137
2147
2143
2148
2145
2155
2144
2139
2141
2143
2157
2158
2149
2139
2147
2145
2147
2151
2145
2150
2150
2151
2143
2159
2161
2155
2145
2146
2150
2158
2160
2171
2173
2178
2179
2182
2181
2189
2184
2183
2174
2170
2171
2170
2178
2178
2179
2169
2168
2163
2166
2163
2158
2161
2167
2173
2176
2176
2186
2180
2179
2183
2178
2182
2177
2181
2184
2189
2183
2173
2171
2171
2175
2172
2164
2161
2157
2149
2139
2136
2133
2134
2134
2136
2125
2124
2114
2122
2114
2107
2098
2109
2102
2099
2100
2102
2094
2094
2092
2087
2090
2094
2093
2082
2063
2064
2074
2071
2074
2063
2060
2057
2050
2054
2045
2041
2038
2034
2036
2033
2040
2044
2045
2045
2048
2043
2049
2054
2047
2049
2058
2064
2061
2070
2078
2072
2064
2073
2075
2077
2074
2081
2093
2096
2083
2087
2087
2090
2073
2070
2069
2080
2068
2064
2062
2059
2062
2066
2059
2058
2051
2052
2062
2067
2063
2066
2085
2093
2092
2097
2104
2111
2104
2099
2092
2098
2097
2091
2080
2079
2076
2076
2066
2057
2043
2043
2051
2050
2061
2046
2053
2053
2062
2062
2070
2065
2066
2076
2067
2065
2072
2068
2063
2063
2060
2061
2046
2052
2053
2061
2060
2065
2055
2064
2067
2058
2054
2059
2056
2063
2051
2060
2055
2064
2061
2056
2059
2062
2057
2051
2046
2046
2039
2048
2046
2039
2038
2031
2033
2038
2043
2039
2050
2064
2066
2061
2070
2074
2069
2073
2070
2065
2065
2056
2053
2042
2040
2037
2027
2025
2009
2008
1994
1990
1985
1985
1981
1968
1957
1952
1947
1942
1943
1938
1936
1932
1931
1938
1945
1951
1959
1971
1997
2000
2012
2013
2028
2024
2029
2030
2037
2041
2049
2037
2050
2053
2049
2039
2042
2036
2031
2024
2013
1990
1976
1970
1955
1948
1931
1912
1905
1885
1869
1842
1825
1805
1796
1785
1774
1761
1748
1747
1773
1768
1787
1792
1803
1813
1812
1825
1841
1849
1838
1838
1833
1842
1837
1841
1855
1869
1875
1885
1896
1906
1901
1911
1927
1935
1943
1955
1998
1998
1996
2005
2023
2027
2016
2011
2018
2025
2039
2045
2035
2035
2040
2059
2068
2074
2072
2089
2095
2091
2089
2091
2084
2095
2096
2103
2095
2093
2084
2078
2080
2078
2077
2069
2067
2063
2061
2060
2067
2066
2061
2063
2067
2068
2059
2064
2060
2074
2078
2075
2085
2089
2091
2084
2082
2085
2093
2090
2084
2081
2092
2095
2107
2102
2094
2100
2111
2111
2119
2116
2122
2132
2133
2132
2147
2152
2153
2150
2147
2143
2156
2169
2172
2167
2164
2174
2182
2189
2187
2185
2191
2192
2195
2193
2194
2196
2194
2191
2190
2192
2179
2182
2188
2200
2199
2196
2196
2206
2195
2205
2209
2210
2215
2212
2221
2222
2238
2239
2243
2234
2232
2235
2250
2250
2251
2236
2251
2255
2256
2249
2247
2250
2248
2255
2248
2257
2249
2252
2254
2245
2248
2248
2249
2246
2235
2224
2216
2216
2208
2206
2196
2201
2194
2189
2177
2179
2179
2172
2166
2169
2166
2160
2159
2161
2162
2155
2153
2152
2157
2164
2167
2167
2167
2167
2163
2166
2170
2168
2176
2177
2173
2182
2189
2187
2192
2184
2189
2191
2198
2193
2192
2192
2194
2200
2203
2212
2214
2209
2215
2216
2214
2208
2213
2216
2218
2224
2225
2223
2236
2229
2230
2235
2232
2241
2240
2245
2249
2244
2250
2246
2247
2250
2250
2252
2258
2256
2253
2266
2265
2256
2252
2251
2251
2263
2262
2259
2261
2256
2267
2276
2274
2268
2267
2263
2267
2268
2265
2260
2264
2263
2273
2270
2277
2259
2269
2265
2264
2263
2271
2262
2264
2261
2260
2251
2256
2252
2250
2250
2234
2235
2241
2242
2241
2230
2221
2227
2222
2213
2201
2208
2200
2199
2184
2186
2175
2174
2169
2166
2155
2146
2153
2151
2143
2134
2133
2126
2122
2119
2120
2112
2112
2109
2105
2106
2107
2097
2104
2107
2102
2099
2094
2092
2087
2088
2091
2094
2091
2089
2084
2085
2094
2092
2088
2075
2061
2059
2059
2066
2067
2053
2042
2041
2041
2039
2041
2037
2034
2025
2028
2031
2034
2027
2028
2029
2021
2027
2037
2040
2043
2046
2046
2051
2054
2057
2059
2064
2063
2075
2069
2063
2061
2061
2062
2065
2060
2053
2055
2054
2048
2055
2054
2055
2051
2046
2045
2062
2058
2060
2051
2054
2054
2054
2059
2073
2082
2071
2067
2069
2083
2082
2077
2078
2084
2079
2080
2077
2077
2083
2087
2093
2099
2103
2103
2119
2117
2121
2120
2123
2128
2133
2128
2129
2146
2136
2135
2143
2139
2143
2154
2144
2150
2149
2160
2159
2164
2172
2164
2152
2157
2156
2162
2165
2172
2166
2165
2170
2176
2178
2172
2172
2170
2179
2188
2190
2190
2182
2187
2193
2194
2197
2207
2214
2200
2197
2202
2200
2194
2194
2182
2175
2169
2167
2166
2176
2174
2163
2159
2154
2151
2146
2145
2155
2145
2144
2143
2139
2144
2145
2139
2135
2130
2124
2123
2128
2132
2134
2143
2138
2148
2137
2145
2147
2148
2155
2163
2163
2158
2157
2163
2165
2170
2176
2176
2169
2172
2171
2168
2157
2154
2152
2149
2145
2153
2148
2144
2149
2151
2154
2142
2144
2141
2149
2148
2148
2146
2134
2137
2135
2126
2126
2120
2130
2120
2126
2129
2120
2111
2105
2100
2099
2094
2100
2093
2098
2094
2078
2073
2072
2077
2057
2056
2065
2056
2054
2056
2054
2049
2043
2052
2046
2037
2043
2046
2040
2047
2040
2043
2043
2055
2047
2060
2048
2053
2059
2066
2065
2077
2076
2073
2080
2088
2075
2061
2074
2072
2062
2059
2066
2059
2050
2043
2053
2044
2049
2042
2038
2044
2046
2040
2040
2042
2042
2034
2031
2025
2018
2028
2030
2038
2038
2032
2032
2046
2037
2037
2036
2029
2040
2031
2024
2025
2024
2020
2025
2021
2017
2011
2016
2009
2003
2003
2004
2016
2016
2020
2020
2024
2028
2029
2027
2030
2020
2031
2022
2013
2006
2008
2006
2004
1997
1987
1987
1996
1988
1987
1983
1988
1990
1990
2000
2008
2010
2006
2013
2019
2033
2047
2050
2056
2065
2066
2071
2071
2079
2088
2098
2097
2096
2102
2107
2112
2112
2112
2119
2119
2110
2120
2118
2110
2110
2108
2109
2108
2114
2107
2094
2082
2086
2068
2059
2051
2038
2027
2003
2007
1995
1968
1960
1950
1939
1942
1925
1923
1924
1924
1937
1930
1936
1938
1947
1952
1952
1956
1965
1974
1971
1985
1984
1988
1991
1982
1969
1967
1973
1975
1973
1962
1958
1959
1963
1957
1956
1970
1963
1961
1944
1943
1943
1948
1949
1945
1947
1942
1947
1951
1963
1966
1975
1970
1973
1979
1990
1994
1992
1994
1998
1988
1991
1995
1991
1999
2009
2012
2016
2015
2022
2026
2031
2025
2028
2021
2012
2008
2011
2011
2006
1991
1983
1980
1975
1977
1972
1966
1948
1967
1959
1951
1947
1939
1951
1954
1950
1947
1959
1959
1971
1973
1975
1976
1991
2004
2005
2020
2017
2027
2038
2039
2050
2045
2032
2041
2040
2039
2050
2045
2034
2039
2038
2034
2033
2040
2035
2048
2042
2057
2053
2050
2046
2052
2044
2051
2047
2054
2052
2056
2050
2059
2066
2066
2068
2064
2076
2071
2073
2075
2089
2083
2091
2087
2094
2089
2096
2093
2098
2095
2097
2104
2111
2110
2110
2110
2107
2112
2116
2121
2119
2128
2125
2133
2135
2120
2129
2127
2125
2124
2123
2125
2119
2117
2116
2107
2112
2120
2100
2102
2103
2106
2099
2107
2119
2113
2113
2132
2137
2145
2148
2145
2149
2144
2134
2137
2135
2138
2138
2132
2125
2125
2129
2123
2127
2115
2106
2114
2120
2134
2132
2131
2133
2138
2138
2154
2149
2139
2144
2151
2155
2150
2156
2155
2169
2176
2174
2176
2178
2170
2176
2189
2194
2196
2186
2195
2199
2202
2202
2207
2202
2186
2190
2202
2207
2205
2206
2208
2211
2210
2204
2203
2200
2203
2206
2212
2204
2195
2201
2203
2205
2194
2190
2190
2200
2188
2202
2204
2203
2199
2195
2199
2188
2180
2190
2186
2200
2201
2202
2187
2189
2184
2169
2173
2174
2177
2174
2182
2184
2185
2192
2189
2191
2196
2192
2195
2187
2188
2196
2193
2187
2190
2188
2181
2170
2151
2147
2148
2141
2132
2129
2123
2117
2112
2111
2100
2098
2085
2093
2083
2088
2083
2072
2067
2074
2072
2067
2061
2049
2035
2028
2031
2028
2030
2006
2004
2000
1988
1985
1977
1976
1963
1950
1941
1937
1920
1911
1907
1901
1886
1874
1877
1865
1865
1865
1863
1861
1854
1854
1856
1866
1864
1865
1876
1887
1900
1903
1909
1919
1920
1926
1929
1939
1946
1944
1944
1946
1954
1947
1951
1946
1945
1949
1952
1946
1954
1976
1975
1977
1981
1976
1986
1984
1990
1992
1990
1996
1992
1997
2009
2011
2019
2026
2030
2025
2038
2042
2042
2040
2043
2041
2050
2055
2042
2039
2043
2026
2020
2003
2000
2001
1995
1991
2001
1994
1997
1993
2003
1997
2003
2007
2010
2003
1994
2005
2007
2014
2004
2018
2025
2024
2015
2022
2035
2041
2052
2058
2069
2078
2076
2081
2085
2091
2094
2095
2094
2102
2103
2119
2123
2126
2132
2127
2128
2136
2139
2134
2137
2141
2128
2119
2118
2110
2114
2097
2090
2081
2074
2067
2059
2051
2040
2035
2036
2032
2037
2019
2014
2028
2018
2012
2014
2026
2023
2017
2008
2007
2006
2021
2025
2019
2016
2012
2020
2022
2029
2024
2026
2036
2035
2040
2035
2031
2039
2041
2047
2038
2035
2033
2029
2026
2014
2011
2003
2006
2009
2009
1997
1996
1982
1968
1973
1956
1936
1925
1916
1907
1892
1875
1858
1854
1854
1850
1843
1846
1848
1851
1858
1862
1873
1884
1898
1891
1906
1905
1921
1920
1928
1938
1944
1952
1949
1954
1957
1966
1985
1981
1979
1976
1977
1992
1989
1992
1996
1997
1992
2001
2003
2001
2011
2020
2017
2004
2005
2012
2017
2024
2024
2029
2042
2033
2037
2027
2018
2016
2020
2003
1995
1971
1968
1957
1943
1937
1928
1926
1926
1918
1913
1911
1906
1911
1917
1911
1914
1918
1901
1902
1904
1896
1882
1877
1872
1859
1851
1847
1845
1846
1852
1854
1866
1863
1866
1879
1889
1903
1907
1909
1917
1923
1936
1943
1948
1951
1947
1956
1969
1977
1973
1977
1982
1996
2004
2020
2015
2020
2021
2023
2025
2030
2028
2030
2027
2034
2025
2020
2016
2035
2035
2042
2038
2048
2046
2041
2035
2024
2020
2011
2014
1999
1988
1974
1964
1966
1965
1945
1930
1909
1892
1891
1879
1868
1852
1839
1837
1834
1833
1825
1825
1829
1835
1835
1824
1826
1824
1834
1835
1839
1829
1831
1839
1831
1832
1834
1826
1815
1803
1799
1793
1791
1777
1771
1767
1754
1749
1741
1742
1744
1735
1736
1739
1744
1750
1748
1776
1785
1789
1795
1803
1833
1847
1852
1917
1920
1937
1957
1966
1955
1956
1968
1985
1988
1979
1971
1957
1967
1959
1967
1967
1964
1953
1956
1948
1960
1958
1963
1946
1942
1947
1959
1958
1954
1942
1934
1947
1951
1959
1948
1941
1944
1941
1941
1940
1957
1953
1949
1942
1939
1944
1935
1937
1938
1931
1912
1915
1920
1926
1924
1935
1937
1939
1942
1942
1945
1955
1958
1964
1963
1965
1975
1979
1987
1989
1990
1984
1979
1983
1987
1976
1972
1967
1969
1973
1970
1960
1953
1934
1947
1945
1949
1948
1953
1952
1942
1943
1941
1944
1947
1953
1960
1973
1973
1981
1976
1984
1990
2006
2002
1993
1996
1998
2011
2030
2021
2024
2025
2025
2035
2039
2039
2036
2034
2037
2033
2030
2032
2031
2040
2039
2044
2053
2052
2058
2066
2068
2073
2087
2086
2086
2075
2083
2085
2077
2077
2077
2082
2081
2085
2084
2077
2076
2075
2078
2078
2075
2078
2077
2084
2065
2056
2052
2038
2022
2016
2008
1995
1982
1971
1965
1959
1952
1940
1941
1933
1921
1920
1925
1920
1916
1911
1915
1918
1910
1916
1917
1922
1924
1929
1946
1952
1959
1966
1976
1978
1972
1975
1983
1982
1976
1981
1977
1974
1980
1990
1995
2004
2014
2023
2018
2027
2031
2033
2028
2034
2039
2055
2050
2044
2037
2040
2027
2017
2004
2005
2003
1993
1976
1972
1969
1958
1944
1941
1939
1929
1928
1926
1923
1918
1926
1915
1917
1922
1928
1936
1937
1939
1943
1941
1947
1957
1969
1970
1975
1980
1995
1992
1996
2001
2006
2000
2000
1997
1995
1993
1988
1986
1992
1983
1977
1976
1974
1979
1991
1983
1987
1984
1984
1984
1991
1991
1988
1994
1989
1991
1991
2002
1989
1998
2006
2011
2014
2005
2006
2014
2017
2012
2016
2022
2029
2027
2026
2036
2034
2036
2042
2034
2028
2022
2019
2020
2016
2001
1999
2003
2014
2022
2034
2034
2033
2025
2033
2033
2042
2044
2033
2032
2029
2031
2031
2024
2019
2018
2019
2029
2027
2037
2035
2044
2041
2045
2049
2043
2040
2053
2057
2067
2067
2074
2067
2060
2063
2057
2050
2052
2057
2049
2042
2039
2039
2028
2032
2039
2037
2034
2037
2035
2029
2032
2037
2031
2034
2023
2028
2027
2040
2039
2043
2030
2024
2023
2026
2017
2022
2016
2012
2025
2019
2026
2021
2027
2037
2042
2043
2045
2034
2039
2030
2028
2032
2032
2021
2018
2023
2025
2021
2014
2031
2026
2022
2027
2034
2033
2023
2030
2026
2018
2021
2017
2016
2014
2026
2029
2028
2032
2042
2046
2051
2051
2065
2060
2067
2073
2078
2078
2077
2079
2069
2070
2068
2064
2059
2048
2041
2036
2041
2040
2039
2026
2027
2026
2039
2036
2029
2026
2022
2023
2026
2040
2045
2052
2046
2050
2059
2058
2058
2064
2068
2058
2059
2058
2049
2054
2059
2061
2066
2085
2087
2085
2084
2085
2083
2102
2112
2114
2112
2110
2113
2112
2124
2131
2126
2121
2127
2129
2131
2134
2143
2136
2136
2146
2152
2154
2161
2155
2170
2172
2181
2190
2184
2184
2183
2185
2196
2209
2211
2206
2205
2219
2225
2219
2223
2223
2221
2237
2241
2233
2233
2243
2251
2257
2253
2257
2261
2268
2266
2259
2257
2254
2256
2254
2252
2263
2266
2258
2259
2259
2252
2252
2253
2261
2259
2260
2267
2259
2256
2253
2258
2258
2258
2264
2259
2262
2257
2251
2254
2258
2257
2258
2255
2245
2238
2240
2243
2235
2230
2226
2222
2210
2203
2200
2190
2190
2177
2177
2170
2176
2171
2160
2144
2152
2145
2155
2156
2151
2144
2142
2132
2135
2125
2120
2105
2099
2095
2088
2095
2094
2092
2088
2082
2099
2112
2113
2113
2114
2124
2140
2146
2145
2153
2164
2166
2175
2174
2164
2187
2191
2194
2192
2194
2189
2199
2200
2192
2194
2203
2189
2187
2191
2188
2176
2176
2178
2164
2151
2155
2142
2137
2132
2131
2124
2106
2103
2093
2092
2093
2089
2079
2081
2069
2075
2057
2051
2043
2042
2031
2028
2019
2016
2021
2009
1996
1998
2000
2008
2015
2015
2008
2012
1997
1987
1995
1989
1993
1995
1996
1993
1997
1995
2008
2004
2008
2010
2009
2009
2015
2023
2024
2022
2024
2019
2028
2030
2034
2043
2051
2047
2046
2051
2040
2044
2049
2043
2052
2052
2052
2055
2056
2052
2052
2057
2056
2071
2077
2079
2088
2085
2087
2094
2094
2102
2101
2112
2115
2123
2115
2128
2132
2135
2146
2145
2159
2164
2153
2161
2163
2163
2155
2162
2159
2158
2165
2173
2173
2167
2167
2168
2169
2157
2167
2172
2174
2163
2161
2166
2177
2181
2178
2181
2191
2187
2192
2197
2202
2209
2207
2206
2205
2217
2227
2225
2230
2227
2220
2228
2231
2236
2230
2235
2226
2229
2225
2225
2230
2222
2220
2221
2226
2206
2196
2190
2189
2184
2173
2172
2163
2168
2160
2146
2136
2136
2144
2142
2143
2138
2134
2140
2150
2151
2153
2160
2163
2172
2171
2171
2172
2173
2177
2182
2184
2189
2181
2182
2186
2183
2193
2191
2195
2188
2195
2207
2204
2200
2195
2198
2208
2217
2215
2215
2218
2225
2228
2230
2237
2226
2232
2232
2233
2242
2239
2240
2244
2250
2251
2247
2252
2260
2251
2247
2251
2251
2254
2254
2253
2259
2255
2255
2270
2268
2256
2255
2258
2248
2256
2252
2257
2262
2262
2256
2263
2260
2267
2257
2256
2254
2266
2266
2267
2266
2263
2270
2267
2267
2263
2268
2257
2260
2258
2263
2267
2269
2257
2261
2265
2266
2268
2272
2266
2274
2272
2262
2261
2272
2276
2271
2267
2271
2275
2276
2280
2281
2278
2274
2270
2279
2278
2274
2266
2263
2278
2288
2271
2263
2271
2268
2251
2255
2260
2263
2263
2266
2266
2266
2263
2267
2259
2262
2263
2270
2265
2260
2263
2257
2250
2256
2269
2257
2255
2260
2265
2258
2251
2252
2243
2254
2250
2252
2256
2258
2259
2245
2253
2256
2252
2256
2262
2264
2255
2253
2260
2266
2263
2259
2261
2270
2270
2268
2266
2270
2263
2268
2263
2264
2267
2275
2273
2283
2276
2268
2276
2267
2265
2267
2282
2277
2271
2266
2267
2262
2270
2255
2265
2260
2258
2245
2249
2252
2248
2239
2239
2242
2236
2231
2230
2226
2227
2224
2231
2230
2225
2220
2207
2209
2215
2219
2199
2200
2187
2183
2176
2176
2173
2173
2163
2163
2160
2141
2132
2131
2138
2125
2127
2119
2115
2110
2101
2084
2075
2055
2049
2032
2020
2000
1979
1951
1937
1920
1893
1873
1847
1830
1820
1805
1793
1787
1767
1758
1743
1747
1739
1730
1721
1729
1723
1725
1717
1726
1729
1738
1747
1744
1747
1756
1764
1772
1788
1789
1791
1799
1797
1795
1790
1793
1802
1790
1791
1792
1801
1797
1791
1797
1800
1810
1809
1812
1822
1829
1837
1832
1847
1859
1866
1870
1876
1881
1876
1890
1907
1927
1935
1937
1931
1943
1957
1961
1974
1987
1985
1998
2010
2016
2020
2023
2042
2042
2049
2049
2062
2063
2066
2079
2090
2094
2085
2094
2102
2110
2108
2110
2122
2124
2117
2120
2122
2134
2136
2137
2134
2142
2140
2146
2153
2152
2157
2155
2155
2160
2167
2178
2187
2169
2174
2178
2182
2185
2188
2193
2189
2185
2187
2193
2193
2189
2198
2196
2194
2194
2191
2194
2192
2199
2198
2195
2193
2195
2186
2196
2202
2198
2200
2197
2193
2197
2195
2193
2187
2188
2173
2178
2174
2165
2153
2155
2143
2142
2141
2148
2145
2135
2129
2130
2124
2131
2146
2144
2135
2136
2147
2142
2138
2147
2150
2151
2162
2162
2158
2157
2167
2180
2181
2174
2181
2179
2182
2183
2189
2190
2184
2183
2196
2205
2203
2202
2194
2193
2196
2195
2187
2203
2204
2206
2199
2198
2195
2194
2208
2204
2207
2200
2193
2194
2209
2209
2204
2193
2188
2191
2185
2193
2190
2179
2171
2164
2162
2149
2152
2152
2142
2139
2140
2146
2138
2135
2136
2141
2147
2155
2165
2155
2160
2171
2170
2162
2173
2170
2185
2193
2190
2182
2183
2190
2191
2183
2195
2183
2185
2183
2193
2188
2187
2181
2190
2181
2178
2167
2173
2176
2171
2173
2170
2167
2160
2164
2154
2153
2143
2139
2128
2135
2128
2117
2103
2106
2090
2085
2062
2051
2038
2035
2028
2022
2010
1995
1987
1969
1957
1939
1933
1928
1927
1917
1923
1917
1918
1903
1912
1926
1916
1915
1913
1912
1918
1914
1913
1923
1922
1921
1927
1933
1929
1928
1938
1941
1938
1949
1969
1966
1979
1978
1979
1986
1988
1987
1988
2005
2010
1998
2008
2017
2013
2013
2018
2024
2032
2037
2040
2050
2054
2062
2056
2063
2062
2068
2081
2077
2069
2080
2088
2081
2081
2073
2079
2084
2086
2100
2098
2097
2094
2108
2113
2125
2119
2127
2132
2132
2146
2145
2143
2143
2152
2157
2170
2163
2174
2196
2190
2181
2171
2165
2177
2186
2187
2183
2178
2190
2183
2189
2188
2188
2189
2191
2196
2200
2207
2207
2205
2213
2202
2199
2210
2213
2221
2219
2223
2220
2229
2233
2236
2235
2248
2240
2231
2237
2240
2236
2241
2233
2234
2239
2241
2243
2248
2239
2243
2240
2244
2232
2235
2238
2232
2234
2235
2238
2234
2232
2232
2232
2227
2230
2228
2222
2212
2210
2212
2219
2215
2210
2207
2208
2202
2208
2184
2185
2179
2187
2160
2154
2139
2140
2125
2114
2098
2089
2079
2083
2083
2079
2082
2087
2080
2075
2072
2079
2089
2089
2095
2085
2086
2087
2098
2099
2096
2103
2111
2099
2096
2093
2105
2101
2095
2087
2075
2074
2075
2073
2074
2072
2068
2069
2067
2060
2064
2061
2063
2051
2058
2066
2055
2057
2055
2064
2066
2078
2071
2067
2078
2079
2077
2084
2078
2084
2083
2083
2078
2075
2072
2077
2083
2077
2080
2088
2096
2091
2091
2081
2087
2096
2101
2093
2086
2091
2099
2100
2094
2102
2108
2102
2112
2111
2088
2097
2101
2116
2112
2116
2103
2109
2110
2109
2105
2110
2109
2096
2082
2082
2071
2061
2050
2033
2013
1990
1984
1968
1957
1947
1940
1938
1924
1918
1917
1908
1893
1896
1897
1898
1889
1880
1876
1877
1875
1868
1868
1869
1867
1859
1864
1866
1863
1860
1864
1870
1863
1865
1866
1873
1871
1878
1883
1890
1891
1895
1915
1917
1924
1926
1935
1947
1954
1960
1965
1972
1986
1988
1991
1995
1989
2000
2008
2011
2014
2019
2029
2028
2033
2030
2041
2044
2040
2046
2066
2066
2056
2051
2071
2075
2069
2071
2078
2086
2079
2092
2091
2102
2101
2096
2106
2107
2107
2109
2112
2123
2131
2131
2139
2148
2148
2158
2159
2156
2160
2164
2168
2178
2178
2178
2179
2184
2180
2183
2193
2200
2195
2191
2203
2213
2208
2209
2199
2212
2204
2205
2206
2204
2202
2201
2200
2207
2212
2208
2190
2191
2191
2184
2178
2174
2180
2167
2152
2141
2124
2111
2090
2075
2059
2044
2034
2019
2001
1997
1987
1975
1967
1958
1943
1933
1938
1942
1936
1925
1930
1925
1918
1924
1935
1938
1932
1935
1940
1940
1941
1944
1946
1937
1935
1948
1954
1955
1957
1960
1958
1956
1962
1963
1972
1969
1970
1979
1975
1975
1984
1979
1983
1989
1991
1990
1981
2000
1996
2000
1999
2011
2015
2026
2019
2029
2031
2030
2034
2036
2040
2039
2050
2054
2056
2054
2058
2063
2063
2067
2069
2067
2087
2086
2086
2081
2093
2097
2094
2096
2093
2095
2104
2112
2111
2115
2109
2105
2114
2116
2112
2116
2120
2126
2122
2122
2114
2133
2133
2132
2128
2131
2120
2135
2137
2145
2138
2149
2142
2146
2143
2142
2145
2145
2149
2154
2149
2148
2151
2151
2153
2147
2162
2154
2162
2158
2165
2165
2165
2158
2164
2167
2179
2173
2182
2178
2180
2174
2182
2183
2175
2168
2181
2182
2174
2175
2167
2165
2161
2163
2159
2154
2146
2159
2152
2151
2142
2148
2148
2153
2146
2145
2136
2141
2150
2149
2152
2152
2147
2150
2149
2145
2150
2155
2148
2151
2146
2140
2132
2133
2148
2159
2146
2142
2137
2132
2137
2136
2131
2121
2121
2106
2107
2101
2085
2083
2087
2086
2091
2084
2078
2078
2081
2080
2095
2085
2090
2081
2087
2082
2080
2073
2080
2077
2075
2078
2073
2067
2066
2052
2046
2052
2053
2049
2055
2058
2066
2065
2069
2063
2059
2056
2060
2068
2062
2057
2047
2056
2053
2053
2060
2057
2048
2050
2059
2064
2061
2071
2072
2071
2063
2058
2067
2065
2059
2064
2060
2058
2060
2059
2064
2071
2070
2063
2067
2070
2074
2082
2094
2098
2101
2102
2105
2096
2105
2108
2114
2112
2117
2122
2124
2127
2124
2121
2119
2124
2115
2108
2115
2118
2106
2103
2111
2121
2099
2099
2095
2100
2097
2089
2089
2077
2074
2069
2075
2068
2063
2056
2056
2052
2039
2039
2038
2046
2032
2030
2028
2012
2006
1994
1980
1988
1971
1967
1959
1952
1948
1934
1923
1924
1927
1928
1928
1923
1915
1919
1931
1937
1941
1948
1947
1941
1937
1936
1937
1924
1908
1887
1875
1854
1833
1815
1810
1805
1795
1778
1779
1769
1769
1767
1764
1766
1765
1773
1772
1781
1771
1777
1783
1790
1791
1798
1782
1792
1797
1809
1809
1811
1811
1810
1819
1833
1837
1845
1850
1854
1861
1876
1885
1895
1907
1923
1926
1938
1952
1952
1945
1939
1949
1951
1954
1950
1943
1942
1953
1940
1932
1921
1930
1926
1923
1917
1908
1918
1914
1923
1909
1910
1911
1901
1897
1906
1898
1895
1888
1886
1876
1870
1856
1846
1839
1822
1807
1795
1779
1770
1769
1747
1729
1720
1723
1716
1712
1718
1724
1726
1729
1738
1743
1750
1763
1781
1783
1785
1784
1790
1799
1804
1814
1815
1827
1830
1825
1828
1829
1837
1848
1857
1856
1862
1862
1859
1860
1875
1880
1881
1879
1881
1887
1884
1903
1905
1922
1921
1933
1935
1947
1963
1971
1976
1985
1995
2011
2015
2023
2032
2040
2051
2055
2061
2069
2072
2081
2086
2085
2094
2098
2096
2100
2097
2098
2104
2102
2116
2119
2114
2117
2115
2121
2123
2129
2136
2140
2138
2138
2143
2147
2147
2155
2154
2151
2148
2144
2142
2147
2143
2139
2129
2124
2120
2109
2107
2100
2094
2093
2081
2076
2079
2059
2051
2045
2036
2027
2028
2019
2020
2002
2004
1995
1980
1982
1966
1955
1954
1953
1944
1931
1926
1903
1892
1889
1883
1865
1865
1847
1842
1833
1810
1797
1779
1764
1752
1738
1726
1720
1712
1708
1700
1698
1680
1671
1672
1689
1695
1693
1699
1699
1707
1713
1718
1743
1744
1745
1743
1752
1763
1770
1780
1783
1775
1784
1783
1790
1787
1783
1792
1800
1803
1802
1796
1814
1812
1808
1811
1815
1819
1826
1835
1831
1845
1854
1864
1859
1863
1870
1886
1883
1899
1901
1918
1924
1928
1934
1943
1955
1959
1966
1967
1976
1996
2002
2018
2027
2016
2012
2015
2022
2029
2045
2049
2043
2049
2052
2052
2060
2064
2068
2071
2074
2074
2073
2078
2068
2057
2064
2054
2044
2034
2025
2018
2002
1984
1977
1960
1935
1943
1931
1921
1920
1933
1933
1933
1936
1943
1950
1957
1969
1975
1978
1987
2003
2006
2010
2010
2021
2018
2029
2031
2042
2046
2056
2070
2071
2074
2075
2066
2068
2073
2070
2069
2067
2063
2067
2063
2053
2053
2054
2052
2048
2037
2042
2044
2029
2026
2021
2024
2024
2014
2008
2006
2006
2008
2004
1993
1995
1996
2001
1995
2009
2008
1996
1988
1984
1990
1995
1994
1999
1984
1983
1979
1987
1986
1976
1968
1959
1948
1939
1936
1917
1907
1898
1893
1873
1866
1850
1845
1839
1832
1814
1809
1808
1801
1807
1793
1792
1790
1798
1795
1793
1794
1803
1803
1801
1796
1804
1794
1790
1775
1767
1747
1740
1731
1723
1710
1692
1680
1661
1657
1649
1639
1646
1649
1636
1633
1614
1617
1599
1601
1592
1587
1577
1573
1577
1574
1587
1585
1598
1611
1621
1631
1643
1649
1657
1661
1661
1665
1682
1691
1704
1708
1707
1722
1737
1748
1761
1771
1779
1782
1800
1811
1825
1824
1830
1843
1840
1850
1846
1851
1849
1859
1867
1875
1867
1869
1870
1889
1891
1908
1916
1913
1921
1926
1931
1944
1945
1945
1955
1961
1964
1969
1975
1969
1973
1980
1977
1979
1983
1988
1996
1990
1991
1991
1995
1999
1992
1983
1993
1991
1991
1995
1990
1997
1974
1979
1985
1993
2002
2000
1995
1998
2002
2008
2010
2016
2020
2025
2031
2023
2028
2040
2050
2052
2047
2040
2055
2053
2054
2058
2077
2067
2064
2077
2069
2067
2071
2080
2078
2090
2084
2087
2088
2096
2090
2085
2086
2086
2089
2091
2094
2095
2090
2086
2083
2096
2099
2092
2095
2107
2099
2091
2096
2097
2093
2101
2103
2102
2114
2103
2111
2100
2104
2094
2103
2104
2102
2104
2107
2107
2113
2113
2107
2108
2106
2093
2095
2096
2081
2076
2059
2048
2034
2020
1999
1983
1971
1960
1947
1950
1932
1921
1916
1912
1899
1899
1895
1885
1883
1881
1874
1868
1862
1866
1859
1858
1863
1851
1846
1848
1853
1855
1851
1849
1853
1851
1845
1846
1848
1849
1850
1841
1844
1845
1851
1854
1859
1863
1882
1883
1889
1897
1915
1927
1931
1935
1952
1968
1973
1978
1983
1988
1991
2000
2014
2014
2011
2013
2027
2029
2040
2049
2062
2063
2067
2078
2086
2087
2089
2089
2096
2112
2103
2107
2107
2107
2092
2103
2104
2113
2110
2102
2091
2095
2078
2087
2082
2071
2078
2076
2074
2069
2063
2072
2077
2076
2085
2090
2100
2099
2121
2124
2112
2119
2134
2140
2135
2139
2153
2151
2155
2147
2164
2147
2141
2157
2165
2172
2160
2149
2150
2158
2153
2155
2153
2142
2135
2136
2130
2128
2130
2131
2123
2123
2121
2116
2112
2118
2126
2118
2117
2108
2104
2089
2084
2076
2066
2052
2035
2005
1986
1976
1961
1953
1934
1923
1920
1912
1900
1905
1901
1900
1914
1923
1923
1923
1929
1926
1929
1936
1939
1932
1931
1931
1950
1946
1950
1951
1958
1959
1954
1955
1960
1966
1962
1956
1959
1963
1960
1973
1974
1977
1971
1967
1965
1960
1955
1958
1958
1965
1975
1982
1986
1993
1995
1999
2004
2023
2034
2030
2046
2065
2076
2075
2084
2086
2097
2093
2110
2106
2113
2109
2124
2126
2111
2102
2109
2105
2115
2106
2094
2086
2077
2075
2061
2063
2065
2053
2058
2051
2037
2034
2032
2027
2018
2023
2022
2029
2014
2023
2027
2028
2020
2010
2016
2013
2012
2007
2007
2003
1999
2002
1989
1986
1988
1984
1985
1971
1962
1953
1962
1959
1944
1932
1928
1922
1906
1893
1884
1852
1817
1792
1771
1739
1705
1663
1619
1595
1567
1538
1526
1511
1514
1523
1527
1530
1524
1534
1535
1525
1526
1511
1510
1511
1510
1503
1504
1528
1533
1549
1571
1592
1606
1619
1639
1657
1679
1700
1719
1727
1741
1760
1768
1786
1794
1793
1796
1804
1813
1827
1830
1833
1839
1846
1843
1849
1858
1866
1861
1849
1849
1842
1837
1827
1819
1815
1810
1812
1799
1800
1801
1797
1798
1793
1804
1804
1816
1820
1839
1847
1862
1866
1874
1878
1889
1890
1896
1894
1892
1905
1907
1909
1908
1904
1892
1889
1881
1874
1863
1876
1875
1879
1863
1871
1874
1879
1881
1891
1899
1895
1900
1904
1903
1894
1895
1892
1888
1884
1875
1861
1857
1863
1869
1863
1866
1865
1864
1858
1862
1865
1876
1886
1895
1898
1911
1925
1929
1940
1955
1976
1979
1987
1997
1996
2007
2013
2020
2026
2040
2058
2053
2049
2051
2054
2055
2058
2036
2035
2036
5835
2197
2198
2210
2218
2222
2218
2207
2221
2231
2219
2217
2220
2228
2220
2233
2219
2222
2210
2215
2206
2214
2219
2227
2209
2209
2191
2198
2197
2196
2183
2170
2162
2169
2153
2151
2133
2127
2111
2095
2089
2088
2091
2097
2097
2095
2085
2098
2112
2107
2101
2094
2098
2099
2103
2103
2111
2120
2127
2129
2126
2127
2139
2151
2161
2170
2173
2177
2187
2200
2199
2209
2212
2219
2222
2231
2242
2248
2237
2231
2236
2240
2238
2238
2246
2251
2244
2245
2233
2230
2234
2228
2237
2225
2219
2212
2219
2216
2202
2199
2210
2200
2210
2205
2206
2204
2216
2211
2216
2205
2219
2218
2227
2219
2214
2209
2218
2205
2209
2206
2206
2201
2204
2203
2204
2207
2218
2203
2203
2202
2197
2208
2211
2211
2213
2224
2223
2230
2223
2225
2225
2220
2221
2225
2227
2230
2217
2227
2206
2210
2200
2196
2193
2206
2200
2197
2189
2193
2192
2200
2206
2204
2204
2204
2209
2219
2221
2209
2215
2211
2221
2223
2215
2223
2215
2220
2216
2210
2207
2210
2211
2199
2202
2204
2204
2201
2202
2194
2180
2174
2164
2165
2160
2147
2150
2143
2137
2133
2137
2139
2133
2127
2125
2119
2124
2116
2114
2100
2094
2095
2079
2079
2076
2073
2068
2052
2051
2041
2043
2031
2026
2019
2016
2009
1997
1983
1965
1947
1925
1918
1904
1899
1884
1882
1884
1871
1861
1864
1862
1870
1871
1883
1894
1906
1912
1924
1920
1929
1926
1941
1941
1964
1967
1981
1983
2001
2007
2018
2024
2031
2029
2040
2048
2049
2058
2054
2056
2055
2072
2073
2077
2080
2090
2088
2101
2110
2107
2104
2117
2128
2134
2122
2122
2128
2134
2128
2119
2104
2091
2091
2077
2062
2040
2043
2032
2010
1989
1978
1961
1937
1918
1910
1891
1891
1869
1852
1836
1849
1848
1855
1851
1868
1873
1889
1881
1894
1911
1925
1913
1922
1925
1924
1931
1935
1937
1929
1930
1928
1923
1927
1934
1946
1940
1944
1938
1931
1933
1935
1943
1951
1954
1954
1972
1975
1995
2013
2028
2036
2056
2072
2076
2079
2077
2088
2092
2092
2081
2081
2078
2073
2075
2071
2074
2076
2087
2091
2096
2093
2104
2107
2109
2110
2118
2123
2131
2135
2133
2142
2151
2143
2156
2154
2162
2166
2159
2154
2155
2150
2157
2150
2148
2134
2141
2127
2101
2084
2055
2037
2007
1994
1962
1951
1928
1925
1911
1904
1906
1909
1903
1910
1907
1927
1933
1949
1955
1973
1975
1994
1995
1999
1997
2010
2013
2017
2014
2016
2007
2002
2009
2007
2000
1987
1985
1967
1959
1948
1943
1938
1944
1929
1925
1919
1928
1916
1924
1916
1926
1915
1930
1917
1921
1906
1897
1889
1861
1856
1847
1839
1812
1817
1814
1819
1826
1834
1829
1843
1849
1862
1879
1887
1887
1887
1884
1901
1901
1910
1908
1920
1925
1924
1923
1934
1939
1941
1923
1916
1921
1934
1918
1910
1908
1904
1910
1917
1913
1915
1925
1931
1941
1947
1946
1950
1964
1962
1969
1983
1993
2017
2022
2023
2043
2051
2066
2064
2075
2084
2101
2113
2123
2120
2119
2108
2111
2088
2093
2070
2074
2066
2051
2032
2033
2026
2036
2029
2021
2017
2017
2021
2021
2027
2033
2035
2044
2043
2059
2059
2068
2086
2079
2086
2079
2073
2073
2072
2076
2071
2060
2050
2049
2040
2045
2040
2037
2027
2021
2019
2013
2018
2006
2012
1998
2011
2004
1997
1978
1980
1981
1979
1963
1963
1958
1953
1966
1966
1967
1974
1976
1971
1976
1971
1983
1980
1976
1964
1959
1940
1945
1935
1922
1901
1900
1899
1896
1898
1912
1916
1930
1939
1943
1943
1951
1958
1953
1957
1966
1971
1976
1998
2007
2022
2033
2040
2052
2061
2063
2071
2069
2070
2073
2067
2062
2061
2039
2023
2006
1992
1986
1991
1991
1987
1982
1972
1978
1973
1978
1981
1965
1964
1957
1954
1943
1939
1938
1943
1940
1942
1939
1934
1931
1930
1923
1921
1923
1933
1944
1954
1951
1956
1964
1965
1978
1990
2016
2011
2011
2021
2040
2037
2033
2036
2036
2047
2057
2060
2067
2063
2067
2079
2086
2089
2082
2084
2089
2079
2082
2083
2099
2103
2103
2110
2113
2119
2119
2127
2120
2128
2128
2131
2115
2115
2096
2095
2076
2063
2041
2024
1997
1984
1961
1947
1927
1918
1885
1867
1852
1833
1820
1803
1791
1753
1732
1716
1717
1707
1698
1690
1695
1707
1710
1723
1734
1738
1751
1759
1775
1790
1815
1827
1846
1867
1880
1907
1930
1958
1974
2004
2025
2041
2050
2065
2079
2098
2109
2115
2118
2123
2135
2147
2144
2156
2157
2159
2158
2173
2181
2190
2195
2204
2198
2201
2207
2213
2202
2199
2204
2207
2203
2203
2204
2202
2205
2195
2185
2174
2179
2175
2182
2170
2164
2170
2154
2146
2132
2139
2149
2137
2129
2140
2147
2149
2150
2146
2152
2135
2145
2153
2160
2168
2173
2183
2184
2171
2170
2159
2164
2152
2142
2144
2140
2150
2137
2144
2134
2138
2141
2142
2129
2136
2146
2162
2170
2172
2175
2188
2186
2191
2199
2213
2212
2219
2219
2209
2214
2210
2215
2208
2204
2201
2200
2193
2199
2196
2194
2172
2181
2172
2172
2160
2160
2148
2146
2138
2133
2124
2125
2136
2132
2129
2134
2119
2124
2117
2117
2111
2103
2104
2094
2083
2067
2061
2050
2045
2030
2029
2015
2016
2000
1992
1984
1981
1975
1978
1969
1972
1982
2002
1997
1999
1992
1994
2002
2003
2008
2010
2013
2023
2038
2040
2045
2053
2054
2055
2064
2059
2059
2068
2069
2072
2080
2075
2072
2080
2084
2072
2060
2059
2067
2057
2051
2050
2046
2042
2056
2057
2068
2059
2070
2079
2090
2093
2111
2118
2130
2139
2145
2144
2139
2139
2138
2129
2123
2115
2107
2093
2082
2063
2056
2037
2031
2026
2012
2017
2016
2025
2029
2050
2048
2062
2057
2076
2074
2071
2080
2073
2071
2072
2062
2044
2043
2033
2037
2030
2038
2038
2043
2046
2054
2047
2060
2052
2052
2043
2056
2039
2060
2052
2066
2068
2073
2076
2064
2068
2061
2070
2070
2064
2054
2066
2062
2063
2055
2062
2062
2062
2070
2082
2086
2098
2101
2112
2117
2126
2125
2136
2134
2120
2096
2092
2088
2084
2072
2054
2037
2013
2007
1994
1986
1978
1980
1971
1966
1946
1927
1909
1891
1875
1864
1856
1857
1866
1870
1885
1890
1906
1932
1948
1975
1995
2015
2023
2045
2063
2058
2063
2059
2057
2062
2054
2055
2056
2063
2058
2050
2053
2031
2016
1993
1968
1931
1913
1889
1869
1848
1826
1805
1783
1749
1723
1694
1667
1643
1619
1599
1610
1602
1626
1640
1683
1705
1737
1771
1798
1816
1824
1834
1833
1838
1840
1849
1841
1857
1864
1868
1880
1891
1894
1926
1935
1958
1956
1972
1987
1989
1991
2009
2046
2039
2036
2043
2048
2043
2037
2048
2060
2066
2068
2081
2086
2100
2089
2104
2121
2125
2139
2145
2140
2146
2153
2153
2150
2158
2144
2139
2126
2119
2111
2113
2114
2103
2096
2082
2089
2085
2081
2075
2070
2075
2090
2101
2102
2103
2105
2116
2107
2117
2116
2113
2114
2114
2105
2101
2092
2095
2084
2085
2095
2099
2103
2101
2099
2101
2104
2110
2110
2106
2115
2120
2126
2135
2152
2148
2162
2179
2187
2182
2186
2187
2204
2197
2203
2217
2219
2223
2233
2237
2244
2241
2235
2248
2245
2244
2242
2254
2247
2249
2251
2250
2241
2253
2242
2241
2257
2262
2270
2270
2277
2283
2287
2299
2300
2297
2306
2310
2316
2314
2319
2317
2322
2312
2328
2317
2308
2286
2297
2294
2308
2304
2300
2282
2283
2287
2272
2276
2270
2269
2265
2255
2247
2253
2246
2247
2219
2211
2200
2196
2175
2168
2158
2147
2134
2137
2122
2125
2120
2114
2112
2119
2116
2114
2116
2115
2125
2116
2125
2131
2147
2142
2159
2157
2165
2166
2186
2180
2191
2198
2202
2206
2214
2219
2230
2234
2240
2244
2241
2244
2242
2248
2247
2242
2244
2249
2251
2249
2247
2246
2249
2246
2239
2236
2249
2254
2262
2256
2264
2261
2261
2240
2253
2246
2244
2242
2245
2242
2240
2253
2255
2266
2264
2255
2246
2249
2256
2248
2246
2254
2243
2247
2244
2256
2246
2258
2258
2264
2261
2259
2265
2277
2278
2281
2288
2274
2278
2265
2274
2276
2288
2281
2296
2285
2304
2299
2311
2298
2298
2288
2282
2275
2279
2275
2274
2277
2275
2262
2240
2251
2232
2230
2224
2227
2224
2218
2204
2210
2195
2187
2173
2178
2165
2152
2142
2127
2118
2120
2101
2099
2100
2089
2089
2087
2084
2074
2063
2070
2084
2072
2076
2067
2070
2056
2068
2054
2065
2061
2061
2064
2061
2061
2062
2061
2059
2063
2062
2067
2062
2061
2058
2056
2060
2050
2049
2046
2029
2034
2029
2022
2020
2022
2011
2013
2014
2011
2013
2016
2006
2000
2001
2002
2014
2030
2035
2036
2034
2046
2056
2064
2078
2078
2082
2091
2097
2098
2095
2100
2090
2096
2081
2079
2079
2076
2062
2071
2054
2060
2063
2055
2055
2051
2058
2057
2058
2064
2059
2065
2072
2068
2066
2067
2057
2066
2071
2063
2081
2065
2079
2070
2066
2073
2079
2079
2087
2083
2095
2100
2097
2097
2102
2129
2126
2137
2140
2162
2156
2170
2160
2177
2176
2190
2182
2192
2195
2194
2180
2187
2180
2187
2197
2193
2188
2184
2188
2202
2207
2201
2210
2197
2201
2188
2196
2192
2196
2194
2198
2194
2195
2197
2197
2191
2201
2205
2214
2224
2224
2226
2230
2240
2241
2241
2232
2238
2225
2221
2211
2205
2186
2177
2169
2165
2152
2148
2131
2143
2140
2138
2126
2128
2124
2126
2125
2130
2125
2123
2121
2121
2110
2116
2119
2118
2111
2110
2117
2119
2137
2138
2154
2148
2157
2160
2170
2176
2192
2199
2203
2200
2200
2200
2207
2202
2208
2195
2193
2187
2188
2178
2164
2149
2151
2151
2149
2137
2144
2141
2143
2138
2133
2130
2135
2140
2138
2130
2133
2133
2130
2133
2128
2123
2112
2119
2099
2108
2092
2091
2081
2081
2077
2071
2059
2066
2055
2052
2036
2036
2037
2045
2029
2011
2005
2002
2002
2009
2006
2009
2003
1998
2007
2014
2021
2018
2031
2024
2024
2013
2031
2036
2047
2031
2053
2059
2071
2075
2087
2089
2094
2109
2118
2108
2111
2115
2114
2107
2098
2081
2070
2065
2050
2046
2034
2037
2034
2037
2028
2027
2031
2027
2015
2011
1999
2000
1991
1983
1978
1963
1964
1972
1967
1980
1981
1985
1986
1979
1979
1999
1991
1989
1994
1996
1987
1982
1981
1994
1987
1983
1978
1984
1979
1985
1978
1969
1976
1985
1987
1995
2019
2023
2024
2021
2040
2042
2054
2046
2038
2033
2030
2011
2012
2010
2019
2010
1993
1985
1987
1982
1986
1995
2002
2003
2014
2022
2035
2049
2057
2061
2070
2080
2088
2100
2102
2112
2108
2117
2135
2140
2144
2157
2146
2158
2152
2151
2156
2166
2163
2159
2157
2151
2150
2144
2137
2120
2125
2119
2118
2115
2112
2097
2080
2067
2052
2019
2002
1975
1958
1928
1915
1893
1870
1854
1847
1835
1835
1827
1828
1835
1842
1869
1870
1875
1876
1904
1905
1917
1943
1956
1951
1968
1980
1987
1990
1987
1981
1975
1968
1955
1953
1951
1949
1953
1948
1955
1954
1953
1959
1958
1961
1944
1937
1918
1925
1922
1919
1926
1930
1946
1959
1975
1979
1989
1995
1998
2005
2002
1988
1983
1980
1994
1987
1989
1992
1989
2007
2011
2009
2017
2027
2020
2019
2013
2019
2006
1990
1981
1966
1961
1956
1937
1934
1923
1910
1900
1898
1899
1900
1895
1902
1907
1891
1897
1900
1910
1908
1907
1923
1951
1952
1968
1974
1998
2013
2033
2049
2069
2074
2085
2099
2119
2111
2110
2112
2113
2122
2102
2104
2098
2097
2086
2097
2075
2073
2063
2071
2056
2075
2055
2068
2067
2074
2063
2071
2067
2059
2055
2052
2059
2051
2059
2065
2070
2066
2060
2054
2073
2074
2094
2091
2101
2099
2112
2111
2114
2103
2110
2110
2120
2113
2121
2128
2128
2132
2126
2140
2154
2155
2145
2159
2164
2166
2170
2180
2185
2182
2184
2187
2176
2168
2164
2164
2152
2143
2123
2113
2107
2116
2117
2123
2115
2124
2121
2134
2143
2141
2148
2170
2184
2188
2180
2176
2180
2186
2170
2166
2150
2150
2136
2129
2125
2116
2107
2101
2102
2105
2105
2095
2109
2120
2122
2135
2147
2150
2148
2157
2156
2154
2167
2170
2182
2184
2195
2191
2205
2204
2209
2219
2230
2226
2228
2226
2224
2239
2246
2243
2228
2239
2237
2236
2224
2227
2230
2241
2234
2234
2229
2232
2239
2238
2235
2221
2221
2219
2216
2214
2211
2207
2213
2219
2213
2206
2203
2208
2222
2207
2222
2215
2219
2216
2223
2217
2225
2223
2224
2214
2210
2203
2202
2193
2200
2196
2185
2185
2182
2188
2189
2197
2193
2200
2194
2201
2200
2201
2199
2206
2189
2182
2172
2169
2163
2162
2148
2141
2129
2116
2102
2087
2075
2066
2060
2054
2051
2040
2034
2030
2034
2015
2023
2031
2024
2030
2030
2014
2026
2021
2021
2015
2006
2006
2006
1999
1989
1993
1968
1971
1958
1947
1933
1931
1923
1908
1891
1865
1867
1855
1852
1832
1827
1819
1810
1802
1786
1779
1786
1787
1795
1799
1815
1821
1823
1832
1851
1859
1878
1892
1903
1931
1932
1928
1940
1950
1951
1952
1955
1964
1960
1965
1954
1970
1964
1968
1967
1973
1972
1973
1992
2001
2002
2007
2014
2021
2035
2039
2045
2048
2062
2060
2069
2078
2090
2106
2114
2116
2126
2115
2120
2123
2123
2126
2126
2132
2129
2107
2085
2072
2045
2029
2008
2005
1988
1991
1992
2007
1999
2001
2000
2012
2000
2003
2011
1997
1996
1997
2006
1999
2008
2015
2011
2013
2023
2026
2035
2048
2058
2063
2072
2087
2099
2093
2101
2097
2114
2119
2137
2146
2152
2156
2159
2166
2168
2172
2178
2182
2167
2172
2169
2178
2174
2157
2139
2126
2116
2106
2090
2082
2068
2046
2035
2006
1998
1987
1992
1986
1977
1981
1981
1985
1987
1982
1980
1988
1995
1983
1985
1991
1975
1977
1993
2000
2005
2007
2005
2018
2027
2030
2025
2039
2042
2048
2040
2049
2044
2053
2053
2054
2051
2045
2040
2019
2015
1997
2000
1985
1995
1981
1969
1963
1960
1939
1924
1894
1867
1846
1832
1810
1775
1760
1740
1731
1729
1719
1723
1735
1751
1773
1789
1817
1834
1839
1849
1871
1882
1917
1926
1939
1945
1969
1972
1988
2001
2011
2013
2024
2035
2040
2048
2041
2055
2061
2063
2066
2064
2063
2062
2057
2054
2048
2063
2069
2067
2052
2052
2054
2055
2054
2070
2067
2071
2068
2067
2056
2049
2029
1998
1982
1958
1927
1897
1867
1845
1824
1811
1804
1807
1803
1798
1799
1805
1817
1825
1828
1827
1835
1838
1835
1841
1826
1814
1801
1793
1775
1762
1758
1755
1754
1772
1792
1799
1814
1839
1871
1894
1912
1925
1949
1965
1980
1982
1999
1997
2011
2007
2016
2028
2034
2048
2055
2069
2083
2095
2101
2109
2105
2106
2105
2111
2102
2104
2089
2084
2075
2085
2069
2074
2063
2061
2061
2066
2070
2074
2051
2043
2042
2021
2007
1990
1973
1944
1932
1911
1902
1887
1875
1845
1824
1795
1782
1760
1744
1732
1726
1715
1713
1717
1724
1733
1751
1769
1778
1782
1780
1791
1793
1807
1805
1821
1821
1828
1822
1825
1812
1812
1800
1796
1778
1760
1745
1743
1727
1709
1712
1694
1689
1683
1679
1678
1679
1677
1695
1701
1711
1734
1762
1783
1811
1824
1846
1863
1895
1909
2014
2017
2045
2056
2067
2055
2059
2056
2061
2052
2041
2034
2025
2021
2013
2010
2003
1992
1976
1979
1969
1978
1967
1974
1951
1946
1936
1938
1919
1913
1909
1912
1917
1918
1914
1907
1913
1920
1918
1924
1917
1922
1915
1919
1925
1909
1915
1903
1912
1901
1895
1877
1892
1889
1901
1908
1930
1925
1938
1961
1967
1971
1985
1992
1997
2005
1989
2000
1999
2011
2002
1992
1987
1989
1989
1991
1976
1966
1957
1946
1928
1919
1907
1914
1893
1890
1877
1884
1882
1895
1894
1897
1918
1927
1939
1938
1947
1952
1956
1964
1971
1985
1993
2000
2009
2016
2037
2035
2045
2048
2057
2068
2087
2087
2088
2082
2076
2071
2072
2076
2084
2083
2084
2089
2093
2091
2092
2091
2109
2114
2118
2118
2114
2116
2134
2140
2133
2123
2127
2120
2108
2100
2099
2092
2083
2080
2076
2070
2070
2074
2082
2073
2060
2063
2046
2041
2017
1994
1965
1959
1935
1922
1910
1891
1877
1863
1845
1834
1829
1818
1812
1797
1786
1771
1782
1791
1790
1785
1808
1813
1826
1831
1850
1859
1872
1884
1924
1933
1949
1955
1969
1973
1976
1966
1972
1977
1961
1972
1983
1996
2003
2024
2036
2060
2065
2080
2077
2089
2090
2099
2102
2113
2107
2104
2094
2088
2078
2054
2025
2008
1996
1983
1961
1937
1915
1904
1889
1870
1867
1857
1861
1848
1839
1844
1848
1855
1872
1877
1882
1879
1896
1904
1909
1913
1924
1938
1947
1962
1969
1979
1987
1998
2006
2011
2019
2024
2024
2021
2007
1985
1981
1981
1983
1980
1965
1955
1955
1949
1947
1950
1962
1965
1967
1962
1968
1974
1977
1984
1982
1988
1999
2009
2015
2020
2012
2020
2027
2043
2041
2051
2051
2052
2058
2057
2053
2064
2068
2073
2075
2068
2078
2075
2076
2062
2039
2023
2008
1995
1992
1995
1995
2007
2024
2026
2049
2052
2066
2067
2061
2058
2058
2054
2049
2042
2031
2040
2040
2033
2036
2036
2027
2028
2031
2041
2036
2048
2042
2059
2063
2072
2058
2065
2070
2090
2085
2081
2080
2080
2076
2062
2048
2032
2041
2037
2031
2005
2014
2011
2014
2006
2015
2012
2018
2012
2027
2019
2021
2016
2024
2012
2015
2013
2010
2001
2001
1998
1991
1984
1976
1983
1983
1975
1978
1988
1988
1995
2003
2019
2023
2023
2029
2038
2031
2025
2019
2021
2009
2006
2011
2005
2005
2009
2009
2005
2013
2013
2019
2026
2040
2036
2040
2036
2028
2022
2021
2026
2024
2023
2032
2042
2049
2059
2062
2076
2080
2088
2097
2101
2105
2111
2106
2105
2103
2102
2101
2094
2073
2068
2053
2046
2031
2029
2033
2031
2038
2032
2037
2032
2025
2020
2038
2046
2043
2045
2059
2072
2074
2075
2069
2087
2096
2090
2088
2088
2079
2075
2065
2074
2055
2061
2050
2063
2066
2086
2095
2095
2104
2108
2115
2119
2127
2129
2141
2138
2141
2135
2144
2134
2132
2131
2139
2123
2145
2154
2167
2161
2168
2163
2172
2170
2190
2187
2187
2191
2211
2216
2222
2231
2240
2234
2231
2250
2260
2267
2270
2281
2282
2288
2291
2294
2296
2302
2306
2314
2308
2320
2318
2330
2322
2318
2312
2308
2309
2307
2307
2288
2288
2287
2283
2287
2288
2287
2284
2281
2273
2270
2261
2264
2256
2251
2260
2267
2267
2248
2247
2244
2236
2237
2231
2233
2228
2226
2217
2216
2217
2209
2207
2203
2189
2187
2173
2167
2168
2157
2144
2127
2118
2108
2105
2096
2094
2082
2091
2095
2103
2113
2116
2125
2120
2128
2115
2123
2120
2131
2118
2125
2105
2105
2084
2085
2075
2061
2064
2083
2090
2104
2116
2123
2120
2145
2159
2173
2172
2197
2208
2208
2219
2218
2238
2242
2242
2226
2237
2237
2234
2230
2230
2230
2232
2215
2215
2211
2211
2208
2188
2189
2183
2162
2152
2150
2120
2102
2087
2079
2066
2050
2038
2025
2006
2012
2010
2013
2005
2020
2020
2022
2004
2001
1972
1968
1959
1962
1946
1948
1943
1942
1948
1947
1953
1954
1954
1957
1957
1966
1978
1977
1971
1967
1963
1972
1982
1974
1979
1987
2006
2011
2021
2022
2031
2035
2038
2041
2051
2061
2066
2063
2067
2064
2074
2069
2086
2082
2081
2078
2080
2077
2060
2058
2049
2054
2053
2049
2051
2051
2066
2066
2064
2059
2065
2067
2067
2068
2078
2087
2089
2095
2100
2107
2106
2126
2136
2151
2143
2158
2155
2169
2184
2181
2187
2194
2191
2194
2199
2199
2201
2207
2205
2199
2196
2191
2190
2192
2197
2191
2193
2190
2209
2199
2211
2195
2207
2208
2209
2215
2224
2220
2221
2223
2242
2241
2249
2265
2263
2262
2268
2263
2264
2269
2270
2276
2263
2266
2263
2274
2272
2268
2245
2254
2246
2251
2250
2233
2224
2226
2215
2198
2184
2168
2144
2134
2115
2112
2100
2105
2093
2073
2076
2077
2076
2081
2088
2101
2112
2113
2124
2129
2141
2152
2171
2166
2162
2161
2164
2178
2179
2192
2199
2210
2222
2230
2233
2230
2241
2249
2254
2260
2262
2274
2274
2282
2281
2288
2290
2295
2300
2303
2311
2314
2313
2302
2315
2314
2296
2303
2305
2310
2305
2311
2315
2317
2305
2303
2299
2309
2301
2297
2288
2281
2278
2286
2278
2278
2269
2270
2284
2275
2265
2250
2258
2256
2264
2261
2250
2248
2260
2260
2266
2251
2254
2247
2263
2255
2263
2249
2253
2243
2254
2247
2243
2252
2237
2244
2239
2253
2253
2252
2250
2255
2242
2244
2244
2246
2254
2267
2269
2281
2276
2281
2282
2292
2282
2285
2291
2304
2307
2311
2307
2309
2300
2301
2308
2303
2303
2302
2305
2300
2298
2284
2288
2285
2298
2281
2280
2277
2277
2279
2266
2271
2274
2262
2265
2274
2265
2257
2267
2266
2259
2247
2251
2258
2257
2249
2252
2243
2235
2239
2242
2228
2223
2233
2241
2244
2235
2238
2236
2255
2251
2246
2262
2265
2264
2273
2275
2282
2290
2292
2276
2292
2301
2309
2312
2321
2316
2313
2317
2320
2314
2313
2312
2318
2315
2327
2326
2324
2321
2312
2315
2318
2322
2334
2332
2316
2322
2316
2310
2293
2298
2289
2301
2284
2275
2270
2276
2267
2255
2245
2237
2239
2234
2232
2227
2225
2227
2219
2204
2216
2202
2204
2194
2183
2183
2183
2166
2168
2146
2142
2130
2138
2123
2111
2102
2095
2094
2094
2091
2087
2086
2080
2076
2055
2040
2022
2023
2004
1980
1949
1930
1902
1871
1845
1820
1784
1760
1727
1686
1651
1635
1619
1597
1593
1577
1577
1573
1568
1560
1565
1566
1580
1580
1583
1592
1611
1617
1645
1661
1682
1695
1712
1736
1763
1771
1783
1797
1800
1807
1807
1801
1801
1798
1783
1779
1765
1764
1767
1767
1757
1757
1766
1776
1786
1791
1805
1807
1817
1829
1834
1843
1851
1873
1888
1901
1911
1928
1949
1954
1969
1976
1993
2014
2016
2021
2049
2067
2086
2095
2089
2107
2111
2121
2113
2123
2119
2135
2139
2151
2158
2163
2166
2172
2177
2178
2185
2166
2178
2167
2172
2162
2168
2166
2173
2178
2183
2171
2168
2169
2176
2177
2183
2178
2192
2188
2181
2184
2188
2190
2189
2200
2197
2198
2199
2197
2190
2194
2205
2214
2207
2208
2202
2213
2207
2213
2208
2204
2194
2190
2195
2204
2211
2207
2197
2190
2205
2194
2205
2209
2210
2209
2206
2220
2212
2212
2216
2204
2202
2186
2181
2167
2163
2151
2147
2138
2133
2123
2120
2116
2115
2123
2121
2120
2119
2129
2132
2145
2147
2144
2135
2158
2168
2165
2170
2172
2172
2175
2180
2186
2190
2199
2192
2205
2207
2199
2199
2202
2207
2209
2217
2217
2213
2202
2206
2206
2212
2214
2209
2201
2199
2194
2191
2201
2195
2197
2196
2200
2197
2190
2182
2190
2202
2204
2198
2179
2187
2191
2172
2170
2165
2157
2147
2129
2131
2122
2121
2111
2109
2105
2100
2098
2112
2113
2123
2133
2148
2158
2162
2173
2190
2204
2213
2221
2223
2229
2235
2238
2237
2238
2230
2234
2236
2244
2235
2245
2234
2233
2228
2238
2231
2230
2221
2226
2222
2216
2205
2198
2195
2175
2170
2157
2143
2128
2135
2129
2121
2093
2088
2077
2074
2054
2058
2042
2028
1999
1988
1962
1943
1924
1915
1901
1879
1870
1855
1843
1817
1802
1803
1807
1809
1816
1802
1811
1804
1824
1832
1854
1860
1864
1865
1866
1864
1859
1858
1856
1871
1875
1872
1882
1894
1893
1896
1914
1931
1937
1942
1968
1981
1983
1991
1993
1995
2001
1996
1995
1984
1991
1995
2013
2016
2024
2018
2027
2023
2032
2044
2047
2053
2066
2070
2069
2076
2072
2076
2067
2068
2066
2070
2078
2079
2073
2079
2083
2089
2087
2106
2120
2124
2123
2143
2155
2165
2170
2181
2184
2190
2201
2206
2215
2224
2242
2232
2241
2236
2240
2253
2242
2240
2231
2227
2229
2234
2222
2223
2212
2226
2217
2220
2214
2221
2213
2220
2228
2231
2220
2229
2234
2229
2248
2243
2250
2241
2261
2250
2260
2249
2256
2257
2261
2268
2271
2270
2267
2265
2262
2266
2270
2271
2267
2268
2254
2247
2241
2234
2222
2234
2239
2234
2228
2228
2219
2224
2218
2221
2211
2210
2219
2223
2211
2203
2213
2209
2198
2200
2193
2205
2206
2207
2194
2190
2189
2201
2184
2175
2157
2164
2140
2131
2109
2090
2075
2057
2036
2022
2021
2024
2022
2018
2025
2024
2022
2034
2048
2052
2062
2061
2065
2062
2070
2072
2083
2086
2083
2076
2088
2071
2083
2084
2090
2074
2062
2041
2042
2033
2027
2024
2023
2026
2022
2025
2020
2033
2022
2019
2007
2007
2023
2024
2023
2033
2029
2042
2046
2074
2072
2075
2066
2066
2055
2059
2070
2075
2067
2075
2076
2064
2072
2074
2078
2076
2084
2088
2104
2100
2107
2106
2115
2111
2118
2110
2104
2108
2117
2118
2122
2120
2139
2134
2125
2128
2122
2127
2135
2133
2132
2132
2128
2122
2119
2118
2104
2096
2078
2064
2038
2018
1988
1973
1950
1907
1877
1861
1829
1817
1813
1792
1798
1796
1796
1786
1783
1783
1780
1787
1778
1771
1767
1779
1781
1789
1781
1787
1788
1800
1802
1806
1825
1845
1851
1853
1847
1840
1835
1842
1853
1862
1872
1880
1892
1904
1915
1914
1935
1948
1964
1970
1984
1988
2001
2013
2032
2043
2045
2050
2066
2065
2068
2068
2073
2080
2077
2079
2080
2098
2104
2093
2094
2100
2089
2095
2108
2110
2102
2115
2121
2122
2117
2129
2123
2127
2118
2123
2113
2119
2133
2140
2136
2133
2142
2149
2158
2152
2157
2155
2170
2186
2187
2182
2196
2193
2203
2197
2206
2208
2219
2223
2242
2240
2243
2243
2247
2248
2252
2252
2249
2262
2263
2270
2264
2268
2254
2260
2264
2258
2239
2251
2247
2247
2242
2251
2233
2228
2207
2194
2185
2170
2169
2139
2111
2083
2058
2023
2001
1960
1920
1892
1875
1858
1833
1828
1823
1822
1818
1813
1801
1798
1799
1796
1797
1799
1811
1828
1835
1841
1848
1857
1869
1884
1885
1891
1894
1903
1895
1906
1909
1911
1923
1931
1946
1946
1949
1956
1965
1976
1982
1979
1997
2007
2001
2008
2007
2012
2011
2015
2023
2026
2026
2045
2050
2055
2057
2068
2078
2090
2095
2097
2101
2105
2094
2101
2104
2096
2096
2098
2105
2108
2110
2111
2104
2107
2108
2110
2115
2118
2127
2125
2135
2128
2128
2128
2126
2129
2137
2127
2128
2125
2127
2123
2133
2135
2130
2130
2134
2130
2128
2136
2140
2150
2152
2141
2131
2139
2136
2147
2150
2167
2150
2163
2170
2178
2167
2178
2181
2189
2181
2177
2174
2183
2181
2175
2179
2167
2174
2166
2171
2169
2178
2174
2179
2178
2177
2180
2173
2180
2198
2194
2201
2194
2193
2177
2174
2176
2162
2162
2156
2157
2150
2146
2154
2152
2140
2129
2126
2135
2128
2131
2124
2131
2137
2142
2147
2156
2150
2151
2147
2148
2150
2153
2163
2158
2155
2162
2160
2153
2152
2156
2162
2162
2161
2156
2151
2146
2142
2131
2120
2117
2119
2116
2093
2087
2084
2062
2056
2043
2035
2035
2026
2028
2027
2025
2034
2031
2038
2037
2040
2041
2057
2048
2063
2062
2069
2062
2077
2051
2043
2041
2045
2044
2038
2033
2029
2028
2031
2030
2046
2055
2066
2063
2064
2067
2063
2060
2059
2058
2059
2059
2045
2040
2029
2033
2024
2031
2030
2043
2053
2058
2061
2070
2069
2068
2063
2059
2055
2046
2046
2048
2052
2043
2036
2042
2062
2065
2070
2070
2073
2084
2092
2095
2108
2127
2138
2137
2143
2138
2160
2158
2157
2154
2149
2143
2149
2149
2135
2129
2128
2130
2114
2111
2106
2094
2088
2096
2088
2095
2075
2066
2058
2063
2051
2048
2052
2043
2038
2015
2022
2018
2025
2026
2017
2015
2002
2003
2003
2002
1991
1977
1976
1962
1946
1933
1920
1910
1899
1899
1889
1877
1868
1867
1847
1840
1847
1860
1873
1872
1879
1893
1905
1927
1936
1945
1959
1951
1943
1920
1902
1860
1845
1815
1787
1753
1728
1703
1699
1692
1688
1676
1675
1683
1682
1687
1693
1696
1705
1719
1729
1735
1743
1760
1768
1782
1788
1786
1784
1797
1796
1809
1813
1825
1825
1834
1843
1860
1865
1877
1887
1900
1910
1936
1955
1962
1973
1981
2001
2002
2004
2001
2000
1987
1993
1982
1984
1962
1957
1942
1944
1937
1928
1908
1919
1901
1904
1891
1880
1885
1883
1892
1884
1882
1876
1872
1863
1867
1861
1859
1857
1848
1839
1829
1819
1795
1773
1743
1711
1699
1667
1641
1624
1597
1590
1583
1583
1587
1595
1608
1623
1646
1661
1677
1697
1717
1730
1746
1765
1766
1772
1779
1777
1779
1788
1800
1809
1817
1813
1820
1824
1844
1842
1845
1856
1856
1853
1857
1872
1875
1883
1882
1895
1899
1911
1915
1936
1943
1957
1959
1996
2003
2013
2030
2048
2081
2104
2106
2118
2125
2131
2152
2155
2155
2155
2162
2170
2174
2171
2168
2158
2165
2154
2158
2151
2154
2161
2169
2160
2165
2162
2162
2174
2166
2161
2155
2168
2172
2180
2179
2182
2180
2190
2198
2209
2189
2187
2187
2185
2168
2164
2160
2159
2138
2124
2109
2095
2090
2070
2049
2036
2026
2018
2009
1999
2003
1978
1974
1960
1953
1929
1917
1911
1913
1904
1895
1873
1854
1841
1832
1824
1805
1798
1806
1798
1779
1768
1763
1751
1747
1720
1696
1680
1657
1631
1617
1596
1587
1577
1568
1572
1563
1558
1553
1549
1543
1542
1549
1556
1575
1581
1597
1621
1637
1654
1667
1694
1707
1722
1737
1755
1770
1784
1800
1810
1805
1799
1786
1776
1771
1761
1769
1783
1783
1780
1775
1792
1806
1811
1814
1819
1826
1832
1849
1856
1865
1866
1887
1897
1904
1904
1922
1927
1957
1957
1973
1974
1991
1992
2016
2035
2035
2047
2052
2069
2085
2084
2092
2095
2096
2106
2095
2105
2101
2107
2101
2100
2099
2109
2112
2125
2118
2109
2102
2108
2107
2101
2083
2069
2061
2047
2030
1999
1967
1946
1929
1907
1886
1870
1859
1817
1815
1806
1803
1799
1835
1854
1875
1897
1911
1939
1955
1971
1977
1986
2002
2021
2035
2046
2055
2066
2063
2076
2073
2091
2103
2119
2118
2119
2113
2118
2103
2105
2117
2113
2110
2104
2097
2083
2081
2071
2063
2053
2041
2023
2025
2035
2024
2009
1998
1988
1998
1994
1979
1967
1969
1968
1972
1967
1961
1964
1964
1957
1949
1952
1967
1950
1956
1958
1959
1961
1955
1957
1956
1947
1934
1932
1925
1914
1905
1883
1873
1855
1847
1822
1803
1781
1778
1737
1721
1707
1692
1686
1686
1688
1687
1683
1690
1693
1683
1695
1690
1708
1715
1717
1723
1736
1740
1753
1752
1749
1727
1710
1692
1679
1651
1641
1615
1593
1564
1547
1524
1506
1507
1507
1511
1523
1531
1515
1520
1504
1501
1483
1479
1471
1467
1457
1461
1467
1481
1498
1519
1547
1565
1588
1609
1632
1644
1664
1674
1685
1686
1715
1708
1727
1743
1763
1782
1798
1810
1839
1846
1866
1873
1897
1897
1907
1896
1892
1903
1897
1894
1903
1906
1903
1905
1897
1901
1905
1917
1929
1947
1956
1967
1963
1965
1970
1974
1983
1988
1995
2000
2005
2011
2020
2010
2014
2007
1997
2005
2006
2007
2007
2007
2025
2029
2030
2040
2035
2027
2023
2030
2019
2012
2005
2004
2010
2016
2008
2011
2015
2015
2018
2020
2026
2040
2039
2043
2043
2054
2057
2051
2067
2059
2063
2072
2089
2098
2103
2105
2114
2106
2109
2111
2111
2109
2102
2092
2096
2106
2099
2106
2102
2108
2096
2104
2105
2117
2111
2107
2106
2105
2093
2088
2087
2094
2089
2090
2082
2099
2108
2109
2115
2113
2113
2112
2103
2106
2105
2121
2118
2112
2129
2124
2139
2127
2132
2122
2128
2124
2126
2132
2135
2136
2145
2145
2141
2135
2122
2098
2083
2075
2057
2033
2002
1978
1946
1924
1899
1882
1852
1843
1829
1813
1797
1788
1796
1790
1781
1781
1772
1768
1762
1760
1754
1745
1745
1755
1762
1761
1761
1766
1774
1779
1788
1794
1789
1793
1795
1793
1800
1799
1798
1801
1806
1807
1812
1813
1821
1828
1852
1864
1911
1923
1927
1939
1965
1990
2000
2014
2047
2052
2061
2077
2074
2072
2066
2066
2071
2066
2080
2085
2099
2104
2119
2117
2128
2130
2134
2130
2137
2148
2153
2154
2146
2157
2145
2153
2145
2150
2144
2143
2134
2130
2119
2118
2108
2103
2087
2085
2078
2069
2065
2064
2069
2080
2080
2088
2103
2114
2125
2125
2139
2157
2168
2175
2188
2192
2201
2196
2206
2195
2203
2198
2215
2202
2196
2186
2174
2195
2194
2198
2177
2167
2158
2169
2168
2165
2159
2157
2151
2148
2143
2143
2128
2124
2121
2121
2110
2104
2105
2106
2115
2106
2112
2091
2074
2060
2050
2015
1999
1953
1931
1900
1872
1835
1803
1791
1793
1792
1781
1777
1791
1807
1819
1825
1842
1852
1862
1878
1882
1881
1885
1897
1912
1919
1927
1933
1954
1949
1942
1943
1961
1968
1967
1965
1966
1968
1962
1964
1955
1952
1957
1970
1963
1967
1964
1969
1960
1960
1948
1961
1966
1973
1984
1996
2007
2018
2025
2033
2071
2091
2101
2104
2127
2142
2158
2171
2174
2180
2189
2186
2206
2203
2220
2206
2207
2196
2180
2170
2162
2146
2148
2119
2103
2088
2071
2065
2062
2044
2031
2021
2004
1998
1982
1997
1990
1996
1988
1993
1998
2003
1991
1991
1991
1995
1984
1983
1982
1989
1987
1978
1976
1976
1964
1965
1970
1967
1959
1952
1965
1949
1951
1935
1926
1908
1911
1904
1897
1871
1852
1806
1765
1717
1668
1624
1580
1519
1465
1411
1337
1291
1254
1231
1218
1233
1252
1277
1304
1331
1350
1361
1362
1353
1347
1339
1327
1323
1326
1339
1359
1397
1424
1469
1516
1549
1594
1641
1676
1715
1741
1768
1788
1815
1827
1843
1850
1863
1863
1874
1874
1889
1904
1911
1903
1915
1916
1926
1932
1942
1939
1932
1924
1912
1905
1884
1874
1861
1833
1797
1787
1783
1774
1762
1770
1763
1785
1798
1807
1811
1830
1845
1884
1896
1908
1920
1929
1933
1938
1937
1939
1950
1944
1946
1943
1933
1912
1907
1892
1882
1867
1859
1847
1855
1840
1854
1862
1870
1888
1901
1907
1914
1909
1906
1902
1901
1898
1899
1887
1882
1856
1848
1848
1845
1833
1825
1832
1831
1847
1846
1862
1859
1880
1883
1894
1909
1927
1948
1971
2001
2016
2033
2045
2062
2069
2085
2098
2106
2114
2116
2128
2138
2141
2138
2120
2112
2104
2083
2078
2071
2056
2056
2042
36.97998047
1.662890553
999
