5835
2059
2047
2054
2050
2039
2053
2057
2050
2026
2028
2033
2057
2017
2048
2021
2056
2034
2057
2022
2056
2028
2086
2050
2093
2067
2121
2089
2126
2093
2128
2100
2130
2105
2121
2102
2123
2094
2096
2077
2090
2091
2091
2095
2086
2099
2077
2096
2070
2092
2091
2100
2056
2080
2036
2090
2045
2077
2009
2065
2035
2081
2028
2049
2023
2069
2018
2043
2012
2052
2035
2049
2014
2051
2044
2052
2049
2035
2043
2043
2062
2048
2049
2014
2056
2016
2031
1982
2013
1979
1996
1968
1979
1947
1989
1946
1962
1908
1945
1927
1933
1920
1918
1921
1932
1925
1920
1913
1890
1903
1882
1885
1845
1858
1835
1854
1818
1826
1795
1823
1793
1803
1766
1775
1781
1786
1790
1790
1809
1824
1834
1816
1843
1834
1877
1867
1893
1857
1907
1913
1944
1926
1948
1925
1965
1958
1962
1958
1949
1971
1974
1972
1963
1983
1987
2002
1963
1979
1959
2008
1964
1976
1945
1976
1962
1997
1949
1976
1948
1987
1958
1976
1969
1967
1983
1982
1997
1983
2004
1991
2030
1991
2025
1992
2053
2009
2051
2022
2048
2031
2078
2042
2082
2046
2097
2084
2093
2088
2078
2095
2091
2082
2071
2081
2048
2081
2045
2066
2015
2063
2022
2061
2012
2036
2007
2049
2007
2028
1986
2005
2009
2011
2002
2011
2024
2035
2016
2007
2011
1992
2023
2002
2016
1988
2032
2013
2036
1982
2003
1980
2029
1991
2008
1982
1999
2009
2002
1984
1977
1980
1987
1982
1947
1959
1952
1977
1945
1957
1913
1939
1943
1959
1931
1944
1939
1970
1953
1972
1967
1991
1990
1999
2005
2005
2011
2013
2035
2012
2036
2032
2067
2035
2057
2021
2052
2040
2056
2009
2017
1999
2008
1956
1940
1911
1925
1900
1886
1841
1843
1825
1814
1800
1755
1776
1776
1778
1751
1774
1765
1810
1788
1822
1787
1854
1839
1891
1856
1894
1886
1949
1918
1947
1928
1950
1963
1976
1959
1966
1993
2011
2000
1988
2014
1990
2042
2021
2043
2013
2061
2037
2088
2050
2081
2062
2111
2074
2115
2096
2098
2118
2126
2119
2118
2138
2141
2152
2126
2167
2123
2169
2143
2178
2132
2183
2155
2190
2157
2182
2152
2190
2170
2178
2150
2145
2141
2145
2127
2107
2098
2088
2110
2073
2065
2049
2064
2028
2034
2007
2026
2006
2031
1995
2008
2007
2035
2018
2019
2008
2028
2031
2029
2015
2008
2029
2031
2041
2026
2032
2035
2056
2032
2053
2023
2062
2042
2065
2022
2052
2050
2071
2059
2054
2047
2074
2081
2072
2060
2054
2089
2073
2080
2059
2084
2082
2121
2073
2106
2071
2133
2101
2133
2087
2143
2123
2134
2131
2142
2136
2147
2151
2163
2178
2153
2182
2165
2198
2160
2181
2168
2217
2177
2211
2167
2222
2184
2226
2182
2229
2208
2266
2218
2239
2214
2259
2227
2250
2241
2232
2249
2270
2264
2244
2253
2238
2277
2251
2271
2248
2285
2255
2275
2240
2275
2246
2299
2252
2280
2239
2295
2282
2286
2269
2261
2274
2280
2278
2262
2273
2258
2290
2255
2269
2226
2281
2243
2271
2212
2228
2211
2243
2200
2213
2190
2220
2186
2190
2155
2171
2175
2174
2148
2152
2150
2141
2153
2140
2140
2147
2167
2140
2162
2118
2146
2127
2152
2123
2139
2122
2164
2151
2159
2135
2155
2155
2164
2156
2150
2164
2165
2157
2142
2157
2160
2173
2147
2155
2118
2156
2134
2150
2107
2103
2088
2124
2079
2077
2054
2090
2064
2074
2050
2025
2042
2043
2045
2025
2031
2005
2057
2018
2042
2007
2052
2017
2043
2010
2036
2006
2050
2009
2014
1973
2006
1985
1963
1951
1925
1928
1913
1918
1883
1899
1847
1900
1847
1866
1801
1858
1823
1862
1811
1819
1790
1826
1807
1822
1801
1814
1822
1823
1837
1824
1849
1834
1864
1836
1892
1838
1883
1863
1903
1860
1902
1876
1906
1897
1906
1887
1907
1898
1904
1902
1886
1873
1871
1878
1863
1861
1859
1885
1855
1864
1829
1867
1845
1860
1819
1854
1823
1855
1847
1855
1835
1867
1862
1860
1852
1844
1858
1866
1865
1856
1859
1842
1890
1864
1876
1841
1891
1879
1891
1869
1886
1882
1919
1893
1907
1894
1920
1935
1927
1942
1934
1968
1982
1992
1994
2016
2017
2055
2033
2065
2039
2084
2065
2092
2057
2085
2083
2108
2100
2112
2098
2096
2132
2116
2123
2096
2132
2126
2141
2114
2132
2090
2140
2103
2133
2081
2127
2097
2134
2091
2102
2081
2112
2071
2081
2079
2052
2064
2049
2063
2030
2065
2049
2081
2033
2067
2019
2097
2059
2095
2041
2084
2075
2107
2075
2088
2075
2115
2092
2087
2086
2058
2094
2084
2099
2074
2090
2054
2115
2078
2105
2068
2124
2099
2127
2101
2114
2095
2133
2106
2121
2099
2127
2115
2106
2103
2069
2092
2080
2094
2063
2076
2044
2081
2058
2082
2055
2092
2071
2089
2076
2071
2052
2072
2068
2076
2073
2052
2091
2072
2083
2060
2086
2057
2089
2082
2087
2064
2086
2084
2100
2074
2087
2082
2093
2094
2079
2078
2076
2096
2075
2083
2045
2073
2059
2087
2050
2068
2052
2078
2090
2085
2062
2078
2079
2091
2077
2079
2092
2084
2124
2098
2114
2095
2143
2099
2125
2072
2116
2108
2134
2084
2107
2092
2099
2101
2092
2086
2086
2094
2089
2099
2064
2087
2063
2105
2059
2083
2051
2084
2065
2104
2061
2088
2060
2108
2068
2091
2084
2080
2093
2101
2094
2084
2105
2088
2134
2088
2130
2091
2142
2101
2149
2124
2157
2130
2180
2144
2162
2132
2186
2184
2187
2166
2150
2166
2186
2188
2162
2179
2140
2193
2146
2186
2139
2201
2169
2203
2163
2186
2167
2208
2172
2188
2148
2154
2178
2165
2160
2139
2156
2141
2149
2117
2140
2114
2146
2105
2114
2091
2122
2099
2118
2091
2099
2100
2116
2100
2102
2092
2097
2109
2121
2109
2126
2110
2123
2119
2141
2114
2152
2138
2146
2123
2139
2124
2141
2139
2126
2111
2118
2134
2113
2112
2078
2103
2085
2103
2075
2086
2070
2101
2102
2124
2085
2103
2110
2135
2122
2113
2122
2117
2162
2146
2152
2112
2149
2128
2177
2120
2149
2117
2169
2128
2155
2144
2154
2165
2162
2133
2140
2134
2144
2143
2104
2112
2087
2123
2087
2100
2050
2090
2066
2111
2054
2093
2061
2107
2068
2091
2069
2078
2089
2124
2105
2109
2117
2118
2175
2145
2171
2137
2184
2169
2200
2165
2204
2181
2236
2200
2223
2186
2226
2218
2234
2218
2207
2204
2220
2207
2207
2203
2172
2203
2190
2210
2172
2215
2198
2228
2193
2213
2184
2230
2210
2214
2185
2181
2192
2200
2187
2156
2145
2147
2141
2099
2104
2068
2086
2071
2088
2055
2079
2057
2079
2061
2057
2027
2045
2050
2044
2045
2018
2035
2029
2031
1998
2019
2017
2029
2007
2021
1994
2015
1995
2006
1980
2003
1995
2002
1995
1994
1991
1986
2006
1986
2015
1973
1994
1980
2004
1961
1987
1953
2008
1983
2007
1977
1997
1979
2008
2009
1997
1997
1996
2023
2013
2023
2003
2032
2014
2060
2014
2042
2014
2082
2032
2086
2046
2076
2066
2116
2076
2108
2087
2106
2131
2122
2110
2107
2133
2128
2135
2095
2134
2116
2168
2118
2147
2122
2189
2161
2184
2145
2172
2162
2199
2159
2175
2171
2176
2190
2163
2164
2155
2189
2189
2198
2154
2177
2148
2196
2168
2195
2164
2184
2174
2189
2167
2180
2178
2197
2181
2192
2186
2174
2198
2195
2198
2180
2201
2189
2224
2193
2211
2181
2216
2206
2217
2202
2196
2203
2204
2206
2199
2202
2208
2216
2196
2196
2164
2194
2187
2196
2151
2175
2146
2173
2146
2155
2118
2144
2118
2109
2102
2072
2086
2079
2089
2069
2071
2033
2080
2051
2071
2033
2088
2071
2096
2090
2099
2070
2108
2088
2088
2069
2094
2095
2078
2094
2063
2083
2078
2106
2057
2082
2032
2096
2068
2099
2046
2087
2058
2100
2075
2095
2073
2100
2089
2110
2094
2083
2122
2112
2139
2110
2115
2106
2149
2120
2152
2103
2155
2125
2161
2108
2132
2105
2146
2138
2147
2118
2130
2127
2137
2146
2118
2128
2128
2160
2122
2127
2119
2165
2148
2179
2130
2159
2134
2173
2136
2151
2122
2142
2146
2142
2116
2117
2128
2107
2119
2094
2107
2088
2121
2102
2111
2088
2131
2119
2139
2116
2139
2137
2162
2150
2137
2141
2155
2169
2162
2164
2145
2169
2159
2204
2174
2193
2169
2206
2181
2215
2190
2195
2192
2214
2196
2197
2194
2197
2213
2195
2204
2185
2204
2189
2199
2166
2186
2161
2196
2163
2175
2139
2176
2161
2171
2149
2145
2140
2150
2134
2122
2128
2111
2143
2115
2112
2073
2110
2086
2111
2061
2085
2041
2091
2054
2084
2034
2053
2044
2053
2021
2027
2027
2045
2024
2020
2033
2006
2055
2030
2049
2014
2069
2032
2087
2030
2078
2052
2103
2070
2100
2081
2090
2092
2114
2102
2112
2107
2125
2143
2122
2128
2100
2141
2124
2139
2096
2125
2088
2117
2068
2088
2030
2082
2036
2054
2034
2026
2016
2028
2021
2013
1996
1966
2009
1987
2011
1968
2001
1987
2021
2004
2029
1987
2031
2020
2031
2010
2019
2016
2029
2038
2019
2025
2025
2051
2032
2057
2018
2052
2042
2058
2027
2035
2037
2049
2058
2054
2043
2050
2067
2063
2050
2023
2028
2015
2013
1967
1970
1944
1955
1911
1903
1848
1860
1832
1842
1788
1778
1751
1739
1748
1725
1735
1721
1746
1715
1746
1706
1742
1718
1768
1730
1775
1749
1801
1798
1838
1823
1847
1840
1861
1847
1858
1867
1865
1903
1899
1924
1892
1931
1884
1936
1889
1926
1884
1940
1889
1918
1888
1901
1888
1923
1890
1896
1874
1917
1923
1904
1913
1893
1935
1926
1939
1905
1941
1911
1969
1931
1965
1927
1993
1960
1993
1969
1980
1978
2001
1983
1987
1982
1972
2020
2001
2017
1999
2038
2024
2047
2022
2051
2021
2067
2042
2060
2027
2068
2044
2047
2021
2029
2021
2041
2025
2028
2030
2013
2045
2048
2064
2030
2077
2067
2111
2096
2117
2094
2136
2136
2154
2129
2134
2143
2162
2163
2146
2143
2151
2179
2162
2179
2130
2165
2160
2178
2136
2150
2139
2158
2144
2145
2133
2135
2137
2137
2143
2114
2124
2110
2133
2096
2095
2080
2091
2051
2063
2010
2022
2002
2028
1975
1972
1950
1957
1956
1938
1931
1924
1942
1917
1926
1884
1916
1902
1941
1903
1930
1903
1946
1920
1953
1920
1955
1941
1982
1967
1967
1968
1966
1987
1985
1979
1969
1988
1976
2020
1992
2031
1990
2044
1998
2058
2015
2032
2016
2060
2021
2052
2018
2010
2027
2019
2005
1984
1997
1999
1991
1948
1967
1920
1960
1901
1934
1876
1924
1891
1916
1878
1894
1870
1903
1873
1898
1885
1868
1887
1889
1879
1863
1892
1895
1913
1873
1889
1867
1918
1895
1915
1886
1912
1918
1935
1921
1926
1920
1952
1949
1938
1953
1951
1989
1987
1998
1987
2019
2007
2046
2025
2047
2028
2065
2068
2081
2076
2070
2082
2084
2083
2082
2080
2097
2108
2104
2120
2083
2111
2111
2135
2101
2132
2113
2153
2143
2161
2133
2162
2147
2158
2178
2147
2164
2174
2191
2159
2164
2129
2188
2158
2202
2144
2192
2167
2208
2177
2193
2154
2186
2180
2187
2162
2184
2190
2184
2197
2158
2177
2176
2206
2175
2210
2158
2206
2172
2213
2167
2205
2179
2214
2193
2206
2186
2208
2208
2219
2190
2183
2205
2189
2214
2178
2199
2171
2215
2179
2208
2164
2193
2166
2215
2165
2189
2155
2171
2171
2177
2155
2156
2157
2175
2176
2140
2143
2132
2158
2122
2135
2095
2118
2091
2111
2060
2064
2024
2051
2009
1998
1971
1958
1963
1936
1915
1882
1883
1860
1879
1840
1851
1817
1857
1828
1839
1830
1835
1839
1867
1854
1854
1848
1875
1872
1864
1871
1847
1860
1856
1880
1851
1863
1845
1880
1855
1871
1839
1880
1874
1889
1878
1881
1901
1927
1929
1923
1937
1937
1983
1974
1996
1960
2010
1999
2025
2003
2039
2014
2060
2054
2076
2043
2075
2071
2089
2102
2089
2095
2097
2123
2114
2131
2082
2133
2120
2145
2090
2133
2102
2144
2114
2128
2088
2132
2106
2132
2098
2099
2102
2097
2118
2091
2109
2080
2115
2082
2123
2059
2088
2070
2120
2074
2105
2080
2090
2090
2105
2082
2085
2079
2084
2086
2052
2058
2033
2079
2047
2050
2007
2046
2032
2066
2017
2034
2018
2064
2020
2040
2035
2026
2036
2047
2031
2027
2030
2024
2055
2017
2015
1990
2030
2011
2024
1999
2012
1989
2021
2002
2010
1985
2016
2016
2015
2009
1991
2010
2008
2014
1999
2010
1988
2029
2020
2048
2019
2048
2039
2069
2062
2066
2054
2079
2089
2086
2070
2061
2105
2102
2111
2078
2090
2087
2107
2076
2090
2057
2102
2070
2076
2028
2053
2033
2040
2031
2014
2005
2018
2023
1998
2008
1971
2012
2003
2030
1987
2028
2012
2064
2035
2069
2030
2072
2055
2092
2062
2072
2077
2099
2113
2102
2104
2117
2142
2128
2154
2113
2143
2117
2162
2109
2144
2123
2166
2121
2153
2110
2143
2109
2139
2133
2118
2109
2111
2129
2106
2106
2102
2118
2095
2132
2086
2116
2096
2147
2086
2132
2085
2115
2100
2128
2104
2121
2111
2119
2133
2109
2111
2106
2127
2111
2107
2082
2117
2103
2142
2112
2118
2103
2153
2125
2138
2112
2132
2142
2158
2138
2130
2144
2150
2172
2152
2163
2150
2190
2186
2199
2175
2198
2190
2220
2194
2204
2186
2204
2217
2214
2229
2210
2230
2238
2236
2219
2236
2216
2254
2219
2247
2205
2244
2231
2247
2222
2238
2223
2250
2224
2239
2236
2214
2230
2218
2234
2207
2223
2220
2234
2186
2218
2176
2224
2180
2214
2163
2199
2178
2199
2180
2186
2150
2186
2166
2152
2173
2132
2158
2148
2162
2119
2141
2102
2161
2103
2138
2089
2141
2107
2135
2104
2120
2099
2124
2093
2093
2071
2096
2103
2100
2118
2084
2115
2102
2116
2087
2126
2087
2137
2110
2148
2098
2140
2111
2138
2107
2110
2093
2128
2131
2124
2111
2109
2142
2137
2144
2118
2143
2139
2165
2145
2172
2131
2173
2150
2189
2149
2168
2161
2167
2172
2172
2159
2159
2179
2174
2195
2151
2175
2158
2193
2159
2176
2151
2181
2170
2183
2154
2172
2166
2179
2151
2154
2156
2168
2193
2158
2169
2159
2200
2175
2209
2167
2185
2187
2222
2192
2201
2191
2203
2215
2214
2200
2201
2212
2216
2232
2201
2220
2192
2230
2203
2222
2186
2213
2203
2230
2203
2219
2190
2232
2195
2220
2214
2195
2209
2208
2214
2197
2211
2185
2205
2225
2175
2211
2196
2240
2176
2186
2166
2172
2183
2186
2162
2151
2161
2147
2178
2128
2151
2121
2188
2144
2168
2141
2164
2137
2175
2128
2149
2117
2162
2140
2131
2110
2093
2112
2107
2089
2075
2095
2066
2112
2067
2091
2056
2103
2065
2106
2064
2098
2079
2113
2073
2092
2067
2075
2086
2074
2064
2065
2078
2079
2081
2057
2075
2057
2086
2049
2073
2044
2090
2056
2076
2045
2043
2021
2021
1991
1976
1961
1928
1942
1928
1932
1903
1917
1904
1939
1916
1937
1926
1962
1947
1983
1973
1976
1986
2011
2009
2006
2016
2038
2060
2038
2049
2017
2042
2030
2056
2021
2042
2017
2052
2015
2027
1999
2025
2035
2037
2043
2017
2029
2023
2057
2035
2056
2038
2075
2048
2084
2038
2075
2058
2108
2056
2087
2070
2096
2091
2098
2081
2082
2079
2069
2103
2043
2054
2024
2070
2027
2039
2007
2034
1999
2039
1993
2033
2008
2055
2024
2034
2025
2036
2041
2062
2054
2054
2080
2055
2082
2045
2076
2045
2084
2042
2072
2019
2037
1997
2028
1977
1977
1919
1917
1910
1906
1871
1840
1834
1832
1799
1761
1777
1731
1752
1707
1723
1668
1693
1667
1698
1662
1664
1655
1704
1679
1699
1694
1698
1735
1754
1765
1763
1789
1803
1831
1813
1839
1816
1868
1852
1865
1844
1869
1872
1889
1873
1872
1872
1904
1899
1902
1920
1888
1923
1922
1947
1921
1947
1924
1953
1926
1944
1912
1943
1926
1935
1932
1918
1915
1930
1942
1931
1926
1923
1943
1934
1959
1915
1954
1937
1976
1943
1977
1943
1983
1972
1993
1966
1997
1990
2010
2007
1984
1998
1999
2031
2009
2011
1987
2042
2010
2044
2002
2043
2025
2074
2050
2069
2022
2067
2051
2078
2034
2053
2051
2060
2070
2047
2055
2052
2082
2056
2073
2023
2069
2047
2086
2034
2083
2052
2097
2081
2097
2066
2093
2077
2098
2065
2069
2075
2075
2087
2071
2070
2044
2063
2045
2084
2043
2060
2034
2079
2039
2051
2037
2057
2051
2080
2052
2058
2058
2088
2094
2080
2087
2080
2109
2080
2095
2063
2103
2093
2115
2079
2095
2075
2109
2066
2069
2043
2019
2032
2023
2010
1987
1999
1982
2004
1978
1993
1971
2006
1979
1999
1991
1996
1974
2006
1979
1991
1968
1989
1970
1956
1953
1930
1951
1939
1952
1923
1943
1918
1961
1929
1965
1931
1967
1934
1965
1951
1961
1948
1961
1949
1950
1926
1920
1958
1930
1950
1915
1935
1921
1942
1886
1911
1855
1912
1871
1897
1840
1877
1832
1852
1835
1825
1805
1822
1812
1809
1812
1775
1792
1774
1781
1741
1753
1742
1761
1692
1711
1651
1699
1657
1672
1614
1639
1609
1647
1587
1606
1570
1611
1578
1581
1576
1550
1566
1556
1554
1526
1545
1509
1551
1510
1544
1505
1561
1521
1546
1521
1537
1532
1581
1579
1597
1591
1631
1633
1633
1643
1643
1680
1686
1687
1665
1698
1676
1713
1700
1723
1694
1731
1725
1735
1726
1735
1738
1758
1766
1778
1767
1763
1789
1799
1813
1791
1806
1805
1828
1813
1825
1801
1837
1833
1862
1826
1851
1840
1843
1845
1820
1822
1823
1830
1816
1827
1789
1805
1789
1835
1809
1834
1817
1844
1861
1877
1871
1897
1909
1918
1911
1912
1931
1920
1971
1939
1968
1954
2011
1978
2033
1982
2023
2011
2059
2030
2062
2058
2074
2090
2087
2075
2069
2086
2107
2126
2092
2126
2091
2146
2107
2150
2102
2153
2131
2180
2143
2171
2152
2209
2168
2181
2175
2167
2187
2198
2190
2178
2180
2174
2214
2184
2210
2162
2215
2174
2208
2174
2202
2174
2239
2194
2220
2175
2218
2204
2212
2198
2187
2194
2209
2197
2183
2196
2158
2198
2163
2187
2144
2183
2150
2177
2132
2134
2107
2161
2153
2147
2130
2113
2136
2133
2146
2122
2131
2130
2155
2154
2165
2135
2147
2154
2167
2128
2140
2127
2142
2150
2139
2130
2125
2155
2132
2124
2103
2126
2115
2127
2098
2127
2099
2124
2102
2107
2075
2092
2079
2094
2065
2058
2050
2030
2053
2030
2036
2000
2030
1978
2018
1977
1993
1962
2009
1967
1992
1963
1978
1982
2004
1977
1977
1978
2005
2005
1982
1997
1978
2015
1986
2012
1977
2006
1983
2034
1987
2007
1968
2023
1970
1995
1959
1952
1940
1943
1909
1900
1883
1860
1893
1846
1860
1822
1865
1839
1846
1820
1848
1824
1871
1827
1860
1825
1886
1865
1871
1858
1867
1871
1900
1891
1899
1908
1895
1930
1919
1944
1915
1952
1924
1963
1920
1935
1897
1941
1900
1916
1862
1869
1871
1877
1856
1846
1852
1869
1864
1859
1879
1841
1889
1876
1892
1846
1882
1873
1917
1887
1902
1885
1925
1917
1927
1919
1903
1911
1922
1931
1908
1903
1903
1901
1873
1886
1854
1892
1874
1882
1835
1852
1827
1838
1815
1809
1795
1799
1795
1777
1773
1742
1770
1755
1765
1727
1735
1699
1738
1709
1722
1691
1716
1710
1727
1711
1707
1701
1712
1731
1739
1747
1748
1773
1763
1800
1773
1818
1811
1864
1837
1885
1854
1895
1881
1926
1893
1929
1910
1923
1942
1933
1940
1949
1977
1964
1978
1951
1999
1979
2029
1981
2027
1996
2071
2046
2073
2041
2081
2068
2104
2075
2103
2092
2106
2132
2115
2124
2117
2153
2138
2157
2098
2124
2095
2146
2086
2106
2067
2099
2078
2094
2048
2071
2059
2084
2043
2050
2055
2059
2077
2053
2050
2037
2066
2025
2060
2016
2046
2028
2071
2030
2052
2023
2025
2028
2044
2006
2020
2015
2026
2007
1973
1969
1947
1964
1931
1927
1905
1919
1891
1914
1886
1904
1887
1911
1898
1913
1899
1883
1905
1919
1917
1903
1903
1880
1924
1899
1925
1899
1942
1927
1965
1957
1970
1954
1997
1994
2005
1984
2023
2034
2044
2064
2050
2067
2078
2099
2075
2103
2066
2128
2106
2145
2095
2150
2130
2165
2140
2151
2138
2171
2154
2147
2131
2128
2166
2158
2174
2140
2163
2153
2195
2152
2184
2130
2182
2159
2196
2159
2197
2173
2203
2189
2186
2174
2198
2187
2207
2223
2189
2209
2196
2224
2193
2212
2196
2234
2203
2238
2184
2213
2183
2229
2188
2196
2165
2182
2175
2182
2155
2152
2150
2121
2142
2098
2115
2092
2133
2094
2103
2067
2098
2071
2093
2038
2050
2027
2049
2009
1992
1969
1962
1951
1935
1925
1909
1901
1880
1903
1867
1879
1845
1879
1837
1865
1835
1864
1858
1885
1858
1877
1870
1871
1876
1864
1861
1839
1858
1833
1833
1812
1829
1807
1832
1788
1807
1789
1823
1811
1823
1813
1823
1831
1838
1838
1836
1849
1836
1876
1852
1880
1847
1883
1863
1884
1848
1862
1836
1870
1844
1857
1817
1813
1818
1826
1819
1793
1813
1823
1839
1815
1847
1805
1866
1846
1877
1839
1877
1858
1908
1878
1891
1859
1900
1875
1895
1879
1856
1888
1880
1909
1870
1898
1887
1934
1908
1942
1898
1950
1923
1974
1928
1974
1944
1981
1982
1986
1977
1996
2004
2004
2018
1981
2000
1980
1999
1953
1973
1921
1968
1938
1965
1911
1942
1909
1958
1931
1939
1925
1938
1953
1962
1947
1948
1942
1940
1960
1926
1939
1907
1956
1903
1937
1907
1930
1900
1933
1893
1899
1871
1885
1896
1899
1886
1877
1902
1909
1903
1893
1910
1886
1932
1903
1918
1892
1939
1908
1923
1888
1890
1875
1889
1857
1851
1835
1826
1843
1817
1816
1800
1832
1822
1848
1807
1834
1841
1884
1866
1889
1858
1901
1907
1916
1901
1907
1914
1927
1910
1912
1935
1903
1950
1935
1946
1903
1938
1921
1971
1936
1969
1931
1975
1947
1981
1965
1953
1951
1950
1950
1936
1928
1927
1942
1907
1923
1879
1918
1898
1937
1899
1934
1897
1949
1922
1957
1918
1965
1948
1969
1968
1946
1956
1974
1987
1976
1973
1942
1998
1967
2013
1951
1990
1974
2015
1994
2020
1985
2039
2013
2035
1999
2049
2033
2049
2058
2055
2073
2096
2122
2105
2138
2104
2144
2123
2175
2131
2172
2163
2209
2199
2220
2198
2230
2233
2242
2211
2225
2238
2242
2250
2233
2247
2237
2259
2242
2264
2228
2265
2243
2268
2242
2248
2236
2254
2255
2257
2242
2235
2232
2248
2262
2234
2242
2244
2264
2239
2240
2216
2252
2242
2260
2228
2238
2224
2260
2227
2223
2217
2212
2228
2219
2226
2207
2222
2192
2237
2203
2203
2168
2217
2179
2200
2167
2188
2177
2211
2183
2195
2187
2215
2211
2189
2186
2163
2196
2192
2194
2156
2179
2154
2199
2157
2183
2135
2200
2161
2194
2161
2171
2151
2187
2166
2171
2150
2151
2184
2159
2167
2139
2185
2173
2187
2147
2187
2144
2202
2156
2198
2157
2200
2174
2196
2173
2184
2170
2201
2186
2193
2196
2167
2196
2174
2192
2162
2184
2166
2205
2172
2205
2195
2168
2207
2181
2200
2170
2163
2172
2164
2151
2128
2144
2126
2129
2076
2088
2067
2110
2063
2066
2035
2062
2049
2054
2016
2023
2020
2043
2009
1991
1990
1962
1987
1976
1964
1937
1969
1943
1969
1926
1947
1932
1975
1947
1955
1944
1946
1953
1964
1968
1962
1965
1971
1972
1944
1958
1919
1956
1933
1939
1901
1914
1899
1919
1880
1880
1859
1882
1867
1839
1836
1803
1803
1804
1802
1761
1757
1728
1763
1732
1763
1718
1759
1736
1780
1783
1801
1778
1819
1803
1827
1803
1836
1842
1851
1867
1843
1869
1871
1916
1888
1919
1879
1941
1914
1951
1893
1945
1924
1967
1938
1942
1924
1951
1953
1957
1939
1938
1964
1958
1984
1956
1980
1965
1995
1969
2003
1957
2001
1970
2016
1959
1992
1970
1997
1978
1987
1980
2011
2006
2018
2033
2009
2014
2006
2034
2003
2023
2004
2033
2007
2031
1991
2019
1986
2017
1974
1985
1967
1973
1971
1970
1945
1929
1947
1926
1954
1918
1933
1914
1956
1921
1946
1932
1958
1952
1974
1953
1974
1977
2009
2005
2008
2009
2009
2049
2050
2049
2027
2052
2047
2092
2059
2079
2052
2087
2085
2099
2092
2080
2082
2104
2100
2097
2098
2085
2111
2099
2110
2079
2107
2089
2112
2093
2112
2087
2129
2093
2095
2067
2107
2089
2079
2082
2051
2054
2052
2054
2027
2038
1995
2035
2011
2034
1986
2019
1993
2048
2033
2049
2018
2054
2055
2083
2057
2068
2092
2101
2127
2111
2126
2120
2155
2126
2164
2110
2157
2138
2178
2125
2160
2131
2176
2154
2165
2113
2151
2142
2159
2143
2117
2114
2110
2131
2094
2096
2077
2096
2049
2058
1989
2026
1990
2019
1968
1989
1958
1973
1951
1961
1929
1945
1927
1922
1931
1912
1920
1914
1939
1917
1938
1935
1968
1959
1994
1969
1985
1968
2011
1997
2019
2000
2032
2032
2039
2028
2037
2044
2057
2076
2067
2072
2071
2103
2086
2113
2092
2109
2111
2144
2127
2152
2146
2161
2179
2174
2168
2174
2187
2197
2204
2202
2208
2203
2237
2204
2218
2208
2243
2235
2259
2230
2248
2236
2268
2237
2245
2242
2244
2266
2234
2233
2212
2246
2231
2244
2198
2216
2179
2209
2155
2176
2118
2139
2126
2136
2113
2125
2094
2127
2105
2106
2122
2095
2124
2109
2122
2098
2137
2102
2147
2094
2135
2086
2133
2087
2117
2080
2092
2067
2098
2059
2080
2044
2067
2050
2046
2044
2022
2046
2038
2037
2001
2032
1978
2016
1966
1987
1912
1937
1878
1875
1803
1786
1723
1718
1656
1634
1564
1534
1531
1501
1496
1462
1477
1479
1503
1497
1531
1504
1554
1535
1558
1517
1560
1529
1567
1544
1538
1514
1548
1545
1534
1531
1501
1527
1526
1545
1525
1550
1548
1595
1574
1609
1583
1636
1637
1664
1638
1654
1655
1684
1668
1668
1662
1692
1704
1706
1718
1695
1720
1715
1737
1713
1732
1722
1763
1761
1771
1757
1784
1791
1809
1809
1803
1807
1815
1837
1820
1821
1805
1819
1805
1811
1769
1791
1776
1794
1749
1779
1743
1771
1767
1786
1760
1782
1787
1789
1800
1765
1786
1796
1836
1814
1832
1810
1868
1855
1901
1864
1911
1895
1960
1955
1977
1963
1998
2008
2026
2004
2028
2040
2031
2070
2031
2056
2051
2091
2059
2098
2054
2092
2060
2109
2073
2098
2054
2091
2079
2103
2072
2088
2087
2106
2082
2080
2098
2088
2124
2106
2138
2114
2148
2132
2189
2140
2176
2147
2212
2180
2213
2190
2208
2197
2208
2179
2173
2174
2204
2190
2156
2165
2143
2186
2158
2178
2134
2172
2159
2192
2151
2172
2163
2214
2179
2187
2177
2168
2190
2193
2194
2184
2189
2163
2201
2174
2202
2167
2202
2180
2199
2191
2195
2188
2214
2187
2207
2180
2208
2211
2211
2215
2214
2227
2228
2252
2226
2244
2217
2259
2234
2263
2221
2261
2230
2250
2226
2225
2216
2234
2228
2233
2215
2204
2231
2220
2240
2213
2231
2219
2251
2212
2242
2195
2252
2233
2263
2223
2265
2240
2264
2250
2264
2250
2267
2274
2274
2280
2244
2280
2268
2294
2255
2272
2251
2291
2248
2274
2220
2270
2241
2264
2209
2223
2201
2211
2193
2179
2152
2172
2162
2118
2139
2086
2111
2066
2103
2053
2096
2070
2098
2064
2086
2061
2094
2070
2099
2102
2087
2085
2084
2117
2108
2117
2102
2117
2098
2147
2104
2141
2107
2142
2111
2152
2117
2135
2123
2158
2130
2132
2116
2122
2146
2134
2138
2122
2153
2160
2156
2147
2166
2148
2203
2169
2191
2158
2194
2171
2190
2171
2167
2167
2193
2174
2161
2151
2136
2156
2147
2148
2110
2138
2129
2163
2130
2136
2115
2149
2135
2138
2115
2131
2156
2146
2142
2114
2126
2132
2139
2105
2106
2074
2115
2085
2102
2054
2077
2065
2098
2078
2078
2058
2089
2084
2092
2095
2078
2110
2104
2110
2098
2105
2106
2122
2090
2131
2081
2123
2084
2120
2075
2111
2071
2099
2075
2082
2057
2076
2065
2067
2079
2048
2064
2053
2085
2061
2078
2039
2095
2069
2106
2057
2099
2090
2135
2107
2125
2098
2140
2150
2155
2135
2174
2186
2180
2207
2186
2203
2198
2234
2193
2238
2190
2227
2194
2234
2178
2214
2187
2202
2178
2166
2134
2146
2138
2120
2100
2068
2071
2056
2068
2025
2040
2016
2041
2010
2036
1990
2020
2004
2030
1991
2001
1961
1972
1971
1964
1942
1936
1941
1948
1958
1935
1945
1931
1980
1967
1992
1970
2011
2012
2031
2005
2035
2025
2063
2047
2048
2051
2050
2073
2067
2058
2032
2070
2043
2084
2067
2075
2051
2102
2072
2088
2091
2102
2111
2130
2127
2114
2121
2150
2162
2135
2136
2110
2151
2119
2131
2090
2114
2091
2124
2071
2077
2038
2076
2032
2039
2024
2015
2017
2017
2007
1997
1994
1971
2013
1987
2008
1971
2004
1985
2008
1974
2010
1976
2027
1991
2023
1991
2039
2013
2025
2010
1996
1996
2006
1999
1986
2010
1969
2008
1982
2031
2008
2059
2043
2101
2064
2112
2070
2135
2111
2148
2112
2140
2156
2178
2178
2171
2166
2185
2207
2200
2216
2172
2210
2196
2235
2185
2218
2187
2244
2207
2238
2195
2240
2222
2244
2226
2219
2227
2242
2241
2218
2217
2224
2222
2206
2223
2189
2208
2180
2206
2165
2183
2161
2201
2186
2190
2165
2173
2166
2172
2163
2140
2140
2134
2147
2125
2117
2093
2124
2111
2118
2090
2100
2091
2117
2107
2100
2088
2087
2101
2098
2102
2094
2099
2075
2106
2083
2109
2088
2127
2092
2117
2088
2109
2114
2151
2126
2137
2130
2129
2158
2137
2137
2107
2138
2125
2126
2075
2099
2063
2103
2048
2075
2030
2084
2058
2075
2028
2032
2013
2051
2018
2015
1996
1975
1999
1977
1968
1925
1960
1939
1982
1929
1966
1925
1983
1948
1980
1943
1978
1983
2015
1983
2008
2000
2039
2022
2030
2046
2018
2048
2029
2045
2016
2035
1994
2056
2008
2024
1964
2004
1956
1988
1952
1957
1932
1952
1930
1937
1924
1945
1943
1944
1950
1918
1944
1957
1971
1949
1993
1961
2011
1988
2016
1976
2008
2005
2021
2013
2020
2006
2031
2048
2041
2032
2029
2062
2060
2077
2041
2075
2079
2117
2100
2114
2104
2143
2140
2142
2128
2146
2148
2158
2161
2134
2141
2138
2166
2142
2148
2107
2131
2126
2152
2110
2127
2106
2124
2133
2118
2115
2110
2135
2135
2140
2135
2157
2134
2175
2142
2163
2127
2170
2150
2180
2152
2167
2159
2195
2176
2189
2184
2177
2200
2194
2205
2183
2213
2208
2243
2193
2234
2188
2240
2211
2246
2188
2243
2232
2271
2242
2268
2235
2285
2262
2266
2275
2248
2282
2282
2298
2269
2287
2261
2319
2270
2318
2262
2331
2297
2330
2299
2314
2296
2335
2304
2316
2288
2334
2335
2332
2331
2294
2319
2315
2333
2302
2311
2280
2329
2291
2310
2268
2316
2283
2309
2274
2284
2261
2293
2279
2277
2260
2269
2296
2276
2281
2270
2281
2286
2297
2282
2308
2278
2313
2288
2313
2292
2321
2304
2320
2320
2310
2308
2324
2337
2319
2331
2298
2324
2315
2340
2315
2323
2318
2344
2335
2350
2323
2349
2347
2357
2327
2331
2334
2336
2359
2337
2339
2334
2359
2335
2354
2309
2334
2325
2355
2308
2340
2319
2338
2340
2348
2322
2330
2346
2349
2355
2315
2328
2313
2350
2306
2329
2302
2340
2321
2363
2310
2329
2302
2350
2304
2331
2309
2317
2330
2318
2302
2293
2295
2268
2306
2262
2279
2249
2294
2256
2274
2248
2274
2250
2287
2243
2270
2243
2281
2262
2272
2258
2246
2261
2265
2267
2248
2248
2216
2246
2198
2215
2161
2193
2144
2167
2104
2116
2070
2099
2045
2068
2019
2027
2041
2046
2046
2034
2041
2052
2044
2019
2045
2016
2049
2020
2023
2048
2036
2102
2075
2083
2055
2100
2090
2104
2094
2117
2131
2137
2149
2143
2153
2155
2178
2170
2192
2158
2198
2189
2204
2183
2209
2190
2222
2211
2203
2188
2211
2216
2224
2216
2198
2222
2216
2230
2199
2218
2211
2238
2215
2225
2203
2243
2236
2258
2220
2218
2216
2218
2227
2209
2206
2202
2215
2204
2223
2179
2206
2192
2220
2179
2195
2161
2198
2189
2211
2171
2203
2190
2212
2197
2182
2176
2180
2202
2179
2190
2184
2199
2183
2211
2157
2196
2172
2222
2168
2215
2173
2214
2185
2205
2180
2196
2168
2189
2206
2188
2181
2174
2199
2180
2188
2146
2188
2173
2212
2173
2200
2187
2232
2205
2224
2190
2211
2198
2232
2204
2219
2197
2198
2219
2199
2202
2182
2202
2195
2217
2178
2186
2164
2211
2190
2194
2161
2189
2202
2199
2183
2182
2196
2202
2203
2193
2195
2179
2210
2201
2212
2185
2217
2212
2238
2208
2214
2206
2238
2214
2213
2209
2189
2205
2195
2191
2175
2185
2196
2207
2164
2190
2142
2192
2165
2186
2142
2176
2173
2188
2170
2183
2169
2185
2182
2183
2203
2171
2212
2193
2214
2181
2204
2173
2233
2198
2227
2184
2245
2211
2231
2211
2229
2214
2237
2225
2214
2188
2200
2203
2182
2202
2149
2175
2148
2185
2131
2157
2115
2159
2121
2153
2098
2132
2093
2107
2093
2080
2061
2079
2082
2056
2028
2008
2041
2029
2030
1988
2003
1974
2007
1966
1987
1937
1983
1943
1973
1918
1955
1924
1935
1925
1905
1896
1914
1924
1922
1922
1885
1919
1906
1936
1897
1922
1907
1942
1937
1948
1921
1936
1937
1949
1935
1943
1954
1948
1978
1973
1991
1965
2001
1991
2018
1987
2003
1997
2024
1996
2010
1990
1981
1978
1975
1966
1935
1950
1939
1934
1913
1918
1875
1914
1898
1912
1880
1918
1913
1938
1920
1933
1923
1956
1946
1953
1965
1949
1981
1982
2003
1982
2012
1999
2065
2030
2065
2021
2081
2056
2094
2084
2103
2100
2130
2122
2128
2106
2136
2156
2139
2143
2120
2152
2135
2153
2116
2146
2092
2150
2104
2133
2077
2125
2090
2120
2100
2119
2099
2128
2122
2128
2113
2111
2149
2129
2147
2119
2144
2130
2164
2135
2168
2108
2158
2124
2163
2107
2141
2117
2147
2123
2129
2098
2118
2105
2102
2090
2072
2081
2064
2074
2050
2067
2072
2088
2058
2086
2059
2111
2091
2121
2084
2104
2098
2134
2107
2103
2069
2106
2099
2095
2100
2072
2085
2084
2083
2046
2057
2041
2071
2047
2052
2023
2046
2040
2043
2021
2011
2011
2019
2026
2008
2020
2028
2033
2015
2038
2017
2063
2055
2085
2054
2097
2075
2109
2110
2120
2115
2129
2138
2125
2139
2114
2111
2111
2132
2105
2119
2068
2102
2067
2090
2044
2062
2027
2060
2021
2008
1977
1980
1968
1956
1923
1904
1898
1863
1880
1847
1868
1846
1898
1871
1910
1873
1909
1888
1943
1900
1936
1920
1941
5835
2010
2013
2028
2026
2025
2013
2013
2019
2023
2016
2019
2019
2016
2029
2027
2027
2027
2027
2022
2026
2020
2027
2016
2010
2031
2031
2019
2031
2035
2047
2038
2026
2030
2033
2036
2050
2054
2051
2055
2061
2069
2075
2083
2088
2089
2090
2090
2088
2091
2098
2108
2106
2100
2092
2094
2084
2096
2091
2098
2099
2102
2105
2103
2094
2096
2103
2107
2106
2107
2103
2106
2110
2111
2104
2109
2100
2086
2085
2083
2080
2078
2075
2066
2070
2072
2073
2070
2077
2075
2070
2071
2074
2074
2087
2093
2096
2075
2079
2086
2087
2082
2086
2093
2092
2082
2077
2078
2077
2068
2060
2048
2043
2038
2045
2034
2033
2030
2018
2011
2002
2005
1987
1980
1966
1965
1965
1960
1955
1946
1941
1938
1935
1929
1922
1911
1907
1914
1923
1928
1929
1924
1931
1934
1936
1935
1944
1947
1946
1945
1961
1957
1951
1955
1960
1960
1979
1970
1972
1978
1982
1978
1978
1984
1996
1997
1999
2000
2003
2002
1999
2003
2005
2003
2003
2001
1993
1992
1995
1991
1988
1985
1986
1992
1991
1981
1991
1991
1988
1978
1986
1991
1998
1996
2002
2007
2001
2010
2020
2023
2028
2025
2038
2045
2052
2049
2052
2055
2059
2065
2070
2070
2077
2074
2081
2081
2082
2079
2081
2069
2074
2074
2069
2056
2054
2060
2058
2059
2061
2044
2045
2048
2049
2055
2063
2056
2050
2037
2042
2042
2049
2043
2055
2043
2038
2035
2036
2028
2024
2034
2033
2032
2024
2020
2011
2004
2006
2001
1990
1997
1997
1995
1991
1990
1990
1989
1990
1993
1989
1979
1972
1970
1972
1978
1972
1975
1975
1972
1979
1979
1966
1976
1983
1980
1984
1991
1991
1995
2006
2012
2016
2013
2016
2031
2040
2044
2049
2045
2052
2052
2058
2060
2060
2056
2058
2058
2057
2058
2053
2050
2049
2041
2019
2018
2005
1995
2000
1983
1961
1961
1942
1928
1928
1922
1917
1917
1915
1904
1911
1917
1918
1912
1919
1931
1932
1943
1943
1960
1954
1964
1979
1977
1983
1993
1996
1998
2006
2012
2026
2026
2030
2027
2028
2039
2047
2050
2050
2060
2052
2064
2062
2062
2076
2079
2079
2085
2091
2095
2093
2095
2101
2101
2100
2099
2106
2116
2113
2123
2129
2127
2125
2136
2133
2151
2148
2143
2146
2144
2132
2132
2134
2130
2132
2130
2127
2112
2111
2112
2102
2094
2078
2067
2067
2059
2052
2052
2046
2031
2035
2035
2024
2023
2022
2016
2012
2018
2016
2016
2028
2027
2023
2024
2030
2028
2021
2035
2032
2031
2036
2036
2037
2028
2022
2022
2020
2018
2029
2028
2036
2031
2032
2037
2033
2038
2042
2036
2043
2043
2051
2048
2044
2054
2060
2063
2062
2061
2066
2076
2076
2076
2081
2085
2092
2098
2092
2099
2101
2111
2107
2106
2106
2112
2114
2118
2122
2128
2127
2131
2134
2137
2137
2142
2145
2156
2140
2150
2157
2162
2151
2163
2165
2174
2172
2170
2185
2173
2187
2180
2187
2186
2184
2187
2194
2195
2202
2206
2197
2197
2196
2196
2208
2201
2198
2191
2187
2200
2208
2204
2207
2205
2200
2199
2204
2200
2203
2197
2199
2208
2216
2213
2206
2206
2206
2206
2195
2192
2199
2203
2198
2192
2193
2185
2172
2173
2166
2162
2163
2163
2152
2143
2144
2144
2134
2123
2128
2124
2126
2115
2110
2113
2116
2117
2115
2113
2122
2118
2117
2108
2117
2117
2117
2110
2110
2109
2111
2119
2121
2119
2118
2119
2122
2117
2114
2107
2120
2120
2124
2109
2111
2106
2108
2112
2105
2099
2093
2096
2094
2079
2083
2088
2086
2079
2073
2067
2068
2057
2057
2056
2055
2056
2053
2052
2056
2058
2049
2054
2051
2053
2043
2033
2024
2026
2014
2009
1998
1985
1975
1970
1953
1952
1949
1938
1917
1906
1883
1882
1882
1869
1853
1842
1839
1837
1840
1827
1825
1825
1819
1821
1838
1834
1843
1853
1855
1864
1881
1880
1883
1895
1900
1894
1900
1907
1912
1911
1921
1919
1910
1915
1923
1922
1917
1912
1910
1901
1902
1909
1904
1895
1894
1899
1898
1894
1894
1882
1879
1879
1884
1881
1884
1891
1887
1888
1882
1883
1885
1878
1886
1896
1891
1887
1874
1886
1885
1890
1896
1894
1904
1895
1897
1905
1907
1909
1905
1901
1903
1912
1908
1911
1929
1935
1939
1951
1959
1978
1985
1994
1992
2000
2012
2016
2016
2027
2035
2037
2039
2039
2041
2041
2050
2059
2064
2054
2062
2065
2077
2067
2075
2081
2079
2085
2080
2089
2088
2087
2088
2091
2086
2079
2076
2088
2082
2075
2071
2066
2073
2075
2072
2079
2077
2075
2070
2071
2065
2063
2069
2067
2061
2073
2069
2084
2078
2078
2078
2078
2082
2082
2089
2091
2096
2094
2088
2077
2090
2092
2103
2090
2089
2078
2087
2089
2083
2081
2091
2084
2085
2088
2088
2099
2095
2091
2080
2085
2078
2083
2082
2081
2070
2076
2073
2071
2073
2066
2064
2063
2063
2056
2064
2058
2053
2058
2068
2060
2062
2050
2045
2055
2063
2051
2054
2054
2057
2055
2052
2058
2063
2065
2067
2063
2068
2076
2081
2081
2080
2080
2083
2085
2083
2085
2089
2094
2100
2095
2100
2104
2104
2099
2095
2097
2094
2086
2087
2083
2095
2088
2083
2093
2091
2074
2086
2085
2087
2089
2092
2084
2090
2091
2087
2092
2080
2068
2077
2079
2071
2076
2068
2064
2067
2071
2059
2064
2057
2056
2056
2062
2057
2063
2057
2063
2070
2076
2078
2076
2078
2073
2075
2073
2080
2078
2082
2082
2084
2082
2088
2080
2080
2076
2076
2081
2089
2079
2078
2083
2089
2091
2091
2102
2098
2104
2104
2101
2102
2113
2115
2122
2120
2130
2125
2135
2132
2131
2127
2132
2130
2133
2134
2132
2138
2137
2134
2131
2130
2131
2134
2122
2121
2107
2107
2117
2117
2107
2104
2067
2059
2071
2072
2079
2082
2067
2062
2076
2083
2087
2072
2071
2084
2076
2082
2085
2087
2088
2092
2095
2102
2102
2104
2094
2104
2101
2103
2110
2111
2104
2100
2093
2099
2095
2086
2092
2090
2086
2082
2079
2074
2073
2066
2070
2061
2055
2056
2062
2056
2052
2063
2071
2066
2071
2075
2087
2083
2087
2098
2104
2101
2112
2116
2119
2122
2120
2119
2127
2125
2126
2121
2120
2138
2131
2124
2128
2126
2126
2125
2129
2117
2103
2088
2095
2098
2091
2077
2072
2070
2063
2055
2049
2050
2051
2042
2031
2047
2052
2063
2068
2070
2074
2080
2096
2106
2108
2118
2119
2128
2124
2139
2137
2138
2139
2148
2141
2149
2152
2153
2159
2155
2153
2156
2165
2169
2159
2153
2151
2152
2161
2160
2164
2153
2151
2158
2154
2157
2165
2155
2154
2157
2156
2156
2160
2172
2165
2152
2153
2148
2145
2138
2127
2129
2123
2119
2115
2103
2104
2099
2099
2101
2090
2093
2092
2087
2082
2080
2087
2085
2072
2072
2074
2071
2074
2066
2065
2065
2061
2056
2049
2050
2043
2048
2042
2048
2055
2058
2060
2058
2063
2058
2064
2058
2055
2050
2048
2048
2040
2035
2026
2022
2012
2008
2003
1990
1996
1992
1982
1982
1987
1984
1990
1977
1986
1987
1991
1997
1996
1990
2003
2004
2019
2032
2018
2021
2019
2035
2036
2044
2050
2057
2056
2070
2074
2084
2076
2079
2082
2086
2092
2094
2099
2102
2106
2110
2106
2105
2108
2112
2111
2123
2120
2127
2136
2125
2132
2140
2138
2135
2146
2138
2144
2145
2153
2151
2156
2146
2153
2147
2155
2155
2163
2165
2150
2150
2158
2158
2161
2162
2164
2160
2159
2158
2166
2151
2146
2155
2162
2164
2166
2164
2154
2154
2150
2154
2155
2161
2160
2159
2161
2152
2160
2161
2154
2158
2157
2158
2157
2161
2155
2153
2150
2152
2143
2148
2147
2142
2136
2138
2132
2131
2127
2131
2127
2117
2109
2106
2112
2107
2102
2099
2112
2119
2114
2106
2112
2111
2121
2122
2117
2114
2118
2125
2124
2123
2128
2116
2113
2113
2115
2115
2129
2132
2121
2113
2121
2128
2123
2121
2121
2116
2110
2117
2112
2118
2110
2112
2113
2115
2113
2110
2113
2119
2116
2115
2103
2099
2096
2106
2100
2105
2103
2111
2105
2108
2116
2108
2113
2118
2116
2107
2108
2100
2106
2102
2100
2101
2109
2107
2107
2110
2116
2116
2122
2118
2122
2130
2135
2122
2115
2110
2117
2127
2124
2125
2117
2125
2121
2118
2126
2116
2115
2118
2117
2122
2114
2118
2118
2118
2122
2121
2127
2125
2117
2121
2118
2121
2117
2118
2126
2133
2136
2127
2134
2135
2139
2137
2135
2141
2141
2146
2150
2150
2145
2141
2152
2150
2142
2144
2142
2139
2143
2147
2150
2145
2135
2134
2125
2132
2128
2118
2112
2113
2117
2108
2111
2110
2108
2111
2129
2113
2100
2090
2098
2105
2101
2098
2086
2076
2080
2076
2070
2062
2066
2070
2054
2061
2044
2044
2037
2036
2025
2022
2036
2040
2028
2025
2023
2023
2024
2031
2038
2041
2033
2038
2041
2055
2063
2071
2070
2066
2072
2075
2086
2084
2099
2088
2098
2091
2105
2106
2115
2107
2104
2087
2089
2084
2070
2070
2067
2066
2067
2057
2052
2054
2039
2040
2042
2039
2040
2043
2039
2031
2025
2030
2039
2036
2030
2021
2035
2036
2028
2027
2019
2013
2016
2025
2035
2039
2038
2033
2041
2041
2037
2035
2035
2040
2050
2051
2045
2045
2066
2052
2055
2062
2062
2080
2079
2080
2074
2073
2076
2068
2064
2045
2048
2028
2021
1988
1976
1947
1930
1903
1891
1855
1830
1807
1787
1764
1754
1741
1730
1727
1723
1729
1724
1717
1732
1733
1738
1744
1757
1775
1777
1793
1810
1815
1820
1838
1841
1859
1860
1878
1885
1886
1893
1903
1903
1915
1905
1912
1907
1915
1920
1909
1901
1899
1901
1894
1896
1896
1890
1882
1880
1890
1885
1891
1887
1894
1899
1907
1904
1905
1926
1936
1933
1932
1940
1950
1946
1949
1948
1962
1964
1966
1968
1967
1978
1975
1991
1986
1992
2000
2014
2028
2027
2027
2028
2031
2026
2029
2030
2039
2037
2041
2034
2024
2024
2026
2032
2017
2018
2024
2031
2023
2029
2035
2042
2043
2064
2070
2076
2090
2083
2085
2098
2104
2108
2107
2110
2117
2113
2113
2127
2126
2135
2132
2140
2144
2140
2139
2136
2147
2155
2158
2161
2159
2150
2152
2152
2149
2145
2152
2157
2159
2158
2161
2154
2148
2137
2125
2119
2107
2100
2094
2086
2078
2069
2061
2040
2034
2026
2022
2004
1992
1988
1978
1977
1967
1961
1958
1964
1961
1966
1972
1970
1977
1975
1965
1967
1970
1971
1968
1981
1989
1985
1981
1996
1991
2002
1992
1999
2010
2017
2015
2017
2017
2028
2032
2031
2040
2042
2035
2028
2036
2033
2034
2029
2031
2015
2010
2008
2005
1995
1989
1981
1968
1972
1974
1963
1963
1951
1958
1959
1950
1947
1953
1956
1961
1966
1969
1975
1977
1978
1981
1974
1974
1981
1989
1996
1981
1987
1993
1999
1991
1987
1994
1994
1988
1981
1980
1979
1988
1988
1992
1991
1994
2005
1996
1999
2004
2014
2019
2025
2028
2035
2034
2037
2042
2049
2052
2066
2059
2062
2061
2069
2074
2079
2091
2090
2085
2078
2083
2096
2098
2100
2107
2098
2110
2106
2127
2121
2127
2117
2126
2126
2136
2133
2139
2151
2147
2145
2153
2146
2147
2151
2153
2156
2151
2151
2158
2152
2149
2147
2145
2143
2147
2145
2140
2149
2142
2141
2142
2158
2154
2146
2140
2147
2154
2159
2156
2162
2160
2159
2166
2163
2171
2165
2159
2153
2167
2171
2177
2179
2169
2163
2159
2155
2171
2176
2170
2158
2157
2163
2171
2165
2168
2164
2170
2170
2170
2172
2163
2158
2154
2158
2150
2153
2143
2143
2126
2133
2128
2119
2112
2107
2094
2076
2075
2071
2081
2070
2052
2044
2035
2021
2017
2003
1994
1975
1977
1962
1962
1948
1934
1921
1917
1916
1912
1903
1907
1905
1917
1921
1916
1913
1918
1918
1928
1944
1947
1948
1957
1959
1960
1970
1970
1960
1962
1963
1963
1967
1970
1973
1974
1973
1978
1982
1980
1978
1977
1986
1997
2008
2013
2015
2020
2027
2033
2043
2041
2045
2048
2055
2052
2057
2061
2068
2072
2079
2084
2087
2087
2089
2096
2105
2095
2103
2104
2108
2112
2107
2112
2117
2113
2108
2104
2111
2120
2120
2124
2122
2127
2114
2116
2117
2112
2110
2123
2118
2111
2114
2115
2116
2115
2108
2100
2107
2095
2102
2113
2110
2103
2094
2098
2095
2091
2094
2102
2092
2081
2084
2091
2089
2085
2076
2069
2077
2074
2074
2073
2073
2074
2073
2077
2070
2067
2075
2073
2077
2073
2071
2077
2084
2082
2084
2083
2086
2080
2085
2091
2088
2080
2078
2079
2078
2088
2088
2079
2077
2078
2072
2067
2083
2082
2079
2069
2081
2091
2093
2098
2087
2092
2093
2103
2101
2105
2098
2096
2096
2098
2101
2105
2101
2103
2106
2110
2107
2111
2114
2111
2109
2114
2119
2111
2117
2111
2085
2082
2078
2066
2051
2046
2034
2031
2026
2015
2020
2009
2006
2004
2016
2013
2006
2004
2007
2018
2027
2028
2030
2035
2030
2039
2044
2059
2058
2068
2062
2069
2076
2090
2087
2091
2078
2097
2097
2092
2093
2097
2098
2106
2103
2096
2104
2099
2094
2095
2090
2088
2093
2091
2103
2104
2098
2082
2087
2089
2095
2083
2083
2082
2088
2095
2091
2082
2095
2094
2082
2088
2083
2073
2074
2086
2091
2087
2087
2087
2086
2079
2076
2088
2089
2084
2080
2083
2091
2100
2096
2094
2095
2095
2105
2105
2102
2105
2109
2111
2115
2111
2109
2117
2119
2123
2125
2129
2125
2135
2138
2132
2127
2135
2143
2146
2141
2153
2146
2154
2155
2152
2156
2156
2157
2162
2171
2162
2173
2167
2180
2179
2183
2175
2173
2169
2172
2170
2182
2177
2186
2180
2181
2184
2178
2177
2181
2186
2176
2172
2164
2177
2170
2178
2175
2165
2163
2161
2156
2157
2153
2152
2135
2134
2130
2131
2127
2130
2128
2122
2112
2110
2101
2096
2098
2097
2090
2087
2081
2084
2082
2083
2090
2089
2082
2080
2095
2103
2099
2101
2108
2103
2107
2104
2107
2098
2102
2095
2093
2101
2096
2094
2082
2086
2092
2104
2097
2098
2106
2106
2104
2105
2107
2116
2117
2130
2128
2119
2126
2130
2128
2131
2132
2133
2127
2134
2138
2141
2143
2137
2139
2151
2157
2152
2145
2147
2145
2148
2150
2161
2154
2150
2144
2143
2139
2137
2150
2147
2134
2137
2134
2143
2136
2130
2145
2143
2128
2135
2142
2143
2141
2140
2149
2149
2144
2153
2160
2158
2158
2153
2159
2159
2159
2163
2165
2164
2158
2165
2159
2173
2159
2150
2158
2174
2176
2161
2145
2150
2155
2165
2165
2155
2158
2159
2161
2161
2156
2147
2143
2142
2148
2152
2143
2147
2131
2130
2129
2142
2137
2139
2133
2126
2122
2123
2126
2135
2132
2136
2132
2130
2130
2122
2126
2132
2129
2126
2124
2113
2119
2120
2113
2118
2107
2114
2110
2109
2109
2099
2100
2099
2098
2100
2106
2098
2095
2089
2088
2082
2075
2080
2082
2084
2076
2078
2074
2073
2066
2067
2077
2079
2077
2075
2082
2081
2084
2072
2068
2060
2049
2038
2032
2016
2008
1995
1982
1962
1952
1937
1933
1923
1922
1917
1925
1926
1925
1935
1942
1955
1955
1950
1973
1987
1986
2002
2008
2016
2029
2027
2023
2033
2042
2047
2052
2048
2041
2034
2042
2035
2033
2027
2026
2024
2022
2025
2032
2027
2023
2029
2033
2028
2032
2037
2045
2047
2050
2056
2049
2051
2058
2064
2060
2059
2054
2065
2063
2070
2060
2052
2056
2053
2054
2045
2046
2056
2049
2044
2048
2048
2041
2031
2043
2038
2039
2044
2050
2041
2050
2051
2047
2046
2050
2050
2059
2052
2066
2058
2051
2055
2064
2061
2059
2056
2045
2038
2029
2028
2017
2015
1999
1989
1975
1965
1959
1940
1929
1913
1899
1883
1868
1866
1863
1858
1851
1849
1847
1842
1827
1834
1837
1848
1847
1851
1852
1864
1871
1871
1884
1898
1905
1907
1911
1909
1913
1920
1924
1929
1931
1918
1926
1919
1914
1909
1921
1931
1937
1927
1941
1948
1957
1955
1965
1980
1985
1987
1996
2003
2014
2007
2010
2004
2008
2008
2016
2021
2019
2018
2019
2021
2024
2029
2033
2026
2032
2038
2037
2039
2036
2048
2042
2050
2033
2035
2029
2034
2037
2043
2043
2035
2041
2042
2044
2047
2039
2035
2040
2044
2046
2049
2046
2046
2044
2043
2048
2047
2051
2048
2057
2046
2043
2050
2052
2056
2053
2048
2038
2038
2040
2034
2049
2046
2054
2062
2061
2070
2070
2068
2066
2070
2069
2074
2082
2082
2081
2080
2087
2084
2077
2085
2092
2103
2094
2097
2082
2101
2094
2095
2090
2087
2079
2076
2084
2089
2095
2087
2089
2094
2089
2078
2091
2097
2084
2090
2099
2104
2099
2101
2102
2099
2106
2104
2102
2099
2096
2089
2084
2070
2053
2051
2055
2045
2032
2029
2027
2024
2028
2027
2035
2049
2038
2036
2033
2034
2038
2035
2027
2032
2031
2028
2013
2015
2019
2009
2007
2009
2008
2004
2012
2001
2002
2014
2015
2015
2021
2019
2019
2024
2011
2011
2007
2012
2006
1999
1999
1999
1993
1978
1979
1985
1975
1972
1971
1962
1943
1935
1936
1937
1923
1908
1894
1891
1893
1880
1868
1859
1847
1846
1845
1833
1831
1818
1829
1824
1815
1810
1796
1787
1781
1769
1759
1751
1740
1726
1717
1717
1710
1703
1701
1705
1698
1697
1699
1705
1713
1709
1706
1705
1700
1693
1699
1699
1690
1691
1687
1685
1685
1686
1681
1683
1689
1702
1711
1717
1734
1733
1742
1747
1760
1771
1771
1771
1781
1783
1787
1787
1789
1777
1785
1784
1789
1787
1785
1780
1779
1782
1780
1789
1788
1789
1798
1803
1801
1808
1813
1815
1819
1829
1832
1836
1849
1858
1865
1864
1868
1877
1880
1875
1865
1871
1873
1870
1865
1860
1865
1859
1853
1863
1862
1864
1863
1878
1893
1908
1919
1920
1928
1934
1941
1946
1952
1951
1954
1953
1961
1978
1988
1991
1998
2007
2008
2012
2016
2015
2023
2030
2041
2048
2049
2052
2063
2070
2075
2072
2079
2080
2075
2085
2089
2097
2098
2102
2105
2105
2118
2120
2118
2116
2115
2118
2125
2138
2131
2136
2132
2144
2142
2147
2137
2148
2140
2142
2151
2153
2152
2158
2162
2159
2147
2145
2155
2162
2161
2159
2159
2154
2151
2135
2154
2152
2150
2145
2144
2143
2140
2137
2133
2129
2121
2110
2111
2110
2110
2102
2107
2107
2110
2107
2115
2120
2116
2117
2128
2122
2123
2118
2127
2136
2130
2128
2133
2138
2144
2142
2142
2134
2140
2128
2127
2134
2140
2132
2122
2120
2126
2129
2128
2126
2122
2118
2110
2119
2117
2120
2116
2114
2106
2103
2098
2101
2090
2078
2073
2073
2065
2061
2054
2052
2041
2038
2031
2026
2030
2019
2013
1997
1996
1993
2006
2004
2015
2010
2008
1996
2002
2006
2008
2013
2011
2011
2021
2017
2023
2023
2017
2020
2018
2014
2012
2010
2015
2002
2001
1988
1981
1980
1967
1956
1958
1964
1963
1956
1941
1946
1938
1943
1928
1926
1927
1931
1926
1931
1925
1918
1918
1919
1922
1920
1922
1906
1913
1907
1909
1915
1914
1917
1914
1900
1901
1895
1890
1886
1883
1882
1883
1861
1849
1842
1841
1837
1834
1836
1827
1835
1823
1831
1830
1832
1838
1838
1841
1851
1851
1854
1860
1870
1875
1878
1890
1896
1899
1896
1903
1900
1911
1916
1907
1903
1916
1920
1921
1915
1910
1903
1892
1889
1878
1879
1859
1851
1837
1832
1826
1808
1803
1801
1785
1774
1779
1782
1781
1775
1754
1757
1750
1742
1739
1735
1732
1729
1742
1746
1737
1736
1743
1743
1762
1755
1769
1780
1793
1803
1820
1825
1839
1850
1854
1872
1884
1900
1897
1911
1912
1918
1929
1939
1941
1946
1949
1958
1964
1973
1969
1978
1981
1988
2003
2014
2013
2012
2022
2025
2030
2034
2033
2038
2052
2057
2060
2060
2075
2076
2083
2089
2102
2094
2102
2100
2102
2095
2090
2083
2085
2089
2077
2073
2071
2071
2072
2074
2073
2063
2071
2075
2073
2071
2071
2073
2066
2063
2055
2055
2043
2041
2045
2047
2042
2043
2048
2056
2053
2058
2050
2059
2053
2048
2053
2046
2048
2038
2027
2017
2018
2008
1995
1993
1987
1968
1967
1965
1950
1950
1941
1948
1944
1939
1937
1928
1920
1913
1913
1919
1916
1920
1912
1921
1920
1915
1924
1930
1943
1953
1947
1943
1967
1970
1991
1993
1990
1996
2005
2019
2023
2015
2028
2050
2054
2053
2054
2063
2063
2076
2079
2086
2080
2093
2092
2100
2099
2105
2104
2112
2102
2102
2113
2121
2124
2126
2128
2132
2131
2134
2134
2135
2132
2141
2144
2147
2145
2152
2153
2163
2161
2156
2170
2164
2164
2166
2188
2178
2178
2179
2187
2190
2190
2195
2187
2189
2189
2186
2183
2185
2180
2182
2174
2179
2174
2171
2162
2159
2148
2142
2138
2128
2117
2119
2094
2087
2083
2075
2058
2043
2033
2006
2002
1983
1973
1947
1950
1938
1932
1915
1901
1892
1896
1902
1904
1911
1928
1924
1933
1944
1959
1956
1965
1974
1983
1980
1987
1982
1972
1971
1963
1954
1952
1947
1932
1913
1903
1893
1891
1885
1876
1872
1860
1857
1849
1855
1859
1867
1860
1870
1874
1880
1884
1899
1905
1900
1903
1906
1900
1907
1907
1910
1914
1920
1908
1907
1915
1923
1906
1908
1911
1915
1907
1909
1917
1917
1927
1928
1929
1923
1926
1928
1941
1948
1943
1946
1949
1944
1950
1939
1942
1941
1947
1939
1942
1944
1935
1926
1944
1940
1935
1935
1939
1942
1943
1935
1945
1955
1965
1969
1978
1974
1986
1992
1995
1991
1992
1996
1992
1991
1986
1978
1956
1959
1956
1952
1948
1939
1943
1942
1948
1950
1956
1957
1958
1958
1958
1955
1969
1961
1959
1961
1961
1971
1967
1956
1961
1958
1950
1958
1967
1961
1969
1968
1958
1963
1970
1968
1971
1982
1987
1995
1990
1987
1983
1977
1990
1995
1991
1985
1984
1970
1967
1972
1970
1967
1958
1947
1946
1939
1926
1911
1904
1905
1903
1896
1892
1897
1900
1902
1910
1912
1916
1911
1917
1911
1901
1907
1905
1913
1915
1916
1922
1929
1929
1924
1928
1934
1941
1951
1959
1968
1955
1959
1969
1970
1968
1974
1977
1968
1975
1954
1954
1955
1964
1961
1960
1939
1929
1926
1927
1927
1928
1929
1925
1920
1921
1924
1911
1922
1929
1935
1937
1947
1947
1961
1966
1960
1970
1977
1977
1978
1967
1981
1963
1961
1969
1971
1968
1970
1969
1968
1975
1975
1968
1982
1994
1992
1995
2001
2016
2028
2040
2043
2054
2057
2077
2087
2096
2101
2111
2123
2133
2136
2139
2147
2154
2163
2168
2171
2172
2185
2190
2199
2195
2199
2202
2203
2198
2199
2202
2218
2208
2216
2204
2203
2209
2212
2212
2217
2218
2210
2211
2210
2207
2210
2213
2209
2214
2215
2210
2216
2217
2217
2214
2211
2221
2211
2202
2198
2199
2205
2199
2203
2200
2201
2194
2201
2191
2177
2174
2177
2174
2181
2170
2170
2172
2176
2178
2177
2180
2180
2184
2182
2185
2186
2180
2184
2191
2180
2171
2174
2185
2188
2181
2173
2167
2169
2173
2176
2166
2170
2171
2180
2176
2170
2177
2179
2178
2183
2186
2181
2178
2183
2167
2176
2178
2184
2179
2177
2169
2172
2169
2172
2186
2168
2169
2169
2162
2163
2169
2182
2171
2176
2162
2155
2164
2173
2167
2168
2171
2174
2168
2160
2162
2160
2163
2158
2155
2148
2142
2142
2143
2134
2131
2127
2121
2120
2109
2107
2109
2101
2094
2088
2092
2095
2079
2065
2058
2061
2047
2033
2038
2031
2028
2026
2023
2024
2021
2020
2019
2011
2010
2002
2007
1997
2000
2003
2003
2008
2005
1996
2000
2002
2011
2005
2002
1990
1988
1993
1994
1988
1988
1981
1973
1963
1956
1949
1942
1928
1918
1914
1895
1881
1856
1844
1838
1831
1821
1823
1810
1810
1801
1799
1810
1805
1810
1798
1805
1815
1826
1827
1841
1845
1856
1865
1878
1873
1866
1876
1899
1899
1903
1919
1928
1937
1947
1947
1951
1950
1963
1956
1959
1967
1974
1967
1966
1977
1967
1975
1973
1983
1968
1971
1969
1970
1973
1977
1964
1958
1933
1936
1928
1931
1920
1917
1925
1933
1934
1938
1950
1959
1959
1955
1969
1970
1983
1987
1994
1986
1988
1993
1999
2004
2014
2010
2001
2008
2002
2003
2006
2011
2010
2005
1992
1993
1994
1998
1999
1993
1982
1979
1979
1977
1978
1965
1967
1969
1967
1971
1973
1985
1988
1990
1991
1999
2000
2012
2025
2036
2037
2045
2048
2053
2055
2046
2053
2068
2070
2079
2084
2079
2091
2098
2092
2080
2095
2104
2101
2104
2103
2107
2094
2091
2099
2108
2108
2114
2109
2104
2105
2110
2110
2096
2092
2082
2071
2072
2066
2051
2041
2039
2044
2033
2029
2019
2017
2017
2011
2007
2003
2009
2019
2017
2024
2025
2035
2040
2046
2056
2065
2071
2070
2088
2083
2097
2100
2112
2121
2126
2118
2110
2119
2122
2125
2127
2122
2119
2131
2138
2133
2135
2130
2124
2129
2138
2139
2136
2128
2112
2107
2100
2089
2086
2081
2072
2071
2053
2051
2034
2023
2008
2000
1987
1978
1972
1958
1945
1942
1944
1947
1949
1952
1948
1943
1958
1954
1966
1970
1973
1979
1987
1993
2003
2003
1997
2001
2017
2021
2030
2030
2034
2039
2045
2063
2053
2055
2066
2074
2073
2080
2091
2091
2097
2105
2100
2110
2116
2124
2125
2124
2130
2137
2138
2146
2144
2146
2144
2153
2154
2163
2157
2161
2157
2169
2179
2185
2173
2184
2195
2191
2197
2194
2191
2203
2203
2206
2214
2207
2202
2198
2193
2186
2187
2183
2189
2181
2170
2164
2170
2159
2154
2141
2151
2149
2151
2149
2153
2140
2149
2154
2163
2156
2146
2137
2143
2143
2140
2140
2131
2124
2113
2116
2116
2114
2106
2096
2098
2097
2091
2095
2089
2085
2069
2072
2074
2080
2069
2059
2044
2033
2018
2002
1979
1947
1916
1884
1849
1832
1810
1784
1760
1731
1733
1722
1728
1719
1727
1738
1731
1736
1755
1751
1752
1751
1750
1751
1743
1743
1742
1734
1725
1722
1717
1706
1701
1700
1685
1684
1686
1686
1693
1699
1702
1711
1710
1700
1708
1717
1732
1723
1714
1717
1729
1733
1724
1741
1739
1751
1756
1754
1761
1766
1775
1781
1781
1787
1785
1783
1794
1800
1814
1817
1825
1827
1836
1851
1863
1870
1859
1862
1870
1878
1880
1882
1885
1864
1851
1856
1852
1848
1836
1841
1835
1823
1817
1818
1810
1814
1816
1811
1818
1812
1810
1811
1816
1810
1819
1837
1839
1838
1841
1860
1872
1879
1893
1899
1906
1911
1921
1936
1944
1959
1961
1979
1977
1980
1986
1996
2002
2005
1998
2008
2018
2022
2017
2027
2026
2037
2037
2030
2036
2028
2034
2038
2046
2046
2043
2054
2064
2058
2066
2066
2076
2077
2084
2089
2102
2102
2116
2126
2129
2124
2130
2140
2135
2148
2145
2142
2143
2152
2157
2144
2140
2138
2137
2133
2126
2115
2110
2115
2115
2122
2123
2122
2127
2128
2130
2139
2143
2134
2134
2132
2136
2145
2142
2142
2142
2147
2144
2154
2153
2155
2156
2162
2148
2157
2145
2147
2154
2165
2166
2153
2157
2163
2155
2149
2167
2173
2172
2177
2184
2184
2197
2193
2190
2184
2181
2188
2188
2170
2184
2188
2194
2193
2182
2172
2181
2173
2170
2174
2174
2176
2175
2181
2189
2184
2177
2179
2168
2166
2177
2179
2182
2191
2180
2189
2204
2202
2182
2197
2200
2195
2198
2204
2200
2208
2205
2206
2215
2204
2201
2198
2204
2200
2201
2200
2198
2183
2183
2178
2178
2178
2172
2173
2164
2162
2159
2158
2162
2150
2141
2144
2138
2131
2124
2127
2123
2122
2112
2107
2106
2102
2093
2084
2084
2085
2090
2097
2099
2093
2089
2089
2088
2089
2087
2090
2097
2095
2094
2090
2097
2094
2091
2085
2084
2097
2094
2093
2099
2106
2115
2120
2128
2126
2134
2135
2128
2144
2146
2151
2144
2149
2150
2157
2159
2152
2157
2147
2156
2152
2143
2147
2143
2132
2129
2124
2112
2104
2105
2104
2104
2094
2094
2101
2097
2087
2088
2098
2097
2101
2093
2094
2097
2090
2087
2085
2087
2080
2079
2077
2074
2071
2063
2074
2071
2079
2071
2076
2073
2067
2074
2076
2085
2088
2092
2092
2093
2092
2097
2092
2090
2092
2111
2105
2097
2085
2080
2075
2077
2079
2075
2075
2079
2071
2068
2070
2073
2066
2076
2070
2065
2054
2055
2059
2067
2066
2071
2068
2072
2079
2069
2079
2080
2087
2100
2108
2111
2106
2109
2124
2129
2138
2142
2151
2148
2153
2159
2170
2167
2174
2176
2166
2165
2165
2160
2144
2140
2137
2131
2118
2121
2111
2101
2089
2073
2062
2060
2051
2053
2031
2041
2039
2031
2031
2024
2018
2014
2009
2007
2015
2009
2000
1995
2009
2004
1996
1991
1994
1994
2004
2012
2003
2002
2013
2018
2026
2030
2031
2035
2042
2044
2056
2045
2049
2042
2043
2050
2064
2063
2062
2056
2058
2061
2058
2058
2070
2078
2076
2058
2063
2069
2073
2079
2085
2085
2088
2088
2087
2078
2064
2059
2067
2076
2068
2072
2071
2065
2059
2055
2047
2041
2037
2035
2033
2033
2032
2033
2030
2025
2023
2026
2034
2037
2027
2024
2023
2028
2023
2026
2031
2029
2036
2030
2031
2016
2019
2000
2003
1997
2002
2002
1995
2000
2010
2008
2019
2019
2021
2039
2051
2059
2056
2071
2067
2084
2100
2102
2121
2135
2127
2135
2144
2163
2165
2173
2170
2176
2168
2173
2187
2188
2184
2192
2197
2191
2184
2186
2192
2194
2189
2194
2208
2205
2201
2206
2207
2206
2204
2207
2211
2210
2204
2205
2202
2204
2214
2215
2209
2205
2202
2198
2195
2190
2184
2184
2191
2191
2186
2185
2180
2179
2180
2178
2179
2169
2161
2163
2170
2162
2160
2152
2149
2153
2136
2127
2126
2129
2136
2135
2125
2129
2124
2125
2110
2117
2126
2129
2115
2122
2109
2119
2117
2127
2116
2122
2134
2130
2128
2130
2117
2112
2111
2120
2118
2111
2110
2107
2101
2099
2106
2106
2102
2090
2092
2093
2110
2114
2110
2107
2114
2113
2109
2099
2098
2093
2096
2085
2085
2076
2073
2081
2081
2077
2066
2056
2059
2058
2056
2059
2060
2064
2058
2062
2056
2056
2055
2059
2059
2062
2054
2049
2033
2028
2028
2012
1991
1981
1970
1971
1956
1941
1935
1929
1933
1926
1920
1913
1913
1911
1920
1934
1949
1954
1952
1954
1959
1962
1964
1966
1967
1975
1971
1979
1985
1987
2003
2005
2014
2007
2012
2015
2017
2023
2035
2038
2038
2053
2066
2067
2059
2063
2065
2075
2083
2080
2083
2094
2094
2096
2092
2100
2105
2118
2122
2114
2105
2110
2109
2106
2099
2107
2102
2102
2104
2100
2087
2094
2103
2107
2105
2110
2106
2105
2118
2116
2118
2118
2115
2113
2122
2119
2116
2110
2115
2116
2124
2125
2130
2132
2139
2140
2142
2142
2152
2161
2160
2165
2176
2172
2166
2171
2177
2172
2182
2190
2182
2192
2190
2200
2194
2196
2195
2206
2195
2206
2204
2209
2210
2226
2216
2227
2224
2229
2218
2219
2224
2225
2228
2231
2234
2226
2237
2238
2249
2234
2246
2243
2255
2250
2256
2256
2254
2247
2248
2254
2255
2236
2249
2253
2253
2247
2248
2242
2244
2247
2241
2243
2242
2250
2233
2239
2232
2229
2227
2230
2237
2237
2224
2226
2232
2241
2247
2240
2243
2242
2241
2246
2242
2237
2239
2234
2239
2249
2256
2250
2252
2254
2258
2252
2256
2265
2252
2250
2260
2268
2270
2271
2266
2265
2269
2271
2260
2275
2273
2266
2264
2274
2282
2278
2279
2268
2259
2264
2273
2278
2267
2265
2264
2268
2265
2267
2265
2264
2266
2260
2253
2262
2267
2259
2262
2258
2250
2259
2250
2252
2259
2261
2264
2263
2260
2263
2266
2261
2257
2255
2257
2268
2264
2265
2267
2264
2260
2258
2268
2275
2269
2270
2263
2267
2273
2266
2260
2261
2270
2261
2260
2246
2255
2253
2251
2238
2242
2238
2234
2227
2218
2206
2198
2183
2161
2153
2141
2134
2123
2074
2060
2059
2077
2071
2062
2053
2052
2058
2071
2067
2055
2047
2048
2051
2054
2058
2051
2053
2064
2068
2063
2070
2083
2084
2095
2101
2110
2115
2116
2121
2125
2128
2127
2136
2142
2147
2164
2164
2161
2165
2159
2162
2173
2178
2169
2167
2179
2182
2186
2180
2184
2187
2197
2203
2199
2205
2211
2212
2208
2203
2210
2211
2218
2220
2219
2222
2218
2218
2224
2225
2211
2215
2225
2225
2225
2214
2209
2212
2207
2211
2196
2196
2192
2200
2201
2194
2189
2190
2189
2180
2184
2178
2190
2190
2184
2172
2178
2177
2181
2187
2180
2176
2182
2177
2180
2180
2179
2175
2173
2185
2194
2192
2199
2195
2199
2193
2186
2183
2186
2195
2192
2203
2210
2206
2203
2198
2197
2191
2202
2205
2205
2207
2201
2204
2204
2200
2193
2203
2203
2198
2193
2196
2190
2198
2203
2203
2204
2187
2181
2181
2178
2172
2168
2170
2177
2185
2183
2173
2179
2181
2179
2185
2179
2181
2176
2182
2182
2187
2193
2186
2178
2183
2193
2184
2185
2178
2185
2190
2195
2179
2171
2167
2167
2163
2165
2169
2168
2158
2147
2151
2150
2157
2152
2151
2148
2155
2149
2150
2153
2168
2169
2160
2152
2162
2165
2169
2160
2162
2167
2160
2163
2166
2166
2168
2176
2179
2185
2182
2176
2173
2177
2171
2173
2170
2170
2161
2162
2153
2143
2139
2144
2130
2126
2121
2123
2117
2114
2105
2106
2098
2106
2096
2090
2095
2089
2093
2087
2095
2070
2076
2075
2073
2068
2060
2048
2056
2044
2042
2032
2027
2029
2024
2014
2016
2005
2010
2012
2007
2004
2003
1997
1998
1995
2002
1996
2006
1996
1995
2001
1997
1996
1994
1990
1993
1986
1983
1990
1985
1979
1978
1985
1985
1983
1983
1975
1979
1984
1991
1988
1991
1986
1990
1998
1993
1992
2003
2008
2007
2010
2013
2026
2016
2003
1987
1981
1980
1983
1975
1972
1966
1969
1964
1960
1954
1956
1953
1952
1951
1944
1939
1939
1936
1941
1940
1941
1944
1946
1959
1968
1968
1970
1972
1991
1999
2000
2005
2009
2020
2027
2039
2047
2048
2051
2043
2057
2067
2075
2081
2083
2095
2096
2097
2106
2108
2114
2095
2099
2095
2103
2102
2102
2103
2091
2093
2092
2098
2106
2108
2115
2122
2107
2113
2109
2119
2121
2125
2124
2126
2126
2133
2134
2135
2133
2149
2144
2146
2151
2148
2152
2151
2149
2148
2143
2132
2135
2127
2130
2120
2127
2125
2139
2136
2130
2138
2144
2139
2143
2139
2135
2132
2125
2120
2126
2132
2134
2119
2119
2112
2102
2102
2094
2082
2083
2072
2063
2065
2055
2054
2050
2042
2035
2025
2029
2022
2026
2025
2026
2038
2033
2041
2024
2031
2042
2038
2045
2054
2055
2065
2071
2074
2067
2065
2065
2073
2078
2084
2083
2079
2078
2081
2082
2081
2079
2079
2079
2075
2070
2069
2079
2069
2066
2064
2062
2059
2056
2040
2028
2021
2012
1994
1979
5835
1999
1991
2009
2005
1999
1995
1991
2002
1999
2003
2010
2001
2006
2013
2017
2026
2024
2032
2021
2015
2014
2026
2018
2017
2018
2026
2014
2027
2025
2038
2036
2038
2044
2050
2052
2073
2065
2073
2083
2095
2098
2107
2129
2140
2142
2142
2137
2150
2148
2146
2139
2134
2126
2126
2130
2129
2122
2107
2124
2122
2128
2119
2123
2133
2149
2133
2120
2121
2135
2127
2128
2114
2120
2108
2099
2092
2088
2079
2079
2072
2073
2060
2070
2074
2070
2070
2075
2085
2086
2087
2089
2091
2089
2097
2094
2104
2095
2098
2094
2106
2095
2091
2098
2095
2081
2077
2056
2066
2053
2044
2024
2015
2003
1993
1973
1968
1958
1945
1932
1912
1908
1899
1897
1887
1874
1860
1848
1841
1834
1828
1813
1817
1827
1822
1816
1829
1829
1841
1854
1867
1861
1879
1890
1905
1906
1910
1920
1919
1918
1929
1931
1932
1935
1941
1946
1952
1958
1975
1971
1965
1965
1962
1979
1986
1991
1981
1978
1973
1982
1980
1984
1975
1977
1971
1971
1964
1964
1963
1963
1966
1959
1956
1961
1955
1946
1951
1939
1935
1938
1957
1953
1973
1979
1988
1993
2012
2018
2027
2036
2048
2057
2056
2073
2093
2086
2094
2097
2105
2113
2125
2134
2139
2142
2152
2152
2132
2144
2130
2127
2126
2118
2110
2099
2086
2084
2076
2076
2069
2074
2066
2076
2069
2059
2052
2044
2052
2035
2035
2023
2033
2016
2006
2007
2013
2005
1998
1989
1979
1991
1988
1974
1962
1957
1950
1952
1953
1948
1937
1938
1937
1934
1947
1956
1960
1962
1952
1956
1956
1967
1954
1948
1951
1951
1945
1951
1959
1955
1974
1985
1985
1989
1990
1998
2013
2020
2017
2034
2034
2046
2054
2060
2056
2065
2074
2079
2092
2079
2083
2086
2081
2082
2078
2083
2074
2063
2055
2052
2044
2034
2037
2033
2007
2006
1986
1967
1942
1919
1899
1890
1873
1861
1850
1854
1857
1862
1857
1868
1874
1889
1885
1896
1917
1926
1926
1959
1963
1974
1977
1989
2006
2012
2017
2035
2045
2039
2058
2059
2063
2064
2074
2074
2092
2091
2100
2106
2114
2116
2106
2112
2121
2127
2134
2134
2142
2160
2154
2157
2155
2171
2155
2163
2169
2183
2181
2184
2182
2183
2184
2187
2191
2197
2186
2192
2184
2185
2174
2180
2169
2154
2141
2126
2114
2111
2105
2083
2069
2055
2049
2035
2017
1988
1979
1964
1958
1953
1948
1942
1941
1936
1931
1943
1933
1937
1940
1943
1951
1961
1971
1979
1978
1990
1992
1997
2006
2004
1995
2001
2003
1995
2000
1994
2002
1997
1995
1997
2004
2015
2034
2021
2031
2031
2049
2051
2052
2040
2057
2055
2065
2065
2071
2081
2087
2104
2105
2111
2115
2111
2124
2143
2143
2146
2147
2159
2158
2157
2150
2163
2157
2162
2159
2156
2156
2161
2150
2157
2155
2163
2165
2177
2174
2182
2185
2191
2190
2193
2197
2204
2199
2201
2202
2206
2211
2216
2230
2220
2233
2226
2238
2236
2241
2228
2241
2242
2240
2235
2230
2225
2232
2228
2229
2223
2223
2220
2214
2217
2219
2212
2221
2219
2219
2219
2216
2229
2219
2226
2219
2228
2233
2235
2230
2220
2219
2225
2211
2218
2209
2217
2218
2206
2203
2184
2179
2168
2157
2159
2157
2153
2143
2125
2104
2096
2098
2096
2095
2104
2098
2089
2089
2093
2095
2099
2106
2103
2092
2088
2098
2106
2103
2099
2096
2102
2104
2106
2103
2106
2120
2112
2107
2109
2107
2100
2105
2102
2102
2100
2105
2086
2087
2081
2085
2074
2067
2061
2060
2058
2060
2044
2038
2031
2025
2011
2014
2021
2028
2018
2021
2019
2032
2031
2035
2037
2033
2036
2023
2019
2015
2032
2016
2001
1983
1983
1961
1954
1933
1920
1908
1894
1873
1858
1834
1822
1803
1790
1760
1749
1742
1726
1711
1698
1701
1697
1694
1691
1705
1705
1721
1746
1763
1783
1797
1812
1833
1845
1859
1863
1883
1876
1883
1891
1893
1899
1899
1902
1905
1898
1896
1902
1898
1901
1901
1897
1896
1891
1891
1891
1873
1868
1871
1874
1866
1870
1877
1871
1867
1869
1879
1881
1883
1884
1883
1890
1880
1882
1881
1871
1878
1884
1899
1899
1891
1888
1884
1902
1911
1903
1909
1914
1917
1919
1908
1915
1922
1921
1922
1929
1936
1943
1972
1974
1987
2006
2018
2045
2069
2079
2079
2083
2097
2096
2095
2102
2104
2100
2103
2097
2113
2106
2110
2102
2111
2103
2115
2119
2129
2124
2136
2124
2127
2132
2130
2128
2127
2133
2130
2122
2109
2113
2109
2114
2103
2101
2086
2093
2091
2111
2101
2108
2094
2107
2094
2104
2099
2102
2098
2106
2100
2103
2097
2101
2096
2102
2114
2115
2122
2122
2129
2141
2145
2133
2129
2126
2132
2119
2126
2104
2108
2101
2107
2100
2101
2096
2104
2087
2086
2083
2088
2092
2085
2080
2073
2073
2062
2059
2058
2057
2034
2039
2027
2022
2020
2003
2002
2007
2019
2019
2014
2019
2016
2018
2017
2017
2018
2015
2010
2019
2008
2012
2013
2022
2029
2024
2024
2039
2050
2065
2068
2077
2083
2087
2096
2107
2112
2113
2113
2119
2118
2123
2122
2115
2117
2121
2128
2124
2119
2107
2108
2101
2095
2074
2078
2071
2083
2075
2079
2070
2072
2072
2068
2068
2072
2076
2078
2069
2055
2054
2057
2062
2051
2042
2035
2028
2018
2022
2019
2023
2024
2030
2019
2028
2024
2029
2035
2051
2054
2067
2071
2072
2082
2092
2100
2104
2109
2103
2108
2106
2115
2117
2124
2110
2120
2128
2132
2124
2127
2110
2113
2115
2126
2123
2146
2139
2141
2149
2150
2163
2155
2156
2154
2174
2171
2186
2181
2186
2179
2192
2183
2188
2190
2185
2171
2178
2183
2183
2180
2171
2167
2166
2162
2156
2146
2136
2140
2138
2131
2110
2111
2117
2117
2103
2098
2026
2017
2020
2030
2029
2036
2028
2033
2054
2062
2062
2057
2056
2061
2072
2085
2072
2082
2073
2075
2084
2084
2090
2091
2087
2079
2085
2088
2089
2094
2082
2080
2070
2069
2059
2059
2059
2057
2059
2038
2031
2038
2044
2038
2038
2038
2032
2037
2041
2057
2055
2073
2082
2088
2096
2117
2121
2142
2148
2157
2162
2162
2167
2172
2171
2170
2165
2167
2179
2181
2174
2168
2171
2158
2155
2143
2154
2146
2141
2119
2113
2096
2076
2052
2058
2038
2028
2015
2000
1998
1989
1981
1986
1984
1991
1987
1995
2025
2035
2063
2074
2088
2104
2122
2147
2155
2148
2166
2180
2195
2186
2195
2191
2200
2199
2203
2193
2199
2203
2198
2200
2202
2201
2198
2192
2181
2170
2171
2173
2167
2172
2162
2161
2163
2173
2159
2169
2164
2162
2161
2168
2173
2178
2178
2180
2174
2166
2158
2143
2132
2128
2113
2092
2084
2071
2071
2073
2069
2062
2063
2054
2044
2033
2037
2042
2041
2030
2029
2035
2032
2027
2028
2026
2030
2032
2039
2033
2033
2027
2028
2024
2032
2031
2052
2054
2063
2064
2078
2083
2097
2105
2107
2121
2112
2103
2086
2075
2064
2052
2040
2021
2010
1995
1985
1972
1967
1963
1954
1940
1935
1942
1946
1954
1951
1955
1957
1969
1969
1978
1977
1999
2005
2029
2023
2030
2038
2036
2041
2049
2060
2077
2092
2091
2103
2086
2098
2111
2120
2114
2124
2125
2136
2133
2139
2133
2144
2148
2159
2163
2162
2162
2173
2180
2173
2186
2191
2199
2198
2210
2200
2207
2219
2219
2216
2229
2225
2231
2230
2230
2223
2221
2226
2233
2231
2222
2227
2224
2228
2224
2220
2230
2217
2208
2199
2191
2188
2192
2198
2192
2196
2185
2187
2178
2177
2168
2173
2159
2168
2166
2158
2160
2163
2166
2166
2158
2160
2152
2150
2147
2143
2141
2144
2123
2123
2107
2110
2105
2109
2094
2100
2084
2078
2065
2074
2063
2055
2063
2060
2060
2053
2059
2053
2076
2082
2087
2079
2083
2070
2094
2096
2105
2105
2116
2109
2118
2114
2122
2114
2113
2114
2132
2135
2138
2144
2149
2146
2150
2148
2154
2150
2151
2150
2135
2143
2133
2126
2131
2140
2117
2130
2116
2109
2107
2107
2105
2099
2083
2084
2089
2083
2074
2076
2074
2088
2080
2076
2074
2062
2070
2068
2064
2055
2071
2060
2065
2059
2072
2063
2077
2095
2102
2111
2124
2114
2124
2130
2138
2137
2144
2149
2141
2135
2146
2150
2145
2135
2142
2151
2151
2151
2158
2143
2149
2147
2144
2139
2134
2135
2131
2123
2125
2120
2124
2127
2123
2129
2123
2126
2134
2142
2145
2146
2138
2145
2149
2148
2147
2149
2147
2147
2157
2159
2158
2156
2163
2167
2162
2165
2158
2165
2163
2159
2160
2154
2153
2149
2138
2124
2108
2100
2109
2107
2100
2095
2092
2077
2087
2082
2084
2074
2082
2070
2072
2056
2061
2064
2059
2054
2046
2041
2030
2030
2022
2013
2003
2013
2013
2013
1998
2000
1989
1992
1983
1986
1988
1990
1975
1988
1994
2009
2009
2022
2037
2050
2047
2052
2052
2077
2083
2098
2103
2105
2112
2112
2123
2124
2138
2135
2147
2136
2145
2147
2148
2140
2144
2118
2095
2092
2070
2059
2055
2059
2058
2054
2048
2040
2030
2044
2032
2026
2027
2032
2015
2017
2003
2002
2008
2016
2017
1999
1997
2009
2006
2001
2000
1999
2001
2010
2027
2027
2037
2030
2033
2042
2042
2042
2041
2039
2045
2049
2046
2052
2063
2065
2081
2105
2105
2118
2119
2118
2117
2117
2102
2083
2063
2032
2017
1992
1977
1930
1869
1814
1779
1738
1702
1651
1615
1580
1544
1526
1522
1499
1500
1508
1515
1518
1539
1551
1575
1603
1626
1648
1682
1714
1730
1766
1786
1809
1825
1852
1860
1880
1883
1905
1917
1919
1925
1936
1944
1957
1949
1940
1942
1943
1936
1923
1903
1895
1886
1890
1888
1885
1869
1874
1885
1879
1877
1881
1896
1903
1917
1915
1938
1937
1953
1954
1964
1972
1976
1992
1988
1987
1990
1990
1991
1997
2000
2003
2010
2026
2040
2045
2050
2065
2068
2093
2085
2090
2084
2092
2088
2092
2075
2071
2060
2055
2043
2035
2041
2036
2031
2025
2022
2012
2024
2035
2042
2049
2070
2081
2098
2104
2103
2112
2116
2130
2136
2142
2146
2152
2157
2164
2166
2172
2172
2177
2189
2190
2187
2191
2194
2202
2201
2201
2203
2199
2214
2201
2195
2187
2184
2193
2193
2191
2191
2184
2181
2186
2173
2149
2153
2135
2117
2092
2072
2061
2048
2035
2006
1986
1960
1954
1921
1907
1891
1889
1867
1859
1865
1859
1853
1857
1866
1872
1881
1880
1882
1892
1896
1898
1901
1908
1917
1910
1917
1922
1940
1944
1953
1958
1974
1968
1987
1995
1999
2000
2013
2028
2044
2039
2050
2051
2046
2055
2048
2043
2047
2043
2040
2035
2019
2015
1994
1991
1976
1971
1951
1942
1927
1920
1916
1919
1914
1920
1927
1924
1922
1927
1927
1940
1948
1953
1951
1963
1963
1959
1971
1976
1984
1987
1994
1983
1994
1992
1991
1983
1978
1977
1984
1979
1973
1970
1961
1963
1973
1979
1995
1994
2009
2005
2019
2027
2033
2050
2064
2071
2074
2079
2089
2093
2100
2102
2111
2112
2115
2123
2123
2133
2145
2140
2144
2147
2157
2167
2169
2176
2166
2184
2172
2181
2170
2185
2183
2191
2186
2183
2170
2178
2177
2188
2189
2187
2174
2177
2180
2177
2175
2177
2174
2176
2179
2174
2165
2159
2154
2141
2142
2129
2145
2146
2156
2145
2146
2137
2156
2155
2165
2155
2170
2162
2178
2177
2179
2169
2175
2180
2175
2174
2163
2158
2163
2178
2169
2177
2167
2182
2178
2180
2166
2170
2170
2170
2171
2178
2174
2178
2187
2197
2174
2178
2191
2186
2176
2172
2166
2159
2157
2152
2151
2134
2139
2122
2124
2108
2095
2084
2065
2042
2026
2028
2021
2013
2001
1983
1964
1951
1936
1927
1910
1895
1884
1870
1860
1852
1842
1826
1822
1820
1820
1817
1816
1822
1832
1843
1854
1871
1871
1875
1897
1908
1913
1929
1937
1945
1958
1960
1964
1965
1956
1954
1945
1945
1950
1957
1955
1966
1968
1987
1987
1994
1993
2007
2018
2033
2042
2050
2059
2073
2076
2080
2108
2111
2119
2121
2127
2131
2137
2135
2145
2146
2155
2145
2155
2147
2158
2149
2157
2154
2154
2150
2146
2148
2133
2137
2127
2137
2129
2127
2121
2121
2117
2115
2113
2119
2115
2117
2112
2120
2105
2102
2096
2096
2090
2086
2097
2096
2085
2086
2083
2083
2091
2082
2085
2090
2093
2093
2102
2098
2107
2093
2092
2094
2099
2093
2099
2092
2090
2074
2079
2080
2094
2085
2098
2090
2089
2083
2084
2096
2095
2106
2101
2098
2096
2099
2112
2110
2106
2106
2115
2121
2113
2117
2118
2118
2106
2098
2097
2098
2091
2087
2089
2095
2102
2094
2099
2103
2106
2099
2093
2101
2099
2105
2105
2120
2122
2125
2123
2121
2110
2117
2129
2126
2123
2118
2117
2131
2132
2123
2121
2124
2132
2135
2135
2128
2129
2118
2113
2088
2074
2061
2049
2022
2011
1995
1974
1964
1966
1955
1957
1954
1951
1952
1962
1964
1977
1985
1993
2002
2003
2022
2030
2044
2048
2064
2062
2089
2093
2109
2118
2127
2131
2142
2138
2145
2142
2154
2143
2149
2148
2149
2147
2146
2148
2145
2141
2121
2117
2114
2123
2107
2106
2106
2106
2095
2097
2086
2097
2088
2091
2073
2074
2074
2075
2076
2081
2079
2082
2083
2076
2083
2075
2073
2079
2078
2074
2066
2075
2080
2084
2081
2080
2085
2086
2092
2089
2096
2097
2098
2108
2120
2119
2117
2125
2130
2127
2129
2133
2133
2129
2133
2137
2140
2141
2140
2143
2159
2154
2153
2156
2156
2152
2161
2164
2164
2173
2187
2176
2179
2182
2183
2184
2178
2184
2190
2190
2174
2183
2181
2191
2182
2186
2173
2183
2172
2174
2154
2159
2161
2172
2157
2160
2162
2158
2170
2174
2159
2154
2155
2149
2165
2155
2154
2152
2150
2148
2152
2153
2152
2138
2139
2128
2131
2124
2132
2127
2120
2108
2106
2102
2101
2105
2103
2087
2076
2076
2072
2075
2068
2070
2070
2080
2076
2088
2095
2103
2104
2107
2096
2099
2100
2107
2098
2102
2093
2095
2073
2074
2078
2067
2068
2069
2092
2085
2098
2091
2103
2107
2114
2110
2122
2125
2135
2142
2142
2144
2141
2145
2156
2158
2158
2171
2159
2156
2156
2162
2157
2166
2166
2180
2184
2188
2183
2171
2174
2174
2184
2178
2182
2178
2177
2173
2171
2167
2166
2164
2164
2156
2153
2147
2151
2152
2148
2153
2162
2152
2156
2159
2160
2172
2170
2166
2173
2183
2177
2186
2187
2190
2181
2192
2181
2188
2196
2189
2192
2201
2206
2203
2183
2167
2158
2178
2184
2171
2156
2167
2166
2167
2160
2162
2161
2154
2150
2155
2143
2140
2132
2131
2142
2141
2127
2111
2123
2105
2113
2104
2117
2112
2113
2105
2107
2111
2111
2114
2127
2132
2139
2129
2141
2143
2149
2141
2136
2137
2132
2127
2125
2136
2130
2130
2125
2119
2123
2127
2115
2116
2103
2102
2105
2102
2082
2079
2075
2062
2045
2035
2027
2027
2027
2022
2022
2022
2019
2014
2002
2000
2000
2008
2013
2010
2016
2019
2026
2015
2014
1997
1979
1968
1947
1921
1891
1868
1844
1819
1818
1790
1781
1775
1772
1779
1791
1808
1821
1835
1876
1903
1926
1936
1953
1977
2014
2022
2035
2050
2075
2080
2084
2092
2101
2102
2104
2107
2099
2088
2079
2076
2054
2046
2042
2052
2043
2044
2031
2040
2040
2052
2056
2066
2057
2067
2066
2074
2073
2067
2071
2076
2084
2085
2081
2075
2081
2067
2071
2065
2064
2049
2052
2029
2030
2020
2023
2016
2023
2022
2020
2024
2022
2002
2002
2007
2013
2017
2025
2024
2029
2035
2028
2035
2032
2036
2034
2053
2048
2061
2056
2058
2067
2065
2054
2045
2042
2029
2024
2003
1991
1980
1966
1951
1943
1915
1894
1870
1852
1826
1807
1782
1770
1757
1738
1733
1734
1740
1744
1733
1735
1748
1759
1776
1788
1793
1803
1830
1853
1866
1873
1882
1908
1931
1939
1949
1946
1955
1959
1955
1943
1940
1931
1923
1911
1906
1909
1917
1932
1937
1942
1957
1963
1978
1997
2003
2011
2023
2043
2048
2045
2055
2048
2055
2040
2037
2035
2037
2038
2033
2032
2038
2044
2048
2053
2056
2063
2060
2061
2068
2072
2076
2072
2060
2070
2054
2064
2048
2054
2044
2064
2062
2067
2055
2064
2058
2061
2056
2062
2069
2075
2069
2076
2075
2077
2078
2066
2059
2053
2060
2048
2043
2042
2051
2054
2047
2039
2034
2031
2039
2025
2025
2027
2037
2033
2049
2046
2058
2061
2065
2061
2068
2077
2071
2080
2083
2085
2091
2087
2101
2101
2099
2106
2097
2108
2110
2119
2113
2111
2103
2107
2096
2096
2079
2070
2076
2085
2083
2075
2082
2090
2082
2089
2107
2096
2100
2105
2102
2102
2114
2127
2129
2117
2122
2119
2120
2114
2094
2085
2064
2050
2034
2025
2008
2004
2004
1996
2000
2001
2012
2014
2025
2031
2038
2032
2037
2034
2027
2014
2006
1995
1999
1986
1986
1975
1960
1957
1962
1961
1965
1959
1967
1981
1979
1985
1991
2002
2002
1996
1990
1993
1985
1996
1987
1989
1985
1987
1968
1978
1966
1957
1955
1949
1938
1941
1933
1936
1928
1922
1912
1900
1887
1867
1855
1833
1817
1797
1781
1770
1764
1753
1752
1751
1768
1741
1751
1742
1746
1726
1704
1679
1661
1640
1624
1605
1600
1593
1580
1580
1572
1578
1580
1580
1573
1579
1591
1600
1609
1627
1613
1613
1607
1614
1601
1599
1598
1589
1587
1600
1599
1608
1603
1616
1623
1645
1667
1684
1709
1723
1751
1758
1766
1778
1787
1792
1802
1808
1805
1802
1802
1785
1784
1779
1779
1766
1768
1760
1758
1767
1763
1783
1786
1791
1789
1799
1799
1797
1806
1819
1841
1843
1850
1865
1889
1892
1895
1888
1895
1901
1894
1892
1887
1878
1867
1852
1846
1829
1833
1826
1824
1843
1857
1869
1882
1909
1931
1956
1965
1973
1977
1981
1983
1989
1989
1997
2006
2011
2010
2018
2039
2048
2048
2070
2076
2076
2100
2096
2113
2117
2137
2144
2145
2135
2147
2151
2156
2145
2156
2154
2147
2152
2157
2150
2157
2161
2178
2179
2178
2171
2175
2171
2171
2173
2165
2173
2177
2187
2170
2182
2178
2180
2168
2180
2170
2178
2175
2177
2176
2178
2176
2180
2174
2167
2166
2168
2162
2163
2170
2149
2150
2137
2149
2136
2128
2118
2114
2107
2091
2080
2074
2068
2068
2063
2053
2045
2055
2058
2063
2061
2073
2077
2079
2097
2101
2107
2111
2119
2130
2136
2138
2159
2164
2169
2166
2166
2178
2179
2186
2188
2191
2182
2185
2187
2184
2182
2179
2178
2169
2161
2154
2155
2153
2147
2145
2139
2129
2128
2112
2119
2100
2094
2072
2068
2057
2048
2034
2023
2015
2010
1988
1984
1979
1962
1950
1939
1937
1936
1939
1923
1927
1920
1929
1925
1935
1935
1949
1939
1951
1946
1959
1965
1976
1971
1990
1997
1994
1987
1985
1984
1980
1981
1980
1982
1967
1944
1929
1926
1910
1903
1898
1898
1890
1890
1887
1893
1886
1893
1889
1895
1875
1882
1887
1910
1906
1897
1890
1890
1890
1890
1895
1882
1882
1871
1886
1881
1891
1885
1893
1905
1914
1909
1905
1895
1887
1875
1865
1850
1839
1824
1813
1808
1794
1786
1788
1783
1782
1780
1778
1783
1791
1782
1798
1814
1827
1829
1852
1856
1858
1875
1889
1894
1908
1913
1925
1931
1934
1931
1918
1925
1925
1922
1921
1917
1910
1909
1899
1878
1851
1849
1825
1815
1792
1779
1756
1742
1725
1711
1701
1689
1679
1683
1689
1684
1681
1675
1661
1655
1637
1631
1631
1634
1637
1632
1642
1651
1662
1658
1685
1686
1703
1702
1731
1753
1783
1795
1837
1846
1861
1882
1900
1920
1928
1947
1947
1963
1971
1973
1983
1995
1994
2008
2007
2022
2030
2043
2042
2056
2066
2074
2074
2083
2087
2081
2094
2097
2099
2096
2103
2111
2123
2124
2135
2144
2154
2158
2178
2183
2186
2177
2175
2165
2183
2168
2161
2145
2134
2132
2113
2113
2106
2099
2113
2114
2107
2101
2100
2100
2089
2087
2076
2068
2064
2064
2054
2056
2037
2044
2035
2033
2023
2032
2035
2051
2051
2053
2052
2063
2050
2037
2029
2016
2007
1999
1986
1976
1959
1946
1927
1918
1916
1902
1881
1874
1851
1849
1842
1846
1836
1835
1825
1826
1818
1819
1827
1833
1841
1851
1857
1867
1872
1880
1898
1905
1918
1935
1954
1964
1983
1988
2016
2029
2039
2048
2055
2067
2091
2093
2100
2108
2109
2108
2114
2125
2123
2121
2117
2115
2107
2127
2117
2131
2122
2128
2131
2133
2123
2123
2121
2135
2137
2141
2136
2140
2145
2146
2141
2136
2138
2145
2140
2138
2142
2138
2148
2150
2158
2155
2157
2162
2177
2180
2188
2176
2198
2195
2206
2210
2196
2203
2215
2214
2207
2215
2202
2197
2196
2188
2179
2177
2180
2181
2166
2153
2127
2126
2108
2102
2088
2081
2060
2044
2021
2009
1985
1957
1933
1917
1884
1855
1844
1825
1814
1803
1793
1786
1796
1792
1789
1795
1806
1829
1846
1857
1876
1911
1937
1953
1957
1965
1970
1970
1965
1962
1946
1923
1922
1896
1876
1861
1837
1812
1792
1772
1759
1753
1749
1747
1749
1741
1732
1742
1761
1780
1795
1811
1841
1861
1877
1887
1891
1899
1907
1920
1907
1933
1940
1948
1952
1948
1943
1951
1951
1963
1947
1957
1959
1968
1966
1962
1975
1977
1984
1978
1985
1971
1970
1985
1990
1980
1974
1971
1978
1966
1955
1945
1936
1933
1955
1938
1932
1924
1926
1915
1913
1919
1920
1921
1928
1911
1919
1911
1933
1951
1955
1963
1987
1993
1990
2000
2003
2007
1998
1997
1982
1974
1962
1957
1926
1920
1906
1907
1898
1902
1911
1913
1914
1924
1931
1937
1947
1953
1948
1954
1957
1947
1950
1957
1959
1955
1954
1954
1952
1960
1967
1973
1975
1967
1976
1981
1980
1986
1995
1987
1986
2001
2003
1998
1994
2003
1992
1988
1989
1995
1990
1966
1970
1948
1935
1925
1925
1920
1902
1879
1867
1845
1841
1825
1822
1809
1815
1809
1815
1834
1841
1850
1860
1867
1860
1865
1875
1876
1872
1880
1873
1882
1884
1887
1888
1904
1912
1906
1914
1929
1942
1953
1975
1980
1986
1985
1994
1998
1993
1987
1991
1987
1992
1975
1977
1966
1958
1947
1947
1926
1919
1908
1903
1898
1902
1902
1902
1900
1895
1902
1900
1920
1935
1940
1949
1965
1978
1994
1987
1995
1994
1994
1991
1991
1969
1977
1968
1971
1971
1968
1963
1963
1966
1963
1973
1979
1980
1986
2009
2013
2026
2051
2065
2067
2079
2098
2123
2139
2155
2159
2179
2190
2211
2216
2228
2242
2244
2253
2258
2269
2271
2271
2279
2285
2278
2274
2281
2286
2282
2280
2281
2279
2273
2283
2275
2272
2262
2264
2258
2251
2243
2239
2248
2242
2252
2244
2237
2234
2235
2231
2233
2236
2227
2228
2228
2226
2224
2214
2207
2203
2192
2193
2191
2203
2193
2190
2187
2183
2167
2166
2164
2163
2157
2148
2141
2149
2142
2138
2140
2143
2150
2153
2161
2164
2178
2173
2181
2183
2186
2176
2193
2186
2185
2186
2186
2181
2172
2178
2184
2190
2190
2183
2192
2191
2186
2201
2196
2203
2216
2207
2206
2206
2209
2206
2200
2202
2193
2194
2189
2189
2191
2185
2191
2182
2177
2158
2168
2154
2163
2149
2141
2144
2147
2160
2155
2146
2137
2142
2147
2162
2145
2142
2135
2135
2139
2139
2140
2133
2126
2128
2138
2131
2118
2113
2114
2109
2101
2093
2094
2087
2081
2063
2057
2058
2051
2048
2033
2021
2009
2009
1994
1990
1986
1980
1984
1972
1961
1964
1969
1969
1964
1976
1974
1956
1962
1969
1980
1978
1974
1976
1986
2001
2006
1993
1994
2003
2020
2009
2003
1994
1984
1982
1971
1961
1949
1932
1925
1918
1893
1874
1863
1861
1827
1793
1757
1736
1707
1704
1689
1680
1667
1669
1661
1665
1667
1671
1684
1688
1698
1696
1727
1733
1750
1754
1793
1804
1831
1841
1872
1881
1893
1901
1914
1921
1941
1953
1975
1986
1985
1997
2006
2013
2019
2014
2027
2027
2025
2043
2039
2040
2023
2039
2031
2045
2024
2021
2010
2009
1993
1986
1974
1967
1942
1931
1917
1910
1909
1899
1903
1907
1914
1928
1953
1970
1974
1976
1989
1991
2003
2013
2021
2015
2018
2025
2025
2018
2020
2015
2010
2002
1993
1993
1991
1982
1985
1979
1969
1962
1965
1965
1950
1945
1934
1939
1933
1927
1916
1917
1912
1930
1928
1951
1960
1967
1992
2014
2032
2043
2049
2068
2081
2091
2095
2101
2118
2130
2130
2132
2141
2150
2146
2152
2149
2155
2166
2177
2169
2159
2159
2158
2160
2148
2145
2139
2136
2143
2141
2132
2132
2136
2140
2129
2131
2132
2124
2097
2082
2061
2043
2023
2021
2010
1994
1968
1958
1959
1963
1954
1952
1942
1955
1949
1956
1965
1967
1984
2001
2014
2031
2040
2056
2082
2081
2086
2091
2114
2127
2134
2140
2158
2159
2168
2162
2175
2175
2181
2184
2184
2178
2180
2189
2194
2187
2180
2181
2175
2173
2169
2176
2159
2145
2124
2100
2078
2062
2043
2028
2011
2002
1976
1955
1935
1921
1903
1874
1853
1838
1824
1811
1801
1799
1807
1805
1814
1830
1844
1853
1870
1871
1892
1903
1916
1925
1938
1962
1976
1980
1998
2002
2009
2015
2034
2044
2058
2058
2071
2078
2079
2086
2087
2109
2106
2125
2136
2153
2158
2172
2176
2193
2188
2195
2216
2219
2234
2226
2230
2242
2245
2236
2234
2235
2224
2243
2243
2244
2246
2245
2242
2252
2241
2239
2238
2236
2252
2247
2250
2260
2252
2254
2242
2241
2239
2218
2212
2196
2184
2183
2173
2147
2154
2139
2144
2137
2144
2136
2132
2121
2143
2137
2156
2149
2153
2156
2160
2154
2155
2141
2126
2137
2140
2133
2117
2110
2094
2097
2086
2080
2076
2071
2074
2069
2055
2054
2059
2062
2048
2053
2035
2035
2013
2005
1977
1960
1940
1909
1856
1784
1723
1667
1611
1563
1525
1494
1480
1459
1475
1490
1520
1547
1573
1595
1608
1633
1654
1658
1663
1665
1666
1663
1671
1664
1653
1639
1622
1605
1592
1589
1582
1570
1570
1582
1587
1601
1612
1627
1635
1651
1653
1651
1664
1668
1661
1663
1667
1687
1696
1698
1687
1698
1716
1726
1741
1749
1755
1756
1766
1774
1771
1774
1788
1799
1822
1836
1838
1856
1866
1883
1903
1900
1915
1928
1920
1928
1920
1929
1922
1915
1905
1883
1871
1862
1850
1831
1819
1806
1804
1794
1790
1779
1777
1769
1775
1774
1775
1774
1775
1776
1779
1767
1780
1799
1819
1831
1836
1851
1873
1882
1907
1931
1936
1955
1963
1983
1985
1998
2007
2019
2027
2032
2027
2043
2056
2054
2051
2060
2059
2065
2064
2064
2070
2078
2072
2074
2087
2076
2078
2079
2084
2098
2108
2105
2115
2117
2131
2129
2136
2145
2163
2167
2174
2181
2190
2195
2205
2200
2207
2212
2204
2192
2198
2193
2189
2193
2177
2156
2137
2126
2125
2111
2110
2105
2097
2091
2098
2094
2103
2109
2118
2119
2124
2131
2146
2150
2144
2141
2148
2156
2174
2174
2183
2178
2186
2186
2181
2184
2177
2181
2182
2180
2172
2157
2165
2164
2159
2160
2163
2167
2173
2170
2178
2189
2185
2190
2211
2212
2203
2200
2213
2198
2201
2196
2200
2184
2187
2190
2195
2187
2191
2190
2188
2186
2191
2189
2198
2192
2200
2198
2204
2208
2208
2204
2201
2202
2199
2207
2205
2211
2205
2223
2217
2216
2202
2218
2213
2226
2219
2229
2222
2242
2229
2220
2225
2228
2212
2221
2219
2203
2205
2190
2184
2168
2166
2161
2162
2158
2167
2162
2152
2144
2152
2154
2153
2144
2141
2118
2107
2095
2077
2076
2075
2070
2055
2061
2048
2051
2044
2041
2044
2046
2042
2044
2044
2043
2039
2042
2046
2059
2064
2063
2064
2066
2071
2067
2063
2069
2065
2078
2086
2100
2105
2112
2126
2131
2144
2163
2171
2171
2174
2168
2182
2194
2198
2212
2209
2211
2207
2213
2203
2194
2197
2184
2183
2182
2168
2149
2139
2127
2123
2115
2095
2084
2086
2073
2082
2074
2069
2079
2086
2076
2068
2077
2068
2073
2083
2087
2090
2083
2082
2076
2065
2059
2065
2058
2057
2065
2070
2076
2073
2081
2079
2078
2075
2090
2087
2095
2098
2114
2111
2122
2124
2119
2124
2124
2127
2121
2123
2111
2113
2105
2103
2086
2090
2083
2085
2094
2091
2073
2086
2087
2084
2064
2082
2079
2075
2069
2067
2062
2085
2077
2077
2071
2081
2092
2095
2115
2112
2118
2134
2154
2153
2171
2180
2197
2197
2201
2203
2207
2211
2224
2214
2220
2222
2231
2220
2217
2220
2200
2190
2176
2157
2138
2122
2099
2098
2074
2055
2038
2030
2019
2003
1983
1984
1969
1970
1967
1963
1950
1953
1967
1960
1959
1954
1946
1941
1947
1933
1943
1939
1938
1938
1955
1963
1974
1992
1992
2002
2015
2017
2027
2043
2054
2061
2071
2071
2075
2073
2075
2079
2083
2082
2087
2081
2079
2076
2079
2086
2095
2105
2095
2104
2101
2099
2104
2103
2115
2107
2116
2111
2113
2109
2105
2097
2094
2086
2075
2074
2057
2056
2044
2039
2023
2013
2007
2006
1995
1997
1990
1985
1987
1991
1990
1997
1982
1983
1987
1985
1982
1987
1987
1990
1981
1995
2005
2015
2012
2003
1998
1973
1965
1944
1960
1954
1956
1949
1973
1979
2001
2007
2032
2047
2070
2077
2089
2106
2121
2141
2152
2167
2174
2183
2192
2209
2201
2224
2225
2235
2231
2239
2237
2255
2248
2249
2241
2239
2235
2244
2246
2250
2246
2252
2243
2251
2244
2238
2254
2244
2257
2253
2259
2251
2263
2258
2258
2255
2254
2256
2259
2256
2256
2254
2249
2237
2230
2220
2212
2206
2200
2194
2185
2185
2186
2187
2193
2185
2174
2168
2158
2158
2151
2133
2134
2135
2121
2101
2106
2102
2086
2088
2082
2072
2079
2073
2075
2071
2056
2063
2068
2070
2059
2072
2069
2074
2070
2080
2085
2091
2089
2096
2110
2112
2101
2100
2097
2096
2088
2081
2068
2067
2072
2076
2064
2066
2075
2083
2103
2098
2104
2102
2109
2110
2124
2119
2120
2114
2104
2097
2089
2081
2081
2073
2060
2054
2044
2046
2041
2035
2024
2023
2025
2025
2023
2022
2028
2030
2037
2038
2029
2035
2034
2043
2036
2040
2025
2012
1994
1985
1959
1928
1899
1884
1865
1847
1823
1809
1801
1796
1803
1801
1807
1820
1834
1843
1852
1867
1891
1906
1918
1935
1949
1962
1967
1972
1974
1984
1998
2003
2014
2028
2040
2055
2069
2083
2085
2086
2087
2098
2096
2103
2108
2119
2126
2130
2128
2133
2134
2152
2158
2151
2155
2160
2163
2168
2161
2162
2160
2164
2165
2158
2162
2146
2135
2129
2124
2114
2106
2109
2107
2103
2091
2103
2117
2115
2126
2141
2128
2136
2147
2150
2145
2141
2138
2130
2142
2138
2147
2153
2156
2144
2151
2156
2166
2166
2178
2172
2183
2190
2200
2201
2208
2210
2208
2219
2219
2212
2228
2222
2221
2224
2228
2232
2237
2248
2243
2246
2248
2263
2254
2261
2254
2263
2258
2277
2266
2267
2263
2266
2264
2261
2264
2264
2271
2285
2278
2273
2276
2271
2276
2263
2273
2273
2275
2272
2280
2286
2277
2270
2277
2269
2266
2261
2273
2264
2266
2256
2244
2250
2249
2251
2242
2230
2230
2240
2240
2236
2229
2231
2230
2233
2229
2222
2230
2232
2238
2239
2239
2231
2244
2250
2258
2260
2250
2250
2253
2265
2272
2272
2273
2276
2287
2297
2292
2295
2293
2297
2294
2297
2300
2300
2301
2303
2293
2293
2306
2303
2286
2286
2274
2279
2293
2282
2282
2273
2276
2270
2269
2264
2259
2259
2262
2251
2252
2239
2243
2251
2259
2252
2252
2246
2244
2250
2255
2252
2255
2254
2254
2266
2264
2271
2275
2275
2274
2274
2271
2280
2286
2290
2287
2291
2298
2304
2304
2319
2315
2318
2326
2325
2318
2315
2316
2309
2303
2302
2298
2287
2288
2281
2275
2261
2267
2263
2262
2251
2253
2248
2249
2237
2227
2208
2194
2171
2143
2117
2083
2058
2036
2021
2007
1975
1966
1975
2007
2004
2002
2001
2007
2008
2010
2010
2001
2000
2006
2014
2010
2014
2030
2034
2044
2050
2058
2082
2088
2089
2107
2107
2125
2136
2139
2148
2155
2167
2177
2191
2191
2206
2223
2214
2215
2221
2229
2228
2238
2236
2240
2242
2252
2258
2259
2256
2255
2258
2266
2272
2276
2275
2282
2263
2277
2286
2280
2270
2272
2272
2263
2267
2257
2272
2261
2257
2254
2240
2239
2245
2229
2223
2218
2226
2210
2208
2210
2206
2200
2196
2189
2193
2199
2200
2195
2186
2191
2174
2179
2170
2178
2166
2172
2169
2174
2174
2178
2170
2182
2178
2173
2176
2166
2177
2178
2183
2180
2187
2190
2187
2189
2195
2191
2192
2194
2205
2201
2208
2201
2216
2215
2214
2206
2214
2216
2228
2225
2234
2232
2236
2240
2239
2224
2235
2223
2226
2217
2207
2201
2203
2198
2188
2182
2173
2168
2161
2163
2159
2155
2164
2160
2160
2163
2158
2169
2173
2171
2168
2174
2170
2183
2186
2179
2181
2179
2183
2182
2189
2194
2185
2186
2182
2192
2180
2184
2180
2168
2172
2163
2158
2157
2150
2151
2142
2132
2152
2151
2156
2150
2156
2146
2153
2152
2162
2159
2166
2170
2174
2165
2178
2177
2189
2176
2184
2191
2194
2199
2206
2201
2199
2212
2221
2219
2216
2215
2207
2200
2191
2187
2166
2161
2147
2142
2120
2116
2108
2097
2078
2081
2072
2062
2060
2069
2051
2054
2051
2045
2031
2034
2020
2022
2039
2024
2033
2015
2027
2015
2015
2001
1992
1984
2005
1991
1998
1992
1985
1976
1978
1975
1981
1973
1981
1976
1985
1979
1985
1989
2000
1992
2004
2003
2004
2012
2007
2009
2003
2003
1995
2000
1989
1987
1987
1991
1986
1984
1969
1969
1972
1981
1986
1983
1984
1992
1996
2006
2011
2010
2011
2020
2015
2024
2021
2027
2026
2024
2014
2007
1992
1983
1968
1955
1947
1931
1933
1933
1921
1927
1921
1927
1918
1911
1910
1895
1903
1897
1893
1887
1903
1908
1914
1920
1929
1931
1946
1959
1976
1979
1988
1999
2017
2027
2039
2049
2063
2086
2096
2108
2120
2139
2144
2172
2167
2175
2183
2198
2185
2192
2201
2202
2194
2201
2178
2171
2160
2151
2152
2134
2144
2127
2140
2130
2125
2124
2132
2143
2153
2139
2144
2151
2164
2154
2149
2151
2169
2165
2165
2167
2173
2180
2189
2181
2184
2187
2179
2178
2168
2170
2160
2160
2144
2154
2137
2144
2126
2124
2124
2126
2133
2130
2130
2137
2130
2142
2123
2127
2116
2122
2114
2121
2123
2120
2113
2106
2092
2086
2072
2061
2050
2046
2044
2022
2027
2013
2004
2012
2008
2003
1998
2015
2007
2011
2019
2012
2019
2025
2022
2033
2037
2032
2039
2054
2064
2073
2087
2091
2109
2099
2101
2094
2102
2098
2094
2084
2084
2075
2079
2071
2066
2058
2054
2054
2057
2050
2044
2051
2055
2056
2050
2034
2013
1998
1971
1955
1917
1905
1887
1884
36.89941406
1.668530226
999
