5835
2111
2163
2146
2123
2092
2103
2095
2117
2091
2126
2121
2132
2117
2131
2139
2185
2153
2172
2154
2187
2186
2197
2169
2191
2192
2226
2188
2190
2171
2211
2181
2198
2160
2191
2166
2177
2146
2168
2160
2197
2159
2177
2154
2179
2164
2171
2136
2158
2151
2176
2131
2135
2097
2120
2078
2074
2026
2035
2006
2010
1970
1972
1936
1961
1923
1931
1902
1931
1911
1927
1886
1906
1885
1915
1891
1901
1866
1890
1880
1899
1879
1911
1892
1927
1898
1925
1905
1938
1912
1938
1908
1936
1911
1939
1896
1925
1911
1943
1910
1935
1895
1938
1913
1946
1900
1936
1916
1972
1923
1956
1916
1977
1934
1973
1945
1989
1956
1998
1948
1974
1938
1978
1925
1952
1894
1920
1867
1882
1827
1849
1795
1847
1789
1822
1786
1847
1829
1869
1825
1875
1850
1899
1859
1879
1857
1900
1866
1895
1852
1902
1882
1912
1867
1885
1860
1912
1871
1883
1847
1897
1874
1895
1885
1906
1901
1940
1910
1932
1931
1967
1945
1955
1924
1965
1961
1985
1963
1976
1973
2007
1989
1992
1984
2018
2018
2027
2015
2032
2037
2061
2050
2042
2052
2066
2068
2057
2055
2067
2072
2061
2056
2031
2039
2064
2058
2046
2041
2056
2081
2076
2087
2091
2094
2124
2124
2116
2118
2143
2144
2175
2170
2174
2164
2184
2173
2184
2162
2181
2163
2195
2154
2182
2170
2201
2175
2183
2138
2163
2148
2155
2119
2131
2101
2134
2098
2109
2081
2119
2100
2123
2095
2130
2118
2167
2134
2160
2137
2185
2164
2204
2158
2182
2180
2225
2192
2211
2182
2230
2202
2220
2189
2224
2211
2225
2197
2216
2170
2215
2192
2212
2166
2195
2167
2205
2179
2198
2169
2190
2173
2184
2158
2172
2155
2175
2146
2157
2150
2165
2136
2143
2114
2131
2117
2122
2091
2091
2076
2094
2070
2066
2054
2085
2071
2078
2050
2069
2054
2086
2059
2077
2067
2089
2067
2106
2053
2082
2064
2107
2066
2080
2047
2093
2065
2100
2043
2075
2055
2105
2068
2109
2066
2108
2084
2127
2071
2090
2054
2099
2051
2077
2017
2047
2022
2035
1985
1997
1965
1994
1932
1938
1888
1933
1880
1885
1843
1843
1809
1833
1807
1821
1806
1841
1827
1842
1807
1820
1807
1832
1795
1800
1795
1809
1802
1829
1845
1875
1855
1874
1873
1884
1903
1918
1906
1909
1914
1950
1957
1966
1959
1973
1985
1988
1983
1996
1980
2002
2011
2019
2007
2017
2015
2043
2033
2038
2037
2062
2052
2056
2048
2072
2077
2092
2078
2088
2091
2111
2077
2094
2055
2087
2068
2077
2041
2055
2022
2072
2043
2057
2018
2052
2038
2048
2018
2050
1995
2051
2011
2057
1998
2046
2012
2066
2016
2065
2026
2071
2021
2048
2010
2046
2007
2048
1991
2018
1959
2000
1955
1998
1954
2001
1962
2011
1963
2006
1972
2023
1996
2036
1981
2020
1986
2012
1983
2001
1985
2014
1972
1998
1967
2002
1978
2005
1962
1983
1975
2017
1986
2004
1993
2014
2020
2044
2028
2047
2043
2075
2077
2086
2052
2097
2090
2106
2073
2095
2080
2116
2072
2095
2060
2106
2074
2084
2050
2060
2043
2067
2021
2025
1990
2039
2004
2006
1953
1992
1951
1970
1917
1938
1905
1956
1917
1943
1898
1955
1924
1958
1927
1970
1947
1999
1959
2005
1958
2020
1990
2033
2000
2035
2015
2069
2026
2061
2035
2097
2076
2114
2067
2122
2094
2148
2124
2155
2115
2158
2141
2171
2131
2173
2154
2197
2159
2176
2149
2200
2170
2191
2158
2167
2161
2190
2160
2177
2145
2189
2171
2178
2151
2180
2179
2193
2155
2162
2154
2192
2169
2188
2151
2193
2176
2192
2171
2182
2178
2213
2198
2212
2185
2223
2214
2227
2195
2216
2198
2225
2191
2201
2168
2201
2181
2193
2153
2171
2151
2175
2148
2160
2116
2147
2135
2155
2113
2147
2134
2169
2131
2156
2128
2185
2166
2189
2155
2175
2169
2212
2189
2220
2192
2248
2219
2238
2216
2231
2223
2261
2224
2259
2219
2222
2224
2224
2186
2180
2157
2168
2150
2126
2110
2115
2104
2095
2063
2089
2083
2079
2080
2061
2060
2067
2057
2052
2055
2015
2042
2032
2028
2009
2028
2038
2045
2011
2029
2012
2034
2026
2036
2014
2024
2025
2062
2029
2024
2017
2046
2034
2032
2001
2009
2003
2024
2010
2012
2013
2035
2025
2040
2010
2032
2035
2062
2045
2067
2033
2061
2058
2078
2063
2070
2067
2109
2084
2103
2067
2111
2089
2127
2089
2127
2086
2130
2101
2132
2096
2139
2107
2145
2122
2147
2107
2162
2121
2155
2106
2158
2132
2181
2138
2165
2123
2172
2126
2168
2130
2141
2116
2156
2118
2144
2111
2132
2144
2145
2125
2134
2132
2161
2137
2152
2152
2144
2172
2165
2159
2159
2171
2168
2197
2170
2168
2168
2198
2195
2194
2176
2202
2201
2229
2191
2194
2189
2216
2178
2182
2149
2168
2151
2147
2121
2104
2073
2096
2075
2071
2044
2068
2063
2054
2051
2055
2052
2079
2077
2088
2080
2101
2085
2107
2089
2093
2095
2117
2111
2124
2102
2132
2138
2171
2148
2160
2156
2199
2190
2221
2179
2213
2183
2229
2205
2221
2191
2236
2212
2235
2179
2212
2189
2221
2182
2209
2156
2199
2157
2192
2135
2183
2153
2208
2152
2176
2128
2190
2162
2185
2146
2161
2134
2178
2136
2162
2122
2171
2155
2164
2125
2127
2111
2137
2094
2087
2068
2054
2066
2067
2046
2037
2034
2058
2071
2049
2064
2035
2070
2068
2084
2065
2099
2083
2123
2098
2123
2093
2133
2113
2145
2106
2124
2115
2156
2126
2150
2131
2147
2129
2164
2140
2171
2158
2192
2165
2196
2179
2190
2182
2221
2196
2207
2188
2218
2214
2223
2193
2216
2217
2244
2206
2243
2210
2257
2254
2271
2236
2250
2235
2260
2245
2260
2224
2264
2252
2263
2216
2235
2210
2234
2203
2212
2162
2200
2167
2167
2132
2117
2110
2128
2106
2104
2080
2086
2110
2105
2111
2106
2125
2142
2137
2133
2158
2141
2186
2176
2197
2180
2203
2167
2219
2179
2221
2172
2223
2189
2234
2191
2224
2167
2215
2171
2218
2158
2214
2178
2204
2164
2187
2135
2171
2121
2130
2080
2064
2029
2036
1992
2002
1956
1994
1987
2005
1994
1993
2001
2031
2017
2035
2027
2031
2053
2056
2051
2034
2045
2061
2080
2062
2072
2055
2088
2070
2063
2050
2070
2070
2098
2078
2079
2066
2102
2085
2094
2058
2076
2063
2079
2050
2044
2031
2040
2013
2021
1981
2010
1982
2002
1963
1972
1941
1973
1953
1979
1946
1977
1963
2016
1977
1991
1963
1998
1969
1980
1942
1954
1937
1965
1936
1962
1922
1961
1936
1954
1951
1954
1953
1967
1962
1977
1944
1952
1976
1985
1990
1966
1976
1985
1983
1934
1960
1919
1963
1952
1957
1916
1944
1900
1964
1911
1948
1898
1955
1928
1971
1943
1971
1940
2011
1976
2019
1986
2052
2031
2075
2049
2078
2074
2127
2093
2127
2095
2119
2123
2148
2115
2121
2125
2158
2158
2132
2138
2145
2154
2141
2145
2142
2148
2135
2165
2136
2153
2122
2143
2112
2133
2086
2102
2087
2110
2078
2100
2072
2110
2099
2121
2076
2109
2096
2127
2090
2133
2108
2134
2129
2140
2102
2123
2108
2140
2120
2126
2101
2118
2108
2125
2103
2102
2105
2123
2123
2118
2112
2125
2128
2136
2152
2121
2125
2141
2142
2136
2124
2103
2132
2125
2140
2105
2114
2128
2133
2095
2118
2073
2123
2098
2112
2087
2126
2117
2145
2107
2134
2103
2143
2123
2131
2109
2125
2108
2135
2105
2126
2082
2111
2084
2093
2069
2067
2057
2082
2060
2071
2067
2063
2086
2083
2082
2082
2086
2098
2106
2082
2109
2080
2120
2101
2123
2088
2118
2087
2130
2091
2103
2057
2103
2066
2104
2054
2071
2042
2088
2035
2057
2025
2063
2071
2094
2053
2053
2033
2066
2034
2041
2034
2028
2037
2034
2028
2018
2028
2017
2045
2013
2021
1999
2041
2018
2025
1980
2026
1986
2011
1953
1988
1956
1995
1963
1992
1957
1979
1961
1993
1947
1982
1965
2000
1996
2008
1984
2016
2000
2032
2028
2017
2026
2023
2043
2037
2039
2038
2057
2041
2073
2037
2054
2037
2086
2049
2082
2028
2066
2034
2075
2023
2060
2028
2076
2056
2083
2037
2068
2051
2087
2045
2071
2044
2058
2064
2061
2051
2066
2084
2076
2102
2071
2073
2077
2102
2060
2073
2030
2076
2035
2048
1987
2017
1993
2017
1965
1994
1937
1970
1942
1973
1928
1951
1917
1957
1948
1947
1931
1963
1967
1978
1992
1963
1974
1981
2010
1992
2007
2001
2022
1997
2028
1993
2039
2009
2045
2006
2057
2009
2061
2032
2066
2030
2069
2056
2102
2092
2103
2087
2126
2123
2133
2107
2119
2147
2143
2163
2143
2157
2158
2182
2150
2183
2146
2193
2170
2198
2155
2187
2145
2191
2167
2207
2163
2202
2182
2221
2193
2201
2164
2207
2188
2195
2162
2183
2169
2152
2150
2125
2126
2130
2147
2126
2148
2096
2141
2108
2141
2096
2124
2107
2146
2099
2118
2076
2124
2094
2133
2090
2119
2113
2143
2127
2139
2127
2168
2168
2163
2182
2154
2188
2184
2218
2175
2203
2168
2227
2189
2223
2174
2215
2184
2236
2217
2217
2186
2206
2191
2211
2170
2187
2181
2163
2183
2169
2164
2149
2171
2151
2166
2115
2150
2118
2152
2109
2146
2102
2162
2138
2163
2103
2134
2116
2156
2103
2116
2106
2124
2123
2121
2101
2100
2111
2105
2113
2078
2090
2074
2116
2074
2087
2045
2086
2058
2113
2070
2108
2089
2133
2115
2139
2107
2139
2127
2142
2112
2120
2106
2099
2098
2061
2053
2032
2049
2018
2015
1975
1998
1957
1991
1937
1971
1935
1966
1935
1958
1912
1918
1892
1912
1859
1856
1833
1830
1823
1814
1797
1803
1810
1799
1836
1806
1845
1839
1887
1849
1875
1884
1912
1900
1937
1899
1918
1923
1980
1967
1978
1961
1989
2005
2024
2016
2014
2025
2038
2066
2042
2062
2059
2096
2083
2112
2079
2100
2091
2135
2102
2125
2108
2135
2152
2153
2141
2143
2158
2169
2149
2141
2151
2145
2175
2150
2163
2135
2165
2144
2161
2126
2135
2124
2154
2122
2123
2096
2086
2087
2088
2071
2044
2050
2052
2065
2040
2051
2037
2068
2036
2062
2025
2051
2046
2075
2041
2048
2012
2020
2008
1997
1983
1959
1968
1973
1972
1957
1978
1946
1998
1966
1992
1955
2001
1975
1985
1948
1966
1936
1961
1915
1914
1867
1882
1850
1831
1822
1785
1795
1778
1768
1736
1740
1685
1735
1698
1721
1664
1707
1680
1722
1692
1719
1697
1762
1741
1786
1764
1779
1813
1825
1841
1835
1853
1868
1887
1860
1906
1863
1918
1899
1938
1885
1929
1902
1958
1928
1960
1933
1960
1951
1983
1985
1967
1988
1987
1998
1974
1988
1989
2014
1999
2022
1981
2019
1997
2024
1975
2004
1963
1980
1975
1974
1941
1952
1963
1960
1960
1924
1920
1927
1961
1935
1940
1913
1964
1959
1984
1951
1972
1979
2006
1997
1996
1987
1995
2021
2004
2006
1996
2008
1992
2016
1987
2003
1987
2013
1969
1956
1938
1949
1972
1983
1969
1973
1977
2000
1987
2014
1976
2006
1997
2024
1990
2027
1996
2038
2020
2039
2010
2026
2012
2027
2042
2001
2018
2018
2060
2032
2058
2030
2091
2064
2106
2068
2117
2094
2145
2126
2135
2124
2150
2158
2169
2157
2158
2160
2140
2181
2155
2173
2148
2200
2149
2196
2154
2195
2177
2206
2165
2188
2177
2193
2198
2183
2169
2158
2178
2152
2143
2108
2114
2068
2100
2047
2054
2008
2043
1999
2004
1966
1957
1958
1959
1936
1925
1918
1886
1910
1873
1888
1848
1891
1863
1899
1872
1880
1877
1909
1908
1907
1895
1891
1927
1913
1918
1885
1918
1917
1937
1920
1941
1909
1952
1941
1971
1935
1972
1976
1992
1998
1989
1998
2010
2029
2004
2027
1967
2012
1966
1996
1949
1985
1955
1988
1955
1961
1928
1967
1971
1971
1934
1931
1961
1958
1983
1942
1950
1939
1975
1974
2009
1960
2011
1996
2030
2003
2044
2022
2050
2058
2045
2045
2053
2083
2074
2080
2030
2057
2043
2068
2032
2047
2021
2042
2025
2016
1995
1996
2011
2021
2017
2018
2046
2028
2065
2057
2077
2054
2092
2089
2110
2101
2098
2103
2111
2114
2098
2118
2095
2122
2107
2133
2100
2130
2122
2157
2144
2155
2127
2147
2152
2159
2150
2137
2172
2162
2191
2139
2166
2154
2195
2155
2184
2126
2182
2161
2183
2131
2145
2118
2131
2141
2109
2126
2111
2140
2124
2134
2080
2115
2086
2124
2067
2086
2070
2083
2063
2054
2014
2005
1991
1967
1933
1885
1878
1828
1831
1777
1786
1745
1782
1767
1793
1762
1783
1788
1820
1809
1823
1831
1831
1855
1846
1861
1852
1879
1856
1886
1864
1871
1862
1892
1874
1893
1880
1886
1918
1915
1934
1918
1944
1944
1979
1973
2005
1980
2036
2022
2046
2018
2064
2072
2087
2097
2077
2103
2114
2137
2125
2153
2107
2172
2152
2183
2143
2199
2181
2219
2195
2216
2197
2239
2231
2236
2219
2219
2255
2240
2260
2228
2267
2240
2286
2269
2292
2250
2287
2276
2297
2272
2289
2282
2286
2302
2284
2291
2275
2293
2260
2289
2265
2269
2260
2284
2248
2246
2240
2240
2249
2224
2228
2201
2232
2214
2221
2185
2183
2155
2185
2144
2156
2118
2139
2109
2090
2082
2046
2070
2067
2066
2021
2061
2026
2086
2042
2075
2019
2088
2062
2094
2085
2082
2093
2111
2108
2106
2109
2095
2149
2124
2150
2112
2169
2149
2181
2161
2178
2148
2190
2174
2184
2170
2187
2191
2185
2183
2156
2170
2167
2192
2159
2195
2159
2188
2169
2180
2162
2171
2172
2174
2188
2164
2180
2171
2197
2170
2198
2173
2175
2176
2202
2187
2189
2179
2213
2221
2200
2194
2171
2212
2172
2179
2145
2169
2142
2187
2134
2163
2139
2187
2141
2147
2145
2127
2158
2158
2154
2130
2156
2129
2183
2126
2158
2119
2179
2137
2170
2137
2144
2142
2158
2128
2128
2122
2142
2150
2106
2122
2079
2116
2093
2100
2063
2086
2044
2054
2023
2022
1993
1999
1975
1949
1944
1910
1918
1896
1905
1867
1891
1875
1905
1888
1892
1877
1902
1915
1934
1931
1912
1936
1937
1971
1941
1967
1951
1992
1981
2016
1970
2007
1993
2029
2004
2022
2042
2038
2080
2064
2080
2061
2112
2091
2143
2098
2136
2127
2179
2141
2167
2146
2168
2176
2184
2172
2160
2179
2182
2206
2161
2187
2168
2226
2180
2205
2169
2206
2200
2214
2198
2198
2199
2213
2197
2176
2184
2152
2192
2172
2183
2136
2171
2156
2175
2146
2146
2137
2136
2126
2113
2124
2095
2129
2096
2113
2084
2118
2078
2114
2109
2099
2084
2083
2091
2082
2087
2069
2094
2072
2114
2063
2103
2071
2138
2102
2126
2093
2118
2114
2128
2105
2116
2110
2089
2131
2096
2127
2101
2141
2114
2153
2117
2150
2126
2168
2128
2163
2137
2148
2168
2156
2144
2133
2160
2151
2137
2114
2115
2098
2127
2093
2094
2066
2086
2064
2055
2031
2015
2032
2019
2012
1984
1991
1960
2008
1975
2002
1995
2019
2010
2023
2017
2018
2036
2049
2052
2029
2029
2012
2063
2020
2057
2012
2048
2015
2058
2045
2053
2018
2042
2031
2030
2014
2017
2026
1990
2020
1956
1982
1952
2005
1957
1980
1952
1955
1959
1985
1967
1974
1991
1979
2014
1971
2002
1972
2025
1999
2021
2002
2016
2001
2038
2017
2029
2022
2046
2046
2043
2050
2026
2064
2056
2070
2031
2081
2058
2095
2084
2082
2067
2102
2110
2102
2118
2100
2129
2122
2153
2116
2142
2124
2164
2143
2152
2113
2132
2127
2128
2112
2084
2084
2073
2099
2049
2058
2044
2075
2043
2073
2026
2071
2057
2101
2053
2055
2048
2062
2074
2065
2061
2048
2069
2052
2094
2049
2075
2045
2083
2052
2071
2044
2060
2059
2076
2050
2033
2028
2042
2044
2015
2031
1994
2033
2012
2029
1993
2013
2015
2037
2014
2019
2016
2036
2034
2018
2022
2005
2048
2028
2037
2001
2034
2028
2064
2032
2040
2023
2051
2049
2049
2056
2030
2058
2045
2062
2028
2042
2022
2070
2052
2072
2032
2078
2070
2099
2064
2083
2099
2102
2122
2114
2125
2119
2146
2119
2166
2115
2157
2138
2179
2129
2163
2137
2164
2155
2158
2148
2149
2155
2162
2171
2125
2157
2133
2185
2142
2172
2139
2183
2170
2179
2149
2169
2183
2211
2195
2203
2204
2198
2231
2226
2242
2212
2263
2256
2277
2249
2259
2252
2290
2279
2284
2293
2271
2301
2276
2296
2257
2294
2277
2282
2249
2265
2226
2262
2225
2241
2196
2187
2191
2176
2170
2143
2157
2140
2151
2098
2119
2052
2093
2054
2084
2037
2061
2014
2035
2017
2024
1997
2011
2020
2015
2022
1984
2010
1988
2026
1989
2012
1981
2021
2003
2035
1986
2011
1991
2008
1972
1985
1975
1965
1984
1962
1977
1955
1981
1949
1965
1927
1937
1923
1951
1904
1907
1881
1884
1896
1882
1883
1869
1908
1906
1920
1890
1909
1899
1944
1918
1942
1921
1937
1955
1959
1949
1939
1970
1980
1979
1967
1990
1974
2024
1992
2020
1987
2041
2025
2048
2012
2020
2009
2043
2015
2019
2023
1987
2018
1982
2007
1974
1987
1967
1989
1940
1968
1915
1963
1923
1941
1896
1914
1914
1917
1903
1895
1894
1899
1915
1895
1931
1886
1935
1916
1961
1929
1961
1947
1990
1973
1991
1977
2001
2010
2027
2038
2023
2039
2032
2063
2034
2051
2020
2052
2030
2036
2007
2032
2023
2030
1993
1989
1987
1994
2010
1971
1972
1968
1998
1977
2004
1960
1987
1993
2028
2000
2021
2014
2023
2041
2039
2033
2023
2046
2027
2047
2013
2033
2008
2061
2012
2054
2007
2049
2056
2089
2064
2081
2076
2105
2092
2098
2117
2084
2125
2104
2136
2099
2146
2116
2170
2127
2156
2109
2149
2121
2145
2130
2125
2123
2133
2130
2125
2116
2120
2133
2098
2138
2090
2133
2100
2139
2103
2153
2120
2171
2146
2166
2134
2173
2168
2176
2173
2146
2159
2156
2160
2130
2147
2126
2163
2144
2162
2135
2178
2161
2179
2169
2166
2162
2167
2172
2169
2174
2169
2177
2164
2186
2149
2177
2169
2196
2151
2186
2173
2175
2172
2174
2161
2151
2170
2147
2172
2147
2165
2143
2171
2138
2163
2135
2160
2136
2164
2131
2143
2110
2138
2113
2094
2097
2063
2086
2069
2077
2033
2058
2016
2068
2023
2056
2003
2055
2019
2047
2024
2030
2020
2040
2038
2035
2031
2017
2061
2040
2071
2032
2066
2050
2068
2019
2037
1981
2030
1984
1998
1936
1958
1924
1945
1927
1907
1916
1944
1947
1935
1947
1916
1965
1944
1984
1935
1978
1967
2001
1978
1996
1975
2020
2013
2026
2016
2028
2060
2069
2086
2068
2081
2088
2136
2114
2124
2113
2146
2144
2168
2136
2149
2155
2181
2194
2190
2191
2191
2198
2183
2188
2164
2173
2159
2185
2142
2162
2130
2152
2143
2158
2125
2122
2116
2132
2103
2089
2095
2076
2104
2071
2085
2049
2088
2054
2096
2046
2077
2061
2118
2069
2097
2089
2088
2091
2092
2066
2043
2041
2061
2062
2010
2022
1996
2056
2028
2054
2024
2067
2044
2086
2048
2081
2052
2091
2054
2071
2064
2057
2058
2074
2069
2072
2089
2071
2126
2076
2109
2065
2115
2082
2118
2090
2126
2099
2146
2109
2142
2103
2144
2123
2126
2117
2107
2115
2105
2097
2074
2072
2025
2064
2028
2050
2005
2048
2023
2061
2020
2034
2002
2046
2030
2050
2024
2040
2055
2061
2060
2055
2067
2070
2083
2055
2080
2027
2045
2031
2043
1982
1989
1962
1983
1950
1937
1901
1924
1913
1904
1894
1873
1888
1890
1905
1871
1887
1899
1929
1919
1932
1911
1943
1940
1948
1925
1946
1960
1975
1987
1981
1988
1993
2010
2013
2027
2001
2035
2030
2061
2032
2065
2044
2077
2062
2055
2064
2067
2076
2074
2046
2080
2056
2102
2086
2115
2078
2124
2087
2142
2118
2154
2111
2160
2143
2173
2158
2149
2158
2181
2185
2176
2170
2173
2198
2174
2187
2142
2183
2164
2203
2149
2192
2139
2203
2177
2208
2161
2206
2184
2212
2196
2181
2179
2213
2205
2198
2180
2171
2207
2190
2203
2168
2195
2174
2215
2186
2207
2159
2210
2177
2203
2159
2186
2150
2163
2133
2128
2109
2110
2108
2101
2106
2075
2103
2086
2115
2083
2092
2073
2106
2061
2083
2033
2052
2011
2023
1965
1957
1919
1915
1889
1863
1823
1808
1803
1769
1772
1746
1745
1743
1771
1733
1749
1740
1777
1769
1786
1751
1769
1778
1817
1803
1801
1790
1807
1829
1818
1820
1823
1835
1847
1855
1835
1870
1858
1890
1861
1907
1883
1901
1904
1916
1898
1919
1914
1923
1949
1925
1925
1924
1961
1950
1955
1919
1959
1936
1961
1917
1924
1896
1947
1918
1924
1906
1915
1928
1947
1925
1940
1953
1946
1970
1969
1976
1960
1991
1985
2021
1993
2023
1996
2050
2020
2066
2023
2055
2048
2071
2051
2072
2048
2092
2061
2061
2052
2029
2060
2061
2068
2037
2060
2051
2110
2066
2103
2070
2136
2100
2129
2102
2135
2107
2148
2108
2129
2096
2131
2104
2091
2066
2051
2069
2069
2067
2054
2069
2043
2095
2068
2102
2061
2112
2092
2136
2094
2126
2103
2152
2124
2151
2116
2139
2135
2144
2127
2121
2115
2127
2109
2085
2092
2062
2102
2072
2091
2062
2104
2075
2129
2084
2122
2083
2137
2109
2156
2117
2116
2099
2130
2121
2113
2095
2101
2100
2079
2104
2063
2077
2051
2079
2024
2051
2001
2045
2011
2030
1982
2011
1978
1988
1960
1951
1924
1941
1928
1930
1908
1900
1930
1924
1926
1903
1918
1919
1945
1934
1961
1933
1970
1965
1999
1965
1992
1992
2030
2026
2044
2030
2062
2071
2083
2086
2085
2095
2095
2118
2103
2115
2100
2119
2101
2124
2095
2117
2106
2129
2100
2128
2104
2142
2139
2161
2143
2162
2164
2165
2182
2172
2180
2194
2219
2198
2200
2190
2223
2215
2241
2221
2227
2217
2259
2243
2246
2225
2242
2246
2249
2221
2216
2207
2219
2237
2218
2206
2202
2228
2207
2213
2178
2206
2194
2216
2183
2183
2172
2199
2179
2176
2137
2167
2161
2170
2126
2122
2113
2126
2127
2117
2107
2108
2111
2112
2115
2085
2110
2100
2128
2094
2109
2074
2107
2077
2108
2061
2074
2040
2050
2022
2012
1984
1975
1955
1948
1911
1910
1900
1895
1907
1875
1873
1866
1900
1869
1894
1852
1892
1861
1901
1850
1880
1856
1901
1883
1902
1860
1893
1882
1908
1878
1873
1865
1871
1881
1858
1867
1849
1872
1846
1869
1829
1851
1839
1865
1822
1854
1829
1880
1857
1887
1855
1879
1867
1910
1905
1904
1893
1917
1937
1946
1939
1946
1963
1961
1995
1963
1996
1984
2029
1998
2035
1995
2041
2012
2063
2009
2059
2027
2084
2070
2091
2065
2098
2096
2112
2088
2091
2095
2092
2108
2085
2091
2072
2093
2048
2086
2029
2056
2022
2069
1997
2018
1966
1979
1941
1968
1927
1931
1903
1962
1923
1917
1912
1927
1929
1934
1921
1912
1913
1909
1947
1902
1918
1897
1942
1914
1953
1898
1940
1920
1970
1915
1935
1913
1950
1933
1941
1921
1950
1945
1981
1953
1958
1964
1957
1983
1971
1976
1965
1993
1966
2007
1970
2003
1972
2014
1969
1995
1958
1991
1954
1970
1915
1932
1894
1921
1882
1862
1833
1829
1823
1822
1800
1785
1795
1789
1818
1791
1809
1801
1839
1829
1866
1827
1863
1859
1897
1869
1906
1880
1903
1915
1938
1922
1935
1939
1966
1953
1952
1953
1971
2002
1994
1999
1997
2031
2025
2066
2022
2049
2041
2096
2062
2085
2065
2106
2088
2124
2101
2111
2101
2140
2123
2110
2100
2105
2116
2107
2078
2074
2072
2062
2090
2069
2075
2050
2078
2058
2084
2062
2075
2068
2097
2063
2083
2070
2073
2081
2073
2058
2059
2068
2079
2067
2080
2079
2067
2095
2088
2107
2089
2109
2096
2134
2118
2143
2121
2159
2136
2164
2150
2159
2166
2196
2176
2188
2187
2224
2220
2209
2203
2195
2220
2228
2228
2212
2222
2207
2237
2213
2240
2210
2252
2221
2250
2220
2244
2248
2274
2247
2263
2260
2266
2284
2275
2260
2261
2271
2271
2256
2230
2238
2206
2231
2203
2208
2163
2189
2142
2153
2103
2104
2061
2071
2017
2027
1987
1978
1967
1979
1962
1956
1953
1969
1966
1942
1945
1923
1955
1934
1950
1921
1928
1906
1942
1909
1939
1910
1955
1932
1968
1949
1963
1952
1989
1974
2002
1978
1983
2002
2003
2004
1989
1986
1995
1984
1933
1942
1878
1919
1888
1897
1841
1864
1837
1866
1823
1845
1795
1840
1820
1829
1811
1811
1825
1851
1837
1827
1825
1844
1864
1838
1847
1806
1840
1817
1837
1803
1837
1806
1860
1830
1861
1819
1879
1867
1925
1907
1934
1925
1961
1942
1969
1940
1938
1953
1941
1942
1921
1921
1896
1886
1859
1877
1827
1865
1831
1854
1814
1849
1822
1869
1841
1882
1852
1900
1872
1905
1886
1890
1889
1911
1898
1902
1882
1910
1912
1888
1895
1859
1878
1853
1869
1831
1858
1800
1857
1819
1871
1824
1887
1864
1925
1891
1916
1883
1927
1900
1917
1864
1872
1893
1892
1897
1871
1885
1904
1907
1875
1898
1857
1900
1859
1889
1843
1869
1821
1877
1806
1824
1779
1834
1807
1839
1819
1838
1849
1890
1887
1915
1909
1952
1968
1959
1979
1951
1985
1973
1983
1962
1995
1939
1993
1931
1960
1902
1960
1915
1958
1908
1928
1890
1934
1898
1925
1880
1897
1926
1936
1938
1942
1944
1960
1971
1963
1996
1964
2012
2003
2031
2004
2034
2019
2079
2035
2052
2011
2054
2024
2053
2031
2049
2042
2076
2043
2061
2042
2074
2073
2071
2075
2045
2075
2082
2082
2058
2071
2031
2094
2069
2098
2053
2103
2084
2146
2114
2145
2099
2165
2154
2178
2141
2160
2171
2190
2183
2189
2189
2205
2195
2181
2199
2176
2215
2204
2209
2175
2195
2156
2186
2139
2162
2126
2160
2138
2166
2135
2156
2145
2168
2153
2168
2154
2190
2199
2196
2201
2186
2196
2206
2222
2194
2230
2187
2234
2219
2245
2202
2232
2221
2246
2224
2242
2212
2248
2227
2235
2183
2191
2209
2214
2194
2186
2181
2193
2200
2177
2187
2144
2186
2171
2183
2145
2171
2162
2197
2160
2163
2129
2149
2131
2130
2102
2098
2096
2106
2093
2082
2069
2079
2083
2082
2081
2063
2091
2087
2098
2086
2103
2074
2116
2098
2111
2084
2113
2096
2109
2090
2083
2062
2082
2084
2087
2063
2058
2082
2073
2086
2071
2082
2081
2111
2082
2111
2074
2106
2109
2142
2105
2129
2120
2161
2134
2147
2123
2159
2148
2162
2162
2138
2149
2162
2174
2165
2176
2176
2186
2187
2205
2170
2209
2202
2225
2192
2224
2203
2244
2224
2235
2209
2244
2235
2248
2242
2235
2242
2254
2259
2258
2259
2244
2290
2271
2286
2257
2286
2280
2310
2264
2306
2266
2307
2276
2302
2264
2299
2280
2294
2270
2292
2263
2288
2283
2295
2302
2275
2288
2283
2306
2278
2286
2274
2298
2263
2292
2234
2279
2253
2292
2236
2284
2248
2273
2249
2256
2221
2252
2246
2246
2247
2224
2209
2219
2244
2223
2220
2192
2230
2214
2234
2189
2216
2200
2238
2206
2225
2171
2224
2190
2214
2165
2204
2186
2211
2204
2196
2184
2205
2212
2210
2231
2206
2228
2218
2259
2224
2244
2226
2255
2209
2236
2186
2228
2199
2229
2173
2203
2166
2199
2172
2188
2155
2187
2173
2177
2179
2156
2164
2163
2163
2136
2142
2104
2144
2121
2153
2102
2135
2117
2160
2140
2170
2132
2166
2154
2193
2157
2175
2177
2175
2207
2191
2190
2189
2222
2215
2244
2189
2208
2185
2234
2201
2229
2187
2230
2215
2236
2194
2215
2191
2224
2189
2191
2168
2170
2178
2157
2123
2101
2108
2065
2072
2011
2010
1970
1992
1927
1941
1915
1930
1912
1938
1882
1902
1887
1929
1908
1922
1896
1908
1931
1935
1930
1943
1953
1949
1986
1976
1994
1979
2014
1991
2028
1992
2020
2015
2046
2034
2049
2026
2056
2066
2079
2068
2068
2069
2086
2072
2082
2072
2069
2112
2096
2101
2077
2093
2075
2116
2071
2084
2059
2109
2082
2098
2095
2097
2107
2121
2105
2118
2111
2145
2153
2142
2143
2136
2172
2170
2174
2151
2171
2163
2207
2182
2198
2176
2216
2188
2231
2211
2227
2228
2248
2220
2233
2226
2224
2255
2214
2216
2194
2230
2220
2215
2176
2187
2153
2203
2165
2194
2145
2197
2175
2199
2182
2192
2170
2200
2174
2183
2172
2155
2159
2145
2156
2136
2167
2158
2159
2123
2159
2127
2088
2131
2097
2118
2076
2082
2064
2074
2054
2051
2043
2042
2026
1980
1980
1954
1970
1921
1926
1886
1895
1860
1889
1830
1864
1833
1903
1839
1903
1877
1920
1915
1945
1935
1963
1962
1980
2009
1996
2012
2017
2062
2032
2050
2028
2068
2043
2104
2054
2096
2069
2123
2103
2134
2093
2133
2114
2154
2119
2163
2137
2161
2162
2166
2166
2168
2185
2196
2214
2186
2207
2189
2244
2217
2239
2202
2249
2219
2258
2218
2241
2208
2241
2200
2217
2192
2195
2190
2194
2173
2178
2178
2160
2204
2174
2187
2155
2203
2178
2187
2159
2189
2170
2200
2167
2188
2147
2199
2168
2178
2160
2168
2168
2184
2157
2160
2160
2138
2147
2116
2114
2090
2103
2081
2089
2046
2058
2042
2076
2046
2069
2039
2063
2074
2115
2094
2104
2096
2119
2103
2105
2110
2094
2123
2119
2122
2113
2130
2120
2163
2133
2154
2137
2163
2149
2165
2144
2158
2151
2172
2151
2151
2143
2160
2172
2159
2169
2141
2165
2166
2172
2149
2147
2116
2138
2099
2107
2061
2071
2038
2038
1999
1988
1963
1973
1948
1928
1911
1910
1937
1930
1944
1912
1939
1930
1941
1907
1921
1881
1937
1909
1931
1893
1930
1925
1953
1918
1927
1925
1959
1955
1957
1961
1951
1991
1989
1999
1967
2007
1994
2032
1988
2027
1984
2034
2001
2038
2003
2044
2023
2050
2015
2026
2005
2030
1999
1996
2000
1975
1999
1996
2018
1991
2004
1970
2034
1999
2034
1979
2029
2000
2039
2003
2029
1989
2027
2016
2044
2014
2037
2044
2045
2049
2041
2043
2038
2056
2031
2053
1996
2038
2015
2065
2000
2043
2011
2070
2041
2072
2029
2074
2064
2102
2066
2091
2098
2109
2110
2093
2097
2115
2126
2097
2126
2083
2126
2100
2135
2079
2098
2074
2128
2095
2122
2083
2131
2108
2129
2106
2110
2100
2110
2110
2100
2089
2088
2085
2062
2071
2036
2048
2037
2054
2005
2034
1992
2026
2008
2022
1994
2003
1987
1999
2007
1990
1981
1997
2014
2001
1985
1971
1980
1964
1997
1974
1993
1969
2005
2000
2018
1986
1994
1991
2022
2008
2001
2004
1977
1998
1972
1967
1931
1947
1932
1931
1884
1879
1844
1871
1824
1816
1770
1779
1772
1786
1757
1756
1756
1775
1778
1774
1789
1763
1797
1783
1794
1773
1815
1791
1839
1799
1830
1796
1839
1822
1850
1842
1857
1862
1875
1864
1869
1870
1885
1894
1873
1881
1852
1883
1860
1866
1835
1860
1812
1851
1808
1833
1783
1830
1802
1830
1794
1806
1784
1807
1779
1782
1757
1753
1784
1770
1788
1759
1790
1790
1813
1776
1807
1757
1827
1791
1826
1775
1830
1809
1851
1827
1844
1823
1869
1856
1865
1871
1847
1868
1879
1892
1866
1878
1874
1901
1855
1880
1827
1890
1858
1896
1857
1900
1888
1949
1908
1942
1918
1983
1955
1990
1982
1989
1994
1998
2002
2001
2003
1974
2026
1986
2012
1972
2027
1997
2022
1985
2017
1984
2038
2015
2036
1993
2036
2028
2027
2020
2019
2020
2018
2020
2006
2023
1994
2039
2021
2053
2018
2059
2055
2105
2085
2110
2081
2120
2114
2137
2115
2142
2153
2173
2171
2174
2178
2194
2218
2207
2236
2201
2234
2224
2251
2226
2250
2252
2281
2272
2274
2261
2288
2278
2287
2277
2245
2261
2264
2278
2226
2228
2212
2198
2174
2184
2134
2148
2113
2115
2053
2053
2013
2021
2001
1993
1969
1970
1969
1959
1979
1962
1971
1963
1993
1976
1990
1965
2008
1992
2026
1988
2020
1999
2048
2021
2036
2023
2045
2052
2073
2050
2053
2071
2071
2093
2070
2092
2071
2108
2085
2114
2068
2111
2079
2127
2082
2108
2076
2105
2105
2113
2074
2086
2080
2105
2082
2086
2099
2099
2140
2107
2120
2105
2143
2107
2156
2101
2142
2110
2165
2103
2147
2124
2158
2147
2182
2144
2173
2168
2198
2188
2165
2181
2181
2210
2182
2192
2173
2187
2154
2199
2139
2169
2138
2198
2145
2187
2150
2162
2140
2173
2146
2168
2151
2153
2181
2161
2158
2148
2166
2155
2166
2139
2158
2137
2183
2150
2174
2127
2169
2137
2160
2130
2137
2116
2141
2124
2121
2106
2085
2106
2091
2081
2048
2072
2079
2087
2047
2064
2039
2090
2063
2083
2055
2071
2077
2105
2094
2098
2106
2138
2133
2134
2150
2136
2172
2157
2168
2164
2198
2172
2219
2187
2208
2183
2215
2199
2207
2180
2185
2187
2185
2157
2140
2148
2146
2148
2110
2115
2074
2097
2070
2078
2033
2041
1991
2015
1979
2000
1950
1967
1962
1969
1967
1958
1954
1968
1987
1980
1987
1975
2018
2000
2028
1988
2006
1984
2025
1984
2011
1968
2003
2001
2015
1973
1985
1985
2003
2021
2014
2008
2004
2023
2010
2032
1976
2013
1995
2037
1977
1998
1960
2000
1972
1978
1927
1947
1923
1934
1868
1857
1847
1843
1854
1834
1821
1819
1837
1805
1834
1791
1825
1795
1828
1787
1810
1778
1810
1786
1810
1751
1773
1738
1779
1740
1742
1735
1741
1750
1751
1755
1760
1772
1768
1801
1781
1813
1786
1827
1789
1839
1813
1836
1823
1865
1828
1857
1841
1869
1899
1903
1911
1910
1931
1943
1958
1946
1972
1934
1986
1972
1995
1959
2003
1981
2014
1986
1996
1994
2023
2009
2003
2001
1969
1980
1961
1955
1911
1919
1910
1925
1896
1903
1876
1924
1903
1924
1892
1916
1923
1955
1957
1950
1947
1974
1991
1992
2024
2012
2038
2032
2057
2044
2068
2060
2110
2089
2106
2088
2132
2121
2148
2143
2150
2149
2177
2186
2193
2192
2202
2224
2226
2258
2216
2235
2224
2260
2243
2282
2244
2273
2267
2302
2262
2279
2268
2295
2303
2306
2294
2300
2315
2309
2307
2280
2309
2296
2324
2287
2300
2273
2329
2285
2298
2241
2277
2266
2297
2248
2273
2240
2254
2243
2229
2216
2212
2213
2205
2205
2168
2188
2163
2196
2151
2187
2152
2195
2179
2211
2161
2191
2161
2205
2162
2168
2152
2164
2162
2162
2144
2150
2151
2125
2152
2106
2120
2097
2134
2104
2121
2098
2125
2106
2142
2095
2118
2094
2145
2116
2117
2085
2085
2081
2078
2043
2019
1999
1967
1983
1952
1944
1902
1935
1901
1909
1867
1883
1872
1913
1878
1896
1869
1886
1902
1917
1917
1923
1953
1962
1959
1945
1964
1952
1997
1965
1972
1935
1967
1950
1965
1915
1919
1906
1922
1889
1901
1883
1880
1899
1905
1902
1902
1926
1944
1961
1942
1951
1929
1991
1972
1999
1965
2000
5835
2164
2168
2182
2187
2179
2178
2179
2178
2167
2172
2173
2163
2161
2158
2150
2147
2145
2131
2117
2103
2105
2106
2092
2089
2078
2078
2081
2076
2072
2088
2100
2104
2102
2108
2117
2127
2135
2140
2146
2154
2152
2161
2166
2171
2173
2162
2158
2160
2156
2152
2157
2163
2155
2150
2159
2144
2138
2143
2152
2145
2144
2155
2150
2155
2151
2141
2134
2134
2127
2121
2119
2116
2111
2100
2086
2084
2081
2075
2079
2073
2065
2055
2058
2054
2039
2026
2022
2014
2003
1994
1988
1986
1983
1975
1971
1962
1958
1966
1957
1947
1944
1951
1950
1950
1943
1945
1945
1944
1945
1950
1940
1935
1925
1923
1924
1937
1938
1942
1943
1950
1951
1952
1963
1964
1967
1973
1984
1984
1986
1986
1991
1995
1979
1978
1976
1964
1953
1945
1938
1926
1903
1893
1884
1867
1868
1866
1850
1857
1862
1872
1881
1888
1892
1896
1899
1921
1923
1931
1939
1942
1944
1948
1947
1943
1944
1952
1936
1924
1929
1927
1921
1915
1906
1900
1902
1918
1926
1926
1919
1926
1934
1933
1942
1949
1956
1963
1971
1971
1976
1975
1975
1975
1977
1982
1991
1992
1991
1999
2007
2019
2017
2011
2020
2034
2037
2033
2032
2039
2055
2054
2062
2060
2067
2070
2056
2048
2052
2059
2071
2067
2069
2059
2072
2079
2081
2086
2088
2098
2105
2112
2111
2119
2131
2126
2137
2142
2144
2147
2154
2145
2151
2156
2164
2169
2170
2162
2168
2165
2163
2160
2162
2168
2160
2159
2155
2150
2138
2131
2131
2133
2115
2102
2102
2103
2101
2099
2108
2112
2108
2115
2121
2129
2134
2143
2151
2156
2151
2147
2148
2160
2168
2168
2160
2167
2164
2159
2163
2168
2176
2172
2168
2169
2171
2176
2171
2174
2180
2166
2169
2162
2162
2160
2169
2166
2173
2166
2157
2158
2158
2159
2160
2157
2163
2149
2131
2139
2138
2145
2131
2127
2125
2113
2107
2108
2104
2114
2108
2103
2107
2107
2116
2116
2108
2107
2111
2126
2129
2139
2129
2130
2130
2133
2131
2126
2117
2119
2120
2120
2111
2117
2112
2116
2118
2115
2115
2112
2112
2120
2122
2116
2106
2103
2111
2099
2082
2080
2072
2045
2033
2031
2022
2016
2000
1988
1979
1964
1947
1935
1928
1913
1882
1870
1863
1859
1864
1853
1838
1827
1824
1821
1827
1822
1820
1825
1831
1833
1854
1853
1862
1875
1877
1880
1880
1890
1895
1896
1910
1909
1927
1932
1936
1956
1962
1975
1982
1983
1990
2005
2004
2018
2030
2027
2042
2051
2062
2058
2064
2067
2069
2079
2081
2078
2079
2074
2083
2096
2101
2102
2105
2105
2106
2106
2107
2104
2094
2086
2091
2087
2074
2071
2064
2065
2073
2079
2068
2071
2059
2062
2071
2075
2071
2064
2061
2070
2054
2070
2073
2076
2072
2077
2068
2078
2065
2058
2065
2069
2060
2045
2025
2032
2029
2024
2021
2014
2018
2017
2006
2017
2012
2021
2027
2032
2030
2023
2027
2032
2027
2035
2040
2028
2024
2018
2020
2019
2013
2009
2003
2008
2005
2007
2008
2015
2017
2009
2011
2017
2011
2014
2016
2025
2031
2036
2029
2038
2040
2047
2063
2063
2066
2063
2064
2063
2067
2068
2076
2080
2074
2077
2071
2073
2065
2053
2043
2043
2041
2030
2011
2008
2003
2001
1994
1988
1979
1978
1955
1952
1949
1954
1954
1947
1951
1950
1952
1954
1952
1956
1961
1977
1974
1986
1982
1994
1983
1998
1995
2005
2016
2027
2024
2026
2041
2050
2056
2064
2071
2085
2090
2092
2095
2103
2108
2122
2123
2129
2131
2135
2146
2147
2160
2152
2159
2164
2171
2172
2171
2175
2173
2180
2183
2185
2182
2177
2177
2184
2182
2180
2173
2170
2179
2168
2167
2168
2165
2161
2159
2155
2164
2163
2165
2167
2165
2166
2165
2165
2177
2184
2182
2177
2177
2183
2175
2182
2182
2187
2184
2182
2172
2179
2174
2170
2158
2164
2151
2154
2147
2140
2135
2142
2140
2139
2142
2140
2134
2150
2158
2174
2153
2156
2167
2166
2175
2181
2184
2193
2196
2188
2181
2186
2183
2191
2191
2202
2202
2201
2195
2198
2198
2195
2181
2175
2167
2165
2159
2156
2144
2140
2134
2128
2123
2117
2112
2107
2096
2096
2091
2081
2077
2061
2057
2055
2044
2039
2037
2024
2010
2005
2001
1998
1999
1995
1997
2002
1990
1991
1986
1989
1978
1987
1993
1987
1985
1972
1963
1973
1978
1979
1983
1992
1994
1995
2002
1998
1999
1996
1993
1992
2004
2005
1994
2007
2013
2010
2022
2019
2019
2030
2039
2045
2043
2042
2049
2051
2061
2066
2074
2061
2068
2068
2079
2072
2076
2072
2077
2080
2078
2082
2090
2096
2093
2091
2102
2098
2099
2102
2100
2097
2114
2106
2101
2096
2099
2108
2106
2100
2101
2102
2102
2104
2112
2124
2126
2123
2124
2123
2121
2124
2122
2127
2123
2123
2130
2132
2125
2133
2138
2139
2138
2137
2145
2142
2149
2155
2151
2145
2139
2139
2146
2143
2145
2135
2129
2127
2121
2104
2096
2097
2083
2066
2067
2058
2049
2040
2032
2032
2040
2045
2052
2046
2043
2039
2046
2051
2050
2047
2053
2061
2072
2072
2073
2077
2084
2090
2104
2109
2120
2127
2130
2134
2145
2150
2148
2167
2169
2172
2173
2182
2187
2183
2174
2184
2185
2189
2179
2183
2170
2173
2157
2172
2167
2166
2159
2167
2157
2145
2135
2147
2142
2135
2138
2137
2144
2146
2142
2148
2142
2143
2142
2137
2141
2131
2122
2129
2132
2131
2126
2117
2125
2126
2121
2112
2120
2121
2115
2117
2101
2102
2114
2113
2119
2112
2102
2105
2114
2106
2112
2111
2117
2115
2116
2112
2110
2107
2105
2100
2106
2108
2109
2105
2097
2104
2110
2120
2116
2122
2126
2124
2123
2122
2125
2144
2141
2135
2136
2131
2145
2142
2146
2149
2147
2155
2160
2158
2169
2167
2181
2178
2183
2187
2187
2184
2186
2189
2198
2195
2192
2184
2187
2189
2182
2165
2170
2169
2170
2150
2146
2140
2135
2118
2117
2113
2103
2103
2106
2104
2100
2112
2106
2119
2111
2117
2131
2137
2144
2157
2155
2159
2160
2175
2183
2190
2189
2203
2194
2190
2195
2197
2194
2191
2197
2200
2197
2209
2199
2188
2186
2185
2166
2157
2151
2148
2131
2122
2123
2115
2107
2095
2090
2092
2097
2092
2094
2090
2096
2106
2112
2115
2118
2113
2113
2116
2113
2120
2127
2130
2132
2134
2133
2126
2127
2128
2131
2142
2140
2133
2123
2126
2118
2103
2110
2111
2112
2107
2098
2096
2092
2086
2074
2070
2062
2048
2050
2031
2016
2013
2003
1993
1980
1974
1976
1971
1978
1980
1979
1975
1983
1983
1988
1987
1985
1986
1982
1973
1966
1963
1960
1957
1958
1955
1963
1968
1976
1971
1975
1979
1977
1994
1993
2003
2020
2024
2019
2023
2026
2030
2031
2034
2029
2016
2021
2013
2011
2008
2012
2005
1996
1991
1991
1994
1987
1982
1983
1986
1977
1985
1993
2001
1997
1999
1998
2021
2028
2038
2046
2045
2056
2056
2070
2081
2087
2086
2090
2091
2102
2117
2122
2119
2121
2121
2133
2141
2143
2151
2150
2147
2150
2151
2165
2175
2171
2167
2158
2163
2157
2146
2142
2147
2141
2136
2126
2123
2128
2121
2114
2113
2109
2115
2127
2125
2124
2123
2129
2137
2137
2145
2150
2147
2146
2151
2159
2143
2143
2136
2135
2125
2122
2114
2123
2118
2127
2120
2127
2128
2136
2133
2132
2137
2128
2128
2133
2138
2138
2124
2130
2123
2116
2112
2103
2112
2109
2099
2099
2102
2094
2098
2097
2094
2091
2088
2097
2096
2089
2087
2095
2101
2086
2087
2080
2083
2090
2078
2088
2079
2075
2073
2061
2063
2067
2067
2081
2072
2073
2067
2067
2068
2067
2072
2080
2085
2088
2091
2097
2089
2095
2084
2104
2105
2105
2104
2103
2106
2104
2104
2098
2078
2075
2066
2046
2051
2045
2042
2042
2037
2029
2039
2043
2039
2038
2039
2055
2058
2052
2045
2041
2042
2041
2036
2040
2047
2050
2046
2044
2039
2041
2043
2048
2045
2045
2046
2041
2031
2036
2031
2021
2019
2010
2014
2010
2001
1998
2002
1994
1993
2001
1996
2006
2013
2021
2022
2019
2012
2023
2031
2029
2029
2032
2035
2034
2041
2036
2041
2044
2045
2049
2050
2050
2057
2062
2058
2067
2068
2076
2080
2072
2075
2083
2081
2079
2077
2093
2092
2083
2090
2097
2095
2086
2095
2099
2102
2100
2095
2105
2107
2100
2111
2106
2101
2109
2114
2105
2099
2111
2116
2108
2093
2094
2085
2074
2061
2039
2033
2021
2009
2009
1999
1991
1994
1976
1977
1978
1976
1971
1974
1985
1984
1995
2002
2014
2007
2012
2013
2024
2031
2040
2038
2035
2040
2056
2059
2063
2066
2066
2069
2071
2082
2087
2091
2099
2096
2092
2101
2105
2104
2119
2120
2121
2129
2124
2133
2134
2139
2143
2137
2144
2149
2144
2143
2141
2153
2156
2155
2144
2147
2147
2156
2159
2158
2156
2153
2157
2167
2161
2166
2175
2174
2176
2164
2167
2167
2164
2159
2155
2151
2163
2157
2151
2133
2129
2127
2134
2127
2130
2128
2131
2127
2112
2105
2112
2103
2102
2103
2107
2101
2096
2102
2100
2099
2102
2108
2110
2108
2114
2117
2125
2134
2129
2130
2133
2136
2140
2144
2138
2136
2142
2145
2150
2140
2139
2136
2143
2145
2144
2151
2158
2146
2151
2137
2139
2127
2132
2120
2119
2118
2114
2112
2097
2088
2083
2076
2077
2074
2077
2070
2067
2072
2076
2086
2070
2067
2071
2076
2071
2076
2066
2058
2067
2067
2060
2057
2057
2061
2052
2050
2048
2048
2050
2061
2063
2065
2067
2083
2091
2086
2097
2099
2101
2099
2105
2111
2109
2107
2110
2102
2106
2092
2096
2094
2076
2071
2067
2065
2067
2047
2050
2051
2060
2051
2038
2030
2028
2032
2024
2015
2001
1985
1971
1957
1965
1954
1955
1960
1954
1958
1952
1961
1957
1958
1955
1961
1959
1948
1943
1943
1939
1944
1959
1964
1953
1954
1966
1974
1980
1995
2001
2007
2022
2023
2040
2047
2047
2048
2063
2072
2071
2075
2079
2090
2084
2088
2084
2085
2086
2101
2102
2101
2098
2107
2120
2122
2123
2118
2118
2119
2114
2119
2121
2120
2114
2122
2132
2115
2098
2091
2096
2090
2088
2070
2055
2054
2057
2056
2050
2049
2030
2025
2023
2020
2024
2034
2031
2033
2042
2038
2046
2049
2032
2028
2027
2027
2014
2007
1996
1983
1980
1979
1972
1970
1974
1985
1995
1996
2001
2007
2017
2021
2021
2026
2030
2024
2016
2021
1999
1983
1983
1978
1968
1949
1926
1906
1894
1882
1871
1847
1829
1814
1796
1787
1773
1756
1749
1741
1737
1749
1753
1765
1781
1790
1798
1796
1816
1841
1845
1860
1867
1881
1886
1887
1887
1899
1893
1909
1913
1927
1934
1941
1947
1959
1969
1969
1973
1979
1982
1994
2006
2017
2019
2013
2032
2041
2047
2051
2055
2053
2068
2065
2078
2087
2084
2084
2086
2082
2075
2075
2063
2061
2066
2052
2038
2043
2034
2029
2022
2009
1999
1996
1986
1981
1980
1985
1982
1979
1990
1996
2015
2002
2000
2027
2038
2023
2011
2027
2026
2025
2023
2015
2010
2014
1997
1996
1992
1995
1999
1993
1995
1992
1999
2003
2014
2006
2000
2004
2013
2017
2021
2025
2030
2037
2033
2032
2041
2037
2025
2024
2025
2030
2027
2034
2030
2028
2035
2042
2039
2036
2040
2049
2050
2055
2064
2066
2083
2082
2088
2088
2094
2102
2116
2113
2112
2114
2120
2124
2128
2130
2125
2120
2119
2127
2132
2139
2141
2149
2150
2150
2150
2145
2137
2148
2156
2162
2158
2150
2135
2127
2121
2105
2089
2073
2062
2059
2051
2035
2015
2010
2002
1984
1966
1967
1961
1948
1937
1929
1917
1909
1909
1911
1912
1912
1915
1923
1918
1928
1926
1935
1940
1944
1946
1956
1959
1962
1966
1963
1970
1960
1971
1970
1979
1986
1992
2000
2009
2016
2021
2022
2025
2031
2033
2026
2027
2019
2008
1999
1993
1986
1977
1966
1960
1957
1945
1955
1957
1962
1956
1955
1953
1965
1969
1970
1979
1989
1997
1993
1998
1998
2002
2021
2021
2019
2013
2025
2033
2030
2030
2025
2027
2037
2028
2040
2050
2044
2044
2036
2039
2025
2029
2027
2027
2030
2013
2014
2022
2044
2041
2037
2038
2047
2054
2054
2068
2070
2075
2079
2077
2085
2090
2090
2090
2088
2082
2097
2096
2103
2111
2107
2110
2109
2112
2115
2120
2120
2119
2131
2127
2128
2128
2131
2130
2141
2153
2153
2153
2156
2161
2152
2149
2154
2153
2147
2145
2139
2142
2143
2129
2116
2121
2109
2111
2114
2109
2103
2092
2091
2089
2094
2082
2083
2081
2075
2063
2064
2045
2027
2014
1994
1971
1952
1918
1898
1874
1855
1834
1827
1812
1815
1810
1807
1806
1807
1815
1817
1834
1836
1842
1841
1854
1857
1860
1856
1862
1856
1851
1859
1865
1876
1883
1887
1878
1886
1884
1908
1914
1921
1925
1927
1932
1930
1950
1956
1973
1977
1971
1980
1991
1999
2015
2017
2030
2030
2037
2050
2061
2060
2063
2068
2072
2078
2078
2083
2095
2110
2112
2112
2096
2115
2130
2136
2132
2134
2138
2146
2150
2149
2153
2162
2155
2159
2161
2170
2171
2177
2182
2183
2183
2180
2194
2197
2192
2191
2191
2197
2194
2191
2193
2192
2196
2198
2191
2189
2192
2196
2196
2199
2198
2198
2187
2188
2184
2180
2183
2173
2161
2152
2151
2141
2127
2118
2108
2097
2084
2066
2066
2063
2058
2045
2028
2026
2024
2028
2025
2032
2040
2039
2036
2044
2045
2050
2054
2064
2070
2076
2087
2080
2086
2087
2090
2106
2107
2101
2112
2113
2119
2121
2127
2128
2124
2125
2133
2134
2128
2128
2129
2127
2124
2125
2135
2125
2130
2140
2154
2153
2145
2151
2144
2149
2156
2163
2158
2159
2164
2165
2160
2160
2165
2168
2170
2186
2179
2174
2172
2168
2157
2166
2173
2159
2164
2160
2154
2153
2144
2140
2137
2131
2119
2117
2120
2118
2115
2114
2115
2113
2116
2116
2115
2113
2111
2110
2115
2115
2118
2107
2111
2107
2102
2095
2091
2081
2074
2081
2079
2078
2074
2074
2062
2073
2063
2063
2062
2056
2052
2036
2034
2035
2015
2004
1992
1982
1959
1947
1925
1921
1905
1894
1883
1880
1872
1873
1879
1885
1894
1905
1913
1920
1932
1937
1945
1962
1975
1983
2000
2008
2002
2008
2016
2019
2024
2025
2037
2045
2046
2045
2034
2044
2060
2069
2075
2080
2085
2098
2099
2110
2119
2122
2121
2132
2140
2144
2154
2159
2157
2160
2175
2176
2174
2176
2174
2181
2181
2188
2191
2194
2194
2196
2188
2196
2194
2198
2196
2192
2191
2184
2168
2161
2165
2162
2158
2143
2131
2127
2129
2128
2113
2110
2100
2103
2096
2092
2085
2088
2080
2089
2084
2087
2072
2071
2066
2068
2068
2064
2061
2067
2060
2059
2062
2073
2073
2064
2074
2065
2078
2081
2089
2084
2093
2085
2095
2091
2096
2092
2104
2109
2114
2107
2119
2120
2121
2123
2120
2115
2124
2124
2123
2130
2117
2113
2116
2119
2114
2103
2096
2087
2072
2064
2052
2055
2039
2034
2030
2012
2002
2002
2000
1997
1990
1982
1986
1994
1991
1994
1996
2010
2011
2019
2013
2021
2021
2029
2040
2031
2029
2036
2037
2030
2028
2030
2023
2025
2026
2019
2033
2023
2026
2017
2003
2006
2007
2001
1986
1976
1972
1973
1970
1967
1969
1959
1963
1964
1961
1962
1971
1977
1979
1981
1987
1999
1996
1997
2014
2016
2013
2015
2019
2018
2028
2034
2033
2029
2029
2027
2031
2027
2030
2030
2032
2036
2045
2045
2050
2054
2046
2042
2057
2061
2058
2061
2066
2077
2074
2087
2090
2080
2091
2097
2102
2099
2099
2099
2108
2103
2093
2087
2078
2077
2068
2063
2063
2071
2062
2060
2056
2056
2063
2063
2060
2055
2061
2067
2073
2082
2084
2081
2078
2097
2101
2100
2099
2089
2091
2096
2096
2107
2101
2094
2104
2111
2110
2105
2115
2113
2102
2102
2106
2103
2094
2092
2079
2075
2070
2067
2060
2066
2056
2056
2049
2058
2048
2053
2047
2046
2060
2055
2055
2052
2052
2050
2065
2066
2054
2055
2062
2056
2066
2065
2071
2071
2073
2065
2069
2066
2063
2079
2066
2069
2061
2055
2059
2066
2065
2064
2068
2075
2076
2075
2077
2085
2087
2092
2096
2102
2110
2105
2110
2115
2119
2120
2136
2127
2128
2130
2138
2148
2154
2146
2148
2146
2146
2143
2149
2151
2136
2143
2143
2145
2131
2131
2139
2139
2143
2147
2150
2155
2156
2163
2164
2168
2164
2167
2183
2191
2200
2199
2218
2210
2216
2211
2215
2214
2215
2218
2227
2229
2228
2231
2235
2228
2219
2217
2207
2190
2197
2194
2181
2167
2165
2160
2150
2139
2133
2120
2114
2104
2101
2091
2077
2063
2053
2051
2050
2044
2027
2027
2035
2030
2039
2035
2043
2037
2039
2039
2049
2043
2040
2033
2039
2030
2021
2021
2027
2023
2008
2004
2001
1998
1990
1993
1989
1990
1996
1989
1977
1977
1968
1959
1951
1943
1945
1941
1922
1923
1919
1917
1907
1900
1901
1903
1915
1911
1907
1912
1909
1919
1942
1945
1952
1958
1959
1964
1962
1971
1967
1971
1980
1983
1987
1989
1995
2001
1990
2002
2008
2013
2014
2008
2025
2021
2013
2003
2007
2005
2002
2003
2005
1997
1991
1990
1991
1991
1984
1980
1972
1969
1967
1959
1954
1955
1947
1953
1945
1946
1956
1950
1947
1955
1953
1955
1960
1967
1975
1978
1992
1994
1992
1999
2014
2016
2023
2024
2035
2045
2042
2048
2036
2034
2040
2034
2039
2035
2030
2025
2029
2032
2034
2036
2029
2021
2032
2034
2026
2022
2027
2031
2025
2023
2029
2025
2037
2040
2038
2034
2041
2051
2054
2035
2039
2038
2036
2025
2021
2013
2012
2013
2009
2012
2011
2013
2020
2037
2036
2038
2039
2044
2043
2053
2057
2062
2057
2078
2077
2087
2075
2087
2084
2090
2088
2084
2086
2083
2091
2087
2080
2079
2083
2075
2075
2079
2085
2081
2078
2073
2078
2078
2085
2087
2089
2098
2098
2101
2114
2115
2118
2129
2119
2131
2136
2135
2125
2126
2140
2143
2138
2146
2147
2144
2149
2144
2144
2151
2152
2146
2152
2152
2147
2154
2148
2144
2142
2147
2147
2148
2150
2156
2159
2161
2160
2153
2154
2161
2156
2152
2142
2135
2146
2148
2147
2142
2142
2142
2149
2145
2144
2146
2138
2136
2135
2133
2123
2122
2124
2118
2111
2103
2103
2097
2088
2088
2086
2077
2077
2079
2063
2055
2067
2068
2063
2054
2056
2051
2049
2051
2053
2073
2073
2066
2073
2082
2067
2068
2065
2075
2082
2085
2072
2067
2053
2047
2052
2037
2015
2010
2003
1983
1974
1963
1956
1951
1955
1954
1954
1955
1955
1951
1951
1946
1951
1953
1948
1948
1951
1962
1967
1974
1967
1970
1987
2001
2002
2005
2017
2026
2035
2027
2036
2051
2048
2059
2054
2067
2071
2076
2095
2100
2109
2112
2115
2115
2115
2116
2113
2121
2126
2131
2126
2128
2129
2130
2127
2116
2114
2118
2113
2115
2111
2107
2096
2092
2090
2083
2086
2088
2077
2077
2086
2081
2078
2077
2076
2081
2082
2081
2063
2059
2045
2038
2029
2021
2015
2008
2004
1998
2005
2009
2023
2022
2032
2039
2045
2052
2033
2040
2032
2039
2042
2036
2038
2034
2045
2055
2057
2069
2068
2068
2078
2085
2091
2092
2095
2097
2095
2098
2097
2103
2108
2109
2107
2101
2101
2100
2100
2098
2109
2110
2096
2087
2095
2083
2084
2068
2060
2053
2062
2057
2057
2048
2046
2043
2035
2040
2052
2054
2050
2050
2062
2064
2065
2070
2069
2080
2078
2087
2085
2078
2073
2074
2050
2044
2038
2036
2018
2010
2001
1993
1991
1977
1974
1975
1958
1959
1959
1946
1950
1961
1971
1967
1977
1983
1982
1989
1996
1994
1999
2014
2035
2065
2048
2045
2067
2095
2092
2085
2081
2079
2077
2079
2084
2083
2079
2081
2082
2079
2070
2062
2058
2055
2060
2063
2065
2070
2077
2082
2084
2089
2099
2107
2111
2116
2122
2121
2122
2124
2135
2133
2135
2142
2140
2140
2147
2156
2169
2165
2173
2178
2171
2168
2172
2179
2178
2175
2180
2169
2165
2167
2175
2167
2163
2170
2167
2170
2163
2177
2179
2190
2174
2174
2187
2194
2194
2202
2186
2195
2198
2194
2199
2199
2194
2190
2187
2191
2188
2192
2193
2184
2178
2171
2160
2156
2148
2144
2141
2136
2128
2122
2113
2087
2087
2082
2081
2066
2067
2048
2041
2037
2017
1993
1969
1948
1931
1913
1895
1875
1859
1850
1835
1834
1823
1822
1829
1826
1829
1836
1837
1845
1840
1841
1852
1850
1836
1840
1848
1852
1841
1848
1846
1850
1846
1852
1854
1863
1863
1863
1869
1870
1881
1888
1891
1905
1912
1914
1920
1932
1934
1934
1947
1942
1944
1945
1952
1950
1943
1940
1954
1949
1949
1947
1944
1940
1939
1943
1929
1928
1934
1941
1943
1934
1945
1955
1973
1985
1986
1986
2004
2013
2019
2021
2029
2027
2025
2034
2046
2051
2048
2042
2046
2052
2044
2039
2039
2034
2042
2043
2044
2049
2059
2061
2058
2064
2058
2058
2073
2077
2067
2074
2080
2082
2083
2089
2093
2094
2089
2089
2073
2072
2062
2055
2058
2051
2052
2054
2057
2066
2067
2070
2062
2061
2073
2082
2094
2092
2082
2079
2088
2091
2092
2096
2103
2108
2102
2097
2108
2108
2099
2095
2096
2091
2081
2088
2099
2099
2089
2090
2090
2103
2097
2108
2116
2120
2120
2123
2113
2113
2108
2118
2118
2119
2119
2116
2115
2117
2127
2120
2114
2111
2117
2108
2111
2111
2110
2089
2084
2080
2074
2054
2039
2025
2018
2009
1993
1984
1976
1977
1978
1971
1964
1958
1963
1962
1959
1966
1965
1973
1978
1980
1993
2001
1994
1992
1992
2006
2001
2002
2005
2015
2026
2033
2038
2037
2032
2044
2052
2055
2069
2067
2053
2055
2063
2056
2059
2059
2057
2049
2050
2060
2067
2064
2077
2082
2087
2100
2109
2117
2120
2119
2133
2138
2137
2140
2151
2158
2169
2169
2176
2190
2195
2201
2192
2199
2199
2206
2220
2222
2214
2221
2214
2219
2221
2220
2221
2216
2204
2212
2215
2209
2215
2216
2211
2202
2191
2184
2189
2187
2181
2176
2162
2161
2154
2152
2146
2139
2136
2141
2139
2139
2129
2129
2126
2130
2138
2136
2137
2133
2129
2122
2129
2135
2138
2144
2154
2156
2158
2151
2149
2148
2162
2158
2143
2134
2131
2125
2126
2112
2100
2089
2074
2072
2075
2065
2071
2064
2058
2042
2037
2021
2032
2036
2027
2026
2023
2019
2021
2021
2008
2001
2000
2001
1995
1996
1990
1994
1978
1974
1969
1957
1949
1945
1943
1943
1930
1929
1923
1919
1911
1895
1893
1895
1905
1894
1902
1895
1902
1907
1908
1917
1921
1931
1939
1949
1960
1963
1989
2000
2005
2008
2012
2016
2027
2030
2034
2035
2035
2044
2053
2053
2060
2063
2059
2081
2069
2072
2069
2074
2074
2079
2079
2074
2063
2060
2053
2056
2057
2064
2059
2061
2066
2065
2057
2067
2062
2060
2049
2055
2063
2061
2050
2034
2039
2044
2045
2056
2048
2032
2027
2019
2021
2019
2010
1995
1984
1977
1981
1987
1982
1972
1963
1956
1958
1956
1952
1949
1958
1954
1953
1956
1949
1952
1951
1957
1961
1962
1959
1965
1966
1980
1976
1980
1985
1994
1998
2006
2001
2006
2016
2014
2013
2022
2014
2008
1999
1983
1974
1971
1952
1939
1926
1916
1903
1897
1892
1881
1875
1874
1867
1864
1867
1857
1850
1857
1867
1864
1867
1870
1868
1865
1882
1892
1901
1908
1923
1933
1942
1944
1948
1961
1962
1972
1978
1987
2000
2003
2003
2009
2015
2025
2029
2039
2034
2057
2060
2061
2061
2079
2080
2092
2089
2104
2098
2110
2104
2108
2099
2100
2108
2112
2113
2106
2100
2105
2106
2095
2095
2087
2085
2093
2097
2092
2103
2092
2093
2090
2095
2083
2083
2085
2090
2091
2087
2087
2087
2082
2078
2081
2097
2096
2089
2086
2083
2094
2096
2103
2105
2110
2105
2113
2123
2132
2132
2125
2126
2137
2145
2158
2160
2155
2156
2153
2174
2179
2166
2168
2178
2191
2185
2189
2185
2197
2198
2183
2176
2185
2194
2193
2191
2189
2188
2198
2194
2196
2192
2187
2195
2202
2196
2194
2190
2190
2182
2180
2186
2171
2170
2167
2163
2152
2157
2147
2134
2127
2113
2092
2067
2051
2042
2037
2020
2002
2002
1986
1989
1981
1974
1969
1975
1975
1961
1965
1972
1977
1976
1984
1985
1991
1983
1982
1992
1979
1985
1985
1991
1977
1963
1976
1978
1983
1982
1980
1986
1979
1975
1977
1967
1961
1954
1946
1934
1923
1918
1906
1896
1895
1888
1885
1879
1874
1867
1861
1850
1847
1853
1845
1837
1838
1839
1826
1838
1842
1835
1836
1827
1818
1822
1813
1812
1809
1815
1808
1805
1813
1817
1821
1836
1847
1849
1853
1860
1869
1880
1895
1908
1910
1927
1927
1936
1949
1953
1954
1946
1946
1944
1937
1925
1921
1914
1913
1906
1901
1897
1894
1886
1893
1887
1891
1892
1896
1907
1905
1910
1907
1919
1921
1921
1922
1909
1908
1908
1890
1887
1880
1884
1874
1862
1857
1851
1856
1863
1881
1882
1895
1912
1909
1919
1921
1933
1935
1931
1941
1937
1947
1941
1942
1937
1942
1945
1958
1965
1961
1960
1958
1960
1955
1951
1956
1939
1929
1923
1910
1901
1899
1899
1907
1907
1909
1918
1923
1936
1945
1956
1964
1987
1992
2006
2003
2004
2004
2006
2004
2016
2007
2008
2002
2000
1998
1984
1987
1990
1983
1976
1976
1976
1983
1988
1981
1982
1989
1998
1993
2002
2006
2003
2009
2008
2019
2021
2022
2030
2037
2029
2037
2033
2040
2040
2044
2045
2043
2053
2055
2054
2062
2073
2069
2071
2074
2078
2077
2086
2085
2095
2087
2088
2076
2079
2071
2073
2068
2069
2065
2070
2073
2076
2065
2067
2068
2086
2091
2091
2095
2103
2111
2109
2109
2114
2125
2124
2125
2133
2148
2147
2144
2149
2149
2147
2147
2150
2161
2151
2142
2135
2124
2116
2114
2107
2113
2111
2115
2118
2116
2126
2136
2141
2137
2141
2149
2146
2153
2162
2161
2167
2170
2174
2166
2173
2171
2173
2167
2179
2185
2183
2183
2188
2188
2189
2192
2189
2200
2196
2189
2186
2181
2177
2174
2160
2166
2162
2148
2137
2139
2135
2141
2136
2128
2128
2125
2132
2133
2119
2116
2125
2126
2112
2122
2110
2100
2100
2105
2099
2102
2101
2095
2086
2085
2078
2083
2091
2084
2081
2084
2086
2082
2080
2085
2089
2088
2080
2075
2064
2049
2052
2056
2059
2043
2041
2036
2030
2029
2023
2021
2009
2009
2013
2017
2019
2025
2034
2031
2024
2023
2022
2035
2038
2044
2034
2031
2048
2055
2059
2056
2064
2058
2058
2077
2080
2086
2094
2093
2104
2105
2108
2117
2131
2134
2138
2141
2158
2163
2152
2153
2167
2171
2176
2178
2176
2182
2168
2173
2180
2182
2184
2187
2198
2197
2189
2203
2208
2212
2213
2216
2210
2216
2219
2219
2227
2240
2231
2228
2230
2234
2237
2224
2237
2232
2231
2234
2237
2228
2228
2226
2226
2214
2225
2225
2220
2210
2202
2209
2218
2215
2210
2205
2212
2212
2207
2201
2200
2193
2187
2200
2197
2207
2219
2226
2219
2210
2208
2221
2205
2210
2214
2206
2205
2204
2211
2218
2213
2214
2217
2217
2220
2224
2216
2216
2223
2219
2217
2223
2233
2238
2233
2233
2246
2233
2237
2250
2256
2254
2268
2263
2258
2254
2253
2256
2254
2260
2259
2257
2253
2268
2255
2249
2247
2249
2247
2242
2236
2244
2239
2236
2218
2220
2208
2200
2195
2197
2185
2182
2177
2181
2179
2170
2161
2153
2160
2164
2165
2172
2165
2170
2181
2175
2172
2175
2177
2180
2181
2180
2184
2177
2188
2185
2194
2182
2187
2184
2186
2192
2191
2179
2178
2181
2158
2163
2159
2151
2143
2133
2116
2102
2082
2074
2058
2055
2030
2016
2001
1991
1972
1963
1952
1944
1939
1937
1935
1935
1931
1928
1933
1931
1933
1939
1937
1943
1948
1957
1959
1967
1967
1963
1963
1978
1986
1987
1995
1997
1999
2003
2010
2016
2015
2022
2035
2034
2038
2044
2040
2057
2064
2057
2059
2057
2057
2049
2049
2046
2047
2037
2026
2022
2029
2028
2025
2026
2028
2029
2036
2036
2042
2052
2055
2061
2071
2072
2075
2081
2079
2088
2093
2106
2111
2113
2120
2131
2134
2133
2135
2138
2143
2147
2154
2148
2153
2171
2176
2174
2163
2182
2186
2176
2189
2180
2190
2179
2179
2173
2176
2175
2178
2173
2176
2173
2180
2178
2174
2164
2163
2138
2123
2124
2132
2134
2117
2118
2111
2110
2114
2116
2110
2113
2116
2116
2122
2116
2110
2111
2110
2111
2099
2095
2087
2073
2073
2072
2082
2051
2043
2027
2018
2006
1998
1981
1963
1950
1943
1927
1920
1903
1909
1896
1903
1908
1913
1919
1915
1930
1940
1937
1943
1952
1958
1972
1973
1979
1984
1997
1997
2007
2006
2018
2016
2026
2028
2042
2037
2039
2036
2052
2055
2063
2078
2087
2078
2076
2094
2106
2116
2111
2127
2129
2131
2137
2144
2143
2150
2161
2172
2157
2160
2169
2176
2185
2184
2181
2172
2177
2188
2178
2171
2165
2164
2164
2158
2162
2161
2170
2162
2164
2157
2149
2156
2156
2149
2148
2159
2161
2147
2143
2137
2143
2138
2152
2156
2151
2149
2153
2163
2165
2162
2155
2141
2147
2148
2134
2121
2110
2100
2099
2079
2070
2060
2063
2067
2062
2065
2064
2071
2072
2073
2078
2090
2095
2093
2089
2101
2095
2090
2088
2094
2109
2115
2111
2111
2114
2117
2117
2133
2130
2119
2121
2112
2119
2132
2131
2128
2132
2139
2134
2131
2144
2145
2145
2144
2151
2154
2163
2151
2151
2152
2142
2127
2123
2119
2111
2099
2084
2068
2074
2064
2063
2052
2054
2050
2039
2035
2039
2027
2016
2011
2010
1999
1998
1994
1989
1995
1980
1979
1981
1971
1966
1965
1962
1964
1971
1981
1988
1994
1997
1998
2000
2003
2004
2010
2019
2031
2031
2027
2032
2042
2034
2045
2046
2048
2056
2048
2056
2054
2059
2056
2051
2041
2043
2035
2028
2026
2033
2023
2028
2024
2024
2019
2018
2006
2000
2003
2012
2016
2016
2023
2024
2039
2033
2034
2040
2050
2049
2052
2049
2052
2041
2042
2047
2045
2040
2043
2032
2045
2035
2049
2045
2046
2050
2045
2052
2059
2066
2072
2068
2071
2080
2078
2083
2083
2099
2086
2095
2088
2082
2081
2093
2088
2090
2089
2100
2091
2085
2090
2089
2096
2105
2100
2108
2101
2098
2105
2109
2112
2098
2098
2101
2110
2094
2096
2094
2097
2099
2087
2082
2078
2079
2072
2065
2070
2069
2059
2054
2060
2055
2034
2037
2038
2038
2024
2018
2025
2012
2007
2005
2006
2000
1999
2008
2006
2003
1999
2003
2000
1998
1992
1992
1995
1985
1977
1973
1975
1970
1966
1962
1966
1964
1955
1958
1952
1939
1939
1940
1928
1922
1918
1905
1896
1890
1889
1887
1880
1869
1867
1864
1867
1868
1867
1859
1865
1873
1880
1880
1889
1881
1880
1886
1887
1886
1884
1898
1900
1903
1897
1899
1905
1898
1894
1893
1899
1891
1887
1884
1881
1871
1869
1867
1866
1861
1849
1841
1832
1827
1813
1813
1820
1811
1800
1803
1800
1798
1794
1796
1799
1805
1806
1809
1811
1819
1823
1827
1832
1831
1834
1841
1838
1841
1855
1855
1863
1872
1877
1869
1868
1875
1885
1880
1888
1880
1892
1887
1894
1885
1894
1896
1900
1897
1910
1903
1907
1921
1916
1912
1915
1923
1939
1947
1952
1955
1952
1968
1976
1977
1974
1985
1982
1984
1986
1997
2003
2010
2004
2006
1998
2005
2001
1997
2012
2007
2004
2011
1996
1987
1981
1985
1977
1969
1980
1979
1987
1981
1985
1978
1984
1987
2007
2017
2018
2025
2031
2039
2043
2058
2069
2071
2082
2087
2091
2103
2116
2133
2138
2146
2157
2159
2165
2167
2172
2172
2180
2181
2189
2188
2188
2185
2194
2201
2206
2209
2205
2213
2216
2222
2218
2211
2201
2203
2198
2189
2172
2162
2151
2135
2119
2101
2081
2063
2051
2031
2018
2014
2002
1992
1983
1968
1961
1970
1967
1968
1971
1975
1972
1984
1981
1993
1998
2004
2013
2012
2014
2025
2034
2034
2038
2044
2050
2055
2075
2079
2081
2081
2085
2085
2089
2092
2096
2089
2095
2097
2095
2097
2094
2095
2085
2081
2063
2052
2052
2057
2057
2058
2061
2071
2069
2063
2058
2061
2062
2078
2074
2077
2077
2075
2090
2086
2088
2102
2115
2110
2119
2124
2132
2137
2152
2154
2159
2160
2164
2172
2179
2167
2172
2172
2167
2164
2159
2153
2152
2156
2153
2142
2131
2130
2135
2134
2141
2139
2124
2126
2125
2127
2121
2133
2139
2132
2142
2144
2142
2144
2141
2146
2142
2138
2136
2139
2146
2150
2149
2137
2131
2133
2120
2116
2108
2105
2094
2081
2081
2079
2072
2062
2048
2042
2031
2042
2046
2041
2039
2045
2054
2044
2041
2037
2039
2046
2056
2068
2071
2074
2070
2074
2077
2086
2084
2085
2101
2108
2121
2116
2117
2124
2123
2129
2129
2129
2138
2127
2123
2118
2122
2115
2105
2098
2098
2088
2074
2060
2046
2052
2040
2021
2007
1994
1972
1969
1967
1971
1954
1955
1965
1972
1978
1985
1995
1992
2001
2010
2022
2018
2018
2025
2025
2035
2039
2033
2033
2028
2042
2040
2035
2042
2047
2055
2057
2064
2067
2071
2078
2077
2078
2086
2082
2077
2072
2065
2064
2064
2049
2039
2025
2015
2010
1991
1982
1964
1955
1950
1945
1938
1930
1937
1918
1921
1910
1911
1906
1913
1913
1903
1889
1879
1867
1860
1837
1826
1819
1822
1821
1820
1822
1833
1842
1841
1850
1866
1870
1865
1878
1889
1902
1903
1898
1889
1885
1888
1890
1885
1882
1887
1885
1892
1891
1896
1897
1909
1909
1914
1923
1939
1944
1934
1945
1949
1959
1954
1954
1944
1943
1952
1959
1954
1950
1944
1950
1951
1957
1946
1945
1941
1938
1922
1906
1900
1905
1907
1906
1908
1905
1898
1907
1909
1913
1907
1905
1910
1916
1922
1931
1950
1964
1965
1962
1971
1983
2006
2016
2034
2043
2051
2066
2078
2079
2083
2081
2092
2102
2117
2122
2131
2136
2133
2150
2164
2154
2159
2165
2170
2180
2193
2203
2205
2203
2208
2215
2211
2212
2216
2222
2222
2228
2239
2235
2242
2237
2245
2248
2250
2246
2253
2253
2250
2251
2250
2250
2252
2256
2262
2254
2250
2252
2257
2254
2244
2243
2242
2247
2243
2230
2219
2222
2215
2212
2209
2205
2193
2195
2184
2184
2188
2177
2181
2188
2184
2181
2185
2187
2187
2180
2179
2184
2172
2159
2161
2157
2154
2151
2142
2131
2126
2124
2128
2115
2108
2108
2105
2103
2095
2093
2092
2085
2092
2093
2082
2084
2073
2068
2064
2068
2055
2056
2046
2048
2034
2022
2008
2005
2003
1995
2001
1990
1980
1970
1974
1960
1951
1953
1950
1953
1949
1953
1961
1961
1975
1974
1984
1977
1973
1966
1963
1975
1988
1980
1977
1983
1985
1971
1960
1964
1965
1963
1959
1956
5835
2174
2180
2187
2194
2184
2183
2176
2182
2177
2180
2164
2153
2142
2133
2134
2118
2098
2089
2067
2061
2050
2047
2024
2034
2028
2035
2022
2042
2049
2064
2072
2091
2092
2105
2127
2146
2150
2164
2164
2177
2174
2179
2175
2182
2175
2174
2172
2167
2155
2160
2155
2153
2151
2153
2154
2161
2158
2151
2165
2171
2166
2166
2166
2165
2164
2164
2148
2131
2118
2112
2102
2101
2090
2068
2051
2049
2048
2047
2036
2017
2009
2006
1993
1987
1974
1953
1949
1938
1922
1913
1909
1894
1889
1883
1889
1883
1882
1874
1873
1879
1881
1903
1899
1898
1891
1900
1899
1899
1886
1886
1875
1884
1882
1893
1898
1905
1901
1906
1920
1930
1941
1943
1947
1959
1971
1978
1982
1999
2010
2012
1996
1991
1976
1982
1988
1972
1935
1906
1863
1839
1828
1802
1784
1757
1759
1761
1773
1793
1800
1829
1845
1867
1882
1908
1924
1936
1934
1956
1959
1971
1968
1965
1961
1962
1957
1941
1921
1917
1909
1904
1887
1879
1869
1875
1893
1906
1902
1909
1923
1944
1952
1946
1958
1970
1968
1970
1973
1977
1978
1981
1983
1984
1991
1995
1996
2009
2014
2023
2032
2034
2038
2038
2051
2056
2061
2059
2066
2066
2071
2068
2070
2072
2080
2076
2065
2065
2071
2067
2072
2074
2088
2090
2102
2102
2112
2114
2134
2151
2160
2164
2169
2174
2184
2192
2195
2191
2191
2202
2207
2204
2206
2212
2207
2206
2208
2211
2203
2201
2195
2183
2183
2175
2168
2159
2143
2131
2114
2117
2105
2089
2078
2067
2059
2073
2077
2091
2091
2109
2112
2139
2152
2173
2168
2168
2187
2199
2199
2202
2197
2207
2212
2216
2205
2214
2210
2206
2209
2207
2218
2207
2206
2206
2212
2198
2192
2184
2186
2189
2191
2177
2170
2162
2162
2162
2163
2160
2157
2138
2138
2132
2142
2131
2124
2107
2086
2076
2071
2071
2064
2053
2043
2032
2029
2033
2028
2029
2038
2041
2052
2056
2061
2078
2082
2099
2100
2113
2121
2137
2128
2130
2131
2129
2130
2128
2116
2124
2119
2132
2116
2121
2113
2117
2110
2111
2113
2118
2117
2120
2103
2107
2090
2078
2062
2058
2030
2016
2004
1982
1958
1936
1914
1905
1885
1864
1842
1821
1801
1774
1747
1739
1729
1714
1703
1704
1717
1706
1696
1683
1672
1685
1687
1697
1705
1715
1728
1746
1769
1791
1823
1849
1860
1868
1887
1900
1911
1910
1923
1934
1961
1967
1993
2016
2035
2039
2060
2066
2078
2084
2098
2110
2136
2132
2141
2141
2147
2143
2139
2140
2144
2153
2147
2135
2140
2130
2136
2139
2145
2140
2132
2133
2130
2130
2127
2117
2093
2086
2067
2061
2046
2049
2034
2034
2037
2045
2048
2056
2047
2049
2053
2047
2048
2059
2066
2073
2064
2078
2071
2075
2070
2083
2071
2072
2065
2068
2064
2047
2022
2016
1997
1995
1979
1981
1969
1967
1969
1975
1972
1989
1998
2007
1999
2011
2011
2016
2017
2005
2004
2008
2015
2014
2007
2000
2005
2006
2002
1996
1991
1983
1973
1977
1980
1978
1981
1980
1989
1994
1997
2007
2015
2022
2030
2038
2051
2049
2063
2074
2086
2092
2092
2091
2098
2100
2105
2102
2101
2109
2114
2101
2097
2091
2078
2058
2041
2035
2018
1999
1976
1970
1961
1947
1926
1918
1895
1897
1879
1888
1888
1897
1893
1898
1886
1894
1892
1912
1932
1940
1946
1966
1969
1986
1991
2003
2013
2028
2029
2035
2051
2078
2091
2101
2099
2118
2125
2147
2161
2168
2167
2172
2191
2194
2206
2210
2217
2219
2222
2230
2235
2239
2234
2228
2235
2236
2238
2233
2225
2229
2220
2222
2217
2212
2211
2218
2222
2208
2208
2200
2194
2181
2182
2180
2174
2172
2175
2166
2162
2169
2172
2180
2187
2189
2191
2195
2196
2186
2198
2203
2193
2198
2198
2197
2198
2206
2204
2214
2204
2207
2192
2189
2173
2172
2161
2152
2142
2132
2125
2123
2113
2126
2116
2131
2127
2135
2134
2153
2151
2172
2165
2177
2177
2188
2187
2198
2203
2213
2218
2212
2213
2215
2209
2218
2209
2224
2231
2228
2227
2215
2211
2201
2183
2170
2161
2153
2138
2124
2115
2114
2112
2103
2088
2071
2054
2047
2046
2025
2026
2011
1989
1978
1969
1946
1934
1920
1922
1914
1902
1910
1905
1901
1907
1910
1910
1903
1907
1903
1899
1899
1909
1919
1927
1918
1923
1939
1946
1958
1959
1954
1961
1973
1996
2006
2001
1996
2002
2012
2011
2011
2015
2024
2032
2030
2041
2042
2052
2063
2058
2068
2076
2080
2083
2082
2080
2078
2079
2074
2083
2067
2069
2070
2092
2090
2093
2087
2100
2097
2107
2102
2115
2117
2123
2123
2131
2129
2142
2137
2141
2129
2136
2123
2123
2124
2119
2116
2119
2121
2124
2122
2118
2116
2118
2135
2136
2141
2133
2142
2139
2136
2135
2139
2146
2139
2127
2123
2126
2137
2140
2148
2142
2144
2141
2154
2160
2174
2167
2156
2149
2157
2156
2139
2132
2122
2107
2103
2100
2082
2058
2032
2024
2011
2004
1997
1994
1984
1980
1987
2004
1991
1999
1991
2017
2008
2007
2009
2015
2014
2019
2034
2043
2051
2057
2069
2098
2099
2113
2130
2145
2154
2164
2191
2193
2211
2219
2231
2222
2231
2237
2253
2238
2245
2239
2238
2226
2222
2212
2217
2198
2212
2199
2198
2186
2189
2180
2178
2152
2155
2139
2146
2134
2130
2114
2116
2127
2124
2118
2117
2123
2129
2134
2130
2122
2115
2110
2103
2099
2092
2097
2100
2100
2094
2102
2104
2102
2088
2100
2094
2096
2110
2103
2107
2111
2118
2118
2122
2130
2131
2123
2132
2126
2135
2139
2145
2144
2142
2141
2134
2140
2141
2147
2152
2143
2131
2133
2153
2154
2155
2166
2160
2159
2152
2155
2163
2162
2165
2156
2148
2152
2151
2166
2176
2180
2177
2190
2193
2207
2208
2216
2202
2214
2207
2221
2211
2217
2213
2223
2226
2231
2216
2209
2199
2186
2162
2164
2150
2141
2119
2097
2077
2066
2057
2045
2040
2034
2044
2047
2054
2049
2064
2072
2099
2095
2118
2136
2151
2162
2177
2183
2188
2185
2211
2220
2233
2227
2244
2241
2244
2239
2245
2242
2239
2244
2232
2228
2231
2215
2212
2198
2184
2155
2125
2111
2101
2081
2064
2041
2037
2036
2028
2026
2034
2048
2049
2048
2050
2054
2062
2068
2077
2076
2081
2089
2098
2096
2111
2114
2129
2132
2145
2150
2156
2159
2157
2155
2157
2158
2165
2151
2141
2141
2141
2142
2132
2119
2114
2095
2079
2074
2066
2043
2027
2012
1998
1990
1965
1943
1923
1914
1899
1887
1883
1892
1895
1917
1925
1943
1952
1968
1967
1963
1958
1955
1951
1932
1921
1924
1907
1916
1922
1929
1931
1942
1946
1964
1965
1970
1989
1991
2011
2022
2033
2040
2051
2054
2055
2051
2054
2055
2048
2027
2007
1998
1989
1970
1971
1969
1957
1957
1969
1960
1959
1955
1956
1952
1958
1963
1969
1971
1990
1995
2011
2018
2039
2063
2077
2092
2112
2122
2134
2142
2156
2148
2156
2161
2162
2153
2173
2179
2183
2185
2179
2191
2182
2186
2198
2192
2194
2203
2203
2210
2205
2210
2199
2188
2175
2172
2164
2146
2131
2116
2103
2093
2081
2081
2086
2091
2080
2076
2075
2099
2103
2120
2129
2140
2156
2167
2162
2154
2155
2148
2149
2147
2144
2139
2139
2127
2110
2111
2113
2121
2125
2123
2128
2131
2147
2154
2148
2147
2157
2159
2161
2153
2139
2129
2125
2114
2114
2096
2080
2068
2075
2071
2067
2057
2053
2065
2069
2065
2065
2060
2068
2071
2065
2054
2068
2071
2078
2067
2069
2066
2067
2069
2065
2063
2064
2054
2067
2056
2058
2050
2044
2051
2050
2050
2051
2061
2068
2066
2077
2082
2091
2088
2078
2099
2108
2106
2097
2124
2113
2117
2113
2115
2099
2103
2075
2062
2043
2034
2011
1999
1992
1997
1999
2001
2005
2009
2010
2033
2035
2036
2028
2045
2047
2047
2045
2039
2037
2026
2028
2030
2039
2038
2043
2047
2054
2046
2057
2069
2078
2063
2059
2042
2042
2030
2017
2005
2002
1986
1979
1964
1959
1951
1958
1958
1964
1978
1982
1996
2008
1995
1998
2015
2021
2029
2027
2040
2028
2037
2031
2040
2034
2046
2036
2047
2050
2052
2054
2058
2064
2066
2060
2071
2070
2067
2063
2074
2081
2088
2087
2088
2092
2109
2102
2104
2102
2098
2099
2090
2106
2111
2102
2099
2110
2133
2127
2129
2138
2135
2141
2149
2162
2160
2154
2148
2140
2122
2112
2095
2087
2054
2036
2009
1981
1971
1958
1938
1924
1909
1895
1900
1906
1920
1921
1921
1927
1944
1947
1972
1977
2008
2003
2015
2016
2016
2018
2033
2032
2049
2046
2060
2064
2077
2074
2083
2087
2089
2091
2096
2103
2121
2129
2131
2146
2150
2148
2159
2170
2173
2188
2198
2205
2204
2213
2217
2234
2231
2227
2220
2218
2203
2226
2217
2225
2208
2217
2212
2210
2202
2209
2207
2214
2224
2223
2224
2219
2226
2226
2228
2217
2214
2208
2195
2186
2174
2162
2158
2149
2154
2139
2140
2131
2136
2120
2126
2127
2132
2120
2106
2095
2085
2081
2088
2106
2096
2095
2092
2105
2103
2110
2108
2120
2126
2134
2144
2152
2144
2156
2152
2168
2157
2165
2159
2159
2158
2157
2155
2164
2159
2164
2159
2157
2164
2160
2158
2157
2161
2150
2155
2145
2150
2136
2135
2127
2124
2114
2110
2101
2104
2088
2080
2074
2091
2077
2086
2067
2062
2054
2072
2089
2077
2074
2062
2065
2059
2065
2052
2054
2050
2045
2038
2032
2019
2021
2019
2016
2006
2022
2028
2048
2060
2069
2075
2099
2110
2117
2135
2127
2127
2142
2139
2139
2145
2146
2146
2133
2127
2106
2100
2081
2076
2060
2057
2034
2038
2026
2032
2021
2031
2024
2036
2024
2000
1985
1967
1939
1910
1890
1879
1864
1854
1849
1864
1864
1873
1883
1906
1907
1907
1922
1921
1925
1929
1926
1925
1938
1936
1937
1942
1968
1961
1971
2003
2021
2027
2048
2069
2078
2093
2095
2115
2127
2134
2134
2143
2157
2155
2153
2160
2160
2166
2162
2165
2158
2155
2156
2162
2166
2174
2180
2189
2187
2189
2186
2179
2171
2170
2164
2157
2152
2153
2150
2131
2118
2106
2090
2075
2058
2049
2031
2014
2005
2003
1990
1991
1985
1983
1995
1992
1987
1988
1994
2006
2015
2023
2030
2040
2041
2025
2015
2011
1995
1974
1948
1946
1937
1928
1933
1937
1950
1955
1981
2005
2018
2032
2042
2051
2062
2054
2049
2040
2026
2014
2004
1976
1955
1930
1896
1861
1829
1792
1760
1757
1723
1698
1660
1627
1617
1586
1564
1561
1559
1562
1550
1571
1589
1611
1643
1669
1702
1723
1754
1803
1835
1835
1864
1865
1897
1895
1912
1923
1931
1950
1957
1965
1974
1993
2017
2028
2027
2029
2030
2041
2059
2066
2067
2074
2075
2089
2092
2110
2123
2135
2138
2144
2150
2160
2150
2162
2163
2165
2153
2153
2152
2134
2129
2116
2092
2082
2080
2043
2035
2012
1990
1991
1980
1966
1963
1955
1960
1967
1974
1963
1976
1989
2000
2039
2039
2045
2066
2062
2055
2052
2055
2043
2048
2038
2037
2025
2026
2023
2008
2010
2002
2011
1992
2008
2008
2022
2018
2022
2040
2037
2048
2058
2061
2066
2068
2067
2075
2066
2074
2058
2062
2056
2052
2050
2051
2058
2059
2055
2059
2054
2063
2081
2079
2081
2092
2083
2093
2100
2105
2130
2126
2136
2136
2149
2154
2158
2161
2176
2174
2174
2167
2171
2173
2168
2167
2164
2161
2159
2170
2176
2189
2195
2201
2201
2197
2203
2191
2191
2180
2157
2145
2125
2105
2073
2050
2022
1998
1982
1953
1938
1918
1901
1903
1892
1876
1862
1854
1843
1836
1820
1807
1794
1792
1801
1809
1810
1834
1847
1865
1875
1889
1898
1915
1915
1912
1921
1933
1951
1952
1949
1955
1960
1957
1964
1959
1975
1975
2002
2004
2025
2035
2046
2042
2053
2049
2028
2004
1988
1974
1963
1941
1920
1902
1897
1881
1877
1891
1887
1893
1897
1906
1909
1928
1935
1955
1962
1973
1974
1993
2009
2019
2018
2021
2032
2048
2058
2062
2056
2072
2085
2090
2090
2091
2101
2109
2100
2102
2099
2090
2089
2081
2088
2071
2069
2057
2057
2053
2038
2046
2051
2056
2062
2079
2086
2106
2102
2099
2109
2113
2130
2137
2130
2135
2138
2137
2138
2139
2132
2126
2130
2139
2138
2133
2132
2130
2129
2129
2124
2124
2116
2140
2138
2141
2143
2149
2159
2159
2167
2172
2180
2180
2179
2178
2177
2171
2177
2168
2163
2152
2155
2147
2140
2127
2137
2118
2127
2119
2120
2112
2108
2108
2108
2097
2098
2101
2104
2101
2073
2052
2021
1986
1950
1912
1856
1805
1750
1709
1670
1650
1632
1616
1619
1621
1634
1655
1667
1689
1710
1713
1735
1747
1763
1787
1802
1805
1807
1811
1820
1824
1822
1827
1837
1847
1856
1876
1884
1909
1916
1928
1941
1944
1958
1970
1971
1986
1994
1992
2012
2018
2031
2042
2054
2066
2080
2085
2097
2102
2113
2110
2115
2109
2124
2128
2137
2138
2140
2141
2149
2157
2164
2172
2164
2184
2185
2200
2197
2207
2220
2235
2233
2234
2232
2246
2245
2248
2249
2248
2244
2245
2258
2251
2251
2254
2253
2254
2246
2238
2237
2237
2231
2225
2224
2215
2215
2220
2210
2216
2211
2203
2209
2200
2199
2190
2190
2195
2179
2163
2151
2127
2113
2087
2076
2059
2046
2030
2012
2003
1984
1962
1962
1944
1945
1943
1937
1947
1946
1955
1961
1982
1994
2008
2015
2046
2045
2070
2083
2104
2112
2127
2142
2150
2154
2165
2176
2182
2195
2195
2193
2187
2198
2188
2190
2183
2183
2178
2172
2168
2162
2156
2161
2154
2140
2142
2150
2151
2149
2150
2153
2158
2170
2179
2186
2176
2165
2166
2174
2177
2177
2174
2172
2170
2182
2177
2195
2190
2199
2187
2182
2179
2179
2170
2156
2138
2127
2111
2098
2093
2089
2087
2077
2080
2073
2078
2077
2074
2074
2073
2066
2072
2080
2086
2087
2082
2081
2090
2099
2100
2095
2089
2088
2075
2070
2061
2060
2053
2054
2044
2053
2047
2040
2047
2038
2043
2038
2028
2023
2009
1998
1983
1968
1956
1935
1907
1880
1857
1834
1810
1796
1778
1759
1744
1728
1726
1737
1740
1766
1782
1805
1811
1850
1870
1898
1927
1954
1966
1979
1996
2017
2034
2028
2026
2027
2039
2033
2050
2050
2066
2070
2079
2088
2102
2108
2116
2138
2150
2154
2177
2197
2206
2218
2222
2237
2242
2254
2251
2266
2276
2267
2268
2275
2265
2264
2277
2284
2283
2275
2286
2279
2288
2282
2268
2273
2266
2251
2242
2221
2207
2201
2187
2175
2160
2152
2140
2118
2105
2089
2076
2071
2066
2055
2050
2033
2043
2033
2035
2028
2031
2011
2020
2007
2027
2014
2035
2018
2014
2006
2005
2001
2015
2017
2020
2030
2047
2052
2064
2070
2070
2093
2092
2108
2102
2108
2118
2126
2132
2148
2157
2176
2175
2179
2171
2176
2170
2178
2177
2176
2173
2172
2162
2161
2159
2164
2151
2144
2127
2118
2104
2073
2056
2046
2026
2012
1999
1981
1966
1950
1938
1921
1920
1919
1923
1921
1925
1936
1954
1955
1965
1966
1987
2000
2018
2008
2022
2021
2041
2034
2037
2031
2037
2027
2023
2013
2004
2006
1999
2004
1994
1999
1984
1983
1979
1981
1963
1959
1951
1939
1924
1912
1916
1912
1912
1896
1897
1913
1918
1929
1937
1957
1970
1985
1997
2021
2028
2031
2040
2050
2069
2061
2066
2065
2071
2081
2085
2089
2084
2084
2078
2082
2077
2074
2073
2073
2075
2074
2084
2080
2082
2076
2082
2074
2084
2082
2094
2097
2112
2105
2111
2120
2129
2136
2148
2140
2135
2125
2113
2120
2104
2091
2068
2057
2046
2039
2029
2020
2010
2010
2016
2025
2027
2021
2031
2033
2038
2057
2061
2065
2081
2091
2089
2094
2102
2089
2095
2103
2096
2096
2104
2109
2112
2116
2119
2133
2126
2118
2129
2133
2128
2131
2117
2115
2112
2102
2099
2086
2074
2064
2071
2058
2067
2047
2043
2037
2035
2039
2035
2042
2044
2049
2050
2048
2049
2051
2043
2054
2043
2043
2040
2051
2050
2058
2050
2044
2048
2055
2047
2049
2040
2040
2030
2033
2036
2033
2037
2050
2062
2051
2061
2069
2091
2092
2101
2103
2115
2124
2142
2150
2156
2167
2182
2184
2177
2183
2188
2199
2181
2182
2184
2189
2194
2190
2182
2197
2187
2187
2179
2175
2171
2162
2149
2139
2141
2143
2144
2149
2149
2143
2153
2158
2159
2166
2174
2186
2189
2201
2198
2204
2208
2219
2228
2255
2258
2274
2253
2256
2259
2256
2263
2267
2277
2276
2263
2249
2245
2231
2225
2201
2193
2166
2159
2137
2130
2108
2092
2076
2065
2046
2026
2018
2004
1993
1979
1951
1952
1937
1928
1929
1934
1941
1936
1955
1955
1972
1973
1993
2000
2020
2021
2037
2035
2036
2035
2030
2023
2027
2026
2025
2019
2005
1991
1977
1967
1951
1951
1948
1953
1965
1959
1954
1943
1926
1916
1899
1884
1874
1858
1841
1831
1830
1817
1815
1819
1813
1822
1846
1853
1854
1880
1893
1909
1913
1923
1940
1944
1939
1951
1963
1973
1977
1982
2000
2013
2029
2024
2017
2024
2026
2032
2033
2042
2041
2043
2046
2035
2020
2012
2002
1999
1996
1983
1983
1979
1981
1959
1941
1938
1932
1929
1918
1901
1891
1891
1893
1897
1889
1883
1880
1890
1886
1887
1890
1897
1907
1922
1937
1946
1957
1961
1992
1997
1998
2008
2017
2031
2041
2059
2061
2058
2054
2056
2044
2035
2036
2028
2021
2014
2020
2011
2012
2008
2006
2011
2009
2008
2001
1996
1998
2006
2008
2010
2023
2021
2025
2031
2044
2046
2059
2066
2069
2068
2075
2072
2075
2054
2050
2032
2037
2029
2024
2021
2021
2021
2030
2050
2060
2063
2068
2083
2077
2083
2074
2088
2099
2112
2118
2129
2121
2124
2122
2132
2138
2133
2125
2123
2135
2122
2119
2105
2101
2085
2090
2085
2082
2083
2095
2084
2087
2087
2094
2098
2101
2099
2105
2110
2123
2135
2130
2146
2150
2163
2166
2159
2174
2164
2158
2164
2168
2170
2156
2155
2147
2148
2143
2146
2149
2141
2144
2138
2142
2141
2151
2151
2146
2143
2141
2151
2151
2149
2151
2155
2160
2167
2160
2161
2158
2161
2154
2150
2152
2149
2147
2150
2145
2146
2148
2141
2155
2156
2152
2148
2149
2142
2142
2133
2129
2107
2105
2095
2099
2081
2082
2072
2072
2049
2037
2022
2009
2016
2012
2008
2014
2012
2013
1999
2009
2005
1993
2006
2002
2029
2024
2038
2038
2060
2054
2065
2071
2085
2074
2083
2066
2051
2041
2025
2016
1997
1979
1958
1939
1923
1917
1905
1911
1902
1910
1911
1921
1922
1931
1925
1917
1908
1910
1928
1933
1934
1936
1957
1971
1981
1985
1986
2000
2007
2023
2042
2059
2061
2062
2074
2087
2096
2096
2117
2124
2131
2152
2156
2178
2186
2187
2184
2189
2182
2182
2191
2194
2198
2187
2174
2170
2171
2162
2158
2152
2148
2138
2131
2120
2116
2108
2094
2090
2077
2064
2058
2057
2056
2050
2057
2066
2070
2079
2095
2094
2089
2078
2071
2057
2045
2026
2009
1990
1975
1971
1965
1976
1977
1995
2012
2037
2045
2071
2069
2072
2081
2066
2069
2057
2061
2054
2062
2058
2061
2078
2091
2091
2112
2118
2139
2141
2143
2136
2144
2147
2149
2134
2137
2134
2129
2127
2129
2133
2129
2127
2129
2125
2117
2115
2097
2080
2063
2054
2035
2035
2022
2020
2002
2004
1996
1979
1967
1973
1989
1990
2000
2009
2021
2015
2024
2032
2051
2057
2071
2075
2085
2087
2089
2081
2057
2045
2037
2024
2002
1991
1981
1947
1931
1917
1899
1900
1894
1886
1877
1873
1885
1876
1875
1882
1895
1915
1918
1941
1950
1956
1967
1991
2012
2019
2036
2050
2109
2089
2090
2098
2120
2122
2117
2094
2098
2097
2094
2087
2072
2053
2056
2042
2035
2021
2019
2015
2024
2038
2047
2048
2051
2060
2090
2103
2104
2113
2128
2136
2150
2158
2150
2166
2177
2189
2180
2194
2192
2206
2212
2223
2210
2220
2227
2247
2235
2237
2232
2230
2233
2228
2218
2220
2212
2216
2205
2208
2193
2197
2194
2190
2191
2188
2200
2197
2206
2196
2208
2206
2218
2209
2219
2207
2218
2215
2206
2194
2204
2206
2204
2192
2188
2179
2184
2183
2169
2144
2133
2116
2111
2106
2093
2079
2061
2067
2051
2044
2022
2013
2000
1997
1971
1978
1957
1936
1902
1867
1833
1793
1761
1732
1703
1684
1677
1673
1675
1665
1680
1681
1705
1723
1730
1739
1757
1779
1801
1800
1794
1803
1811
1804
1808
1820
1811
1802
1818
1821
1825
1823
1837
1836
1846
1845
1864
1872
1890
1898
1910
1911
1926
1933
1929
1934
1946
1946
1949
1938
1950
1955
1936
1942
1941
1943
1943
1938
1931
1925
1916
1909
1903
1904
1897
1888
1894
1899
1907
1920
1929
1945
1959
1979
1987
1997
2006
2035
2048
2065
2065
2079
2071
2075
2080
2094
2101
2096
2097
2093
2096
2086
2083
2082
2082
2067
2062
2067
2073
2078
2079
2082
2095
2085
2091
2098
2097
2089
2093
2095
2110
2104
2106
2089
2082
2075
2068
2045
2024
2022
2015
2003
1993
2004
1999
2016
2022
2026
2023
2039
2051
2064
2065
2079
2091
2089
2094
2111
2114
2108
2107
2126
2131
2128
2126
2119
2120
2105
2105
2100
2102
2087
2106
2102
2111
2109
2128
2115
2128
2122
2141
2137
2136
2131
2129
2125
2129
2119
2115
2108
2121
2116
2116
2114
2113
2116
2099
2111
2095
2097
2081
2090
2077
2070
2042
2036
2016
2003
1973
1947
1921
1899
1885
1878
1875
1876
1879
1881
1877
1874
1864
1869
1887
1899
1909
1914
1943
1951
1966
1977
1997
1994
2003
1998
2011
2008
2022
2024
2029
2029
2041
2051
2072
2074
2076
2086
2090
2089
2090
2091
2078
2075
2072
2065
2061
2050
2047
2064
2081
2086
2085
2102
2119
2135
2136
2141
2162
2163
2175
2191
2199
2207
2218
2230
2230
2244
2256
2263
2269
2277
2283
2280
2283
2287
2291
2291
2287
2296
2290
2278
2272
2263
2271
2265
2258
2248
2240
2235
2234
2228
2211
2202
2192
2180
2173
2151
2147
2146
2131
2117
2110
2099
2094
2099
2092
2091
2086
2072
2077
2066
2075
2080
2082
2081
2080
2080
2084
2089
2101
2106
2125
2139
2155
2166
2176
2178
2179
2187
2186
2186
2175
2160
2142
2138
2129
2123
2105
2099
2081
2062
2037
2031
2024
2016
2014
2010
2005
1993
1985
1978
1971
1973
1975
1976
1971
1956
1957
1958
1958
1949
1945
1940
1928
1922
1907
1895
1897
1892
1892
1876
1870
1847
1839
1821
1820
1815
1815
1806
1802
1800
1792
1791
1795
1813
1830
1833
1847
1860
1883
1923
1946
1962
1977
1992
2008
2036
2035
2051
2058
2076
2086
2091
2088
2113
2121
2114
2119
2127
2134
2147
2148
2155
2168
2171
2170
2160
2153
2144
2144
2129
2123
2104
2096
2094
2093
2098
2104
2090
2088
2080
2086
2089
2088
2077
2084
2081
2085
2075
2075
2061
2052
2056
2063
2052
2050
2051
2026
2021
2007
2002
1989
1983
1963
1955
1945
1955
1944
1939
1918
1919
1912
1909
1898
1903
1908
1917
1913
1907
1918
1917
1923
1929
1929
1921
1923
1927
1947
1957
1962
1962
1980
1986
2000
2007
2014
2013
2023
2026
2027
2025
2034
2015
1997
1971
1943
1915
1905
1863
1842
1816
1800
1782
1779
1769
1740
1741
1742
1741
1742
1751
1758
1771
1769
1777
1774
1807
1809
1833
1835
1859
1862
1887
1914
1931
1948
1972
1983
1994
1999
2008
2012
2022
2031
2032
2041
2049
2063
2067
2078
2081
2077
2077
2095
2107
2122
2126
2140
2141
2156
2149
2167
2166
2168
2166
2166
2156
2143
2140
2146
2147
2137
2130
2124
2126
2119
2116
2114
2123
2126
2134
2125
2138
2123
2115
2114
2111
2103
2115
2107
2103
2108
2102
2103
2100
2104
2107
2104
2101
2110
2113
2111
2111
2109
2123
2132
2141
2146
2142
2148
2153
2166
2172
2173
2188
2201
2202
2204
2214
2213
2217
2221
2233
2237
2233
2239
2242
2239
2243
2242
2231
2240
2240
2231
2221
2222
2225
2223
2224
2232
2232
2224
2218
2225
2232
2237
2230
2224
2226
2228
2219
2214
2204
2201
2194
2199
2196
2188
2178
2164
2154
2146
2141
2122
2096
2059
2034
2002
1971
1948
1923
1919
1913
1903
1902
1903
1895
1892
1915
1916
1927
1930
1943
1937
1957
1958
1962
1954
1953
1952
1961
1952
1960
1951
1959
1955
1957
1964
1963
1971
1975
1982
1979
1978
1959
1948
1939
1928
1906
1885
1858
1846
1835
1829
1829
1816
1801
1790
1783
1780
1771
1766
1764
1755
1752
1743
1743
1740
1743
1743
1745
1744
1762
1756
1742
1739
1741
1726
1728
1721
1721
1722
1739
1754
1763
1790
1815
1831
1850
1856
1872
1904
1922
1951
1960
1977
1996
2005
2014
2004
1988
1984
1982
1982
1973
1957
1935
1932
1910
1898
1883
1873
1860
1865
1863
1866
1868
1880
1886
1882
1889
1895
1906
1907
1922
1912
1918
1901
1899
1879
1866
1848
1835
1812
1801
1784
1791
1781
1787
1811
1831
1861
1884
1904
1921
1939
1966
1973
1980
1980
1968
1974
1995
2000
1992
1998
1989
1998
1999
2020
2020
2012
2009
2014
2000
1998
1979
1951
1920
1906
1879
1868
1859
1861
1869
1870
1867
1881
1904
1918
1944
1956
1976
1984
2008
2021
2054
2045
2061
2061
2060
2051
2044
2032
2030
2011
2011
1995
1987
1981
1981
1970
1975
1982
1985
1986
1988
2004
2012
2021
2018
2032
2036
2039
2035
2055
2053
2062
2051
2061
2067
2079
2060
2061
2060
2076
2072
2077
2073
2073
2076
2084
2088
2092
2101
2103
2119
2120
2122
2119
2126
2116
2114
2098
2095
2073
2075
2056
2060
2041
2038
2040
2043
2042
2052
2056
2064
2051
2068
2070
2085
2094
2102
2104
2112
2107
2115
2126
2129
2133
2133
2146
2151
2158
2162
2168
2152
2156
2136
2134
2120
2107
2090
2089
2078
2071
2065
2079
2078
2088
2099
2115
2130
2142
2164
2179
2184
2190
2192
2202
2209
2203
2210
2207
2216
2208
2216
2224
2223
2212
2221
2230
2238
2234
2224
2223
2215
2225
2231
2215
2213
2202
2198
2180
2174
2156
2144
2137
2121
2098
2099
2096
2092
2097
2092
2092
2090
2094
2082
2084
2087
2090
2078
2080
2071
2071
2067
2052
2058
2059
2052
2059
2051
2054
2049
2056
2051
2055
2055
2054
2040
2040
2055
2066
2067
2063
2061
2067
2066
2056
2033
2018
2015
2014
2013
2003
1992
1991
1989
1980
1971
1965
1963
1964
1977
1992
1993
2008
2019
2018
2026
2021
2033
2032
2037
2035
2030
2027
2032
2038
2054
2057
2062
2068
2073
2099
2106
2115
2130
2128
2156
2166
2172
2178
2192
2191
2188
2191
2207
2227
2227
2224
2212
2228
2231
2234
2228
2237
2217
2226
2223
2235
2237
2236
2232
2237
2235
2245
2249
2263
2262
2268
2278
2275
2278
2278
2273
2268
2272
2271
2268
2258
2259
2250
2259
2257
2258
2227
2237
2233
2239
2239
2230
2216
2233
2229
2236
2226
2214
2218
2224
2219
2223
2212
2207
2212
2221
2210
2208
2213
2217
2224
2231
2239
2237
2244
2247
2255
2259
2267
2252
2256
2247
2247
2239
2245
2246
2246
2247
2248
2252
2250
2246
2248
2230
2230
2238
2232
2227
2228
2254
2243
2238
2237
2254
2247
2257
2247
2259
2252
2277
2279
2282
2282
2276
2276
2285
2285
2284
2273
2272
2278
2281
2276
2275
2280
2278
2275
2274
2279
2257
2254
2237
2223
2200
2197
2170
2170
2149
2145
2142
2147
2134
2136
2137
2125
2128
2132
2145
2144
2155
2157
2170
2178
2190
2185
2193
2187
2198
2202
2206
2207
2213
2209
2224
2213
2209
2208
2217
2199
2196
2190
2190
2178
2157
2139
2127
2115
2102
2085
2052
2031
2009
1985
1935
1917
1891
1878
1854
1835
1816
1807
1795
1799
1804
1813
1807
1819
1839
1837
1837
1847
1854
1881
1890
1903
1912
1919
1935
1945
1944
1938
1954
1960
1966
1961
1975
1983
1989
1996
2005
2010
2025
2027
2035
2044
2053
2051
2063
2073
2076
2072
2070
2066
2062
2040
2043
2040
2030
2019
2007
2008
1999
1996
1994
2002
2006
2007
2023
2034
2039
2053
2056
2067
2088
2083
2096
2103
2102
2112
2116
2124
2130
2134
2145
2162
2155
2167
2168
2185
2192
2201
2206
2207
2211
2223
2234
2238
2232
2237
2245
2234
2236
2228
2226
2219
2210
2198
2204
2206
2204
2199
2191
2186
2187
2181
2167
2166
2159
2082
2067
2073
2078
2081
2067
2060
2057
2070
2074
2085
2088
2084
2083
2081
2088
2087
2083
2081
2075
2073
2068
2060
2057
2044
2043
2033
2031
1997
1995
1953
1930
1902
1884
1853
1835
1811
1798
1783
1775
1768
1773
1778
1794
1814
1830
1853
1870
1893
1906
1923
1938
1956
1989
1997
1998
2023
2025
2042
2034
2047
2046
2071
2059
2072
2077
2097
2090
2101
2106
2113
2116
2126
2136
2149
2145
2146
2168
2167
2171
2177
2183
2188
2200
2204
2208
2204
2219
2219
2222
2223
2235
2231
2242
2243
2248
2243
2230
2216
2221
2201
2189
2184
2174
2161
2154
2154
2151
2150
2135
2140
2131
2133
2136
2137
2136
2132
2120
2129
2123
2119
2123
2131
2131
2142
2134
2141
2151
2168
2174
2179
2179
2179
2174
2161
2149
2116
2091
2077
2056
2040
2028
2022
2013
2006
2013
2011
2024
2037
2059
2063
2078
2084
2088
2093
2097
2088
2082
2085
2084
2094
2091
2093
2100
2114
2133
2139
2147
2139
2150
2149
2142
2139
2137
2143
2144
2135
2142
2140
2146
2153
2158
2162
2167
2171
2177
2178
2186
2174
2164
2166
2158
2138
2115
2095
2073
2068
2046
2025
2002
2010
2010
2015
1997
2004
2008
2010
1992
1977
1964
1965
1955
1946
1928
1927
1929
1926
1926
1915
1912
1901
1902
1901
1903
1906
1923
1926
1945
1944
1974
1975
1986
1991
2008
2004
2020
2022
2031
2038
2049
2055
2070
2068
2066
2070
2063
2076
2071
2061
2045
2047
2033
2027
2008
2008
2001
1999
1988
1993
1979
1989
1979
1977
1962
1961
1964
1971
1965
1970
1975
1981
1996
1998
2025
2037
2058
2058
2072
2067
2073
2063
2079
2069
2082
2075
2079
2067
2066
2051
2057
2063
2071
2065
2078
2088
2099
2111
2118
2128
2130
2120
2132
2154
2151
2160
2151
2173
2166
2168
2155
2152
2122
2125
2120
2112
2101
2105
2105
2125
2116
2106
2110
2124
2122
2122
2108
2097
2090
2088
2092
2084
2087
2082
2081
2063
2062
2046
2049
2043
2031
2014
2019
2007
2011
1997
2010
1997
1984
1977
1967
1967
1963
1957
1957
1955
1946
1945
1949
1944
1937
1933
1935
1939
1953
1967
1975
1976
1978
1982
1985
1986
1973
1974
1967
1965
1974
1966
1951
1951
1955
1955
1948
1942
1935
1926
1918
1909
1891
1879
1852
1850
1832
1816
1806
1805
1791
1785
1783
1777
1782
1784
1795
1801
1793
1803
1824
1823
1823
1837
1857
1852
1859
1863
1867
1867
1864
1859
1874
1871
1869
1862
1871
1860
1851
1843
1844
1846
1849
1836
1835
1826
1821
1816
1810
1807
1791
1786
1768
1763
1744
1750
1738
1740
1728
1742
1750
1764
1761
1767
1765
1791
1793
1797
1806
1827
1829
1838
1836
1842
1844
1855
1865
1867
1871
1878
1899
1896
1893
1888
1888
1880
1891
1885
1899
1896
1907
1895
1911
1908
1918
1917
1922
1918
1936
1934
1936
1939
1938
1952
1955
1963
1984
1997
1997
2008
2017
2020
2019
2035
2027
2037
2031
2037
2032
2042
2036
2041
2026
2035
2023
2024
2024
2020
2024
2017
2013
2001
1998
1991
1986
1972
1965
1965
1963
1959
1966
1971
1987
2006
2031
2035
2050
2048
2078
2087
2103
2109
2134
2143
2158
2167
2193
2197
2215
2215
2227
2235
2237
2251
2257
2258
2267
2258
2262
2259
2266
2270
2271
2265
2276
2279
2276
2282
2280
2270
2270
2267
2262
2258
2247
2234
2235
2219
2203
2178
2153
2124
2089
2060
2025
1990
1960
1932
1907
1888
1872
1859
1851
1841
1836
1843
1833
1841
1857
1883
1885
1896
1928
1947
1956
1984
1999
2012
2022
2030
2062
2069
2086
2081
2102
2107
2127
2129
2134
2134
2146
2141
2140
2137
2146
2128
2129
2134
2127
2117
2117
2105
2094
2075
2059
2053
2039
2037
2032
2038
2030
2036
2038
2053
2052
2057
2059
2070
2058
2070
2064
2075
2075
2092
2107
2110
2107
2120
2132
2142
2163
2166
2174
2184
2200
2203
2216
2209
2203
2205
2222
2212
2207
2202
2191
2191
2187
2170
2174
2170
2164
2140
2135
2130
2133
2127
2123
2126
2131
2132
2138
2138
2126
2145
2145
2151
2158
2159
2163
2164
2155
2151
2149
2150
2151
2161
2155
2155
2149
2140
2128
2123
2110
2089
2065
2054
2040
2031
2025
2017
2010
1991
1993
1981
1987
1988
1988
1983
1991
1991
1987
1990
1991
1995
2006
2016
2009
2019
2023
2042
2059
2068
2074
2078
2090
2103
2114
2119
2140
2143
2161
2164
2159
2161
2162
2161
2161
2147
2139
2144
2148
2133
2122
2112
2107
2088
2077
2066
2038
2013
1986
1977
1942
1921
1898
1888
1892
1890
1898
1908
1916
1945
1961
1969
1987
1992
2002
2019
2028
2031
2032
2039
2031
2032
2033
2015
2018
2020
2022
2028
2032
2044
2067
2073
2075
2086
2099
2099
2115
2114
2116
2120
2127
2110
2108
2089
2086
2071
2046
2017
2003
1977
1958
1933
1914
1894
1878
1865
1856
1850
1834
1833
1829
1834
1820
1835
1838
1842
1820
1811
1786
1789
1761
1749
1717
1700
1683
1689
1699
1709
1740
1757
1779
1802
1832
1851
1871
1880
1893
1901
1910
1904
1916
1904
1894
1878
1875
1871
1869
1871
1874
1876
1895
1908
1919
1928
1926
1945
1960
1973
1973
1976
1984
1981
1973
1975
1979
1968
1957
1950
1947
1951
1950
1941
1947
1935
1925
1913
1908
1887
1875
1853
1833
1828
1834
1835
1834
1841
1839
1845
1860
1863
1867
1867
1867
1873
1877
1889
1910
1942
1959
1982
2015
2042
2069
2100
2112
2126
2143
2159
2180
2180
2183
2194
2196
2212
2212
2215
2227
2229
2244
2251
2253
2260
2262
2271
2277
2270
2273
2271
2277
2280
2288
2287
2283
2284
2276
2271
2271
2279
2277
2282
2281
2279
2273
2286
2288
2293
2280
2291
2283
2296
2284
2299
2293
2296
2296
2288
2279
2270
2264
2265
2268
2268
2262
2262
2260
2264
2264
2247
2241
2238
2230
2228
2218
2209
2223
2214
2221
2208
2210
2214
2211
2210
2210
2208
2223
2207
2201
2184
2166
2168
2156
2151
2141
2138
2132
2122
2102
2098
2088
2091
2067
2062
2065
2053
2032
2049
2047
2040
2037
2039
2032
2026
2020
2003
1999
1991
1988
1979
1977
1966
1957
1950
1946
1932
1925
1919
1925
1912
1906
1898
1907
1912
1911
1914
1915
1924
1931
1947
1949
1959
1962
1981
1987
1996
1991
1994
1992
2001
2000
1998
2000
2002
2007
2006
1985
1965
1959
1952
1946
1940
1933
36.97998047
1.661279321
999
