5835
2151
2137
2164
2104
2155
2102
2146
2080
2137
2088
2139
2071
2095
2077
2118
2076
2100
2062
2094
2114
2099
2087
2077
2109
2115
2115
2082
2093
2075
2116
2065
2091
2048
2104
2056
2078
2024
2088
2047
2080
2017
2060
2025
2069
2040
2077
2070
2100
2072
2086
2077
2078
2113
2109
2106
2086
2126
2100
2121
2063
2086
2066
2119
2070
2110
2087
2147
2125
2153
2133
2158
2142
2152
2096
2079
2051
2065
2049
2061
2061
2083
2109
2119
2132
2108
2159
2153
2171
2126
2139
2102
2134
2089
2101
2064
2104
2084
2111
2097
2131
2145
2156
2137
2124
2135
2153
2164
2135
2081
2077
2095
2122
2096
2079
2038
2092
2072
2090
2045
2079
2051
2103
2066
2107
2092
2154
2125
2159
2125
2184
2160
2178
2144
2150
2154
2154
2122
2111
2108
2092
2104
2060
2072
2042
2082
2032
2065
2017
2083
2048
2084
2024
2077
2039
2129
2079
2121
2083
2161
2131
2168
2119
2150
2156
2182
2177
2182
2184
2199
2197
2179
2187
2144
2179
2143
2150
2099
2148
2124
2179
2108
2156
2130
2194
2133
2174
2125
2182
2147
2176
2127
2182
2159
2181
2149
2143
2130
2147
2150
2152
2153
2182
2228
2177
2199
2155
2219
2183
2194
2134
2163
2135
2185
2124
2155
2130
2215
2157
2192
2188
2207
2228
2243
2223
2208
2202
2164
2188
2129
2132
2089
2149
2109
2128
2075
2098
2060
2089
2041
2052
2016
2069
2041
2045
2027
2056
2069
2076
2076
2094
2127
2101
2131
2101
2119
2089
2126
2075
2098
2055
2086
2068
2082
2063
2068
2068
2105
2102
2089
2078
2105
2122
2118
2123
2099
2136
2115
2146
2113
2151
2139
2169
2121
2116
2070
2096
2082
2082
2066
2090
2095
2081
2062
2023
2039
2062
2068
2026
2047
2034
2092
2055
2091
2046
2111
2085
2123
2075
2095
2059
2090
2052
2067
2046
2075
2087
2075
2077
2098
2127
2108
2088
2045
2053
2017
2055
1986
2024
1984
2055
2012
2037
1995
2056
2030
2053
2003
2034
2002
2030
2014
2004
1990
2013
2046
2045
2099
2067
2131
2110
2160
2113
2153
2108
2172
2126
2148
2080
2142
2090
2129
2074
2104
2100
2137
2139
2164
2158
2200
2203
2174
2184
2149
2186
2148
2150
2097
2129
2097
2161
2095
2151
2120
2192
2139
2189
2150
2210
2194
2223
2179
2202
2194
2240
2231
2193
2202
2189
2242
2220
2234
2185
2202
2163
2204
2153
2190
2184
2243
2184
2194
2148
2190
2172
2203
2171
2185
2184
2212
2234
2200
2210
2217
2250
2212
2230
2194
2244
2212
2228
2180
2198
2173
2207
2172
2185
2156
2188
2199
2212
2210
2242
2251
2246
2267
2225
2263
2245
2294
2268
2309
2292
2311
2319
2338
2305
2312
2307
2296
2284
2248
2231
2233
2254
2234
2235
2217
2283
2292
2320
2273
2330
2304
2339
2312
2325
2278
2321
2286
2281
2232
2272
2262
2254
2218
2178
2169
2146
2139
2114
2134
2106
2160
2115
2161
2113
2192
2163
2236
2207
2234
2215
2268
2243
2247
2207
2206
2240
2225
2237
2216
2257
2245
2255
2217
2261
2219
2293
2237
2290
2237
2308
2288
2311
2236
2261
2242
2270
2226
2248
2238
2251
2262
2238
2246
2219
2243
2227
2239
2174
2223
2194
2250
2186
2223
2172
2229
2166
2199
2127
2186
2146
2192
2124
2132
2110
2133
2100
2107
2090
2111
2116
2110
2135
2101
2151
2144
2152
2100
2146
2115
2193
2140
2190
2156
2253
2201
2242
2204
2202
2190
2214
2168
2164
2163
2191
2179
2136
2129
2128
2168
2151
2174
2145
2182
2166
2203
2140
2181
2161
2226
2173
2214
2172
2222
2203
2219
2167
2202
2207
2224
2226
2205
2215
2225
2239
2214
2219
2190
2218
2186
2206
2166
2191
2170
2198
2155
2164
2151
2178
2188
2190
2170
2170
2186
2178
2204
2163
2200
2187
2229
2185
2235
2204
2232
2244
2256
2244
2242
2242
2267
2278
2261
2279
2289
2306
2276
2273
2228
2270
2236
2266
2227
2261
2226
2259
2239
2249
2216
2246
2259
2253
2220
2210
2236
2235
2239
2189
2203
2195
2216
2173
2197
2154
2201
2193
2244
2186
2220
2202
2230
2212
2215
2194
2228
2246
2253
2238
2200
2244
2215
2238
2171
2206
2189
2220
2172
2212
2159
2223
2170
2181
2108
2147
2131
2152
2128
2111
2121
2151
2162
2133
2163
2109
2164
2114
2163
2103
2168
2142
2208
2168
2196
2144
2181
2154
2172
2122
2130
2143
2143
2158
2131
2147
2143
2181
2145
2199
2155
2212
2177
2238
2186
2243
2208
2235
2224
2247
2218
2223
2210
2215
2198
2135
2143
2111
2164
2108
2164
2147
2212
2178
2222
2163
2186
2149
2191
2139
2159
2148
2149
2170
2156
2143
2108
2132
2089
2115
2044
2064
2029
2073
2024
2075
2059
2091
2089
2110
2084
2097
2112
2149
2154
2110
2119
2108
2166
2130
2129
2078
2111
2088
2107
2050
2080
2077
2128
2099
2124
2122
2117
2163
2178
2177
2161
2199
2188
2221
2175
2183
2139
2175
2145
2164
2132
2142
2129
2154
2145
2154
2140
2153
2153
2124
2144
2109
2151
2126
2143
2107
2148
2107
2147
2110
2130
2090
2134
2114
2105
2100
2064
2077
2063
2074
2021
2004
1945
1991
1959
2001
1965
2003
2003
2046
2045
2046
2035
2079
2099
2081
2066
2063
2071
2051
2073
2030
2068
2051
2106
2049
2109
2058
2111
2098
2114
2060
2085
2072
2079
2098
2068
2078
2074
2113
2067
2071
2025
2073
2049
2099
2040
2089
2068
2141
2101
2103
2073
2097
2102
2096
2066
2055
2060
2037
2065
2005
2016
1979
2049
1980
2019
1959
1994
1963
2007
1953
2004
1984
2023
2044
2042
2036
2031
2081
2075
2077
2020
2051
2003
2051
1986
2017
1956
2020
1976
2011
1975
2010
2020
2064
2036
2044
2034
2022
2056
2040
2072
2022
2059
2023
2064
1995
2005
1954
2027
1985
2005
1945
1972
1996
2013
2008
1999
1996
2021
2021
1989
2019
1975
2034
2006
2037
1998
2049
2019
2060
2013
2016
1997
2045
2027
2025
2028
1999
2013
1993
2007
1969
1999
1995
2021
1990
1989
1957
1995
2018
2038
2029
2037
2070
2075
2095
2065
2087
2071
2102
2087
2109
2057
2065
2041
2062
2032
2046
2013
2015
2029
2003
1996
1973
1991
1966
1966
1918
1950
1942
1999
1973
1998
1973
2030
2024
2032
1996
2003
2003
2030
2006
2002
2013
1992
2046
2017
2023
1977
2018
1966
2001
1910
1915
1865
1915
1875
1909
1905
1913
1952
1964
1972
1959
1991
2010
2049
2002
2042
1986
2080
2064
2102
2032
2084
2064
2121
2071
2081
2049
2092
2070
2048
2049
1984
2031
2011
2039
1987
2012
1974
2039
1972
2007
1973
2058
2035
2077
2064
2073
2063
2081
2060
2046
2027
2044
2062
2009
2048
2001
2052
2007
2048
1987
2036
1975
2044
2000
2025
1971
2018
2010
2027
2031
2019
2044
2046
2070
2042
2041
2005
2064
2021
2066
2013
2068
2051
2107
2073
2080
2034
2073
2059
2048
1994
1970
1935
1915
1936
1882
1907
1908
1968
1938
1987
1937
1983
1972
2009
1971
2005
1993
2019
2042
2037
2022
2040
2084
2073
2077
2060
2097
2081
2133
2102
2126
2117
2148
2127
2133
2096
2106
2116
2135
2108
2111
2111
2109
2153
2118
2139
2122
2152
2104
2130
2072
2088
2076
2110
2066
2072
2051
2062
2088
2078
2077
2053
2073
2055
2054
1991
2008
1952
1987
1939
1971
1933
1979
1979
2005
2002
1985
1987
2003
1999
1968
1967
1907
1939
1887
1904
1829
1865
1823
1869
1815
1829
1786
1833
1822
1849
1813
1827
1862
1859
1885
1861
1905
1909
1953
1921
1959
1869
1924
1885
1920
1846
1896
1867
1923
1918
1930
1881
1897
1903
1876
1879
1837
1897
1887
1939
1893
1944
1923
1992
1947
1977
1929
1977
1942
1977
1917
1927
1919
1912
1930
1894
1890
1880
1902
1834
1869
1797
1842
1807
1868
1821
1880
1860
1925
1919
1965
1956
1978
1981
2006
2008
1964
1994
1963
1994
1960
1983
1925
1979
1950
2022
1965
2016
1981
2047
1981
1994
1966
1969
1982
1963
1953
1947
1970
1935
1994
1939
1973
1923
2004
1970
2010
1987
2007
2003
2049
2011
2020
2005
2068
2067
2033
2033
2019
2046
2033
2063
2039
2086
2066
2118
2072
2114
2068
2134
2086
2096
2061
2045
2052
2073
2056
2070
2087
2088
2151
2122
2143
2106
2149
2131
2138
2110
2132
2122
2151
2136
2148
2127
2161
2173
2196
2215
2199
2230
2237
2256
2222
2262
2236
2285
2260
2291
2261
2296
2284
2297
2293
2272
2277
2291
2312
2283
2274
2215
2251
2203
2214
2152
2160
2122
2167
2165
2180
2165
2185
2209
2216
2215
2214
2223
2221
2258
2200
2215
2188
2238
2199
2245
2209
2234
2223
2249
2200
2229
2208
2219
2246
2223
2223
2208
2234
2198
2212
2171
2223
2174
2212
2140
2193
2135
2205
2165
2182
2142
2182
2207
2240
2227
2240
2243
2222
2275
2216
2241
2194
2252
2197
2229
2145
2179
2130
2197
2132
2178
2124
2175
2202
2215
2207
2190
2224
2238
2257
2231
2274
2219
2278
2235
2290
2246
2316
2288
2317
2269
2278
2247
2290
2286
2274
2273
2223
2264
2246
2291
2245
2266
2238
2291
2248
2286
2236
2286
2278
2298
2256
2278
2275
2295
2300
2260
2265
2275
2292
2274
2313
2271
2319
2297
2328
2281
2317
2312
2373
2354
2353
2335
2352
2360
2366
2369
2324
2335
2337
2364
2319
2349
2321
2375
2351
2324
2301
2283
2309
2331
2298
2293
2261
2309
2290
2319
2281
2301
2289
2341
2318
2333
2284
2314
2305
2311
2294
2299
2288
2276
2290
2254
2252
2244
2266
2231
2267
2235
2253
2241
2268
2218
2220
2180
2178
2203
2176
2165
2144
2180
2173
2189
2145
2179
2163
2233
2190
2206
2168
2211
2199
2206
2177
2204
2205
2229
2195
2182
2189
2172
2232
2205
2228
2199
2254
2218
2262
2207
2234
2201
2251
2210
2230
2206
2202
2215
2202
2193
2155
2171
2163
2185
2130
2157
2092
2165
2102
2131
2073
2122
2099
2157
2140
2191
2170
2207
2178
2187
2199
2154
2198
2179
2185
2114
2127
2077
2157
2094
2129
2061
2125
2079
2126
2080
2086
2059
2096
2072
2068
2027
2025
2023
1983
1997
1928
1984
1968
2009
1960
2024
1989
2071
2035
2072
2022
2077
2038
2036
2028
1993
1988
1995
1999
1974
1975
1951
2014
1986
2022
1960
1996
1958
1975
1915
1906
1865
1911
1906
1895
1854
1870
1885
1897
1909
1870
1904
1892
1921
1874
1905
1836
1860
1806
1811
1759
1778
1760
1759
1767
1758
1773
1794
1819
1822
1847
1842
1881
1881
1929
1900
1917
1891
1923
1888
1896
1869
1882
1905
1916
1904
1906
1923
1930
1978
1947
1958
1906
1948
1885
1892
1835
1820
1791
1815
1776
1763
1717
1696
1737
1717
1723
1693
1738
1736
1747
1723
1756
1750
1825
1797
1843
1827
1902
1912
1929
1903
1885
1907
1938
1938
1923
1931
1891
1965
1922
1952
1891
1957
1905
1957
1908
1950
1914
1976
1939
1963
1947
1975
2009
2014
2034
2005
2020
2007
2029
1985
2032
1972
2047
2007
2044
1995
2067
2041
2078
2064
2084
2070
2104
2106
2100
2108
2062
2099
2075
2118
2078
2120
2080
2139
2100
2148
2093
2140
2103
2135
2081
2091
2103
2116
2133
2117
2121
2138
2176
2132
2174
2103
2153
2117
2159
2066
2110
2086
2150
2122
2139
2085
2114
2106
2096
2088
2047
2068
2072
2102
2064
2098
2081
2143
2099
2137
2065
2113
2089
2139
2080
2122
2107
2128
2135
2119
2109
2112
2118
2080
2124
2087
2132
2121
2175
2117
2158
2118
2152
2123
2134
2093
2103
2087
2099
2085
2061
2053
2035
2053
2035
2039
2022
2080
2075
2122
2095
2129
2114
2143
2120
2133
2113
2125
2139
2150
2145
2136
2151
2136
2168
2112
2130
2102
2157
2111
2116
2088
2102
2087
2111
2074
2076
2071
2097
2104
2087
2105
2070
2115
2087
2093
2049
2081
2061
2108
2058
2072
2052
2118
2103
2133
2123
2102
2131
2129
2130
2110
2143
2103
2155
2095
2134
2090
2161
2117
2166
2156
2190
2174
2218
2187
2197
2171
2200
2202
2177
2180
2134
2186
2187
2217
2173
2221
2173
2237
2193
2237
2198
2247
2237
2248
2266
2227
2241
2227
2263
2233
2232
2184
2246
2198
2248
2179
2221
2177
2233
2196
2213
2188
2217
2220
2232
2214
2221
2248
2225
2272
2235
2255
2210
2262
2199
2259
2191
2222
2194
2235
2168
2193
2162
2164
2166
2141
2135
2115
2140
2126
2118
2066
2111
2083
2152
2103
2160
2119
2195
2156
2195
2156
2175
2164
2192
2155
2155
2159
2152
2188
2146
2149
2131
2194
2163
2191
2135
2177
2153
2230
2191
2231
2178
2201
2228
2234
2208
2207
2225
2234
2218
2187
2204
2148
2175
2117
2130
2071
2105
2078
2112
2077
2100
2084
2121
2112
2115
2092
2059
2104
2098
2126
2099
2144
2140
2204
2177
2195
2158
2206
2195
2191
2155
2152
2150
2148
2138
2109
2107
2117
2117
2079
2116
2077
2114
2117
2136
2084
2106
2098
2125
2121
2115
2102
2130
2152
2151
2167
2135
2170
2138
2158
2104
2134
2106
2135
2097
2108
2064
2089
2074
2090
2043
2035
2044
2043
2069
2032
2054
2051
2082
2036
2063
1991
2028
1989
2025
1962
1994
1948
1958
1974
1992
1995
2031
2075
2083
2119
2086
2137
2124
2164
2107
2157
2089
2158
2117
2153
2101
2138
2106
2154
2099
2126
2131
2126
2149
2136
2150
2112
2133
2076
2136
2062
2086
2031
2093
2048
2073
2026
2048
2038
2079
2061
2072
2057
2094
2080
2029
2049
2010
2073
2022
2035
1978
2034
2028
2111
2069
2107
2057
2111
2054
2034
1977
1961
1957
1961
1953
1941
1938
1903
1957
1908
1946
1913
1984
1964
1999
1968
2011
2017
2078
2055
2084
2074
2129
2121
2103
2096
2070
2092
2072
2081
2052
2094
2062
2122
2097
2136
2105
2153
2145
2174
2156
2139
2140
2144
2135
2109
2100
2060
2102
2086
2104
2052
2090
2076
2119
2113
2121
2114
2158
2175
2170
2145
2173
2164
2149
2152
2118
2128
2137
2177
2138
2180
2147
2191
2184
2203
2161
2171
2168
2181
2202
2168
2158
2161
2183
2153
2164
2132
2190
2182
2220
2172
2196
2175
2210
2171
2164
2143
2154
2163
2168
2143
2131
2132
2115
2140
2086
2113
2100
2150
2092
2136
2088
2104
2081
2133
2093
2125
2100
2120
2152
2125
2127
2111
2147
2128
2140
2097
2151
2113
2163
2110
2151
2091
2142
2102
2125
2087
2102
2080
2101
2055
2051
2062
2027
2081
2035
2062
2000
2058
2036
2092
2019
2040
1987
2033
1977
2004
1943
1955
1978
1990
1982
1970
1994
2022
2026
1996
2033
1978
2071
2040
2088
2021
2088
2046
2097
2061
2068
2050
2101
2087
2094
2091
2036
2073
2058
2064
2008
2015
1984
2019
1954
1960
1898
1958
1891
1922
1857
1884
1889
1898
1889
1868
1864
1891
1900
1874
1901
1852
1895
1868
1886
1816
1833
1793
1827
1796
1792
1753
1793
1810
1827
1827
1820
1831
1823
1842
1824
1825
1800
1834
1839
1877
1851
1895
1886
1926
1892
1898
1886
1891
1912
1882
1851
1813
1831
1797
1841
1804
1837
1838
1900
1886
1925
1907
1907
1913
1916
1908
1896
1913
1921
1912
1869
1876
1858
1928
1880
1904
1838
1872
1863
1873
1842
1831
1818
1842
1843
1825
1832
1778
1821
1788
1797
1745
1791
1755
1811
1760
1800
1772
1854
1847
1874
1870
1862
1886
1891
1899
1880
1892
1893
1930
1895
1944
1888
1960
1916
1968
1921
1985
1959
2007
1963
1968
1923
1941
1929
1919
1945
1912
1938
1926
1961
1900
1928
1869
1916
1862
1919
1871
1921
1876
1924
1892
1882
1871
1903
1935
1922
1926
1932
1979
1955
2010
1956
2013
1990
2057
1991
2032
1967
1999
1970
1988
1938
1957
1946
1950
1969
1937
1952
1935
1974
1921
1920
1870
1907
1889
1950
1895
1933
1913
1991
1964
1979
1958
1991
2005
2009
2006
2006
2016
1967
2002
1917
1929
1878
1923
1868
1907
1854
1902
1895
1952
1904
1935
1913
1947
1976
1979
1989
1967
1999
1977
1974
1945
1972
1934
1990
1945
1969
1921
1957
1917
1915
1885
1876
1887
1908
1897
1894
1928
1898
1963
1959
1999
1966
2013
1971
1987
1925
1929
1894
1933
1927
1945
1925
1930
1954
1967
1989
1978
2000
1991
2020
1987
1992
1945
1998
1989
2006
1957
1989
1977
1991
1980
1972
1979
1992
2013
1986
2029
1977
2039
2024
2062
2001
2053
2031
2054
2020
2027
1985
2017
1995
1982
1948
1923
1943
1927
1957
1913
1951
1943
1994
1965
1997
1941
1983
1966
1991
1939
1971
1954
1960
1969
1950
1945
1957
1998
1994
2035
1991
2055
2022
2084
2013
2047
1984
2029
1986
2004
1962
1987
1990
2042
2025
2052
2087
2095
2140
2103
2115
2074
2122
2081
2130
2060
2100
2065
2123
2064
2117
2098
2129
2134
2134
2125
2132
2160
2178
2195
2152
2200
2173
2242
2190
2224
2170
2232
2210
2248
2192
2232
2199
2254
2214
2222
2221
2203
2237
2225
2219
2183
2220
2198
2269
2221
2251
2218
2278
2242
2266
2229
2243
2230
2254
2234
2244
2249
2270
2287
2243
2253
2229
2279
2254
2270
2217
2264
2244
2299
2276
2288
2251
2284
2266
2275
2273
2256
2271
2280
2284
2256
2264
2255
2314
2284
2314
2279
2323
2306
2331
2314
2321
2299
2309
2318
2300
2279
2285
2290
2276
2295
2245
2263
2237
2280
2231
2266
2225
2249
2234
2244
2195
2187
2179
2165
2172
2139
2161
2157
2188
2151
2175
2154
2202
2187
2210
2168
2194
2195
2220
2182
2164
2140
2136
2153
2146
2154
2155
2188
2180
2226
2155
2192
2158
2225
2163
2192
2157
2177
2174
2199
2165
2174
2173
2168
2212
2166
2194
2161
2206
2172
2206
2158
2182
2130
2179
2112
2132
2069
2120
2092
2078
2079
2058
2095
2110
2114
2096
2121
2075
2138
2094
2140
2087
2180
2166
2234
2186
2209
2159
2212
2149
2154
2101
2091
2118
2095
2098
2065
2103
2095
2120
2072
2109
2033
2109
2066
2102
2039
2103
2071
2099
2063
2065
2054
2102
2091
2088
2079
2021
2068
2028
2049
1967
1978
1919
1941
1879
1885
1834
1919
1945
1933
1976
1991
1975
1968
1924
1942
1927
1960
1913
1921
1871
1893
1861
1892
1831
1837
1801
1826
1836
1822
1827
1802
1833
1837
1848
1855
1883
1847
1898
1865
1881
1845
1893
1900
1914
1899
1886
1866
1871
1895
1893
1920
1903
1959
1943
1982
1959
1997
1984
2015
1998
2001
1957
1982
1966
1943
1904
1902
1921
1914
1926
1879
1878
1861
1896
1885
1915
1869
1931
1919
1940
1901
1918
1889
1901
1904
1887
1887
1885
1919
1879
1912
1860
1901
1875
1920
1850
1889
1853
1871
1824
1830
1795
1817
1817
1821
1794
1812
1855
1866
1930
1923
1951
1926
1971
1947
1991
1933
1977
1952
1994
1926
1942
1914
1917
1920
1903
1898
1883
1899
1889
1909
1851
1891
1856
1932
1873
1906
1852
1925
1907
1952
1920
1944
1927
1987
1963
1969
1970
1923
1970
1940
1943
1882
1918
1876
1937
1874
1918
1869
1953
1910
1960
1942
1961
1971
1993
1949
1937
1938
1948
1941
1875
1911
1840
1900
1855
1873
1802
1861
1822
1914
1886
1918
1895
1979
1956
1966
1944
1920
1934
1918
1903
1843
1822
1767
1823
1767
1800
1747
1808
1787
1816
1795
1832
1819
1857
1831
1842
1835
1865
1896
1905
1935
1913
1958
1947
1981
1939
1971
1918
1953
1914
1931
1891
1921
1895
1921
1929
1917
1928
1951
1969
1950
1977
1967
2014
2009
2030
2000
2028
2021
2071
2042
2048
2019
2017
2016
1989
1975
1967
1969
1962
1997
1951
1973
1953
2008
1976
2038
2015
2048
2029
2039
2005
2006
2001
2009
2048
2023
2040
2036
2085
2058
2078
2037
2073
2050
2092
2027
2061
2041
2089
2064
2060
2048
2046
2075
2074
2057
2051
2082
2051
2102
2043
2074
2019
2097
2036
2114
2075
2121
2101
2155
2114
2145
2129
2133
2164
2149
2166
2124
2164
2129
2137
2075
2116
2060
2124
2049
2078
2003
2058
2004
2007
1958
1963
1972
2009
2015
2016
2031
1986
2051
2019
2067
2021
2091
2066
2152
2110
2152
2100
2177
2139
2172
2119
2133
2154
2155
2147
2119
2142
2131
2132
2075
2106
2032
2086
2054
2115
2066
2134
2106
2158
2125
2133
2114
2166
2158
2172
2167
2127
2169
2157
2176
2137
2167
2138
2195
2154
2190
2144
2209
2173
2207
2156
2180
2181
2183
2172
2151
2131
2139
2154
2115
2144
2098
2142
2124
2163
2114
2142
2096
2137
2108
2140
2115
2155
2159
2174
2176
2151
2172
2170
2197
2174
2187
2172
2192
2165
2189
2135
2152
2131
2165
2119
2138
2126
2136
2151
2150
2141
2145
2175
2162
2207
2158
2176
2168
2230
2186
2195
2162
2171
2146
2134
2097
2083
2104
2117
2128
2098
2095
2086
2131
2105
2128
2107
2148
2127
2134
2075
2090
2081
2125
2087
2111
2102
2095
2120
2127
2136
2138
2168
2137
2177
2112
2145
2099
2141
2081
2107
2064
2069
2059
2086
2054
2081
2079
2114
2134
2106
2134
2106
2165
2138
2192
2155
2209
2193
2255
2203
2229
2172
2248
2195
2215
2197
2194
2203
2226
2229
2212
2219
2213
2277
2234
2282
2214
2280
2239
2286
2233
2271
2234
2302
2263
2294
2255
2306
2287
2287
2269
2220
2238
2226
2223
2191
2235
2173
2246
2200
2240
2174
2225
2190
2218
2199
2180
2163
2178
2187
2160
2142
2116
2162
2137
2180
2136
2197
2187
2248
2216
2239
2192
2244
2226
2251
2208
2220
2207
2210
2225
2200
2204
2193
2216
2185
2236
2199
2250
2224
2259
2225
2264
2227
2245
2233
2237
2211
2213
2226
2221
2198
2182
2189
2163
2195
2150
2171
2137
2186
2162
2197
2159
2180
2181
2214
2173
2176
2163
2153
2171
2139
2136
2114
2156
2138
2193
2160
2173
2160
2213
2193
2222
2194
2206
2226
2225
2212
2211
2223
2211
2196
2168
2190
2155
2206
2174
2202
2162
2218
2196
2220
2196
2207
2199
2242
2234
2232
2231
2219
2274
2260
2283
2242
2275
2258
2292
2249
2261
2226
2291
2268
2286
2265
2276
2298
2298
2292
2266
2265
2274
2291
2244
2286
2229
2290
2257
2299
2240
2276
2227
2257
2236
2245
2208
2229
2210
2227
2246
2223
2265
2256
2296
2257
2280
2255
2308
2261
2293
2221
2278
2241
2267
2203
2226
2205
2234
2240
2220
2203
2212
2239
2210
2262
2199
2253
2215
2282
2224
2266
2223
2288
2251
2277
2224
2265
2263
2295
2293
2258
2242
2234
2270
2242
2245
2224
2272
2243
2294
2226
2277
2241
2290
2232
2267
2236
2269
2266
2281
2250
2259
2271
2253
2286
2231
2263
2240
2299
2245
2263
2214
2255
2236
2263
2211
2250
2224
2280
2271
2259
2255
2248
2275
2259
2256
2232
2247
2220
2263
2215
2237
2199
2233
2202
2221
2191
2186
2181
2196
2178
2173
2177
2159
2190
2147
2153
2103
2138
2104
2134
2103
2107
2086
2129
2102
2117
2097
2136
2133
2121
2109
2065
2088
2065
2066
2018
2011
1977
2037
2016
2045
2010
2051
2027
2039
2026
2019
2018
2016
2001
1969
1959
1929
1983
1939
1956
1907
1963
1929
1955
1925
1942
1897
1939
1910
1899
1868
1900
1881
1859
1843
1793
1817
1803
1836
1800
1824
1760
1816
1787
1819
1783
1838
1818
1859
1845
1840
1809
1818
1820
1807
1787
1761
1797
1779
1833
1782
1805
1782
1861
1842
1898
1849
1899
1875
1917
1883
1900
1901
1907
1949
1930
1950
1930
1986
1959
2000
1940
1995
1954
2021
1967
2002
1939
1960
1934
1940
1904
1939
1956
1979
1975
1967
1998
1978
2022
1952
1975
1935
2000
1956
2013
1948
1977
1958
2022
1979
2037
2017
2039
2066
2052
2051
2037
2070
2061
2068
2003
2044
2009
2053
1975
1999
1938
1943
1903
1927
1883
1902
1892
1923
1895
1903
1925
1907
1964
1942
1980
1949
2004
1976
2036
1978
2008
1948
2002
1952
1962
1923
1901
1899
1897
1877
1855
1861
1873
1902
1871
1879
1813
1845
1824
1847
1815
1855
1847
1891
1894
1917
1925
1958
1988
1985
1992
1942
1972
1973
2002
1965
1985
1969
2037
2027
2056
2032
2062
2041
2048
2013
1981
1977
1971
1999
1978
2005
2004
2024
2003
2036
1992
2046
2040
2086
2038
2070
2049
2076
2075
2050
2028
2026
2042
2003
2011
1966
2004
1977
2022
1970
2012
1970
2029
1996
2027
1988
2006
1980
2005
1971
1930
1934
1911
1922
1866
1874
1809
1849
1829
1891
1834
1878
1828
1869
1805
1808
1765
1725
1710
1708
1703
1699
1723
1711
1799
1779
1859
1814
1901
1869
1912
1868
1907
1857
1913
1885
1912
1893
1958
1959
1952
1958
1929
1962
1938
1943
1891
1912
1839
1887
1833
1855
1769
1820
1775
1796
1764
1763
1743
1775
1771
1764
1752
1721
1795
1785
1830
1797
1852
1835
1884
1855
1891
1842
1892
1872
1882
1838
1877
1858
1871
1857
1833
1848
1859
1874
1860
1898
1868
1914
1887
1931
1894
1922
1907
1953
1934
1936
1912
1932
1900
1904
1872
1837
1850
1842
1884
1845
1876
1859
1932
1928
1979
1964
1999
1994
2023
1978
1973
1944
1950
1955
1915
1899
1871
1900
1874
1890
1835
1845
1836
1891
1854
1870
1839
1868
1896
1887
1861
1859
1887
1888
1880
1881
1906
1889
1963
1932
1963
1947
2008
2003
2042
1999
2001
1981
2003
1950
1937
1943
1929
1956
1935
1948
1920
1983
1985
2034
1987
2019
1970
2003
1956
1970
1919
1930
1935
1948
1938
1934
1944
1965
1985
1965
2006
1947
2014
1967
2014
1965
2034
2022
2087
2055
2092
2059
2113
2101
2128
2142
2120
2136
2114
2137
2086
2088
2056
2090
2033
2063
1993
2050
2045
2095
2029
2075
2064
2100
2087
2068
2037
2052
2048
2002
2011
1927
1960
1930
1986
1944
1976
1937
2010
1964
1992
1928
1978
1962
2019
2028
2013
2013
2040
2070
2048
2050
2042
2082
2047
2083
2016
2061
2042
2101
2038
2082
2045
2092
2094
2102
2083
2096
2106
2093
2107
2067
2077
2045
2098
2060
2083
2047
2107
2086
2106
2052
2083
2068
2119
2108
2100
2093
2095
2117
2119
2137
2118
2135
2127
2178
2151
2183
2159
2203
2170
2197
2180
2174
2157
2163
2133
2123
2136
2128
2165
2156
2189
2168
2221
2197
2221
2201
2215
2183
2209
2172
2175
2138
2177
2177
2173
2147
2103
2145
2131
2140
2107
2123
2080
2116
2088
2110
2061
2106
2093
2115
2098
2089
2100
2116
2111
2087
2102
2074
2122
2079
2105
2042
2090
2054
2095
2062
2080
2069
2124
2133
2142
2104
2112
2100
2076
2063
2016
2027
2003
2033
1987
2044
1997
2058
2028
2072
2008
2043
2004
2043
2046
2036
2019
2039
2040
2019
2013
2003
2059
2034
2075
2017
2075
2055
2123
2075
2115
2078
2135
2107
2136
2071
2072
2028
2014
2027
1993
1981
1951
1995
1974
2026
1958
2008
1986
2061
2012
2015
2069
2025
2053
1989
2005
1977
1996
1943
1967
1941
1936
1962
1924
1923
1887
1925
1886
1895
1825
1873
1840
1904
1839
1885
1865
1914
1912
1914
1888
1881
1885
1887
1862
1835
1865
1842
1902
1861
1891
1829
1882
1860
1894
1842
1879
1863
1933
1913
1941
1940
1938
1972
1959
1958
1925
1954
1943
1987
1964
2001
1970
2021
2011
2042
2003
2000
2013
2029
2001
1989
2003
2038
2062
2043
2089
2043
2093
2074
2108
2068
2108
2094
2135
2109
2102
2078
2117
2111
2106
2120
2098
2139
2124
2125
2070
2082
2057
2092
2069
2081
2032
2068
2058
2077
2040
2037
2038
2022
2051
2005
2011
1979
2023
1998
2049
2010
2063
2039
2088
2044
2081
2083
2114
2142
2119
2121
2113
2109
2093
2093
2020
2031
1987
2040
1975
2027
1962
2019
1981
2003
1953
1968
1953
2008
1984
2000
2004
1995
2058
2069
2086
2058
2101
2064
2145
2085
2133
2071
2136
2072
2107
2063
2071
2059
2079
2056
2050
2053
2079
2111
2070
2083
2033
2120
2086
2124
2051
2093
2033
2086
2024
2056
1993
2048
2011
2020
2020
2000
2029
2032
2025
1982
1999
1959
2021
1968
1999
1945
2010
1952
1981
1943
1972
1932
1976
1945
1950
1927
1947
1960
1958
1973
1940
1978
1946
1970
1920
1964
1903
1961
1914
1947
1895
1926
1876
1899
1889
1883
1871
1875
1883
1863
1855
1839
1896
1873
1922
1872
1919
1907
1963
1923
1932
1885
1908
1891
1891
1866
1877
1876
1878
1893
1858
1870
1852
1912
1881
1941
1908
1956
1980
2017
1977
1997
2000
2011
2030
2004
1993
1994
2011
1987
1981
1960
1988
1979
2026
1968
1968
1930
1972
1963
1963
1924
1912
1914
1923
1915
1916
1944
1934
1983
1940
1967
1921
1975
1934
1976
1935
1943
1906
1942
1899
1902
1851
1849
1876
1855
1869
1837
1870
1845
1863
1816
1843
1782
1827
1782
1809
1761
1813
1783
1807
1779
1765
1755
1778
1783
1763
1788
1748
1806
1782
1821
1768
1828
1808
1858
1808
1823
1773
1831
1789
1814
1755
1750
1757
1761
1761
1718
1718
1716
1730
1685
1719
1625
1675
1612
1630
1546
1582
1515
1545
1517
1535
1507
1555
1561
1592
1605
1592
1627
1619
1673
1639
1684
1689
1771
1735
1779
1735
1803
1770
1807
1748
1765
1731
1745
1743
1719
1696
1685
1689
1649
1679
1621
1661
1631
1657
1592
1623
1569
1604
1579
1594
1573
1608
1631
1677
1711
1708
1725
1726
1766
1735
1743
1715
1762
1743
1774
1733
1770
1775
1847
1823
1875
1863
1900
1928
1944
1929
1954
1983
1985
1994
1961
1972
1966
2007
1985
2007
1995
2036
2022
2042
1990
1996
1974
1983
1947
1918
1912
1921
1954
1937
1956
1971
2014
2011
2034
1992
2025
2020
2071
2030
2045
2025
2048
2056
2074
2051
2062
2075
2058
2086
2051
2055
2031
2067
2028
2047
2020
2035
2030
2060
2014
2047
2040
2087
2086
2081
2082
2058
2079
2060
2055
2024
2049
2024
2067
2024
2067
2023
2091
2048
2074
2045
2037
2036
2063
2056
2049
2040
1996
2027
1969
1991
1928
1988
1961
2010
1983
2008
1970
2044
2023
2054
2019
2073
2064
2050
2057
2024
2047
2029
2053
2006
2054
1987
2073
2037
2078
2016
2086
2057
2104
2091
2108
2093
2129
2123
2100
2070
2049
2105
2063
2098
2035
2075
2043
2093
2060
2084
2021
2076
2050
2088
2044
2076
2061
2084
2105
2082
2087
2086
2099
2073
2070
2001
2042
2014
2056
1999
2044
2026
2090
2087
2125
2104
2143
2144
2160
2136
2127
2144
2140
2187
2149
2172
2151
2197
2169
2201
2133
2156
2118
2146
2100
2126
2109
2109
2120
2108
2122
2094
2119
2119
2161
2128
2158
2124
2174
2154
2167
2122
2133
2144
2139
2131
2120
2130
2134
2130
2093
2101
2036
2076
2040
2058
2014
2045
2034
2054
2027
2032
2000
2023
2011
2002
2013
1996
2037
2040
2056
2026
2073
2071
2125
2095
2108
2083
2112
2088
2104
2064
2053
2052
2052
2054
2029
2027
2026
2062
2022
2052
2001
2031
1997
2027
1979
2010
2001
2038
2023
2027
2008
2025
2032
2036
2048
2000
2016
2000
2048
2017
2058
2036
2088
2072
2125
2075
2121
2091
2115
2046
2054
2057
2063
2079
2060
2061
2045
2108
2087
2156
2100
2151
2118
2196
2125
2162
2107
2150
2139
2163
2130
2141
2133
2170
2179
2143
2158
2126
2166
2116
2137
2090
2124
2093
2145
2085
2137
2091
2163
2106
2125
2105
2111
2133
2131
2104
2081
2103
2066
2129
2075
2126
2088
2159
2113
2153
2108
2138
2112
2147
2084
2108
2076
2114
2103
2070
2078
2051
2091
2065
2094
2067
2128
2109
2192
2138
2195
2159
2236
2204
2236
2205
2188
2175
2186
2169
2167
2150
2146
2216
2191
2214
2164
2212
2186
2227
2199
2207
2167
2218
2187
2194
2154
2185
2169
2179
2168
2150
2168
2184
2194
2162
2215
2189
2240
2227
2229
2199
2252
2251
2257
2222
2195
2182
2202
2202
2186
2167
2123
2159
2138
2152
2095
2115
2100
2129
2101
2107
2072
2102
2093
2098
2066
2077
2070
2054
2059
2015
2033
2027
2071
2044
2075
2034
2086
2071
2101
2061
2088
2080
2110
2125
2112
2110
2103
2125
2101
2106
2039
2061
2013
2055
1983
2000
1950
2014
1978
1991
1968
1994
1995
2036
2014
2036
2037
2010
2036
2012
2034
1998
2069
2038
2103
2058
2104
2069
2129
2067
2111
2069
2097
2123
2128
2121
2111
2139
2126
2119
2080
2121
2063
2128
2059
2103
2053
2139
2113
2172
2128
2163
2148
2204
2158
2161
2142
2111
2146
2116
2124
2086
2117
2107
2169
2128
2173
2127
2206
2139
2171
2115
2143
2121
2128
2095
2112
2110
2148
2162
2133
2165
2107
2150
2103
2142
2087
2127
2076
2118
2064
2092
2042
2085
2056
2073
2074
2059
2046
2032
2043
2026
2036
2031
2071
2037
2071
2022
2084
2054
2083
2037
2057
2036
2077
2070
2056
2016
2031
2030
2004
2029
1989
2022
2007
2044
2007
2031
2000
2044
2012
2013
1955
1986
1994
2021
2011
1991
1997
2012
2037
2028
2049
2059
2103
2104
2118
2092
2124
2106
2117
2061
2051
2019
2026
2005
1961
1952
1941
1967
1944
1994
1957
2012
2011
2084
2051
2087
2091
2113
2111
2120
2100
2121
2125
2122
2109
2071
2086
2058
2104
2079
2113
2075
2130
2119
2164
2123
2147
2132
2178
2140
2160
2155
2140
2171
2157
2179
2151
2169
2106
2162
2102
2136
2084
2142
2097
2148
2114
2130
2106
2148
2128
2148
2123
2172
2189
2162
2189
2158
2204
2187
2208
2168
2214
2154
2219
2159
2197
2130
2187
2145
2179
2159
2145
2152
2190
2196
2194
2201
2176
2244
2192
2235
2172
2235
2201
2234
2191
2209
2150
2204
2177
2195
2161
2181
2182
2171
2190
2135
2164
2138
2185
2126
2162
2105
2140
2090
2117
2043
2077
2048
2059
2061
2044
2035
2019
2018
1994
1973
1918
1930
1902
1933
1878
1908
1858
1905
1837
1837
1783
1778
1750
1759
1715
1708
1721
1737
1791
1798
1810
1782
1832
1809
1850
1795
1801
1784
1823
1788
1822
1821
1854
1905
1920
1915
1914
1944
1949
1935
1908
1929
1892
1933
1901
1910
1869
1925
1916
1945
1928
1917
1905
1918
1898
1895
1904
1876
1924
1911
1932
1901
1971
1968
2034
1993
2012
1998
2041
2015
2019
1985
1996
2035
2023
2022
1990
1990
1970
1965
1899
1923
1874
1936
1904
1940
1906
1952
1924
1946
1923
1910
1896
1904
1891
1865
1885
1833
1878
1845
1871
1799
1828
1776
1811
1795
1823
1802
1853
1822
1835
1808
1827
1847
1843
1883
1856
1859
1853
1896
1834
1888
1816
1858
1840
1889
1827
1848
1809
1831
1826
1835
1818
1833
1849
1865
1890
1838
1865
1854
1928
1864
1897
1853
1935
1907
1947
1878
1906
1880
1922
1861
1887
1886
1883
1906
1879
1874
1851
1883
1821
1864
1790
1815
1768
1843
1778
1820
1782
1821
1811
1836
1808
1837
1845
1874
1888
1851
1867
1839
1892
1869
1895
1862
1906
1882
1933
1881
1919
1888
1935
1903
1943
5835
2131
2128
2146
2147
2147
2139
2129
2144
2157
2148
2145
2143
2147
2155
2161
2148
2145
2144
2164
2147
2139
2129
2115
2104
2098
2086
2084
2074
2062
2067
2090
2105
2113
2128
2114
2105
2110
2118
2118
2126
2144
2139
2115
2108
2084
2073
2053
2063
2060
2068
2084
2088
2104
2142
2170
2183
2183
2164
2137
2119
2103
2091
2069
2055
2054
2050
2065
2080
2100
2112
2141
2152
2153
2153
2155
2129
2109
2099
2103
2091
2078
2074
2115
2121
2144
2167
2178
2186
2183
2184
2186
2196
2190
2178
2159
2134
2114
2093
2067
2063
2067
2068
2075
2077
2083
2083
2102
2126
2121
2125
2142
2146
2135
2129
2130
2143
2151
2165
2165
2163
2154
2147
2140
2127
2109
2082
2069
2059
2049
2046
2041
2037
2031
2043
2045
2059
2074
2074
2081
2069
2076
2081
2099
2113
2111
2119
2129
2145
2162
2172
2192
2207
2221
2222
2220
2202
2200
2202
2197
2178
2159
2150
2175
2164
2170
2170
2182
2187
2181
2164
2158
2166
2166
2172
2177
2171
2173
2170
2178
2170
2158
2156
2166
2168
2180
2186
2190
2191
2190
2199
2212
2230
2224
2223
2213
2207
2192
2203
2183
2175
2166
2165
2176
2183
2200
2208
2222
2224
2226
2223
2211
2192
2171
2155
2138
2123
2121
2112
2106
2098
2093
2082
2078
2040
2035
2049
2055
2062
2054
2049
2044
2059
2066
2077
2095
2103
2119
2134
2133
2157
2164
2156
2148
2140
2126
2118
2096
2080
2069
2060
2060
2078
2091
2099
2109
2131
2137
2127
2116
2138
2134
2138
2143
2134
2131
2135
2139
2144
2137
2128
2127
2115
2117
2118
2134
2134
2123
2118
2116
2117
2099
2085
2061
2061
2061
2058
2065
2084
2094
2102
2116
2098
2091
2084
2078
2082
2077
2069
2075
2090
2088
2086
2089
2096
2118
2119
2121
2128
2115
2113
2087
2073
2038
2013
2008
2006
2023
2022
2031
2049
2055
2067
2063
2049
2032
2029
2018
2018
2009
2013
2026
2050
2076
2101
2120
2124
2137
2156
2151
2155
2143
2135
2117
2106
2093
2089
2090
2085
2079
2084
2089
2092
2105
2125
2147
2145
2161
2168
2163
2151
2139
2129
2127
2114
2124
2117
2133
2133
2135
2141
2166
2185
2193
2195
2207
2207
2207
2220
2214
2210
2213
2229
2233
2241
2221
2210
2222
2242
2245
2240
2230
2231
2222
2213
2206
2200
2199
2195
2201
2192
2188
2194
2205
2212
2204
2197
2195
2214
2218
2219
2222
2217
2217
2214
2221
2229
2217
2212
2222
2210
2194
2187
2194
2198
2220
2243
2264
2280
2272
2273
2274
2282
2301
2309
2310
2314
2321
2330
2329
2339
2344
2361
2363
2342
2314
2296
2286
2279
2259
2250
2240
2247
2252
2274
2289
2308
2338
2347
2369
2368
2364
2371
2375
2361
2362
2338
2316
2303
2307
2294
2270
2265
2245
2221
2203
2195
2195
2184
2165
2159
2170
2203
2227
2236
2254
2258
2264
2267
2278
2299
2317
2309
2300
2304
2302
2283
2277
2260
2269
2268
2280
2287
2305
2314
2309
2303
2329
2333
2325
2324
2322
2318
2320
2314
2294
2291
2292
2297
2300
2314
2306
2297
2285
2277
2256
2251
2244
2240
2244
2242
2237
2237
2224
2203
2196
2171
2164
2157
2157
2151
2123
2101
2104
2088
2076
2067
2071
2067
2081
2081
2099
2115
2144
2161
2166
2167
2165
2162
2170
2162
2178
2197
2202
2204
2199
2205
2196
2195
2183
2169
2170
2188
2187
2174
2170
2193
2186
2199
2195
2183
2174
2187
2181
2196
2185
2183
2179
2196
2223
2227
2233
2231
2224
2217
2226
2229
2241
2250
2255
2261
2271
2268
2275
2277
2283
2277
2273
2259
2240
2227
2215
2203
2204
2208
2211
2223
2240
2228
2214
2234
2235
2226
2211
2198
2195
2206
2218
2228
2238
2245
2256
2270
2270
2274
2272
2270
2267
2273
2277
2284
2281
2290
2286
2289
2277
2271
2265
2267
2256
2241
2243
2250
2248
2250
2260
2259
2276
2271
2255
2250
2237
2212
2190
2187
2190
2184
2198
2189
2198
2210
2219
2217
2212
2220
2213
2211
2202
2209
2221
2230
2212
2198
2202
2198
2195
2202
2200
2193
2199
2194
2200
2180
2166
2149
2132
2122
2122
2114
2109
2106
2101
2114
2122
2130
2125
2127
2139
2154
2156
2163
2174
2174
2159
2155
2162
2145
2134
2134
2136
2137
2134
2130
2115
2115
2112
2109
2116
2113
2122
2127
2142
2150
2162
2157
2168
2176
2186
2204
2221
2222
2228
2237
2248
2245
2239
2242
2244
2238
2240
2231
2215
2191
2160
2155
2138
2157
2145
2164
2172
2186
2194
2193
2181
2180
2162
2151
2139
2122
2119
2119
2118
2104
2091
2083
2073
2050
2043
2028
2024
2041
2065
2078
2092
2095
2102
2114
2112
2104
2105
2118
2159
2163
2179
2196
2190
2180
2155
2146
2132
2109
2084
2086
2079
2087
2101
2116
2138
2137
2146
2146
2166
2182
2198
2206
2208
2207
2186
2167
2151
2126
2124
2125
2128
2130
2135
2133
2123
2128
2124
2119
2122
2121
2115
2118
2140
2142
2132
2117
2104
2086
2084
2089
2089
2082
2071
2064
2072
2054
2053
2031
2008
1986
1962
1954
1939
1923
1935
1943
1972
1989
2018
2029
2050
2057
2072
2097
2099
2091
2084
2080
2083
2077
2070
2054
2048
2036
2033
2037
2045
2055
2057
2052
2051
2041
2039
2059
2069
2070
2086
2085
2094
2091
2086
2053
2032
2022
2024
2022
2049
2065
2079
2101
2106
2111
2104
2092
2075
2074
2059
2054
2052
2052
2042
2048
2016
2010
1993
1966
1939
1931
1941
1947
1952
1964
1958
1963
1971
1985
2013
2034
2044
2058
2059
2063
2061
2057
2051
2035
2025
2024
1999
1983
1977
1971
1956
1963
1979
1999
2021
2036
2046
2058
2059
2043
2033
2028
2016
2010
1999
1992
1969
1967
1953
1971
1983
1999
2006
2016
2042
2049
2047
2040
2042
2034
2035
2027
2023
2009
2008
2011
2027
2023
2020
2016
2023
2015
2012
2007
2004
2008
2010
2003
2003
2010
2007
2014
2014
2020
2019
2012
2002
2010
2014
2034
2043
2052
2066
2076
2084
2105
2104
2094
2094
2086
2074
2065
2061
2043
2037
2025
2007
2000
2000
1981
1975
1970
1976
1964
1953
1932
1920
1923
1924
1932
1951
1969
1986
1987
1990
1982
1969
1961
1965
1967
1962
1955
1959
1958
1957
1953
1962
1959
1950
1931
1915
1891
1886
1869
1853
1835
1832
1858
1873
1901
1926
1939
1946
1967
1987
2018
2038
2056
2064
2067
2081
2096
2097
2099
2089
2081
2063
2067
2061
2046
2034
2026
2035
2037
2028
2002
1978
1964
1957
1941
1937
1945
1959
1976
2016
2038
2032
2042
2038
2035
2042
2046
2039
2024
2003
1982
1977
1988
1990
1996
1996
1992
1988
1985
1984
1985
1987
1999
1998
1994
1988
1998
2003
2010
2019
2039
2068
2079
2094
2084
2083
2072
2061
2038
2035
2027
2041
2055
2069
2084
2082
2079
2063
2046
2010
1967
1928
1900
1874
1859
1847
1858
1878
1910
1924
1935
1939
1940
1934
1933
1941
1954
1975
1998
2015
2048
2076
2083
2103
2098
2094
2091
2092
2105
2110
2105
2111
2118
2125
2133
2123
2110
2127
2125
2126
2124
2128
2129
2138
2130
2120
2106
2085
2064
2072
2085
2086
2096
2085
2090
2084
2080
2071
2075
2077
2063
2052
2028
2013
2008
1980
1967
1951
1942
1931
1934
1937
1955
1960
1964
1971
1966
1967
1979
1977
1966
1948
1936
1928
1906
1887
1875
1861
1845
1839
1835
1828
1819
1810
1809
1834
1841
1853
1863
1867
1874
1902
1923
1940
1949
1947
1933
1935
1932
1927
1910
1894
1891
1883
1893
1878
1869
1858
1854
1844
1855
1863
1888
1907
1936
1960
1977
1973
1972
1960
1956
1951
1932
1908
1882
1879
1878
1877
1867
1877
1877
1870
1857
1844
1831
1836
1827
1820
1811
1807
1826
1862
1893
1926
1947
1974
1983
1997
1999
1988
1989
1994
1997
1988
1979
1975
1977
1980
1997
1998
2019
2027
2038
2015
1992
2000
2006
1993
1993
1979
1953
1948
1940
1947
1949
1962
1972
1972
1970
1972
1985
1995
1999
1994
1991
2016
2020
2033
2039
2039
2036
2028
2029
2039
2036
2039
2055
2068
2090
2109
2127
2137
2126
2105
2088
2087
2088
2067
2063
2063
2073
2093
2107
2123
2142
2164
2165
2167
2163
2170
2176
2173
2169
2170
2164
2166
2164
2177
2188
2204
2228
2242
2253
2261
2262
2277
2287
2294
2312
2321
2310
2312
2315
2328
2327
2306
2308
2315
2329
2327
2335
2334
2326
2325
2308
2285
2260
2254
2225
2207
2191
2174
2170
2176
2187
2195
2212
2234
2266
2275
2279
2281
2277
2279
2271
2271
2268
2270
2271
2268
2257
2254
2252
2233
2247
2244
2239
2258
2259
2255
2242
2226
2228
2228
2230
2220
2198
2178
2166
2160
2161
2162
2155
2177
2199
2218
2223
2248
2255
2265
2276
2285
2288
2275
2276
2257
2248
2236
2215
2204
2197
2193
2181
2172
2174
2184
2183
2210
2222
2233
2234
2246
2245
2252
2274
2304
2313
2318
2312
2315
2301
2298
2302
2315
2303
2295
2290
2276
2295
2301
2300
2302
2304
2300
2294
2293
2288
2284
2280
2280
2295
2294
2302
2308
2309
2313
2313
2321
2325
2319
2322
2313
2330
2338
2322
2328
2340
2351
2354
2355
2351
2361
2360
2368
2378
2390
2392
2385
2392
2387
2389
2382
2385
2390
2388
2375
2385
2375
2379
2384
2381
2374
2363
2353
2339
2330
2326
2324
2315
2294
2300
2300
2303
2344
2332
2338
2353
2358
2338
2315
2304
2291
2304
2303
2295
2281
2268
2268
2278
2283
2286
2286
2283
2288
2274
2268
2254
2252
2244
2219
2213
2212
2204
2211
2213
2222
2246
2250
2252
2246
2258
2247
2234
2233
2214
2220
2232
2238
2239
2246
2239
2240
2239
2251
2262
2281
2282
2274
2276
2284
2289
2288
2292
2284
2268
2255
2241
2219
2221
2205
2195
2186
2176
2171
2163
2138
2125
2107
2101
2092
2098
2100
2108
2111
2117
2127
2141
2148
2151
2163
2182
2193
2200
2213
2207
2201
2186
2183
2158
2130
2114
2091
2069
2072
2064
2053
2042
2056
2057
2063
2061
2058
2047
2018
2002
1985
1968
1955
1951
1947
1949
1935
1946
1941
1954
1968
1985
2006
2024
2038
2043
2043
2028
2015
1989
1968
1956
1943
1942
1947
1942
1950
1940
1944
1950
1952
1931
1913
1897
1893
1870
1851
1851
1883
1893
1901
1904
1913
1919
1905
1887
1875
1875
1867
1860
1852
1842
1820
1815
1803
1803
1785
1777
1780
1766
1755
1758
1786
1806
1827
1855
1880
1917
1926
1915
1918
1903
1888
1874
1871
1870
1871
1859
1861
1883
1896
1911
1924
1936
1951
1957
1923
1904
1881
1842
1805
1770
1745
1729
1717
1711
1725
1725
1728
1737
1746
1743
1746
1741
1734
1741
1757
1784
1805
1807
1824
1847
1865
1891
1903
1913
1918
1921
1931
1939
1939
1916
1905
1889
1895
1899
1933
1932
1936
1932
1937
1950
1950
1961
1982
1983
2002
2008
2021
2023
2035
2013
2018
2016
1999
1983
1983
1994
1997
2005
2017
2033
2051
2056
2054
2060
2082
2087
2089
2099
2104
2123
2115
2115
2097
2096
2118
2136
2127
2138
2134
2135
2115
2117
2117
2121
2107
2107
2101
2111
2123
2115
2130
2131
2131
2128
2133
2134
2137
2128
2132
2131
2125
2088
2080
2080
2078
2080
2081
2073
2067
2054
2039
2028
2013
2008
2017
2031
2043
2071
2082
2087
2090
2087
2080
2085
2084
2104
2100
2100
2101
2116
2134
2145
2132
2116
2112
2099
2099
2099
2098
2111
2122
2129
2127
2124
2122
2111
2091
2093
2088
2087
2082
2071
2050
2033
2024
2027
2017
2037
2058
2080
2105
2130
2142
2153
2165
2174
2186
2179
2170
2164
2178
2173
2163
2162
2153
2161
2156
2154
2151
2141
2123
2114
2103
2099
2100
2097
2095
2097
2098
2105
2116
2116
2125
2122
2120
2102
2094
2083
2079
2077
2074
2073
2099
2105
2110
2116
2142
2149
2151
2150
2143
2149
2147
2125
2111
2104
2111
2121
2136
2138
2143
2162
2182
2206
2206
2220
2212
2210
2197
2198
2192
2190
2189
2186
2193
2206
2206
2215
2234
2241
2249
2257
2252
2255
2266
2259
2258
2266
2260
2250
2232
2205
2206
2196
2194
2183
2170
2146
2162
2168
2171
2174
2182
2186
2203
2209
2229
2253
2260
2267
2252
2235
2234
2234
2213
2200
2192
2195
2191
2184
2180
2195
2181
2175
2170
2142
2124
2109
2085
2062
2062
2063
2074
2081
2082
2082
2085
2089
2131
2139
2155
2171
2184
2191
2198
2196
2191
2178
2185
2184
2179
2178
2173
2178
2183
2194
2188
2199
2204
2206
2201
2199
2213
2234
2240
2241
2228
2232
2217
2219
2230
2226
2236
2231
2223
2203
2193
2179
2151
2133
2127
2127
2123
2114
2122
2121
2126
2125
2116
2116
2121
2126
2127
2144
2179
2199
2211
2217
2231
2238
2229
2229
2212
2192
2171
2162
2152
2134
2118
2100
2104
2110
2114
2104
2111
2136
2147
2156
2160
2161
2156
2150
2151
2163
2166
2172
2183
2195
2207
2212
2209
2195
2180
2167
2135
2112
2095
2078
2079
2066
2055
2051
2045
2043
2040
2045
2055
2048
2063
2071
2074
2067
2063
2040
2023
1999
1989
1966
1954
1948
1934
1938
1968
1983
2005
2043
2087
2102
2108
2119
2138
2151
2149
2141
2130
2132
2123
2110
2108
2119
2122
2122
2121
2118
2127
2122
2112
2104
2101
2089
2096
2088
2080
2064
2071
2074
2089
2081
2076
2072
2060
2063
2069
2069
2065
2066
2063
2047
2026
2021
2001
1983
1983
1993
2028
2056
2072
2099
2110
2125
2129
2111
2068
2036
2018
2002
1986
1963
1949
1934
1920
1912
1898
1912
1927
1933
1949
1975
1997
2022
2038
2061
2096
2124
2132
2127
2114
2113
2116
2101
2093
2089
2093
2093
2088
2083
2085
2095
2099
2125
2144
2167
2182
2195
2188
2193
2187
2171
2156
2134
2116
2111
2101
2085
2084
2086
2092
2098
2130
2150
2166
2170
2176
2175
2179
2177
2175
2180
2188
2201
2201
2176
2168
2171
2188
2181
2177
2186
2185
2186
2185
2179
2177
2193
2188
2186
2194
2189
2180
2181
2181
2172
2181
2184
2192
2189
2190
2182
2179
2183
2180
2166
2158
2151
2146
2145
2140
2151
2158
2161
2171
2152
2137
2134
2112
2099
2092
2109
2114
2118
2131
2138
2130
2127
2126
2120
2126
2129
2117
2128
2150
2154
2149
2155
2152
2150
2146
2153
2156
2152
2140
2132
2122
2115
2091
2089
2073
2082
2083
2082
2091
2095
2108
2123
2134
2133
2125
2111
2096
2075
2035
1992
1957
1949
1943
1939
1939
1938
1932
1947
1968
1992
2019
2042
2053
2055
2072
2065
2081
2081
2093
2082
2080
2084
2070
2063
2052
2054
2045
2053
2056
2057
2040
2024
2002
2000
1978
1951
1917
1909
1905
1906
1882
1866
1856
1851
1858
1849
1831
1834
1832
1832
1835
1838
1843
1833
1826
1824
1827
1813
1796
1788
1770
1766
1757
1735
1735
1739
1744
1730
1727
1732
1734
1739
1754
1775
1783
1796
1811
1823
1825
1825
1827
1841
1824
1817
1813
1819
1803
1800
1779
1757
1771
1763
1759
1764
1795
1827
1870
1893
1906
1910
1910
1892
1865
1850
1852
1845
1838
1834
1848
1860
1881
1903
1918
1914
1893
1871
1845
1809
1778
1783
1792
1800
1773
1771
1760
1759
1759
1747
1748
1746
1745
1743
1748
1748
1759
1788
1801
1811
1826
1829
1833
1837
1835
1838
1837
1856
1856
1859
1867
1893
1909
1931
1935
1932
1937
1937
1930
1935
1928
1925
1912
1898
1890
1895
1889
1880
1877
1858
1838
1826
1818
1807
1809
1806
1800
1816
1808
1807
1818
1831
1850
1865
1851
1858
1882
1921
1931
1944
1971
1992
2008
2017
2017
2016
2005
2003
2002
1982
1954
1914
1884
1882
1885
1874
1892
1904
1893
1883
1899
1901
1908
1894
1893
1892
1897
1899
1906
1924
1944
1953
1976
1994
2002
2006
2004
1994
1988
1992
1979
1989
1974
1956
1931
1929
1917
1911
1918
1915
1907
1909
1913
1900
1905
1924
1930
1946
1954
1948
1953
1955
1951
1935
1923
1912
1911
1906
1912
1910
1917
1929
1926
1920
1899
1884
1863
1864
1867
1875
1898
1927
1958
1978
1979
1967
1938
1929
1919
1903
1898
1897
1896
1898
1915
1927
1943
1964
1983
2005
2015
2005
1996
1984
1971
1950
1929
1928
1930
1927
1912
1906
1905
1914
1926
1941
1955
1969
1986
1987
1979
1975
1970
1979
2000
2011
2000
1984
1985
1997
1993
1978
1970
1941
1931
1924
1910
1901
1903
1905
1918
1931
1939
1956
1961
1944
1944
1952
1951
1954
1958
1959
1965
1963
1976
1999
2017
2020
2026
2022
2030
2044
2052
2073
2053
2036
1997
1980
1984
1987
1983
1985
2005
2032
2058
2089
2110
2117
2132
2136
2136
2128
2130
2114
2102
2091
2085
2083
2106
2134
2155
2159
2159
2167
2176
2184
2199
2207
2203
2204
2215
2230
2240
2255
2247
2242
2235
2241
2242
2237
2227
2232
2226
2225
2245
2240
2247
2257
2254
2263
2253
2261
2276
2256
2257
2255
2257
2264
2270
2275
2286
2299
2292
2282
2301
2300
2311
2329
2310
2311
2314
2307
2305
2309
2305
2306
2298
2308
2310
2313
2318
2320
2320
2333
2332
2325
2320
2324
2316
2297
2292
2299
2291
2297
2317
2315
2321
2323
2347
2356
2360
2359
2376
2368
2368
2356
2339
2335
2324
2302
2299
2308
2299
2288
2280
2270
2255
2235
2223
2201
2209
2213
2212
2211
2207
2204
2199
2205
2204
2209
2207
2206
2202
2210
2211
2220
2233
2238
2228
2204
2189
2185
2176
2156
2142
2139
2141
2161
2163
2162
2178
2181
2197
2206
2200
2202
2198
2199
2205
2195
2198
2203
2201
2190
2195
2202
2220
2220
2236
2240
2251
2258
2246
2238
2221
2199
2181
2160
2133
2108
2088
2077
2069
2076
2082
2091
2114
2116
2123
2141
2147
2144
2142
2167
2171
2186
2204
2215
2233
2221
2214
2215
2197
2189
2160
2132
2116
2103
2101
2109
2109
2106
2100
2079
2080
2072
2079
2077
2080
2072
2074
2063
2056
2052
2044
2034
2036
2036
2025
2026
2011
2007
1994
1974
1947
1929
1897
1877
1826
1816
1793
1780
1792
1803
1830
1853
1880
1897
1909
1917
1928
1926
1940
1932
1873
1847
1830
1827
1839
1842
1821
1809
1795
1784
1765
1752
1753
1766
1793
1796
1806
1797
1797
1816
1849
1864
1872
1883
1899
1905
1914
1899
1900
1887
1891
1901
1902
1903
1913
1927
1946
1943
1940
1934
1935
1940
1935
1931
1920
1918
1915
1891
1876
1873
1877
1865
1846
1843
1848
1866
1875
1893
1894
1901
1912
1917
1907
1891
1896
1889
1883
1890
1867
1851
1846
1839
1821
1800
1807
1807
1800
1813
1820
1822
1830
1835
1825
1811
1808
1802
1813
1827
1840
1859
1885
1913
1943
1958
1967
1981
1987
1980
1975
1972
1958
1943
1914
1905
1906
1906
1903
1901
1913
1909
1917
1925
1925
1925
1926
1922
1930
1911
1902
1898
1893
1899
1911
1914
1921
1937
1957
1966
1991
1983
1996
1982
1979
1971
1961
1957
1951
1926
1904
1905
1924
1927
1937
1936
1943
1949
1948
1935
1911
1897
1882
1866
1859
1865
1865
1875
1879
1883
1885
1883
1893
1901
1915
1928
1940
1944
1967
1963
1949
1939
1921
1884
1856
1826
1791
1761
1749
1730
1727
1721
1717
1719
1739
1762
1784
1806
1823
1841
1855
1864
1869
1876
1879
1885
1893
1891
1907
1931
1936
1950
1955
1957
1940
1936
1920
1923
1925
1926
1936
1945
1961
1967
1969
1977
2006
2017
2027
2035
2032
2037
2052
2051
2056
2057
2048
2020
1994
1988
1990
1994
2021
1999
1999
2006
2011
2018
2010
2019
2016
2028
2043
2035
2024
2002
1987
1968
1967
1981
1996
2016
2021
2023
2035
2036
2046
2056
2067
2057
2042
2033
2036
2051
2043
2049
2051
2054
2055
2049
2035
2022
2009
2011
1989
1983
1990
1995
2031
2039
2049
2053
2077
2097
2100
2102
2123
2139
2138
2147
2162
2145
2147
2136
2118
2093
2082
2076
2079
2068
2042
2025
2011
2002
1991
1978
1976
1968
1968
1978
1984
1990
1997
2003
2013
2011
2006
2023
2029
2047
2057
2080
2108
2127
2140
2147
2145
2148
2139
2135
2154
2144
2130
2131
2108
2096
2093
2082
2082
2059
2065
2056
2075
2083
2098
2117
2132
2137
2149
2150
2160
2154
2140
2144
2160
2168
2158
2154
2149
2142
2121
2113
2119
2128
2122
2124
2133
2157
2170
2174
2165
2162
2160
2139
2129
2125
2130
2128
2138
2145
2150
2139
2133
2122
2134
2146
2151
2146
2153
2153
2172
2181
2196
2214
2224
2218
2214
2218
2218
2220
2208
2198
2197
2194
2185
2166
2151
2142
2118
2119
2110
2125
2136
2141
2145
2158
2165
2179
2192
2204
2210
2226
2228
2231
2225
2207
2198
2169
2146
2116
2091
2073
2062
2058
2066
2086
2092
2098
2107
2126
2112
2095
2084
2077
2063
2060
2072
2082
2091
2095
2099
2112
2142
2163
2179
2186
2175
2173
2148
2125
2102
2102
2098
2091
2082
2084
2085
2088
2098
2101
2117
2118
2105
2115
2110
2109
2106
2114
2118
2135
2147
2176
2181
2186
2195
2199
2220
2218
2203
2191
2195
2197
2195
2193
2199
2204
2211
2221
2236
2252
2261
2255
2270
2268
2272
2270
2272
2276
2277
2271
2284
2291
2278
2268
2267
2254
2224
2203
2183
2193
2193
2206
2215
2223
2212
2217
2202
2193
2178
2158
2138
2125
2115
2108
2127
2144
2155
2153
2166
2166
2175
2189
2213
2236
2256
2253
2260
2243
2239
2238
2234
2233
2232
2227
2220
2226
2222
2214
2215
2218
2206
2227
2240
2252
2240
2249
2249
2257
2251
2254
2239
2253
2256
2259
2254
2241
2228
2221
2227
2229
2219
2201
2196
2211
2211
2208
2200
2207
2222
2230
2232
2223
2226
2209
2196
2190
2187
2179
2174
2187
2187
2199
2205
2221
2223
2234
2239
2243
2239
2241
2242
2247
2249
2253
2235
2238
2222
2217
2201
2198
2188
2186
2182
2206
2223
2231
2243
2251
2251
2251
2255
2259
2250
2248
2271
2280
2297
2309
2316
2313
2308
2313
2308
2303
2312
2305
2312
2313
2323
2325
2329
2326
2327
2332
2327
2315
2299
2287
2297
2287
2273
2268
2266
2250
2249
2252
2245
2237
2225
2228
2226
2246
2248
2263
2278
2274
2290
2317
2311
2306
2307
2303
2293
2291
2281
2282
2266
2274
2266
2256
2259
2271
2271
2258
2256
2246
2248
2254
2265
2254
2250
2260
2279
2278
2294
2306
2316
2311
2299
2298
2305
2313
2318
2322
2316
2322
2314
2305
2296
2296
2291
2294
2287
2292
2294
2300
2303
2313
2303
2305
2297
2300
2303
2299
2292
2300
2303
2303
2320
2313
2312
2299
2294
2295
2305
2292
2303
2311
2315
2316
2322
2314
2310
2317
2306
2305
2299
2305
2306
2308
2308
2307
2311
2316
2314
2294
2265
2239
2212
2197
2184
2185
2181
2182
2205
2209
2205
2203
2206
2198
2186
2181
2160
2155
2144
2136
2131
2131
2139
2136
2141
2140
2131
2134
2131
2155
2149
2142
2142
2137
2120
2111
2096
2086
2063
2045
2044
2054
2058
2071
2055
2028
2006
1988
1952
1949
1946
1942
1937
1936
1939
1939
1930
1941
1948
1950
1936
1925
1909
1904
1893
1878
1860
1853
1839
1834
1823
1798
1798
1791
1772
1767
1773
1785
1791
1803
1797
1802
1809
1817
1815
1805
1786
1771
1766
1738
1733
1737
1744
1738
1750
1771
1782
1799
1809
1823
1842
1858
1863
1872
1858
1863
1850
1855
1864
1876
1888
1904
1912
1934
1940
1948
1957
1971
1981
1988
1980
1965
1965
1956
1939
1930
1925
1913
1916
1912
1937
1963
1985
1993
2008
1998
1997
1984
1982
1979
1981
1976
1986
1990
2010
2019
2027
2025
2024
2037
2046
2050
2048
2040
2032
2026
2010
2005
2003
2005
2003
1982
1945
1916
1897
1883
1845
1819
1824
1827
1846
1871
1880
1886
1910
1938
1954
1942
1946
1947
1947
1935
1931
1914
1902
1882
1860
1839
1811
1783
1757
1753
1767
1785
1797
1798
1798
1798
1782
1789
1783
1793
1791
1791
1791
1803
1818
1839
1881
1904
1913
1933
1962
1973
1958
1957
1957
1956
1949
1949
1955
1968
1984
1991
2003
2000
1984
1966
1954
1948
1943
1947
1975
1984
1990
1985
2004
2015
2032
2040
2058
2074
2080
2083
2086
2084
2063
2039
2010
1999
1990
1977
1971
1964
1950
1940
1956
1962
1967
1983
1992
2003
2006
2008
2007
1976
1947
1925
1908
1889
1865
1861
1837
1834
1812
1800
1817
1835
1845
1855
1849
1847
1831
1820
1782
1733
1696
1671
1651
1657
1667
1692
1723
1746
1777
1813
1854
1875
1895
1907
1927
1915
1924
1924
1939
1939
1941
1961
1959
1961
1946
1934
1887
1867
1844
1833
1817
1811
1792
1763
1700
1695
1695
1700
1713
1725
1722
1720
1711
1697
1697
1704
1722
1749
1774
1795
1821
1831
1853
1886
1900
1897
1912
1912
1888
1900
1891
1895
1884
1863
1861
1863
1864
1863
1862
1881
1899
1902
1900
1901
1909
1925
1914
1912
1896
1894
1899
1909
1895
1879
1853
1831
1819
1819
1827
1839
1864
1883
1907
1934
1967
1980
2006
2016
2030
2019
2019
2007
1990
1977
1954
1934
1912
1895
1885
1879
1873
1865
1866
1863
1859
1841
1834
1839
1833
1838
1849
1874
1878
1888
1886
1895
1903
1920
1926
1935
1943
1950
1962
1977
1985
1983
1984
1960
1944
1911
1883
1860
1846
1834
1836
1853
1887
1918
1949
1965
1980
1991
1999
1994
1992
1988
1969
1970
1964
1961
1958
1951
1977
1979
1988
1997
1991
1995
2003
2003
2003
2011
2018
2027
2033
2052
2055
2051
2063
2087
2091
2115
2103
2108
2103
2096
2076
2055
2028
2018
1990
1987
1993
2014
2023
2035
2053
2082
2095
2099
2100
2088
2073
2046
2028
1994
1976
1941
1927
1917
1935
1938
1949
1960
1959
1950
1961
1959
1945
1930
1931
1948
1954
1979
2002
2019
2035
2050
2040
2030
2009
1990
1970
1968
1976
1992
2011
2037
2064
2083
2100
2106
2107
2102
2101
2079
2077
2085
2096
2094
2097
2092
2098
2099
2087
2084
2088
2113
2109
2111
2118
2117
2127
2146
2153
2157
2162
2172
2188
2186
2192
2199
2208
2217
2224
2232
2221
2220
2225
2237
2226
2220
2198
2191
2178
2166
2183
2192
2191
2190
2204
2222
2231
2227
2222
2202
2189
2193
2201
2191
2186
2185
2183
2187
2185
2178
2182
2188
2187
2183
2168
2158
2154
2141
2126
2126
2127
2136
2144
2151
2166
2165
2165
2152
2135
2122
2108
2107
2094
2084
2080
2095
2099
2098
2110
2131
2146
2151
2137
2134
2119
2108
2085
2069
2041
2030
2011
2008
2012
2023
2037
2041
2047
2053
2057
2054
2046
2048
2058
2057
2035
2019
2035
2032
2030
2031
2049
2065
2071
2065
2071
2083
2089
2098
2117
2120
2110
2087
2056
2018
2002
1990
1966
1951
1942
1934
1917
1931
1930
1947
1957
1959
1967
1981
2000
2016
2020
2022
2028
2040
2028
2016
1996
1976
1970
1970
1969
1954
1943
1925
1918
1903
1854
1838
1818
1821
1811
1814
1828
1846
1851
1856
1867
1861
1858
1861
1866
1864
1866
1872
1879
1879
1879
1886
1900
1909
1921
1927
1921
1920
1923
1917
1916
1922
1937
1962
1971
1996
2009
2014
2013
2010
2007
2007
2019
2029
2036
2057
2076
2077
2080
2090
2062
2048
2049
2039
2042
2048
2057
2061
2068
2078
2088
2103
2111
2109
2114
2122
2140
2144
2154
2149
2143
2135
2121
2119
2124
2142
2133
2118
2115
2102
2087
2085
2081
2076
2067
2070
2075
2069
2083
2093
2087
2065
2060
2060
2059
2067
2051
2044
2041
2043
2054
2061
2085
2091
2097
2134
2160
2164
2166
2169
2174
2170
2158
2142
2119
2099
2071
2048
2045
2053
2044
2042
2048
2050
2036
2013
2007
2017
2026
2047
2061
2060
2080
2093
2134
2132
2128
2133
2142
2145
2162
2155
2144
2135
2117
2111
2110
2103
2099
2103
2096
2098
2091
2098
2090
2103
2105
2106
2100
2107
2086
2077
2064
2054
2045
2041
2032
2020
2010
2017
2013
2009
2010
2005
2009
1999
2001
1983
1994
1983
1977
1956
1945
1934
1927
1913
1932
1935
1938
1941
1943
1956
1964
1964
1975
1985
1977
1971
1967
1984
1968
1950
1925
1909
1894
1910
1911
1904
1878
1867
1851
1841
1841
1839
1841
1826
1820
1824
1851
1848
1856
1860
1857
1858
1851
1844
1840
1842
1853
1852
1853
1855
1871
1867
1861
1858
1858
1851
1865
1875
1888
1901
1908
1925
1937
1941
1952
1970
1986
1992
1982
1987
1995
1996
2003
1989
1986
1972
1962
1946
1917
1897
1867
1862
1851
1843
1848
1834
1839
1839
1854
1866
1891
1905
1923
1923
1915
1915
1923
1922
1922
1934
1946
1955
1945
1941
1946
1938
1929
1905
1881
1848
1824
1804
1801
1796
1794
1794
1790
1783
1786
1776
1785
1782
1778
1766
1760
1753
1741
1734
1737
1743
1743
1735
1734
1747
1763
1760
1746
1746
1749
1752
1745
1738
1741
1736
1732
1725
1721
1713
1711
1689
1663
1647
1628
1621
1622
1617
1625
1611
1603
1583
1566
1543
1523
1499
1497
1491
1496
1499
1516
1531
1541
1554
1564
1579
1607
1635
1658
1693
1704
1723
1731
1755
1768
1774
1771
1780
1773
1762
1764
1770
1767
1735
1709
1684
1664
1660
1633
1611
1576
1528
1522
1491
1493
1493
1498
1496
1501
1511
1538
1561
1598
1642
1674
1696
1703
1694
1685
1689
1692
1685
1684
1693
1717
1754
1801
1833
1857
1888
1907
1937
1938
1959
1982
1993
2005
2001
1987
1980
1969
1963
1957
1970
1989
2000
2018
2024
2021
2011
1996
1985
1972
1949
1944
1936
1925
1939
1956
1947
1956
1975
1983
1994
2011
2012
2029
2031
2057
2070
2083
2086
2081
2086
2088
2082
2076
2079
2056
2059
2066
2066
2038
2019
2019
2027
2023
2022
2018
2027
2040
2033
2041
2032
2032
2043
2050
2045
2035
2014
2021
2032
2048
2058
2059
2054
2066
2055
2049
2050
2050
2053
2045
2048
2033
2028
2022
2010
1987
1966
1949
1945
1957
1949
1961
1964
1981
2002
2022
2044
2063
2086
2082
2100
2103
2104
2099
2101
2107
2091
2069
2061
2072
2091
2091
2099
2092
2104
2098
2103
2101
2099
2107
2108
2098
2099
2099
2099
2102
2101
2121
2114
2096
2079
2078
2073
2083
2072
2065
2060
2056
2069
2061
2062
2073
2073
2074
2078
2064
2060
2051
2055
2051
2044
2032
2037
2039
2058
2078
2093
2112
2135
2140
2162
2175
2181
2169
2171
2171
2185
2194
2202
2206
2188
2184
2167
2156
2141
2139
2117
2120
2119
2113
2115
2125
2126
2129
2125
2129
2123
2125
2123
2137
2153
2158
2167
2165
2171
2156
2167
2162
2171
2179
2197
2201
2192
2181
2164
2143
2130
2113
2080
2082
2086
2073
2046
2035
2019
2020
2016
1998
1996
2003
1999
1995
2006
2019
2024
2043
2071
2095
2112
2113
2109
2098
2084
2064
2057
2043
2036
2016
2007
2010
2009
2012
2010
2002
2002
1999
1988
1971
1958
1963
1984
1992
1982
1990
1994
1990
1994
1997
2010
2010
2012
2005
2023
2027
2038
2066
2072
2087
2102
2107
2108
2112
2104
2091
2069
2047
2031
2031
2036
2036
2042
2087
2102
2130
2152
2156
2157
2155
2163
2169
2165
2154
2145
2146
2137
2119
2121
2117
2124
2117
2123
2130
2143
2120
2113
2101
2107
2108
2102
2095
2108
2106
2101
2096
2094
2097
2104
2107
2100
2099
2100
2095
2092
2101
2114
2133
2141
2158
2159
2171
2172
2172
2167
2157
2151
2127
2117
2095
2089
2077
2071
2072
2071
2074
2096
2113
2133
2145
2162
2167
2185
2196
2218
2239
2248
2247
2251
2248
2246
2240
2230
2220
2208
2194
2190
2199
2205
2216
2227
2229
2227
2226
2219
2224
2214
2202
2195
2181
2170
2169
2165
2170
2165
2164
2160
2173
2187
2205
2216
2218
2229
2220
2216
2212
2210
2214
2232
2222
2227
2219
2203
2184
2167
2137
2125
2118
2123
2108
2107
2109
2109
2103
2100
2095
2091
2078
2071
2076
2080
2080
2080
2077
2066
2065
2057
2058
2055
2054
2063
2069
2081
2088
2094
2097
2102
2105
2119
2135
2129
2134
2133
2117
2095
2091
2072
2064
2037
2012
1997
1992
1991
1980
1975
1982
1982
1995
2006
2005
2015
2013
2029
2039
2039
2039
2042
2032
2019
2015
2015
2028
2036
2039
2046
2076
2080
2081
2094
2111
2130
2134
2128
2131
2144
2128
2119
2123
2115
2107
2090
2091
2111
2121
2126
2122
2137
2131
2119
2112
2124
2122
2131
2124
2132
2139
2155
2151
2144
2140
2143
2136
2151
2145
2160
2163
2154
2149
2142
2139
2139
2132
2115
2105
2091
2083
2081
2088
2073
2070
2071
2081
2077
2087
2074
2089
2080
2088
2086
2077
2061
2032
2026
2027
2007
2000
1996
2012
2018
2023
2027
2028
2032
2045
2067
2078
2095
2106
2106
2086
2091
2074
2059
2037
2025
2007
2007
2007
2016
2015
2019
2019
2018
2021
2016
2000
1983
1984
1985
1975
1979
1973
1977
1984
1995
2014
2031
2052
2082
2088
2098
2112
2124
2103
2075
2068
2061
2024
2002
1976
1952
1934
1924
1919
1925
1936
1949
1974
2004
2031
2059
2093
2117
2124
2135
2140
2147
2156
2146
2134
2114
2105
2092
2090
2089
2075
2070
2092
2088
2104
2114
2130
2129
2129
2135
2143
2155
2156
2160
2152
2169
2181
2184
2195
2198
2196
2206
2184
2170
2144
2117
2100
2082
2078
2079
2089
2105
2123
2139
2150
2176
2185
2205
2194
2210
2224
2234
2223
2231
2243
2248
2258
2250
2234
2221
2198
2208
2209
2209
2198
2186
2185
2193
2210
2218
2236
2238
2245
2243
2273
2261
2254
2254
2255
2250
2245
2236
2237
2233
2224
2222
2222
2231
2222
2228
2240
2240
2230
2228
2205
2194
2171
2155
2135
2122
2102
2092
2073
2058
2050
2032
2019
2008
2010
2014
2013
1974
1950
1936
1912
1887
1865
1821
1800
1767
1743
1723
1703
1693
1673
1662
1660
1665
1666
1671
1701
1722
1747
1761
1759
1756
1750
1751
1751
1762
1785
1814
1827
1850
1870
1877
1895
1895
1889
1890
1887
1884
1877
1860
1836
1823
1820
1824
1841
1852
1859
1862
1873
1869
1848
1843
1857
1871
1883
1876
1866
1869
1876
1879
1883
1896
1908
1930
1947
1959
1971
1974
1981
1985
1986
1979
1979
1973
1964
1949
1936
1910
1890
1887
1870
1856
1838
1839
1827
1834
1829
1847
1856
1855
1836
1825
1829
1822
1825
1819
1822
1803
1791
1785
1767
1761
1767
1769
1757
1761
1766
1764
1762
1771
1781
1792
1800
1785
1770
1749
1738
1729
1727
1739
1730
1730
1749
1770
1771
1770
1755
1746
1751
1741
1740
1760
1762
1771
1794
1826
1853
1880
1908
1903
1903
1892
1862
1860
1843
1836
1837
1823
1822
1838
1836
1839
1848
1840
1842
1833
1821
1803
1785
1757
1737
1711
1689
1691
1697
1713
1721
1738
1763
1782
1797
1813
1810
1818
1815
1816
1804
1791
1795
1797
1794
1808
1822
1836
1857
1882
1930
1963
1972
1979
1996
1993
1993
1992
1991
1994
2013
2016
2036
2054
2083
2099
2129
5835
2170
2183
2190
2183
2192
2211
2216
2210
2222
2219
2214
2198
2205
2214
2234
2246
2266
2267
2263
2222
2181
2143
2132
2101
2087
2067
2048
2035
2046
2066
2102
2155
2203
2216
2200
2190
2184
2207
2232
2269
2269
2242
2176
2123
2066
2035
1997
1997
2012
2072
2134
2193
2259
2341
2388
2420
2391
2306
2226
2149
2083
2035
1983
1958
1963
1989
2055
2120
2205
2272
2329
2365
2356
2320
2287
2239
2212
2171
2139
2106
2093
2105
2179
2235
2292
2345
2384
2398
2407
2399
2360
2339
2324
2285
2226
2164
2095
2033
1995
2005
2043
2076
2099
2130
2134
2140
2166
2217
2228
2219
2226
2238
2249
2269
2273
2285
2274
2278
2279
2266
2249
2241
2214
2179
2101
2039
1980
1968
1957
1968
1943
1926
1923
1956
2006
2034
2046
2051
2072
2083
2096
2123
2138
2156
2151
2162
2196
2259
2323
2355
2396
2402
2439
2443
2422
2378
2355
2319
2287
2263
2233
2222
2219
2196
2213
2254
2290
2290
2279
2250
2229
2206
2205
2210
2223
2226
2228
2215
2192
2178
2158
2162
2188
2222
2240
2252
2271
2313
2308
2328
2335
2349
2337
2332
2318
2292
2243
2212
2191
2192
2192
2214
2233
2229
2252
2299
2343
2379
2400
2370
2297
2246
2197
2133
2082
2041
2038
2004
2002
2012
2002
1976
1943
1915
1918
1914
1944
1973
1973
1956
1950
1983
2024
2053
2086
2123
2167
2220
2265
2300
2279
2237
2190
2164
2135
2108
2065
2015
1985
1993
2055
2095
2113
2131
2161
2184
2187
2184
2186
2193
2193
2208
2211
2207
2202
2198
2190
2193
2168
2145
2116
2104
2088
2095
2126
2141
2150
2143
2121
2089
2043
1990
1935
1927
1944
1962
1984
2023
2048
2074
2095
2065
2043
2018
2016
2022
2031
2041
2056
2078
2096
2110
2123
2138
2158
2171
2195
2205
2180
2097
2001
1917
1859
1837
1843
1834
1850
1892
1961
2036
2081
2090
2053
1993
1952
1915
1898
1896
1900
1922
1942
2008
2085
2178
2249
2290
2311
2334
2319
2301
2246
2213
2160
2144
2134
2121
2110
2092
2078
2090
2122
2158
2202
2242
2280
2304
2332
2339
2346
2314
2283
2233
2203
2187
2194
2206
2230
2240
2263
2279
2318
2348
2370
2384
2387
2370
2363
2374
2377
2370
2372
2394
2402
2404
2381
2380
2406
2423
2397
2388
2363
2350
2316
2294
2266
2265
2267
2295
2303
2285
2272
2267
2274
2276
2280
2279
2295
2336
2355
2356
2358
2367
2364
2351
2360
2344
2355
2346
2350
2324
2296
2279
2297
2315
2348
2397
2440
2475
2494
2506
2509
2520
2536
2560
2584
2600
2591
2605
2618
2630
2648
2650
2634
2571
2506
2446
2409
2388
2367
2343
2348
2376
2405
2450
2506
2569
2627
2654
2658
2654
2650
2649
2642
2622
2587
2549
2503
2458
2427
2388
2352
2315
2256
2207
2155
2121
2102
2083
2082
2102
2164
2231
2295
2336
2379
2412
2449
2458
2486
2506
2532
2513
2493
2460
2442
2413
2389
2382
2391
2407
2459
2498
2528
2533
2534
2527
2546
2550
2542
2532
2511
2482
2459
2446
2457
2462
2450
2458
2440
2443
2418
2401
2382
2370
2322
2300
2286
2279
2283
2290
2312
2311
2268
2223
2186
2152
2127
2107
2093
2077
2075
2059
2020
1980
1934
1925
1940
1944
1996
2039
2112
2168
2236
2258
2283
2277
2276
2256
2263
2273
2316
2325
2334
2323
2321
2317
2298
2268
2254
2246
2233
2228
2230
2253
2250
2263
2265
2285
2297
2282
2244
2227
2222
2239
2239
2236
2246
2293
2325
2353
2362
2347
2337
2350
2358
2366
2380
2403
2434
2439
2434
2434
2468
2471
2450
2407
2366
2323
2290
2243
2204
2183
2182
2199
2263
2295
2335
2350
2342
2324
2298
2263
2250
2250
2255
2259
2276
2310
2345
2395
2416
2429
2424
2432
2454
2477
2491
2502
2502
2494
2491
2468
2450
2451
2440
2430
2405
2383
2355
2322
2299
2312
2325
2343
2374
2383
2376
2374
2341
2310
2263
2219
2196
2203
2210
2222
2245
2253
2250
2269
2273
2281
2283
2278
2285
2269
2263
2265
2294
2313
2314
2290
2279
2271
2278
2267
2256
2232
2214
2200
2180
2148
2116
2069
2042
2027
2021
2011
2013
2016
2014
2031
2048
2074
2099
2114
2147
2197
2220
2241
2248
2226
2193
2195
2194
2185
2155
2141
2131
2140
2120
2091
2075
2075
2087
2118
2126
2118
2135
2162
2217
2225
2253
2252
2273
2295
2319
2346
2400
2408
2426
2413
2407
2406
2430
2416
2406
2381
2334
2302
2258
2219
2159
2133
2103
2108
2112
2170
2213
2273
2275
2279
2247
2210
2167
2127
2064
2009
1999
2019
2045
2030
1991
1931
1902
1875
1858
1851
1890
1930
1977
2005
2049
2085
2122
2121
2132
2127
2142
2160
2210
2256
2303
2318
2301
2279
2216
2148
2073
2009
1951
1941
1955
1987
2022
2088
2137
2177
2207
2239
2281
2302
2348
2389
2389
2352
2282
2204
2130
2081
2051
2061
2088
2116
2146
2155
2141
2144
2115
2108
2096
2106
2122
2157
2198
2199
2151
2099
2068
2056
2061
2078
2086
2058
2029
2014
2016
1987
1957
1913
1853
1791
1746
1715
1685
1679
1690
1734
1824
1907
2015
2084
2113
2139
2173
2223
2240
2228
2193
2155
2105
2076
2044
2026
2023
2023
2029
2037
2051
2047
2040
2031
2013
2007
2020
2044
2078
2095
2140
2148
2142
2098
2038
1980
1913
1879
1880
1909
1999
2067
2121
2150
2164
2163
2127
2091
2041
2010
1958
1937
1934
1951
1948
1934
1858
1800
1733
1687
1638
1642
1647
1684
1733
1775
1797
1823
1851
1897
1962
2032
2101
2093
2069
2052
2073
2063
2043
1999
1934
1882
1840
1805
1779
1747
1737
1759
1859
1949
1992
2023
2028
2036
2032
2024
1969
1935
1907
1890
1859
1842
1811
1800
1804
1873
1908
1954
1998
2041
2061
2075
2072
2045
2023
2012
2002
1975
1964
1946
1964
1996
2023
2010
1989
1969
1956
1931
1923
1915
1917
1935
1952
1960
1964
1961
1942
1948
1957
1975
1973
1961
1932
1925
1979
2039
2063
2105
2126
2150
2175
2210
2226
2209
2167
2109
2066
2033
2010
1979
1946
1937
1928
1897
1886
1862
1849
1834
1817
1804
1789
1737
1697
1694
1721
1763
1838
1907
1955
1975
1973
1940
1902
1857
1832
1833
1843
1851
1852
1859
1864
1855
1841
1847
1822
1787
1733
1672
1636
1618
1589
1577
1598
1656
1714
1781
1855
1919
1974
2010
2056
2111
2134
2158
2179
2206
2217
2227
2249
2252
2226
2186
2135
2111
2097
2079
2067
2031
2011
1953
1921
1891
1853
1826
1802
1779
1774
1787
1860
1947
2059
2105
2122
2120
2089
2074
2082
2080
2040
2009
1936
1885
1874
1889
1897
1897
1901
1922
1932
1932
1911
1918
1913
1908
1880
1880
1886
1909
1950
1987
2028
2081
2151
2167
2168
2139
2134
2095
2050
1982
1949
1966
2022
2076
2137
2156
2145
2104
2023
1937
1823
1718
1620
1555
1504
1511
1557
1602
1639
1727
1790
1826
1813
1802
1795
1805
1832
1875
1952
2030
2092
2153
2213
2237
2255
2226
2214
2210
2217
2222
2231
2239
2257
2260
2281
2287
2282
2270
2260
2236
2220
2215
2219
2223
2217
2185
2155
2114
2081
2062
2069
2104
2122
2130
2092
2065
2054
2051
2027
2022
2027
2004
1965
1956
1932
1885
1807
1737
1689
1687
1699
1708
1745
1813
1863
1875
1870
1880
1901
1904
1893
1853
1806
1751
1709
1687
1643
1603
1568
1551
1563
1560
1551
1542
1531
1531
1596
1643
1701
1739
1751
1783
1876
1948
2011
2020
1993
1939
1894
1862
1828
1792
1761
1732
1730
1733
1728
1707
1665
1663
1659
1714
1751
1810
1894
1981
2047
2067
2033
1991
1951
1930
1891
1853
1791
1724
1715
1720
1715
1708
1727
1742
1732
1681
1641
1616
1635
1633
1637
1625
1653
1695
1788
1880
1970
2021
2066
2074
2090
2091
2084
2074
2070
2085
2076
2046
2006
2003
2014
2065
2082
2121
2115
2084
2022
2004
2014
2026
1991
1963
1922
1893
1843
1810
1844
1901
1957
1973
1955
1921
1940
1965
2000
2028
2042
2027
2046
2067
2099
2128
2113
2092
2087
2089
2103
2117
2138
2168
2203
2251
2293
2316
2318
2314
2275
2232
2176
2150
2111
2110
2106
2124
2162
2223
2284
2314
2330
2329
2344
2375
2393
2370
2348
2318
2286
2274
2298
2326
2392
2423
2446
2464
2488
2505
2532
2538
2592
2618
2628
2647
2641
2615
2594
2589
2594
2610
2605
2604
2610
2608
2606
2610
2590
2570
2528
2464
2394
2310
2232
2150
2098
2074
2075
2090
2132
2189
2233
2301
2367
2422
2442
2454
2443
2438
2430
2416
2406
2388
2382
2397
2406
2401
2392
2374
2347
2336
2337
2339
2347
2337
2327
2327
2334
2330
2324
2309
2282
2221
2169
2128
2114
2122
2147
2189
2244
2283
2322
2370
2419
2455
2476
2490
2486
2483
2457
2449
2410
2373
2307
2268
2227
2207
2191
2199
2217
2243
2286
2312
2353
2375
2395
2397
2428
2458
2506
2537
2573
2585
2604
2612
2606
2586
2561
2544
2553
2522
2496
2498
2507
2523
2523
2506
2486
2493
2488
2479
2471
2473
2442
2435
2419
2429
2438
2460
2466
2481
2517
2526
2523
2517
2517
2536
2556
2564
2572
2560
2574
2574
2586
2588
2600
2608
2640
2644
2664
2675
2699
2696
2695
2700
2704
2686
2672
2668
2659
2660
2646
2642
2617
2604
2605
2606
2574
2546
2492
2472
2459
2458
2440
2430
2426
2434
2448
2465
2530
2535
2544
2561
2562
2524
2469
2443
2430
2435
2430
2411
2387
2371
2385
2400
2406
2414
2424
2418
2405
2383
2350
2318
2284
2258
2231
2200
2204
2231
2269
2292
2319
2348
2378
2379
2372
2354
2326
2296
2264
2265
2275
2282
2299
2313
2339
2363
2386
2390
2394
2398
2410
2414
2416
2421
2437
2460
2464
2448
2439
2391
2341
2292
2250
2239
2206
2183
2156
2126
2096
2076
2027
2011
1976
1957
1936
1950
1967
1986
2019
2080
2134
2177
2215
2235
2257
2294
2335
2348
2351
2333
2309
2252
2202
2142
2069
1990
1947
1920
1891
1886
1915
1918
1947
1966
1999
2009
1992
1959
1865
1819
1782
1744
1730
1747
1735
1732
1727
1756
1791
1844
1878
1945
1980
2027
2076
2080
2047
2003
1945
1874
1817
1792
1780
1777
1797
1799
1797
1799
1825
1827
1800
1772
1734
1692
1653
1611
1596
1619
1709
1758
1784
1797
1799
1789
1763
1724
1683
1678
1651
1626
1601
1585
1573
1573
1547
1524
1475
1442
1422
1409
1397
1432
1515
1583
1667
1749
1854
1939
1954
1901
1828
1757
1716
1685
1667
1664
1691
1692
1697
1752
1804
1846
1885
1906
1920
1892
1835
1752
1654
1549
1456
1383
1318
1291
1273
1279
1303
1309
1327
1376
1417
1423
1408
1391
1404
1445
1498
1555
1613
1667
1689
1741
1800
1871
1926
1939
1948
1955
1939
1913
1856
1815
1775
1763
1785
1838
1889
1901
1901
1906
1914
1933
1955
1968
1995
1998
2021
2057
2114
2135
2145
2090
2032
1976
1958
1956
1960
1979
2004
2031
2057
2081
2117
2133
2148
2176
2188
2207
2217
2235
2225
2227
2214
2200
2176
2188
2209
2255
2262
2260
2235
2215
2182
2171
2178
2175
2168
2178
2192
2178
2172
2170
2203
2200
2215
2220
2239
2235
2235
2215
2187
2144
2098
2026
2003
2016
2042
2057
2043
2005
1956
1932
1911
1891
1879
1896
1947
2019
2066
2122
2142
2150
2146
2162
2144
2137
2118
2127
2148
2180
2196
2218
2228
2230
2191
2123
2094
2092
2091
2097
2143
2159
2175
2171
2173
2158
2144
2124
2097
2085
2068
2050
2017
1970
1924
1904
1892
1914
1936
1978
2038
2120
2206
2270
2317
2333
2334
2326
2309
2280
2255
2241
2240
2206
2197
2200
2185
2199
2188
2180
2159
2122
2103
2072
2057
2070
2087
2085
2065
2081
2094
2103
2123
2131
2142
2115
2103
2084
2066
2042
2027
2021
2024
2034
2070
2113
2157
2209
2242
2264
2266
2254
2239
2215
2192
2164
2147
2140
2150
2168
2212
2222
2261
2325
2378
2422
2419
2420
2382
2364
2333
2333
2307
2289
2272
2278
2298
2314
2330
2364
2398
2434
2456
2476
2482
2492
2482
2462
2453
2414
2390
2355
2332
2280
2263
2220
2195
2134
2113
2104
2145
2173
2203
2239
2271
2294
2310
2331
2372
2413
2426
2439
2424
2396
2388
2361
2315
2277
2245
2254
2233
2236
2232
2251
2246
2214
2170
2100
2024
1988
1944
1915
1926
1940
1969
1981
2023
2072
2123
2162
2218
2262
2323
2358
2397
2408
2397
2360
2320
2291
2277
2269
2261
2265
2267
2284
2325
2356
2342
2343
2326
2320
2304
2329
2367
2411
2411
2404
2378
2382
2376
2392
2402
2404
2418
2400
2364
2301
2242
2167
2108
2077
2076
2076
2087
2092
2094
2085
2092
2098
2106
2121
2138
2155
2186
2243
2305
2382
2410
2447
2464
2459
2412
2363
2306
2251
2214
2177
2159
2150
2130
2098
2075
2055
2057
2088
2139
2186
2233
2247
2254
2258
2255
2241
2242
2259
2285
2305
2339
2366
2383
2387
2359
2327
2275
2232
2148
2072
2018
1986
1952
1941
1934
1925
1918
1933
1947
1965
1990
2023
2067
2094
2088
2041
1977
1934
1911
1877
1835
1794
1765
1762
1765
1794
1846
1932
2027
2129
2239
2284
2301
2323
2339
2343
2336
2318
2275
2266
2238
2228
2216
2221
2217
2209
2198
2217
2231
2247
2220
2193
2180
2150
2138
2117
2099
2091
2108
2100
2106
2088
2085
2051
2050
2055
2091
2115
2120
2136
2097
2051
1986
1946
1912
1882
1880
1956
2090
2183
2219
2257
2273
2272
2238
2185
2088
2002
1925
1861
1826
1783
1745
1723
1694
1695
1711
1747
1810
1873
1930
1960
2003
2051
2128
2186
2225
2259
2284
2291
2281
2256
2229
2187
2166
2160
2146
2136
2141
2156
2157
2171
2192
2250
2298
2345
2383
2396
2379
2362
2319
2263
2192
2151
2125
2119
2096
2051
2042
2058
2095
2148
2197
2236
2273
2307
2316
2313
2311
2301
2281
2275
2269
2267
2270
2266
2270
2254
2265
2288
2279
2274
2265
2250
2254
2285
2311
2318
2325
2325
2327
2317
2291
2262
2222
2218
2230
2253
2284
2289
2297
2284
2258
2229
2188
2162
2155
2149
2144
2147
2154
2182
2211
2206
2159
2125
2099
2088
2071
2059
2057
2069
2100
2132
2151
2160
2167
2142
2129
2130
2144
2173
2179
2183
2197
2222
2238
2236
2242
2215
2212
2221
2241
2227
2206
2171
2130
2102
2070
2044
2011
1997
1987
2008
2056
2109
2145
2195
2246
2263
2219
2152
2048
1953
1849
1752
1691
1667
1677
1677
1683
1705
1752
1795
1877
1943
2017
2063
2104
2108
2120
2126
2126
2135
2127
2101
2080
2047
2014
1991
1998
2015
2032
2047
2026
1990
1957
1931
1881
1836
1782
1733
1682
1657
1618
1597
1579
1555
1517
1495
1490
1507
1525
1557
1582
1563
1579
1600
1640
1651
1635
1595
1563
1534
1491
1427
1378
1343
1337
1319
1333
1350
1369
1378
1379
1382
1401
1446
1511
1557
1601
1624
1639
1654
1669
1681
1689
1705
1689
1697
1678
1663
1637
1609
1551
1513
1509
1504
1543
1613
1706
1787
1900
1954
1963
1943
1891
1823
1767
1727
1726
1711
1710
1731
1768
1823
1902
1951
1946
1886
1806
1704
1619
1559
1505
1487
1529
1549
1530
1528
1529
1536
1527
1499
1496
1492
1483
1492
1511
1540
1591
1652
1720
1760
1767
1764
1768
1763
1749
1762
1737
1761
1779
1796
1813
1861
1897
1939
1954
1943
1934
1923
1920
1903
1881
1853
1801
1769
1769
1790
1809
1765
1737
1704
1655
1579
1529
1498
1528
1553
1603
1643
1651
1650
1654
1688
1711
1735
1751
1783
1849
1912
1954
2003
2048
2086
2102
2101
2111
2094
2055
2015
1963
1898
1810
1722
1657
1624
1638
1696
1751
1781
1798
1810
1811
1780
1761
1732
1750
1755
1793
1821
1876
1917
1973
2023
2061
2089
2083
2066
2050
2025
2001
2000
1982
1951
1903
1874
1842
1848
1820
1787
1749
1739
1726
1727
1754
1779
1797
1830
1881
1919
1928
1923
1911
1888
1882
1863
1833
1793
1789
1787
1825
1856
1875
1858
1817
1765
1715
1673
1649
1653
1684
1737
1827
1921
2016
2084
2082
2021
1935
1867
1791
1756
1723
1727
1741
1769
1811
1870
1923
1978
2035
2076
2104
2085
2040
1983
1933
1881
1824
1793
1800
1814
1813
1819
1829
1843
1862
1931
2008
2060
2063
2044
2006
1993
1993
2016
2058
2096
2092
2060
2036
2016
1990
1956
1946
1912
1881
1855
1828
1807
1816
1823
1859
1897
1943
1965
1963
1945
1946
1946
1951
1956
1961
1972
2002
2012
2035
2051
2077
2097
2099
2125
2156
2193
2201
2194
2118
2055
1967
1921
1896
1898
1903
1935
2015
2107
2208
2283
2336
2343
2359
2347
2314
2268
2247
2209
2177
2143
2129
2140
2194
2245
2286
2326
2328
2335
2366
2384
2390
2400
2398
2433
2452
2475
2474
2458
2418
2402
2373
2370
2354
2356
2349
2364
2394
2406
2428
2433
2443
2439
2443
2439
2453
2461
2458
2427
2418
2405
2410
2426
2450
2462
2476
2478
2480
2467
2477
2486
2507
2526
2519
2495
2489
2483
2466
2462
2450
2459
2462
2477
2494
2508
2515
2535
2534
2529
2520
2517
2514
2504
2486
2450
2444
2441
2455
2471
2483
2498
2519
2537
2586
2593
2604
2596
2605
2602
2581
2544
2485
2451
2415
2398
2403
2407
2398
2361
2346
2317
2281
2234
2213
2210
2233
2233
2235
2229
2232
2243
2249
2248
2229
2231
2236
2226
2232
2244
2274
2296
2327
2319
2274
2219
2166
2123
2090
2057
2040
2035
2045
2096
2140
2182
2227
2263
2279
2277
2267
2257
2248
2243
2251
2254
2271
2294
2317
2324
2328
2321
2346
2375
2399
2401
2410
2391
2362
2319
2253
2181
2119
2055
1999
1971
1941
1924
1917
1932
1950
1994
2039
2095
2131
2179
2204
2226
2244
2274
2305
2333
2370
2395
2391
2379
2357
2334
2278
2217
2165
2100
2064
2019
2005
2001
2010
2002
2004
1988
2000
1991
1998
1981
1983
1964
1965
1976
1985
1962
1946
1939
1937
1933
1922
1911
1886
1877
1846
1786
1677
1626
1552
1497
1417
1369
1361
1409
1475
1533
1600
1657
1715
1762
1816
1858
1873
1866
1856
1837
1678
1628
1591
1589
1591
1581
1529
1493
1455
1426
1403
1421
1449
1491
1545
1592
1652
1686
1704
1732
1789
1816
1831
1837
1863
1873
1875
1860
1849
1813
1797
1811
1824
1837
1857
1877
1895
1896
1905
1909
1913
1899
1879
1851
1818
1801
1785
1735
1707
1685
1669
1663
1662
1658
1669
1689
1716
1748
1754
1756
1774
1781
1771
1782
1771
1747
1724
1681
1649
1645
1638
1617
1583
1557
1548
1556
1573
1592
1617
1636
1635
1622
1598
1575
1559
1559
1600
1647
1707
1766
1859
1942
2026
2056
2071
2066
2072
2057
2025
1973
1892
1807
1747
1726
1734
1743
1765
1793
1809
1823
1829
1837
1832
1832
1811
1797
1782
1756
1739
1731
1746
1771
1803
1837
1896
1943
1987
2009
2053
2061
2081
2064
2022
1967
1901
1840
1795
1757
1739
1748
1793
1816
1848
1867
1882
1891
1875
1839
1769
1709
1652
1634
1644
1676
1699
1721
1720
1729
1731
1733
1734
1772
1807
1852
1901
1911
1908
1889
1880
1820
1755
1679
1574
1488
1417
1352
1327
1295
1307
1304
1368
1407
1467
1538
1603
1653
1690
1730
1767
1782
1791
1795
1799
1833
1858
1887
1937
1976
1990
1998
1979
1963
1934
1916
1894
1885
1862
1859
1881
1924
1939
1946
1982
2023
2082
2127
2164
2167
2136
2110
2118
2120
2124
2116
2101
2047
2001
1963
1970
1979
2005
2014
2037
2052
2051
2065
2071
2088
2101
2107
2103
2070
2022
1973
1907
1887
1889
1913
1967
2027
2106
2128
2127
2109
2097
2087
2080
2079
2056
2050
2048
2074
2080
2093
2095
2088
2072
2047
1991
1952
1913
1889
1873
1874
1881
1911
1982
2031
2069
2105
2134
2154
2167
2216
2294
2334
2326
2308
2303
2269
2249
2201
2155
2087
2059
2037
2031
1990
1946
1901
1880
1872
1854
1821
1796
1805
1823
1848
1885
1915
1929
1956
1952
1948
1946
1969
1999
2056
2101
2175
2235
2298
2311
2322
2314
2316
2312
2304
2307
2273
2226
2183
2152
2121
2103
2052
2039
2011
2008
2008
2056
2113
2185
2242
2280
2297
2304
2296
2309
2307
2281
2268
2254
2254
2260
2275
2248
2223
2194
2178
2162
2175
2182
2216
2264
2303
2323
2328
2285
2257
2217
2175
2139
2109
2116
2145
2173
2179
2190
2174
2178
2181
2194
2190
2197
2215
2228
2219
2261
2282
2325
2367
2403
2404
2391
2401
2389
2391
2351
2326
2294
2257
2220
2177
2109
2068
2030
2043
2059
2098
2144
2203
2253
2274
2280
2297
2323
2345
2370
2403
2404
2380
2348
2303
2255
2195
2110
2033
1977
1958
1969
1982
2005
2024
2075
2115
2137
2121
2092
2045
1998
1957
1942
1968
2031
2079
2122
2142
2172
2222
2289
2351
2379
2356
2326
2270
2202
2153
2105
2067
2056
2054
2059
2067
2069
2078
2090
2123
2154
2138
2105
2094
2088
2093
2116
2163
2189
2243
2293
2343
2355
2371
2374
2381
2392
2403
2390
2358
2334
2319
2307
2299
2328
2353
2394
2439
2478
2492
2510
2518
2514
2505
2503
2510
2515
2518
2520
2518
2536
2521
2488
2459
2421
2371
2310
2271
2238
2239
2255
2304
2338
2358
2344
2316
2244
2201
2155
2119
2077
2037
2026
2045
2089
2124
2169
2195
2234
2262
2301
2335
2378
2414
2454
2443
2440
2428
2427
2419
2416
2407
2386
2360
2333
2324
2320
2317
2310
2331
2330
2358
2373
2394
2406
2420
2423
2437
2423
2413
2395
2398
2383
2367
2329
2299
2307
2302
2282
2260
2242
2237
2246
2253
2273
2264
2274
2292
2314
2316
2303
2285
2275
2240
2205
2186
2180
2178
2209
2241
2260
2285
2318
2343
2357
2379
2406
2418
2411
2415
2411
2424
2436
2416
2367
2335
2295
2279
2263
2256
2244
2254
2290
2329
2366
2399
2424
2440
2425
2400
2383
2392
2403
2429
2459
2484
2518
2543
2544
2554
2531
2526
2530
2527
2530
2522
2522
2532
2533
2544
2543
2530
2505
2485
2470
2446
2423
2417
2420
2415
2417
2420
2395
2357
2323
2284
2266
2264
2288
2299
2317
2343
2360
2395
2428
2446
2458
2507
2517
2524
2503
2477
2456
2435
2402
2366
2353
2356
2359
2346
2349
2343
2343
2350
2362
2362
2348
2342
2370
2375
2392
2419
2437
2464
2493
2503
2504
2496
2498
2486
2471
2464
2459
2475
2486
2492
2466
2447
2417
2424
2415
2412
2399
2409
2408
2422
2423
2454
2463
2473
2456
2448
2447
2470
2463
2450
2448
2449
2468
2470
2463
2438
2450
2455
2473
2472
2488
2490
2488
2472
2465
2452
2450
2441
2438
2442
2433
2431
2428
2431
2433
2452
2466
2455
2421
2370
2295
2229
2170
2124
2090
2094
2110
2152
2185
2209
2209
2216
2208
2207
2191
2168
2124
2085
2051
2038
2045
2050
2064
2079
2107
2127
2139
2173
2188
2184
2165
2147
2112
2097
2066
2036
1990
1961
1917
1910
1928
1933
1912
1894
1880
1854
1801
1755
1705
1674
1648
1630
1649
1682
1720
1724
1738
1760
1783
1768
1718
1679
1645
1631
1614
1601
1580
1553
1516
1487
1453
1435
1422
1407
1382
1384
1399
1426
1460
1507
1517
1517
1545
1562
1578
1572
1561
1524
1464
1425
1411
1416
1441
1484
1551
1606
1679
1714
1765
1811
1835
1847
1843
1822
1789
1767
1781
1817
1852
1875
1876
1911
1932
1972
2002
2050
2065
2071
2062
2060
2059
2044
2005
1955
1886
1835
1807
1792
1803
1837
1906
1986
2051
2069
2075
2044
2019
1985
1955
1946
1944
1953
1983
1992
2039
2067
2083
2079
2074
2088
2117
2137
2119
2088
2027
1997
1947
1935
1935
1964
1907
1827
1739
1671
1592
1541
1501
1481
1484
1519
1577
1632
1688
1759
1850
1906
1937
1906
1875
1871
1874
1875
1871
1821
1761
1682
1617
1535
1476
1432
1421
1437
1480
1545
1591
1609
1611
1620
1587
1552
1530
1550
1565
1593
1613
1642
1692
1764
1844
1922
1972
2010
2021
2021
1993
1986
1973
1961
1957
1963
1981
2011
2051
2081
2095
2073
2013
1954
1911
1877
1866
1888
1971
2010
2027
2030
2059
2094
2118
2139
2191
2220
2222
2213
2195
2159
2107
2036
1959
1904
1882
1863
1839
1805
1776
1765
1807
1851
1891
1910
1931
1959
1994
1996
1947
1877
1770
1696
1642
1595
1566
1554
1507
1483
1463
1483
1542
1604
1621
1627
1613
1606
1562
1485
1377
1241
1141
1075
1083
1127
1180
1265
1379
1486
1598
1694
1832
1918
1962
1957
1943
1916
1910
1915
1927
1951
1978
2017
2015
1980
1909
1842
1723
1677
1626
1599
1538
1475
1405
1351
1255
1204
1195
1223
1277
1327
1338
1340
1333
1319
1318
1350
1417
1490
1577
1635
1707
1749
1822
1875
1913
1926
1933
1903
1857
1836
1819
1810
1773
1743
1723
1715
1716
1733
1780
1822
1839
1847
1857
1867
1875
1871
1852
1829
1808
1824
1805
1793
1717
1675
1630
1607
1581
1570
1587
1647
1750
1814
1888
1956
2033
2079
2106
2111
2102
2076
2064
2033
1984
1919
1839
1772
1709
1681
1652
1654
1665
1671
1665
1644
1612
1601
1599
1611
1628
1661
1691
1726
1755
1775
1802
1833
1841
1880
1911
1937
1951
1970
1983
2007
2040
2027
1994
1935
1845
1753
1672
1629
1599
1596
1617
1688
1814
1886
1941
2003
2037
2060
2042
2002
1959
1919
1888
1888
1880
1879
1879
1876
1900
1906
1946
1983
2003
2007
1995
1991
2013
2045
2069
2084
2082
2099
2119
2157
2218
2238
2247
2278
2298
2301
2239
2172
2051
1993
1929
1896
1871
1888
1893
1937
1999
2071
2138
2188
2202
2197
2193
2151
2071
1989
1907
1825
1775
1715
1686
1677
1722
1744
1782
1803
1839
1855
1867
1857
1801
1779
1794
1854
1929
1999
2072
2126
2131
2124
2086
2059
1997
1942
1892
1894
1916
1979
2059
2129
2199
2247
2259
2239
2196
2160
2138
2141
2148
2156
2163
2150
2142
2117
2093
2072
2081
2086
2094
2117
2166
2187
2204
2222
2244
2271
2285
2294
2309
2334
2348
2367
2383
2402
2414
2436
2460
2447
2439
2437
2433
2416
2378
2338
2259
2232
2219
2217
2217
2231
2259
2291
2356
2389
2403
2380
2338
2311
2292
2282
2274
2261
2263
2258
2252
2245
2234
2224
2240
2239
2211
2182
2161
2120
2094
2082
2084
2097
2114
2136
2179
2209
2223
2204
2197
2179
2154
2130
2103
2063
2032
2023
2048
2082
2083
2092
2122
2162
2210
2235
2224
2184
2121
2070
2010
1971
1908
1867
1828
1825
1839
1888
1949
1997
2025
2057
2048
2039
2029
2013
2012
2000
1984
1961
1969
1971
1982
1985
2004
2019
2050
2067
2111
2147
2184
2219
2238
2225
2175
2090
1993
1941
1850
1776
1722
1705
1695
1705
1683
1719
1769
1819
1835
1867
1883
1915
1974
2022
2031
2036
2026
2028
2025
2002
1938
1884
1850
1830
1833
1825
1838
1806
1734
1674
1577
1548
1526
1527
1526
1569
1639
1699
1729
1751
1754
1757
1771
1768
1759
1757
1764
1774
1787
1798
1834
1855
1860
1857
1865
1856
1854
1834
1841
1838
1856
1868
1907
1962
2019
2063
2072
2072
2076
2056
2050
2058
2083
2121
2147
2193
2220
2250
2236
2203
2159
2114
2089
2067
2074
2094
2112
2134
2164
2185
2207
2229
2260
2275
2287
2297
2303
2305
2314
2313
2274
2243
2206
2182
2165
2162
2157
2134
2096
2083
2082
2065
2058
2051
2056
2061
2059
2070
2097
2103
2093
2078
2069
2054
2029
1995
1958
1932
1947
1976
2028
2050
2090
2127
2175
2232
2277
2326
2370
2392
2374
2352
2280
2191
2107
2039
1973
1956
1970
1990
2002
1987
1975
1929
1875
1844
1833
1858
1909
1985
2059
2101
2142
2172
2250
2287
2311
2314
2306
2280
2262
2224
2207
2191
2163
2158
2146
2126
2112
2119
2082
2066
2049
2072
2098
2143
2164
2186
2180
2168
2108
2041
1985
1959
1949
1942
1934
1928
1914
1908
1914
1923
1943
1936
1935
1917
1907
1879
1869
1841
1806
1768
1746
1724
1723
1727
1754
1779
1817
1826
1839
1864
1888
1905
1925
1957
1956
1933
1899
1911
1863
1806
1750
1710
1701
1726
1727
1699
1645
1597
1556
1558
1575
1593
1612
1603
1615
1637
1661
1668
1676
1676
1673
1672
1683
1683
1690
1686
1683
1679
1684
1701
1714
1710
1691
1674
1685
1715
1737
1760
1792
1845
1888
1910
1914
1919
1957
2002
2033
2079
2093
2090
2060
2030
2003
1975
1956
1923
1879
1818
1759
1713
1645
1611
1590
1587
1593
1605
1627
1650
1700
1740
1812
1883
1929
1921
1888
1855
1827
1837
1858
1892
1922
1933
1929
1936
1937
1899
1817
1738
1662
1561
1498
1468
1448
1442
1467
1509
1535
1527
1505
1489
1489
1494
1473
1439
1395
1395
1389
1402
1405
1424
1437
1457
1474
1498
1505
1503
1454
1452
1461
1475
1463
1457
1451
1444
1422
1419
1432
1427
1409
1374
1315
1256
1231
1219
1241
1257
1275
1265
1252
1186
1112
1035
987
947
931
928
981
1032
1091
1139
1163
1213
1260
1323
1392
1475
1559
1627
1644
1687
1720
1769
1779
1798
1775
1749
1724
1704
1685
1657
1597
1521
1431
1367
1308
1251
1198
1103
1017
960
931
930
973
993
1003
979
1002
1051
1151
1269
1385
1458
1516
1553
1563
1567
1565
1570
1554
1530
1533
1587
1653
1754
1866
1955
2007
2077
2113
2149
2162
2196
2216
2221
2207
2176
2129
2085
2040
1994
1961
1988
2035
2091
2127
2137
2127
2083
2022
1974
1928
1890
1866
1833
1811
1827
1883
1933
1963
1992
1995
2003
2011
2052
2122
2150
2178
2218
2233
2234
2227
2222
2184
2160
2154
2138
2102
2071
2043
2014
1985
1973
1981
1989
1987
1990
1972
1965
2011
2044
2063
2062
2060
2056
2051
2037
2027
2021
2044
2078
2095
2122
2127
2116
2117
2086
2053
2016
2002
1999
1997
2013
1998
1983
1953
1898
1845
1807
1776
1765
1780
1793
1824
1862
1905
1966
2044
2110
2184
2221
2216
2209
2200
2209
2197
2179
2119
2095
2065
2067
2071
2111
2135
2152
2154
2162
2173
2166
2158
2160
2180
2203
2210
2182
2161
2145
2157
2168
2185
2166
2142
2110
2094
2085
2101
2089
2059
2023
2021
2047
2041
2035
2035
2058
2079
2095
2063
2041
2009
2014
2005
1997
1980
2005
2038
2089
2137
2189
2232
2289
2326
2366
2375
2366
2338
2322
2325
2355
2376
2376
2373
2346
2316
2250
2214
2174
2164
2133
2138
2133
2140
2140
2155
2180
2188
2191
2198
2208
2212
2231
2264
2298
2327
2351
2337
2343
2315
2319
2311
2335
2322
2338
2318
2301
2286
2258
2218
2154
2113
2071
2011
1988
1964
1934
1898
1883
1878
1864
1845
1849
1854
1847
1866
1902
1939
1995
2091
2160
2214
2271
2286
2271
2225
2172
2099
2044
2003
1975
1957
1957
1973
1983
1992
1992
1981
1958
1933
1910
1878
1856
1881
1916
1953
1967
1961
1961
1964
1985
2014
2050
2066
2061
2045
2057
2089
2134
2165
2183
2202
2222
2241
2241
2224
2195
2160
2125
2093
2075
2076
2070
2095
2137
2202
2250
2301
2318
2354
2366
2372
2352
2316
2299
2299
2282
2261
2227
2192
2175
2175
2192
2196
2208
2200
2200
2153
2118
2081
2101
2108
2152
2174
2180
2158
2138
2121
2127
2134
2157
2158
2149
2136
2117
2110
2124
2165
2231
2295
2297
2309
2298
2323
2315
2300
2262
2232
2195
2168
2142
2090
2062
2028
2005
2007
2051
2102
2174
2232
2284
2312
2330
2334
2365
2390
2428
2470
2492
2471
2471
2478
2462
2409
2388
2342
2298
2282
2262
2287
2312
2357
2361
2361
2341
2330
2311
2306
2276
2254
2243
2213
2191
2174
2184
2191
2191
2189
2206
2247
2294
2303
2318
2310
2318
2309
2319
2323
2333
2336
2341
2319
2293
2262
2241
2179
2118
2055
2003
1995
2015
2038
2033
2029
2039
2048
2064
2060
2012
1954
1929
1933
1970
2009
2024
2004
1964
1929
1918
1911
1918
1918
1961
2004
2036
2063
2085
2115
2136
2154
2173
2195
2209
2213
2211
2166
2114
2067
2001
1938
1870
1827
1797
1783
1779
1799
1795
1797
1815
1845
1870
1904
1952
1979
2008
2017
2021
2016
1999
1969
1952
1936
1949
1962
1983
2015
2058
2091
2111
2135
2166
2197
2210
2236
2243
2249
2239
2230
2227
2203
2154
2118
2089
2107
2125
2150
2176
2195
2208
2193
2166
2154
2170
2184
2230
2250
2256
2252
2258
2241
2242
2219
2223
2236
2260
2256
2271
2264
2258
2237
2214
2182
2154
2134
2096
2058
2020
1983
1981
2005
2022
2026
2011
2022
2042
2072
2080
2084
2081
2095
2082
2058
2016
1969
1935
1922
1922
1903
1909
1933
1945
1948
1969
1987
2026
2081
2143
2196
2212
2197
2183
2152
2129
2071
2022
1953
1911
1881
1879
1912
1928
1958
1983
1984
1967
1967
1966
1959
1932
1920
1902
1897
1897
1894
1907
1933
1958
2000
2050
2113
2183
2230
2268
2284
2277
2244
2192
2118
2072
2025
1976
1912
1838
1766
1739
1753
1793
1859
1935
2010
2072
2133
2207
2312
2355
2380
2385
2401
2392
2355
2324
2272
2240
2197
2164
2140
2130
2120
2124
2153
2173
2206
2222
2252
2271
2297
2285
2289
2285
2301
2310
2322
2351
2387
2377
2380
2384
2380
2355
2294
2218
2145
2083
2040
2034
2054
2088
2131
2181
2220
2270
2310
2360
2375
2400
2418
2427
2428
2437
2428
2448
2451
2452
2436
2399
2346
2329
2288
2283
2280
2264
2238
2230
2260
2310
2355
2380
2416
2426
2438
2432
2451
2453
2476
2468
2453
2407
2368
2329
2313
2302
2310
2316
2313
2318
2319
2310
2320
2337
2338
2305
2252
2208
2135
2093
2038
1996
1941
1908
1884
1865
1851
1847
1836
1829
1816
1791
1765
1712
1652
1593
1556
1499
1437
1392
1329
1261
1235
1178
1139
1095
1063
1065
1092
1128
1183
1253
1321
1395
1482
1530
1531
1524
1521
1523
1509
1531
1606
1694
1758
1820
1850
1877
1876
1866
1865
1861
1832
1800
1737
1660
1594
1558
1583
1653
1709
1743
1758
1763
1757
1734
1725
1734
1767
1799
1809
1774
1761
1768
1755
1754
1783
1821
1876
1919
1960
1995
2028
2032
2031
2041
2033
2018
2021
1979
1904
1861
1830
1790
1729
1668
1631
1617
1621
1618
1580
1599
1620
1651
1667
1676
1658
1644
1644
1632
1606
1587
1568
1565
1543
1523
1499
1471
1459
1451
1449
1492
1533
1550
1567
1609
1651
1656
1655
1629
1576
1507
1473
1446
1440
1453
1485
1506
1590
1635
1647
1619
1578
1542
1533
1536
1549
1593
1631
1701
1777
1860
1910
1957
1979
1971
1926
1871
1818
1775
1731
1701
1665
1666
1673
1690
1696
1704
1717
1733
1751
1732
1689
1604
1501
1417
1369
1320
1310
1342
1405
1473
1537
1605
1674
1698
1716
1734
1722
1715
1713
1696
1652
1624
1627
1661
1668
1709
1756
1807
1846
1900
2028
2105
2136
2139
2137
2125
2112
2095
2075
2093
2120
2146
2189
2250
2325
2378
2416
46.97021484
1.668530226
999
