5835
2135
2143
2104
2144
2087
2126
2094
2150
2096
2131
2083
2162
2104
2143
2092
2154
2130
2168
2118
2161
2134
2179
2114
2151
2080
2148
2112
2144
2086
2126
2097
2124
2058
2082
2041
2096
2055
2082
2022
2090
2064
2108
2070
2087
2094
2119
2081
2105
2073
2110
2089
2087
2045
2064
2058
2066
2027
2059
2051
2071
2064
2064
2057
2097
2106
2122
2122
2096
2106
2105
2086
2076
2081
2089
2073
2037
2023
1992
2009
1994
1992
1962
1992
1980
1998
1969
1986
1989
2023
2022
2071
2029
2091
2085
2131
2099
2130
2111
2156
2101
2115
2073
2121
2058
2060
1996
2027
2003
2069
1992
2030
2007
2081
2027
2078
2018
2081
2043
2090
2031
2095
2067
2121
2070
2110
2047
2105
2049
2099
2038
2086
2057
2097
2036
2070
2042
2105
2041
2081
2033
2098
2059
2091
2051
2099
2072
2101
2051
2078
2058
2092
2048
2086
2055
2098
2092
2128
2096
2122
2108
2142
2092
2119
2084
2115
2096
2105
2054
2075
2039
2062
2043
2055
2039
2077
2061
2088
2054
2072
2065
2067
2051
2069
2082
2110
2075
2059
2039
2045
2064
2053
2039
2052
2050
2039
2036
2016
2020
2042
2043
2030
2008
2000
2028
2011
2004
1968
2001
2013
2008
1973
1965
1963
2003
1998
2008
2010
2050
2034
2052
2013
2030
2026
2060
2034
2049
1997
2042
2004
2035
1977
1988
1967
2005
1978
2000
1954
2005
1983
2009
1969
2029
2024
2037
1967
1990
1965
2002
1956
1976
1970
2010
2006
2045
2020
2045
2040
2083
2048
2065
2024
2040
1983
1979
1918
1939
1920
1938
1886
1904
1882
1934
1907
1936
1914
1936
1934
1959
1928
1939
1918
1942
1913
1904
1863
1859
1858
1857
1824
1826
1827
1864
1852
1853
1851
1901
1911
1907
1891
1883
1892
1911
1896
1894
1899
1945
1943
1938
1935
1937
1954
1953
1925
1924
1923
1912
1930
1901
1882
1871
1893
1863
1874
1831
1874
1860
1900
1854
1885
1858
1919
1895
1933
1891
1951
1929
1965
1901
1945
1904
1963
1902
1944
1916
1991
1952
1998
1935
1955
1926
1975
1903
1917
1858
1894
1867
1886
1839
1886
1853
1907
1846
1897
1888
1951
1948
1972
1947
1988
1981
1997
1986
1999
1980
2001
1977
1999
1983
2011
2048
2046
2039
2030
2039
2034
2014
1988
1983
1967
1978
1936
1927
1921
1949
1922
1955
1907
1934
1920
1967
1932
1973
1947
2028
1996
2050
1999
2038
2008
2047
1993
2021
1963
2023
1961
1995
1935
2003
1972
2035
1981
2037
2009
2087
2043
2107
2079
2112
2089
2148
2083
2115
2075
2134
2106
2132
2089
2129
2126
2157
2112
2143
2105
2099
2106
2067
2044
2017
2037
2010
2024
1962
1993
1989
2029
1986
2029
2032
2072
2037
2044
1985
2014
1979
1995
1939
1978
1930
1987
1929
1987
1952
2014
1983
2029
1973
2025
1993
2046
1968
1997
1923
1962
1909
1934
1863
1930
1889
1923
1871
1947
1919
1993
1965
2020
1977
2007
1982
1993
1972
1958
1937
1965
1960
1980
1974
2006
2042
2045
2053
2045
2044
2042
2051
2028
2054
1997
2029
2005
2022
1975
1986
1922
1973
1921
1940
1913
1981
1963
1992
1962
2008
1976
2049
2001
2029
1974
2018
1981
2015
1970
1990
1965
1997
1951
1977
1943
1989
1985
1990
1940
1953
1935
1956
1917
1882
1849
1862
1859
1839
1817
1835
1863
1890
1906
1897
1893
1905
1917
1869
1852
1815
1807
1781
1785
1741
1749
1763
1805
1801
1836
1814
1874
1871
1913
1881
1952
1934
1994
1978
2011
1980
2029
2033
2063
2041
2053
2024
2059
2027
2045
2004
2024
2037
2057
2057
2068
2065
2106
2102
2092
2102
2079
2075
2079
2077
2060
2052
2045
2079
2055
2057
2027
2061
2068
2084
2073
2080
2033
2086
2051
2044
1982
2005
1982
2034
1984
2021
1976
2024
1976
1991
1946
1963
1950
1988
1951
1968
1944
1995
1991
1999
1969
1957
1950
1950
1911
1898
1867
1872
1871
1858
1842
1864
1863
1851
1842
1813
1833
1839
1847
1810
1803
1796
1807
1770
1779
1728
1766
1767
1816
1784
1832
1807
1874
1850
1891
1854
1904
1875
1914
1859
1879
1826
1890
1829
1842
1782
1801
1779
1819
1773
1797
1739
1779
1725
1735
1711
1704
1721
1747
1727
1758
1762
1772
1786
1779
1776
1779
1804
1815
1800
1792
1826
1804
1863
1844
1866
1844
1886
1869
1923
1863
1889
1862
1927
1868
1893
1853
1898
1861
1916
1852
1891
1874
1943
1906
1931
1883
1915
1917
1963
1919
1942
1915
1946
1954
1957
1945
1971
1990
1996
1986
1965
1985
1982
2010
1986
1994
2001
2011
1989
2017
1946
1987
1958
2007
1953
1989
1932
2015
1985
2029
1955
2007
1990
2054
2009
2030
1972
2033
2001
2053
1995
2031
1998
2027
1985
1977
1943
1961
1929
1931
1946
1923
1940
1951
1958
1958
1948
1905
1945
1912
1942
1891
1929
1905
1928
1909
1966
1890
1949
1890
1939
1866
1920
1864
1927
1858
1904
1853
1918
1852
1883
1848
1867
1845
1901
1874
1909
1876
1943
1934
1952
1947
1947
1954
1984
1980
1969
1973
1948
1998
1981
2002
1980
2006
1986
1997
1933
1947
1881
1925
1878
1893
1840
1883
1863
1936
1872
1930
1889
1961
1915
1988
1952
1969
1964
2000
1951
1978
1957
1987
2007
2014
1974
1987
1969
1995
1958
1987
1986
1993
2029
2026
2036
2039
2060
2055
2099
2042
2067
2061
2097
2068
2073
2029
2062
2029
2072
2011
2040
2002
2055
2024
2032
1984
2019
2018
2074
2027
2063
2052
2090
2079
2099
2048
2068
2040
2048
2019
2002
1979
1983
1975
1977
1939
1951
1945
1923
1916
1889
1902
1920
1943
1933
1966
1955
1998
2001
2028
2010
2030
2038
2064
2035
2062
2028
2071
2063
2097
2059
2094
2054
2103
2087
2111
2071
2128
2096
2132
2109
2110
2072
2120
2088
2094
2040
2040
2050
2070
2040
2052
2047
2070
2049
2055
2072
2048
2072
2053
2040
2017
2027
2003
2061
2034
2043
2036
2096
2099
2109
2107
2141
2117
2184
2139
2158
2114
2146
2116
2152
2117
2128
2082
2143
2122
2149
2139
2149
2133
2146
2115
2118
2091
2123
2100
2071
2060
2045
2056
2061
2056
2073
2107
2095
2125
2109
2120
2088
2113
2100
2133
2092
2110
2087
2153
2106
2120
2060
2102
2074
2110
2054
2067
2041
2100
2052
2072
2019
2026
2004
2045
1972
1977
1938
1958
1969
1987
1963
1993
2000
2045
2029
2048
2055
2076
2085
2082
2081
2077
2091
2072
2111
2073
2098
2095
2127
2082
2089
2068
2120
2101
2140
2073
2106
2086
2143
2098
2147
2078
2139
2118
2150
2082
2135
2100
2163
2131
2158
2131
2194
2172
2193
2165
2165
2146
2162
2152
2132
2103
2114
2121
2118
2117
2097
2113
2136
2150
2123
2170
2131
2201
2146
2187
2168
2221
2200
2257
2210
2262
2196
2267
2230
2284
2215
2259
2207
2262
2224
2264
2208
2268
2226
2260
2235
2238
2209
2263
2240
2271
2232
2235
2250
2230
2211
2184
2179
2186
2182
2156
2173
2118
2174
2159
2185
2157
2214
2172
2242
2159
2185
2106
2175
2110
2141
2082
2111
2086
2164
2107
2161
2126
2210
2193
2218
2170
2191
2178
2248
2187
2227
2198
2226
2235
2241
2220
2231
2231
2244
2246
2209
2240
2230
2258
2224
2226
2206
2237
2198
2242
2171
2211
2184
2218
2155
2195
2131
2183
2141
2186
2134
2188
2152
2226
2205
2244
2194
2225
2196
2225
2162
2173
2137
2162
2124
2126
2094
2124
2100
2098
2123
2101
2087
2092
2101
2086
2089
2059
2090
2069
2099
2049
2072
2056
2078
2033
2072
2012
2062
2039
2087
2022
2051
2003
2067
2011
2030
1957
1999
1964
1993
1961
1985
1962
2019
1997
2012
1970
2016
2016
2043
2028
2040
2029
2048
2011
1998
1965
1932
1975
1975
1977
1954
1978
1995
1991
1951
1961
1904
1941
1907
1905
1860
1892
1864
1927
1874
1907
1843
1897
1841
1859
1791
1786
1743
1771
1722
1729
1672
1703
1693
1728
1706
1734
1735
1789
1760
1780
1773
1785
1790
1775
1739
1731
1745
1724
1729
1703
1720
1725
1768
1768
1769
1721
1731
1721
1754
1733
1745
1728
1737
1701
1713
1649
1649
1623
1653
1594
1601
1570
1609
1589
1627
1581
1607
1605
1666
1658
1681
1665
1725
1728
1760
1735
1765
1748
1778
1777
1786
1759
1793
1791
1816
1831
1825
1847
1877
1910
1924
1931
1975
2017
2015
2025
2002
2047
2033
2050
2014
2048
2010
2063
2029
2058
2020
2065
2034
2076
2025
2042
1992
2043
1998
2007
1952
1970
1963
2011
1977
2018
1999
2065
2057
2089
2078
2080
2097
2123
2107
2114
2094
2087
2130
2125
2133
2107
2127
2127
2136
2092
2118
2152
2109
2149
2100
2135
2099
2130
2099
2157
2112
2163
2128
2164
2116
2148
2105
2138
2118
2135
2080
2124
2108
2115
2099
2075
2065
2086
2076
2061
2041
2042
2094
2119
2129
2102
2118
2127
2154
2133
2179
2119
2182
2145
2179
2111
2151
2116
2178
2116
2148
2077
2134
2105
2147
2102
2139
2101
2158
2111
2156
2119
2185
2169
2221
2217
2214
2203
2240
2225
2222
2230
2196
2219
2211
2235
2215
2226
2222
2268
2235
2272
2216
2263
2228
2274
2228
2283
2210
2262
2209
2248
2169
2223
2181
2236
2187
2218
2177
2236
2197
2220
2161
2195
2192
2209
2190
2194
2169
2211
2201
2190
2189
2151
2180
2182
2184
2148
2142
2112
2183
2146
2175
2116
2173
2153
2166
2113
2157
2104
2190
2128
2178
2128
2205
2153
2213
2141
2175
2133
2207
2151
2189
2153
2171
2166
2188
2133
2155
2148
2194
2185
2159
2150
2159
2191
2195
2185
2162
2160
2129
2176
2138
2162
2130
2158
2114
2124
2045
2073
2020
2071
1993
2043
2011
2076
2053
2105
2062
2104
2081
2131
2069
2100
2067
2113
2082
2099
2056
2084
2070
2080
2067
2055
2020
2018
2017
2011
1980
1983
2008
1996
2030
2013
2024
2032
2060
2029
2051
1992
2023
2019
2060
2040
2081
2060
2142
2103
2127
2050
2087
2058
2077
2042
2074
2041
2109
2086
2126
2080
2125
2099
2135
2098
2095
2049
2080
2048
2051
2065
2054
2087
2101
2095
2086
2093
2117
2112
2090
2105
2076
2109
2106
2110
2064
2068
2017
2022
1947
1929
1854
1866
1809
1817
1750
1776
1756
1827
1806
1854
1840
1910
1909
1942
1917
1943
1936
1970
1928
1962
1958
1971
1978
2006
1986
2007
2009
2028
2066
2068
2081
2085
2112
2117
2109
2077
2065
2036
2061
2007
2010
1995
2038
2019
2053
2026
2064
2050
2098
2096
2123
2119
2149
2134
2154
2102
2119
2090
2123
2122
2142
2107
2135
2134
2155
2121
2134
2130
2156
2149
2148
2129
2153
2137
2129
2102
2065
2046
2060
2065
2056
2056
2088
2117
2127
2151
2136
2166
2180
2196
2173
2168
2123
2167
2121
2112
2053
2068
2043
2063
2001
2006
1967
2019
1991
2003
1938
1946
1906
1929
1889
1921
1880
1920
1881
1907
1896
1916
1924
1977
1947
1953
1923
1919
1932
1915
1918
1912
1924
1937
1915
1905
1919
1896
1922
1922
1934
1915
1946
1931
2007
1981
2032
2005
2070
2039
2066
2034
2057
2026
2063
1997
2011
1963
2013
1981
2019
1965
1978
1954
1992
1937
1964
1948
1984
2007
2033
2026
2054
2068
2083
2066
2037
2028
2054
2077
2049
2012
2007
2008
2002
2010
1966
1969
1948
1976
1935
1951
1856
1906
1861
1876
1793
1835
1819
1887
1833
1859
1807
1861
1846
1906
1867
1912
1888
1959
1935
1969
1924
1969
1952
1975
1963
1963
1968
1996
1974
1961
1944
1940
1985
1976
2003
1985
2005
2011
2039
2013
2069
2020
2081
2038
2079
2041
2079
2043
2108
2058
2114
2052
2132
2079
2140
2090
2127
2080
2146
2083
2131
2068
2128
2077
2090
2044
2072
2066
2140
2116
2150
2143
2143
2188
2180
2159
2147
2154
2161
2148
2102
2112
2081
2137
2104
2109
2071
2091
2060
2117
2054
2114
2078
2152
2089
2152
2093
2142
2112
2167
2100
2123
2060
2086
2046
2069
2000
2034
2002
2073
2020
2050
2040
2080
2090
2094
2093
2128
2148
2169
2186
2150
2158
2170
2194
2163
2185
2160
2228
2195
2242
2192
2234
2176
2220
2173
2208
2152
2200
2165
2224
2172
2211
2155
2184
2146
2158
2108
2149
2128
2157
2139
2138
2133
2162
2175
2175
2149
2157
2158
2130
2140
2107
2108
2095
2107
2075
2096
2053
2082
2057
2095
2065
2101
2086
2126
2098
2138
2088
2137
2107
2152
2083
2128
2087
2143
2115
2140
2104
2139
2135
2171
2150
2153
2130
2176
2160
2166
2125
2140
2179
2193
2170
2150
2159
2173
2145
2118
2135
2104
2129
2110
2124
2093
2110
2079
2143
2099
2109
2066
2110
2098
2133
2111
2141
2129
2176
2130
2153
2116
2168
2156
2179
2141
2170
2145
2182
2147
2174
2148
2159
2143
2142
2114
2103
2078
2108
2125
2114
2112
2129
2150
2173
2170
2189
2192
2202
2235
2216
2227
2227
2256
2239
2241
2190
2213
2199
2226
2183
2188
2171
2205
2187
2198
2153
2175
2178
2231
2188
2239
2192
2214
2198
2232
2191
2235
2228
2255
2239
2246
2222
2255
2235
2225
2175
2190
2202
2230
2211
2215
2204
2231
2236
2223
2240
2196
2228
2235
2238
2218
2206
2172
2229
2193
2211
2167
2219
2203
2207
2173
2206
2180
2229
2195
2214
2155
2207
2171
2205
2145
2173
2130
2189
2149
2174
2154
2171
2182
2223
2199
2225
2210
2265
2271
2260
2246
2244
2257
2249
2212
2203
2176
2147
2179
2145
2147
2118
2154
2136
2160
2115
2146
2120
2174
2137
2180
2145
2204
2166
2207
2142
2181
2142
2185
2131
2171
2138
2175
2174
2212
2173
2206
2174
2206
2216
2208
2178
2195
2213
2227
2188
2179
2184
2191
2200
2162
2166
2180
2198
2166
2194
2137
2174
2157
2211
2176
2197
2164
2235
2208
2242
2168
2208
2183
2225
2153
2180
2112
2170
2136
2191
2119
2186
2149
2186
2153
2180
2158
2216
2198
2218
2201
2192
2189
2201
2193
2174
2158
2190
2191
2178
2193
2172
2211
2196
2205
2171
2195
2133
2194
2127
2157
2097
2147
2085
2139
2080
2120
2067
2147
2088
2133
2066
2120
2101
2164
2129
2185
2137
2202
2159
2174
2151
2146
2147
2150
2131
2122
2111
2097
2137
2101
2096
2076
2113
2110
2115
2054
2081
2034
2095
2034
2064
2019
2083
2030
2106
2044
2099
2066
2144
2070
2113
2078
2125
2093
2143
2094
2126
2093
2147
2105
2095
2046
2058
2048
2061
1995
1991
1959
1950
1972
1953
1957
1983
2018
2022
2055
2025
2049
2051
2100
2077
2092
2071
2110
2086
2114
2050
2085
2053
2089
2033
2068
2020
2075
2069
2112
2071
2123
2103
2143
2118
2137
2093
2114
2096
2108
2063
2083
2068
2103
2098
2099
2088
2116
2114
2110
2137
2110
2107
2098
2104
2080
2074
2034
2080
2066
2072
2023
2052
2026
2045
1996
2030
1983
2038
2009
2050
2004
2063
2034
2095
2063
2094
2049
2107
2085
2099
2071
2062
2032
2050
2007
2020
1967
1985
1959
1961
1956
1928
1925
1938
1909
1885
1861
1831
1834
1796
1783
1745
1771
1765
1769
1749
1784
1776
1816
1785
1804
1765
1777
1754
1785
1721
1728
1708
1757
1733
1789
1754
1798
1813
1873
1851
1893
1855
1850
1839
1825
1791
1792
1785
1810
1792
1797
1805
1813
1861
1871
1881
1864
1866
1829
1836
1777
1762
1702
1711
1688
1681
1653
1673
1671
1725
1704
1747
1737
1811
1818
1876
1848
1882
1879
1936
1905
1936
1916
1952
1945
1984
1945
1983
1982
2029
2006
2016
1992
2018
2027
2033
1991
1997
2002
2024
2030
2023
2018
2010
2023
1996
1979
1936
1963
1965
1991
1972
1980
1996
2039
2026
2059
2008
2064
2024
2063
2013
2081
2036
2100
2059
2089
2034
2062
2027
2059
2023
2039
1999
2074
2063
2098
2059
2093
2096
2120
2087
2090
2079
2120
2091
2083
2098
2088
2104
2102
2092
2075
2090
2063
2113
2062
2091
2054
2096
2062
2081
2036
2084
2014
2061
2011
2061
1998
2076
2048
2100
2055
2109
2068
2144
2093
2143
2109
2132
2128
2183
2157
2193
2159
2223
2190
2172
2158
2137
2134
2136
2106
2097
2105
2087
2134
2112
2133
2116
2162
2157
2204
2138
2175
2132
2207
2137
2174
2120
2162
2133
2174
2096
2126
2081
2148
2071
2121
2073
2129
2105
2149
2087
2126
2098
2112
2109
2111
2069
2099
2110
2133
2101
2110
2130
2134
2167
2156
2157
2150
2170
2137
2155
2091
2128
2093
2123
2075
2093
2041
2096
2046
2077
2009
2065
2026
2067
2012
2043
1994
2058
2030
2085
2025
2087
2052
2093
2078
2111
2070
2114
2084
2120
2104
2074
2067
2086
2091
2100
2108
2137
2161
2144
2137
2079
2081
2059
2064
2016
2044
1985
2040
1990
2027
1987
2041
2032
2104
2056
2096
2033
2124
2091
2123
2056
2091
2081
2130
2079
2116
2088
2158
2123
2128
2085
2087
2071
2103
2074
2088
2068
2073
2104
2083
2084
2072
2102
2106
2094
2082
2111
2111
2147
2106
2119
2094
2125
2078
2126
2065
2095
2068
2132
2088
2124
2076
2090
2030
2052
1975
1996
1974
2045
2019
2034
1995
2024
2007
2048
2018
2042
2021
2032
2017
2007
1983
1991
1996
2011
2005
1979
1967
1985
2005
1995
1983
1979
1988
1987
2020
1989
2002
2004
2015
1983
2010
1970
2025
2030
2068
2039
2088
2095
2124
2092
2087
2037
2076
2069
2098
2059
2077
2026
2071
2033
1926
1955
1939
1970
1943
1965
1927
1979
1942
1970
1921
1968
1950
2002
1992
1999
1995
2033
2021
2046
2034
2021
2037
2048
2031
2030
2031
2065
2065
2039
2030
2016
2036
2023
2010
2006
2047
2033
2094
2052
2069
2025
2078
2052
2094
2042
2069
2034
2067
2009
2038
1972
2012
1985
2007
1938
1961
1942
1999
1955
1973
1953
1960
1951
1949
1910
1929
1917
1940
1961
1959
1946
1949
1962
1969
1972
1960
1998
1999
2028
2016
2017
2002
2023
2001
2043
1976
2023
2011
2076
2054
2109
2091
2131
2100
2126
2072
2109
2082
2118
2070
2083
2031
2077
2048
2069
2007
2040
2006
2025
2019
2019
1990
2022
2016
2023
2019
1977
2009
2037
2048
2028
2025
2042
2057
2002
2016
1958
1997
1965
1997
1972
2052
2021
2109
2079
2128
2071
2147
2106
2156
2099
2120
2056
2111
2085
2132
2087
2118
2116
2134
2116
2113
2079
2100
2080
2041
2061
2039
2049
2048
2055
2030
2031
1984
2049
2023
2075
2026
2073
2046
2089
2052
2102
2033
2100
2052
2086
2013
2081
2050
2111
2048
2085
2011
2085
2032
2067
2040
2051
2038
2092
2074
2096
2064
2123
2115
2113
2102
2077
2093
2108
2075
2060
2066
2042
2094
2060
2075
2023
2059
2041
2087
2043
2094
2042
2119
2080
2146
2105
2192
2170
2229
2179
2230
2195
2267
2210
2268
2228
2269
2255
2305
2251
2290
2257
2283
2286
2275
2274
2276
2279
2298
2266
2275
2290
2281
2312
2290
2313
2297
2307
2252
2278
2221
2243
2224
2264
2229
2253
2204
2245
2211
2269
2226
2273
2258
2324
2307
2348
2304
2329
2315
2359
2308
2335
2325
2355
2345
2356
2332
2355
2361
2394
2396
2384
2368
2376
2380
2363
2342
2341
2332
2340
2346
2320
2336
2355
2374
2366
2375
2330
2367
2358
2360
2334
2362
2366
2395
2358
2382
2327
2380
2354
2367
2321
2356
2331
2376
2345
2371
2333
2384
2361
2388
2371
2376
2361
2410
2372
2375
2340
2344
2356
2365
2344
2345
2364
2398
2382
2361
2373
2353
2364
2348
2339
2332
2358
2323
2352
2304
2314
2300
2343
2324
2333
2321
2342
2320
2355
2318
2324
2285
2332
2309
2340
2301
2313
2297
2338
2299
2320
2318
2337
2322
2335
2290
2295
2276
2315
2275
2264
2242
2254
2271
2270
2266
2267
2264
2281
2284
2266
2272
2267
2288
2276
2285
2232
2231
2229
2251
2213
2222
2218
2242
2213
2240
2196
2236
2230
2272
2221
2266
2216
2266
2237
2267
2230
2283
2266
2306
2257
2275
2236
2280
2256
2284
2246
2277
2278
2297
2278
2293
2266
2299
2274
2264
2253
2234
2247
2244
2232
2207
2200
2163
2193
2140
2132
2094
2119
2104
2119
2089
2133
2105
2167
2128
2173
2134
2197
2179
2230
2192
2235
2210
2265
2209
2247
2215
2258
2198
2233
2193
2230
2187
2237
2196
2210
2154
2200
2179
2188
2109
2148
2126
2162
2165
2162
2142
2182
2172
2192
2204
2177
2203
2205
2217
2194
2179
2182
2178
2128
2146
2079
2122
2098
2135
2099
2160
2101
2182
2140
2191
2120
2191
2134
2178
2107
2144
2092
2171
2111
2154
2089
2139
2143
2171
2136
2162
2139
2182
2115
2090
2067
2045
2059
2044
2042
2046
2050
2032
2079
2050
2069
2032
2075
2058
2067
2015
2061
2006
2060
1971
2020
1958
2019
1972
2013
1943
1978
1938
2006
1975
2020
1995
2027
2031
2075
2075
2104
2089
2127
2123
2120
2120
2108
2129
2131
2129
2100
2115
2073
2121
2073
2102
2066
2108
2094
2127
2069
2115
2070
2129
2059
2088
2035
2082
2057
2099
2048
2070
2015
2060
1986
2019
1966
1970
1950
1966
1898
1901
1854
1843
1851
1843
1824
1851
1873
1899
1900
1923
1964
1971
2012
2004
2031
2033
2072
2031
2066
2019
2060
2046
2091
2043
2056
2008
2060
2016
2048
1981
2004
1980
2034
2006
2037
2008
2067
2051
2087
2043
2072
2074
2116
2083
2065
2028
2045
2043
2045
2036
2012
2026
2029
2052
2029
2020
2005
2020
1993
2007
1977
2010
2003
2057
2018
2051
1993
2036
2004
2024
1981
2020
2003
2049
2017
2027
1991
2047
2027
2047
1993
2020
1998
2048
2011
2007
1969
2009
1995
2018
2023
2021
2044
2089
2105
2111
2098
2091
2130
2126
2128
2111
2125
2116
2100
2066
2050
1982
2011
1989
1991
1951
1966
1931
1975
1923
1918
1900
1965
1941
1966
1952
1976
1970
2019
1974
1983
1955
2013
1997
2015
1972
1980
1982
2019
1967
1988
1977
1983
1993
1996
1983
2000
1998
2011
2018
1999
2016
2044
2086
2084
2076
2044
2037
2018
2038
2001
2012
1994
2020
1999
2023
1967
1977
1944
1965
1923
1953
1927
1981
1962
2001
1963
2024
1994
2051
2024
2059
2039
2080
2072
2094
2041
2058
2035
2053
2036
2010
1986
2016
2020
2036
2019
2027
2052
2074
2079
2052
2041
2031
2020
1956
1967
1900
1941
1911
1933
1883
1934
1931
2016
1972
2007
1938
1992
1960
1995
1962
1995
1961
2030
1969
2014
1949
2022
1998
2044
2016
2044
2041
2084
2044
2048
2019
1997
2015
1997
1965
1952
1950
1975
1998
1951
1980
1980
2042
2029
2044
2021
2044
1997
2035
1947
1983
1915
1966
1910
1982
1939
1990
1951
2019
1967
2020
1972
2047
2033
2074
2033
2084
2076
2141
2116
2152
2129
2142
2133
2140
2102
2094
2068
2050
2068
2028
2020
2011
2043
2037
2037
2002
2053
2036
2079
2045
2089
2081
2132
2103
2146
2072
2120
2077
2117
2038
2073
2029
2089
2049
2087
2033
2091
2061
2111
2089
2121
2104
2172
2153
2186
2145
2190
2181
2198
2195
2183
2183
2215
2203
2195
2202
2166
2217
2193
2202
2158
2179
2169
2187
2117
2155
2099
2169
2131
2166
2116
2177
2137
2197
2151
2210
2165
2245
2197
2261
2210
2248
2226
2291
2238
2260
2199
2218
2219
2216
2172
2160
2146
2185
2147
2138
2139
2129
2166
2155
2176
2158
2188
2166
2223
2175
2212
2187
2250
2230
2251
2204
2247
2201
2261
2216
2256
2218
2270
2235
2270
2221
2250
2213
2252
2191
2218
2204
2249
2240
2256
2220
2236
2236
2278
2269
2261
2257
2266
2281
2284
2270
2272
2292
2314
2324
2293
2292
2293
2323
2298
2316
2267
2297
2295
2311
2272
2292
2304
2328
2296
2316
2267
2324
2314
2326
2270
2305
2253
2286
2264
2277
2236
2262
2259
2291
2260
2265
2241
2291
2263
2283
2259
2263
2288
2312
2308
2302
2283
2314
2320
2305
2308
2294
2314
2324
2326
2313
2309
2294
2354
2315
2326
2293
2321
2307
2312
2283
2296
2248
2296
2256
2290
2258
2299
2272
2302
2271
2285
2244
2270
2232
2233
2190
2188
2190
2230
2197
2221
2205
2247
2245
2242
2232
2232
2257
2261
2231
2238
2242
2247
2278
2267
2258
2233
2247
2234
2230
2187
2206
2182
2226
2182
2203
2187
2237
2234
2277
2232
2254
2239
2284
2249
2295
2241
2286
2277
2308
2263
2291
2277
2270
2248
2240
2209
2240
2237
2242
2202
2202
2205
2217
2234
2202
2206
2198
2216
2191
2231
2175
2197
2169
2194
2148
2171
2139
2182
2160
2190
2148
2174
2149
2207
2174
2208
2157
2204
2188
2224
2162
2198
2172
2222
2207
2232
2210
2241
2231
2270
2270
2256
2246
2267
2269
2257
2228
2236
2233
2221
2230
2190
2194
2186
2185
2139
2147
2094
2144
2116
2153
2093
2131
2125
2181
2140
2185
2130
2198
2177
2206
2147
2186
2157
2216
2158
2180
2120
2180
2123
2159
2124
2108
2076
2112
2076
2086
2052
2051
2089
2074
2052
2034
2051
2041
2042
2035
2084
2064
2131
2093
2109
2074
2119
2074
2141
2064
2108
2054
2121
2059
2089
2031
2066
2024
2076
2022
2053
1995
2052
2002
2009
1958
1972
1947
1975
1924
1931
1888
1885
1891
1879
1872
1877
1902
1931
1958
1922
1930
1907
1942
1907
1913
1890
1932
1905
1974
1923
1968
1937
2013
1962
2036
1977
2023
1979
2029
1958
1990
1933
1979
1964
1988
1935
1985
1970
2013
1955
1960
1937
1964
1966
1972
1971
2004
2012
2023
2048
2030
2034
2034
2059
2047
2036
2006
2071
2045
2073
2019
2032
2008
2036
1989
2026
1959
2010
1979
2030
1964
2017
1992
2054
1998
2006
1942
2008
1974
1999
1946
1959
1934
1973
1938
1948
1897
1933
1926
1928
1918
1924
1935
1953
1947
1953
1964
1950
1997
1984
2003
1983
2019
2012
2031
1994
2022
1977
2030
1998
2009
1961
1980
1934
1958
1881
1901
1843
1912
1868
1930
1915
1948
1952
2006
1980
2010
1976
2014
2021
2032
2012
2019
2006
2036
1992
1990
1986
1969
1979
1964
1936
1910
1924
1902
1925
1867
1858
1843
1876
1857
1883
1882
1924
1929
1998
1966
1995
1984
2031
2005
2031
1990
2020
1998
2020
2001
1977
2008
1977
1989
1930
1975
1963
1996
1967
2042
2003
2061
2035
2058
2015
2060
2052
2079
2035
2050
2016
2039
1997
2004
1954
1959
1953
1957
1936
1928
1901
1933
1909
1916
1926
1921
1959
1982
1993
1983
1974
1960
1990
1976
2002
1986
2020
2029
2043
2039
2076
2056
2096
2059
2088
2042
2092
2053
2082
2022
2037
2010
2064
2025
2066
2053
2084
2087
2121
2085
2106
2095
2136
2094
2063
2027
2035
2034
2054
2012
2015
2003
2020
2052
2048
2071
2092
2126
2122
2133
2070
2100
2081
2110
2059
2062
2031
2067
2054
2091
2034
2079
2057
2111
2060
2123
2078
2132
2100
2130
2058
2111
2078
2112
2075
2101
2076
2130
2106
2127
2092
2120
2115
2123
2111
2100
2081
2097
2111
2094
2099
2049
2067
2048
2073
2050
2054
2015
2081
2035
2077
2024
2074
2037
2089
2043
2096
2019
2084
2051
2104
2046
2116
2073
2131
2087
2111
2044
2108
2077
2119
2101
2101
2073
2111
2099
2115
2091
2148
2141
2127
2130
2111
2132
2146
2140
2122
2121
2060
2129
2104
2133
2080
2125
2112
2158
2098
2139
2084
2167
2129
2178
2123
2186
2151
2208
2146
2179
2128
2195
2140
2201
2167
2191
2169
2193
2139
2169
2138
2127
2139
2133
2119
2112
2124
2126
2092
2080
2096
2055
2103
2053
2078
2038
2079
2034
2120
2056
2109
2063
2145
2083
2121
2078
2110
2063
2108
2046
2091
2033
2087
2051
2072
2028
2051
2048
2094
2064
2094
2088
2085
2103
2102
2103
2085
2077
2076
2074
2031
2063
2024
2080
2051
2073
2044
2090
2077
2134
2077
2120
2071
2127
2061
2101
2032
2071
2027
2067
1985
1999
1958
1978
1936
1945
1889
1928
1907
1930
1853
1885
1871
1895
1885
1876
1854
1873
1861
1836
1849
1807
1833
1844
1855
1828
1830
1792
1837
1810
1826
1782
1809
1793
1842
1818
1868
1822
1883
1877
1930
1885
1918
1892
1947
1912
1943
1918
1972
1949
1990
1987
2001
1978
2018
1982
2013
1967
1994
1961
1959
1943
1944
1954
1978
1967
1979
1971
1962
2004
2012
2002
1967
1976
1964
1957
1929
1944
1926
1955
1929
1931
1890
1883
1835
1850
1775
1793
1763
1791
1763
1798
1772
1815
1826
1901
1877
1924
1918
1979
1983
2009
1979
2000
1997
2043
2012
2035
2017
2048
2061
2065
2028
2028
2030
2014
1992
1968
1940
1929
1932
1920
1905
1904
1914
1915
1921
1898
1903
1914
1938
1908
1932
1894
1956
1966
2001
1955
1988
1981
2038
2011
2042
2020
2074
2068
2102
2082
2105
2076
2117
2089
2117
2071
2115
2081
2111
2090
2094
2092
2132
2123
2139
2125
2109
2111
2111
2108
2095
2090
2106
2116
2098
2112
2073
2105
2116
2108
2085
2101
2079
2127
2090
2113
2075
2139
2131
2187
2146
2179
2140
2201
2165
2198
2143
2165
2168
2209
2154
2171
2138
2190
2128
2133
2099
2090
2093
2109
2096
2103
2113
2132
2162
2141
2133
2147
2165
2153
2134
2116
2122
2113
2133
2080
2102
2082
2129
2108
2143
2079
2117
2097
2132
2061
2089
2048
2082
2051
2078
2018
2056
2047
2097
2080
2107
2056
2105
2075
2099
2049
2085
2056
2094
2081
2104
2103
2132
2119
2127
2141
2133
2164
2171
2190
2177
2173
2172
2179
2114
2130
2064
2108
2087
2127
2095
2134
2069
2145
2121
2171
2108
2164
2125
2177
2117
2145
2092
2174
2138
2186
2131
2189
2183
2224
2184
2190
2150
2203
2169
2169
2156
2130
2148
2147
2137
2147
2134
2121
2182
2159
2170
2139
2188
2180
2186
2112
2151
2087
2162
2087
2103
2008
2061
2004
2049
1978
2023
1982
2069
2003
2031
1988
2029
2025
2082
2042
2074
2059
2131
2119
2131
2126
2124
2146
2144
2107
2109
2099
2074
2096
2054
2062
2027
2065
2045
2069
2006
2050
2006
2069
2041
2081
2042
2085
2057
2112
2057
2092
2058
2137
2080
2124
2066
2082
2050
2078
2007
2019
1971
1976
1977
1986
1981
2005
2028
2067
2050
2075
2086
2081
2090
2067
2042
2035
2034
1992
1982
1932
1945
1929
1953
1926
1933
1868
1918
1870
1877
1809
1827
1798
1815
1761
1781
1735
1808
1798
1854
1799
1861
1854
1910
1872
1899
1864
1916
1895
1923
1923
1932
1927
1958
1939
1963
1952
2000
2025
2035
2038
2026
2047
2040
2040
2026
2041
2020
2068
2048
2054
2008
2041
2026
2054
2018
2054
2003
2053
1998
2013
1965
1997
1979
2022
1991
2010
1983
2037
1999
2021
2014
2009
1994
2022
2009
2038
2024
2053
2087
2086
2084
2081
2101
2124
2111
2075
2093
2061
2100
2097
2088
2051
2089
2066
2116
2090
2131
2100
2142
2108
2116
2093
2107
2079
2123
2091
2118
2083
2144
2118
2133
2091
2107
2097
2140
2086
2097
2077
2101
2113
2115
2102
2115
2126
2147
2142
2125
2124
2141
2151
2136
2122
2112
2115
2108
2125
2094
2093
2083
2096
2078
2099
2072
2111
2106
2154
2116
2138
2110
2148
2114
2119
2064
2089
2054
2078
2026
2062
2012
2065
2044
2079
2045
2095
2072
2085
2060
2061
2027
2074
2051
2056
2018
2028
2024
2033
2031
2032
2011
2034
2034
2025
2051
2009
2046
2038
2049
2005
2003
1972
2032
1995
2034
1988
2060
2040
2071
2049
2090
2029
2094
2048
2059
1988
2033
1991
2031
1984
2023
1979
2045
2003
2042
2030
2041
2041
2073
2026
2037
2018
2042
2010
1985
1973
1955
1973
1961
1942
1928
1936
1903
1960
1924
1967
1959
2027
2014
2093
2048
2107
2076
2132
2082
2116
2058
2126
2088
2126
2053
2086
2049
2101
2059
2114
2079
2091
2065
2095
2046
2093
2063
2061
2084
2083
2076
2093
2098
2104
2090
2094
2119
2099
2128
2084
2102
2098
2144
2118
2179
2116
2149
2113
2177
2136
2158
2096
2138
2093
2134
2061
2107
2068
2117
2083
2126
2066
2130
2118
2166
2116
2170
2139
2165
2146
2150
2111
2139
2124
2124
2103
2073
2071
2073
2076
2058
2044
2054
2087
2066
2106
2063
2125
2134
2175
2137
2180
2123
2202
2146
2183
2106
2158
2118
2170
2095
2132
2083
2142
2089
2123
2066
2122
2131
2185
2135
2179
2134
2198
2166
2185
2163
2167
2189
2214
2184
2183
2172
2183
2223
2178
2179
2156
2202
2184
2159
2131
2181
2115
2169
2132
2150
2093
2141
2102
2150
2087
2130
2085
2166
2114
2163
2124
2177
2155
2201
2160
2198
2153
2196
2158
2161
2109
2117
2113
2155
2118
2135
2126
2120
2146
2130
2133
2127
2140
2142
2130
2078
2079
2053
2091
2038
2026
1991
2012
1995
2026
1977
2018
2004
2039
1986
2027
1975
2022
2009
2049
1992
2029
2030
2083
2054
2067
2035
2086
2084
2092
2050
2061
2027
2043
2027
2019
1986
2007
2001
1997
2007
2002
2011
2030
2044
2027
2017
2002
2014
1984
1975
1933
1936
1922
1923
1877
1893
1842
1885
1855
1869
1846
1877
1865
1914
1885
1915
1870
1904
1876
1907
1875
1891
1872
1923
1903
1932
1906
1967
1958
1965
1953
1951
1933
1948
1914
1899
1876
1865
1882
1897
1891
1879
1877
1898
1934
1922
1932
1912
1966
1957
1980
1954
1991
1975
2029
1987
2019
1986
2034
1998
2054
2011
2037
2018
2068
2027
2050
2022
2055
2057
2071
2032
2057
2044
2074
2031
2040
2008
2025
2038
2031
1997
1999
2000
1984
1990
1941
1920
1912
1917
1889
1879
1843
1873
1864
1927
1890
1925
1941
2005
2013
2043
2005
2056
2045
2074
2024
2052
2015
2059
2021
2023
1974
2009
1999
2033
2025
2032
2024
2042
2070
2087
2072
2076
2083
2091
2112
2087
2102
2107
2142
2130
2148
2109
2144
2117
2155
2101
2100
2045
2064
2031
2051
1997
2037
2029
2091
2048
2100
2070
2127
2105
2160
2114
2149
2143
2192
2173
2181
2166
2198
2199
2210
2174
2166
2177
2179
2195
2191
2190
2213
2233
2227
2246
2189
2234
2197
2221
2164
2169
2127
2179
2130
2159
2098
2161
2136
2174
2119
2144
2114
2171
2122
2164
2131
2181
2157
2192
2164
2167
2142
2175
2128
2135
2128
2105
2131
2132
2119
2110
2139
2153
2164
2103
2136
2079
2124
2086
2108
2051
2100
2068
2137
2084
2137
2100
2183
2135
2181
2137
2171
2140
2183
2121
2158
2091
2122
2115
2135
2117
2123
2118
2162
2149
2146
2154
2135
2163
2131
2125
2091
2120
2086
2150
2074
2112
2071
2134
2084
2127
2081
2133
2090
2134
2063
2096
2045
2104
2047
2062
2013
2050
2044
2087
2038
2066
2068
2073
2095
2098
2094
2107
2145
2150
2167
2129
2159
2153
2208
2163
2188
2152
2178
2130
2163
2087
2107
2032
2071
1971
2001
1936
1990
1953
1987
1938
1985
1954
2006
2030
2032
2024
2055
2049
2065
2057
2065
2095
2092
2112
2073
2075
2061
2094
2089
2039
2074
2083
2090
2041
2051
2038
2084
5835
2134
2120
2126
2128
2122
2121
2127
2133
2139
2138
2142
2142
2133
2119
2102
2087
2090
2092
2085
2079
2078
2083
2075
2079
2068
2058
2041
2051
2049
2062
2084
2100
2115
2134
2120
2110
2107
2105
2087
2077
2062
2049
2031
2015
2012
2019
2030
2033
2033
2051
2063
2073
2088
2100
2105
2103
2104
2103
2072
2057
2037
2022
1985
1972
1964
1960
1963
1963
1960
1971
1973
1978
1978
1998
2017
2035
2051
2061
2072
2105
2117
2127
2137
2147
2147
2132
2124
2125
2115
2102
2093
2074
2061
2051
2036
2041
2042
2052
2055
2060
2067
2060
2065
2063
2074
2070
2090
2094
2103
2100
2120
2131
2131
2118
2123
2119
2118
2117
2117
2114
2109
2091
2075
2089
2091
2088
2072
2078
2070
2075
2074
2074
2083
2089
2091
2096
2094
2087
2113
2116
2116
2127
2129
2137
2146
2150
2171
2171
2166
2161
2139
2127
2112
2104
2098
2082
2074
2068
2075
2071
2079
2088
2105
2110
2115
2112
2098
2091
2086
2073
2071
2055
2070
2081
2092
2091
2079
2063
2068
2062
2062
2063
2048
2039
2028
2027
2026
2021
2006
2013
2009
2003
2006
2010
2016
2005
2003
2009
2002
2006
2012
2010
2026
2030
2027
2026
2026
2028
2013
1996
1993
1988
1984
1975
1983
1980
1972
1979
1987
1976
1987
1997
2006
2019
2026
2036
2021
2025
2022
2034
2033
2023
2006
2001
1995
1983
1969
1965
1968
1971
1989
2000
2018
2041
2050
2049
2024
1998
1964
1929
1910
1885
1861
1863
1852
1857
1863
1881
1904
1921
1938
1950
1949
1947
1955
1969
1982
1983
1966
1956
1933
1937
1910
1884
1859
1846
1836
1841
1833
1848
1874
1882
1884
1893
1909
1915
1920
1917
1921
1933
1950
1943
1931
1932
1933
1943
1939
1923
1914
1911
1907
1906
1910
1907
1900
1885
1872
1869
1849
1833
1809
1811
1810
1817
1830
1859
1878
1898
1911
1924
1920
1927
1934
1940
1926
1924
1913
1920
1920
1913
1929
1941
1950
1956
1950
1951
1958
1944
1933
1915
1903
1869
1850
1850
1853
1855
1891
1899
1907
1909
1923
1942
1953
1951
1953
1948
1940
1940
1950
1947
1971
1982
2001
1995
2005
2012
2026
2015
2013
2015
1997
1972
1950
1927
1935
1923
1907
1901
1907
1927
1929
1922
1933
1937
1942
1942
1955
1966
1979
1982
1978
2001
2030
2038
2042
2028
2033
2018
2009
1992
1974
1967
1959
1957
1967
1977
1987
2008
2031
2047
2063
2072
2075
2093
2100
2106
2104
2107
2098
2097
2094
2107
2109
2123
2132
2140
2145
2152
2155
2160
2146
2132
2103
2080
2034
2009
1997
1994
1984
1985
1982
1981
1993
2018
2023
2024
2029
2026
2008
1987
1979
1979
1967
1959
1950
1943
1953
1966
1981
2000
2031
2041
2066
2066
2061
2050
2027
1990
1975
1950
1927
1897
1891
1896
1907
1916
1930
1942
1957
1979
1995
2012
2017
2017
2008
1994
1973
1945
1944
1939
1944
1969
2003
2008
2030
2035
2036
2046
2058
2049
2035
2018
2022
2020
2020
2006
2000
1974
1949
1941
1924
1923
1934
1939
1933
1958
1971
1981
1996
1994
1984
1982
1972
1967
1970
1981
1968
1961
1958
1955
1948
1948
1934
1919
1909
1897
1885
1868
1857
1854
1860
1853
1849
1849
1839
1829
1821
1835
1831
1845
1854
1866
1869
1882
1870
1869
1845
1822
1811
1783
1753
1737
1744
1741
1745
1765
1781
1821
1848
1873
1903
1937
1955
1977
1987
2000
2011
2029
2055
2049
2041
2041
2043
2050
2049
2035
2051
2065
2067
2079
2073
2078
2069
2079
2083
2098
2105
2110
2107
2106
2095
2086
2079
2082
2084
2081
2082
2087
2102
2105
2115
2104
2099
2092
2100
2079
2066
2060
2038
2023
2005
1988
1987
1970
1971
1944
1946
1940
1940
1935
1932
1919
1939
1961
1986
1995
1987
1981
1967
1954
1936
1928
1915
1915
1894
1887
1881
1867
1854
1830
1811
1827
1847
1853
1855
1861
1854
1842
1823
1802
1790
1789
1767
1756
1747
1735
1739
1743
1749
1775
1797
1822
1839
1851
1857
1873
1881
1873
1860
1857
1848
1833
1808
1784
1770
1762
1745
1728
1720
1720
1716
1708
1694
1675
1667
1644
1651
1652
1667
1659
1673
1687
1692
1700
1712
1701
1709
1733
1736
1752
1783
1804
1819
1825
1837
1849
1849
1855
1859
1866
1864
1858
1862
1869
1857
1869
1874
1881
1871
1861
1856
1861
1849
1834
1835
1861
1867
1862
1868
1879
1881
1895
1919
1928
1933
1934
1955
1962
1969
1971
1959
1966
1966
1967
1995
2006
2006
1991
1995
1996
2000
1989
1983
1994
1978
1987
1989
1995
2006
2017
2017
2021
2016
1997
1988
1989
1982
1969
1955
1975
1982
1983
1979
1978
1973
1961
1960
1963
1972
1957
1944
1928
1937
1918
1925
1927
1939
1933
1917
1910
1897
1896
1890
1886
1891
1887
1895
1893
1874
1865
1859
1843
1835
1829
1827
1811
1819
1832
1831
1835
1840
1841
1843
1845
1837
1855
1857
1873
1876
1890
1913
1941
1952
1956
1962
1981
1991
2003
1997
2004
1985
1985
1972
1971
1958
1935
1917
1900
1889
1871
1851
1863
1870
1876
1883
1887
1905
1924
1936
1931
1928
1917
1920
1913
1924
1924
1947
1949
1961
1965
1973
1978
1982
1969
1970
1963
1954
1962
1966
1979
1986
1992
2014
2031
2022
2033
2049
2069
2080
2077
2078
2079
2079
2072
2043
2030
2025
2015
2010
2012
2019
2007
2008
2015
2034
2053
2072
2090
2100
2111
2092
2088
2075
2055
2036
2028
2022
2001
1990
1968
1949
1935
1907
1886
1865
1857
1839
1841
1854
1867
1899
1915
1935
1952
1988
2007
2005
2013
2038
2049
2065
2067
2087
2078
2066
2074
2073
2086
2095
2096
2090
2104
2114
2136
2153
2146
2129
2107
2082
2059
2046
2036
2026
2028
2044
2057
2049
2044
2038
2030
2025
2021
2013
2015
2014
2021
2014
1992
1997
1997
1993
1999
2020
2038
2052
2072
2111
2128
2148
2158
2158
2153
2153
2151
2148
2141
2134
2133
2146
2144
2147
2142
2135
2147
2158
2164
2144
2140
2143
2135
2104
2080
2065
2059
2051
2039
2038
2048
2047
2068
2093
2107
2116
2134
2151
2158
2159
2169
2172
2169
2153
2145
2132
2138
2124
2131
2138
2132
2114
2115
2105
2092
2093
2090
2077
2083
2056
2037
2011
1980
1950
1935
1925
1924
1924
1940
1963
1990
2024
2039
2065
2066
2075
2088
2100
2096
2104
2087
2085
2089
2090
2101
2111
2101
2100
2100
2106
2107
2126
2119
2116
2134
2139
2139
2136
2127
2143
2153
2160
2161
2144
2151
2127
2130
2143
2153
2157
2167
2174
2165
2149
2142
2132
2109
2107
2101
2111
2125
2121
2131
2149
2156
2143
2152
2151
2155
2159
2182
2194
2211
2211
2212
2211
2223
2235
2246
2253
2283
2290
2291
2286
2284
2294
2280
2261
2252
2256
2256
2261
2267
2264
2260
2262
2261
2266
2272
2281
2298
2297
2281
2266
2256
2249
2217
2207
2182
2169
2170
2173
2163
2172
2185
2200
2212
2216
2220
2218
2215
2204
2184
2177
2157
2150
2135
2125
2123
2138
2159
2158
2163
2167
2177
2188
2197
2193
2206
2247
2259
2274
2279
2287
2306
2316
2316
2310
2306
2281
2275
2271
2271
2267
2258
2243
2234
2216
2218
2215
2218
2220
2219
2212
2206
2201
2208
2217
2213
2211
2217
2215
2216
2231
2230
2232
2230
2232
2235
2220
2220
2220
2203
2193
2186
2168
2145
2148
2154
2153
2140
2126
2128
2126
2112
2093
2077
2077
2083
2105
2114
2123
2120
2113
2113
2110
2095
2100
2074
2057
2046
2041
2030
2026
2005
2004
2005
1988
1978
1957
1947
1940
1948
1956
1961
1957
1965
1985
1996
1997
2013
2016
2021
2022
2023
2035
2026
2009
1996
1974
1967
1967
1971
1971
1980
1987
2006
2020
2012
1999
1962
1935
1923
1906
1904
1896
1896
1906
1913
1900
1896
1882
1860
1836
1807
1781
1750
1715
1684
1662
1640
1642
1658
1691
1701
1740
1763
1786
1787
1783
1783
1765
1741
1719
1698
1677
1671
1669
1661
1656
1657
1671
1685
1698
1717
1726
1728
1729
1724
1736
1732
1711
1690
1667
1663
1642
1620
1587
1577
1563
1554
1549
1541
1555
1557
1549
1549
1557
1589
1630
1664
1690
1718
1757
1782
1781
1779
1769
1754
1739
1735
1747
1757
1783
1815
1828
1860
1896
1934
1960
1994
2020
2034
2044
2045
2053
2063
2094
2100
2086
2088
2088
2096
2092
2092
2080
2086
2078
2056
2046
2025
1997
1970
1971
1961
1945
1950
1952
1959
1965
1973
1994
2012
2042
2060
2099
2118
2138
2135
2137
2147
2153
2144
2150
2145
2148
2139
2127
2115
2106
2103
2110
2096
2095
2093
2090
2087
2103
2117
2138
2144
2151
2150
2134
2137
2114
2113
2111
2110
2118
2105
2095
2076
2084
2092
2096
2086
2072
2050
2025
2024
2031
2059
2073
2089
2110
2093
2100
2108
2127
2143
2152
2165
2171
2164
2155
2142
2161
2157
2172
2163
2154
2126
2103
2097
2091
2101
2107
2093
2092
2095
2100
2111
2112
2131
2155
2165
2171
2193
2202
2223
2223
2227
2226
2243
2250
2264
2258
2260
2247
2237
2252
2266
2276
2278
2282
2278
2274
2277
2266
2259
2255
2255
2222
2207
2208
2212
2214
2213
2199
2184
2192
2198
2208
2199
2197
2196
2183
2173
2186
2183
2189
2178
2182
2188
2184
2184
2196
2182
2174
2156
2151
2154
2149
2136
2132
2130
2144
2141
2162
2165
2162
2161
2144
2152
2153
2159
2160
2161
2177
2174
2184
2173
2158
2150
2134
2137
2136
2122
2128
2126
2123
2130
2134
2155
2159
2184
2178
2178
2169
2177
2191
2199
2199
2188
2193
2177
2159
2148
2125
2113
2093
2076
2053
2033
2033
2031
2044
2062
2090
2110
2111
2102
2099
2097
2096
2070
2062
2051
2050
2052
2048
2046
2045
2030
2032
2037
2048
2039
2037
2028
2021
2021
2036
2035
2035
2030
2037
2035
2036
2024
2016
2018
2041
2049
2063
2087
2107
2130
2146
2130
2100
2092
2090
2086
2081
2080
2069
2087
2104
2119
2129
2132
2118
2107
2102
2085
2086
2082
2074
2072
2072
2069
2078
2087
2082
2087
2084
2085
2073
2075
2078
2069
2058
2058
2051
2029
1996
1949
1905
1872
1835
1802
1755
1709
1702
1704
1717
1759
1793
1830
1856
1886
1899
1902
1902
1902
1894
1882
1891
1896
1912
1931
1944
1952
1962
1972
1984
1992
2017
2054
2080
2083
2097
2093
2071
2067
2063
2064
2058
2051
2038
2033
2019
2027
2039
2071
2081
2091
2113
2134
2156
2165
2179
2193
2202
2217
2225
2209
2194
2186
2184
2174
2187
2183
2175
2183
2198
2197
2198
2204
2211
2208
2196
2198
2181
2151
2118
2099
2086
2075
2085
2078
2099
2118
2150
2177
2207
2226
2243
2239
2230
2223
2205
2181
2156
2131
2107
2090
2056
2027
2023
2010
2009
2000
1989
1982
1977
1965
1942
1930
1912
1903
1905
1907
1902
1912
1923
1941
1949
1963
1976
1955
1936
1922
1915
1904
1904
1896
1894
1889
1900
1907
1917
1915
1927
1927
1943
1947
1966
1985
2016
2045
2077
2093
2109
2096
2092
2082
2068
2044
2026
2001
1983
1963
1928
1908
1913
1911
1897
1899
1933
1950
1967
1979
2000
2017
2035
2040
2060
2079
2092
2111
2116
2107
2088
2077
2068
2060
2046
2026
1997
1982
1968
1971
1962
1955
1925
1918
1911
1911
1895
1901
1896
1914
1895
1893
1875
1872
1872
1872
1913
1935
1953
1963
1969
1979
1990
1993
1985
1970
1978
1973
1965
1963
1955
1954
1941
1932
1942
1952
1965
1977
1995
2013
2052
2067
2083
2100
2120
2113
2102
2080
2066
2074
2086
2099
2113
2109
2114
2102
2107
2126
2136
2163
2167
2162
2151
2132
2133
2139
2120
2125
2131
2152
2150
2155
2157
2178
2179
2180
2192
2224
2199
2208
2187
2174
2153
2146
2138
2140
2135
2132
2133
2134
2123
2139
2137
2127
2127
2145
2154
2165
2179
2188
2184
2169
2153
2121
2094
2075
2055
2022
2016
2005
2013
1993
1993
2010
2033
2058
2072
2086
2110
2131
2152
2167
2182
2192
2199
2190
2198
2191
2203
2199
2203
2218
2228
2228
2215
2221
2239
2242
2230
2227
2233
2233
2219
2217
2211
2219
2209
2211
2208
2202
2179
2170
2139
2139
2124
2118
2126
2132
2132
2134
2136
2137
2124
2123
2119
2109
2101
2102
2104
2097
2073
2058
2040
2021
2015
2015
2022
2023
2038
2053
2085
2102
2106
2100
2104
2110
2105
2102
2097
2102
2092
2094
2098
2111
2115
2125
2137
2143
2127
2118
2103
2091
2099
2106
2122
2130
2135
2151
2132
2137
2135
2125
2133
2125
2114
2121
2108
2095
2079
2061
2058
2073
2093
2091
2083
2094
2089
2092
2094
2096
2099
2097
2110
2130
2134
2147
2170
2185
2202
2209
2212
2205
2197
2180
2162
2146
2128
2125
2121
2112
2104
2099
2100
2111
2125
2132
2133
2143
2154
2170
2176
2190
2211
2217
2237
2249
2239
2234
2235
2235
2242
2234
2213
2192
2182
2183
2178
2169
2167
2158
2155
2161
2156
2162
2153
2159
2163
2171
2182
2213
2235
2242
2251
2266
2269
2251
2246
2224
2207
2210
2215
2208
2219
2224
2222
2232
2239
2238
2246
2265
2275
2259
2256
2253
2250
2241
2253
2242
2240
2215
2195
2174
2175
2177
2176
2165
2183
2184
2169
2161
2149
2146
2151
2141
2121
2108
2104
2114
2116
2126
2144
2154
2160
2188
2205
2212
2231
2241
2251
2264
2264
2260
2250
2253
2231
2209
2183
2172
2148
2136
2122
2138
2141
2144
2143
2150
2156
2166
2163
2178
2186
2212
2211
2201
2178
2155
2131
2125
2123
2126
2121
2135
2146
2174
2199
2207
2222
2212
2214
2230
2232
2226
2227
2239
2243
2240
2228
2222
2215
2202
2205
2194
2193
2195
2192
2194
2210
2228
2234
2245
2249
2257
2271
2271
2258
2240
2234
2216
2212
2200
2190
2184
2177
2166
2167
2178
2177
2180
2179
2182
2181
2183
2202
2190
2171
2162
2169
2178
2166
2171
2163
2163
2173
2188
2196
2228
2241
2237
2229
2216
2201
2197
2165
2146
2126
2124
2097
2092
2084
2082
2082
2089
2083
2095
2107
2117
2128
2133
2131
2152
2158
2159
2168
2170
2168
2168
2188
2174
2169
2170
2151
2127
2133
2128
2131
2120
2127
2115
2111
2101
2105
2091
2081
2097
2104
2091
2092
2083
2072
2057
2069
2083
2104
2115
2101
2092
2079
2087
2080
2083
2095
2101
2085
2080
2073
2062
2067
2073
2054
2060
2051
2029
1996
1987
1971
1980
1965
1976
1998
2015
2033
2039
2043
2059
2080
2092
2092
2104
2118
2134
2124
2112
2101
2099
2104
2099
2098
2100
2099
2101
2105
2113
2128
2146
2168
2173
2180
2178
2179
2161
2162
2163
2162
2145
2122
2111
2113
2122
2118
2118
2123
2129
2133
2141
2149
2129
2134
2114
2114
2120
2112
2103
2093
2095
2091
2092
2087
2075
2074
2072
2055
2054
2063
2088
2085
2083
2090
2107
2114
2109
2111
2104
2088
2089
2087
2094
2080
2054
2009
1986
1967
1945
1938
1919
1892
1870
1858
1847
1833
1803
1771
1752
1739
1741
1731
1727
1736
1749
1771
1780
1790
1782
1783
1785
1752
1726
1701
1683
1684
1694
1711
1725
1739
1743
1752
1800
1839
1869
1899
1905
1889
1864
1827
1816
1805
1799
1806
1812
1822
1825
1836
1852
1849
1849
1836
1823
1820
1799
1772
1743
1725
1705
1695
1696
1691
1681
1699
1723
1762
1789
1820
1867
1886
1907
1917
1923
1928
1922
1921
1925
1916
1926
1922
1934
1941
1955
1980
2003
2006
2002
2010
2008
2004
2006
2018
2019
2021
2027
2035
2055
2063
2048
2027
2006
1981
1979
1971
1955
1946
1948
1947
1963
1983
2006
2018
2033
2041
2053
2065
2072
2078
2100
2106
2118
2106
2103
2082
2073
2057
2044
2035
2035
2031
2027
2058
2066
2065
2062
2074
2087
2094
2106
2115
2115
2115
2129
2143
2142
2128
2125
2118
2100
2096
2088
2083
2073
2083
2062
2051
2023
2012
2002
2008
1995
1998
2005
2019
2024
2039
2038
2056
2075
2078
2071
2085
2103
2111
2123
2125
2124
2145
2158
2169
2164
2167
2171
2164
2168
2164
2146
2132
2120
2106
2099
2086
2117
2130
2148
2161
2166
2170
2180
2194
2201
2205
2208
2186
2179
2175
2178
2157
2150
2144
2145
2141
2132
2133
2140
2153
2155
2170
2163
2148
2137
2136
2147
2144
2129
2137
2148
2170
2176
2190
2195
2209
2209
2208
2207
2200
2196
2194
2183
2167
2143
2138
2113
2080
2072
2067
2055
2043
2039
2048
2042
2023
2015
2012
2018
2016
2016
2024
2027
2050
2060
2076
2099
2115
2118
2137
2138
2133
2131
2127
2132
2114
2115
2113
2100
2102
2117
2120
2118
2119
2118
2103
2099
2073
2057
2030
2017
2014
2020
2028
2041
2062
2068
2075
2092
2107
2125
2112
2114
2137
2136
2144
2137
2139
2134
2125
2128
2124
2114
2113
2103
2107
2091
2082
2071
2077
2081
2072
2065
2064
2065
2076
2076
2093
2096
2110
2112
2116
2125
2115
2107
2105
2097
2100
2103
2108
2102
2105
2111
2123
2125
2123
2120
2089
2053
2018
1991
1951
1939
1934
1965
1968
1982
1990
1996
1987
1990
1984
1973
1981
1984
1983
1990
1952
1948
1945
1936
1939
1946
1949
1956
1954
1958
1961
1953
1952
1949
1955
1952
1959
1974
1964
1971
1972
1975
1989
2008
2041
2061
2069
2081
2090
2086
2073
2070
2075
2071
2065
2063
2070
2060
2068
2060
2023
2004
1977
1952
1943
1942
1928
1916
1908
1911
1908
1896
1945
1947
1960
1995
2018
2021
2027
2031
2027
2044
2026
2021
2024
2050
2054
2043
2017
2007
2004
2010
2007
2020
2019
2044
2053
2053
2061
2074
2071
2062
2054
2055
2037
2029
2016
1991
1987
1986
1972
1965
1951
1948
1945
1944
1949
1941
1924
1924
1921
1935
1940
1940
1935
1943
1950
1941
1938
1941
1945
1955
1969
1984
1992
2008
2021
2015
2024
2031
2053
2045
2028
2018
2005
1987
2013
2023
2042
2059
2092
2095
2117
2127
2125
2127
2126
2107
2094
2081
2064
2056
2056
2031
2015
2007
2002
1984
1981
1973
1983
1998
2006
2011
2016
2040
2043
2036
2038
2041
2043
2036
2017
1989
1955
1939
1929
1932
1937
1945
1954
1983
1995
2026
2056
2090
2103
2123
2123
2119
2121
2120
2124
2112
2100
2099
2122
2127
2120
2115
2113
2107
2106
2095
2063
2044
2038
2035
2044
2046
2046
2025
2035
2033
2040
2042
2056
2051
2043
2053
2063
2051
2059
2056
2077
2086
2078
2074
2078
2085
2082
2089
2084
2085
2074
2084
2083
2082
2088
2092
2105
2119
2126
2142
2133
2122
2110
2118
2118
2124
2119
2113
2102
2090
2078
2067
2054
2044
2047
2069
2087
2115
2134
2146
2164
2169
2189
2201
2209
2231
2255
2279
2281
2269
2261
2279
2291
2301
2298
2296
2311
2313
2328
2347
2344
2331
2329
2324
2329
2321
2329
2333
2339
2334
2336
2331
2339
2333
2322
2301
2278
2261
2254
2265
2259
2254
2254
2256
2262
2278
2273
2287
2300
2306
2302
2320
2327
2333
2346
2360
2374
2382
2382
2375
2394
2405
2408
2408
2392
2401
2398
2394
2401
2403
2409
2412
2404
2396
2373
2360
2362
2363
2370
2377
2388
2394
2391
2398
2418
2435
2435
2436
2435
2434
2416
2418
2416
2416
2416
2417
2421
2410
2402
2399
2392
2382
2374
2375
2372
2370
2391
2387
2397
2388
2390
2386
2393
2393
2392
2414
2407
2392
2384
2370
2373
2386
2395
2401
2405
2418
2418
2420
2419
2402
2383
2391
2386
2384
2377
2364
2362
2384
2380
2370
2364
2365
2373
2367
2365
2360
2349
2352
2351
2352
2352
2358
2352
2362
2366
2356
2360
2340
2336
2328
2336
2334
2320
2322
2308
2282
2278
2282
2287
2283
2280
2291
2271
2259
2270
2288
2298
2293
2280
2298
2306
2303
2303
2302
2287
2296
2289
2279
2257
2243
2244
2255
2252
2256
2242
2254
2262
2278
2283
2296
2300
2307
2320
2301
2291
2288
2290
2297
2292
2291
2300
2310
2318
2326
2331
2323
2312
2302
2293
2271
2267
2268
2271
2264
2265
2251
2251
2240
2212
2199
2168
2136
2118
2107
2118
2121
2132
2140
2144
2138
2132
2151
2164
2166
2177
2194
2209
2214
2218
2232
2253
2259
2258
2254
2247
2238
2230
2225
2224
2210
2205
2210
2208
2204
2186
2167
2165
2160
2144
2144
2130
2116
2126
2141
2156
2170
2178
2187
2209
2221
2216
2207
2192
2195
2173
2161
2149
2157
2142
2133
2113
2116
2111
2139
2147
2156
2165
2174
2182
2190
2182
2160
2153
2143
2138
2131
2131
2127
2126
2126
2131
2137
2137
2130
2100
2078
2057
2028
2009
1986
1988
1975
2000
2006
2028
2043
2071
2076
2074
2075
2075
2058
2046
2044
2018
1991
1969
1960
1961
1957
1948
1942
1937
1931
1951
1971
1996
2021
2033
2050
2062
2079
2081
2114
2144
2155
2153
2159
2164
2164
2162
2141
2122
2109
2104
2100
2090
2092
2092
2103
2114
2110
2119
2126
2130
2128
2126
2125
2120
2112
2106
2099
2103
2095
2087
2076
2057
2030
2025
1995
1975
1950
1938
1914
1889
1877
1845
1813
1793
1769
1759
1755
1772
1802
1827
1850
1876
1903
1940
1943
1957
1987
2003
2017
2039
2045
2035
2033
2035
2021
2005
1995
1986
1972
1980
1976
1966
1959
1942
1949
1960
1964
1971
1988
2007
2030
2035
2037
2044
2054
2059
2069
2050
2037
2021
2003
2009
2004
1999
2002
2001
2003
2013
2014
2007
2007
2002
1991
1987
1990
2006
1995
1976
1960
1959
1965
1977
1979
1974
1981
1997
2010
2005
1993
1988
1987
1990
2010
2017
2024
2004
1987
1975
1971
1973
1980
1989
2005
2022
2033
2057
2084
2109
2114
2134
2148
2156
2145
2135
2129
2108
2068
2035
2005
1973
1947
1921
1922
1906
1903
1898
1898
1876
1856
1862
1874
1876
1890
1896
1906
1917
1924
1926
1913
1897
1902
1926
1936
1928
1927
1931
1928
1920
1931
1940
1938
1945
1941
1946
1941
1951
1959
1967
1973
2002
2025
2040
2052
2071
2078
2084
2085
2069
2060
2041
2026
2005
1997
1988
1974
1959
1942
1931
1915
1910
1918
1928
1948
1964
1989
2004
2018
2021
2038
2042
2064
2070
2077
2072
2069
2055
2035
2019
2003
1999
2000
2023
2032
2041
2052
2064
2072
2072
2058
2042
2020
2004
1983
1966
1935
1918
1906
1917
1924
1950
1956
1968
1967
1977
1979
1980
1983
1966
1959
1955
1967
1976
1992
1993
1995
2002
1992
1992
2005
2010
2020
2022
2023
2024
2007
1994
1982
1948
1925
1905
1892
1885
1890
1895
1914
1930
1961
1984
1999
2005
2002
1986
1969
1947
1933
1907
1892
1879
1867
1866
1882
1888
1899
1933
1957
1973
1980
1998
2035
2064
2084
2131
2135
2146
2139
2148
2145
2130
2124
2112
2087
2061
2044
2038
2019
2010
2003
2017
2029
2037
2041
2049
2037
2035
2046
2042
2034
2040
2050
2057
2065
2077
2090
2091
2090
2090
2088
2075
2072
2077
2080
2087
2103
2117
2138
2158
2184
2183
2194
2204
2212
2197
2196
2202
2209
2230
2235
2230
2227
2227
2234
2222
2216
2220
2222
2196
2191
2187
2182
2155
2148
2137
2128
2138
2151
2167
2176
2194
2211
2206
2228
2249
2257
2263
2261
2265
2274
2276
2283
2284
2267
2246
2216
2204
2193
2189
2176
2160
2151
2155
2152
2163
2157
2167
2179
2193
2198
2203
2212
2232
2236
2234
2247
2262
2278
2275
2263
2264
2263
2271
2272
2279
2273
2262
2272
2284
2281
2266
2251
2243
2248
2253
2264
2269
2277
2290
2305
2308
2309
2307
2307
2311
2331
2343
2335
2332
2350
2348
2334
2333
2332
2336
2341
2333
2314
2320
2322
2327
2342
2349
2350
2350
2358
2365
2358
2354
2359
2361
2358
2358
2340
2321
2319
2313
2299
2302
2317
2323
2317
2299
2298
2314
2330
2332
2328
2335
2344
2343
2333
2326
2336
2353
2356
2353
2348
2344
2353
2366
2370
2375
2370
2373
2380
2396
2388
2381
2378
2382
2376
2352
2342
2340
2350
2361
2351
2358
2355
2364
2366
2360
2361
2338
2311
2322
2314
2310
2290
2259
2239
2241
2252
2254
2243
2253
2250
2246
2238
2234
2257
2262
2250
2252
2249
2257
2263
2261
2265
2282
2284
2288
2293
2287
2279
2260
2261
2260
2241
2240
2261
2275
2281
2290
2297
2306
2319
2320
2307
2298
2306
2306
2318
2326
2326
2322
2310
2304
2303
2291
2272
2253
2255
2249
2243
2243
2234
2226
2234
2237
2245
2249
2256
2256
2268
2265
2274
2271
2272
2255
2238
2225
2218
2216
2212
2202
2222
2231
2238
2236
2234
2242
2244
2239
2240
2245
2248
2256
2259
2253
2248
2260
2282
2275
2275
2270
2283
2302
2313
2314
2306
2294
2290
2282
2274
2262
2256
2246
2223
2203
2185
2172
2173
2152
2140
2145
2159
2174
2191
2192
2209
2208
2222
2231
2235
2226
2221
2209
2200
2188
2178
2179
2167
2143
2135
2119
2119
2107
2099
2086
2070
2063
2061
2046
2055
2061
2065
2068
2055
2064
2062
2071
2075
2078
2073
2080
2076
2071
2093
2121
2130
2144
2156
2151
2130
2121
2109
2097
2097
2105
2094
2087
2082
2061
2038
2039
2044
2035
2031
2012
1983
1967
1960
1937
1915
1889
1880
1878
1871
1871
1892
1896
1915
1929
1932
1929
1929
1922
1906
1879
1861
1836
1855
1877
1883
1904
1942
1970
1999
2019
2036
2041
2037
2008
2003
1985
1973
1961
1957
1964
1968
1972
1972
1981
1977
1980
1980
1972
1973
1980
1980
1983
1984
1985
1994
2015
2024
2043
2056
2067
2061
2067
2067
2079
2075
2066
2060
2056
2053
2031
2019
2022
2018
2003
2012
2003
2015
2026
2027
2019
2021
2011
1996
1993
1979
1968
1974
1950
1945
1935
1931
1929
1936
1933
1938
1952
1967
1994
2010
2010
2017
2020
2023
2020
2023
2025
2030
2039
2047
2048
2046
2055
2039
2027
2030
2026
2026
2015
2003
1983
1961
1946
1935
1915
1913
1931
1938
1955
1975
1996
2019
2031
2050
2052
2034
2019
2005
1995
1984
1989
1990
1991
1991
1967
1959
1948
1941
1925
1908
1896
1886
1868
1840
1822
1827
1809
1816
1845
1874
1907
1934
1963
1977
2008
2008
2005
2005
2006
1999
1995
1966
1934
1933
1931
1938
1942
1948
1963
1965
1964
1963
1970
1966
1980
1973
1994
2008
2010
1999
1994
1998
2007
2008
2004
1975
1943
1932
1908
1890
1852
1823
1815
1809
1809
1829
1844
1864
1874
1895
1926
1936
1956
1971
1983
1978
1981
1976
1998
2003
2007
2020
2045
2067
2075
2082
2078
2067
2053
2034
2012
1997
1987
1984
2001
1997
2016
2039
2054
2065
2088
2099
2110
2103
2097
2090
2063
2035
2019
2019
2021
2012
2003
2019
2028
2040
2057
2080
2093
2117
2128
2130
2119
2118
2102
2090
2063
2064
2048
2050
2045
2061
2065
2066
2079
2099
2104
2122
2136
2147
2153
2148
2134
2131
2136
2130
2125
2126
2130
2124
2110
2099
2105
2092
2087
2093
2097
2097
2100
2091
2072
2056
2060
2054
2038
2031
2027
2016
2020
2003
1996
2012
2035
2048
2034
2026
2014
1995
2000
2002
2011
2001
2028
2050
2064
2083
2101
2108
2111
2120
2116
2122
2095
2091
2085
2081
2080
2093
2106
2126
2139
2143
2144
2143
2136
2143
2130
2128
2125
2131
2117
2123
2114
2123
2123
2126
2107
2104
2108
2109
2107
2118
2124
2136
2154
2167
2163
2178
2175
2164
2158
2147
2140
2141
2155
2177
2182
2183
2197
2186
2179
2169
2149
2135
2111
2085
2080
2091
2105
2100
2094
2086
2079
2079
2080
2084
2083
2083
2064
2076
2089
2087
2078
2084
2083
2076
2080
2080
2071
2056
2042
2056
2066
2069
2063
2073
2078
2077
2085
2088
2080
2089
2104
2117
2112
2097
2095
2082
2064
2068
2076
2079
2088
2089
2092
2093
2090
2091
2098
2112
2122
2137
2116
2104
2115
2125
2131
2111
2092
2066
2033
2006
1983
1971
1957
1922
1912
1892
1900
1904
1901
1906
1905
1903
1898
1889
1869
1850
1825
1821
1817
1801
1802
1795
1792
1805
1805
1799
1795
1789
1784
1792
1817
1828
1838
1846
1864
1877
1897
1904
1915
1926
1923
1920
1923
1939
1944
1957
1983
1986
2001
2013
2021
2022
2024
2026
2024
2011
2003
1995
2001
1985
1968
1947
1949
1939
1944
1951
1956
1966
1954
1945
1928
1930
1914
1904
1909
1900
1921
1934
1915
1890
1874
1841
1807
1762
1712
1682
1670
1661
1662
1680
1706
1742
1780
1821
1861
1878
1894
1908
1926
1946
1942
1951
1952
1968
1967
1982
2000
2024
2038
2040
2033
2014
1984
1959
1936
1928
1913
1901
1887
1869
1871
1869
1858
1842
1850
1860
1855
1866
1881
1884
1914
1925
1952
1958
1972
1974
1984
2000
2016
2029
2045
2058
2056
2056
2059
2080
2092
2093
2092
2095
2070
2059
2052
2042
2055
2069
2075
2092
2109
2127
2124
2126
2116
2095
2068
2060
2044
2061
2067
2076
2076
2098
2103
2117
2115
2116
2104
2099
2109
2099
2082
2092
2091
2103
2116
2125
2141
2163
2151
2165
2183
2194
2209
2213
2218
2213
2209
2198
2193
2172
2163
2146
2148
2147
2146
2153
2142
2146
2164
2159
2165
2177
2178
2179
2181
2178
2164
2151
2146
2138
2116
2112
2111
2107
2108
2118
2132
2117
2103
2100
2105
2082
2063
2056
2045
2025
1995
2013
2040
2060
2065
2061
2056
2045
2042
2045
2055
2055
2060
2071
2084
2106
2115
2113
2120
2124
2119
2132
2147
2172
2186
2195
2199
2196
2182
2173
2150
2144
2115
2106
2084
2072
2081
2094
2094
2103
2106
2119
2125
2134
2143
2133
2148
2150
2149
2162
2157
2172
2187
2190
2200
2207
2216
2206
2202
2201
2190
2172
2172
2158
2158
2143
2156
2154
2146
2147
2150
2146
2146
2142
2149
2148
2142
2131
2126
2105
2102
2068
2043
2027
2011
2001
1984
1968
1959
1970
1977
1980
1969
1975
1973
1978
1994
2007
2032
2063
2084
2095
2099
2110
2102
2105
2110
2103
2092
2101
2095
2070
2060
2043
2006
1997
1990
1985
1990
1998
2002
2010
2023
2042
2046
2053
2063
2059
2061
2070
2080
2076
2088
2083
2060
2046
2028
2013
2004
1988
1974
1957
1958
1971
1991
1993
2010
2029
2056
2076
2074
2075
2061
2036
2016
2013
1992
1958
1927
1918
1908
1880
1863
1855
1852
1848
1831
1797
1775
1761
1746
1719
1701
1699
1694
1704
1721
1741
1764
1786
1800
1803
1811
1828
1844
1860
1871
1872
1873
1875
1881
1895
1903
1907
1918
1924
1937
1951
1963
1986
2003
2015
2035
2055
2052
2066
2067
2062
2060
2055
2040
2032
2023
2023
2018
2017
2022
2021
2029
2017
2012
2013
2020
2014
2009
2014
1994
1986
1989
1982
1964
1956
1960
1981
2000
2020
2042
2052
2068
2085
2118
2113
2103
2117
2117
2117
2123
2097
2087
2086
2090
2084
2089
2093
2104
2129
2139
2142
2135
2138
2150
2134
2115
2100
2113
2100
2100
2106
2104
2108
2119
2113
2109
2098
2089
2071
2065
2070
2081
2098
2108
2101
2119
2129
2132
2120
2117
2132
2122
2100
2093
2096
2106
2115
2114
2105
2099
2089
2078
2080
2078
2089
2084
2085
2080
2080
2094
2105
2109
2112
2090
2079
2078
2078
2047
2038
2022
2013
2019
2025
2038
2054
2077
2081
2086
2097
2088
2082
2074
2057
2048
2027
2021
2039
2037
2032
2033
2032
2031
2024
2023
2018
2029
2036
2041
2033
2031
2020
2011
1989
1994
1997
2016
2023
2017
2031
2036
2014
2008
2008
2017
2027
2024
2026
2019
2009
2005
1992
1993
1984
1984
1992
2000
2018
2010
2009
2012
1998
1994
1994
1973
1974
1953
1935
1936
1934
1922
1913
1901
1905
1891
1905
1915
1949
1982
2003
2007
2039
2067
2079
2085
2092
2094
2088
2083
2075
2062
2064
2051
2047
2080
2078
2063
2065
2056
2046
2044
2037
2038
2041
2045
2046
2063
2076
2086
2102
2089
2086
2098
2108
2120
2128
2132
2134
2144
2151
2149
2156
2169
2170
2186
2192
2190
2177
2170
2151
2142
2134
2149
2147
2144
2138
2138
2125
2129
2133
2126
2134
2156
2172
2184
2189
2185
2179
2179
2162
2134
2126
2115
2105
2081
2082
2078
2071
2063
2068
2079
2081
2095
2117
2135
2174
2202
2214
2229
2243
2242
2248
2243
2232
2207
2190
2174
2172
2147
2124
2117
2093
2087
2099
2115
2118
2117
2121
2139
2148
2172
2180
2178
2189
2194
2192
2189
2190
2186
2190
2203
2192
2215
2219
2222
2220
2231
2224
2216
2214
2200
2192
2189
2168
2160
2155
2143
2130
2117
2130
2150
2151
2160
2161
2163
2180
2198
2201
2207
2219
2219
2221
2205
2197
2172
2157
2145
2114
2096
2104
2089
2080
2062
2067
2073
2085
2098
2088
2075
2075
2071
2059
2044
2014
1994
1983
1972
1954
1952
1965
1966
1969
1982
1983
1977
1990
1999
2009
2026
2037
2048
2064
2071
2055
2050
2064
2068
2068
2074
2071
2066
2060
2036
2023
2018
2015
2011
1992
1987
1981
1991
1999
1998
2014
2025
2037
2037
2028
2008
1983
1952
1950
1927
1886
1869
1847
1837
1842
1840
1844
1857
1873
1864
1875
1881
1893
1903
1897
1893
1893
1896
1899
1897
1899
1912
1933
1932
1924
1944
1952
1961
1965
1954
1933
1906
1889
1865
1853
1845
1844
1859
1860
1865
1883
1905
1922
1936
1956
1952
1946
1928
1928
1931
1934
1931
1953
1970
1976
1981
1998
2009
2008
2021
2030
2030
2034
2042
2040
2035
2034
2023
2020
2003
1987
1991
1994
1987
1992
2001
2012
2024
2030
2027
2013
2013
2005
1993
1973
1961
1940
1922
1909
1905
1894
1881
1875
1896
1926
1983
2007
2036
2067
2093
2109
2122
2107
2096
2085
2052
2040
2016
2000
1992
1982
1976
1981
1995
2010
2007
1997
2007
2019
2046
2071
2094
2109
2104
2109
2111
2097
2088
2102
2116
2134
2137
2147
2148
2132
2095
2065
2046
2033
2019
2026
2032
2048
2065
2077
2091
2120
2136
2156
2159
2177
2207
2212
2213
2218
2211
2205
2201
2202
2196
2189
2183
2179
2207
2218
2226
2228
2233
2234
2251
2254
2262
2266
2270
2257
2237
2232
2204
2180
2163
2153
2150
2134
2134
2132
2142
2163
2174
2189
2182
2185
2198
2198
2202
2216
2226
2212
2201
2190
2185
2175
2158
2151
2130
2124
2106
2107
2105
2097
2112
2123
2126
2150
2155
2155
2114
2116
2114
2119
2108
2123
2148
2174
2195
2197
2195
2196
2215
2206
2197
2182
2156
2137
2120
2093
2079
2067
2082
2090
2096
2116
2134
2150
2160
2156
2151
2151
2143
2138
2139
2133
2132
2125
2129
2120
2124
2128
2138
2122
2121
2107
2103
2089
2067
2058
2027
2014
2008
2015
2004
2015
2027
2033
2025
2023
2028
2037
2030
2037
2071
2083
2095
2116
2132
2139
2146
2168
2163
2168
2148
2135
2123
2115
2091
2062
2024
1989
1946
1929
1913
1904
1897
1905
1882
1881
1896
1894
1929
1960
1985
1995
2007
2021
2049
2058
2061
2063
2063
2042
2045
2045
2034
2036
2050
2057
2065
2065
2065
2074
2089
2081
2073
2061
2080
2080
2147
2140
2148
2151
2154
2164
2162
2164
2154
5835
2183
2163
2160
2124
2118
2133
2157
2174
2185
2214
2212
2212
2159
2117
2062
2022
2005
2015
2021
2053
2061
2080
2058
2046
2012
1988
1973
1997
2024
2079
2134
2193
2220
2231
2206
2182
2137
2088
2022
1998
1960
1924
1905
1909
1916
1943
1949
1995
2025
2062
2093
2145
2181
2220
2254
2267
2237
2176
2071
2005
1934
1889
1839
1832
1831
1845
1815
1821
1839
1867
1876
1895
1928
1957
1983
2036
2096
2170
2240
2298
2321
2339
2353
2349
2331
2298
2259
2212
2166
2123
2082
2045
2011
1985
1974
1976
1999
2009
2025
2041
2052
2058
2095
2114
2143
2164
2213
2229
2239
2246
2262
2268
2277
2266
2255
2222
2221
2204
2207
2194
2187
2164
2168
2156
2150
2143
2123
2100
2101
2098
2118
2119
2148
2166
2172
2169
2183
2187
2211
2230
2252
2248
2256
2266
2274
2272
2303
2310
2304
2276
2230
2174
2135
2098
2075
2045
2027
2015
2029
2065
2119
2133
2159
2181
2181
2169
2145
2108
2085
2067
2071
2071
2090
2121
2132
2116
2099
2076
2079
2083
2083
2060
2018
1990
1967
1954
1976
1976
1975
1960
1944
1934
1947
1962
1978
1976
1977
1971
1956
1955
1949
1946
1965
1989
1993
2002
1998
1986
1957
1919
1890
1880
1888
1892
1900
1914
1933
1939
1938
1938
1962
1993
2014
2035
2046
2052
2057
2067
2050
2027
2005
1980
1944
1921
1883
1848
1832
1826
1832
1852
1886
1973
2060
2108
2112
2089
2018
1931
1830
1754
1674
1621
1582
1564
1562
1599
1652
1711
1776
1825
1849
1875
1885
1898
1910
1939
1953
1938
1910
1858
1807
1763
1723
1688
1630
1577
1538
1560
1596
1646
1701
1739
1754
1771
1782
1809
1818
1842
1840
1843
1853
1871
1861
1845
1830
1831
1813
1812
1815
1831
1838
1823
1788
1783
1773
1729
1654
1619
1575
1551
1543
1576
1599
1631
1675
1740
1792
1858
1904
1936
1934
1928
1919
1903
1887
1867
1851
1860
1879
1899
1908
1908
1913
1915
1918
1908
1885
1862
1813
1753
1701
1650
1650
1651
1681
1709
1769
1806
1831
1873
1918
1949
1970
1965
1937
1925
1929
1923
1929
1954
1996
2008
2030
2031
2047
2044
2055
2042
2029
1987
1947
1878
1851
1809
1797
1767
1761
1746
1799
1836
1864
1855
1864
1868
1882
1894
1924
1935
1951
1966
2017
2055
2103
2111
2118
2097
2055
2001
1954
1891
1840
1811
1808
1824
1844
1895
1943
1999
2060
2099
2138
2181
2202
2218
2226
2237
2246
2252
2218
2200
2185
2184
2198
2227
2238
2247
2259
2266
2248
2228
2171
2109
2013
1944
1875
1850
1837
1831
1831
1829
1801
1829
1871
1923
1945
1967
1957
1925
1895
1860
1833
1832
1807
1793
1776
1771
1793
1852
1932
2003
2054
2086
2124
2119
2090
2028
1932
1832
1755
1694
1655
1638
1638
1657
1688
1738
1809
1871
1935
1976
2030
2040
2037
2025
1991
1934
1874
1800
1785
1771
1822
1908
2000
2063
2107
2115
2145
2141
2149
2124
2095
2067
2052
2016
2003
1979
1927
1849
1787
1734
1715
1730
1757
1792
1857
1901
1942
1983
2004
2000
1972
1937
1928
1928
1926
1911
1905
1912
1904
1895
1883
1843
1794
1762
1731
1724
1701
1687
1681
1686
1674
1662
1641
1615
1595
1589
1598
1629
1650
1679
1694
1725
1747
1765
1738
1678
1625
1579
1523
1454
1409
1389
1390
1399
1445
1525
1599
1703
1782
1863
1950
1999
2042
2092
2135
2169
2183
2213
2239
2234
2220
2205
2181
2151
2118
2104
2123
2149
2162
2161
2138
2138
2153
2160
2189
2215
2222
2232
2220
2188
2151
2133
2122
2119
2113
2124
2127
2135
2131
2132
2143
2149
2133
2111
2081
2046
2006
1961
1898
1873
1845
1807
1789
1777
1789
1764
1751
1737
1731
1719
1735
1772
1817
1861
1906
1920
1895
1896
1878
1824
1754
1708
1707
1715
1698
1675
1642
1620
1571
1525
1521
1572
1626
1664
1674
1663
1646
1611
1542
1485
1439
1426
1418
1405
1388
1369
1385
1446
1531
1632
1713
1772
1802
1828
1837
1840
1825
1810
1785
1764
1724
1658
1552
1462
1435
1425
1435
1431
1433
1431
1405
1368
1341
1302
1276
1251
1264
1287
1313
1343
1378
1418
1456
1484
1519
1529
1569
1617
1672
1713
1759
1781
1792
1806
1832
1835
1844
1851
1867
1876
1875
1835
1819
1806
1810
1809
1823
1823
1821
1810
1800
1783
1750
1731
1737
1757
1783
1804
1816
1835
1840
1869
1905
1935
1952
1973
1998
2020
2007
1987
1963
1970
1957
1976
2034
2064
2056
2061
2054
2042
2008
1980
1960
1957
1939
1941
1943
1983
2007
2032
2020
2022
2016
2000
1983
1958
1908
1860
1855
1903
1951
1944
1927
1897
1879
1866
1871
1882
1896
1877
1838
1774
1762
1759
1769
1772
1795
1798
1794
1767
1735
1694
1697
1706
1716
1740
1775
1755
1717
1671
1639
1622
1615
1609
1594
1586
1612
1626
1656
1698
1719
1733
1735
1748
1736
1745
1739
1772
1790
1835
1876
1935
1982
2030
2050
2068
2073
2084
2065
2038
1978
1958
1942
1929
1900
1871
1818
1741
1679
1648
1640
1654
1680
1722
1761
1805
1857
1891
1916
1898
1878
1835
1826
1834
1845
1862
1889
1917
1958
1977
1988
1986
2013
1996
1972
1947
1937
1931
1928
1948
1986
2028
2091
2127
2159
2183
2202
2201
2207
2214
2220
2223
2202
2145
2082
2034
2007
2004
2008
2007
1993
1979
1977
2015
2059
2129
2187
2213
2218
2213
2192
2169
2131
2087
2023
1962
1897
1853
1826
1800
1761
1721
1643
1602
1568
1544
1525
1563
1611
1673
1759
1834
1897
1964
2019
2046
2066
2097
2144
2168
2190
2223
2248
2252
2221
2176
2158
2159
2168
2192
2219
2268
2305
2324
2317
2294
2261
2178
2098
2031
1990
1972
1972
1995
2011
2020
2013
2007
2016
2007
1972
1953
1943
1940
1942
1924
1897
1859
1845
1861
1914
1963
2013
2064
2124
2197
2304
2359
2380
2392
2364
2331
2321
2284
2247
2231
2215
2214
2217
2207
2189
2176
2174
2195
2227
2272
2263
2226
2203
2186
2134
2071
2029
1998
1979
1977
1965
1980
2037
2090
2135
2176
2216
2265
2296
2316
2324
2340
2316
2289
2256
2236
2198
2186
2177
2161
2163
2166
2150
2134
2114
2093
2063
2043
2024
1998
1931
1850
1763
1707
1666
1632
1624
1638
1677
1758
1872
1965
2059
2105
2147
2181
2207
2224
2212
2200
2191
2182
2175
2168
2185
2192
2187
2172
2189
2200
2223
2207
2221
2203
2200
2216
2251
2268
2279
2262
2278
2289
2275
2247
2205
2183
2181
2210
2240
2279
2287
2296
2282
2254
2215
2184
2147
2114
2095
2105
2133
2191
2222
2246
2255
2252
2216
2212
2238
2281
2305
2332
2365
2395
2414
2424
2418
2437
2442
2471
2501
2531
2544
2558
2544
2526
2492
2460
2428
2413
2404
2402
2408
2416
2414
2407
2426
2429
2440
2441
2466
2478
2498
2467
2424
2362
2328
2294
2270
2224
2188
2160
2168
2158
2175
2195
2265
2327
2367
2383
2386
2363
2314
2246
2201
2155
2130
2113
2117
2135
2144
2166
2189
2219
2239
2267
2304
2355
2382
2423
2470
2491
2505
2531
2527
2548
2554
2544
2520
2500
2468
2461
2437
2414
2377
2358
2306
2282
2264
2282
2293
2316
2319
2322
2298
2279
2270
2303
2301
2297
2297
2288
2283
2291
2304
2320
2351
2391
2402
2391
2366
2319
2272
2232
2187
2138
2083
2048
2075
2082
2083
2084
2064
2019
1985
1957
1947
1940
1952
1957
1982
2017
2067
2087
2074
2048
2029
2036
2043
2003
1970
1947
1942
1929
1909
1871
1837
1812
1787
1765
1747
1743
1743
1779
1816
1844
1858
1876
1908
1960
1986
2010
2016
2038
2042
2036
2016
1994
1968
1937
1896
1873
1845
1861
1890
1935
1969
2006
2004
1963
1880
1790
1678
1618
1613
1633
1673
1705
1719
1721
1722
1693
1652
1587
1512
1426
1339
1266
1183
1147
1137
1128
1167
1231
1322
1388
1504
1575
1636
1655
1633
1571
1503
1454
1394
1364
1345
1326
1329
1331
1342
1376
1417
1421
1422
1457
1485
1500
1515
1515
1506
1477
1401
1336
1301
1295
1277
1227
1155
1103
1091
1089
1099
1093
1099
1105
1134
1163
1221
1320
1423
1539
1611
1661
1706
1737
1746
1741
1717
1669
1650
1619
1596
1644
1724
1817
1909
1998
2078
2156
2235
2272
2284
2305
2299
2290
2280
2286
2294
2300
2290
2279
2253
2236
2225
2256
2259
2234
2176
2128
2066
2010
1934
1884
1878
1871
1862
1833
1804
1817
1855
1920
2023
2104
2182
2245
2311
2353
2364
2351
2347
2332
2325
2294
2294
2284
2290
2258
2236
2213
2176
2143
2118
2096
2093
2096
2108
2128
2163
2192
2237
2250
2245
2204
2155
2144
2157
2131
2117
2088
2069
2033
1987
1983
2007
2022
2025
2012
1974
1922
1909
1925
1961
1984
2035
2083
2132
2141
2185
2210
2238
2247
2249
2239
2268
2261
2256
2264
2298
2290
2267
2223
2174
2105
2053
2043
2029
2029
2031
2016
2024
2038
2089
2138
2178
2238
2301
2356
2376
2389
2386
2400
2398
2421
2418
2442
2442
2464
2456
2436
2425
2434
2441
2462
2468
2480
2498
2502
2477
2446
2395
2363
2325
2309
2261
2231
2219
2207
2212
2232
2246
2259
2288
2285
2282
2263
2238
2215
2208
2188
2194
2189
2203
2207
2232
2254
2267
2249
2223
2196
2162
2145
2172
2155
2146
2127
2134
2154
2188
2203
2208
2197
2187
2177
2181
2207
2230
2232
2235
2264
2263
2264
2260
2246
2212
2184
2166
2152
2116
2107
2101
2126
2134
2171
2190
2237
2249
2278
2285
2314
2316
2319
2313
2316
2303
2295
2263
2224
2159
2114
2085
2038
1962
1912
1871
1854
1852
1877
1930
1997
2072
2108
2105
2088
2088
2072
2054
2001
1974
1944
1946
1950
1954
1960
1976
1971
1981
1985
1988
1955
1935
1882
1868
1853
1867
1901
1937
1940
1954
1959
1959
1942
1937
1946
1994
2059
2129
2187
2239
2271
2270
2231
2133
2082
2046
2052
2059
2065
2066
2106
2165
2211
2226
2234
2206
2164
2115
2076
2043
2002
1970
1971
1973
2007
2038
2075
2080
2080
2076
2080
2074
2069
2057
2048
2041
2005
1955
1875
1780
1673
1572
1460
1342
1243
1167
1113
1107
1171
1259
1366
1548
1678
1763
1815
1835
1847
1852
1835
1816
1797
1797
1809
1837
1882
1929
1950
1991
2027
2072
2105
2142
2212
2237
2244
2229
2199
2180
2160
2143
2115
2075
2043
2016
1985
1956
1969
2029
2106
2167
2232
2306
2345
2370
2385
2400
2417
2424
2414
2370
2330
2305
2295
2312
2314
2322
2300
2286
2298
2339
2353
2364
2372
2369
2339
2302
2271
2208
2125
2050
1987
1956
1943
2002
2048
2106
2188
2278
2351
2405
2444
2469
2461
2429
2372
2292
2211
2133
2067
1950
1875
1844
1826
1830
1830
1807
1800
1803
1805
1799
1746
1694
1655
1633
1629
1647
1660
1679
1735
1806
1862
1900
1914
1891
1853
1819
1787
1760
1754
1760
1760
1750
1747
1779
1808
1850
1865
1889
1909
1918
1937
1971
2029
2112
2200
2283
2330
2322
2287
2248
2177
2119
2049
1990
1934
1847
1793
1740
1711
1699
1706
1730
1762
1822
1871
1939
2014
2065
2112
2141
2170
2197
2228
2234
2258
2263
2251
2210
2172
2119
2091
2058
1994
1937
1917
1888
1860
1845
1818
1766
1730
1712
1736
1747
1785
1779
1771
1725
1684
1636
1654
1679
1731
1827
1893
1971
2023
2044
2030
2025
2010
1987
1956
1956
1945
1934
1918
1899
1876
1874
1868
1890
1917
1968
1999
2080
2157
2245
2264
2302
2314
2324
2286
2265
2222
2178
2180
2191
2213
2250
2250
2247
2237
2245
2296
2322
2334
2342
2335
2307
2275
2241
2219
2196
2196
2192
2234
2268
2292
2302
2321
2312
2338
2344
2373
2382
2383
2325
2267
2224
2204
2185
2178
2152
2147
2161
2176
2162
2153
2142
2160
2178
2211
2233
2258
2266
2268
2243
2193
2130
2088
2024
1983
1944
1912
1883
1856
1848
1858
1901
1924
1972
2041
2121
2187
2251
2298
2332
2352
2365
2368
2402
2400
2406
2388
2379
2374
2384
2398
2423
2425
2417
2391
2400
2394
2398
2391
2373
2334
2315
2320
2311
2295
2274
2270
2266
2230
2177
2120
2067
2056
2037
2037
2043
2054
2048
2051
2059
2069
2061
2064
2067
2074
2055
2044
2014
1993
1970
1936
1888
1834
1814
1836
1880
1927
1981
2045
2106
2148
2158
2163
2159
2160
2156
2132
2110
2081
2089
2107
2128
2138
2166
2195
2220
2211
2178
2132
2097
2094
2124
2148
2185
2212
2214
2195
2191
2186
2179
2182
2175
2150
2131
2103
2068
2055
2042
2018
1999
1989
2003
2030
2065
2096
2110
2118
2117
2112
2122
2141
2170
2210
2268
2309
2348
2377
2385
2391
2376
2361
2318
2250
2184
2145
2130
2126
2089
2065
2064
2056
2064
2060
2077
2100
2129
2176
2237
2303
2356
2398
2423
2430
2446
2441
2435
2428
2418
2392
2360
2323
2279
2258
2234
2206
2179
2164
2157
2155
2154
2176
2187
2179
2170
2170
2192
2240
2305
2345
2388
2424
2454
2480
2464
2420
2373
2322
2281
2262
2248
2261
2289
2315
2340
2365
2396
2412
2426
2421
2418
2421
2412
2396
2392
2376
2370
2357
2330
2274
2234
2187
2155
2147
2159
2166
2182
2186
2185
2170
2158
2149
2115
2071
2037
2004
2018
2040
2084
2127
2172
2200
2227
2251
2291
2344
2391
2444
2478
2504
2499
2488
2454
2410
2332
2264
2200
2164
2123
2107
2094
2103
2141
2167
2177
2193
2193
2214
2229
2282
2315
2343
2316
2273
2204
2153
2106
2085
2059
2081
2130
2179
2246
2313
2371
2390
2384
2356
2368
2387
2407
2410
2420
2431
2431
2424
2384
2335
2314
2296
2316
2308
2290
2279
2302
2300
2322
2331
2375
2394
2423
2440
2443
2428
2426
2414
2384
2342
2281
2229
2193
2161
2165
2167
2179
2201
2220
2226
2222
2219
2241
2262
2267
2246
2200
2195
2182
2182
2176
2193
2209
2252
2276
2312
2355
2400
2417
2398
2350
2324
2274
2228
2179
2147
2094
2073
2030
2011
1998
1981
1974
2017
2060
2102
2146
2154
2162
2168
2189
2204
2240
2278
2314
2291
2302
2306
2306
2253
2201
2165
2152
2148
2158
2149
2138
2105
2084
2066
2063
2042
2043
2037
2038
2056
2071
2040
2034
2019
2013
2020
2040
2074
2097
2118
2103
2086
2075
2096
2088
2105
2124
2130
2071
2036
2014
2015
2021
2036
2031
2045
2005
1925
1840
1805
1779
1780
1797
1846
1908
1951
2000
2059
2066
2083
2099
2135
2180
2204
2231
2238
2229
2211
2187
2167
2146
2125
2113
2121
2130
2147
2182
2226
2292
2339
2385
2390
2388
2368
2341
2282
2243
2234
2221
2174
2136
2108
2109
2123
2147
2150
2145
2159
2194
2205
2197
2178
2152
2121
2097
2076
2061
2048
2042
2038
2050
2058
2051
2022
2003
2001
2005
2027
2041
2075
2095
2108
2123
2140
2153
2155
2152
2138
2130
2112
2089
2065
2018
1949
1861
1784
1711
1669
1653
1624
1588
1545
1517
1487
1439
1392
1334
1295
1263
1249
1259
1294
1331
1385
1471
1527
1552
1552
1530
1524
1481
1422
1370
1337
1365
1381
1425
1475
1537
1611
1706
1805
1903
1972
2011
1990
1900
1811
1743
1707
1690
1702
1711
1716
1733
1767
1799
1819
1807
1757
1698
1668
1633
1582
1527
1464
1397
1345
1333
1344
1368
1395
1440
1511
1590
1665
1761
1841
1906
1952
1992
1998
1990
1959
1933
1918
1903
1921
1946
1985
2027
2066
2118
2120
2089
2089
2096
2099
2102
2089
2095
2112
2120
2142
2170
2193
2186
2141
2040
1957
1883
1842
1808
1818
1842
1869
1907
1957
1999
2029
2054
2083
2098
2118
2165
2220
2229
2239
2233
2244
2209
2177
2139
2106
2065
2021
1994
1983
1989
2013
2065
2105
2145
2151
2153
2175
2181
2196
2210
2200
2211
2228
2253
2243
2222
2187
2138
2131
2142
2107
2102
2067
2067
2036
1986
1939
1903
1890
1873
1840
1854
1873
1935
1989
2029
2056
2103
2164
2192
2192
2189
2205
2211
2217
2235
2282
2337
2382
2386
2377
2351
2342
2327
2303
2247
2207
2161
2145
2130
2132
2133
2172
2208
2251
2274
2302
2314
2345
2368
2382
2375
2385
2358
2320
2275
2266
2251
2242
2224
2211
2182
2167
2167
2211
2248
2252
2260
2269
2262
2229
2215
2189
2170
2172
2186
2191
2253
2285
2342
2364
2389
2373
2382
2358
2328
2287
2250
2203
2178
2140
2119
2064
2003
1955
1923
1889
1890
1901
1881
1838
1807
1803
1838
1864
1883
1901
1920
1968
2015
2059
2103
2166
2211
2230
2233
2222
2209
2196
2192
2204
2178
2162
2121
2107
2118
2167
2178
2191
2186
2184
2131
2076
1996
1943
1902
1880
1861
1891
1938
1994
2056
2087
2109
2143
2156
2152
2156
2167
2206
2208
2207
2207
2206
2192
2174
2156
2170
2153
2146
2118
2102
2062
2037
2010
1989
1985
2025
2044
2057
2064
2090
2088
2107
2125
2148
2162
2184
2179
2157
2130
2092
2096
2104
2101
2099
2100
2116
2143
2184
2207
2164
2093
1989
1908
1818
1752
1682
1673
1710
1789
1842
1881
1910
1922
1908
1910
1897
1898
1908
1921
1924
1908
1854
1799
1755
1766
1809
1847
1856
1870
1892
1899
1899
1867
1868
1879
1891
1878
1867
1860
1860
1870
1887
1915
1966
2035
2103
2163
2199
2224
2227
2205
2160
2116
2101
2095
2122
2147
2155
2124
2078
2016
1934
1873
1805
1740
1719
1732
1729
1719
1703
1711
1714
1710
1875
1923
1979
2034
2060
2062
2050
2042
2036
2041
2034
2044
2059
2084
2062
2030
1993
1970
1935
1920
1930
1960
2003
2045
2078
2115
2146
2162
2116
2087
2037
2008
1961
1922
1892
1895
1880
1876
1854
1837
1819
1806
1803
1803
1784
1775
1760
1774
1778
1790
1824
1842
1842
1839
1842
1832
1838
1854
1896
1940
1987
2012
2030
2047
2065
2077
2095
2083
2083
2059
2023
1983
1963
1947
1969
1999
2086
2144
2228
2279
2312
2307
2298
2266
2231
2190
2148
2132
2107
2072
2019
1965
1927
1906
1889
1870
1863
1867
1897
1925
1965
1991
2001
2007
1992
2019
2008
2027
1999
1970
1906
1842
1779
1760
1741
1749
1764
1816
1881
1979
2054
2147
2239
2309
2363
2366
2344
2311
2270
2240
2221
2224
2235
2248
2271
2298
2307
2307
2289
2234
2158
2089
2052
2026
2034
2049
2070
2053
2037
2014
2015
2005
2026
2051
2092
2097
2100
2095
2081
2063
2073
2075
2093
2112
2149
2179
2200
2201
2189
2172
2160
2157
2146
2159
2156
2161
2150
2160
2180
2238
2292
2308
2288
2262
2214
2208
2193
2198
2212
2220
2178
2138
2083
2051
2012
2012
2037
2077
2136
2212
2270
2328
2368
2402
2448
2488
2521
2546
2562
2562
2565
2547
2532
2537
2547
2563
2582
2586
2593
2610
2628
2615
2590
2563
2560
2549
2548
2545
2567
2562
2567
2576
2591
2590
2576
2538
2474
2433
2383
2358
2343
2327
2339
2343
2360
2371
2404
2438
2459
2484
2504
2541
2570
2597
2603
2607
2630
2652
2660
2685
2698
2711
2700
2703
2690
2689
2679
2679
2655
2645
2643
2660
2676
2663
2636
2606
2572
2564
2557
2574
2588
2604
2631
2654
2675
2686
2701
2712
2708
2707
2710
2707
2694
2695
2682
2664
2652
2656
2656
2641
2611
2565
2541
2547
2542
2537
2544
2555
2590
2602
2617
2619
2623
2630
2632
2633
2648
2656
2637
2605
2577
2568
2578
2596
2614
2634
2652
2661
2668
2671
2668
2664
2646
2616
2581
2548
2530
2540
2556
2565
2564
2570
2566
2574
2594
2601
2598
2581
2543
2526
2517
2509
2502
2520
2521
2508
2497
2493
2499
2485
2487
2481
2493
2485
2462
2432
2383
2340
2326
2315
2330
2346
2330
2319
2307
2312
2334
2352
2370
2393
2394
2389
2400
2422
2434
2436
2421
2399
2364
2348
2324
2326
2305
2310
2322
2334
2353
2370
2396
2430
2438
2455
2462
2468
2458
2465
2455
2451
2448
2454
2457
2468
2482
2498
2484
2480
2483
2482
2467
2430
2426
2407
2391
2379
2361
2325
2316
2319
2311
2280
2212
2123
2046
1997
1977
1969
1995
2025
2072
2099
2120
2121
2153
2184
2221
2243
2268
2282
2321
2362
2388
2406
2426
2437
2443
2440
2402
2373
2343
2316
2310
2293
2297
2308
2291
2270
2236
2191
2122
2083
2063
2071
2076
2107
2152
2184
2221
2252
2271
2287
2311
2323
2319
2295
2253
2223
2176
2147
2109
2096
2068
2072
2077
2113
2157
2219
2245
2260
2239
2245
2250
2259
2246
2228
2213
2169
2147
2121
2092
2095
2123
2146
2185
2202
2203
2168
2074
1963
1872
1800
1794
1753
1774
1809
1873
1909
1987
2044
2100
2122
2142
2123
2080
2045
2015
1969
1902
1844
1814
1798
1819
1824
1797
1779
1777
1801
1839
1896
1969
2030
2087
2147
2176
2216
2236
2281
2338
2365
2355
2365
2355
2349
2334
2299
2232
2188
2157
2153
2149
2145
2138
2148
2150
2154
2161
2160
2168
2160
2157
2161
2153
2140
2132
2112
2097
2074
2032
1978
1939
1875
1841
1801
1753
1688
1644
1592
1519
1455
1385
1303
1240
1211
1235
1302
1403
1471
1550
1656
1745
1807
1874
1930
2002
2050
2071
2108
2138
2161
2165
2139
2098
2056
1993
1931
1860
1808
1792
1800
1816
1810
1783
1791
1811
1866
1899
1949
1993
2043
2068
2086
2086
2104
2102
2089
2030
1999
1969
1971
1954
1934
1919
1924
1940
1966
1951
1933
1919
1909
1887
1887
1898
1907
1906
1901
1870
1844
1820
1824
1855
1893
1913
1916
1929
1955
1964
1945
1946
1938
1953
1946
1947
1949
1928
1903
1873
1868
1875
1893
1927
1955
2004
2063
2151
2218
2274
2316
2352
2377
2367
2327
2238
2155
2089
2019
1941
1837
1736
1671
1647
1659
1659
1642
1627
1610
1576
1547
1565
1605
1649
1697
1735
1755
1770
1765
1775
1803
1808
1816
1824
1815
1794
1787
1785
1793
1805
1807
1816
1833
1865
1859
1845
1825
1817
1840
1907
1987
2045
2104
2159
2195
2212
2211
2198
2161
2110
2058
1990
1935
1893
1857
1813
1775
1743
1718
1709
1703
1706
1727
1752
1830
1870
1928
1963
2012
2037
2081
2102
2133
2156
2151
2121
2088
2048
1988
1938
1902
1894
1910
1978
2019
2073
2102
2126
2114
2087
2044
1979
1921
1860
1793
1743
1690
1665
1658
1713
1769
1841
1880
1906
1896
1917
1908
1917
1920
1903
1875
1864
1880
1917
1963
1993
2009
1977
1958
1959
1970
2010
2037
2029
2012
1974
1940
1894
1852
1779
1718
1621
1587
1599
1639
1698
1780
1847
1925
1979
2009
2006
1979
1925
1851
1793
1749
1684
1633
1594
1570
1575
1611
1675
1771
1870
1926
1981
2038
2115
2194
2258
2311
2373
2382
2391
2389
2382
2355
2322
2267
2199
2113
2055
2008
1974
1932
1923
1935
2001
2032
2066
2074
2084
2077
2077
2084
2087
2075
2089
2120
2162
2169
2183
2193
2199
2206
2194
2183
2172
2165
2148
2135
2148
2206
2258
2307
2347
2375
2402
2415
2411
2426
2429
2458
2444
2448
2438
2430
2420
2429
2424
2429
2417
2404
2363
2342
2271
2247
2219
2207
2190
2189
2181
2181
2194
2207
2240
2277
2314
2356
2391
2435
2481
2505
2525
2516
2538
2544
2526
2512
2499
2454
2388
2315
2268
2220
2192
2151
2136
2123
2132
2139
2161
2190
2215
2234
2267
2292
2327
2352
2383
2399
2442
2457
2460
2455
2446
2428
2419
2439
2448
2450
2466
2476
2475
2472
2462
2446
2422
2403
2383
2401
2420
2446
2461
2484
2502
2512
2533
2539
2551
2562
2566
2566
2562
2554
2552
2568
2576
2569
2549
2551
2540
2540
2539
2535
2534
2533
2533
2533
2526
2528
2552
2558
2573
2576
2588
2582
2562
2554
2559
2523
2482
2442
2419
2431
2428
2435
2433
2423
2434
2432
2466
2488
2497
2503
2512
2506
2518
2532
2532
2536
2538
2548
2556
2558
2552
2567
2582
2584
2584
2587
2585
2582
2597
2610
2616
2601
2585
2546
2513
2498
2498
2508
2526
2532
2562
2582
2580
2582
2552
2529
2516
2491
2464
2425
2390
2355
2317
2278
2272
2286
2314
2326
2296
2290
2286
2283
2285
2295
2303
2304
2315
2329
2356
2386
2407
2430
2456
2467
2438
2421
2397
2356
2316
2302
2304
2298
2308
2348
2393
2445
2483
2496
2514
2518
2494
2496
2498
2522
2527
2530
2525
2498
2492
2464
2426
2404
2391
2376
2352
2352
2349
2332
2319
2314
2320
2324
2330
2344
2358
2376
2405
2423
2411
2398
2398
2378
2344
2307
2291
2284
2286
2278
2271
2304
2335
2364
2384
2394
2400
2377
2355
2352
2383
2408
2434
2444
2456
2460
2456
2454
2456
2470
2463
2482
2501
2512
2515
2514
2491
2476
2445
2404
2355
2319
2275
2230
2185
2149
2102
2072
2048
2040
2049
2096
2152
2211
2241
2275
2295
2321
2344
2349
2331
2298
2285
2263
2226
2194
2171
2150
2108
2053
2034
2025
2007
2001
1957
1924
1901
1912
1950
1958
1984
1992
1996
1983
2011
1992
1997
1986
1990
1986
2016
2031
2087
2122
2153
2165
2194
2203
2199
2170
2151
2124
2110
2089
2072
2046
2014
1988
1939
1924
1909
1898
1868
1847
1806
1759
1693
1663
1632
1607
1567
1556
1548
1563
1611
1673
1717
1768
1789
1798
1795
1781
1733
1671
1591
1540
1510
1548
1628
1725
1823
1910
1993
2084
2127
2146
2132
2093
2031
1979
1924
1862
1819
1803
1814
1829
1859
1882
1919
1938
1951
1935
1913
1905
1903
1886
1880
1870
1912
1948
2008
2053
2104
2126
2145
2156
2155
2146
2146
2127
2098
2069
2040
1995
1976
1964
1964
1940
1913
1905
1915
1947
1978
1999
1996
1958
1904
1872
1828
1802
1777
1758
1739
1752
1748
1745
1745
1760
1771
1791
1816
1873
1946
2006
2026
2031
2014
2003
1985
1987
1992
2014
2040
2053
2054
2046
2049
2037
2016
1996
1978
1939
1901
1859
1803
1744
1695
1680
1679
1678
1718
1756
1806
1854
1922
1976
2008
2041
2035
1985
1931
1876
1853
1842
1824
1821
1824
1803
1775
1754
1725
1705
1679
1658
1626
1589
1531
1475
1425
1421
1448
1511
1590
1695
1805
1895
1971
2008
2034
2038
2041
2035
2010
1970
1897
1837
1795
1774
1783
1829
1857
1885
1907
1919
1910
1879
1863
1856
1933
1955
2003
2026
2027
2009
2005
2028
2044
2030
1971
1886
1797
1703
1614
1562
1539
1534
1508
1504
1523
1576
1627
1676
1728
1787
1891
1965
2003
2031
2055
2040
2017
2002
2026
2039
2073
2116
2158
2199
2234
2221
2202
2150
2091
2004
1942
1913
1887
1872
1895
1928
1991
2075
2153
2222
2276
2282
2263
2227
2178
2131
2080
2009
1947
1916
1931
1955
1986
2026
2057
2103
2165
2218
2260
2290
2265
2249
2217
2193
2151
2127
2087
2049
2009
1999
2003
2039
2047
2093
2139
2184
2214
2255
2272
2275
2276
2273
2243
2225
2203
2187
2173
2168
2174
2155
2143
2142
2152
2143
2148
2150
2153
2139
2134
2104
2075
2017
1998
1966
1943
1920
1907
1906
1924
1920
1948
1987
2025
2006
1954
1915
1889
1892
1916
1926
1953
1974
2019
2081
2134
2163
2187
2215
2214
2193
2160
2142
2093
2087
2076
2086
2093
2127
2152
2188
2193
2216
2232
2240
2221
2225
2218
2198
2160
2146
2120
2122
2118
2138
2156
2161
2135
2118
2115
2116
2122
2147
2190
2222
2260
2286
2297
2289
2262
2245
2229
2217
2212
2217
2243
2280
2304
2303
2314
2290
2246
2173
2106
2038
2021
1999
2010
2018
2038
2036
2037
2028
2023
2024
2000
1985
1970
1971
1983
2009
2061
2071
2092
2097
2091
2083
2057
2024
1990
1963
1966
1987
2004
2027
2035
2053
2051
2072
2071
2081
2073
2082
2077
2094
2109
2116
2084
2046
2009
2016
2027
2043
2065
2100
2124
2127
2127
2148
2180
2205
2200
2181
2169
2173
2200
2214
2208
2148
2082
1993
1891
1823
1779
1718
1671
1619
1604
1605
1611
1620
1646
1671
1675
1647
1632
1600
1534
1475
1458
1443
1451
1435
1443
1460
1494
1493
1497
1483
1484
1506
1521
1531
1559
1612
1653
1700
1735
1757
1784
1827
1869
1902
1927
1904
1896
1908
1934
1979
2026
2052
2054
2086
2098
2106
2082
2078
2065
2056
2019
1989
1955
1919
1863
1834
1792
1781
1798
1835
1868
1904
1909
1907
1892
1855
1837
1820
1827
1853
1879
1878
1817
1743
1662
1572
1481
1378
1291
1217
1197
1224
1282
1362
1459
1574
1685
1775
1865
1932
1969
1974
1987
2009
2007
2026
2059
2078
2083
2110
2135
2169
2191
2185
2129
2053
1976
1917
1858
1811
1761
1726
1692
1681
1679
1681
1686
1699
1720
1717
1717
1718
1754
1797
1851
1913
1969
2001
2048
2069
2095
2122
2150
2166
2184
2190
2188
2198
2229
2271
2294
2294
2261
2192
2111
2071
2061
2080
2111
2155
2195
2233
2277
2286
2268
2233
2167
2096
2035
2010
2007
2038
2065
2107
2153
2205
2237
2247
2242
2252
2224
2201
2173
2161
2133
2128
2114
2159
2210
2268
2304
2327
2321
2331
2354
2380
2413
2436
2441
2412
2373
2334
2286
2257
2209
2180
2174
2179
2180
2183
2194
2221
2247
2268
2287
2281
2284
2286
2280
2257
2221
2183
2163
2140
2119
2114
2119
2103
2102
2105
2128
2130
2126
2093
2070
2020
1995
1942
1905
1882
1891
1917
1981
2024
2050
2040
2018
1998
1979
1987
2033
2059
2074
2094
2129
2159
2195
2206
2203
2206
2215
2270
2316
2353
2366
2382
2373
2358
2309
2269
2206
2159
2111
2071
2014
1996
2004
2032
2052
2104
2158
2196
2218
2233
2263
2271
2271
2272
2260
2266
2295
2337
2364
2374
2382
2380
2380
2369
2340
2294
2266
2228
2219
2212
2205
2208
2219
2188
2188
2182
2199
2211
2235
2232
2217
2185
2182
2161
2139
2095
2070
2010
1919
1861
1823
1793
1776
1764
1771
1772
1783
1801
1811
1820
1838
1874
1919
1975
2062
2129
2174
2217
2227
2241
2228
2221
2202
2177
2167
2145
2119
2074
1997
1933
1874
1863
1862
1879
1897
1933
1972
2025
2078
2107
2119
2117
2124
2137
2166
2169
2159
2143
2123
2091
2066
2036
2002
1970
1931
1881
1853
1854
1868
1893
1948
1997
2069
2104
2136
2156
2155
2130
2087
2054
1992
1944
1895
1840
1784
1740
1693
1654
1612
1592
1577
1548
1505
1439
1399
1388
1358
1333
1313
1290
1292
1323
1401
1490
1589
1647
1662
1681
1701
1746
1788
1818
1849
1876
1884
1893
1904
1902
1885
1882
1884
1924
1953
2002
2050
2102
2155
2195
2221
2232
2235
2214
2194
2171
2154
2140
2099
2065
2046
2058
2059
2052
2042
2047
2043
2049
2058
2051
2040
2022
2015
2023
2006
1964
1928
1883
1858
1866
1891
1922
1983
2058
2122
2177
2208
2222
2249
2256
2268
2267
2258
2235
2193
2149
2114
2108
2128
2156
2168
2196
2236
2279
2303
2308
2311
2291
2270
2227
2179
2133
2118
2113
2119
2123
2119
2112
2123
2120
2092
2077
2056
2039
2049
2065
2103
2136
2156
2162
2144
2146
2158
2157
2137
2131
2114
2107
2121
2128
2125
2112
2101
2072
2052
2030
2035
2043
2037
2048
2067
2072
2066
2068
2093
2113
2129
2122
2093
2094
2061
2019
1963
1953
1937
1936
1944
1975
2023
2076
2154
2178
2170
2154
2111
2077
2042
2001
1971
1955
1963
1975
1987
1991
1978
1958
1944
1932
1941
1945
1974
1998
2013
2004
1983
1958
1958
1950
1947
1949
1973
1979
1993
1985
1964
1955
1971
1967
1987
2009
2016
2019
2008
1978
1954
1920
1897
1878
1882
1907
1925
1955
1957
1959
1957
1950
1944
1917
1873
1846
1807
1788
1773
1761
1749
1732
1703
1714
1705
1728
1779
1869
1987
2066
2120
2163
2193
2230
2244
2245
2207
2178
2141
2122
2101
2087
2079
2088
2115
2119
2115
2096
2084
2066
2059
2042
2057
2074
2096
2111
2128
2160
2188
2201
2202
2214
2240
2244
2247
2232
2245
2236
2230
2228
2247
2278
2318
2333
2352
2349
2344
2325
2303
2252
2208
2191
2192
2197
2207
2224
2222
2208
2181
2175
2186
2218
2255
2293
2316
2329
2305
2285
2251
2218
2181
2143
2095
2070
2033
2023
2002
2016
2024
2038
2038
2061
2109
2181
2252
2329
2402
2452
2486
2495
2490
2484
2448
2408
2339
2269
2207
2150
2119
2095
2066
2051
2057
2065
2077
2089
2129
2171
2224
2263
2306
2323
2350
2352
2357
2328
2306
2286
2282
2300
2350
2372
2400
2402
2401
2387
2386
2356
2315
2291
2283
2258
2238
2190
2153
2128
2098
2088
2094
2109
2135
2160
2203
2229
2252
2293
2330
2363
2393
2414
2400
2374
2338
2298
2230
2181
2119
2050
1983
1966
1956
1960
1972
1995
2014
2055
2067
2076
2071
2064
2018
1969
1903
1826
1723
1684
1678
1703
1715
1743
1772
1807
1835
1839
1844
1857
1897
1928
1973
2008
2045
2040
2039
2047
2056
2076
2089
2095
2111
2105
2086
2044
2014
1978
1967
1937
1901
1852
1817
1816
1835
1880
1937
2017
2099
2116
2061
1983
1894
1829
1783
1738
1661
1579
1508
1481
1477
1496
1525
1573
1610
1659
1694
1739
1771
1787
1776
1751
1741
1746
1741
1763
1771
1776
1790
1819
1864
1888
1910
1936
1954
1949
1904
1847
1763
1702
1657
1637
1647
1673
1685
1687
1710
1769
1835
1894
1928
1936
1915
1886
1871
1907
1920
1934
1953
1981
2008
2055
2096
2102
2098
2092
2103
2118
2148
2156
2137
2127
2099
2054
2003
1987
1990
1973
1972
1988
2014
2030
2035
2041
2056
2059
2029
1992
1970
1953
1937
1886
1823
1781
1745
1708
1679
1651
1661
1695
1769
1871
2018
2113
2196
2246
2308
2337
2326
2283
2221
2153
2082
2029
1962
1915
1887
1873
1879
1915
1939
1969
1984
1992
2010
2063
2148
2224
2260
2261
2228
2215
2205
2186
2198
2212
2235
2269
2295
2315
2282
2227
2111
2021
1957
1923
1921
1942
1980
2052
2127
2166
2199
2250
2294
2326
2365
2415
2460
2484
2474
2468
2434
2404
2374
2349
2324
2316
2319
2316
2334
2343
2381
2406
2449
2468
2488
2496
2512
2515
2499
2449
2388
2328
2264
2205
2165
2116
2112
2112
2129
2164
2201
2230
2277
2298
2300
2312
2328
2334
2339
2367
2380
2379
2344
2306
2258
2220
2170
2138
2102
2079
2059
2038
2026
2052
2086
2145
2196
2243
2214
2176
2134
2109
2087
2109
2129
2178
2225
2260
2300
2327
2340
2348
2338
2306
2266
2203
2143
2084
2026
1966
1934
1932
1972
2003
2065
2102
2162
2204
2234
2223
2214
2188
2172
2151
2137
2101
2091
2097
2128
2125
2159
2160
2154
2126
2116
2092
2073
2032
1954
1911
1871
1864
1865
1879
1890
1920
1922
1934
1939
1953
1968
2001
2035
2084
2132
2173
2189
2222
2254
2291
2312
2334
2342
2329
2274
2227
2176
2131
2056
1965
1832
1733
1664
1615
1584
1607
1618
1631
1619
1624
1657
1705
1784
1863
1935
1977
2040
2067
2100
2122
2156
2134
2108
2070
2050
2058
2045
2028
2042
2051
2090
2116
2123
2109
2112
2098
2082
2081
2086
2100
2285
2293
2289
2284
2264
2253
2243
2245
2265
47.13134766
1.660473585
999
