5835
2154
2164
2167
2205
2155
2184
2172
2212
2145
2163
2118
2131
2111
2085
2092
2109
2116
2093
2101
2066
2116
2108
2123
2061
2082
2063
2099
2032
2073
2009
2084
2031
2088
2033
2071
2038
2094
2066
2095
2094
2145
2116
2134
2118
2123
2138
2120
2126
2118
2132
2118
2138
2089
2114
2109
2159
2128
2149
2110
2174
2156
2175
2147
2189
2176
2192
2172
2163
2164
2178
2170
2148
2131
2143
2166
2114
2125
2076
2130
2085
2112
2055
2109
2099
2141
2094
2131
2121
2172
2139
2158
2146
2164
2175
2168
2143
2130
2145
2115
2133
2079
2092
2068
2109
2031
2046
1971
2013
1946
1991
1924
1957
1923
1984
1954
1999
1967
2022
1998
2025
2003
2029
2027
2022
2018
2000
2026
2027
2041
2022
2048
2042
2089
2042
2078
2043
2093
2053
2075
2032
2075
2051
2075
2022
2042
2048
2073
2077
2058
2043
2056
2068
2039
2034
2004
2054
2057
2085
2023
2030
2012
2036
2001
1985
1944
1964
1976
1979
1982
1985
2015
2008
2056
2020
2042
2024
2090
2031
2082
2038
2078
2049
2070
2006
2032
2002
2014
2001
1955
1932
1939
1984
1971
1977
1946
2004
1964
2021
1961
2012
1972
2053
2005
2030
1996
2054
2066
2107
2090
2103
2093
2090
2084
2047
2042
2033
2056
1999
2001
1948
1977
1945
1982
1937
1968
1950
2013
2006
2024
2014
2036
2065
2076
2068
2050
2066
2043
2045
1987
1987
1962
2001
1974
1987
1950
1995
1987
2009
1975
2012
2005
2017
2021
1999
1986
1984
2002
1967
1964
1888
1896
1828
1835
1759
1791
1754
1805
1766
1803
1775
1857
1859
1896
1891
1934
1983
1982
1985
1941
1955
1938
1972
1916
1954
1891
1961
1911
1945
1869
1922
1846
1882
1832
1859
1838
1898
1873
1897
1882
1889
1896
1880
1879
1886
1914
1931
1957
1909
1940
1938
1974
1930
1969
1946
1978
1960
1991
1966
1980
1984
2017
1998
1987
1984
1974
1984
1947
1948
1930
1957
1915
1949
1915
1937
1935
1972
1919
1929
1925
1927
1964
1959
1967
1931
1959
1935
1953
1895
1923
1879
1940
1879
1902
1823
1834
1821
1831
1795
1791
1788
1823
1819
1802
1843
1791
1857
1829
1866
1791
1847
1809
1858
1798
1830
1779
1847
1792
1834
1807
1841
1858
1875
1878
1892
1925
1965
1970
1950
1974
1972
1991
1931
1938
1892
1919
1885
1913
1851
1881
1876
1914
1882
1903
1915
1940
1949
1935
1941
1938
1962
1939
1955
1924
1957
1941
1966
1939
1998
1988
2037
2012
2020
1996
2020
2023
2027
2037
2018
2055
2061
2108
2089
2114
2094
2123
2073
2113
2050
2100
2090
2129
2056
2072
2053
2063
2065
2046
2019
1986
1992
1959
1988
1914
1946
1901
1957
1893
1925
1890
1962
1944
1989
1934
2001
1961
1995
1949
1945
1924
1949
1916
1926
1917
1946
1957
1937
1973
1939
1995
1982
2018
1966
2014
1996
2059
2010
2020
1973
2028
1990
2002
1983
1965
1988
1992
1991
1945
1944
1894
1925
1885
1888
1831
1847
1855
1880
1861
1864
1873
1883
1877
1856
1856
1859
1877
1836
1856
1824
1859
1851
1896
1871
1924
1918
1982
1945
1999
1974
2029
1997
2026
2041
2024
2051
2048
2039
2000
2009
1973
1990
1937
1970
1918
1960
1902
1942
1900
1959
1917
1958
1903
1950
1920
2001
1969
2004
1979
2024
2021
2037
2029
2044
2054
2032
2029
1995
2021
2010
2046
1994
2032
1985
2023
1994
2027
1988
2035
2029
2073
2080
2064
2054
2062
2069
2039
2030
1987
2011
1991
2003
1980
2011
2022
2072
2076
2098
2097
2130
2174
2152
2141
2140
2168
2147
2199
2154
2174
2151
2215
2155
2199
2138
2134
2116
2121
2071
2061
2027
2006
2043
2009
2046
2028
2097
2069
2110
2096
2152
2122
2189
2116
2153
2112
2182
2159
2165
2151
2148
2173
2179
2182
2167
2188
2147
2216
2184
2223
2176
2227
2188
2219
2166
2192
2167
2199
2168
2189
2176
2177
2196
2177
2183
2178
2214
2206
2204
2182
2198
2173
2210
2172
2193
2158
2171
2143
2165
2145
2165
2167
2192
2151
2174
2146
2209
2168
2200
2161
2226
2218
2275
2264
2269
2239
2265
2279
2275
2255
2260
2263
2215
2238
2168
2203
2170
2216
2156
2217
2186
2271
2235
2272
2212
2261
2238
2252
2235
2176
2154
2146
2149
2115
2114
2058
2126
2083
2120
2069
2115
2093
2152
2120
2146
2127
2145
2137
2129
2111
2121
2125
2134
2180
2149
2183
2176
2223
2178
2210
2151
2160
2141
2150
2121
2134
2132
2120
2131
2102
2112
2117
2175
2152
2177
2158
2172
2157
2194
2154
2159
2139
2176
2156
2138
2128
2089
2123
2121
2143
2113
2160
2139
2188
2146
2182
2135
2202
2165
2183
2145
2138
2153
2182
2175
2181
2188
2180
2248
2192
2231
2168
2231
2186
2231
2174
2188
2143
2202
2146
2162
2105
2167
2167
2166
2182
2168
2200
2217
2229
2216
2252
2203
2272
2238
2271
2215
2257
2231
2254
2219
2207
2197
2233
2224
2200
2199
2171
2213
2181
2196
2146
2180
2166
2192
2187
2191
2164
2192
2184
2176
2176
2182
2190
2178
2194
2141
2160
2128
2164
2113
2159
2107
2151
2147
2176
2140
2161
2169
2165
2181
2144
2153
2138
2171
2131
2143
2092
2144
2092
2138
2060
2095
2052
2107
2067
2067
2020
2028
2028
2032
2003
2009
2011
1982
2038
1994
2040
2020
2103
2063
2114
2070
2120
2104
2153
2115
2136
2120
2140
2166
2143
2140
2122
2160
2137
2138
2103
2108
2073
2133
2103
2106
2074
2126
2092
2087
2087
2058
2067
2072
2076
2051
2067
2035
2088
2055
2091
2053
2098
2087
2102
2101
2107
2115
2142
2168
2163
2169
2130
2186
2144
2167
2099
2129
2088
2131
2113
2139
2083
2122
2111
2121
2103
2116
2109
2094
2111
2077
2103
2092
2144
2100
2148
2069
2119
2074
2122
2052
2083
2046
2086
2075
2067
2056
2071
2093
2098
2092
2052
2071
2028
2068
2010
2045
1997
2043
2015
2051
2014
2046
2048
2082
2044
2074
2076
2085
2141
2112
2111
2083
2150
2116
2136
2078
2066
2042
2083
2062
2060
2031
2031
2078
2075
2077
2048
2066
2050
2052
1993
1992
1940
1969
1939
1952
1897
1925
1922
1919
1936
1916
1944
1964
1994
1968
2015
1968
2022
1992
2012
1938
1971
1910
1927
1894
1883
1866
1905
1920
1921
1919
1906
1980
1967
2007
1961
1984
1934
1996
1936
1978
1925
1977
1943
1978
1929
1989
1987
2006
2008
1991
1980
1984
2009
1987
2013
1963
1987
1950
1972
1918
1944
1915
1970
1971
1991
1981
2003
2026
2046
2032
2020
2024
2011
2043
2003
2023
1988
2050
2030
2044
2020
2033
2042
2074
2062
2068
2074
2060
2089
2043
2047
2013
2060
2019
2066
2015
2048
2017
2073
2026
2066
2024
2036
2035
2030
2000
1987
2005
1998
1999
1990
2033
2001
2064
2011
2062
2006
2088
2057
2109
2047
2091
2057
2096
2026
2047
2027
2017
2066
2062
2069
2043
2075
2055
2079
2007
2048
2012
2066
2040
2083
2038
2070
2057
2076
2063
2068
2068
2098
2100
2091
2138
2099
2152
2131
2167
2139
2164
2131
2142
2106
2096
2047
2054
2046
2046
2043
1989
2005
1995
2023
1995
2015
2009
2057
2018
2045
2006
2043
2033
2046
2010
2021
2037
2040
2075
2048
2069
2067
2103
2067
2095
2032
2071
2044
2070
2007
2041
2007
2040
2035
2027
2015
2043
2062
2088
2118
2054
2099
2078
2136
2064
2104
2072
2146
2098
2136
2079
2122
2098
2133
2074
2098
2100
2108
2137
2119
2118
2099
2125
2097
2122
2045
2061
2033
2075
2006
2027
2010
2036
2054
2062
2053
2048
2058
2068
2063
2005
2019
1971
2018
1987
2018
1989
2025
2017
2048
2030
2041
2049
2073
2082
2085
2094
2055
2096
2082
2113
2087
2148
2133
2180
2147
2158
2110
2162
2145
2152
2137
2108
2143
2138
2159
2132
2144
2138
2172
2119
2173
2113
2177
2141
2176
2094
2146
2130
2165
2135
2124
2099
2139
2148
2128
2147
2080
2120
2080
2129
2074
2099
2038
2095
2046
2089
2033
2098
2086
2119
2115
2102
2103
2133
2153
2136
2136
2141
2176
2161
2175
2128
2152
2137
2161
2119
2114
2088
2087
2080
2068
2074
2065
2081
2045
2059
2000
2023
2002
2034
1971
1984
1962
1979
1983
1979
1942
1935
1938
1949
1945
1892
1918
1882
1938
1892
1927
1863
1919
1897
1942
1866
1895
1850
1899
1851
1867
1864
1834
1842
1839
1838
1799
1833
1811
1912
1874
1940
1907
2006
1974
2018
1987
2017
1989
2012
1990
1989
1957
2000
1995
1961
1975
1906
1950
1941
1979
1943
2001
1963
2030
2005
2021
1985
2035
2026
2033
2031
2014
2024
2032
2040
1993
2002
1976
2016
1994
2001
1973
2001
1991
2013
1988
1975
1990
2002
2018
2003
2015
2004
2032
2021
2057
1999
2033
2010
2039
1967
1987
1966
1978
1978
1964
1953
1944
1956
1907
1928
1865
1903
1874
1925
1867
1919
1871
1917
1892
1932
1875
1886
1863
1912
1901
1874
1901
1896
1935
1926
1959
1929
1973
1947
2014
1952
1989
1943
1999
1950
1961
1928
1937
1941
1968
1974
1972
1971
1969
2036
2008
2034
1977
2025
2005
2032
2011
2024
1987
2030
2027
2034
2009
2019
2011
2003
2017
1969
1994
1976
2000
1949
1993
1966
2002
2001
2005
1987
1996
2002
2002
2027
1997
2017
2018
2056
1997
2022
2004
2033
2002
2015
1951
1960
1947
1982
1951
1940
1952
1942
1988
1966
1984
1948
1969
1921
1961
1887
1926
1869
1934
1879
1926
1894
1907
1910
1943
1923
1942
1947
1955
2003
1976
2015
1993
2057
2017
2062
2030
2050
1997
2060
2010
2031
1983
2021
1993
1989
1968
1938
1942
1945
1944
1921
1965
1949
2002
1974
1991
1956
2007
1991
2007
2003
1994
2002
2017
2008
1983
1980
1952
2007
1991
2011
1944
1980
1948
1971
1959
1967
1942
1960
1944
1915
1872
1878
1865
1815
1819
1759
1790
1749
1786
1726
1793
1742
1808
1777
1810
1771
1827
1831
1851
1862
1862
1882
1914
1946
1939
1951
1940
2019
1987
2036
1979
2035
2019
2075
2055
2090
2060
2092
2086
2096
2069
2069
2060
2052
2062
2019
2028
1993
2034
1998
2044
1996
2032
2021
2067
2043
2057
2064
2091
2118
2120
2116
2122
2172
2168
2173
2130
2135
2114
2163
2119
2139
2113
2164
2155
2138
2134
2104
2123
2114
2102
2067
2073
2020
2079
2026
2056
2003
2089
2045
2089
2064
2079
2086
2127
2108
2099
2089
2072
2127
2093
2124
2064
2111
2078
2107
2050
2085
2024
2092
2025
2059
2021
2092
2076
2065
2054
2035
2060
2065
2074
2028
2059
1997
2050
2009
2034
1991
2031
1990
2014
1981
1991
1968
2016
2008
2011
1987
1973
2013
1996
2004
1964
1984
1981
2031
2014
2063
2042
2093
2095
2121
2103
2117
2110
2114
2123
2092
2108
2087
2124
2090
2107
2075
2099
2084
2120
2079
2091
2073
2081
2107
2098
2087
2042
2071
2041
2048
2016
2052
2011
2076
2015
2049
2004
2075
2027
2020
1981
1995
2016
2041
2024
2018
2037
2013
2066
2014
2062
2008
2081
2045
2107
2056
2082
2040
2086
2033
2064
2023
2029
2052
2045
2027
2009
2036
2038
2024
1997
2032
1984
2034
1992
2027
1987
2032
1999
2038
2001
2000
2003
2034
2043
2046
2061
2031
2088
2071
2115
2101
2142
2126
2171
2150
2167
2145
2174
2171
2167
2151
2146
2187
2154
2165
2122
2139
2108
2146
2118
2144
2070
2115
2095
2132
2102
2127
2131
2132
2161
2145
2173
2159
2203
2177
2239
2166
2212
2188
2234
2179
2218
2179
2203
2204
2207
2190
2210
2222
2215
2184
2153
2171
2137
2187
2134
2169
2116
2174
2152
2189
2125
2141
2124
2151
2118
2137
2137
2138
2170
2149
2165
2139
2178
2172
2211
2164
2198
2202
2266
2231
2237
2208
2216
2236
2221
2223
2214
2244
2234
2229
2194
2223
2176
2226
2195
2210
2157
2200
2179
2191
2176
2152
2152
2155
2158
2137
2173
2128
2196
2156
2210
2156
2221
2175
2216
2168
2168
2099
2113
2081
2093
2058
2040
2078
2077
2099
2051
2082
2074
2126
2090
2135
2072
2127
2104
2143
2067
2096
2069
2090
2095
2071
2065
2057
2098
2070
2088
2026
2050
2011
2064
1983
1991
1958
1984
1984
1984
1964
1979
1994
2002
1995
1985
2015
2003
2055
2028
2046
2014
2058
2046
2064
2039
2046
2038
2059
2028
2019
2032
2011
2045
2009
2022
1988
2015
1983
2008
1972
1991
1961
2022
2009
2026
2000
2003
2043
2033
2053
2024
2062
2053
2079
2049
2095
2044
2120
2078
2134
2090
2143
2121
2160
2156
2157
2134
2162
2157
2145
2144
2071
2122
2065
2114
2026
2051
2011
2048
2002
2017
1945
1985
1969
1995
1965
1998
2017
2039
2075
2065
2084
2083
2128
2125
2161
2175
2159
2198
2179
2192
2179
2184
2195
2173
2164
2132
2162
2132
2139
2120
2151
2133
2183
2154
2190
2181
2249
2248
2253
2236
2226
2247
2241
2228
2228
2240
2208
2249
2169
2209
2139
2218
2179
2259
2212
2255
2215
2267
2222
2258
2224
2243
2271
2245
2251
2223
2249
2234
2247
2210
2246
2186
2241
2192
2228
2163
2221
2170
2191
2159
2161
2144
2159
2162
2160
2160
2119
2167
2143
2176
2128
2164
2159
2195
2154
2162
2133
2164
2174
2171
2148
2128
2139
2130
2132
2103
2098
2090
2145
2114
2115
2084
2100
2083
2102
2061
2063
2067
2076
2108
2086
2103
2097
2141
2088
2119
2059
2092
2081
2126
2082
2116
2085
2100
2111
2099
2081
2096
2127
2108
2102
2065
2093
2052
2081
1994
2028
1974
2041
1998
2036
1988
2016
1990
2047
2004
2014
2005
1975
1990
1940
1947
1903
1943
1917
1942
1900
1940
1902
1977
1924
1976
1927
1961
1965
1967
1959
1947
1956
1960
1958
1946
1974
1952
2006
1973
1979
1923
1949
1913
1942
1901
1886
1871
1905
1910
1896
1894
1863
1910
1873
1892
1838
1882
1868
1914
1891
1903
1873
1912
1924
1923
1896
1876
1928
1903
1913
1857
1883
1852
1905
1871
1905
1849
1922
1913
1965
1912
1953
1925
1938
1956
1928
1938
1932
1955
1933
1955
1896
1948
1909
1960
1905
1951
1923
1976
1979
2002
1989
2029
2027
2030
2013
2003
2010
1987
2019
1968
1992
1959
2010
1979
2005
1954
1991
1983
2011
1962
1945
1916
1910
1913
1902
1911
1891
1936
1937
1970
1950
1968
1952
2003
1972
1979
1940
1907
1916
1903
1916
1913
1957
1960
1999
1987
2020
1978
2031
1968
1993
1941
2009
1984
1995
1946
1940
1912
1934
1912
1869
1856
1793
1836
1782
1801
1734
1812
1792
1871
1830
1867
1825
1917
1894
1945
1910
1936
1953
1955
1957
1946
1968
1967
1963
1916
1932
1866
1911
1875
1898
1858
1910
1873
1921
1887
1911
1886
1906
1898
1891
1886
1863
1909
1900
1922
1892
1937
1928
1969
1944
1958
1926
1941
1931
1918
1878
1859
1884
1883
1900
1863
1868
1847
1894
1879
1894
1846
1868
1847
1876
1841
1868
1875
1889
1941
1915
1941
1926
1967
1947
1993
1953
1995
1974
2055
2003
2062
2031
2074
2070
2102
2080
2086
2092
2096
2071
2045
2078
2036
2107
2061
2104
2045
2117
2051
2092
2042
2068
2042
2106
2063
2092
2093
2098
2157
2145
2163
2140
2176
2154
2192
2146
2165
2125
2169
2139
2138
2095
2095
2103
2099
2082
2047
2031
2022
2038
2013
2034
2008
2062
2048
2072
2053
2079
2079
2094
2089
2054
2070
2060
2090
2058
2057
2013
2054
2030
2078
2035
2072
2037
2056
2042
2042
2010
2000
2010
1996
1977
1956
1969
1931
1988
1929
1969
1923
1997
1985
2033
1969
2014
1994
2055
2009
2044
2049
2054
2076
2046
2045
2015
2044
2024
2063
2001
2041
2008
2082
2024
2049
2009
2049
2050
2071
2049
2051
2066
2090
2075
2045
2059
2028
2088
2077
2118
2083
2124
2093
2132
2090
2089
2086
2125
2106
2102
2126
2118
2175
2155
2191
2154
2178
2155
2208
2172
2195
2159
2208
2174
2186
2153
2139
2163
2150
2164
2133
2154
2141
2180
2147
2194
2136
2209
2185
2234
2184
2227
2186
2210
2198
2196
2189
2195
2219
2198
2212
2160
2215
2179
2232
2168
2206
2166
2207
2168
2195
2145
2180
2165
2178
2147
2136
2123
2122
2143
2112
2119
2106
2148
2132
2161
2134
2174
2167
2222
2173
2191
2163
2179
2170
2128
2097
2050
2062
2022
2023
1964
1987
1986
2052
2028
2052
2017
2020
2036
2037
2012
1986
2012
2015
2020
1977
2016
1983
2052
2010
2055
2004
2082
2049
2083
2045
2059
2045
2090
2068
2072
2077
2034
2079
2026
2038
1987
2035
2010
2075
2018
2062
2016
2100
2062
2100
2052
2078
2084
2088
2084
2089
2108
2126
2113
2072
2110
2042
2086
2032
2071
2014
2058
2024
2077
2059
2086
2072
2128
2133
2149
2141
2111
2148
2146
2174
2149
2184
2172
2209
2188
2198
2153
2188
2184
2186
2154
2153
2158
2166
2191
2171
2184
2182
2216
2191
2202
2149
2189
2172
2186
2143
2155
2138
2156
2170
2142
2156
2144
2182
2155
2190
2136
2159
2125
2190
2141
2190
2156
2216
2217
2235
2203
2219
2225
2224
2195
2155
2154
2119
2176
2114
2170
2128
2201
2179
2236
2185
2241
2215
2272
2213
2230
2196
2185
2206
2196
2185
2168
2191
2192
2222
2178
2198
2169
2224
2169
2194
2141
2148
2150
2151
2133
2119
2120
2131
2116
2082
2097
2056
2107
2086
2125
2102
2163
2179
2217
2218
2223
2217
2239
2244
2224
2236
2192
2228
2206
2243
2187
2219
2176
2216
2180
2197
2146
2185
2162
2169
2115
2112
2125
2109
2128
2088
2100
2114
2152
2108
2149
2081
2139
2111
2143
2055
2091
2049
2105
2105
2115
2087
2110
2109
2099
2095
2051
2085
2055
2075
1998
2011
1991
2013
1999
1993
1953
1979
1995
2011
1972
1955
1946
1933
1963
1929
1927
1893
1948
1922
1943
1908
1934
1926
1962
1942
1967
1965
1949
1983
1944
1955
1932
1960
1940
1966
1906
1925
1880
1930
1879
1906
1849
1861
1876
1865
1877
1877
1910
1930
1944
1911
1983
1935
2012
1973
2027
1955
2013
1984
2028
1979
1995
1962
1998
1981
1981
1969
1922
1958
1944
1963
1917
1972
1961
2037
2005
2044
1985
2060
2029
2074
2037
2058
2038
2049
2034
1993
1961
1955
1959
1919
1936
1893
1955
1934
1981
1929
1965
1955
1979
2003
1995
1989
1998
2033
2036
2064
2018
2024
2009
2034
1968
1956
1926
1920
1923
1921
1912
1913
1957
1965
1984
1981
2040
2020
2090
2051
2098
2046
2101
2073
2105
2067
2090
2072
2114
2083
2080
2079
2031
2066
2017
2040
1997
2027
2006
2072
2025
2069
2030
2123
2103
2154
2106
2151
2175
2199
2194
2178
2184
2199
2210
2165
2196
2119
2161
2131
2161
2115
2162
2110
2122
2083
2094
2050
2072
2049
2050
2044
2016
2052
2062
2103
2065
2105
2118
2185
2170
2180
2156
2195
2194
2191
2151
2133
2130
2120
2146
2107
2121
2110
2147
2124
2132
2096
2135
2128
2162
2119
2146
2141
2142
2164
2118
2114
2088
2138
2115
2153
2085
2124
2093
2145
2078
2108
2063
2093
2072
2087
2055
2089
2119
2145
2123
2123
2152
2114
2163
2104
2144
2115
2164
2130
2187
2127
2158
2117
2164
2126
2144
2137
2138
2167
2165
2164
2132
2160
2154
2170
2125
2142
2100
2141
2099
2106
2058
2058
2083
2103
2092
2087
2110
2117
2137
2106
2132
2081
2141
2118
2128
2066
2126
2119
2150
2132
2124
2120
2143
2151
2151
2172
2114
2164
2137
2168
2103
2136
2090
2151
2115
2153
2107
2162
2147
2158
2111
2091
2102
2091
2119
2091
2101
2075
2111
2073
2112
2033
2105
2082
2119
2056
2103
2071
2095
2077
2061
2038
2049
2064
2068
2082
2031
2077
2048
2099
2053
2086
2033
2076
2057
2075
2037
2065
2070
2107
2085
2109
2124
2117
2147
2119
2149
2116
2165
2150
2170
2118
2136
2130
2153
2115
2107
2094
2065
2092
2065
2063
2026
2053
2046
2083
2043
2082
2062
2128
2111
2152
2127
2124
2138
2147
2148
2143
2170
2176
2182
2147
2182
2103
2157
2096
2137
2064
2102
2041
2056
1993
1992
1944
1988
1988
1977
1978
1948
2009
2016
2044
1994
2040
2020
2082
2038
2077
2012
2067
2009
2032
1974
1992
1995
2009
1993
1967
1965
1979
1999
1970
1996
1963
2024
2007
2040
1997
2035
1999
2028
2023
2015
2015
2029
2056
2054
2075
2038
2068
2057
2093
2055
2087
2070
2113
2121
2112
2083
2096
2085
2082
2066
2029
2038
2010
2056
2017
2063
2049
2136
2124
2156
2116
2153
2143
2207
2161
2186
2160
2136
2160
2124
2122
2070
2076
2047
2079
2008
2046
2005
2078
2034
2080
2037
2075
2075
2107
2077
2085
2099
2139
2122
2108
2129
2079
2147
2122
2140
2076
2120
2078
2112
2057
2053
2006
2035
2030
2021
2009
1989
2019
2019
2033
2019
2058
2060
2116
2085
2103
2084
2150
2162
2165
2130
2128
2152
2143
2148
2111
2140
2133
2164
2109
2134
2063
2126
2107
2134
2084
2123
2112
2133
2142
2144
2151
2168
2202
2184
2220
2164
2219
2196
2252
2199
2241
2199
2257
2234
2263
2216
2230
2215
2253
2223
2212
2213
2181
2218
2179
2202
2163
2214
2185
2236
2186
2224
2192
2242
2192
2217
2190
2186
2205
2204
2185
2162
2183
2180
2199
2152
2172
2147
2206
2168
2184
2142
2159
2162
2172
2140
2120
2112
2115
2116
2084
2109
2061
2112
2112
2151
2118
2149
2139
2164
2149
2138
2147
2162
2186
2169
2177
2120
2189
2199
2137
2176
2160
2217
2173
2200
2148
2218
2192
2216
2170
2209
2201
2226
2220
2173
2180
2170
2203
2149
2180
2106
2154
2111
2151
2079
2122
2078
2105
2085
2087
2072
2102
2115
2117
2119
2104
2136
2111
2146
2093
2134
2115
2173
2161
2193
2155
2181
2174
2199
2169
2166
2156
2145
2160
2117
2127
2113
2149
2126
2171
2125
2144
2130
2163
2117
2125
2097
2095
2120
2098
2110
2090
2152
2135
2166
2129
2179
2148
2222
2177
2209
2160
2214
2193
2217
2198
2166
2175
2184
2186
2159
2170
2117
2189
2128
2170
2119
2201
2152
2205
2159
2183
2143
2191
2146
2148
2093
2072
2076
2046
2035
2007
2041
2020
2047
2029
2079
2068
2147
2121
2169
2132
2172
2143
2171
2163
2138
2126
2134
2144
2116
2123
2079
2113
2100
2133
2101
2125
2106
2139
2130
2115
2100
2103
2124
2109
2105
2071
2120
2098
2148
2078
2109
2082
2131
2111
2116
2074
2103
2115
2148
2136
2124
2118
2103
2135
2072
2076
2023
2094
2027
2055
1988
2026
1997
2048
1988
2026
1992
2020
2036
2013
1987
1967
1996
1983
1959
1899
1925
1878
1939
1883
1911
1868
1947
1929
1951
1911
1947
1965
1981
1945
1948
1939
1928
1953
1911
1939
1903
1954
1923
1972
1926
1956
1942
1982
1954
1969
1941
1935
1962
1944
1959
1939
1979
1980
1991
1973
1990
1941
1972
1931
1937
1891
1919
1907
1909
1917
1896
1908
1907
1926
1886
1904
1844
1886
1838
1865
1804
1857
1825
1847
1830
1817
1788
1805
1827
1827
1829
1826
1869
1838
1867
1807
1859
1823
1880
1836
1873
1807
1844
1823
1848
1797
1815
1793
1816
1847
1809
1807
1812
1877
1863
1924
1884
1938
1913
1938
1866
1879
1841
1848
1837
1847
1826
1843
1880
1892
1887
1871
1894
1868
1918
1874
1895
1859
1905
1864
1866
1841
1848
1858
1863
1833
1826
1850
1854
1901
1856
1871
1823
1882
1841
1860
1821
1837
1799
1819
1789
1819
1800
1796
1846
1805
1805
1743
1750
1710
1701
1624
1657
1599
1659
1605
1648
1594
1676
1653
1687
1681
1695
1702
1733
1733
1712
1722
1671
1743
1710
1756
1704
1748
1727
1778
1736
1763
1735
1810
1803
1828
1794
1806
1826
1827
1831
1800
1800
1797
1826
1815
1853
1829
1881
1878
1908
1882
1922
1941
1974
1998
1977
1958
1965
2004
1964
1995
1934
1951
1914
1913
1847
1864
1837
1861
1844
1830
1823
1859
1882
1873
1858
1831
1861
1836
1863
1807
1847
1819
1883
1865
1903
1877
1935
1952
2009
1983
2013
2026
2017
2052
2011
2033
2020
2059
2015
2069
2005
2041
2011
2059
2011
2053
1994
2042
2034
2046
2039
2050
2071
2098
2086
2068
2108
2080
2122
2069
2091
2047
2103
2059
2088
2043
2046
2034
2075
2052
2067
2086
2087
2138
2135
2155
2128
2185
2173
2194
2156
2160
2143
2183
2158
2152
2112
2100
2136
2113
2110
2064
2090
2061
2071
2024
2030
1982
2019
2026
2057
2042
2076
2078
2086
2107
2065
2071
2062
2114
2083
2110
2045
2113
2082
2126
2071
2112
2077
2110
2091
2080
2040
2051
2051
2026
2003
1959
2006
1979
2027
1967
2014
1984
2042
1979
2000
1935
1949
1905
1940
1900
1931
1940
1952
1973
1951
1956
1947
1971
1943
1968
1920
1936
1909
1954
1913
1946
1922
1949
1957
1951
1939
1919
1921
1907
1903
1849
1871
1851
1914
1900
1934
1916
1979
1995
2035
2028
2029
2058
2079
2073
2048
2055
2022
2076
2015
2025
1955
2006
1949
1982
1914
1934
1908
1975
1956
1976
1941
1964
2024
2006
2025
1984
2016
1992
2012
1957
2005
1951
2020
1976
2014
1952
2020
1993
2033
2032
2020
2015
2030
2022
1971
1940
1867
1884
1830
1860
1806
1831
1814
1861
1850
1877
1858
1911
1930
1952
1949
1943
1969
1971
1982
1939
1964
1936
1971
1963
1981
1948
1968
1950
1959
1924
1935
1929
1931
1960
1943
1985
1975
2030
2023
2087
2039
2072
2046
2080
2015
2016
1965
1939
1946
1917
1908
1907
1926
1913
1930
1905
1955
1915
1989
1915
1947
1895
1981
1964
2006
1979
2006
2008
2046
2026
2053
2074
2059
2104
2086
2120
2079
2133
2097
2159
2098
2119
2082
2143
2084
2106
2064
2087
2101
2094
2084
2075
2100
2099
2102
2089
2109
2083
2129
2094
2104
2065
2110
2093
2111
2101
2092
2105
2135
2127
2097
2098
2061
2111
2086
2110
2058
2104
2084
2112
2089
2087
2069
2086
2086
2067
2047
2040
2078
2068
2080
2040
2083
2042
2089
2052
2095
2055
2111
2091
2132
2088
2130
2143
2168
2173
2150
2160
2145
2169
2118
2134
2055
2100
2055
2116
2045
2102
2067
2118
2101
2129
2086
2113
2092
2111
2071
2062
2062
2055
2078
2035
2041
2018
2062
2014
2054
1987
2017
1994
2058
2016
2066
2049
2093
2093
2093
2057
2075
2086
2101
2092
2059
2080
2075
2139
2113
2137
2108
2157
2140
2160
2113
2147
2131
2162
2127
2138
2125
2133
2147
2137
2125
2114
2139
2109
2144
2098
2120
2089
2128
2075
2107
2103
2139
2138
2159
2140
2165
2162
2205
2224
2218
2222
2198
2223
2205
2212
2172
2178
2144
2202
2153
2195
2163
2234
2197
2252
2218
2226
2214
2260
2226
2238
2217
2216
2245
2222
2226
2177
2192
2174
2183
2133
2194
2151
2242
2183
2207
2138
2208
2164
2208
2144
2171
2138
2199
2148
2171
2160
2136
2159
2152
2159
2137
2159
2178
2227
2166
2214
2152
2231
2173
2209
2142
2202
2154
2214
2143
2164
2098
2165
2098
2136
2124
2121
2142
2167
2159
2157
2146
2135
2181
2150
2174
2135
2179
2158
2161
2119
2175
2137
2215
2156
2207
2156
2207
2167
2206
2146
2164
2139
2176
2139
2165
2163
2152
2165
2147
2148
2120
2126
2116
2141
2092
2131
2089
2175
2127
2167
2123
2171
2111
2163
2107
2142
2078
2142
2093
2124
2088
2093
2098
2134
2106
2120
2108
2108
2158
2132
2120
2096
2116
2103
2097
2051
2080
2042
2109
2077
2104
2050
2096
2043
2095
2062
2079
2046
2116
2101
2111
2083
2062
2074
2065
2048
2009
1996
1995
1971
1919
1930
1886
1953
1942
1964
1921
1971
1942
2011
1943
1983
1931
1990
1941
1980
1923
1960
1933
1998
1958
2001
1967
1982
1989
1996
1975
1982
1975
1991
1962
1955
1951
1894
1907
1859
1856
1811
1825
1790
1850
1794
1834
1789
1868
1819
1852
1808
1852
1819
1881
1834
1862
1815
1880
1858
1886
1859
1888
1887
1962
1962
2007
2007
2028
2050
2062
2078
2087
2082
2076
2063
2008
2005
1962
1987
1934
1938
1894
1939
1895
1962
1898
1939
1900
1982
1932
1987
1930
1952
1932
1994
1919
1957
1897
1924
1897
1927
1881
1936
1921
1991
1954
2019
2026
2052
2063
2052
2021
2036
2029
2005
2013
1966
1963
1953
1976
1954
1964
1956
2013
1996
2034
2002
2056
2036
2084
2042
2112
2048
2105
2075
2114
2060
2102
2049
2094
2037
2075
2017
2090
2063
2105
2080
2112
2078
2141
2104
2138
2091
2160
2153
2190
2162
2159
2150
2185
2163
2188
2193
2179
2201
2189
2174
2149
2142
2155
2149
2127
2135
2099
2133
2137
2136
2113
2135
2107
2156
2125
2139
2122
2159
2166
2193
2148
2162
2136
2160
2125
2113
2074
2106
2108
2135
2085
2108
2096
2155
2117
2159
2122
2154
2140
2181
2133
2151
2143
2192
2158
2190
2138
2171
2151
2194
2143
2188
2148
2210
2168
2208
2142
2189
2139
2169
2113
2118
2063
2113
2073
2112
2048
2096
2081
2127
2099
2130
2089
2141
2085
2089
2066
2037
2016
2014
1946
1943
1909
1915
1955
1951
1967
1959
2000
2043
2054
2056
2092
2078
2123
2109
2115
2083
2091
2070
2103
2058
2067
2047
2074
2058
2072
2052
2064
2055
2089
2082
2091
2090
2108
2091
2110
2069
2087
2086
2097
2065
2050
2028
2063
2063
2065
2046
2059
2072
2086
2052
2067
2013
2029
2013
2007
1987
2004
1998
2056
2012
2060
2035
2104
2091
2106
2069
2103
2054
2120
2055
2078
2018
2051
1990
2023
1929
1946
1887
1966
1911
1943
1922
1985
1958
2028
1962
2005
1960
2018
1973
2014
1956
1994
1935
1986
1948
1980
1943
1987
1931
1958
1895
1923
1876
1886
1823
1831
1765
1805
1763
1772
1728
1773
1787
1852
1819
1858
1822
1874
1860
1884
1862
1884
1860
1916
1880
1922
1894
1917
1891
1963
1911
1948
1916
1982
1948
1962
1918
1949
1905
1950
1881
1901
1861
1913
1886
1937
1882
1947
1924
1992
1930
1965
1909
1963
1914
1953
1883
1926
1908
1952
1925
1967
1889
1958
1935
1950
1898
1907
1869
1913
1846
1871
1832
1872
1859
1853
1823
1837
1810
1835
1814
1803
1793
1829
1824
1874
1841
1868
1882
1958
1893
1932
1906
1941
1913
1927
1877
1927
1898
1944
1918
1944
1934
2004
1984
2022
1971
2025
1993
2022
1990
1998
1953
2010
1971
1982
1953
1971
1963
2008
1987
2017
1978
2039
2024
2070
2040
2065
2053
2103
2066
2085
2061
2090
2085
2127
2076
2093
2055
2091
2033
2060
2011
2057
2028
2088
2037
2102
2081
2142
2096
2136
2074
2120
2074
2115
2057
2078
2011
2086
2059
2103
2045
2101
2076
2156
2107
2138
2090
2136
2082
2085
2057
2081
2045
2097
2058
2080
2040
2085
2060
2090
2028
2059
2031
2067
2023
2036
2015
2050
2013
2053
2001
2004
1993
2020
1981
2019
1983
2015
1989
2007
1966
1968
1915
1971
1944
1974
1943
1979
1986
1996
1941
1961
1915
1968
1934
1935
1896
1915
1903
1968
1949
1982
1963
2014
2034
2058
2076
2112
2109
2142
2133
2115
2108
2117
2125
2127
2100
2086
2106
2108
2124
2089
2085
2086
2123
2117
2112
2064
2095
2065
2062
2039
2044
2020
2062
2035
2057
2007
2034
2037
2053
2023
2043
2016
2092
2044
2064
2034
2036
2047
2091
2057
2086
2034
2042
2048
2044
2014
2025
2009
2024
1960
1992
1983
2011
2004
2027
1996
2033
2027
2042
2015
2032
2013
2074
2057
2064
2024
2053
2020
2080
2035
2077
2017
2067
2015
2062
2014
2030
1976
2025
1980
2024
1959
2027
2004
2058
2014
2076
2028
2093
2040
2092
2014
2048
2003
2054
1969
1995
1944
2004
1961
1990
1931
1973
1930
1987
1917
1993
1935
1990
1950
1966
1882
1899
1869
1888
1828
1848
1815
1883
1872
1894
1855
1888
1857
1911
1871
1885
1854
1900
1890
1928
1879
1889
1870
1935
1911
1937
1934
1973
1946
1998
1950
1979
1968
2000
1954
1981
1919
1961
1939
1984
1944
1981
1979
2014
1978
2020
1984
2021
2027
2081
2034
2055
1998
2051
2024
2039
2009
2040
2037
2066
2026
2047
2021
2066
2049
2052
2024
2023
2014
2047
2019
2025
2017
2021
2008
1979
1943
1937
1931
1948
1955
1948
1952
1963
1964
1976
1948
1946
1967
1975
1992
1998
1967
1992
1992
2011
2021
2021
2042
2048
2029
2058
2044
2051
2048
2043
2014
2010
1962
2002
1965
1954
1918
1940
1956
1978
1938
1943
1929
1975
1972
1978
1975
1979
1972
1995
1992
1984
1991
2016
2016
2030
2017
2019
2044
2058
2047
2023
2055
2061
2084
2079
2077
2064
2080
2067
2074
2066
2064
2073
2105
2111
2120
2107
2167
2160
2151
2154
2157
2165
2192
2184
2196
2195
2173
2192
2167
2152
2152
2159
2187
2190
2150
2162
2152
2191
2184
2160
2146
2149
2121
2144
2119
2126
2113
2132
2126
2154
2107
2117
2104
2131
2117
2118
2119
2120
2113
2135
2126
2130
2139
2151
2140
2147
2122
2138
2116
2083
2037
1987
1994
1987
1992
1995
1987
2000
2023
2026
2028
2024
2013
2026
2000
1963
1939
1931
1939
1903
1865
1857
1855
1860
1848
1826
1831
1836
1835
1861
1851
1878
1908
1953
1955
1989
1960
1999
2003
2015
1974
1975
1978
1991
1924
1932
1896
1929
1904
1912
1864
1899
1858
1917
1891
1913
1881
1905
1881
1919
1877
1915
1888
1935
1917
1944
1913
1921
1891
1941
1897
1899
1851
1880
1855
1875
1831
1840
1818
1862
1837
1852
1835
1871
1866
1903
1862
1897
1891
1947
1910
1962
1926
1978
1967
2014
1966
2007
1991
2055
2027
2070
2003
2057
2042
2106
2040
2096
2034
2082
2060
2109
2048
2092
2051
2075
2023
2035
1990
2054
2032
2081
2027
2064
2064
2092
2073
2098
2074
2114
2083
2101
2103
2089
2101
2146
2136
2152
2149
2161
2206
2187
2183
2158
2187
2198
2183
2183
2198
2172
2208
2189
2189
2174
2205
2182
2217
2181
2194
2185
2216
2196
2208
2200
2243
2240
2280
2241
2261
2231
2249
2232
2262
2222
2242
2231
2258
2230
2238
2226
2274
2246
2274
2235
2238
2216
2260
2234
2258
2212
2243
2229
2272
2219
2257
2248
2316
2272
2295
2248
2298
2271
2312
2276
2299
2254
2315
2286
2313
2253
2317
2314
2353
2304
2314
2285
2342
2286
2310
2282
2263
2271
2282
2243
2234
2219
2267
2272
2255
2244
2238
2261
2269
2267
2276
2288
2277
2320
2275
2300
2274
2310
2291
2317
2241
2281
2246
2306
2261
2300
2267
2331
2302
2343
2264
2315
2272
2343
2266
2313
2254
2301
2271
2318
2262
2308
2283
2324
2293
2314
2262
2299
2263
2295
2236
2249
2238
2271
2265
2283
2274
2313
2305
2307
2301
2286
2283
2295
2313
2297
2287
2271
2318
2298
2327
2293
2315
2327
2359
2323
2347
2297
2342
2327
2354
2310
2332
2287
2343
2283
2305
2244
2289
2249
2283
2240
2271
2246
2297
2267
2294
2237
2296
2283
5835
2097
2112
2112
2112
2107
2108
2119
2124
2112
2105
2099
2092
2083
2058
2050
2033
2025
2035
2038
2041
2046
2056
2053
2062
2072
2083
2095
2112
2132
2138
2136
2143
2157
2162
2152
2133
2130
2123
2132
2139
2136
2142
2143
2130
2144
2147
2149
2155
2162
2165
2166
2169
2194
2191
2192
2196
2196
2182
2165
2137
2116
2111
2109
2107
2102
2100
2109
2125
2139
2156
2168
2167
2166
2175
2178
2174
2163
2169
2189
2201
2206
2191
2175
2160
2137
2122
2128
2122
2113
2104
2090
2080
2063
2055
2041
2019
2002
1993
1970
1970
1959
1959
1966
1991
2004
2031
2047
2053
2042
2044
2040
2037
2025
2022
2027
2039
2035
2044
2067
2083
2100
2110
2094
2091
2082
2079
2063
2066
2069
2072
2039
2039
2042
2055
2055
2065
2084
2085
2077
2077
2094
2091
2088
2073
2073
2068
2032
2006
1985
1970
1960
1952
1940
1930
1940
1939
1954
1980
1986
1989
1994
2003
2016
2017
2022
2037
2054
2062
2058
2049
2033
2018
2017
2003
1979
1959
1955
1941
1946
1952
1963
1962
1965
1970
1984
1974
1980
1987
1991
1989
1997
2004
2011
2017
2031
2048
2053
2059
2061
2050
2040
2020
1992
1965
1925
1917
1913
1930
1935
1935
1946
1960
1961
1988
2009
2035
2043
2046
2043
2066
2078
2072
2057
2045
2031
1995
1971
1957
1955
1950
1948
1947
1959
1977
1981
1983
1999
1997
2005
2008
2018
2016
1990
1964
1928
1895
1887
1883
1865
1825
1794
1775
1770
1782
1780
1781
1791
1811
1858
1893
1928
1965
1984
1997
2016
2020
2006
1973
1952
1922
1910
1889
1877
1869
1865
1880
1870
1842
1826
1811
1801
1787
1789
1792
1800
1826
1835
1853
1862
1864
1855
1871
1875
1882
1890
1912
1926
1928
1915
1901
1872
1855
1853
1863
1875
1888
1893
1911
1934
1945
1953
1952
1954
1943
1921
1899
1867
1853
1857
1870
1884
1879
1864
1859
1871
1885
1876
1880
1899
1904
1898
1880
1867
1855
1839
1841
1847
1847
1846
1844
1838
1821
1803
1796
1797
1799
1805
1809
1812
1807
1818
1826
1826
1829
1832
1840
1828
1810
1806
1807
1813
1808
1777
1772
1772
1789
1814
1841
1868
1894
1924
1955
1965
1987
1998
2008
1991
1982
1958
1937
1915
1902
1895
1886
1874
1877
1874
1886
1884
1886
1887
1894
1893
1883
1889
1888
1891
1890
1889
1898
1916
1941
1963
1991
2004
2006
2003
1998
2010
2011
2017
2019
2027
2034
2051
2057
2057
2079
2098
2116
2118
2130
2126
2129
2116
2107
2103
2116
2105
2104
2093
2081
2079
2057
2049
2019
2000
1972
1945
1940
1925
1889
1871
1869
1849
1841
1856
1881
1908
1922
1946
1939
1934
1920
1902
1899
1898
1911
1918
1926
1937
1940
1947
1966
1972
1995
2007
2004
2012
2011
2005
2011
2008
2021
2027
2021
2008
1994
1995
1992
1970
1958
1946
1924
1908
1887
1871
1850
1852
1838
1819
1799
1790
1799
1805
1807
1797
1787
1791
1794
1787
1783
1794
1809
1818
1831
1836
1854
1882
1899
1925
1937
1951
1945
1945
1953
1963
1977
1997
2013
2027
2017
1996
2001
1983
1967
1959
1931
1911
1916
1935
1930
1918
1911
1907
1913
1921
1930
1935
1947
1959
1956
1959
1975
1981
2000
2000
1983
1989
1996
1992
1993
1987
1999
1991
1989
1977
1978
1986
1979
1976
1992
2013
2018
2030
2067
2070
2065
2071
2072
2051
2031
2003
1993
1981
1971
1971
1984
2002
2016
2033
2061
2086
2109
2126
2142
2148
2171
2197
2191
2189
2184
2180
2182
2166
2146
2139
2119
2097
2070
2045
2022
1985
1960
1965
1974
1993
2006
2004
2034
2056
2078
2084
2107
2126
2149
2157
2141
2135
2136
2133
2143
2155
2168
2174
2169
2168
2159
2161
2162
2154
2157
2163
2169
2184
2188
2187
2196
2209
2232
2226
2214
2219
2218
2218
2212
2207
2203
2204
2198
2188
2189
2211
2217
2232
2220
2211
2194
2196
2178
2164
2133
2110
2112
2109
2120
2137
2138
2141
2135
2133
2144
2154
2211
2206
2234
2259
2285
2303
2297
2302
2305
2298
2288
2284
2277
2271
2252
2233
2213
2184
2190
2203
2222
2231
2249
2258
2263
2272
2277
2273
2251
2218
2181
2152
2119
2103
2099
2094
2092
2095
2097
2107
2108
2122
2120
2142
2148
2155
2153
2144
2134
2127
2129
2124
2133
2143
2158
2176
2196
2214
2212
2215
2215
2186
2166
2151
2137
2114
2101
2096
2092
2104
2123
2143
2139
2158
2157
2160
2160
2167
2182
2187
2190
2191
2184
2174
2151
2140
2147
2148
2160
2166
2155
2154
2151
2151
2162
2173
2179
2177
2166
2164
2174
2180
2170
2179
2197
2192
2196
2199
2186
2179
2189
2213
2215
2232
2236
2236
2227
2207
2191
2206
2199
2194
2190
2192
2192
2196
2220
2238
2253
2274
2291
2292
2306
2316
2317
2294
2278
2267
2252
2245
2239
2221
2232
2224
2235
2223
2217
2209
2208
2206
2210
2222
2227
2231
2214
2210
2207
2209
2200
2202
2201
2198
2206
2204
2196
2194
2213
2221
2204
2171
2161
2169
2158
2153
2171
2183
2180
2187
2186
2183
2193
2194
2183
2179
2179
2158
2142
2128
2107
2099
2092
2080
2081
2069
2066
2046
2024
2017
2008
1995
1992
1992
1998
1992
1993
2000
2018
2051
2076
2093
2103
2125
2158
2170
2186
2198
2200
2204
2210
2205
2204
2206
2207
2193
2185
2176
2168
2170
2142
2134
2137
2136
2131
2119
2109
2114
2105
2090
2084
2095
2091
2098
2099
2085
2088
2086
2080
2072
2068
2073
2081
2094
2110
2121
2128
2141
2167
2190
2200
2210
2200
2193
2179
2179
2164
2141
2137
2117
2106
2106
2095
2096
2098
2094
2111
2124
2132
2130
2129
2123
2127
2119
2096
2090
2093
2079
2059
2055
2063
2067
2059
2050
2049
2058
2074
2089
2084
2109
2111
2106
2100
2091
2067
2059
2051
2038
2024
2026
2024
2027
2050
2061
2060
2073
2082
2097
2121
2143
2154
2149
2155
2151
2149
2137
2133
2109
2097
2075
2071
2069
2060
2048
2051
2061
2070
2083
2084
2073
2059
2026
1995
1986
1966
1951
1927
1902
1886
1869
1875
1901
1910
1912
1911
1916
1917
1933
1950
1967
1982
1983
1979
1961
1916
1879
1855
1845
1833
1850
1846
1862
1885
1907
1938
1971
1988
1988
1984
1974
1951
1942
1939
1933
1940
1928
1926
1936
1951
1957
1960
1975
1968
1955
1962
1956
1932
1903
1883
1855
1824
1802
1795
1801
1823
1850
1873
1898
1931
1966
2001
2037
2056
2059
2053
2043
2032
2019
2027
2027
2044
2043
2038
2057
2067
2058
2057
2042
2037
2027
2018
1999
1995
1986
2013
2014
2021
2031
2031
2033
2036
2038
2032
2027
2028
2010
2005
2001
1989
1988
1990
1984
1957
1957
1975
1986
1974
1974
1966
1987
2000
2009
2031
2031
2031
2031
2028
2021
1998
1991
1987
1976
1988
1987
2000
2011
2022
2005
2004
2003
1996
1974
1990
2009
2014
2023
2018
2015
2011
2018
2025
2037
2051
2060
2076
2099
2119
2133
2137
2139
2134
2129
2120
2115
2105
2097
2069
2050
2049
2029
2030
2044
2046
2052
2050
2037
2010
1978
1954
1959
1965
1981
1985
2007
2014
2025
2036
2043
2071
2071
2069
2061
2043
2019
2027
2035
2032
2010
1993
1989
2007
2006
2005
2013
2015
2032
2040
2060
2061
2066
2090
2111
2120
2134
2148
2162
2153
2141
2139
2136
2128
2123
2113
2103
2093
2088
2095
2113
2108
2108
2110
2127
2124
2139
2133
2125
2099
2075
2033
1999
1983
1975
1971
1987
1996
2018
2026
2034
2018
1998
1991
1985
1980
1976
1976
1995
1988
1991
1990
2002
2014
2026
2041
2057
2084
2103
2106
2114
2124
2116
2112
2117
2121
2127
2136
2152
2172
2165
2171
2165
2156
2134
2130
2143
2151
2155
2154
2146
2143
2157
2164
2162
2156
2167
2169
2172
2159
2159
2150
2145
2157
2171
2156
2171
2169
2159
2147
2138
2126
2114
2095
2093
2068
2059
2045
2035
2043
2042
2037
2037
2058
2082
2101
2118
2147
2163
2171
2165
2159
2158
2166
2145
2144
2148
2131
2127
2126
2116
2108
2104
2100
2090
2083
2059
2061
2048
2030
2016
1997
1981
1978
1960
1943
1940
1940
1945
1948
1939
1930
1925
1923
1894
1891
1894
1880
1886
1879
1877
1888
1883
1888
1891
1876
1855
1831
1794
1769
1745
1739
1767
1769
1773
1775
1802
1821
1827
1832
1843
1859
1898
1918
1955
1976
1991
1986
1985
1972
1974
1970
1963
1969
1965
1962
1927
1928
1930
1947
1935
1949
1946
1943
1944
1970
1981
2005
2016
2007
2004
2007
2006
2005
2005
2009
2021
2003
1990
1990
1998
1988
1977
1971
1980
1970
1994
1992
1992
1986
1985
2005
2015
2023
2030
2053
2062
2063
2059
2052
2031
2011
1992
1975
1960
1940
1935
1933
1927
1928
1927
1926
1936
1937
1935
1924
1909
1915
1921
1909
1908
1893
1885
1864
1834
1819
1810
1798
1816
1831
1850
1889
1904
1916
1934
1951
1969
1981
1981
1970
1973
1963
1952
1942
1923
1917
1918
1927
1926
1929
1950
1970
1986
2008
2005
2010
2021
2014
2004
1985
1971
1948
1939
1942
1979
1986
1988
1979
1986
1984
1994
1981
1968
1979
1971
1980
1978
1977
1971
1978
1977
1976
1978
1983
1986
1999
2015
2014
2018
2017
2011
2011
2006
1993
1977
1969
1963
1966
1954
1940
1943
1955
1971
1982
1966
1953
1945
1937
1928
1900
1870
1861
1857
1859
1867
1872
1874
1886
1897
1892
1914
1929
1945
1967
1984
1994
1997
2006
2002
1997
1987
1981
1978
1960
1943
1928
1923
1915
1911
1914
1911
1918
1929
1940
1955
1970
1962
1970
1965
1961
1967
1976
1992
1990
1990
2004
2005
2017
2013
2006
1996
1991
1999
1996
1997
1994
1980
1983
1971
1965
1936
1922
1909
1882
1863
1858
1841
1833
1815
1787
1758
1740
1722
1706
1691
1682
1678
1685
1687
1703
1707
1736
1780
1821
1857
1887
1904
1923
1947
1971
1991
1986
1995
2013
2024
2026
2040
2055
2075
2092
2099
2097
2091
2085
2089
2084
2077
2059
2052
2046
2039
2038
2049
2053
2060
2065
2067
2064
2067
2073
2075
2084
2090
2093
2101
2113
2137
2171
2191
2198
2210
2204
2215
2211
2218
2203
2191
2190
2192
2186
2191
2174
2177
2179
2185
2176
2147
2123
2093
2076
2067
2067
2070
2066
2087
2090
2111
2124
2136
2138
2154
2164
2177
2148
2124
2111
2101
2091
2093
2076
2056
2048
2044
2055
2057
2058
2039
2037
2022
2009
2014
2010
2007
2027
2061
2079
2082
2086
2080
2094
2081
2079
2082
2080
2046
2019
1987
1983
1976
1962
1963
1979
1970
1975
1983
1987
1979
1973
1962
1958
1976
1966
1962
1953
1991
2020
2050
2079
2110
2117
2120
2135
2145
2146
2148
2149
2146
2135
2129
2131
2118
2112
2108
2119
2129
2130
2106
2088
2075
2083
2077
2076
2085
2080
2050
2050
2065
2074
2085
2072
2050
2046
2046
2036
2027
2034
2051
2048
2027
2025
2030
2038
2044
2049
2045
2044
2045
2025
2010
2003
2020
2030
2024
2026
2029
2022
2006
2007
2010
1989
1989
1986
1987
1981
2000
2004
2005
2000
2001
1998
1988
1966
1965
1954
1959
1977
1991
1984
1998
2008
2017
2028
2051
2064
2077
2090
2104
2132
2147
2153
2153
2168
2174
2178
2167
2168
2160
2166
2164
2153
2140
2134
2133
2114
2099
2109
2108
2111
2110
2122
2113
2115
2110
2123
2137
2134
2149
2182
2207
2220
2228
2235
2228
2228
2216
2214
2243
2242
2234
2232
2230
2247
2251
2250
2257
2248
2244
2229
2215
2209
2199
2191
2183
2190
2191
2191
2200
2199
2205
2198
2203
2194
2198
2212
2220
2210
2217
2229
2241
2224
2218
2229
2238
2242
2239
2241
2250
2260
2267
2258
2246
2245
2248
2248
2240
2232
2238
2226
2232
2246
2232
2228
2223
2229
2226
2237
2234
2222
2210
2192
2182
2175
2168
2171
2187
2191
2202
2223
2239
2254
2243
2229
2222
2217
2180
2137
2107
2081
2068
2062
2074
2059
2057
2066
2085
2097
2099
2106
2129
2135
2140
2128
2122
2109
2112
2091
2078
2066
2068
2066
2065
2058
2040
2022
2019
2018
2001
1983
1973
1966
1952
1934
1931
1925
1947
1953
1961
1979
1996
2016
2039
2030
2009
2009
2010
2008
2016
2025
2030
2035
2029
2032
2039
2034
2032
2025
2025
2006
1999
1982
1958
1960
1950
1949
1947
1937
1944
1948
1968
1993
1996
2007
2015
2025
2036
2038
2037
2039
2035
2046
2057
2055
2072
2097
2115
2125
2144
2152
2165
2174
2171
2169
2171
2149
2141
2136
2128
2114
2103
2084
2057
2035
2015
1991
1977
1968
1956
1960
1958
1970
1995
2029
2064
2079
2102
2131
2142
2151
2153
2167
2193
2203
2203
2218
2229
2205
2223
2223
2219
2222
2227
2231
2256
2188
2173
2182
2207
2230
2255
2266
2273
2290
2302
2321
2334
2333
2317
2302
2281
2278
2266
2268
2276
2255
2247
2237
2243
2240
2237
2250
2262
2275
2288
2287
2290
2305
2299
2288
2298
2283
2290
2285
2277
2274
2279
2267
2264
2263
2253
2224
2204
2193
2172
2161
2162
2168
2193
2196
2224
2233
2222
2228
2221
2202
2191
2186
2190
2210
2202
2198
2207
2217
2211
2208
2178
2164
2157
2148
2142
2141
2142
2152
2144
2155
2143
2134
2146
2163
2162
2164
2141
2123
2119
2102
2103
2120
2132
2139
2148
2145
2146
2150
2139
2119
2110
2096
2105
2115
2115
2112
2115
2107
2118
2113
2121
2121
2116
2110
2087
2073
2039
2003
1982
1986
1984
1975
1976
1980
1986
2007
2019
2030
2021
2019
2002
1995
1979
1968
1953
1918
1891
1888
1887
1894
1884
1897
1923
1949
1972
1987
2000
2014
2016
2004
2000
1997
1995
1992
1997
1975
1975
1963
1947
1941
1932
1921
1898
1875
1870
1855
1837
1833
1845
1867
1888
1886
1893
1887
1883
1878
1873
1867
1873
1890
1907
1915
1921
1915
1903
1893
1906
1910
1910
1895
1888
1885
1903
1918
1934
1938
1937
1922
1911
1928
1930
1942
1952
1944
1938
1947
1943
1944
1931
1947
1946
1944
1933
1942
1941
1949
1963
1967
1988
2010
2009
2011
2021
2019
2025
2034
2031
2021
2011
2005
2010
2020
2020
2022
2032
2031
2033
2026
2008
1989
1980
1969
1946
1943
1949
1940
1926
1914
1925
1938
1949
1955
1957
1958
1941
1947
1937
1927
1921
1910
1899
1900
1901
1902
1904
1906
1923
1926
1938
1946
1947
1955
1961
1950
1947
1931
1928
1923
1895
1876
1844
1818
1791
1766
1766
1765
1748
1757
1763
1759
1774
1809
1825
1847
1885
1900
1914
1938
1950
1954
1955
1958
1944
1923
1915
1900
1902
1898
1902
1894
1901
1896
1895
1891
1905
1904
1915
1897
1893
1909
1902
1905
1918
1910
1918
1925
1906
1907
1900
1904
1904
1915
1924
1908
1890
1891
1902
1896
1887
1891
1871
1855
1866
1878
1866
1859
1850
1848
1843
1836
1829
1835
1851
1852
1851
1871
1896
1902
1921
1934
1952
1974
1983
2001
2003
2011
2023
2034
2044
2033
2041
2039
2047
2042
2051
2056
2060
2066
2081
2067
2061
2060
2061
2051
2047
2050
2058
2068
2073
2070
2088
2088
2103
2106
2105
2127
2136
2162
2161
2178
2162
2171
2164
2163
2152
2149
2145
2138
2127
2111
2089
2075
2053
2055
2037
2028
2017
2003
2005
2015
2021
2025
2023
2022
2028
2029
2034
2040
2054
2055
2054
2053
2052
2059
2059
2069
2071
2067
2067
2069
2071
2069
2053
2052
2041
2017
2012
2001
1985
1973
1967
1974
1983
1995
1997
1994
1991
1991
1987
1988
1989
1976
1984
1998
2002
2040
2062
2078
2071
2067
2080
2075
2061
2060
2065
2078
2084
2087
2090
2093
2088
2079
2084
2089
2088
2095
2097
2107
2117
2114
2130
2128
2127
2123
2119
2128
2139
2149
2153
2151
2141
2128
2135
2142
2145
2140
2143
2158
2169
2194
2214
2209
2202
2196
2198
2202
2204
2201
2186
2185
2190
2174
2166
2165
2158
2160
2164
2170
2176
2185
2191
2188
2198
2194
2219
2244
2251
2257
2255
2260
2251
2244
2232
2225
2227
2231
2228
2224
2231
2235
2226
2223
2207
2195
2180
2183
2187
2183
2178
2160
2163
2151
2148
2134
2130
2125
2131
2126
2131
2121
2112
2113
2125
2143
2160
2173
2198
2187
2175
2166
2138
2102
2064
2040
2020
2004
1980
1972
1981
1990
2029
2043
2029
2028
2025
2016
2014
2016
2001
2013
2022
2035
2043
2058
2067
2052
2055
2063
2070
2087
2089
2102
2104
2107
2103
2105
2089
2087
2075
2075
2068
2066
2050
2048
2013
2024
2038
2055
2067
2083
2088
2095
2102
2103
2108
2109
2106
2106
2107
2095
2089
2076
2068
2046
2033
2018
1995
1992
1996
2006
2025
2036
2059
2079
2107
2114
2129
2152
2159
2164
2177
2192
2211
2218
2216
2228
2213
2206
2209
2220
2226
2220
2217
2209
2204
2205
2210
2208
2202
2200
2185
2197
2208
2207
2198
2202
2207
2206
2195
2188
2181
2194
2203
2206
2215
2209
2204
2198
2180
2178
2178
2180
2187
2204
2219
2227
2241
2241
2249
2242
2247
2248
2242
2240
2243
2241
2238
2233
2240
2233
2231
2230
2225
2221
2244
2260
2278
2287
2282
2278
2273
2276
2259
2252
2229
2218
2187
2183
2179
2187
2197
2200
2198
2214
2207
2206
2193
2192
2190
2193
2168
2162
2157
2142
2144
2124
2127
2135
2132
2152
2168
2179
2194
2226
2246
2252
2278
2268
2273
2282
2277
2282
2279
2266
2267
2273
2271
2266
2261
2260
2255
2227
2200
2177
2165
2164
2155
2140
2131
2118
2112
2123
2144
2154
2156
2161
2161
2154
2142
2153
2148
2149
2158
2159
2161
2158
2163
2147
2139
2135
2140
2134
2123
2103
2083
2088
2086
2091
2072
2053
2037
2013
2003
2016
2015
2006
1993
1990
1998
1991
1987
1978
1965
1970
1948
1933
1919
1921
1941
1942
1951
1941
1946
1942
1934
1931
1918
1923
1910
1899
1895
1895
1892
1878
1886
1878
1867
1874
1885
1884
1882
1882
1909
1937
1960
1977
1996
2020
2036
2047
2057
2051
2028
2026
2028
2011
2018
2012
1998
1995
1983
1971
1957
1955
1960
1981
1978
1993
1990
2004
2014
2031
2037
2041
2031
2039
2044
2042
2039
2037
2014
1988
1967
1954
1951
1940
1930
1930
1923
1921
1931
1939
1955
1970
1979
1977
1979
1989
2010
2015
2019
2021
2013
2005
1991
1979
1965
1951
1924
1910
1924
1922
1928
1942
1959
1989
2018
2041
2061
2089
2102
2099
2098
2106
2117
2122
2118
2123
2128
2113
2113
2114
2110
2114
2097
2074
2055
2054
2032
2040
2037
2044
2054
2074
2080
2092
2103
2114
2133
2135
2154
2194
2215
2218
2239
2230
2219
2206
2205
2198
2198
2182
2175
2159
2128
2103
2095
2087
2085
2084
2089
2097
2096
2099
2105
2111
2136
2166
2182
2188
2185
2188
2202
2207
2221
2234
2250
2252
2238
2218
2203
2191
2175
2166
2167
2159
2164
2174
2177
2187
2190
2186
2174
2168
2165
2166
2171
2165
2172
2160
2164
2150
2145
2142
2125
2119
2118
2126
2145
2153
2134
2124
2121
2120
2124
2119
2135
2146
2153
2157
2167
2179
2184
2184
2180
2161
2159
2141
2153
2176
2194
2178
2190
2187
2183
2190
2191
2203
2185
2197
2200
2206
2197
2182
2178
2158
2129
2122
2103
2091
2082
2088
2082
2087
2094
2104
2120
2129
2140
2139
2150
2149
2155
2135
2123
2115
2117
2117
2133
2133
2131
2133
2126
2114
2099
2104
2103
2105
2099
2104
2110
2119
2123
2129
2137
2141
2146
2160
2180
2175
2182
2175
2180
2170
2156
2134
2126
2108
2087
2072
2068
2071
2085
2064
2047
2045
2051
2054
2055
2063
2078
2060
2030
2024
2011
2019
2019
2027
2045
2060
2059
2066
2058
2058
2046
2041
2042
2058
2046
2050
2069
2099
2119
2142
2153
2154
2162
2179
2187
2171
2160
2151
2154
2146
2153
2138
2134
2121
2115
2098
2093
2096
2085
2072
2045
2031
2025
2040
2075
2102
2145
2151
2174
2175
2177
2181
2175
2179
2174
2188
2189
2206
2196
2195
2173
2153
2122
2095
2073
2054
2028
2008
2002
1981
1970
1972
1968
1972
1986
1984
1993
2014
2039
2067
2069
2070
2065
2068
2063
2051
2033
2019
2004
1999
1990
1988
1993
1980
1979
1989
2003
1984
1987
1981
2003
2016
2038
2048
2045
2043
2036
2031
2038
2033
2032
2027
2036
2039
2045
2056
2057
2061
2055
2060
2060
2064
2086
2104
2105
2109
2097
2072
2042
2032
2014
1999
1998
2016
2035
2055
2074
2095
2118
2150
2168
2189
2192
2182
2176
2172
2146
2120
2112
2091
2059
2039
2013
1994
1991
1998
1989
2005
2035
2047
2062
2078
2101
2111
2099
2070
2067
2062
2055
2063
2055
2058
2071
2079
2088
2090
2089
2074
2067
2053
2047
2035
2020
2016
2001
2000
1992
1994
1995
2014
2032
2046
2052
2063
2084
2099
2120
2131
2140
2154
2154
2155
2144
2146
2146
2145
2143
2139
2130
2123
2129
2124
2116
2111
2097
2103
2096
2089
2101
2110
2130
2144
2158
2169
2185
2210
2206
2210
2217
2227
2234
2233
2246
2242
2245
2248
2250
2236
2205
2195
2198
2190
2182
2174
2172
2168
2166
2164
2174
2173
2180
2175
2178
2180
2178
2170
2169
2171
2172
2157
2150
2133
2121
2128
2121
2117
2108
2108
2111
2121
2129
2116
2097
2097
2104
2116
2116
2123
2105
2104
2101
2095
2091
2079
2079
2092
2119
2128
2154
2144
2150
2141
2139
2152
2169
2172
2181
2181
2194
2186
2187
2188
2181
2172
2159
2158
2161
2185
2197
2201
2188
2169
2188
2163
2143
2138
2150
2151
2138
2124
2119
2121
2119
2119
2100
2090
2080
2079
2081
2079
2083
2083
2085
2064
2065
2069
2073
2074
2083
2091
2101
2104
2118
2130
2140
2144
2154
2155
2149
2146
2133
2131
2135
2144
2154
2151
2147
2136
2123
2132
2138
2146
2151
2153
2144
2136
2120
2116
2099
2103
2101
2093
2101
2122
2135
2144
2150
2156
2176
2174
2173
2184
2193
2182
2178
2164
2148
2138
2134
2136
2143
2155
2143
2146
2146
2139
2140
2129
2125
2129
2138
2125
2109
2118
2106
2095
2088
2081
2088
2070
2052
2052
2051
2048
2043
2046
2074
2094
2121
2141
2145
2156
2178
2189
2191
2187
2183
2170
2160
2145
2155
2143
2130
2129
2113
2105
2116
2112
2120
2124
2130
2138
2140
2156
2143
2146
2128
2114
2109
2112
2103
2109
2112
2127
2144
2135
2124
2118
2122
2120
2117
2123
2146
2136
2121
2122
2103
2083
2063
2038
2021
2012
2003
2018
2021
2017
2011
1989
1978
1975
1970
1962
1958
1959
1975
1998
1992
1986
1972
1963
1961
1936
1910
1889
1889
1885
1880
1903
1922
1928
1935
1932
1952
1956
1953
1968
1977
1977
1971
1974
1985
1995
1983
1981
1988
1981
1979
1984
1976
1985
1991
1988
1981
1979
1975
1982
1954
1947
1962
1953
1948
1938
1937
1923
1929
1918
1917
1899
1888
1884
1884
1892
1904
1916
1932
1937
1919
1911
1883
1876
1841
1826
1814
1800
1791
1791
1798
1809
1821
1830
1841
1851
1850
1853
1855
1855
1837
1825
1807
1786
1781
1774
1773
1772
1790
1791
1775
1773
1776
1787
1781
1771
1784
1800
1806
1811
1821
1832
1829
1831
1816
1809
1795
1788
1774
1766
1758
1778
1780
1790
1796
1799
1807
1803
1803
1800
1796
1783
1782
1777
1764
1759
1759
1743
1749
1752
1752
1765
1773
1782
1789
1806
1819
1820
1817
1809
1807
1805
1804
1803
1809
1812
1800
1785
1773
1747
1719
1685
1647
1618
1608
1587
1575
1559
1548
1548
1571
1591
1591
1609
1623
1633
1662
1673
1671
1682
1683
1689
1689
1683
1667
1677
1676
1685
1704
1718
1741
1781
1805
1846
1873
1882
1881
1883
1880
1886
1889
1877
1849
1824
1824
1830
1850
1862
1887
1903
1930
1935
1947
1946
1953
1959
1967
1971
1987
2000
1994
1989
1977
1954
1931
1888
1855
1835
1837
1836
1831
1841
1843
1834
1853
1858
1866
1858
1829
1817
1803
1800
1797
1798
1818
1821
1844
1861
1886
1915
1922
1939
1962
1983
1991
1998
2005
2019
2021
2014
2010
2017
2023
2024
2004
1999
1987
1966
1953
1961
1974
1981
1974
1994
2018
2026
2023
2028
2031
2030
2063
2057
2069
2044
2042
2041
2035
2028
2042
2032
2054
2060
2077
2095
2114
2134
2140
2156
2186
2187
2180
2178
2188
2200
2183
2175
2143
2135
2134
2118
2105
2090
2072
2048
2001
1993
1977
1968
1967
1963
1958
1968
1973
1975
1981
1995
2017
2045
2053
2051
2050
2040
2029
2056
2057
2073
2077
2083
2096
2091
2086
2065
2035
2036
2039
2032
2026
2025
2021
2013
2009
1997
1990
1991
1991
1998
1988
1961
1946
1933
1927
1912
1896
1906
1902
1924
1933
1963
1988
2000
2013
2031
2018
2016
2017
2013
1991
1989
1992
1996
2005
2019
2010
2009
2005
2000
1992
1980
1966
1954
1939
1927
1924
1925
1949
1971
1994
2009
2032
2047
2062
2064
2076
2080
2080
2076
2058
2040
2023
2012
2006
1977
1955
1939
1914
1899
1907
1927
1950
1970
1990
2005
2023
2026
2039
2043
2041
2021
2002
1973
1978
1971
1971
1972
1965
1963
1950
1948
1957
1962
1962
1964
1938
1903
1863
1819
1800
1784
1762
1743
1751
1766
1771
1795
1810
1844
1871
1879
1889
1891
1893
1897
1911
1925
1927
1932
1950
1949
1946
1926
1922
1914
1902
1899
1894
1901
1911
1914
1912
1907
1905
1916
1964
2007
2043
2074
2088
2086
2087
2075
2030
1995
1944
1903
1881
1878
1872
1867
1862
1864
1882
1898
1895
1893
1902
1883
1888
1911
1924
1947
1982
1987
1983
1987
1998
2025
2039
2055
2065
2076
2077
2091
2091
2103
2101
2105
2112
2114
2095
2083
2072
2066
2054
2066
2061
2069
2073
2076
2104
2105
2110
2106
2106
2112
2124
2120
2120
2127
2140
2135
2146
2153
2143
2134
2144
2124
2113
2120
2114
2108
2109
2104
2099
2101
2103
2104
2112
2131
2127
2107
2093
2102
2104
2093
2089
2091
2082
2079
2097
2090
2089
2104
2107
2101
2095
2095
2109
2115
2129
2132
2151
2172
2186
2176
2158
2150
2126
2108
2095
2089
2085
2075
2072
2072
2070
2069
2071
2081
2067
2059
2039
2037
2032
2033
2027
2027
2033
2032
2031
2028
2017
1999
2002
2003
2002
2005
2018
2028
2053
2061
2065
2066
2057
2070
2067
2070
2065
2074
2096
2106
2110
2154
2173
2183
2190
2181
2167
2169
2174
2164
2154
2143
2130
2139
2136
2140
2137
2155
2163
2145
2131
2121
2121
2117
2119
2138
2112
2101
2095
2102
2114
2130
2150
2186
2215
2244
2248
2257
2262
2266
2272
2266
2246
2232
2231
2214
2207
2210
2220
2223
2242
2241
2251
2269
2276
2285
2291
2299
2288
2283
2283
2280
2294
2288
2266
2250
2240
2221
2215
2207
2208
2207
2208
2218
2208
2203
2209
2202
2181
2182
2167
2150
2150
2162
2164
2176
2183
2198
2195
2200
2194
2210
2197
2197
2201
2212
2207
2213
2194
2178
2164
2147
2142
2139
2127
2116
2103
2097
2119
2123
2134
2146
2166
2169
2194
2191
2198
2201
2214
2204
2211
2210
2218
2204
2211
2202
2216
2222
2231
2229
2229
2219
2212
2212
2191
2186
2185
2170
2159
2147
2137
2149
2144
2150
2141
2138
2129
2108
2098
2088
2087
2092
2091
2096
2105
2119
2118
2140
2148
2161
2166
2158
2140
2139
2139
2128
2118
2099
2097
2087
2084
2076
2077
2082
2104
2108
2134
2134
2136
2107
2094
2083
2076
2055
2058
2048
2051
2049
2046
2037
2043
2051
2068
2078
2103
2107
2118
2118
2107
2082
2045
2017
1986
1963
1927
1921
1918
1925
1913
1897
1890
1896
1910
1924
1927
1934
1939
1942
1933
1937
1936
1933
1938
1947
1938
1945
1967
1963
1966
1965
1968
1968
1957
1948
1952
1954
1950
1950
1947
1926
1892
1851
1853
1840
1831
1812
1808
1827
1840
1837
1849
1837
1835
1836
1828
1825
1841
1829
1824
1823
1823
1848
1862
1889
1907
1923
1949
1988
2020
2044
2058
2079
2095
2093
2095
2104
2103
2085
2065
2031
1980
1950
1914
1899
1887
1897
1908
1927
1933
1942
1955
1970
1979
1976
1961
1963
1961
1946
1943
1925
1914
1897
1888
1893
1903
1930
1954
1975
1990
2018
2037
2034
2050
2045
2054
2043
2021
1995
1978
1958
1969
1971
1962
1962
1959
1945
1944
1956
1969
1981
1985
2002
2018
2032
2063
2082
2102
2107
2103
2084
2072
2061
2040
2024
2017
2012
2013
2041
2052
2075
2090
2099
2112
2120
2130
2143
2136
2146
2161
2174
2187
2179
2169
2170
2179
2194
2198
2198
2189
2182
2167
2153
2124
2110
2095
2097
2100
2111
2109
2110
2116
2121
2128
2128
2118
2117
2137
2155
2164
2170
2189
2195
2192
2188
2172
2157
2151
2144
2141
2142
2149
2148
2137
2148
2161
2158
2151
2163
2170
2171
2168
2179
2182
2187
2192
2191
2192
2196
2188
2179
2160
2141
2158
2167
2180
2201
2205
2195
2186
2174
2152
2122
2092
2083
2088
2092
2097
2079
2100
2118
2128
2124
2113
2098
2096
2083
2071
2059
2057
2037
2016
1995
1971
1951
1953
1950
1952
1950
1996
2023
2049
2061
2080
2083
2100
2096
2110
2114
2114
2116
2110
2111
2105
2095
2092
2080
2079
2070
2070
2064
2076
2087
2106
2111
2106
2110
2098
2078
2063
2055
2046
2028
2025
2032
2044
2066
2074
2076
2068
2082
2082
2062
2054
2040
2023
2014
1994
1987
1999
1995
2017
2040
2075
2084
2105
2113
2116
2115
2117
2111
2108
2087
2066
2044
2024
2003
1975
1948
1934
1922
1921
1929
1936
1952
1962
1984
2006
2002
2016
2011
1998
1989
1981
1989
1975
1967
1969
1966
1966
1964
1963
1951
1931
1931
1908
1880
1855
1838
1803
1804
1788
1774
1769
1771
1780
1800
1823
1842
1864
1867
1870
1872
1884
1900
1917
1926
1934
1934
1940
1945
1949
1949
1963
1961
1959
1967
1970
1974
1974
1980
1980
1963
1957
1946
1932
1937
1933
1942
1935
1965
1976
1980
1991
1991
1992
1987
1965
1948
1945
1941
1921
1918
1931
1939
1929
1941
1921
1904
1871
1873
1862
1854
1841
1847
1872
1861
1864
1872
1864
1851
1820
1824
1835
1831
1831
1834
1830
1840
1857
1878
1901
1899
1917
1937
1933
1935
1940
1927
1924
1920
1923
1914
1905
1899
1887
1949
1948
1974
1993
2009
2001
1992
1977
1974
1962
1968
1971
1983
1993
2012
2019
2028
2005
2004
2023
2029
2034
2045
2041
2046
2055
2077
2073
2079
2066
2067
2065
2075
2063
2068
2068
2074
2054
2043
2032
2041
2048
2056
2058
2048
2067
2078
2095
2093
2100
2100
2085
2074
2065
2039
2040
2041
2035
2047
2051
2063
2066
2078
2090
2096
2096
2105
2105
2095
2068
2061
2063
2053
2052
2037
2028
2031
2029
2038
2047
2044
2031
1999
1982
1955
1953
1951
1965
1985
2001
2011
2024
2035
2019
2014
2003
2003
1996
1992
1982
1970
1959
1967
1971
1968
1974
1981
1990
1987
1975
1966
1950
1932
1910
1893
1889
1899
1901
1924
1926
1945
1969
1987
2008
2028
2066
2103
2119
2138
2156
2176
2172
2177
2176
2159
2133
2124
2124
2120
2107
2099
2087
2080
2076
2090
2099
2098
2094
2095
2104
2111
2113
2121
2115
2106
2094
2091
2085
2083
2067
2043
2039
2024
2028
2044
2057
2064
2088
2097
2099
2106
2107
2097
2083
2071
2074
2061
2040
2026
2019
2010
2006
2005
2020
2031
2040
2050
2074
2079
2079
2069
2068
2069
2051
2046
2045
2037
2036
2040
2035
2030
2040
2046
2059
2072
2072
2058
2050
2031
2018
2005
2000
1986
1962
1957
1967
1971
2006
2036
2058
2067
2081
2091
2090
2092
2064
2043
2036
2014
1990
1973
1957
1950
1954
1955
1968
1987
1999
2015
2018
2012
1999
1992
1983
1957
1932
1906
1874
1851
1843
1840
1854
1865
1857
1854
1855
1874
1890
1905
1895
1887
1885
1879
1877
1887
1901
1918
1935
1944
1954
1960
1974
1983
1992
2004
1999
2002
2001
1998
1994
1978
1967
1965
1982
2002
2025
2040
2056
2082
2095
2117
2116
2103
2087
2074
2060
2045
2041
2041
2038
2050
2045
2045
2035
2033
2028
2036
2031
2021
2025
2022
2040
2049
2050
2048
2030
2000
1966
1938
1930
1926
1905
1900
1912
1927
1931
1931
1933
1936
1949
1948
1940
1951
1951
1960
1959
1959
1977
1983
2007
2029
2029
2040
2045
2038
2022
2006
1996
1983
1973
1959
1963
1961
1950
1933
1921
1903
1898
1902
1907
1913
1923
1934
1941
1955
1979
1997
1999
2009
2016
2031
2022
2005
2010
2011
2024
2032
2037
2048
2065
2081
2073
2057
2051
2060
2075
2066
2061
2049
2042
2048
2056
2066
2057
2079
2124
2154
2165
2163
2191
2205
2217
2212
2216
2239
2247
2252
2255
2258
2251
2239
2209
2191
2166
2159
2157
2158
2164
2170
2168
2178
2188
2189
2174
2174
2165
2155
2142
2134
2139
2146
2145
2147
2160
2151
2150
2150
2154
2151
2150
2149
2131
2122
2141
2141
2136
2131
2135
2139
2127
2099
2071
2043
2004
1990
1971
1976
1990
1991
1991
2000
2013
2024
2031
2036
2022
2003
1963
1929
1889
1845
1825
1797
1764
1742
1743
1749
1773
1807
1819
1839
1857
1873
1891
1906
1923
1940
1957
1960
1963
1972
1973
1968
1947
1927
1900
1910
1897
1890
1872
1871
1868
1858
1859
1871
1891
1888
1885
1870
1861
1873
1874
1881
1892
1891
1904
1904
1910
1912
1923
1909
1889
1869
1855
1831
1809
1807
1809
1796
1783
1783
1798
1802
1824
1824
1810
1827
1859
1881
1900
1913
1910
1918
1932
1952
1970
1974
1999
2003
2003
2014
2017
2031
2052
2058
2064
2063
2050
2021
2043
2058
2059
2050
2044
2022
1998
1974
1984
1977
1984
1991
2005
2019
2044
2055
2070
2069
2072
2054
2054
2035
2041
2051
2073
2094
2123
2144
2184
2193
2205
2190
2193
2185
2181
2174
2171
2172
2175
2173
2168
2176
2190
2197
2209
2215
2228
2240
2231
2242
2268
2264
2276
2288
2293
2276
2284
2288
2294
2298
2308
2301
2281
2279
2282
2287
2286
2286
2290
2291
2286
2279
2278
2269
2276
2284
2298
2297
2277
2276
2277
2284
2280
2283
2274
2288
2298
2311
2326
2322
2316
2321
2308
2304
2300
2286
2294
2289
2290
2297
2307
2320
2322
2328
2326
2322
2324
2323
2321
2315
2299
2291
2270
2251
2234
2226
2217
2224
2224
2234
2242
2244
2246
2256
2270
2267
2273
2288
2292
2307
2308
2305
2306
2302
2296
2291
2292
2298
2289
2302
2302
2310
2315
2302
2293
2290
2289
2293
2284
2286
2290
2290
2286
2282
2283
2288
2310
2318
2316
2317
2319
2318
2321
2295
2292
2268
2265
2262
2261
2273
2288
2294
2316
2326
2336
2332
2340
2343
2343
2327
2342
2343
2337
2330
2334
2330
2334
2342
2355
2359
2362
2359
2359
2377
2371
2385
2376
2380
2371
2368
2356
2354
2346
2333
2312
2304
2295
2284
2282
2302
2310
2301
2311
2318
2314
2303
2310
2312
2295
2280
2269
2276
2263
2253
2244
2244
2235
2224
2222
5835
2052
2067
2094
2109
2109
2113
2123
2125
2113
2094
2054
2031
1987
1923
1883
1892
1907
1923
1958
1972
1997
2021
2048
2054
2087
2130
2161
2162
2198
2228
2265
2281
2289
2263
2238
2210
2192
2166
2178
2190
2199
2209
2226
2222
2225
2219
2231
2249
2283
2306
2345
2351
2366
2367
2362
2356
2332
2274
2197
2139
2075
2053
2050
2064
2082
2115
2146
2184
2229
2266
2283
2280
2281
2283
2283
2271
2260
2263
2291
2295
2303
2284
2248
2201
2148
2113
2105
2103
2097
2079
2069
2024
1989
1936
1889
1844
1806
1783
1752
1725
1733
1761
1822
1896
1936
1987
2016
2041
2030
2004
1969
1973
1966
1969
1963
1983
2009
2058
2105
2169
2203
2219
2176
2160
2126
2088
2056
2047
2016
2015
2002
2011
2024
2045
2074
2109
2141
2146
2143
2142
2163
2152
2110
2061
2030
1989
1927
1873
1825
1793
1765
1750
1721
1730
1768
1813
1839
1880
1901
1911
1929
1962
1989
2003
2039
2092
2119
2121
2094
2064
2025
1981
1955
1910
1865
1809
1768
1759
1795
1817
1851
1867
1895
1911
1942
1932
1926
1913
1907
1932
1986
2017
2052
2078
2103
2129
2137
2143
2115
2074
2002
1933
1858
1816
1759
1746
1742
1762
1775
1810
1835
1868
1894
1945
1991
2052
2087
2115
2127
2141
2144
2123
2098
2043
1977
1910
1862
1818
1809
1788
1776
1802
1834
1888
1956
1980
2011
2024
2027
2026
2009
1958
1881
1809
1731
1664
1621
1567
1492
1423
1354
1341
1353
1384
1397
1442
1518
1621
1755
1851
1942
2017
2104
2146
2157
2106
2012
1917
1846
1767
1706
1655
1645
1657
1702
1709
1675
1618
1560
1505
1463
1439
1471
1541
1602
1662
1702
1753
1784
1806
1789
1785
1768
1791
1830
1892
1911
1903
1848
1795
1743
1719
1708
1715
1745
1807
1873
1946
1993
2031
2014
1985
1953
1899
1819
1754
1730
1713
1707
1704
1704
1699
1703
1722
1748
1772
1783
1787
1803
1818
1794
1744
1677
1637
1623
1633
1644
1675
1675
1660
1623
1591
1583
1565
1557
1557
1570
1595
1652
1691
1712
1705
1705
1692
1689
1670
1653
1642
1650
1666
1648
1596
1552
1567
1592
1667
1741
1808
1843
1915
2013
2089
2116
2136
2131
2126
2073
2016
1932
1873
1823
1790
1762
1760
1744
1748
1716
1723
1727
1754
1758
1766
1790
1804
1824
1833
1837
1841
1849
1860
1908
1973
2037
2086
2113
2125
2108
2096
2090
2088
2095
2101
2107
2129
2127
2146
2170
2219
2258
2280
2282
2290
2265
2239
2210
2186
2172
2178
2181
2166
2117
2086
2069
2040
1979
1896
1839
1774
1743
1711
1660
1577
1510
1486
1505
1547
1633
1717
1788
1850
1880
1867
1849
1819
1760
1714
1702
1727
1775
1819
1853
1880
1909
1954
2002
2044
2036
2002
1985
1987
1988
2017
2032
2054
2035
1999
1958
1923
1887
1864
1849
1833
1792
1741
1697
1669
1638
1585
1550
1519
1490
1475
1485
1506
1534
1531
1517
1503
1506
1530
1535
1548
1579
1589
1625
1697
1770
1817
1863
1909
1951
1983
2007
2002
2003
2020
2057
2076
2106
2137
2127
2090
2042
2001
1970
1934
1895
1839
1788
1768
1766
1770
1765
1772
1796
1822
1831
1844
1873
1897
1932
1957
1969
1965
1971
1998
2034
2077
2087
2078
2025
1990
1957
1972
1975
1972
1970
1961
1946
1942
1956
1991
2034
2092
2123
2174
2203
2208
2166
2117
2043
1993
1929
1877
1846
1838
1854
1887
1953
2018
2087
2160
2231
2290
2324
2362
2394
2414
2431
2439
2428
2425
2420
2395
2350
2286
2207
2129
2065
2003
1952
1905
1860
1823
1827
1853
1911
1973
2028
2088
2163
2213
2269
2307
2344
2354
2364
2365
2358
2351
2336
2333
2334
2341
2334
2316
2309
2286
2282
2282
2282
2300
2305
2328
2354
2395
2400
2420
2442
2454
2448
2446
2427
2399
2370
2338
2319
2313
2316
2327
2361
2372
2404
2421
2413
2371
2320
2291
2249
2200
2145
2107
2102
2106
2107
2109
2128
2144
2164
2185
2196
2220
2242
2423
2436
2469
2508
2557
2570
2573
2583
2589
2580
2575
2533
2483
2420
2361
2309
2266
2226
2217
2239
2292
2324
2371
2402
2429
2432
2414
2385
2328
2260
2163
2078
2001
1939
1926
1962
1967
2005
2037
2076
2099
2128
2149
2182
2188
2192
2192
2185
2166
2139
2128
2116
2130
2161
2246
2318
2383
2409
2388
2353
2320
2251
2180
2109
2067
2030
2019
2025
2068
2122
2174
2208
2231
2247
2234
2239
2248
2277
2304
2307
2310
2280
2263
2246
2231
2214
2202
2199
2200
2209
2205
2209
2202
2217
2252
2286
2303
2304
2284
2275
2258
2254
2261
2280
2279
2267
2257
2258
2266
2271
2294
2349
2374
2410
2423
2417
2377
2339
2310
2282
2258
2256
2253
2257
2261
2281
2344
2403
2469
2531
2569
2576
2574
2554
2524
2480
2452
2433
2414
2378
2348
2323
2313
2312
2344
2351
2347
2322
2306
2295
2305
2331
2324
2301
2281
2263
2250
2268
2279
2312
2308
2303
2290
2290
2279
2283
2279
2251
2219
2168
2144
2139
2161
2197
2216
2234
2250
2288
2287
2276
2265
2267
2238
2241
2229
2220
2190
2160
2125
2088
2072
2063
2041
1994
1955
1916
1873
1856
1854
1841
1843
1839
1867
1882
1908
1946
2018
2091
2163
2255
2308
2339
2383
2403
2439
2448
2470
2468
2475
2462
2446
2421
2382
2343
2313
2283
2253
2228
2179
2153
2136
2125
2125
2128
2119
2116
2110
2103
2084
2087
2081
2092
2094
2099
2114
2106
2078
2050
2048
2053
2086
2111
2162
2210
2267
2314
2346
2369
2392
2403
2380
2342
2287
2238
2185
2144
2122
2098
2081
2072
2071
2067
2068
2067
2092
2121
2153
2168
2182
2163
2133
2085
2064
2037
2056
2052
2050
2035
2027
2008
1983
1971
2002
2031
2068
2093
2118
2153
2160
2156
2121
2079
2019
1979
1944
1915
1899
1884
1886
1937
1973
2011
2043
2104
2150
2185
2216
2245
2269
2272
2287
2280
2269
2232
2192
2137
2099
2056
2023
1992
2021
2032
2058
2088
2130
2150
2149
2083
2013
1945
1873
1803
1748
1690
1647
1601
1563
1573
1597
1653
1706
1726
1729
1750
1793
1839
1894
1924
1928
1906
1884
1829
1730
1638
1547
1501
1481
1499
1525
1628
1712
1800
1870
1931
1974
1971
1939
1891
1847
1833
1834
1831
1829
1822
1822
1843
1864
1888
1908
1923
1915
1911
1895
1868
1826
1746
1652
1565
1517
1484
1487
1528
1595
1677
1772
1868
1978
2060
2137
2173
2174
2166
2128
2077
2035
2021
2038
2051
2046
2056
2074
2099
2112
2134
2106
2061
2022
1982
1952
1922
1925
1937
1965
1977
1987
2012
2023
2039
2048
2054
2058
2035
1993
1938
1902
1908
1891
1866
1843
1823
1800
1810
1840
1877
1866
1866
1864
1901
1939
1980
2003
2020
2031
2015
1978
1913
1876
1869
1876
1862
1861
1873
1899
1916
1924
1901
1901
1897
1885
1862
1886
1897
1931
1947
1943
1935
1932
1932
1947
2002
2042
2102
2146
2189
2229
2266
2273
2279
2250
2206
2160
2127
2104
2079
2046
1995
1976
1959
1932
1941
1939
1942
1929
1900
1867
1812
1779
1774
1799
1830
1871
1937
1975
2007
2044
2080
2104
2112
2089
2051
2023
2005
1987
1968
1946
1928
1914
1904
1919
1944
1962
1980
1999
2019
2042
2063
2101
2134
2188
2236
2276
2304
2332
2335
2316
2287
2274
2220
2172
2126
2105
2117
2128
2147
2154
2155
2157
2170
2173
2202
2203
2215
2190
2165
2105
2015
1901
1820
1789
1805
1812
1839
1882
1955
2010
2023
1994
1944
1895
1872
1870
1871
1889
1887
1918
1933
1935
1965
1997
2052
2118
2179
2219
2249
2269
2262
2236
2215
2216
2244
2267
2280
2304
2323
2333
2321
2302
2264
2256
2232
2230
2242
2248
2274
2276
2270
2256
2242
2247
2239
2252
2275
2301
2277
2239
2202
2169
2180
2191
2224
2242
2249
2225
2192
2144
2106
2065
2040
1992
1965
1930
1914
1871
1857
1846
1881
1925
1967
2014
2075
2140
2206
2257
2286
2296
2260
2253
2230
2227
2212
2206
2182
2157
2127
2101
2066
2050
2017
2011
1993
1972
1938
1936
1899
1855
1812
1775
1741
1721
1687
1674
1673
1688
1704
1707
1727
1727
1696
1677
1656
1648
1644
1635
1625
1635
1640
1647
1651
1653
1650
1619
1555
1471
1354
1289
1278
1289
1346
1403
1461
1471
1510
1561
1617
1667
1727
1782
1867
1931
2033
2059
2053
2027
1999
1967
1943
1929
1908
1920
1898
1882
1849
1834
1835
1842
1844
1845
1853
1858
1868
1919
1967
2025
2058
2056
2042
2038
2038
2056
2058
2035
1989
1966
1939
1910
1916
1921
1930
1937
1953
1965
1979
1984
1994
2004
1993
2001
2034
2080
2105
2127
2144
2147
2117
2052
1988
1936
1885
1848
1832
1799
1765
1745
1779
1793
1796
1785
1785
1797
1807
1802
1811
1797
1780
1770
1771
1753
1719
1671
1592
1552
1522
1547
1584
1647
1726
1817
1893
1953
1978
1999
2014
2050
2052
2051
2029
2001
1959
1923
1871
1834
1801
1788
1798
1833
1890
1942
2002
2056
2084
2099
2093
2046
1991
1927
1892
1850
1859
1871
1908
1926
1930
1951
1977
1998
1975
1923
1875
1863
1894
1936
1950
1943
1941
1953
1949
1960
1973
1988
2010
2037
2034
2029
2030
2040
2045
2027
1968
1920
1894
1895
1889
1880
1876
1867
1885
1911
1924
1922
1902
1871
1809
1764
1720
1687
1657
1632
1621
1634
1668
1705
1746
1768
1803
1816
1855
1879
1932
1985
2046
2077
2107
2113
2115
2092
2058
2007
1967
1907
1873
1834
1828
1837
1845
1836
1843
1852
1873
1908
1935
1955
1948
1968
1947
1960
1967
1977
1967
1992
2017
2049
2073
2090
2059
2019
1971
1964
1981
1984
1971
1954
1933
1924
1874
1844
1816
1793
1760
1723
1691
1660
1623
1581
1520
1453
1394
1351
1342
1326
1282
1244
1251
1293
1360
1416
1477
1559
1687
1788
1886
1951
2002
2051
2088
2110
2136
2127
2131
2151
2185
2213
2236
2239
2269
2294
2297
2281
2258
2232
2211
2187
2157
2143
2115
2096
2079
2077
2077
2077
2112
2116
2100
2103
2113
2134
2140
2147
2169
2208
2245
2304
2356
2407
2432
2446
2447
2428
2412
2396
2371
2350
2327
2304
2285
2270
2269
2256
2251
2241
2231
2191
2102
2031
1959
1910
1890
1904
1934
1946
2013
2069
2138
2191
2247
2277
2281
2260
2217
2170
2120
2068
2038
2002
1992
1959
1927
1906
1898
1896
1904
1911
1898
1889
1869
1848
1834
1847
1867
1895
1930
1976
2028
2074
2079
2073
2032
2013
1984
1961
1892
1830
1773
1750
1734
1748
1771
1808
1832
1830
1839
1852
1862
1841
1817
1790
1792
1788
1818
1848
1944
2026
2104
2159
2222
2266
2300
2317
2329
2331
2334
2316
2269
2228
2188
2144
2114
2099
2084
2098
2113
2119
2102
2078
2029
1998
1990
1980
1964
1960
1970
2006
2034
2052
2056
2026
1996
1980
1976
1967
1970
1965
1944
1928
1908
1923
1941
1959
1984
2007
2018
2024
1967
1919
1887
1900
1915
1944
1970
1982
1991
1983
1954
1919
1904
1870
1865
1868
1894
1892
1908
1921
1929
1922
1927
1901
1848
1806
1815
1827
1859
1885
1924
1940
1961
1996
2034
2072
2110
2151
2178
2216
2255
2306
2316
2334
2352
2379
2384
2395
2369
2335
2296
2276
2265
2266
2252
2226
2203
2179
2169
2177
2169
2157
2117
2118
2116
2131
2120
2145
2197
2243
2313
2385
2423
2434
2423
2423
2407
2412
2403
2417
2441
2443
2451
2443
2437
2437
2438
2442
2452
2414
2370
2320
2289
2249
2227
2221
2227
2244
2258
2271
2278
2274
2277
2277
2304
2300
2317
2322
2321
2321
2324
2338
2353
2347
2350
2339
2322
2331
2345
2361
2386
2410
2416
2406
2386
2363
2326
2308
2296
2302
2307
2289
2287
2293
2293
2309
2328
2340
2335
2314
2276
2239
2191
2157
2137
2153
2174
2191
2221
2268
2323
2370
2414
2424
2396
2360
2298
2203
2102
2011
1927
1871
1849
1841
1848
1855
1883
1913
1990
2023
2071
2098
2153
2173
2175
2141
2096
2080
2038
1995
1961
1929
1935
1949
1931
1915
1883
1870
1843
1845
1825
1803
1759
1744
1720
1713
1713
1714
1750
1786
1847
1885
1918
1967
2003
2001
2006
1991
1971
1973
1999
2010
2025
2047
2051
2060
2049
2018
1979
1951
1940
1923
1924
1904
1870
1843
1815
1818
1800
1771
1766
1798
1894
1973
2037
2075
2083
2094
2094
2074
2055
2067
2082
2094
2129
2149
2186
2237
2307
2349
2366
2372
2370
2364
2352
2339
2311
2282
2255
2239
2198
2129
2058
1999
1927
1863
1811
1785
1771
1774
1754
1777
1833
1911
2007
2106
2189
2247
2304
2349
2400
2419
2431
2429
2454
2468
2492
2489
2498
2479
2478
2467
2475
2475
2471
2464
2467
2302
2298
2336
2396
2469
2527
2589
2620
2652
2653
2636
2620
2593
2554
2516
2476
2454
2446
2441
2411
2392
2373
2358
2375
2402
2425
2455
2484
2498
2524
2540
2541
2546
2541
2520
2502
2474
2470
2447
2415
2384
2396
2389
2382
2337
2307
2234
2186
2166
2157
2155
2164
2191
2226
2254
2317
2339
2327
2308
2277
2246
2238
2235
2230
2260
2282
2299
2306
2319
2307
2290
2230
2199
2175
2147
2126
2120
2116
2122
2132
2157
2162
2188
2208
2201
2171
2145
2106
2077
2075
2065
2074
2102
2134
2156
2180
2173
2153
2142
2110
2091
2081
2071
2079
2085
2096
2113
2118
2112
2124
2144
2166
2146
2130
2090
2034
1940
1876
1819
1791
1792
1786
1777
1808
1849
1892
1943
1979
1985
1980
1948
1922
1899
1835
1778
1690
1647
1599
1597
1597
1618
1640
1710
1827
1922
1975
1990
1990
1977
1969
1947
1908
1908
1925
1947
1967
1940
1928
1889
1825
1773
1729
1691
1655
1624
1592
1566
1566
1585
1641
1708
1747
1740
1736
1733
1732
1727
1722
1725
1737
1781
1837
1864
1850
1831
1803
1789
1792
1802
1812
1793
1781
1802
1821
1848
1871
1859
1852
1829
1857
1890
1910
1936
1930
1925
1902
1903
1873
1859
1859
1867
1871
1867
1858
1897
1919
1948
1960
1977
1994
2003
2012
2030
2066
2066
2080
2071
2061
2032
2027
2015
2011
2017
2016
2015
2032
2006
1984
1948
1915
1894
1884
1848
1814
1790
1761
1752
1765
1769
1784
1813
1842
1858
1863
1867
1844
1843
1847
1817
1765
1714
1702
1708
1734
1761
1810
1835
1852
1866
1873
1888
1891
1907
1923
1926
1910
1883
1820
1768
1677
1620
1567
1511
1435
1375
1343
1360
1373
1410
1437
1481
1528
1590
1672
1750
1848
1899
1943
1989
2016
2007
1993
1957
1923
1853
1821
1807
1827
1827
1831
1806
1802
1801
1820
1815
1815
1811
1837
1838
1849
1867
1864
1855
1860
1864
1886
1893
1875
1851
1823
1841
1847
1855
1851
1843
1815
1796
1788
1787
1780
1784
1755
1751
1756
1752
1739
1724
1715
1725
1718
1703
1657
1658
1674
1695
1734
1815
1873
1893
1954
1999
2035
2072
2098
2134
2149
2150
2177
2171
2175
2162
2159
2164
2173
2156
2144
2158
2170
2180
2189
2190
2181
2167
2141
2114
2115
2128
2143
2159
2172
2159
2134
2123
2153
2185
2215
2270
2325
2371
2392
2408
2393
2373
2330
2312
2276
2264
2227
2203
2142
2108
2062
2037
2007
1976
1929
1900
1871
1863
1885
1893
1881
1874
1881
1905
1942
1979
2025
2045
2066
2044
2031
2027
2032
2052
2046
2053
2067
2075
2081
2081
2077
2055
2014
1970
1928
1891
1876
1854
1845
1847
1868
1884
1911
1914
1941
1929
1906
1891
1891
1883
1880
1877
1928
1989
2067
2135
2169
2185
2165
2146
2128
2122
2103
2120
2135
2142
2130
2140
2140
2134
2134
2148
2150
2156
2149
2154
2181
2187
2207
2218
2227
2216
2227
2227
2224
2216
2223
2218
2214
2200
2205
2194
2193
2195
2193
2208
2244
2284
2319
2367
2405
2420
2424
2396
2366
2344
2333
2319
2304
2292
2284
2260
2237
2219
2212
2230
2244
2251
2255
2244
2257
2260
2281
2323
2395
2455
2477
2462
2416
2395
2364
2340
2290
2310
2335
2361
2378
2391
2375
2377
2343
2308
2242
2218
2201
2199
2200
2203
2207
2175
2158
2129
2098
2084
2074
2056
2060
2044
2043
2022
2050
2072
2111
2151
2202
2249
2260
2229
2208
2162
2093
1993
1904
1832
1759
1707
1691
1747
1800
1854
1918
1963
1970
1968
1957
1942
1934
1925
1948
1967
1981
1998
2006
2030
2054
2072
2096
2115
2140
2157
2162
2173
2183
2195
2184
2171
2138
2110
2088
2090
2074
2055
2000
1975
1956
1969
1976
2006
2031
2084
2140
2151
2175
2179
2172
2169
2165
2150
2130
2099
2062
2025
2007
1961
1921
1870
1859
1853
1889
1956
2026
2076
2131
2169
2235
2280
2312
2343
2362
2381
2383
2387
2413
2443
2460
2474
2456
2451
2439
2440
2416
2402
2370
2341
2326
2317
2307
2295
2293
2301
2314
2316
2313
2306
2313
2304
2285
2273
2263
2268
2275
2289
2299
2296
2287
2272
2246
2243
2214
2194
2196
2219
2267
2329
2380
2424
2438
2428
2412
2397
2410
2411
2415
2411
2404
2382
2374
2348
2331
2311
2300
2296
2306
2340
2378
2426
2476
2488
2486
2473
2434
2404
2366
2312
2245
2198
2158
2160
2168
2199
2220
2249
2261
2294
2291
2288
2263
2252
2230
2218
2150
2107
2079
2066
2055
2044
2058
2100
2147
2199
2249
2321
2373
2434
2492
2517
2534
2530
2522
2500
2482
2467
2458
2451
2457
2440
2423
2409
2400
2387
2345
2304
2237
2180
2150
2110
2076
2042
2026
2016
2039
2062
2112
2138
2189
2206
2216
2207
2198
2186
2185
2182
2189
2218
2228
2205
2173
2165
2139
2131
2121
2109
2088
2074
2043
2043
2008
1996
1963
1941
1892
1847
1823
1836
1861
1869
1861
1862
1853
1851
1837
1798
1767
1760
1737
1715
1703
1716
1755
1791
1837
1848
1823
1797
1783
1786
1785
1772
1744
1714
1698
1691
1691
1686
1705
1709
1713
1730
1722
1732
1746
1799
1877
1935
2004
2068
2145
2183
2188
2177
2173
2137
2081
2056
2045
2041
2040
2019
1986
1953
1887
1845
1817
1823
1848
1901
1945
1977
1999
2045
2066
2085
2075
2072
2068
2096
2108
2120
2075
2024
1977
1917
1837
1803
1787
1762
1773
1771
1791
1794
1823
1853
1893
1908
1914
1913
1932
1981
2064
2090
2112
2091
2047
1986
1939
1912
1874
1834
1783
1760
1765
1805
1852
1891
1964
2031
2103
2193
2250
2283
2303
2315
2291
2260
2242
2243
2239
2255
2263
2271
2257
2256
2220
2188
2147
2090
2026
1985
1925
1930
1939
1959
1996
2043
2098
2147
2196
2229
2291
2343
2396
2450
2488
2504
2522
2484
2443
2380
2341
2288
2262
2228
2210
2163
2102
2027
2003
2010
2038
2055
2054
2078
2084
2097
2110
2166
2214
2267
2307
2330
2338
2350
2362
2391
2402
2412
2434
2429
2381
2327
2264
2213
2175
2157
2165
2187
2206
2253
2271
2275
2259
2234
2207
2197
2201
2206
2219
2218
2224
2212
2200
2184
2171
2158
2134
2125
2121
2152
2178
2174
2143
2107
2093
2081
2083
2093
2123
2168
2234
2265
2258
2257
2255
2235
2220
2199
2194
2207
2251
2275
2297
2288
2272
2258
2260
2289
2295
2291
2298
2307
2325
2350
2328
2289
2229
2175
2105
2068
2033
2023
2006
2007
2019
2033
2048
2091
2159
2204
2236
2245
2236
2181
2147
2114
2099
2085
2112
2132
2158
2179
2186
2159
2112
2084
2079
2074
2081
2101
2086
2086
2135
2163
2180
2189
2198
2203
2232
2266
2308
2316
2311
2271
2223
2183
2147
2109
2076
2029
2004
1978
1970
1940
1935
1925
1935
1936
1940
1954
1977
1997
2007
1983
1926
1887
1864
1885
1919
1954
1974
2006
2016
2031
2010
1983
1953
1945
1939
1954
1989
2051
2112
2176
2230
2286
2330
2354
2356
2358
2356
2354
2322
2284
2258
2251
2250
2234
2211
2175
2146
2118
2094
2075
2045
1999
1973
1955
1968
2012
2085
2178
2273
2310
2354
2369
2360
2352
2339
2316
2302
2319
2339
2343
2356
2341
2298
2221
2113
2029
1955
1889
1826
1783
1765
1747
1731
1755
1771
1809
1845
1910
1942
1987
2048
2089
2105
2114
2091
2063
2030
1994
1935
1897
1868
1852
1834
1811
1807
1830
1863
1875
1883
1890
1913
1911
1948
1966
1999
2026
2027
2020
2011
1973
1954
1942
1959
1977
2003
2041
2057
2070
2073
2068
2050
2051
2061
2115
2151
2165
2171
2155
2081
2016
1950
1914
1877
1874
1912
1969
2039
2105
2168
2217
2272
2296
2312
2330
2336
2339
2303
2261
2203
2134
2040
1945
1852
1809
1766
1743
1758
1819
1846
1911
2003
2059
2093
2117
2114
2106
2072
2046
2028
2032
2044
2069
2092
2108
2135
2151
2162
2155
2168
2131
2101
2060
2005
1964
1937
1917
1893
1877
1877
1884
1916
1961
2005
2030
2045
2074
2127
2189
2235
2255
2291
2340
2328
2295
2264
2247
2236
2233
2225
2196
2174
2172
2175
2161
2147
2124
2097
2109
2113
2136
2133
2159
2199
2257
2347
2383
2400
2440
2455
2474
2460
2455
2440
2454
2444
2420
2428
2442
2415
2378
2326
2281
2254
2217
2182
2165
2167
2161
2179
2191
2223
2233
2250
2270
2295
2293
2293
2259
2231
2219
2205
2189
2193
2161
2119
2089
2075
2073
2073
2092
2111
2150
2148
2131
2119
2133
2155
2187
2182
2170
2138
2109
2072
2037
2022
2030
2054
2099
2160
2211
2260
2273
2292
2293
2295
2288
2290
2296
2298
2310
2330
2318
2318
2301
2281
2268
2243
2241
2275
2317
2319
2314
2296
2276
2280
2193
2148
2156
2150
2125
2086
2073
2074
2090
2083
2068
2019
1999
1977
1983
1978
1995
2020
2039
2033
1999
1991
1991
2015
2046
2073
2103
2138
2150
2173
2165
2171
2178
2227
2238
2234
2214
2197
2203
2194
2194
2179
2172
2170
2177
2196
2184
2174
2187
2192
2186
2178
2161
2133
2127
2097
2091
2088
2094
2116
2140
2178
2203
2220
2243
2283
2312
2342
2342
2322
2309
2272
2233
2193
2167
2154
2167
2165
2162
2162
2172
2159
2164
2169
2169
2159
2148
2136
2142
2133
2120
2108
2087
2079
2047
2024
1974
1946
1940
1940
1957
2017
2037
2084
2139
2196
2236
2288
2316
2358
2383
2388
2352
2315
2288
2272
2230
2194
2159
2129
2113
2101
2087
2085
2111
2129
2147
2160
2182
2206
2219
2196
2179
2132
2095
2072
2071
2072
2098
2145
2197
2227
2214
2188
2160
2155
2153
2144
2146
2168
2192
2190
2163
2087
2002
1939
1882
1844
1826
1859
1894
1896
1896
1871
1854
1821
1803
1798
1793
1810
1826
1861
1911
1927
1897
1848
1802
1747
1661
1602
1555
1571
1599
1639
1704
1772
1801
1814
1806
1813
1825
1832
1861
1891
1915
1923
1917
1895
1902
1899
1885
1866
1858
1859
1870
1885
1933
1934
1915
1904
1897
1897
1883
1855
1833
1828
1824
1820
1806
1792
1789
1785
1771
1761
1737
1712
1710
1727
1753
1794
1829
1858
1856
1835
1787
1718
1647
1556
1509
1481
1459
1471
1494
1528
1566
1603
1613
1641
1646
1655
1656
1669
1668
1639
1609
1564
1505
1481
1466
1457
1463
1477
1501
1519
1551
1547
1541
1536
1551
1568
1588
1603
1658
1700
1722
1723
1707
1670
1650
1591
1521
1473
1491
1514
1543
1582
1618
1670
1707
1710
1657
1611
1570
1547
1531
1538
1525
1515
1497
1493
1469
1455
1469
1496
1531
1571
1621
1659
1681
1692
1678
1651
1629
1605
1593
1586
1592
1611
1615
1615
1584
1533
1463
1379
1281
1178
1129
1103
1106
1107
1095
1074
1083
1165
1256
1302
1337
1374
1407
1446
1469
1479
1483
1463
1460
1467
1481
1467
1464
1457
1493
1540
1609
1682
1785
1866
1927
1970
1966
1944
1921
1903
1888
1855
1807
1724
1679
1701
1735
1804
1859
1898
1928
1986
2017
2027
2025
2041
2057
2074
2102
2129
2134
2094
2044
1980
1891
1790
1696
1626
1615
1625
1613
1597
1619
1642
1669
1710
1718
1723
1684
1632
1579
1545
1524
1535
1571
1615
1668
1732
1797
1864
1941
1999
2035
2070
2097
2098
2117
2125
2146
2166
2165
2148
2156
2164
2144
2084
2019
1959
1942
1935
1947
1953
1988
2020
2067
2101
2117
2116
2109
2123
2140
2157
2135
2111
2087
2083
2076
2078
2074
2071
2074
2129
2170
2199
2228
2264
2310
2354
2393
2447
2478
2467
2440
2417
2402
2377
2335
2276
2227
2177
2139
2108
2064
2018
1962
1899
1857
1841
1840
1823
1823
1826
1837
1884
1928
1947
1976
2030
2062
2084
2091
2107
2097
2091
2107
2124
2159
2174
2198
2208
2187
2151
2087
2026
2010
2014
2029
2027
2014
2000
1961
1942
1928
1940
1936
1941
1926
1928
1896
1843
1783
1738
1729
1748
1792
1835
1888
1931
1979
2029
2084
2120
2130
2088
2049
2015
1980
1950
1926
1914
1923
1948
1982
2000
2007
1979
1960
1918
1857
1807
1773
1745
1730
1755
1793
1876
1944
1997
2054
2104
2149
2192
2209
2223
2214
2203
2166
2118
2084
2045
1990
1922
1864
1800
1740
1699
1694
1731
1785
1871
1921
1983
2044
2114
2151
2160
2121
2075
2023
1985
1947
1916
1881
1868
1847
1835
1823
1829
1878
1926
1942
1940
1906
1797
1705
1600
1533
1482
1439
1388
1362
1378
1439
1503
1595
1690
1766
1816
1858
1881
1879
1882
1897
1912
1930
1947
1980
1990
1992
1977
1939
1906
1895
1885
1881
1839
1820
1807
1782
1799
1816
1867
1932
2043
2134
2214
2271
2308
2297
2249
2161
2017
1891
1749
1623
1576
1573
1576
1579
1620
1670
1720
1735
1746
1736
1723
1719
1758
1818
1880
1928
1984
1995
2010
2023
2054
2096
2120
2156
2163
2179
2193
2217
2241
2270
2258
2257
2244
2208
2151
2111
2054
2029
2008
2014
2039
2082
2109
2126
2150
2155
2179
2199
2208
2193
2194
2186
2192
2201
2211
2204
2217
2214
2220
2203
2195
2173
2146
2113
2091
2089
2108
2123
2097
2090
2100
2118
2142
2168
2167
2143
2105
2078
2079
2070
2083
2085
2075
2071
2084
2093
2096
2096
2102
2099
2110
2126
2158
2193
2225
2259
2310
2351
2366
2338
2264
2211
2147
2094
2034
2013
1992
2003
2010
2027
2034
2044
2033
2036
2017
1996
1978
1968
1970
1976
1976
1971
1966
1967
1969
1957
1951
1926
1925
1928
1949
1957
1993
2030
2085
2118
2145
2145
2133
2133
2130
2125
2139
2182
2225
2270
2304
2361
2408
2425
2412
2386
2353
2328
2304
2288
2263
2261
2246
2238
2244
2254
2251
2266
2283
2263
2233
2207
2192
2184
2162
2142
2124
2120
2135
2162
2194
2231
2301
2384
2468
2516
2542
2547
2552
2538
2518
2495
2456
2409
2358
2298
2286
2303
2333
2358
2394
2414
2450
2489
2519
2542
2555
2541
2520
2506
2493
2480
2473
2435
2395
2332
2283
2256
2246
2219
2241
2252
2295
2326
2342
2322
2286
2260
2206
2156
2110
2095
2120
2176
2204
2245
2272
2309
2298
2311
2304
2315
2293
2292
2296
2325
2318
2303
2281
2252
2220
2197
2156
2129
2105
2092
2081
2083
2121
2131
2174
2200
2238
2266
2307
2315
2340
2349
2373
2372
2376
2354
2344
2319
2309
2323
2335
2321
2334
2326
2353
2357
2346
2304
2257
2214
2208
2186
2155
2147
2147
2145
2151
2166
2146
2130
2058
2015
1974
1982
1993
2016
2030
2067
2108
2160
2189
2216
2231
2252
2256
2249
2204
2183
2139
2135
2127
2107
2083
2043
2034
2020
2048
2069
2127
2164
2214
2233
2226
2190
2146
2079
2029
1990
1967
1953
1968
1969
1965
1955
1981
2022
2066
2121
2204
2212
2213
2172
2109
2018
1947
1890
1807
1750
1685
1654
1630
1633
1647
1655
1663
1689
1729
1766
1782
1787
1794
1810
1805
1812
1787
1765
1747
1761
1777
1805
1858
1873
1889
1897
1907
1897
1877
1857
1861
1868
1875
1843
1807
1737
1659
1610
1577
1541
1517
1495
1525
1565
1595
1598
1614
1609
1612
1611
1607
1598
1595
1590
1599
1604
1623
1659
1731
1813
1860
1927
2028
2121
2182
2222
2237
2272
2289
2308
2305
2283
2234
2177
2090
2004
1891
1776
1682
1675
1693
1734
1761
1802
1839
1900
1948
1976
1957
1942
1934
1934
1928
1919
1893
1858
1831
1803
1806
1809
1832
1868
1950
2013
2077
2148
2197
2215
2222
2203
2166
2097
2031
1954
1912
1875
1894
1891
1877
1841
1838
1832
1862
1887
1939
1979
2025
2060
2088
2141
2188
2214
2255
2266
2240
2196
2131
2058
1993
1952
1939
1956
2009
2079
2129
2205
2224
2245
2265
2294
2305
2317
2310
2331
2338
2357
2361
2348
2327
2342
2361
2384
2384
2383
2342
2324
2274
2242
2191
2154
2126
2119
2096
2107
2118
2134
2152
2171
2175
2191
2220
2247
2294
2329
2343
2355
2371
2367
2358
2341
2293
2252
2238
2216
2194
2172
2167
2175
2185
2207
2219
2235
2219
2232
2235
2224
2222
2260
2276
2287
2294
2283
2258
2240
2231
2216
2191
2202
2215
2233
2263
2300
2312
2283
2230
2163
2085
2028
1976
1958
1991
2016
2055
2066
2102
2129
2155
2147
2152
2123
2079
2027
2000
1957
1934
1876
1823
1767
1723
1676
1690
1717
1757
1789
1883
1971
2040
2082
2118
2158
2192
2212
2225
2239
2238
2199
2176
2163
2149
2118
2102
2086
2050
2038
2034
2054
2104
2138
2179
2210
2206
2178
2141
2115
2082
2046
2003
1984
1971
1993
2029
2067
2098
2098
2097
2088
2073
2059
2035
1998
1941
1888
1882
1888
1912
1952
2029
2095
2185
2218
2246
2256
2251
2234
2210
2156
2127
2092
2049
1993
1914
1849
1777
1709
1658
1644
1650
1690
1747
1821
1873
1916
1963
2006
2017
2011
1955
1915
1870
1844
1826
1815
1817
1853
1879
1904
1900
1892
1857
1834
1751
1675
1586
1507
1429
1398
1389
1395
1412
1439
1493
1565
1622
1687
1733
1748
1783
1799
1812
1850
1863
1880
1903
1915
1910
1912
1910
1922
1952
1970
1981
1977
1994
1991
1998
1995
1983
1951
1923
1889
1867
1855
1856
1868
1891
1925
1948
1981
2025
2045
2021
1987
1930
1871
1807
1750
1738
1736
1755
1798
1810
1802
1733
1702
1664
1662
1647
1653
1646
1645
1661
1681
1676
1655
1617
1590
1571
1585
1601
1615
1607
1618
1656
1705
1733
1794
1834
1858
1901
1920
1937
1931
1926
1902
1880
1870
1873
1865
1836
1777
1747
1960
1988
2035
2053
2070
2041
2026
2019
2018
1991
1986
1976
2000
2030
2082
2083
2082
2047
2030
2050
2090
2090
2099
2115
2143
2162
2179
2181
2184
2177
2166
2141
2133
2120
2125
2137
2111
2064
2026
2020
2024
2032
2027
2024
2039
2072
2118
2166
2191
2191
2158
2106
2057
2006
1968
1951
1934
1930
1959
1984
2033
2058
2095
2109
2137
2162
2173
2142
2093
2029
2013
1987
1970
1948
1949
1938
1954
1952
1958
1968
1976
1929
1867
1782
1735
1747
1791
1824
1859
1907
1948
1987
1991
1995
1981
1949
1915
1897
1876
1851
1849
1831
1824
1825
1822
1858
1895
1930
1918
1885
1856
1803
1750
1723
1667
1647
1660
1691
1733
1794
1870
1943
2003
2081
2148
2235
2315
2367
2397
2424
2450
2439
2422
2365
2310
2274
2239
2208
2165
2118
2107
2108
2115
2117
2136
2159
2178
2195
2173
2160
2141
2141
2147
2151
2139
2121
2106
2076
2040
2017
2006
2002
1975
1965
1989
2033
2068
2119
2146
2178
2176
2173
2158
2133
2094
2058
1996
1943
1905
1885
1888
1890
1885
1909
1927
1994
2056
2115
2137
2117
2097
2080
2044
2012
1986
1968
1951
1967
1994
2014
2027
2059
2081
2082
2082
2079
2051
2014
1975
1948
1908
1846
1796
1768
1766
1799
1867
1951
2030
2104
2130
2156
2166
2161
2124
2078
1999
1895
1816
1772
1765
1762
1752
1764
1783
1832
1871
1919
1950
1967
1953
1954
1899
1812
1732
1661
1585
1523
1479
1488
1501
1533
1561
1592
1590
1633
1677
1718
1733
1727
1699
1666
1647
1685
1744
1792
1805
1829
1852
1889
1936
1965
1996
2021
2032
2014
2011
2005
1991
1956
1900
1879
1890
1954
2033
2103
2175
2233
2276
2297
2291
2259
2212
2171
2120
2063
2029
2004
1998
1998
2002
1995
1998
2005
2007
2004
1995
1959
1932
1947
1959
1988
2022
2039
2000
1919
1813
1725
1667
1641
1609
1603
1611
1646
1679
1720
1743
1759
1777
1784
1797
1804
1814
1827
1847
1862
1898
1935
1978
2026
2068
2081
2095
2076
2053
2016
1959
1899
1880
1859
1851
1853
1849
1803
1747
1682
1689
1713
1735
1757
1784
1812
1852
1877
1901
1953
1997
2026
2047
2071
2074
2075
2066
2065
2056
2062
2072
2093
2117
2158
2177
2167
2159
2133
2133
2131
2112
2090
2064
2050
2054
2082
2120
2157
2208
2278
2322
2356
2405
2450
2494
2500
2505
2504
2522
2535
2541
2503
2486
2449
2399
2285
2219
2169
2158
2172
2192
2192
2218
2226
2236
2236
2249
2238
2221
2195
2167
2123
2117
2133
2149
2169
2178
2191
2189
2172
2147
2119
2111
2082
2060
2054
2088
2141
2157
2167
2155
2149
2128
2088
2025
1903
1825
1765
1737
1729
1742
1773
1807
1851
1902
1945
1981
1994
1984
1929
1855
1752
1643
1519
1416
1331
1285
1266
1271
1289
1335
1400
1475
1559
1643
1707
1768
1821
1874
1924
1953
1969
1989
1985
1984
1957
1944
1902
1851
1769
1741
1711
1695
1673
1672
1670
1682
1712
1749
1757
1751
1729
1720
1723
1728
1747
1773
1794
1824
1861
1877
1895
1893
1871
1824
1780
1720
1641
1594
1565
1551
1524
1498
1500
1525
1561
1592
1631
1661
1694
1748
1819
1860
1891
1919
1948
1985
2020
2063
2071
2070
2089
2114
2124
2127
2130
2139
2163
2175
2204
2193
2165
2152
2148
2158
2153
2139
2118
2056
1999
1936
1919
1916
1931
1960
2034
2058
2103
2149
2190
2177
2164
2141
2122
2098
2106
2123
2172
2233
2320
2382
2448
2466
2468
2433
2407
2368
2358
2332
2305
2290
2294
2286
2303
2314
2334
2359
2396
2412
2423
2448
2462
2490
2503
2524
2533
2526
2512
2511
2503
2492
2493
2517
2510
2506
2493
2482
2467
2460
2451
2448
2457
2457
2452
2441
2441
2446
2461
2454
2433
2421
2411
2395
2390
2394
2399
2415
2420
2444
2464
2472
2495
2517
2541
2551
2490
2441
2405
2404
2412
2417
2423
2436
2467
2510
2536
2555
2576
2566
2552
2544
2525
2502
2440
2382
2303
2243
2212
2211
2237
2265
2268
2296
2317
2357
2392
2429
2433
2433
2427
2447
2460
2482
2480
2490
2481
2475
2462
2466
2470
2478
2471
2489
2469
2470
2478
2475
2466
2469
2471
2471
2454
2437
2423
2412
2414
2420
2430
2452
2498
2528
2539
2537
2532
2506
2497
2452
2428
2379
2359
2343
2361
2398
2439
2483
2529
2536
2555
2550
2569
2579
2567
2556
2552
2536
2534
2539
2548
2550
2557
2560
2575
2578
2587
2601
2614
2606
2619
2638
2637
2634
2596
2566
2537
2516
2477
2434
2403
2370
2344
2355
2373
2408
2424
2441
2462
2474
2452
2448
2436
2441
2420
2396
2356
2327
2307
2286
2263
2258
2261
2262
2241
47.13134766
1.662084937
999
