5835
2216
2270
2217
2253
2202
2238
2183
2237
2198
2230
2196
2216
2183
2234
2178
2214
2182
2251
2229
2248
2203
2244
2226
2253
2194
2218
2181
2213
2176
2180
2145
2195
2181
2206
2184
2201
2212
2243
2222
2228
2222
2264
2261
2247
2245
2263
2284
2292
2264
2276
2281
2286
2279
2262
2265
2290
2291
2275
2271
2247
2258
2244
2217
2189
2179
2193
2207
2182
2184
2186
2214
2208
2218
2206
2237
2246
2258
2226
2240
2249
2271
2250
2253
2209
2225
2211
2221
2206
2229
2244
2256
2246
2254
2232
2274
2266
2260
2235
2260
2250
2271
2235
2225
2219
2228
2197
2199
2141
2176
2152
2183
2158
2181
2197
2236
2195
2212
2187
2246
2227
2241
2203
2234
2222
2271
2221
2251
2232
2275
2215
2231
2179
2214
2183
2187
2134
2163
2147
2186
2190
2149
2174
2190
2233
2209
2195
2164
2191
2194
2210
2186
2194
2194
2222
2187
2212
2162
2215
2193
2210
2188
2209
2188
2232
2191
2224
2205
2256
2235
2251
2194
2231
2206
2225
2169
2188
2161
2222
2193
2234
2162
2218
2179
2224
2178
2221
2200
2258
2207
2234
2179
2224
2163
2173
2120
2164
2150
2178
2113
2151
2130
2179
2145
2182
2124
2199
2160
2176
2111
2154
2123
2185
2128
2156
2100
2158
2099
2125
2090
2117
2090
2123
2066
2119
2091
2129
2061
2041
2002
2003
1999
2011
1968
1977
1966
2009
2006
2022
2019
2055
2053
2062
2054
2048
2067
2068
2065
2064
2061
2087
2099
2080
2113
2092
2132
2133
2138
2115
2125
2093
2167
2124
2160
2104
2141
2107
2141
2058
2099
2068
2128
2062
2095
2044
2116
2061
2109
2044
2082
2046
2101
2032
2092
2050
2124
2086
2124
2043
2103
2061
2123
2068
2103
2081
2154
2104
2127
2060
2119
2107
2131
2085
2131
2114
2173
2116
2133
2108
2152
2131
2132
2082
2116
2070
2073
2043
2039
2028
2057
2054
2068
2043
2056
2082
2067
2069
2070
2090
2101
2117
2113
2149
2128
2163
2142
2155
2119
2146
2117
2156
2114
2123
2090
2137
2105
2127
2048
2095
2049
2098
2052
2093
2045
2094
2069
2112
2059
2126
2088
2136
2079
2119
2085
2140
2089
2110
2059
2121
2095
2129
2097
2138
2128
2178
2139
2178
2150
2191
2145
2156
2108
2139
2130
2165
2121
2129
2110
2151
2127
2141
2098
2139
2106
2110
2080
2055
2053
2071
2068
2085
2072
2115
2131
2122
2102
2096
2109
2118
2103
2088
2095
2078
2097
2082
2084
2094
2121
2126
2150
2121
2131
2127
2169
2147
2158
2145
2181
2152
2167
2126
2136
2107
2131
2090
2116
2066
2115
2107
2151
2106
2140
2128
2166
2148
2178
2131
2171
2168
2197
2164
2187
2156
2185
2168
2194
2161
2201
2177
2195
2159
2149
2119
2130
2075
2081
2044
2080
2074
2068
2029
2052
2070
2107
2074
2091
2071
2102
2117
2113
2084
2091
2103
2106
2109
2093
2093
2106
2078
2055
2042
2035
2082
2086
2092
2077
2100
2112
2121
2088
2104
2089
2143
2100
2114
2083
2134
2118
2170
2130
2169
2150
2201
2144
2184
2155
2197
2167
2209
2156
2194
2160
2216
2180
2227
2188
2243
2209
2233
2167
2185
2133
2168
2100
2133
2089
2152
2115
2150
2114
2161
2136
2183
2142
2184
2148
2200
2173
2188
2158
2170
2147
2164
2115
2133
2128
2160
2145
2146
2093
2126
2119
2146
2111
2113
2123
2137
2117
2109
2090
2127
2127
2108
2097
2067
2096
2103
2096
2092
2097
2081
2114
2046
2048
2023
2067
2044
2072
1994
2020
1995
2022
1962
1989
1989
2040
1994
2038
1970
2026
1987
2029
1959
2015
1965
2045
1988
2034
1984
2076
2031
2102
2028
2073
2041
2114
2053
2089
2027
2069
2001
2015
1949
1987
1935
1972
1921
1967
1940
1989
1985
2018
1976
2023
1998
2026
2015
2016
2003
2031
2030
2040
2019
2009
2025
2014
2010
1980
1975
1985
1975
1955
1968
1945
1993
2003
2027
2011
2033
2026
2072
2036
2048
2019
2070
2044
2050
2009
2043
2027
2062
2015
2041
2018
2077
2047
2081
2022
2074
2043
2075
2013
2045
1993
2045
1984
1992
1915
1963
1934
1961
1935
1957
1936
1974
1929
1922
1868
1915
1894
1911
1887
1907
1909
1947
1941
1982
1995
2018
2057
2071
2072
2085
2109
2132
2147
2119
2119
2102
2141
2124
2119
2109
2106
2102
2140
2106
2138
2149
2194
2164
2191
2155
2194
2186
2211
2151
2172
2158
2185
2165
2190
2150
2195
2179
2211
2170
2205
2170
2200
2185
2215
2181
2218
2200
2201
2169
2170
2155
2198
2206
2212
2173
2172
2192
2192
2181
2158
2133
2150
2134
2116
2124
2105
2121
2137
2144
2116
2124
2111
2170
2136
2150
2108
2155
2146
2150
2123
2145
2113
2165
2141
2168
2113
2171
2139
2194
2151
2185
2159
2203
2167
2192
2160
2176
2184
2209
2165
2187
2157
2205
2186
2180
2151
2141
2157
2170
2147
2168
2146
2145
2161
2133
2142
2138
2153
2139
2169
2126
2148
2132
2191
2155
2198
2171
2215
2191
2224
2153
2181
2146
2204
2145
2192
2139
2191
2146
2191
2116
2150
2117
2152
2140
2166
2119
2158
2133
2170
2117
2129
2107
2122
2117
2104
2076
2092
2079
2074
2087
2053
2069
2066
2098
2092
2103
2091
2167
2131
2167
2107
2139
2122
2165
2132
2184
2114
2204
2172
2214
2143
2206
2167
2230
2171
2224
2169
2257
2212
2252
2203
2210
2191
2244
2210
2223
2198
2275
2258
2236
2222
2202
2231
2231
2219
2206
2198
2138
2182
2150
2148
2117
2155
2149
2178
2116
2163
2104
2178
2139
2178
2112
2158
2105
2148
2083
2127
2066
2143
2079
2122
2074
2100
2074
2121
2057
2076
2028
2043
2037
2067
2039
2059
2068
2106
2067
2072
2089
2094
2135
2137
2144
2139
2166
2171
2216
2159
2177
2150
2199
2165
2174
2122
2132
2091
2120
2053
2085
2033
2091
2044
2077
2024
2079
2060
2107
2045
2080
2055
2088
2072
2088
2049
2083
2072
2099
2089
2090
2079
2108
2094
2091
2053
2073
2068
2066
2072
2062
2086
2096
2117
2081
2102
2052
2076
2051
2086
2044
2074
2038
2043
2011
2033
1993
2025
2002
2035
1992
2052
2032
2090
2086
2128
2105
2149
2132
2155
2126
2116
2071
2086
2057
2061
2017
2019
2022
2040
2024
2017
2001
2019
2030
2015
2000
1959
1975
1977
1988
1966
1962
1942
1991
1975
1976
1922
1934
1913
1896
1866
1899
1844
1895
1860
1871
1825
1871
1867
1914
1872
1897
1873
1933
1898
1916
1895
1919
1925
1972
1942
1959
1935
1972
1915
1911
1866
1860
1853
1880
1837
1854
1858
1880
1900
1882
1866
1867
1902
1925
1940
1920
1940
1925
1955
1920
1907
1880
1891
1844
1869
1814
1849
1819
1872
1818
1878
1824
1867
1829
1873
1829
1886
1871
1909
1882
1923
1884
1930
1908
1946
1888
1891
1851
1875
1848
1847
1800
1819
1796
1802
1795
1765
1762
1776
1794
1789
1784
1782
1829
1832
1874
1838
1854
1852
1885
1846
1884
1813
1887
1850
1897
1823
1858
1826
1921
1865
1907
1818
1880
1834
1877
1849
1869
1811
1880
1853
1895
1837
1912
1887
1895
1873
1871
1860
1896
1873
1882
1876
1863
1903
1902
1916
1906
1925
1934
1960
1913
1946
1908
1946
1886
1907
1859
1930
1899
1985
1931
1989
1949
2030
1968
2028
1978
2018
1957
2023
1964
2019
1955
2014
2013
2035
1998
2027
2000
2053
2003
2020
2014
2011
2023
2040
2025
2026
2015
1995
2033
1991
2010
1989
2027
1999
2005
1965
2005
1975
2038
1998
2031
1994
2053
2026
2078
2017
2071
2039
2095
2017
2045
1966
1985
1938
1944
1854
1865
1816
1843
1807
1813
1784
1820
1828
1871
1853
1902
1897
1926
1940
1916
1903
1907
1896
1876
1884
1858
1904
1905
1946
1915
1929
1918
1927
1887
1907
1854
1890
1877
1912
1867
1910
1863
1919
1885
1934
1891
1952
1937
1997
1941
1961
1926
1976
1952
1980
1951
1986
1993
2027
2011
2021
1996
2045
2044
2066
2057
2058
2052
2070
2058
2017
1998
1960
1989
1975
1975
1937
1970
1986
2011
2001
2022
2007
2076
2064
2074
2038
2077
2063
2108
2066
2093
2065
2113
2061
2073
2036
2050
2039
2085
2034
2046
2022
2078
2058
2063
2019
2033
2010
2039
1991
2006
1969
2010
2030
2032
2021
2043
2067
2098
2066
2032
2016
2020
2028
2003
1993
1988
1994
1988
2011
1981
2026
2025
2051
2026
2033
1983
2017
2013
2056
2018
2040
2025
2079
2063
2108
2051
2090
2075
2115
2043
2055
2013
2061
2045
2086
2041
2078
2068
2098
2090
2078
2054
2091
2083
2085
2035
2011
2015
2015
2009
1980
1973
1982
1982
1939
1987
1950
2017
2022
2045
2002
2026
2019
2094
2050
2080
2008
2072
2034
2053
2013
2035
1981
2060
2014
2050
1995
2080
2040
2086
2051
2079
2071
2117
2071
2107
2090
2096
2105
2119
2086
2079
2059
2081
2084
2038
2033
2013
2054
2053
2069
2059
2108
2085
2155
2100
2124
2072
2109
2076
2121
2043
2071
2026
2075
1997
2047
1987
2053
2023
2081
2010
2035
1979
2034
1980
2004
1971
1999
2002
2039
2000
2024
2000
2013
2074
2060
2078
2080
2121
2143
2145
2109
2142
2100
2157
2111
2138
2105
2164
2115
2174
2098
2126
2076
2129
2045
2102
2058
2122
2100
2178
2122
2178
2151
2228
2200
2220
2167
2205
2187
2217
2154
2179
2160
2173
2160
2149
2130
2144
2153
2157
2160
2132
2160
2140
2169
2140
2129
2122
2140
2104
2133
2067
2115
2090
2143
2100
2162
2114
2189
2164
2230
2185
2235
2194
2253
2213
2240
2190
2256
2239
2279
2225
2255
2247
2244
2229
2223
2225
2231
2255
2245
2216
2223
2196
2232
2226
2228
2202
2212
2195
2212
2171
2187
2167
2201
2157
2165
2111
2138
2112
2156
2099
2115
2097
2141
2146
2186
2144
2179
2173
2204
2154
2193
2165
2211
2192
2216
2191
2240
2223
2241
2241
2247
2235
2260
2251
2242
2199
2204
2214
2223
2217
2189
2190
2211
2226
2229
2261
2230
2235
2236
2235
2212
2210
2183
2224
2203
2241
2212
2254
2236
2266
2265
2293
2239
2291
2252
2270
2222
2254
2223
2264
2215
2243
2207
2264
2242
2278
2248
2255
2245
2271
2243
2245
2200
2230
2217
2211
2189
2180
2199
2218
2179
2168
2172
2164
2230
2227
2231
2209
2235
2238
2254
2187
2201
2146
2179
2121
2124
2088
2115
2090
2126
2071
2104
2080
2149
2095
2159
2117
2160
2150
2200
2135
2178
2152
2171
2167
2177
2136
2145
2121
2153
2120
2125
2114
2141
2149
2151
2140
2153
2138
2102
2091
2073
2080
2080
2094
2079
2079
2052
2115
2094
2136
2075
2118
2103
2152
2124
2161
2101
2156
2125
2160
2101
2140
2095
2149
2104
2142
2072
2130
2099
2126
2092
2103
2083
2125
2092
2097
2034
2079
2049
2050
2030
2014
2007
2021
2012
2012
2020
1986
2027
1995
2005
1966
1983
1970
2007
1941
1986
1928
2019
1965
2017
1972
2045
2011
2072
2017
2074
2024
2104
2048
2104
2059
2106
2069
2124
2052
2089
2042
2066
2070
2079
2061
2089
2090
2130
2087
2094
2114
2104
2125
2103
2108
2090
2114
2086
2132
2091
2107
2067
2112
2060
2069
2007
2033
1975
2031
1961
1981
1917
1977
1931
1972
1909
1945
1926
1994
1942
1983
1961
2022
2017
2054
2021
2066
2047
2082
2052
2043
2007
2007
1991
1977
1924
1918
1934
1946
1971
1941
1945
1939
1957
1932
1945
1889
1924
1906
1927
1869
1875
1852
1861
1815
1855
1801
1859
1846
1888
1847
1913
1889
1950
1915
1928
1899
1941
1916
1941
1891
1908
1874
1921
1890
1918
1888
1901
1903
1917
1886
1882
1857
1876
1819
1791
1775
1751
1758
1757
1748
1747
1772
1788
1845
1861
1898
1896
1944
1955
1978
1939
1960
1927
1962
1924
1945
1926
1955
1920
1940
1897
1919
1878
1907
1849
1860
1827
1842
1818
1846
1811
1834
1829
1867
1842
1846
1816
1846
1829
1817
1778
1799
1775
1814
1823
1815
1803
1846
1863
1859
1849
1825
1836
1860
1860
1826
1807
1805
1805
1789
1791
1778
1820
1821
1854
1821
1852
1815
1867
1839
1859
1820
1869
1855
1899
1855
1876
1815
1842
1813
1826
1787
1821
1795
1836
1819
1852
1858
1899
1907
1919
1921
1912
1894
1914
1906
1890
1863
1841
1882
1888
1910
1899
1908
1928
1955
1938
1978
1931
1978
1951
1979
1914
1935
1886
1939
1878
1901
1845
1906
1871
1897
1874
1897
1852
1934
1896
1925
1891
1969
1954
2015
1984
1993
1967
2018
1973
1987
1953
1944
1967
1963
1964
1966
1989
2021
2056
2036
2053
2054
2110
2109
2114
2091
2117
2084
2132
2072
2119
2098
2166
2126
2170
2114
2164
2134
2178
2121
2192
2154
2224
2190
2229
2163
2197
2165
2223
2166
2194
2161
2184
2167
2181
2135
2160
2150
2173
2175
2155
2171
2185
2195
2184
2189
2164
2198
2164
2193
2166
2195
2181
2227
2201
2258
2193
2250
2219
2258
2186
2224
2184
2259
2220
2261
2200
2256
2238
2297
2245
2275
2228
2283
2250
2284
2222
2285
2267
2292
2264
2266
2257
2299
2293
2295
2296
2274
2303
2310
2306
2287
2314
2318
2317
2267
2287
2231
2273
2243
2252
2220
2269
2218
2285
2223
2268
2219
2284
2246
2296
2238
2279
2237
2279
2198
2237
2186
2218
2201
2231
2179
2196
2183
2228
2177
2206
2195
2215
2221
2227
2206
2221
2221
2226
2268
2236
2247
2238
2263
2253
2243
2220
2241
2221
2251
2231
2254
2232
2265
2226
2257
2176
2198
2174
2210
2159
2178
2145
2194
2195
2223
2177
2221
2207
2252
2247
2255
2201
2243
2231
2236
2194
2210
2185
2212
2200
2201
2170
2212
2200
2233
2224
2202
2202
2221
2204
2180
2159
2176
2165
2150
2153
2132
2156
2173
2180
2166
2186
2175
2222
2202
2208
2165
2198
2194
2216
2164
2191
2152
2212
2190
2220
2176
2220
2198
2235
2191
2207
2179
2229
2201
2231
2192
2189
2164
2199
2169
2193
2162
2181
2192
2198
2170
2177
2188
2221
2193
2203
2191
2183
2203
2202
2187
2176
2173
2136
2150
2097
2094
2074
2102
2080
2069
2034
2063
2043
2093
2051
2091
2074
2137
2117
2155
2107
2143
2132
2168
2109
2137
2108
2168
2138
2170
2109
2150
2111
2142
2090
2099
2067
2101
2105
2119
2065
2096
2080
2089
2089
2080
2072
2097
2112
2118
2135
2097
2141
2144
2159
2142
2162
2156
2196
2159
2185
2113
2162
2103
2129
2058
2111
2051
2128
2078
2129
2074
2133
2093
2164
2126
2163
2118
2194
2149
2192
2123
2157
2156
2184
2152
2160
2143
2187
2159
2142
2138
2123
2155
2154
2151
2133
2154
2135
2184
2139
2152
2115
2172
2153
2178
2131
2190
2149
2235
2172
2234
2167
2244
2217
2275
2211
2241
2191
2262
2193
2230
2190
2217
2196
2234
2182
2199
2162
2206
2173
2157
2129
2136
2148
2156
2142
2146
2149
2150
2196
2167
2170
2166
2201
2184
2223
2180
2229
2207
2249
2196
2221
2201
2228
2177
2211
2136
2166
2125
2180
2111
2159
2116
2155
2119
2152
2099
2141
2106
2134
2106
2125
2086
2135
2130
2154
2107
2128
2127
2117
2122
2136
2129
2169
2178
2186
2212
2193
2211
2233
2255
2232
2220
2196
2236
2200
2207
2146
2162
2132
2167
2128
2148
2103
2165
2135
2180
2119
2160
2118
2152
2120
2134
2093
2147
2121
2140
2123
2124
2117
2157
2140
2156
2132
2159
2141
2159
2142
2123
2140
2154
2144
2136
2144
2119
2139
2122
2123
2103
2126
2127
2157
2125
2139
2123
2160
2146
2155
2126
2154
2119
2161
2113
2131
2091
2130
2095
2131
2106
2128
2103
2146
2117
2145
2106
2114
2101
2108
2070
2073
2050
2078
2042
2030
1984
1999
2000
2017
1996
2019
2028
2043
2065
2055
2042
2049
2068
2077
2060
2040
2058
2042
2063
2024
2035
2027
2062
2030
2063
2018
2051
2043
2094
2062
2088
2045
2112
2088
2099
2037
2059
2020
2043
1993
2012
1951
2007
1989
2036
1967
2021
2005
2057
2029
2050
2031
2086
2081
2091
2084
2086
2094
2121
2115
2105
2087
2105
2106
2092
2116
2094
2129
2118
2123
2091
2104
2032
2095
2039
2078
2027
2075
2039
2086
2018
2058
2010
2077
2031
2069
1998
2053
2035
2100
2050
2093
2040
2107
2050
2074
2043
2033
2010
2033
2001
2024
2012
2028
2062
2061
2072
2068
2100
2121
2122
2091
2120
2090
2136
2085
2105
2063
2115
2085
2161
2072
2121
2087
2179
2131
2176
2128
2199
2172
2220
2145
2180
2139
2228
2180
2212
2154
2190
2156
2198
2136
2169
2134
2154
2128
2111
2066
2078
2080
2106
2107
2091
2100
2112
2135
2124
2132
2121
2132
2090
2103
2057
2065
2041
2077
2031
2044
1981
2045
2005
2058
2026
2059
2037
2081
2036
2080
2020
2092
2032
2067
2001
2042
1996
2038
1990
2013
1975
2028
1984
2019
2005
2019
2001
2030
1996
2007
1963
1956
1962
1950
1955
1938
1939
1937
1932
1921
1932
1876
1915
1891
1871
1829
1861
1821
1867
1837
1867
1831
1903
1903
1943
1922
1951
1934
1995
1964
1992
1954
2019
1989
2012
1956
1975
1952
1977
1937
1950
1933
1940
1939
1965
1940
1963
1979
2023
2016
2015
2010
2026
2049
2046
2020
2034
2040
2047
2055
2013
1993
1979
1982
1960
1968
1935
1943
1939
1971
1961
1965
1949
1973
1949
1964
1920
1954
1959
2011
1988
2056
2009
2066
2045
2074
2038
2063
2042
2079
2050
2067
2016
2057
2034
2056
1997
2016
2007
2052
2038
2054
2022
2064
2043
2073
2063
2055
2048
2071
2056
2059
2031
2025
2068
2053
2062
2048
2084
2087
2093
2074
2102
2055
2108
2060
2089
2025
2056
2014
2078
2015
2044
2002
2081
2021
2049
2005
2038
2009
2074
2018
2059
2016
2080
2051
2072
2031
2051
2045
2081
2038
2080
2079
2095
2114
2111
2094
2098
2119
2139
2143
2099
2113
2085
2105
2076
2076
2031
2042
2005
2065
1997
2029
1977
2034
1986
2040
1962
1985
1946
2024
1980
2032
1996
2087
2050
2105
2072
2132
2116
2174
2112
2153
2110
2148
2127
2152
2095
2126
2091
2086
2054
2009
1967
1977
1964
1964
1944
1939
1973
1971
1989
1959
1984
2004
2060
2043
2095
2039
2084
2061
2115
2071
2123
2082
2166
2128
2178
2116
2189
2148
2212
2172
2214
2174
2237
2199
2224
2170
2234
2212
2217
2195
2201
2211
2137
2175
2131
2189
2163
2194
2135
2172
2143
2210
2174
2186
2174
2166
2165
2181
2167
2161
2147
2142
2174
2147
2155
2131
2154
2143
2128
2102
2119
2091
2146
2113
2130
2111
2156
2112
2167
2114
2139
2112
2153
2098
2104
2071
2111
2095
2133
2091
2106
2092
2154
2131
2142
2100
2134
2128
2143
2089
2118
2099
2141
2121
2119
2094
2107
2089
2082
2050
2021
2016
2049
2058
2055
2046
2070
2072
2066
2071
2055
2067
2082
2082
2071
2071
2050
2083
2077
2083
2041
2049
2046
2056
2024
2036
1992
2044
2021
2042
2006
2029
2003
2038
1998
2033
2000
2049
2034
2089
2072
2107
2085
2134
2097
2125
2091
2126
2127
2174
2142
2141
2111
2157
2105
2126
2099
2100
2106
2121
2105
2110
2116
2128
2157
2137
2123
2111
2134
2128
2109
2101
2127
2107
2148
2104
2116
2108
2152
2129
2186
2132
2175
2144
2194
2135
2176
2145
2218
2188
2233
2174
2215
2183
2239
2186
2213
2147
2194
2149
2181
2118
2153
2128
2154
2123
2130
2100
2137
2110
2128
2112
2099
2111
2125
2124
2128
2129
2152
2179
2150
2194
2165
2201
2183
2205
2167
2213
2150
2222
2169
2213
2153
2204
2177
2221
2167
2198
2134
2203
2173
2224
2159
2236
2200
2256
2197
2235
2179
2258
2214
2236
2188
2181
2168
2193
2153
2173
2126
2133
2148
2144
2121
2106
2110
2125
2091
2055
2065
2024
2051
2031
2048
2016
2069
2027
2074
2017
2042
2008
2081
2044
2058
2023
2068
2011
2072
1987
2013
1963
2013
1970
2013
1975
2019
1992
2050
1992
2056
2043
2097
2089
2113
2081
2119
2100
2131
2107
2099
2076
2099
2111
2125
2100
2123
2121
2133
2137
2103
2105
2108
2123
2110
2115
2085
2117
2095
2098
2050
2063
2046
2055
2021
2057
2011
2055
2031
2056
2028
2067
2034
2090
2051
2070
2021
2068
2016
2023
1968
1966
1913
1959
1922
1936
1885
1910
1922
1968
1932
1960
1949
2013
1984
1995
1976
1969
1975
2006
1977
1980
1967
1969
1995
1991
1973
1990
2019
2032
2012
2002
2011
1998
2031
2007
1997
1973
1981
1946
1968
1929
1931
1930
1976
1959
1981
1965
2022
2003
2033
2002
2030
2008
2048
2016
2050
1988
2029
1994
2014
1945
1969
1917
1969
1919
1943
1877
1928
1876
1916
1894
1918
1886
1938
1924
1961
1920
1992
1992
2031
2039
2053
2050
2090
2069
2067
2050
2023
2042
2035
2027
1986
1989
2002
2025
1983
1999
1948
2009
2001
2028
1980
2022
1990
2057
2000
2057
2022
2103
2056
2104
2027
2071
2028
2103
2039
2089
2055
2127
2105
2146
2071
2107
2072
2112
2046
2065
2016
2031
2006
2027
1990
2020
1999
2001
2020
2008
1999
2012
2025
2015
2006
1998
2026
2032
2067
2041
2058
2068
2096
2067
2116
2067
2107
2076
2104
2062
2094
2053
2116
2087
2148
2092
2160
2137
2202
2163
2207
2154
2215
2178
2205
2141
2197
2153
2205
2174
2196
2154
2212
2194
2232
2221
2224
2229
2254
2241
2248
2236
2266
2273
2276
2295
2252
2267
2270
2292
2268
2280
2232
2280
2249
2246
2186
2219
2194
2212
2148
2172
2124
2182
2168
2186
2141
2182
2151
2197
2144
2167
2122
2181
2146
2203
2167
2190
2162
2193
2144
2161
2131
2164
2150
2147
2114
2167
2173
2211
2165
2171
2176
2194
2203
2216
2186
2179
2176
2176
2187
2180
2163
2172
2175
2180
2173
2148
2146
2161
2181
2168
2174
2170
2176
2146
2169
2105
2115
2104
2135
2121
2132
2120
2185
2161
2180
2118
2151
2136
2168
2124
2147
2095
2141
2112
2145
2087
2139
2113
2183
2153
2195
2143
2209
2169
2220
2192
2204
2190
2250
2220
2250
2210
2258
2236
2237
2222
2213
2218
2255
2224
2228
2218
2198
2236
2218
2217
2204
2229
2224
2242
2188
2225
2195
2247
2193
2224
2195
2243
2188
2238
2159
2210
2151
2214
2144
2205
2134
2180
2147
2198
2127
2158
2087
2124
2084
2140
2095
2135
2101
2164
2120
2151
2126
2143
2137
2161
2123
2145
2130
2123
2125
2087
2080
2075
2095
2084
2064
2036
2079
2079
2120
2086
2109
2103
2141
2106
2123
2060
2082
2070
2097
2040
2046
2001
2070
2035
2064
1997
2061
2036
2074
2033
2058
2019
2090
2063
2090
2035
2098
2073
2118
2079
2081
2051
2102
2059
2068
2054
2065
2063
2101
2063
2074
2045
2075
2044
2037
2025
2027
2052
2057
2026
2029
2037
2029
2052
2044
2046
2021
2021
2028
2027
2006
2015
1984
2007
1985
1994
1980
2002
1996
2043
2015
2044
2037
2083
2060
2083
2046
2077
2059
2109
2077
2099
2074
2122
2106
2120
2055
2060
2038
2075
2030
2063
2029
2078
2065
2104
2056
2093
2064
2077
2051
2053
2021
2052
2024
2040
1971
1950
1931
1936
1891
1869
1842
1880
1859
1853
1854
1831
1847
1874
1875
1870
1871
1870
1935
1909
1931
1901
1937
1931
1931
1904
1923
1877
1935
1901
1933
1891
1962
1914
1966
1899
1945
1886
1941
1870
1898
1837
1872
1836
1897
1836
1883
1839
1907
1867
1903
1873
1908
1896
1931
1874
1895
1858
1849
1863
1864
1857
1873
1884
1925
1963
1936
1955
1951
1990
1982
2000
1987
2020
1999
2035
1971
1995
1960
2002
1948
1980
1894
1925
1878
1931
1855
1885
1842
1894
1851
1873
1792
1839
1813
1867
1809
1877
1846
1911
1881
1918
1887
1948
1925
1950
1925
1910
1903
1968
1959
1969
1931
1942
1959
1966
1935
1918
1899
1915
1895
1876
1884
1851
1880
1873
1871
1838
1839
1815
1846
1825
1852
1820
1859
1848
1839
1800
1829
1801
1869
1837
1865
1837
1882
1866
1913
1883
1906
1871
1927
1890
1910
1876
1878
1861
1901
1874
1916
1881
1919
1907
1937
1908
1933
1923
1974
1945
1969
1936
1941
1931
1935
1897
1916
1898
1922
1901
1895
1880
1890
1883
1889
1861
1865
1862
1878
1889
1879
1876
1903
1947
1954
1966
1934
1964
1962
1980
1954
1951
1945
1956
1923
1934
1860
1900
1887
1921
1862
1899
1852
1916
1874
1887
1811
1876
1833
1891
1818
1842
1794
1861
1827
1884
1833
1871
1859
1888
1854
1877
1849
1889
1867
1903
1905
1907
1925
1958
1957
1970
1967
1975
2032
2023
2044
2025
2047
2049
2052
2007
2043
1961
2014
1972
1990
1922
1950
1895
1965
1907
1948
1886
1958
1917
1973
1929
1968
1927
1995
1940
1982
1937
2008
1981
2010
1942
1963
1911
1937
1851
1872
1821
1829
1825
1848
1822
1839
1842
1904
1910
1904
1933
1945
1981
1990
1979
1980
1995
1981
2022
1981
2001
1995
2047
2030
2063
2011
2063
2050
2100
2050
2078
2069
2104
2063
2100
2045
2083
2077
2115
2071
2113
2061
2118
2088
2126
2081
2114
2092
2121
2070
2074
2032
2069
2027
2043
2004
2029
2026
2059
2040
2070
2040
2079
2058
2088
2092
2080
2082
2114
2085
2088
2048
2067
2067
2055
2033
2007
2011
2012
1994
1972
1952
1929
1968
1977
1965
1940
1947
1908
1965
1944
1959
1942
2001
1998
2011
2010
2045
2043
2104
2060
2090
2058
2115
2079
2099
2037
2068
2032
2079
2034
2063
2031
2091
2052
2083
2018
2042
2003
2035
1959
1959
1921
1961
1926
1953
1888
1927
1899
1938
1930
1944
1928
1970
1962
1978
1967
1936
1938
1951
1956
1951
1946
1969
1984
1962
1993
1962
1983
1988
2008
1986
2018
1965
2047
2021
2067
2021
2069
2055
2114
2045
2091
2019
2088
2036
2104
2041
2115
2078
2154
2087
2135
2074
2151
2109
2159
2091
2120
2085
2165
2116
2145
2078
2093
2106
2121
2083
2081
2075
2119
2078
2075
2071
2058
2088
2073
2043
2023
2022
1983
2013
1965
1955
1914
1945
1924
1914
1883
1924
1912
1960
1920
1950
1929
1994
1952
2007
1949
1982
1959
2004
1954
1986
1951
1981
1944
1958
1894
1910
1852
1891
1859
1874
1838
1876
1860
1881
1837
1864
1872
1922
1907
1926
1899
1948
1942
1971
1953
1955
1952
1981
1976
1995
1974
2016
2034
2049
2058
2059
2059
2083
2081
2098
2092
2067
2093
2090
2081
2067
2085
2108
2123
2104
2115
2100
2145
2150
2138
2103
2110
2070
2103
2028
2042
1998
2033
2026
2062
2018
2054
2031
2094
2050
2077
2021
2089
2064
2075
2019
2063
2041
2097
2029
2079
2038
2077
2070
2121
2068
2113
2057
2075
2074
2085
2045
2078
2073
2121
2063
2094
2079
2104
2120
2139
2130
2159
2165
2170
2190
2167
2173
2157
2172
2155
2153
2128
2179
2143
2179
2137
2169
2159
2191
2129
2163
2072
2117
2071
2108
2032
2067
2026
2104
2055
2109
2044
2109
2088
2131
2093
2127
2076
2142
2110
2155
2103
2145
2123
2152
2130
2131
2108
2146
2106
2120
2122
2113
2144
2164
2169
2173
2166
2133
2146
2153
2143
2140
2145
2129
2130
2122
2106
2139
2131
2138
2134
2154
2139
2130
2100
2113
2087
2127
2085
2086
2063
2093
2070
2126
2101
2137
2109
2150
2125
2144
2110
2141
2115
2154
2124
2151
2124
2168
2163
2198
2158
2177
2154
2198
2137
2132
2112
2153
2132
2153
2113
2134
2133
2166
2135
2138
2119
2167
2150
2149
2109
2130
2122
2159
2140
2132
2128
2144
2149
2144
2121
2083
2067
2056
2069
2041
2039
2040
2053
2044
2047
2002
2019
2008
2031
2010
2054
2018
2069
2042
2066
2010
2029
1990
2023
1985
2013
1951
2006
1983
2011
1963
2033
1988
2055
2004
2058
2003
2060
2031
2078
2048
2073
2034
2091
2040
2071
2031
2056
2049
2074
2059
2071
2062
2097
2091
2096
2100
2075
2095
2109
2093
2085
2086
2083
2137
2104
2117
2083
2136
2122
2128
2071
2118
2064
2134
2080
2125
2072
2134
2098
2166
2096
2151
2111
2192
2139
2171
2114
2139
2113
2159
2089
2115
2084
2159
2129
2158
2126
2160
2136
2179
2127
2150
2123
2136
2119
2110
2083
2100
2103
2125
2135
2127
2139
2152
2170
2135
2111
2104
2102
2086
2106
2062
2054
2033
2059
2033
2058
2028
2080
2072
2105
2084
2106
2114
2138
2094
2121
2069
2105
2091
2118
2081
2110
2072
2127
2107
2126
2082
2125
2102
2146
2099
2117
2071
2110
2071
2084
2046
2098
2107
2164
2143
2162
2140
2202
2170
2178
2147
2158
2166
2212
2167
2182
2161
2197
2210
2200
2175
2167
2165
2182
2130
2120
2108
2101
2111
2114
2104
2104
2121
2132
2163
2125
2159
2166
2179
2136
2126
2091
2117
2079
2113
2053
2081
2061
2108
2076
2122
2074
2133
2095
2147
2094
2116
2067
2122
2072
2111
2056
2106
2080
2138
2107
2143
2079
2136
2098
2146
2093
2130
2082
2104
2071
2073
2033
2096
2067
2086
2063
2043
2050
2064
2032
2015
1996
2021
2015
1986
2001
1971
2001
1991
1992
1971
1998
1950
2019
1978
2016
1979
2047
2030
2066
2005
2048
1993
2090
2029
2071
2013
2082
2030
2081
2020
2063
1989
2054
2005
2050
2003
2039
2023
2086
2041
2067
2041
2087
2098
2108
2076
2089
2080
2124
2072
2090
2082
2087
2078
2050
2027
2016
2023
2024
2053
2040
2052
2058
2079
2063
2039
1988
2012
1977
1991
1947
1955
1947
1966
1936
1979
1938
1974
1965
2018
1990
2016
1979
2012
1983
2011
1960
1991
1973
2016
1978
2010
1979
2026
2014
2043
2018
2083
2092
2153
2114
2138
2095
2144
2113
2120
2089
2087
2064
2090
2045
2062
2010
2063
2042
2040
2023
2010
2002
2026
1990
2024
2038
2063
2078
2088
2080
2087
2094
2134
2152
2110
2119
2110
2125
2112
2095
2064
2035
2012
2031
1971
1996
1992
2032
1999
2033
1986
2017
1984
2043
1993
2036
2023
2118
2108
2173
2124
2174
2142
2221
2159
2206
2144
2210
2170
2230
2178
2236
2194
2240
2217
2237
2182
2249
2209
2236
2179
2188
2171
2191
2151
2162
2123
2172
2137
2150
2149
2133
2160
2194
2192
2194
2173
2166
2209
2180
2189
2166
2205
2206
2208
2201
2251
2207
2276
2239
2269
2229
2267
2212
2277
2202
2230
2189
2267
2216
2240
2190
2214
2186
2230
2176
2204
2163
2222
2185
2214
2163
2202
2180
2242
2182
2216
2196
2210
2198
2195
2154
2159
2146
2165
2141
2130
2107
2112
2117
2116
2100
2101
2119
2130
2145
2122
2136
2151
2172
2176
2188
2163
2172
2156
2190
2150
2152
2133
2144
2111
2146
2114
2124
2108
2162
2127
2169
2122
2165
2160
2190
2147
2161
2146
2193
2174
2185
2130
2165
2151
2175
2130
2161
2125
2162
2126
2147
2101
2146
2146
2157
2134
2152
2136
2173
2147
2150
2117
2134
2149
2150
2136
2151
2149
2184
2167
2168
2178
2166
2209
2211
2206
2198
2206
2175
2220
2193
2205
2182
2211
2211
2210
2178
2200
2148
2202
2144
2183
2143
2207
2163
2198
2155
2200
2162
2239
2187
2227
2185
2240
2198
2248
2201
2238
2188
2241
2202
2243
2196
2228
2207
2263
2215
2252
2226
2249
2252
2249
2218
2230
2221
2253
2241
2210
2222
2228
2226
2188
2175
2162
2160
2130
2153
2096
2107
2110
2151
2107
2138
2065
2135
2104
2142
2103
2158
2141
2209
2151
2187
2121
2187
2132
2166
2093
2153
2103
2169
2135
2182
2140
2204
2174
2233
2182
2201
2182
2231
2187
2202
2158
2187
2197
2208
2180
2179
2173
2213
2151
2147
2143
2138
2159
2184
2184
2174
2166
2154
2175
2145
2151
2137
2164
2155
2156
2132
2155
2132
2169
2154
2183
2149
2176
2144
2198
2156
2186
2170
2209
2180
2195
2170
2194
2168
2214
2169
2174
2144
2184
2156
2171
2094
2095
2079
2105
2038
2047
2027
2083
2061
2105
2085
2137
2113
2154
2119
2127
2097
2153
2142
2140
2085
2103
2075
2094
2057
2054
2038
2077
2066
2077
2071
2072
2086
2089
2075
2072
2060
2069
2070
2027
2040
2023
2066
2070
2079
2072
2103
2071
2130
2089
2116
2091
2153
2150
2188
2117
2156
2122
2194
2129
2164
2113
2158
2119
2164
2116
2158
2113
2184
2126
2179
2121
2153
2118
2161
2105
2151
2111
2144
2153
2172
2131
2161
2152
2193
2143
2159
2139
2136
2128
2123
2097
2105
2102
2085
2102
2061
2069
2062
2093
2068
2063
2035
2065
2028
2074
2029
2053
2032
2065
2021
2053
1960
2003
1967
2012
1945
1999
1953
2029
1980
2023
1974
2051
2005
2049
1991
2009
1942
1982
1923
1932
1875
1935
1903
1927
1912
1940
1917
1971
1951
1968
1960
1958
2003
2012
1993
1973
1968
1986
1981
1954
1945
1922
1945
1955
1960
1937
1963
1946
1994
1969
1978
1942
1983
1960
1970
1922
1937
1912
1959
1928
1947
1923
1966
1956
2006
1967
1990
1962
2015
1987
2039
2013
2039
2033
2066
2027
2055
2038
2067
2046
2073
2039
2072
2040
2058
2004
2023
1984
2011
1992
2019
1967
2010
2014
2057
2074
2081
2069
2116
2112
2119
2086
2089
2097
2110
2104
2075
2058
2075
2078
2065
2078
2051
2090
2081
2089
2070
2086
2064
2138
2102
2139
2081
2127
2081
2086
2030
2075
2021
2093
2039
2090
2030
2085
2054
2125
2062
2111
2070
2138
2087
2136
2103
2134
2110
2156
2107
2132
2095
2156
2117
2124
2091
2090
2087
2107
2072
2091
2097
2097
2124
2107
2114
2114
2134
2139
2135
2094
2105
2088
2137
2095
2096
2079
2118
2095
2145
2078
2109
2082
2139
2083
2128
2052
2107
2061
2103
2018
2040
1997
2052
2031
2086
2043
2107
2076
2123
2064
2095
2057
2066
2046
2047
1998
2025
2014
2047
2079
2075
2085
2101
2106
2110
2101
2088
2119
2095
2099
2044
2043
2045
2061
2010
2026
1972
2006
1992
2006
1977
2002
1983
2038
1990
2023
1973
2001
1971
1993
1968
1990
1949
1997
1960
1979
1927
1967
1941
1982
1947
1960
1937
1996
1966
1996
1982
2005
1992
2027
1981
1981
1942
1971
1950
1947
1913
1908
1923
1960
1937
1960
1948
1941
1966
1958
1933
1925
1926
1927
1932
1933
1942
1962
2021
2037
2053
2053
2079
2080
2102
2062
2070
2077
2118
2099
2140
2104
2154
2144
2172
2125
2152
2129
2177
2150
2179
2146
2204
2174
2212
2160
2202
2151
2201
2146
2170
2104
2127
2075
2101
2048
2069
2019
2063
2023
2060
2008
2035
2040
2090
2077
2106
2094
2147
2126
2133
2139
2127
2134
2127
2125
2110
2094
2061
2095
2069
2085
2067
2109
2102
2127
2092
2142
2083
2159
2124
2164
2128
2187
2159
2235
2164
2216
2166
2240
2186
2237
2197
2229
2206
2277
2227
2264
2213
2284
2238
2261
2217
2248
2240
2282
2221
2237
2218
2252
2262
2261
2232
2266
2266
2281
2266
2247
2235
2237
2235
2195
2179
2169
2182
2159
2178
2128
2144
2147
2174
2142
2157
2105
2163
2149
2174
2132
2150
2131
2163
5835
2203
2210
2203
2192
2193
2219
2234
2241
2241
2240
2235
2243
2239
2213
2190
2179
2160
2164
2171
2180
2191
2204
2207
2220
2230
2249
2243
2254
2257
2262
2275
2291
2286
2284
2291
2303
2312
2323
2328
2322
2308
2311
2321
2304
2304
2299
2289
2284
2288
2276
2261
2255
2248
2235
2228
2228
2222
2216
2236
2245
2258
2273
2279
2284
2292
2288
2281
2263
2250
2237
2230
2222
2213
2222
2222
2228
2237
2254
2261
2263
2290
2288
2291
2311
2309
2311
2300
2294
2296
2307
2278
2267
2243
2223
2218
2219
2208
2211
2228
2231
2237
2254
2261
2274
2278
2292
2288
2280
2276
2261
2259
2269
2279
2293
2291
2282
2254
2237
2223
2214
2198
2192
2181
2168
2159
2144
2160
2177
2191
2197
2195
2197
2204
2200
2205
2191
2195
2218
2222
2204
2177
2161
2178
2198
2201
2192
2219
2232
2254
2241
2247
2238
2249
2264
2273
2281
2282
2271
2263
2253
2250
2238
2236
2230
2218
2226
2235
2239
2241
2240
2235
2236
2240
2237
2237
2223
2212
2194
2166
2153
2140
2134
2144
2147
2140
2131
2147
2172
2181
2176
2188
2201
2211
2205
2195
2195
2189
2167
2147
2144
2135
2120
2127
2132
2114
2106
2108
2102
2098
2091
2091
2100
2097
2091
2057
2045
2021
2000
1971
1970
1971
1984
1985
2006
2033
2057
2075
2101
2109
2110
2109
2109
2100
2089
2079
2103
2110
2104
2104
2113
2103
2117
2151
2166
2155
2152
2171
2179
2179
2201
2191
2181
2176
2166
2149
2150
2131
2117
2103
2087
2095
2098
2109
2110
2095
2099
2098
2089
2073
2052
2054
2050
2062
2059
2066
2062
2099
2106
2120
2126
2137
2150
2152
2146
2137
2141
2141
2125
2127
2118
2123
2128
2146
2162
2173
2162
2160
2140
2123
2095
2080
2054
2050
2041
2043
2037
2049
2061
2077
2089
2079
2083
2080
2071
2076
2078
2088
2091
2115
2115
2129
2145
2165
2171
2167
2158
2147
2139
2140
2133
2136
2133
2102
2082
2068
2072
2060
2054
2024
2012
2022
2029
2045
2048
2057
2072
2074
2075
2068
2071
2063
2071
2060
2041
2055
2072
2071
2087
2096
2115
2112
2128
2145
2157
2154
2150
2143
2141
2134
2116
2106
2107
2109
2116
2116
2116
2109
2114
2104
2087
2075
2075
2068
2052
2055
2062
2079
2085
2079
2087
2105
2114
2112
2122
2124
2112
2105
2096
2097
2090
2073
2084
2112
2132
2144
2159
2172
2179
2188
2185
2203
2207
2200
2207
2218
2214
2200
2189
2176
2154
2126
2124
2127
2138
2131
2117
2129
2140
2146
2156
2176
2203
2209
2208
2206
2221
2228
2223
2223
2222
2214
2207
2198
2187
2187
2186
2189
2186
2177
2174
2162
2155
2145
2134
2126
2114
2109
2100
2100
2091
2076
2079
2084
2085
2083
2089
2094
2083
2080
2083
2099
2114
2118
2118
2115
2098
2084
2062
2050
2044
2052
2062
2086
2094
2115
2126
2131
2119
2122
2124
2130
2137
2128
2130
2142
2168
2186
2188
2187
2179
2186
2183
2176
2165
2167
2159
2167
2158
2173
2186
2179
2181
2171
2159
2164
2159
2162
2154
2146
2126
2112
2125
2130
2131
2123
2132
2137
2146
2149
2157
2154
2167
2169
2182
2196
2215
2210
2205
2171
2158
2136
2132
2133
2145
2132
2114
2115
2116
2111
2105
2106
2103
2096
2089
2090
2080
2079
2082
2076
2068
2049
2041
2039
2060
2063
2058
2051
2053
2051
2063
2058
2070
2069
2063
2056
2057
2058
2055
2048
2046
2033
2026
2024
2022
2011
1996
1987
1992
1995
2011
2025
2043
2056
2056
2056
2047
2048
2047
2067
2076
2081
2077
2083
2086
2083
2067
2049
2030
2014
2001
1974
1955
1945
1949
1965
1962
1976
1986
2007
2018
2028
2029
2020
2028
2030
2037
2046
2044
2042
2044
2045
2036
2032
2023
1995
1983
1971
1967
1964
1956
1967
1979
2006
2014
2023
2031
2060
2069
2064
2063
2055
2043
2043
2038
2059
2055
2045
2035
2025
2027
2031
2038
2051
2043
2053
2053
2044
2027
2014
2003
1995
1988
1979
1966
1941
1927
1923
1905
1902
1905
1896
1915
1909
1911
1903
1907
1900
1893
1894
1895
1927
1962
1980
2002
2047
2079
2090
2109
2124
2137
2144
2157
2166
2155
2155
2152
2164
2145
2130
2122
2116
2123
2141
2140
2158
2179
2193
2214
2215
2215
2216
2209
2194
2193
2184
2178
2179
2182
2179
2192
2206
2206
2211
2208
2209
2206
2210
2214
2208
2201
2194
2190
2186
2186
2181
2179
2182
2200
2215
2209
2205
2203
2198
2184
2178
2167
2156
2145
2150
2144
2147
2173
2188
2190
2189
2198
2194
2185
2188
2183
2179
2155
2155
2134
2140
2150
2138
2132
2139
2158
2163
2166
2167
2167
2175
2178
2199
2214
2219
2212
2208
2201
2199
2216
2208
2220
2218
2212
2204
2206
2199
2179
2172
2156
2147
2139
2124
2122
2123
2124
2122
2133
2141
2145
2130
2134
2138
2148
2129
2145
2144
2153
2157
2172
2168
2169
2177
2190
2194
2198
2206
2198
2189
2171
2164
2162
2156
2138
2136
2138
2138
2133
2141
2138
2122
2105
2102
2086
2072
2048
2035
2025
2030
2031
2022
2027
2028
2039
2068
2070
2082
2092
2111
2119
2126
2143
2151
2154
2149
2162
2156
2163
2170
2178
2187
2200
2206
2222
2240
2232
2237
2237
2251
2255
2233
2229
2231
2219
2200
2194
2207
2222
2223
2229
2221
2223
2222
2233
2230
2219
2222
2228
2211
2211
2184
2192
2176
2161
2160
2157
2167
2170
2155
2156
2163
2178
2183
2184
2174
2166
2155
2153
2140
2118
2117
2106
2106
2089
2066
2040
2026
2011
2004
1995
2001
1995
2020
2038
2056
2054
2056
2077
2084
2101
2111
2123
2156
2182
2189
2189
2195
2181
2182
2176
2179
2167
2153
2156
2151
2126
2107
2077
2049
2048
2031
2029
2024
2021
2015
2023
2021
2026
2029
2060
2064
2066
2043
2040
2053
2059
2072
2080
2086
2085
2084
2086
2098
2100
2081
2075
2062
2073
2071
2076
2081
2084
2077
2063
2052
2050
2059
2065
2069
2058
2048
2043
2032
2026
2018
2018
2003
2003
2007
2001
2030
2054
2070
2088
2093
2114
2121
2113
2109
2097
2087
2067
2043
2025
1996
1984
1971
1960
1963
1953
1971
1971
1969
1965
1957
1963
1949
1943
1933
1926
1925
1923
1921
1920
1920
1923
1914
1900
1883
1859
1831
1817
1818
1807
1801
1792
1789
1795
1797
1816
1817
1824
1843
1845
1857
1856
1858
1861
1867
1879
1897
1899
1903
1908
1897
1883
1885
1858
1828
1833
1855
1872
1890
1892
1878
1883
1892
1905
1926
1939
1956
1953
1955
1945
1918
1916
1897
1877
1855
1835
1819
1819
1797
1803
1814
1820
1829
1841
1848
1864
1883
1892
1910
1930
1944
1956
1960
1976
1961
1953
1946
1928
1903
1875
1852
1832
1823
1811
1812
1811
1823
1814
1818
1811
1797
1793
1790
1783
1791
1805
1839
1845
1862
1863
1862
1865
1882
1891
1912
1912
1904
1907
1902
1880
1867
1852
1848
1837
1822
1801
1792
1801
1799
1801
1793
1788
1807
1830
1841
1862
1850
1857
1854
1852
1829
1827
1812
1815
1817
1831
1846
1870
1884
1909
1911
1914
1920
1918
1913
1908
1901
1889
1875
1867
1867
1878
1890
1906
1935
1941
1945
1952
1953
1959
1961
1961
1965
1986
1988
1986
1982
1987
1995
2004
2014
2014
2009
2002
2003
1985
2002
2017
2020
2005
2011
2004
2000
2007
2011
1999
1997
1986
1973
1966
1968
1972
1977
1976
1978
1990
2000
2014
2028
2031
2035
2038
2035
2037
2007
1982
1971
1918
1866
1828
1802
1791
1773
1759
1759
1760
1775
1803
1835
1852
1864
1876
1880
1888
1893
1883
1866
1860
1875
1889
1893
1903
1906
1916
1950
1934
1921
1914
1914
1922
1910
1909
1908
1914
1917
1935
1938
1923
1929
1944
1949
1954
1952
1952
1945
1943
1948
1950
1949
1950
1955
1958
1972
2006
2020
2026
2044
2036
2037
2061
2064
2062
2052
2042
2026
2015
1992
1972
1959
1950
1948
1950
1975
1983
1991
2020
2035
2055
2059
2076
2073
2095
2084
2071
2056
2037
2048
2052
2031
2023
2028
2019
2012
1996
1979
1961
1956
1949
1962
1969
1986
1990
1995
1998
1991
1995
1998
2003
1995
1984
1999
2026
2064
2067
2065
2068
2062
2039
2019
1997
1983
1981
1958
1960
1973
1992
2013
2031
2032
2023
2020
2024
2022
2022
2015
2021
2030
2038
2055
2075
2092
2113
2095
2095
2086
2071
2063
2050
2033
2037
2043
2046
2046
2059
2068
2081
2096
2087
2080
2074
2065
2043
2030
2025
2031
2022
2012
2006
2001
1996
1989
1984
2000
2013
2035
2040
2050
2053
2078
2088
2094
2083
2073
2059
2031
2020
2006
1991
2004
2016
2028
2035
2061
2065
2078
2085
2083
2089
2092
2089
2098
2094
2097
2114
2129
2118
2098
2089
2078
2059
2048
2042
2045
2053
2042
2043
2058
2074
2084
2108
2118
2114
2131
2130
2124
2116
2081
2072
2059
2046
2032
2040
2022
2028
2024
2028
2031
2048
2048
2025
2002
1997
1986
1995
1998
1978
1974
1962
1979
2013
2033
2042
2056
2079
2095
2117
2136
2159
2166
2168
2167
2161
2167
2146
2154
2139
2135
2141
2145
2138
2137
2112
2088
2086
2089
2101
2116
2136
2146
2156
2179
2188
2199
2216
2229
2242
2239
2230
2209
2199
2179
2169
2143
2139
2131
2128
2149
2147
2142
2148
2157
2170
2175
2175
2143
2149
2148
2146
2132
2124
2121
2112
2112
2126
2152
2173
2171
2179
2205
2239
2255
2268
2275
2270
2266
2274
2282
2274
2274
2266
2259
2255
2267
2277
2282
2277
2271
2254
2246
2241
2231
2231
2245
2257
2253
2242
2202
2185
2188
2193
2202
2198
2203
2195
2186
2188
2187
2203
2196
2180
2172
2198
2196
2205
2211
2230
2227
2219
2218
2220
2211
2223
2242
2249
2261
2245
2264
2268
2270
2273
2277
2286
2306
2300
2287
2282
2280
2274
2283
2269
2259
2253
2255
2256
2271
2281
2297
2295
2289
2278
2263
2246
2243
2246
2245
2259
2272
2282
2282
2300
2293
2306
2304
2305
2310
2310
2308
2306
2292
2277
2262
2260
2259
2263
2275
2284
2294
2300
2307
2305
2303
2286
2262
2255
2234
2229
2210
2214
2207
2201
2198
2203
2194
2197
2210
2219
2215
2233
2249
2249
2246
2252
2248
2226
2198
2177
2151
2126
2115
2114
2116
2114
2126
2130
2144
2147
2137
2145
2151
2149
2155
2174
2186
2198
2203
2213
2220
2227
2219
2205
2192
2163
2143
2137
2141
2120
2132
2144
2130
2125
2124
2118
2113
2101
2096
2107
2108
2105
2113
2121
2139
2149
2167
2172
2198
2192
2203
2203
2202
2186
2186
2180
2167
2167
2151
2131
2124
2122
2106
2093
2094
2092
2099
2108
2114
2119
2135
2134
2126
2125
2099
2087
2073
2055
2031
2027
2030
2029
2015
2010
2008
2011
2021
2014
2012
2022
2010
1994
1979
1974
1983
1990
2009
2025
2042
2060
2065
2080
2070
2078
2077
2082
2085
2086
2102
2096
2109
2096
2084
2085
2072
2063
2071
2067
2071
2079
2085
2081
2095
2085
2083
2092
2107
2104
2094
2108
2107
2103
2115
2114
2110
2101
2086
2079
2056
2041
2026
2012
1996
1983
1972
1972
1958
1943
1933
1932
1931
1938
1943
1955
1968
1987
1995
2017
2033
2050
2050
2051
2057
2064
2062
2051
2027
2006
1974
1969
1940
1926
1911
1914
1898
1892
1907
1911
1904
1913
1909
1907
1917
1907
1900
1890
1877
1875
1862
1867
1869
1864
1869
1869
1882
1886
1901
1907
1913
1913
1935
1935
1921
1901
1887
1873
1867
1852
1844
1846
1856
1839
1828
1821
1825
1832
1829
1824
1804
1778
1756
1733
1730
1728
1723
1736
1731
1727
1748
1795
1829
1855
1899
1928
1940
1937
1940
1939
1932
1933
1921
1929
1913
1907
1922
1920
1917
1907
1908
1887
1875
1859
1838
1829
1837
1826
1832
1840
1845
1836
1844
1845
1828
1803
1782
1763
1743
1746
1755
1776
1777
1787
1806
1831
1844
1843
1852
1841
1822
1802
1763
1749
1732
1716
1714
1727
1748
1759
1773
1787
1788
1796
1809
1816
1821
1828
1836
1852
1849
1851
1847
1835
1812
1787
1773
1759
1761
1772
1767
1775
1786
1816
1853
1877
1903
1924
1939
1933
1944
1932
1908
1876
1857
1829
1817
1806
1806
1815
1843
1871
1900
1912
1934
1937
1927
1925
1907
1899
1872
1861
1861
1845
1837
1826
1820
1805
1813
1849
1874
1875
1880
1873
1883
1889
1896
1915
1923
1927
1931
1930
1921
1932
1925
1924
1900
1888
1886
1908
1929
1956
1983
2018
2040
2080
2090
2103
2107
2118
2108
2113
2121
2119
2110
2112
2109
2108
2097
2112
2118
2140
2136
2150
2170
2169
2184
2198
2215
2222
2236
2230
2232
2220
2193
2193
2187
2182
2169
2170
2184
2175
2183
2196
2202
2198
2210
2216
2227
2234
2242
2235
2234
2232
2227
2230
2239
2248
2256
2254
2256
2265
2280
2279
2259
2262
2252
2255
2259
2267
2278
2291
2320
2335
2331
2329
2320
2315
2316
2307
2293
2295
2289
2292
2307
2316
2328
2335
2336
2338
2338
2337
2328
2320
2315
2318
2333
2340
2316
2316
2319
2316
2314
2310
2302
2294
2291
2290
2288
2290
2277
2294
2294
2280
2272
2272
2269
2267
2252
2240
2236
2230
2232
2212
2209
2211
2211
2211
2200
2201
2203
2210
2218
2211
2207
2208
2222
2235
2248
2254
2271
2281
2293
2292
2274
2275
2263
2254
2243
2230
2233
2231
2243
2252
2257
2268
2267
2270
2258
2232
2219
2202
2181
2188
2194
2201
2203
2206
2231
2248
2259
2271
2262
2255
2248
2243
2220
2223
2216
2213
2206
2208
2207
2203
2199
2210
2206
2211
2233
2239
2240
2227
2217
2204
2181
2183
2179
2172
2166
2171
2163
2161
2197
2221
2235
2239
2236
2240
2239
2245
2237
2224
2221
2234
2230
2229
2234
2254
2256
2255
2262
2268
2257
2245
2231
2212
2212
2206
2204
2200
2183
2178
2161
2172
2189
2202
2206
2213
2228
2237
2227
2220
2221
2221
2218
2229
2226
2219
2207
2193
2183
2167
2153
2142
2114
2085
2084
2076
2083
2103
2128
2129
2127
2118
2127
2142
2129
2134
2144
2148
2150
2165
2188
2188
2178
2188
2193
2186
2178
2156
2141
2127
2109
2097
2111
2123
2127
2126
2134
2134
2127
2125
2129
2139
2133
2141
2134
2131
2122
2141
2154
2160
2165
2184
2197
2193
2200
2210
2221
2216
2206
2211
2190
2178
2151
2128
2100
2075
2065
2079
2076
2083
2108
2124
2139
2141
2150
2158
2167
2175
2182
2175
2180
2180
2162
2163
2170
2157
2166
2159
2173
2161
2152
2161
2167
2169
2157
2152
2163
2166
2186
2194
2201
2188
2183
2184
2194
2196
2206
2229
2242
2251
2262
2256
2264
2274
2286
2274
2260
2253
2251
2259
2246
2234
2209
2204
2196
2185
2174
2182
2173
2164
2171
2174
2185
2192
2199
2207
2212
2222
2216
2236
2235
2239
2225
2215
2230
2238
2255
2246
2254
2253
2266
2270
2261
2249
2236
2221
2198
2182
2181
2166
2156
2150
2147
2134
2130
2108
2107
2118
2115
2116
2114
2109
2122
2138
2146
2150
2139
2129
2134
2133
2131
2136
2136
2155
2182
2185
2199
2211
2232
2242
2246
2249
2241
2227
2217
2201
2182
2165
2149
2129
2131
2140
2142
2146
2147
2134
2131
2143
2152
2151
2141
2128
2119
2126
2132
2137
2136
2160
2159
2159
2159
2143
2139
2125
2125
2123
2118
2125
2119
2120
2116
2122
2106
2107
2101
2099
2093
2089
2081
2083
2099
2114
2118
2128
2147
2152
2142
2108
2101
2105
2101
2088
2086
2085
2081
2104
2105
2095
2098
2100
2118
2121
2112
2112
2100
2102
2107
2085
2065
2046
2033
2035
2034
2030
2034
2032
2046
2050
2066
2073
2084
2076
2074
2073
2068
2064
2066
2063
2060
2037
2020
2005
2002
2001
2009
2017
2032
2041
2050
2053
2086
2076
2103
2112
2107
2117
2097
2089
2059
2043
2038
2003
1994
1983
1980
1977
1981
1992
1996
1991
2012
2030
2032
2039
2061
2072
2056
2053
2060
2071
2056
2059
2059
2091
2083
2085
2091
2095
2097
2093
2090
2098
2082
2082
2069
2081
2062
2067
2043
2042
2034
2043
2054
2058
2049
2040
2039
2037
2028
2024
2018
2031
2053
2064
2059
2058
2061
2054
2039
2017
2005
1994
1991
1993
2010
2012
2033
2035
2061
2079
2092
2103
2104
2107
2111
2107
2099
2086
2078
2069
2079
2076
2076
2074
2062
2074
2091
2112
2125
2144
2155
2167
2165
2158
2174
2169
2162
2165
2171
2183
2168
2173
2172
2161
2158
2160
2147
2137
2126
2107
2081
2079
2070
2066
2067
2071
2064
2064
2088
2100
2100
2107
2102
2089
2080
2060
2036
2035
2042
2036
2028
2037
2026
2027
2044
2051
2035
2029
2019
2017
2030
2028
2034
2033
2039
2035
2020
2011
2005
1997
1986
1984
1975
1997
2000
2008
2002
1994
1987
1974
1964
1946
1945
1930
1937
1930
1927
1931
1931
1942
1932
1928
1925
1891
1860
1842
1821
1809
1807
1813
1803
1811
1850
1865
1879
1905
1929
1937
1960
1982
1971
1977
1978
1979
1967
1961
1955
1930
1914
1893
1885
1887
1879
1880
1903
1921
1941
1960
1980
1996
1986
1995
2008
1999
1990
1981
1971
1968
1973
1973
1984
1977
1959
1940
1918
1923
1930
1928
1915
1929
1935
1936
1926
1920
1918
1915
1911
1907
1918
1950
1968
1975
1986
2000
2007
2027
2052
2061
2063
2064
2051
2049
2044
2025
2016
2004
1988
1991
1986
1985
1999
2014
2023
2027
2038
2051
2043
2038
2036
2038
2033
2033
2041
2058
2070
2068
2067
2069
2075
2069
2080
2082
2090
2099
2094
2072
2047
2044
2042
2027
2023
2019
2014
2024
2041
2032
2022
2026
2031
2051
2057
2052
2042
2038
2026
2034
2023
2038
2029
2035
2041
2058
2064
2085
2097
2110
2111
2106
2111
2123
2114
2107
2083
2090
2091
2100
2097
2091
2071
2062
2055
2051
2037
2022
2007
1995
1983
1989
1971
1959
1962
1981
2014
2040
2061
2087
2116
2124
2147
2165
2181
2182
2168
2169
2177
2174
2161
2142
2141
2127
2116
2082
2053
2006
1979
1955
1942
1931
1928
1927
1938
1954
1984
2010
2036
2041
2042
2048
2052
2055
2070
2087
2106
2119
2125
2129
2138
2154
2170
2179
2179
2183
2190
2221
2232
2234
2228
2220
2212
2222
2222
2222
2233
2228
2233
2224
2211
2198
2196
2192
2178
2146
2126
2111
2111
2116
2120
2146
2168
2150
2147
2146
2151
2150
2155
2147
2165
2155
2156
2140
2136
2131
2126
2121
2115
2108
2116
2129
2137
2140
2120
2119
2110
2113
2100
2114
2121
2127
2133
2130
2125
2125
2124
2126
2110
2117
2109
2109
2118
2134
2159
2168
2162
2151
2139
2123
2111
2093
2091
2070
2063
2051
2038
2045
2062
2060
2078
2083
2094
2105
2112
2117
2134
2137
2128
2120
2107
2090
2074
2063
2049
2049
2048
2056
2057
2044
2017
2007
1995
2009
2017
2028
2031
2027
2034
2057
2058
2074
2066
2072
2074
2081
2079
2091
2092
2115
2123
2118
2137
2128
2125
2134
2139
2148
2147
2139
2132
2131
2140
2153
2151
2140
2130
2133
2143
2141
2137
2123
2115
2107
2108
2108
2122
2116
2122
2115
2120
2115
2128
2126
2127
2131
2145
2161
2170
2171
2181
2183
2188
2183
2205
2210
2228
2238
2251
2243
2220
2217
2209
2196
2176
2174
2164
2177
2174
2161
2150
2146
2138
2131
2132
2136
2126
2122
2115
2115
2109
2115
2104
2110
2127
2134
2129
2151
2158
2182
2192
2209
2222
2230
2235
2246
2244
2240
2251
2263
2276
2242
2236
2241
2246
2236
2225
2219
2232
2229
2233
2228
2240
2240
2246
2251
2250
2240
2245
2236
2227
2220
2216
2206
2207
2190
2175
2158
2150
2136
2131
2105
2105
2104
2109
2104
2094
2079
2082
2068
2051
2048
2054
2035
2026
2009
2014
2006
2041
2049
2063
2074
2091
2093
2074
2067
2052
2053
2037
2011
1994
1993
2003
2018
2023
2044
2049
2066
2076
2093
2102
2116
2139
2136
2124
2118
2108
2106
2103
2100
2108
2108
2106
2115
2125
2121
2120
2118
2116
2117
2127
2128
2132
2135
2142
2139
2134
2127
2118
2096
2079
2081
2079
2099
2096
2102
2107
2115
2116
2111
2118
2101
2089
2073
2051
2028
1999
1976
1952
1922
1883
1876
1872
1886
1908
1930
1944
1960
1961
1978
1978
1971
1967
1967
1971
1976
1969
1957
1943
1937
1948
1951
1971
1985
1972
1964
1970
1977
1975
1983
1989
1984
1990
1976
1964
1947
1941
1939
1940
1933
1930
1934
1954
1968
1992
2000
2001
2005
1997
1993
1994
1988
1990
1987
1979
1963
1963
1972
1963
1935
1911
1893
1882
1856
1842
1826
1816
1831
1851
1851
1857
1879
1889
1913
1928
1946
1965
2003
2008
2030
2049
2068
2059
2042
2021
2012
1992
1988
1969
1979
1974
1968
1977
1996
1982
1989
1995
1990
1992
2007
2014
2023
2033
2053
2070
2077
2061
2039
2046
2051
2046
2063
2068
2065
2073
2080
2084
2092
2084
2070
2051
2029
2019
2008
2006
1995
1983
1978
1978
1971
1975
1973
1980
1977
1983
1992
2006
2013
2013
2015
2051
2052
2058
2069
2094
2101
2099
2111
2120
2132
2127
2102
2085
2089
2086
2088
2093
2103
2117
2148
2167
2184
2187
2190
2205
2196
2190
2183
2178
2171
2166
2153
2134
2148
2167
2190
2220
2233
2247
2253
2264
2275
2286
2299
2306
2299
2289
2295
2300
2296
2302
2311
2311
2298
2304
2304
2289
2277
2252
2236
2212
2182
2171
2179
2175
2176
2174
2163
2172
2185
2199
2208
2203
2195
2206
2199
2189
2178
2177
2186
2186
2179
2171
2187
2196
2200
2191
2202
2199
2198
2206
2201
2208
2212
2209
2203
2197
2204
2203
2203
2195
2207
2214
2202
2208
2214
2228
2241
2240
2238
2216
2205
2208
2203
2208
2214
2209
2204
2204
2203
2207
2195
2189
2181
2166
2173
2179
2161
2169
2169
2192
2196
2191
2177
2161
2151
2154
2151
2146
2152
2184
2199
2200
2219
2218
2211
2206
2205
2226
2218
2217
2216
2217
2221
2241
2247
2249
2261
2255
2253
2258
2275
2281
2268
2252
2253
2243
2252
2249
2259
2249
2247
2243
2255
2251
2253
2244
2249
2243
2243
2238
2245
2242
2238
2231
2227
2199
2193
2182
2187
2191
2188
2190
2179
2176
2178
2172
2158
2154
2136
2127
2118
2136
2126
2135
2140
2162
2166
2164
2162
2160
2151
2154
2150
2145
2145
2150
2143
2128
2100
2088
2066
2066
2059
2061
2072
2083
2094
2106
2113
2109
2105
2126
2132
2126
2117
2092
2077
2068
2062
2053
2063
2072
2056
2056
2059
2050
2055
2062
2058
2069
2081
2083
2095
2098
2093
2094
2085
2081
2075
2063
2043
2027
2038
2059
2066
2069
2056
2053
2042
2029
2018
2023
2009
2009
2014
2018
2018
2028
2034
2035
2046
2050
2035
2030
2034
2027
2008
2006
2007
2009
2003
2011
2016
2004
2008
2023
2039
2043
2061
2083
2103
2097
2103
2095
2091
2091
2099
2099
2113
2120
2122
2119
2107
2103
2103
2092
2079
2062
2057
2047
2050
2066
2070
2073
2075
2068
2061
2051
2052
2046
2035
2024
2008
1984
1976
1968
1945
1908
1882
1851
1840
1818
1810
1815
1796
1811
1833
1843
1848
1861
1865
1875
1864
1875
1895
1901
1894
1893
1880
1886
1880
1899
1899
1902
1916
1928
1925
1927
1934
1945
1940
1943
1923
1903
1890
1864
1854
1859
1854
1855
1860
1845
1855
1867
1871
1873
1876
1874
1867
1848
1835
1811
1794
1783
1782
1787
1815
1845
1886
1906
1932
1942
1951
1957
1964
1969
1987
1989
1979
1966
1963
1955
1954
1958
1939
1925
1900
1890
1879
1854
1860
1857
1854
1850
1841
1832
1827
1825
1811
1822
1836
1842
1853
1870
1870
1882
1885
1902
1900
1899
1903
1910
1914
1926
1926
1909
1893
1886
1883
1893
1898
1888
1883
1879
1867
1871
1868
1834
1820
1811
1805
1792
1790
1806
1813
1801
1795
1801
1802
1808
1818
1817
1809
1798
1799
1798
1791
1807
1823
1831
1837
1839
1848
1861
1876
1865
1864
1859
1861
1863
1876
1899
1899
1903
1911
1904
1908
1912
1924
1928
1943
1953
1971
1982
1985
1965
1946
1949
1945
1934
1930
1920
1910
1899
1898
1886
1871
1874
1873
1885
1896
1898
1913
1925
1942
1961
1970
1977
1977
1965
1961
1932
1915
1893
1876
1855
1852
1841
1851
1847
1851
1843
1841
1833
1836
1825
1817
1811
1808
1813
1827
1815
1804
1796
1794
1809
1812
1817
1824
1821
1810
1822
1825
1835
1835
1847
1855
1876
1884
1905
1911
1945
1948
1979
1999
2032
2043
2042
2047
2066
2052
2051
2027
2013
1987
1973
1961
1947
1933
1930
1916
1906
1908
1912
1908
1913
1922
1929
1953
1964
1961
1969
1987
2000
2002
1998
1991
1966
1953
1913
1873
1839
1804
1777
1767
1765
1780
1770
1767
1786
1809
1842
1876
1892
1914
1923
1953
1974
1988
2001
2012
2008
2015
2017
2028
2029
2035
2025
2033
2027
2052
2077
2091
2097
2090
2091
2098
2109
2099
2097
2095
2092
2081
2075
2079
2080
2090
2091
2076
2056
2047
2045
2033
2023
2010
2012
2010
2011
2013
2028
2035
2045
2042
2019
2032
2038
2040
2062
2067
2063
2068
2073
2066
2060
2053
2031
2017
1993
1967
1945
1922
1916
1906
1901
1895
1891
1897
1895
1910
1923
1915
1915
1922
1935
1950
1957
1965
1964
1995
1996
2006
2025
2047
2069
2063
2070
2087
2102
2097
2097
2092
2087
2070
2071
2076
2080
2075
2078
2075
2067
2041
2016
1987
1954
1923
1896
1877
1881
1885
1885
1891
1879
1885
1906
1912
1931
1936
1947
1957
1952
1960
1956
1969
1961
1957
1951
1958
1945
1946
1965
1981
1991
1996
2010
2027
2032
2056
2065
2060
2052
2052
2044
2050
2055
2057
2054
2061
2058
2074
2084
2098
2113
2119
2140
2150
2148
2152
2143
2136
2128
2132
2145
2141
2154
2144
2133
2144
2160
2149
2149
2144
2144
2150
2135
2111
2114
2106
2127
2106
2073
2052
2057
2042
2025
1995
1967
1952
1933
1916
1900
1898
1900
1904
1911
1929
1955
1989
1978
1994
1995
1991
1996
2008
2008
2006
2002
2005
1995
1991
1971
1966
1955
1934
1903
1898
1893
1897
1892
1887
1868
1863
1858
1866
1873
1874
1859
1845
1842
1844
1850
1863
1895
1907
1939
1970
1969
1984
2007
2018
2027
2029
2021
2036
2039
2055
2064
2079
2085
2087
2097
2104
2117
2120
2123
2123
2117
2117
2137
2126
2114
2108
2100
2089
2069
2060
2052
2032
2017
1986
1957
1956
1963
1975
1992
2020
2041
2059
2063
2059
2063
2059
2051
2039
2031
2029
2027
2047
2062
2074
2080
2087
2092
2083
2077
2076
2063
2070
2079
2072
2080
2083
2090
2091
2091
2084
2090
2094
2103
2100
2113
2123
2136
2155
2173
2181
2195
2193
2208
2192
2192
2183
2181
2188
2196
2193
2190
2184
2184
2173
2158
2143
2131
2111
2094
2074
2057
2053
2043
2059
2083
2102
2118
2119
2122
2132
2135
2134
2124
2135
2131
2132
2142
2152
2148
2142
2132
2127
2118
2118
2110
2117
2132
2148
2166
2175
2184
2188
2205
2206
2206
2208
2204
2193
2199
2211
2198
2194
2187
2180
2161
2144
2144
2143
2146
2139
2145
2147
2145
2154
2148
2137
2137
2140
2143
2153
2148
2154
2165
2173
2181
2183
2188
2195
2194
2187
2180
2178
2164
2172
2172
2186
2195
2183
2167
2156
2152
2153
2135
2111
2114
2124
2131
2135
2131
2147
2159
2147
2142
2136
2121
2119
2112
2107
2106
2103
2123
2145
2140
2133
2145
2148
2131
2110
2092
2077
2061
2068
2069
2068
2072
2086
2081
2053
2037
2032
2018
2007
2002
2008
2007
1996
1988
1994
1994
1990
1989
1982
1970
1977
1986
2005
2017
2011
2011
2007
2016
2023
2037
2047
2058
2062
2077
2102
2106
2106
2084
2087
2099
2095
2103
2099
2086
2078
2096
2101
2095
2095
2100
2096
2093
2093
2084
2084
2087
2095
2109
2120
2135
2138
2132
2142
2156
2140
2129
2110
2114
2114
2114
2104
2096
2097
2100
2113
2141
2155
2187
2193
2186
2187
2180
2189
2180
2169
2154
2148
2153
2164
2163
2158
2159
2155
2148
2145
2130
2130
2125
2113
2105
2089
2066
2075
2081
2102
2113
2142
2144
2150
2146
2145
2124
2117
2106
2086
2078
2077
2068
2052
2046
2034
2045
2059
2056
2079
2099
2106
2123
2124
2126
2128
2120
2114
2106
2091
2083
2088
2083
2088
2076
2082
2101
2114
2128
2132
2143
2145
2133
2109
2084
2079
2086
2078
2078
2097
2107
2115
2148
2149
2151
2157
2168
2161
2172
2187
2196
2209
2203
2213
2223
2226
2238
2227
2210
2195
2171
2148
2132
2123
2107
2110
2111
2113
2118
2120
2141
2153
2157
2160
2162
2174
2179
2164
2139
2123
2110
2095
2088
2073
2074
2086
2099
2117
2137
2127
2141
2158
2153
2141
2125
2116
2117
2125
2112
2103
2098
2107
2135
2145
2147
2133
2129
2126
2119
2124
2104
2088
2077
2069
2050
2047
2027
2038
2042
2031
2006
2008
1986
1970
1975
1982
1989
1997
1989
1990
1993
1988
1979
1986
1986
2002
1999
2004
2007
2015
2009
2011
2020
2027
2036
2055
2063
2058
2064
2069
2079
2082
2068
2051
2036
1997
1967
1956
1966
1976
2000
1999
2016
2040
2051
2059
2078
2079
2088
2081
2077
2084
2082
2071
2078
2067
2059
2047
2051
2053
2045
2036
2037
2039
2052
2043
2017
2009
2009
1995
1968
1937
1924
1926
1915
1902
1902
1913
1931
1942
1948
1965
1967
1966
1953
1959
1969
1978
1966
1940
1939
1944
1951
1958
1971
1975
1994
2003
2017
2029
2050
2071
2073
2075
2086
2095
2091
2101
2094
2076
2071
2064
2065
2053
2056
2052
2029
2013
2014
2000
1980
1964
1969
1971
1984
1998
2016
2050
2059
2072
2083
2089
2103
2118
2119
2128
2115
2095
2067
2065
2054
2055
2031
2001
1985
1984
1984
1991
1982
1991
1996
2003
2010
2027
2038
2062
2094
2114
2134
2159
2178
2178
2202
2216
2233
2233
2213
2215
2206
2208
2226
2232
2235
2247
2255
2263
2273
2266
2263
2262
2261
2251
2233
2230
2200
2186
2177
2174
2169
2170
2184
2197
2208
2220
2238
2232
2217
2201
2205
2207
2220
2221
2215
2229
2236
2245
2260
2274
2281
2279
2274
2273
2275
2257
2238
2231
2234
2243
2262
2250
2240
2243
2239
2243
2236
2228
2215
2216
2215
2211
2200
2216
2223
2229
2214
2195
2184
2178
2174
2174
2157
2146
2146
2138
2139
2136
2135
2132
2134
2121
2125
2134
2134
2138
2145
2152
2161
2152
2154
2170
2179
2186
2190
2180
2174
2168
2153
2140
2128
2122
2128
2132
2127
2132
2140
2154
2171
2193
2202
2212
2204
2215
2215
2225
2223
2206
2211
2202
2194
2176
2177
2174
2158
2154
2149
2140
2132
2137
2138
2135
2123
2127
2132
2154
2162
2157
2170
2167
2165
2161
2154
2155
2170
2174
2172
2175
2190
2196
2204
2214
2223
2231
2223
2232
2243
2247
2247
2252
2260
2262
2251
2254
2261
2251
2241
2226
2215
2200
2186
2198
2206
2206
2221
2227
2231
2237
2240
2235
2237
2246
2243
2240
2245
2243
2254
2251
2250
2240
2254
2259
2272
2281
2274
2282
2269
2274
2287
2281
2277
2269
2263
2270
2263
2273
2275
2269
2254
2251
2243
2224
2209
2197
2183
2172
2153
2144
2148
2152
2139
2136
2156
2167
2160
2163
2139
2147
2158
2173
2181
2199
2200
2189
2168
2158
2166
2162
2144
2154
2172
2197
2215
2214
2216
2208
2213
2201
2206
2205
2211
2223
2222
2220
2222
2223
2220
2210
2220
2217
2220
2202
2189
2172
2172
2168
2178
2181
2188
2181
2179
2171
2161
2170
2159
2156
2153
2153
2136
2138
2154
2176
2188
2202
2203
2200
2187
2194
2189
2191
2194
2217
2220
2224
2223
2220
2212
2211
2213
2212
2198
2188
2171
2147
2136
2126
2106
2086
2074
2066
2059
2060
2066
2094
2117
2130
2134
2134
2141
2137
2129
2110
2101
2091
2069
2048
2029
2022
2016
2016
2031
2028
2009
2011
2023
2031
2048
2054
2059
2073
2078
2074
2071
2087
2077
2075
2091
2100
2112
2122
2139
2141
2137
2155
2142
2135
2145
2136
2141
2145
2147
2149
2151
2168
2171
2162
2157
2161
2151
2170
2147
2143
2137
2136
2140
2142
2141
2142
2142
2143
2142
2138
2139
2139
2137
2143
2157
2150
2165
2164
2170
2147
2139
2140
2138
2123
2104
2065
2060
2029
2035
2028
2023
2008
2002
2007
2031
2032
2026
2015
2032
2033
2041
2048
2067
2054
2050
2033
2025
2025
2023
2022
2020
2006
2002
1996
2000
1993
1988
1976
1954
1956
1936
1932
1923
1915
1899
1900
1899
1903
1883
1869
1877
1903
1914
1935
1937
1955
1958
1949
1948
1933
1932
1929
1918
1909
1904
1896
1907
1907
1912
1921
1927
1908
1895
1888
1893
1890
1882
1882
1879
1883
1898
1899
1904
1929
1939
1946
1954
1949
1965
1953
1942
1951
1958
1969
1979
2011
2033
2047
2055
2049
2052
2048
2038
2028
2029
2027
2037
2041
2038
2017
1986
1983
1978
1986
1986
2001
2014
2031
2056
2064
2067
2088
2087
2091
2095
2097
2101
2115
2106
2092
2069
2056
2059
2053
2054
2049
2063
2083
2092
2098
2119
2134
2140
2131
2134
2127
2099
2085
2076
2079
2073
2057
2058
2035
2034
2034
2040
2049
2064
2085
2085
2098
2108
2112
2121
2121
2124
2115
2112
2117
2119
2124
2111
2109
2102
2102
2089
2097
2112
2119
2125
2136
2138
2142
2137
2142
2140
2134
2136
2135
2131
2120
2124
2119
2131
2155
2141
2141
2142
2141
2145
2145
2143
2140
2121
2112
2105
2082
2071
2064
2036
2013
1999
2001
2011
2038
2056
2060
2060
2056
2066
2066
2065
2063
2039
2023
2029
2030
2032
2041
2056
2068
2069
2089
2110
2116
2119
2112
2119
2121
2110
2092
2075
2071
2070
2046
2029
2026
2030
2033
2035
2021
2004
2001
2000
2001
2000
1990
1977
1962
1969
1963
1964
1968
1972
1967
1949
1957
1953
1955
1940
1918
1913
1920
1940
1949
1963
1957
1951
1949
1960
1953
1936
1914
1901
1892
1893
1902
1902
1900
1893
1894
1891
1894
1892
1887
1882
1877
1875
1876
1867
1877
1906
1944
1979
2002
2021
2039
2046
2045
2042
2051
2057
2064
2054
2059
2080
2094
2112
2122
2129
2150
2144
2164
2172
2180
2195
2208
2211
2207
2197
2201
2195
2192
2191
2181
2159
2135
2108
2083
2057
2031
2009
2008
2004
2001
1992
2003
2026
2034
2064
2077
2092
2103
2115
2120
2122
2117
2110
2091
2080
2059
2059
2073
2084
2087
2098
2100
2099
2118
2132
2130
2128
2137
2154
2151
2152
2159
2193
2200
2202
2201
2211
2204
2198
2204
2208
2228
2235
2246
2254
2255
2255
2261
2259
2260
2265
2253
2251
2247
2245
2249
2269
2275
2265
2277
2287
2293
2292
2287
2294
2291
2287
2273
2250
2224
2202
2193
2182
2177
2184
2173
2169
2173
2173
2193
2197
2213
2215
2231
2221
2220
2217
2214
2198
2180
2168
2156
2155
2163
2151
2140
2147
2158
2148
2162
2163
2168
2152
2128
2120
5835
2300
2263
2259
2265
2292
2336
2373
2398
2415
2423
2406
2377
2324
2279
2203
2175
2157
2156
2167
2207
2243
2294
2338
2387
2411
2427
2432
2436
2427
2443
2468
2488
2509
2522
2525
2545
2551
2552
2545
2541
2544
2532
2532
2524
2498
2476
2439
2419
2408
2378
2352
2310
2275
2246
2243
2261
2275
2305
2340
2364
2395
2420
2435
2466
2483
2494
2468
2409
2354
2291
2257
2223
2229
2250
2283
2311
2353
2407
2454
2498
2516
2510
2509
2512
2512
2532
2533
2510
2490
2448
2379
2326
2283
2228
2217
2210
2210
2254
2310
2347
2379
2408
2425
2450
2449
2447
2419
2417
2416
2414
2417
2426
2439
2463
2442
2399
2339
2278
2234
2214
2207
2187
2153
2121
2090
2105
2153
2211
2258
2268
2272
2281
2298
2307
2308
2295
2301
2318
2320
2264
2236
2234
2259
2290
2304
2309
2353
2381
2432
2437
2433
2434
2464
2482
2514
2519
2503
2456
2407
2377
2356
2332
2327
2334
2334
2340
2344
2333
2339
2352
2350
2354
2354
2347
2307
2255
2226
2192
2139
2114
2103
2114
2114
2123
2114
2122
2184
2231
2260
2268
2293
2312
2309
2292
2263
2236
2197
2161
2130
2102
2083
2064
2054
2058
2052
2043
2021
2005
2008
2007
2021
2022
1995
1975
1931
1873
1808
1768
1750
1751
1750
1779
1824
1920
2011
2080
2111
2135
2146
2153
2151
2140
2121
2119
2107
2119
2121
2142
2154
2164
2171
2213
2270
2296
2311
2316
2316
2330
2335
2351
2353
2323
2260
2213
2166
2149
2112
2089
2046
2022
2027
2038
2060
2072
2066
2060
2040
2008
1988
1952
1953
1969
2005
2030
2075
2100
2139
2161
2187
2201
2223
2236
2262
2257
2247
2209
2190
2160
2154
2126
2153
2156
2192
2232
2279
2263
2207
2141
2080
2025
1975
1932
1921
1905
1922
1937
1996
2036
2069
2093
2087
2058
2055
2045
2051
2053
2094
2111
2168
2210
2259
2303
2338
2325
2286
2239
2201
2172
2143
2111
2107
2097
2080
2068
2026
1978
1944
1922
1887
1875
1876
1922
1975
2012
2056
2086
2111
2118
2083
2066
2051
2026
2006
1975
1977
2008
2031
2081
2124
2166
2206
2253
2290
2283
2241
2204
2168
2142
2105
2077
2057
2059
2076
2090
2104
2111
2104
2092
2084
2062
2032
2008
2013
2015
2004
1992
1995
2024
2083
2122
2124
2153
2165
2170
2182
2159
2117
2085
2052
2036
2056
2095
2168
2224
2258
2283
2316
2355
2365
2354
2368
2383
2406
2416
2406
2383
2351
2296
2227
2192
2155
2133
2126
2128
2141
2160
2203
2225
2248
2284
2306
2346
2365
2384
2384
2377
2386
2395
2383
2361
2334
2305
2293
2292
2284
2279
2291
2287
2257
2241
2199
2165
2113
2076
2057
2052
2058
2069
2072
2048
2028
2024
2034
2035
2059
2084
2113
2126
2115
2111
2129
2148
2173
2156
2124
2054
1991
1935
1916
1915
1941
1994
2077
2135
2188
2206
2211
2195
2200
2190
2183
2171
2181
2194
2227
2287
2341
2366
2370
2354
2344
2316
2286
2244
2220
2220
2244
2283
2315
2310
2311
2308
2308
2308
2309
2300
2270
2220
2172
2138
2119
2116
2122
2116
2100
2107
2117
2134
2158
2189
2235
2295
2323
2365
2370
2374
2335
2288
2217
2174
2123
2110
2108
2126
2111
2115
2113
2106
2094
2098
2096
2094
2088
2086
2062
2041
2014
2009
1983
1976
1955
1961
1957
1983
2010
2030
2031
2029
2018
2036
2039
2056
2038
2025
2016
2003
1976
1971
1958
1953
1937
1931
1902
1906
1890
1873
1864
1878
1917
1950
1957
1995
2024
2063
2078
2071
2071
2054
2059
2069
2098
2125
2146
2137
2103
2057
2010
1934
1861
1791
1735
1713
1723
1747
1781
1821
1876
1915
1986
2029
2045
2024
2033
2034
2046
2042
2051
2046
2041
2048
2045
2035
2022
1975
1914
1857
1808
1792
1801
1801
1831
1859
1935
1996
2056
2109
2136
2144
2138
2105
2075
2063
2065
2054
2024
2008
1996
1980
1971
1999
2036
2065
2089
2127
2135
2122
2087
2047
2011
1971
1911
1872
1859
1835
1806
1798
1765
1761
1759
1767
1771
1786
1806
1809
1774
1747
1725
1732
1753
1814
1906
1983
2045
2119
2201
2254
2298
2342
2372
2380
2399
2399
2373
2356
2358
2350
2326
2290
2249
2212
2192
2207
2249
2280
2321
2349
2376
2403
2430
2431
2423
2410
2368
2340
2319
2290
2277
2284
2294
2311
2333
2354
2357
2359
2342
2314
2294
2292
2285
2282
2260
2233
2224
2218
2220
2238
2279
2295
2329
2336
2325
2287
2260
2231
2178
2153
2148
2140
2137
2149
2176
2210
2256
2278
2288
2279
2270
2256
2254
2233
2210
2182
2158
2136
2134
2127
2130
2140
2191
2218
2235
2239
2251
2271
2292
2298
2331
2356
2359
2339
2316
2304
2320
2331
2323
2303
2306
2301
2287
2261
2216
2175
2147
2128
2091
2065
2043
2050
2058
2088
2127
2143
2151
2168
2189
2195
2173
2160
2161
2190
2204
2222
2256
2300
2312
2332
2336
2328
2331
2337
2347
2344
2318
2279
2219
2173
2158
2157
2165
2179
2189
2190
2180
2150
2110
2073
2030
1959
1905
1865
1852
1848
1856
1862
1891
1915
1948
1976
2054
2104
2147
2163
2191
2222
2254
2271
2274
2280
2275
2279
2311
2316
2327
2346
2363
2388
2406
2447
2471
2484
2497
2487
2470
2455
2402
2384
2359
2342
2303
2300
2308
2346
2351
2376
2362
2362
2367
2346
2323
2324
2302
2299
2272
2243
2200
2176
2152
2145
2130
2137
2163
2188
2200
2218
2222
2237
2255
2256
2256
2260
2245
2210
2141
2082
2077
2059
2031
1970
1899
1847
1819
1796
1780
1791
1835
1877
1925
1953
2000
2002
2022
2049
2091
2131
2195
2242
2337
2377
2405
2401
2376
2342
2304
2261
2223
2210
2208
2178
2139
2091
2027
1955
1885
1862
1855
1859
1845
1847
1867
1908
1951
1998
2028
2044
2043
2028
1982
1971
1981
2024
2077
2118
2119
2122
2122
2135
2127
2108
2086
2068
2051
2054
2061
2079
2087
2079
2067
2047
2036
2037
2042
2046
2046
2039
2030
2019
1986
1948
1913
1893
1893
1922
1961
1985
2037
2076
2118
2168
2212
2232
2226
2204
2180
2151
2113
2053
1943
1861
1807
1752
1742
1748
1759
1784
1824
1828
1804
1784
1803
1827
1817
1801
1791
1756
1749
1767
1784
1787
1767
1748
1719
1710
1672
1625
1577
1555
1542
1519
1501
1492
1489
1513
1562
1608
1623
1639
1678
1723
1758
1753
1735
1743
1767
1815
1864
1867
1854
1829
1805
1789
1755
1691
1638
1632
1663
1708
1729
1742
1757
1772
1802
1843
1892
1928
1961
1967
1949
1927
1856
1815
1758
1712
1647
1600
1559
1519
1487
1521
1582
1645
1689
1723
1748
1801
1863
1909
1952
1984
2004
2026
2061
2055
1999
1935
1867
1799
1732
1667
1612
1566
1547
1550
1551
1569
1595
1617
1637
1623
1579
1551
1560
1576
1635
1697
1764
1796
1811
1820
1832
1841
1864
1878
1895
1899
1900
1885
1867
1827
1805
1763
1727
1685
1619
1573
1548
1568
1579
1585
1601
1633
1681
1722
1755
1793
1784
1788
1783
1780
1737
1716
1685
1702
1711
1746
1779
1848
1917
1959
1947
1937
1925
1922
1896
1871
1814
1797
1797
1805
1815
1856
1900
1936
1952
1979
1999
2011
2021
2011
1998
2005
2020
2032
2047
2057
2078
2080
2091
2084
2086
2070
2045
2022
2033
2041
2079
2088
2097
2077
2041
2011
2007
2004
2010
1999
1982
1953
1935
1914
1910
1917
1939
1933
1958
1992
2027
2057
2089
2115
2137
2140
2089
2039
1971
1879
1786
1661
1531
1438
1351
1320
1303
1330
1362
1418
1475
1557
1668
1755
1789
1809
1808
1799
1765
1729
1707
1721
1743
1787
1812
1843
1882
1907
1929
1933
1911
1869
1839
1818
1799
1789
1794
1832
1877
1886
1868
1855
1865
1894
1914
1923
1905
1883
1866
1866
1876
1869
1870
1877
1922
1963
2015
2057
2106
2143
2161
2165
2138
2114
2116
2107
2083
2038
1987
1971
1931
1891
1854
1824
1822
1845
1913
1967
2024
2074
2113
2156
2176
2183
2149
2145
2126
2116
2104
2100
2089
2060
2015
1983
1960
1933
1921
1869
1831
1797
1787
1800
1851
1916
1956
1977
1976
1979
1981
1950
1931
1917
1918
1930
1999
2075
2158
2196
2192
2157
2100
2041
1958
1889
1832
1824
1842
1871
1905
1965
2027
2075
2108
2090
2049
2041
2008
2003
2018
2043
2085
2127
2161
2197
2229
2264
2246
2227
2159
2127
2104
2058
2030
2020
2034
2076
2102
2126
2140
2160
2173
2139
2125
2105
2083
2041
2031
2019
2013
1981
1962
1940
1922
1884
1875
1881
1927
1979
2037
2072
2120
2139
2180
2196
2203
2152
2101
2064
1989
1948
1929
1926
1952
1977
2014
2046
2096
2154
2173
2185
2196
2195
2191
2181
2205
2218
2231
2253
2235
2190
2135
2090
2026
1999
1966
1967
1976
1976
1970
1994
2046
2112
2155
2181
2200
2232
2253
2259
2215
2166
2101
2042
1983
1956
1927
1920
1900
1921
1939
1985
2006
2008
1995
1955
1895
1866
1846
1825
1819
1808
1797
1811
1884
1938
2001
2041
2100
2155
2206
2244
2286
2319
2362
2368
2359
2329
2325
2288
2260
2236
2227
2223
2215
2199
2176
2132
2095
2086
2098
2120
2168
2224
2275
2310
2352
2394
2420
2455
2482
2497
2475
2444
2395
2344
2268
2206
2146
2123
2113
2103
2126
2146
2158
2204
2227
2243
2239
2237
2202
2176
2124
2093
2073
2055
2062
2085
2125
2159
2208
2262
2300
2355
2406
2461
2512
2546
2570
2559
2541
2507
2487
2461
2463
2464
2451
2452
2475
2483
2503
2495
2461
2430
2395
2367
2378
2371
2366
2347
2342
2325
2221
2202
2202
2195
2219
2234
2232
2219
2223
2230
2240
2242
2241
2236
2241
2265
2273
2303
2318
2324
2319
2317
2316
2332
2369
2401
2436
2442
2440
2441
2446
2451
2440
2439
2448
2487
2506
2503
2502
2479
2460
2442
2415
2386
2376
2371
2367
2392
2412
2428
2430
2418
2397
2367
2345
2317
2311
2315
2341
2369
2393
2416
2435
2461
2472
2489
2504
2500
2508
2502
2482
2454
2433
2416
2384
2371
2387
2384
2414
2434
2445
2467
2481
2477
2458
2417
2359
2314
2256
2249
2238
2252
2239
2217
2178
2175
2181
2212
2244
2268
2303
2345
2398
2435
2417
2390
2333
2268
2193
2141
2064
2036
2017
2014
2027
2073
2120
2159
2185
2185
2178
2163
2173
2202
2235
2278
2328
2344
2359
2377
2382
2376
2343
2304
2239
2193
2143
2109
2095
2090
2111
2122
2131
2115
2087
2064
2069
2061
2058
2049
2048
2054
2097
2151
2206
2258
2305
2311
2332
2329
2341
2335
2343
2328
2326
2299
2254
2214
2163
2128
2099
2085
2064
2032
2007
2033
2061
2121
2164
2210
2219
2194
2150
2110
2037
1980
1934
1911
1879
1866
1878
1884
1890
1900
1899
1910
1929
1948
1916
1903
1878
1861
1838
1830
1857
1904
1972
2022
2050
2083
2101
2128
2138
2144
2141
2133
2157
2173
2186
2184
2159
2138
2110
2072
2046
2041
2063
2095
2120
2106
2109
2103
2117
2096
2105
2118
2152
2166
2164
2143
2131
2122
2122
2129
2135
2118
2093
2041
1970
1916
1871
1852
1832
1818
1820
1806
1774
1748
1720
1715
1713
1753
1787
1837
1889
1949
1994
2026
2055
2074
2106
2123
2115
2109
2082
2022
1948
1881
1799
1756
1684
1640
1621
1643
1639
1671
1667
1657
1660
1689
1704
1725
1739
1724
1670
1635
1607
1601
1594
1599
1609
1635
1668
1675
1683
1679
1708
1739
1791
1818
1827
1819
1785
1724
1681
1639
1607
1549
1510
1503
1517
1518
1529
1543
1572
1587
1579
1549
1491
1422
1374
1339
1312
1302
1325
1334
1342
1387
1467
1578
1692
1798
1925
1976
1992
1987
1965
1923
1892
1888
1874
1863
1857
1841
1839
1826
1804
1783
1739
1685
1647
1621
1593
1580
1577
1567
1577
1587
1615
1631
1631
1621
1575
1511
1440
1389
1371
1384
1433
1471
1515
1551
1602
1634
1655
1668
1666
1663
1629
1573
1467
1413
1375
1365
1379
1405
1448
1489
1526
1573
1605
1647
1690
1720
1726
1747
1769
1790
1782
1780
1751
1699
1605
1522
1474
1480
1499
1534
1570
1595
1642
1717
1822
1878
1952
1975
2017
2024
1993
1911
1789
1691
1629
1586
1577
1573
1592
1633
1715
1794
1882
1941
1978
1993
1977
1936
1857
1795
1734
1694
1661
1624
1627
1611
1603
1603
1637
1717
1781
1804
1804
1794
1795
1829
1855
1887
1903
1933
1941
1955
1933
1907
1856
1827
1800
1800
1804
1835
1913
2006
2103
2182
2250
2315
2349
2367
2357
2353
2350
2341
2320
2300
2270
2257
2243
2215
2192
2198
2202
2231
2276
2334
2376
2413
2430
2429
2431
2439
2451
2440
2448
2419
2377
2320
2263
2232
2245
2255
2310
2321
2332
2338
2350
2366
2391
2408
2426
2421
2420
2404
2413
2414
2415
2389
2384
2409
2434
2456
2484
2480
2475
2454
2454
2458
2453
2460
2472
2492
2528
2575
2615
2638
2637
2636
2610
2581
2539
2512
2489
2472
2466
2491
2514
2548
2565
2576
2563
2554
2548
2547
2526
2518
2531
2552
2552
2536
2514
2514
2496
2492
2459
2441
2393
2384
2391
2401
2387
2394
2411
2423
2424
2402
2386
2364
2348
2311
2296
2299
2295
2268
2252
2226
2220
2204
2208
2213
2247
2252
2267
2271
2261
2231
2232
2242
2286
2352
2412
2442
2467
2469
2463
2449
2425
2398
2367
2332
2302
2282
2271
2296
2340
2386
2398
2415
2398
2365
2304
2264
2225
2187
2162
2157
2179
2227
2285
2354
2403
2456
2481
2481
2467
2432
2392
2349
2310
2293
2292
2283
2269
2250
2238
2231
2251
2274
2305
2323
2346
2354
2348
2308
2257
2219
2175
2149
2118
2104
2119
2138
2164
2213
2263
2313
2342
2370
2379
2379
2357
2344
2313
2302
2300
2308
2321
2336
2359
2384
2391
2406
2405
2395
2384
2352
2304
2256
2225
2188
2170
2161
2149
2143
2143
2155
2191
2236
2273
2291
2310
2301
2298
2276
2271
2293
2324
2327
2305
2268
2227
2190
2154
2106
2075
2046
2007
1976
1990
2020
2073
2108
2129
2110
2128
2151
2200
2216
2201
2189
2191
2213
2247
2266
2287
2328
2345
2372
2377
2330
2274
2205
2139
2101
2082
2090
2103
2116
2146
2150
2153
2171
2167
2157
2132
2130
2141
2160
2165
2174
2173
2207
2243
2281
2316
2351
2362
2392
2405
2425
2421
2418
2380
2345
2280
2206
2123
2069
2013
2001
2002
2031
2063
2085
2108
2124
2172
2191
2218
2242
2264
2292
2304
2300
2293
2253
2206
2162
2178
2183
2229
2244
2256
2223
2218
2199
2208
2203
2207
2214
2245
2267
2283
2271
2284
2283
2283
2299
2328
2343
2388
2432
2488
2516
2522
2512
2524
2535
2519
2503
2470
2449
2395
2389
2370
2350
2315
2299
2248
2226
2207
2209
2203
2215
2230
2245
2259
2279
2287
2312
2340
2358
2364
2382
2373
2359
2351
2356
2358
2361
2365
2385
2428
2464
2469
2457
2438
2397
2340
2285
2225
2193
2171
2145
2132
2119
2114
2095
2084
2082
2102
2123
2135
2142
2147
2121
2135
2157
2185
2188
2194
2171
2159
2146
2134
2144
2163
2195
2268
2313
2372
2418
2458
2484
2489
2484
2459
2417
2372
2299
2222
2178
2138
2113
2101
2107
2133
2155
2178
2177
2159
2183
2181
2171
2160
2147
2130
2120
2131
2175
2202
2230
2226
2210
2192
2199
2188
2151
2119
2118
2116
2112
2094
2088
2091
2104
2114
2116
2119
2101
2076
2053
2042
2050
2091
2142
2193
2226
2226
2201
2165
2129
2097
2076
2071
2059
2069
2084
2100
2123
2109
2108
2131
2149
2168
2171
2169
2153
2119
2090
2074
2062
2011
1975
1943
1930
1908
1904
1924
1967
2016
2063
2078
2093
2090
2079
2078
2075
2076
2064
2051
2012
1980
1946
1932
1927
1928
1936
1958
1975
2002
2031
2085
2125
2172
2188
2221
2223
2210
2188
2150
2104
2034
1980
1922
1885
1857
1815
1807
1818
1831
1867
1891
1928
1983
2028
2055
2058
2076
2091
2093
2091
2076
2098
2091
2122
2140
2163
2142
2155
2164
2180
2179
2180
2159
2150
2121
2112
2079
2055
2019
2027
2012
2007
2000
2004
2016
2022
2022
2016
2002
1986
1977
1977
1995
2021
2047
2074
2085
2077
2056
2015
1974
1924
1876
1859
1877
1879
1918
1956
2018
2075
2131
2155
2209
2219
2230
2229
2227
2186
2168
2135
2104
2067
2059
2062
2060
2062
2098
2139
2199
2240
2265
2297
2313
2334
2356
2364
2369
2366
2342
2329
2318
2308
2280
2278
2278
2266
2245
2229
2189
2145
2101
2056
1975
1962
1952
1951
1952
1979
1991
2014
2028
2065
2086
2107
2092
2081
2034
2000
1966
1939
1908
1891
1890
1885
1873
1892
1918
1928
1941
1935
1921
1925
1935
1954
1972
1965
1974
1961
1940
1926
1900
1861
1830
1815
1837
1858
1900
1909
1908
1883
1852
1799
1762
1731
1727
1728
1740
1737
1742
1754
1768
1785
1789
1755
1697
1627
1535
1487
1439
1426
1432
1439
1450
1499
1597
1679
1771
1840
1877
1903
1919
1930
1928
1941
1935
1912
1859
1824
1801
1753
1713
1711
1691
1655
1644
1674
1754
1821
1882
1920
1940
1975
1983
1989
1997
1994
1974
1947
1917
1893
1906
1899
1890
1867
1816
1803
1801
1802
1790
1746
1724
1751
1778
1810
1809
1788
1757
1736
1743
1764
1810
1874
1917
1965
2009
2048
2086
2128
2176
2188
2178
2152
2112
2076
2043
2010
1974
1943
1907
1911
1930
1962
2001
2055
2105
2103
2105
2087
2095
2089
2078
2064
2078
2088
2099
2101
2121
2132
2155
2155
2178
2199
2225
2232
2228
2208
2195
2154
2085
2028
1990
1958
1943
1946
1956
1971
1990
1972
1971
1986
2019
2066
2083
2070
2036
2015
1999
1997
1986
1988
1999
2009
2025
2048
2090
2145
2153
2191
2200
2216
2217
2212
2170
2143
2101
2105
2107
2135
2136
2125
2080
2059
2021
1989
1941
1892
1824
1821
1823
1831
1814
1812
1829
1891
1980
2057
2118
2171
2236
2310
2375
2417
2434
2429
2415
2378
2345
2318
2285
2243
2228
2182
2128
2019
1914
1811
1760
1723
1703
1704
1727
1746
1824
1881
1968
2033
2111
2122
2138
2125
2134
2146
2191
2233
2265
2286
2290
2301
2321
2333
2354
2375
2397
2421
2431
2452
2454
2465
2454
2449
2433
2446
2435
2440
2431
2437
2418
2392
2361
2343
2291
2246
2184
2130
2102
2090
2094
2119
2154
2202
2248
2212
2201
2211
2222
2229
2246
2255
2266
2246
2249
2231
2207
2181
2176
2160
2163
2176
2180
2184
2205
2192
2158
2138
2120
2105
2102
2111
2138
2148
2142
2153
2158
2161
2163
2160
2146
2145
2165
2186
2235
2266
2282
2292
2275
2239
2174
2109
2059
2041
2012
1995
1977
1941
1926
1936
1976
2028
2068
2117
2170
2184
2194
2203
2229
2247
2230
2175
2107
2053
2011
1987
1969
1978
1988
2002
1990
1950
1903
1866
1870
1896
1928
1965
1987
2012
2011
2037
2050
2066
2095
2129
2124
2127
2137
2165
2202
2227
2266
2295
2278
2269
2255
2251
2255
2244
2234
2239
2252
2244
2245
2241
2230
2204
2178
2176
2193
2193
2176
2145
2136
2123
2120
2109
2127
2142
2177
2189
2176
2166
2196
2222
2244
2244
2254
2257
2275
2267
2279
2289
2340
2374
2426
2453
2468
2466
2477
2438
2403
2355
2310
2277
2284
2274
2266
2275
2224
2177
2153
2144
2143
2130
2131
2120
2094
2100
2069
2067
2043
2043
2035
2051
2078
2117
2146
2198
2239
2309
2325
2352
2372
2410
2431
2455
2455
2450
2438
2454
2446
2407
2386
2386
2383
2374
2355
2350
2347
2344
2352
2358
2368
2374
2383
2380
2390
2373
2361
2353
2339
2320
2304
2270
2212
2146
2132
2087
2075
2053
2041
2025
2033
2036
2048
2059
2055
2029
2003
1943
1889
1866
1855
1820
1806
1812
1837
1842
1897
1952
2007
2068
2112
2104
2071
2033
1964
1938
1913
1882
1845
1843
1851
1884
1946
1990
2040
2095
2145
2191
2226
2263
2272
2249
2204
2164
2133
2130
2130
2144
2152
2175
2168
2195
2199
2192
2174
2162
2155
2154
2156
2170
2186
2198
2221
2226
2195
2153
2111
2078
2056
2051
2065
2103
2137
2168
2185
2187
2167
2137
2123
2072
2026
1991
1942
1856
1788
1713
1655
1610
1573
1549
1564
1613
1688
1757
1815
1845
1868
1905
1935
1930
1918
1915
1909
1883
1823
1800
1815
1822
1861
1898
1923
1930
1928
1924
1918
1917
1922
1930
1938
1934
1951
1936
1893
1854
1830
1810
1785
1761
1770
1811
1888
1962
2002
2025
2034
2022
1998
1984
1984
1957
1939
1905
1894
1875
1857
1827
1789
1735
1702
1672
1618
1547
1470
1437
1435
1492
1573
1624
1671
1717
1799
1866
1895
1937
1970
2047
2101
2164
2200
2212
2148
2095
2038
1996
1949
1898
1863
1867
1876
1879
1889
1909
1897
1908
1915
1944
1980
2003
2012
2022
2041
2075
2120
2127
2093
2065
2056
2051
2043
2052
2059
2094
2123
2155
2182
2160
2117
2065
2028
1973
1920
1879
1867
1849
1847
1827
1846
1848
1859
1875
1883
1889
1901
1911
1949
1972
2015
2036
2065
2066
2108
2154
2198
2221
2231
2249
2260
2231
2193
2142
2132
2138
2144
2150
2181
2235
2303
2353
2395
2422
2427
2430
2422
2394
2371
2344
2294
2271
2231
2232
2236
2270
2288
2331
2382
2438
2466
2509
2535
2551
2563
2571
2556
2556
2538
2526
2512
2524
2535
2545
2545
2542
2532
2515
2467
2410
2341
2280
2202
2153
2133
2136
2151
2176
2200
2215
2227
2246
2270
2288
2301
2299
2295
2280
2272
2251
2258
2286
2292
2295
2292
2290
2298
2296
2299
2285
2281
2276
2295
2293
2314
2326
2323
2309
2308
2307
2292
2288
2297
2328
2343
2353
2374
2399
2413
2426
2406
2380
2344
2326
2312
2321
2340
2346
2335
2314
2298
2287
2297
2288
2265
2243
2229
2224
2237
2234
2239
2251
2280
2295
2276
2251
2235
2206
2199
2187
2199
2221
2260
2283
2293
2307
2324
2329
2329
2322
2327
2332
2341
2353
2368
2388
2412
2444
2466
2488
2487
2508
2511
2508
2484
2470
2433
2424
2395
2390
2376
2387
2386
2407
2399
2393
2387
2384
2383
2399
2389
2394
2391
2393
2385
2394
2366
2325
2261
2213
2168
2171
2194
2204
2190
2190
2198
2212
2181
2138
2107
2079
2070
2077
2097
2106
2147
2173
2209
2225
2229
2195
2177
2158
2184
2189
2211
2190
2173
2114
2061
2009
1966
1940
1944
1955
1973
2011
2065
2085
2106
2097
2112
2146
2185
2186
2160
2106
2020
1975
1950
1935
1946
1962
1994
1983
1973
1967
1949
1964
1992
2020
2044
2050
2087
2115
2106
2111
2091
2076
2046
2023
1984
1971
1965
1989
2012
2059
2062
2073
2050
2012
1955
1903
1876
1882
1891
1905
1922
1942
1977
1998
2016
2005
1986
1962
1931
1915
1907
1909
1917
1924
1910
1906
1908
1902
1910
1935
1967
1999
2051
2093
2128
2140
2136
2131
2122
2121
2119
2140
2153
2198
2213
2211
2194
2180
2132
2103
2072
2045
2013
1996
1986
2012
2045
2068
2075
2074
2075
2062
2038
1998
1955
1934
1928
1923
1890
1831
1756
1654
1571
1517
1465
1429
1411
1396
1407
1419
1463
1504
1571
1601
1635
1654
1695
1718
1751
1766
1765
1754
1746
1737
1763
1784
1817
1842
1870
1879
1886
1895
1902
1913
1916
1896
1860
1807
1751
1708
1664
1631
1611
1617
1609
1624
1636
1671
1712
1759
1779
1784
1733
1689
1632
1574
1517
1484
1477
1512
1562
1640
1726
1811
1885
1955
1989
2019
2031
2045
2048
2037
2020
2005
1981
1968
1927
1901
1868
1825
1784
1726
1674
1659
1663
1666
1665
1663
1657
1631
1603
1601
1600
1599
1617
1622
1654
1679
1739
1775
1838
1866
1897
1909
1893
1869
1864
1855
1862
1847
1806
1762
1747
1777
1822
1817
1793
1759
1727
1710
1712
1675
1608
1559
1531
1514
1509
1527
1537
1533
1531
1543
1594
1606
1600
1608
1623
1602
1582
1575
1602
1621
1635
1665
1705
1745
1754
1763
1775
1786
1771
1759
1745
1773
1798
1824
1855
1879
1877
1864
1868
1889
1915
1944
1970
1994
2015
2027
2025
2018
1983
1936
1873
1826
1808
1803
1777
1747
1721
1692
1689
1700
1709
1691
1716
1749
1778
1802
1851
1892
1944
1990
1993
1988
1954
1897
1826
1782
1727
1691
1639
1640
1643
1661
1674
1685
1658
1637
1621
1600
1579
1574
1563
1583
1589
1602
1603
1579
1555
1566
1612
1623
1623
1618
1640
1651
1666
1667
1673
1675
1700
1740
1795
1850
1925
1942
2004
2051
2109
2147
2206
2230
2254
2236
2224
2173
2116
2050
1996
1943
1912
1854
1811
1792
1772
1754
1763
1765
1771
1771
1810
1847
1889
1917
1951
1971
1976
1992
2009
2011
2005
1985
1910
1833
1738
1629
1521
1461
1421
1414
1423
1453
1486
1536
1611
1674
1720
1793
1871
1932
1975
2024
2087
2135
2148
2170
2141
2110
2083
2087
2064
2062
2052
2080
2132
2187
2244
2274
2269
2258
2248
2231
2227
2229
2212
2170
2125
2111
2115
2110
2141
2157
2148
2119
2082
2041
2018
1996
1983
1961
1966
1963
1952
1969
1991
1980
1992
2004
2023
2043
2066
2086
2091
2102
2105
2082
2064
2060
2051
2038
2014
1980
1941
1871
1799
1746
1691
1651
1647
1667
1695
1704
1728
1762
1820
1834
1848
1858
1855
1877
1907
1934
1978
2022
2057
2105
2161
2201
2238
2259
2268
2277
2276
2252
2220
2194
2174
2149
2177
2174
2178
2153
2137
2105
2081
2040
1975
1902
1823
1752
1697
1665
1659
1667
1697
1735
1757
1809
1859
1904
1935
1947
1929
1933
1947
1968
1958
1959
1936
1916
1855
1837
1834
1870
1911
1986
2002
2021
2036
2083
2119
2156
2174
2148
2119
2114
2102
2087
2086
2106
2127
2149
2158
2174
2212
2246
2289
2303
2307
2301
2285
2276
2254
2241
2250
2251
2263
2252
2271
2275
2284
2262
2259
2210
2192
2168
2169
2166
2156
2130
2120
2092
2095
2064
2010
1960
1937
1895
1841
1761
1680
1619
1593
1573
1591
1622
1663
1683
1718
1776
1830
1881
1926
1965
1971
1976
1978
1991
1979
1969
1953
1943
1919
1910
1871
1832
1773
1728
1676
1668
1657
1661
1661
1642
1627
1613
1637
1677
1672
1637
1593
1563
1577
1590
1623
1666
1743
1827
1891
1947
2003
2051
2077
2103
2119
2125
2116
2120
2132
2156
2200
2232
2251
2258
2270
2274
2279
2274
2252
2246
2244
2237
2241
2228
2218
2193
2156
2127
2089
2033
1972
1912
1855
1820
1798
1818
1857
1921
2004
2077
2106
2123
2116
2108
2093
2060
2016
1981
1961
1969
1980
2009
2046
2088
2116
2128
2122
2124
2128
2135
2124
2109
2107
2103
2111
2115
2130
2123
2150
2142
2143
2138
2156
2168
2221
2264
2302
2368
2406
2416
2414
2381
2373
2350
2352
2343
2348
2330
2319
2296
2303
2301
2290
2238
2178
2122
2082
2028
1977
1943
1914
1925
1967
1999
2049
2122
2193
2218
2229
2230
2199
2182
2160
2164
2171
2201
2219
2234
2235
2221
2183
2160
2129
2125
2120
2162
2210
2283
2329
2361
2368
2377
2369
2356
2351
2357
2328
2324
2322
2307
2293
2296
2282
2264
2201
2174
2184
2191
2195
2202
2196
2205
2215
2203
2189
2186
2178
2179
2203
2234
2256
2272
2274
2286
2310
2339
2358
2362
2341
2315
2281
2247
2208
2225
2254
2269
2259
2226
2199
2184
2170
2143
2116
2103
2098
2093
2110
2130
2143
2153
2159
2165
2154
2127
2119
2104
2070
2049
2063
2082
2128
2186
2229
2237
2222
2184
2120
2043
1990
1965
1958
1985
1994
2007
2009
2020
2008
1963
1917
1891
1873
1877
1890
1906
1915
1926
1930
1933
1906
1889
1860
1844
1830
1845
1887
1914
1938
1957
1973
1987
2000
2014
2033
2043
2069
2101
2136
2162
2161
2154
2151
2125
2102
2098
2112
2129
2138
2132
2112
2102
2130
2143
2144
2098
2086
2082
2089
2101
2129
2156
2204
2227
2254
2267
2278
2264
2249
2202
2160
2132
2118
2108
2125
2120
2126
2127
2155
2204
2245
2284
2346
2369
2352
2335
2309
2271
2241
2212
2166
2148
2148
2183
2204
2232
2245
2223
2186
2157
2142
2126
2100
2085
2035
2018
2007
2033
2061
2126
2198
2257
2259
2246
2195
2182
2155
2124
2080
2026
1970
1956
1946
1937
1937
1954
1964
1991
2033
2087
2152
2194
2220
2244
2235
2205
2155
2120
2084
2071
2066
2063
2067
2088
2113
2140
2172
2211
2254
2271
2268
2239
2199
2133
2075
2040
2033
2047
2081
2137
2203
2255
2312
2318
2306
2301
2307
2299
2319
2332
2359
2391
2413
2431
2439
2442
2411
2365
2301
2252
2201
2163
2122
2073
2054
2049
2080
2092
2099
2122
2155
2175
2207
2223
2269
2257
2258
2234
2210
2148
2088
2030
2003
1989
2003
2036
2103
2146
2189
2209
2257
2251
2221
2176
2135
2109
2103
2104
2102
2097
2100
2126
2173
2198
2207
2200
2185
2179
2160
2146
2093
2057
1992
1943
1906
1908
1926
1957
1948
1935
1883
1841
1793
1785
1791
1829
1857
1891
1893
1908
1891
1877
1870
1862
1854
1879
1897
1937
1961
1971
1959
1963
1991
2025
2051
2072
2103
2134
2153
2155
2157
2126
2079
2005
1925
1865
1818
1797
1835
1864
1921
1978
2055
2097
2127
2135
2167
2177
2177
2157
2146
2118
2108
2104
2109
2101
2101
2097
2073
2034
2015
2016
2021
2023
2041
2030
1994
1942
1893
1823
1755
1706
1683
1681
1685
1709
1743
1791
1842
1867
1881
1872
1875
1889
1899
1898
1901
1917
1905
1885
1884
1898
1908
1927
1959
2006
2034
2059
2079
2121
2167
2191
2211
2221
2230
2241
2257
2250
2220
2181
2141
2106
2096
2069
2038
1999
1958
1934
1919
1903
1872
1826
1807
1841
1902
1969
2025
2079
2119
2147
2177
2188
2209
2227
2227
2230
2207
2170
2110
2062
2022
1983
1929
1881
1850
1838
1833
1859
1879
1928
1947
1972
1964
2001
2085
2172
2236
2298
2359
2393
2429
2458
2476
2492
2493
2486
2457
2450
2443
2458
2462
2470
2484
2485
2492
2499
2510
2508
2490
2464
2445
2396
2336
2275
2224
2191
2170
2151
2163
2176
2232
2282
2343
2378
2406
2402
2384
2365
2340
2323
2324
2307
2330
2334
2384
2424
2458
2485
2511
2506
2477
2431
2390
2369
2362
2349
2345
2358
2380
2389
2391
2379
2354
2334
2308
2272
2222
2232
2219
2248
2257
2286
2291
2291
2233
2190
2153
2137
2119
2118
2141
2161
2154
2153
2140
2133
2107
2100
2091
2096
2112
2141
2147
2165
2172
2184
2188
2198
2227
2252
2287
2312
2306
2290
2265
2251
2213
2183
2155
2142
2143
2157
2161
2183
2204
2243
2274
2316
2352
2383
2393
2402
2400
2402
2381
2343
2345
2339
2315
2276
2241
2219
2199
2184
2167
2148
2128
2126
2153
2154
2157
2156
2176
2223
2234
2253
2247
2230
2224
2216
2210
2217
2232
2249
2279
2288
2290
2311
2357
2378
2391
2406
2432
2452
2457
2454
2460
2463
2448
2431
2430
2431
2435
2427
2394
2348
2315
2296
2292
2304
2324
2328
2351
2362
2384
2389
2424
2433
2446
2443
2427
2408
2411
2426
2428
2432
2424
2416
2416
2414
2433
2455
2452
2466
2468
2465
2465
2470
2467
2439
2403
2404
2395
2404
2409
2406
2397
2364
2296
2246
2197
2164
2133
2127
2102
2105
2103
2111
2124
2154
2166
2167
2146
2146
2159
2191
2222
2256
2257
2270
2254
2228
2211
2187
2175
2155
2149
2172
2219
2266
2329
2338
2347
2326
2326
2321
2311
2316
2343
2336
2330
2328
2346
2342
2337
2318
2303
2274
2255
2215
2207
2181
2172
2174
2192
2201
2203
2212
2217
2226
2219
2203
2178
2165
2145
2150
2161
2178
2210
2242
2264
2296
2307
2306
2311
2322
2319
2311
2316
2332
2352
2367
2363
2353
2335
2325
2317
2314
2280
2215
2167
2119
2070
2024
1978
1949
1909
1885
1904
1942
1992
2043
2106
2128
2138
2139
2147
2159
2146
2109
2077
2041
1982
1907
1834
1814
1823
1827
1846
1853
1884
1920
1970
2002
2030
2044
2054
2075
2085
2098
2091
2094
2082
2099
2114
2139
2177
2220
2230
2231
2232
2241
2233
2245
2229
2216
2215
2212
2201
2218
2234
2252
2268
2269
2251
2252
2250
2248
2208
2179
2155
2142
2152
2152
2146
2144
2155
2173
2166
2159
2159
2165
2167
2186
2236
2242
2235
2216
2215
2191
2192
2179
2158
2107
2042
1968
1906
1853
1862
1841
1831
1828
1856
1896
1936
1965
1973
1969
2002
2016
2042
2058
2079
2060
2026
1989
1954
1936
1922
1915
1905
1903
1901
1890
1878
1879
1860
1842
1817
1806
1798
1797
1754
1728
1684
1657
1637
1655
1657
1667
1710
1755
1799
1856
1897
1944
1937
1908
1851
1817
1777
1766
1733
1707
1697
1702
1734
1733
1738
1736
1748
1745
1723
1709
1717
1719
1720
1713
1725
1727
1730
1727
1762
1815
1878
1906
1929
1931
1942
1919
1887
1871
1888
1939
2007
2066
2104
2128
2155
2160
2154
2129
2082
2041
2022
2022
2018
1999
1974
1923
1891
1869
1840
1855
1914
1967
2009
2063
2117
2140
2139
2145
2174
2201
2219
2210
2202
2169
2144
2095
2053
2019
2013
2026
2058
2074
2098
2130
2157
2192
2218
2221
2245
2237
2215
2173
2114
2058
2021
2003
2004
2005
1986
1958
1954
1991
2036
2078
2124
2162
2177
2168
2187
2206
2211
2212
2205
2206
2194
2189
2188
2171
2127
2117
2108
2113
2126
2147
2166
2186
2195
2207
2199
2223
2225
2244
2222
2221
2205
2194
2170
2155
2149
2153
2158
2188
2198
2214
2210
2197
2182
2188
2194
2194
2168
2132
2105
2068
2013
1965
1898
1851
1832
1848
1887
1941
2007
2057
2104
2104
2119
2104
2078
2023
1970
1921
1923
1934
1973
2013
2064
2110
2134
2175
2198
2199
2211
2213
2214
2196
2162
2112
2068
2021
1979
1958
1960
1966
1971
1967
1951
1934
1923
1919
1919
1905
1896
1874
1843
1838
1844
1871
1881
1886
1879
1868
1843
1820
1800
1768
1733
1715
1734
1782
1859
1903
1924
1919
1897
1891
1877
1861
1815
1789
1779
1755
1741
1748
1769
1784
1778
1766
1763
1762
1769
1761
1745
1720
1705
1707
1728
1778
1890
2022
2112
2157
2214
2237
2222
2203
2185
2179
2167
2167
2176
2205
2237
2293
2331
2347
2370
2386
2400
2425
2424
2411
2407
2420
2424
2439
2409
2395
2384
2357
2309
2262
2204
2143
2075
2004
1932
1888
1862
1862
1860
1878
1923
1960
2019
2087
2150
2187
2225
2251
2266
2248
2238
2198
2157
2111
2095
2088
2121
2138
2159
2162
2189
2203
2234
2241
2265
2262
2259
2260
2260
2274
2298
2331
2395
2417
2414
2410
2409
2406
2420
2429
2436
2450
2463
2488
2497
2495
2503
2507
2496
2494
2476
2456
2443
2443
2442
2471
2492
2514
2519
2536
2530
2543
2539
2538
2527
2520
2486
2422
2342
2280
2227
2190
2160
2146
2138
2157
2177
2220
2251
2275
2313
2335
2350
2348
2347
2334
2304
2275
2224
2176
2145
2121
2109
2113
2114
2131
2157
2171
2181
2207
2191
2178
2156
2139
2129
46.80908203
1.664501905
999
