5835
2056
2015
2014
2049
1996
2008
1994
2065
2039
2072
2025
2087
2073
2126
2078
2124
2099
2165
2120
2156
2107
2167
2131
2132
2083
2118
2109
2120
2108
2106
2113
2116
2093
2081
2086
2061
2117
2065
2091
2045
2097
2080
2122
2056
2110
2073
2134
2090
2131
2098
2164
2125
2156
2106
2145
2123
2156
2123
2061
2110
2089
2139
2070
2109
2088
2124
2102
2140
2119
2170
2153
2187
2139
2182
2175
2177
2138
2142
2160
2163
2140
2128
2147
2169
2185
2141
2138
2139
2176
2122
2134
2082
2123
2102
2124
2066
2078
2067
2089
2087
2106
2105
2140
2135
2113
2103
2100
2148
2129
2148
2126
2170
2132
2161
2116
2158
2139
2196
2148
2182
2122
2189
2159
2183
2151
2184
2158
2183
2151
2176
2150
2163
2162
2144
2144
2134
2151
2126
2136
2096
2148
2118
2140
2087
2123
2086
2149
2084
2122
2056
2122
2079
2137
2082
2143
2142
2192
2156
2187
2170
2214
2170
2159
2145
2164
2178
2164
2161
2143
2165
2155
2178
2142
2176
2176
2228
2181
2215
2192
2238
2203
2223
2183
2219
2188
2196
2177
2182
2190
2212
2199
2188
2186
2204
2230
2209
2224
2197
2243
2211
2230
2175
2206
2182
2216
2162
2200
2171
2220
2158
2194
2160
2181
2164
2172
2150
2166
2160
2169
2183
2148
2175
2143
2179
2116
2141
2083
2154
2114
2181
2126
2165
2130
2196
2148
2178
2125
2175
2155
2172
2125
2160
2172
2189
2192
2176
2187
2193
2198
2166
2199
2147
2215
2177
2215
2171
2223
2205
2221
2181
2201
2178
2228
2194
2207
2176
2182
2200
2184
2182
2145
2153
2153
2158
2133
2155
2115
2169
2137
2145
2109
2159
2137
2154
2121
2122
2133
2146
2136
2141
2136
2123
2164
2138
2162
2134
2174
2142
2162
2116
2150
2116
2142
2079
2098
2071
2125
2104
2124
2087
2139
2140
2152
2121
2125
2129
2113
2118
2077
2074
2072
2094
2062
2105
2045
2120
2054
2089
2007
2052
1999
2066
1993
2019
1974
2053
2020
2044
2023
2015
2021
2022
2006
1992
2014
2033
2072
2029
2083
2018
2093
2044
2079
2013
2081
2057
2114
2051
2095
2075
2142
2084
2090
2061
2065
2074
2055
2036
2027
2042
2024
2039
1981
1987
1955
1988
1942
1958
1935
1993
1988
2028
1993
2026
2038
2075
2056
2063
2051
2070
2069
2068
2080
2092
2092
2064
2107
2045
2076
2043
2086
2026
2067
2030
2075
2048
2078
2039
2073
2039
2039
2031
2023
2055
2061
2058
2043
2063
2056
2128
2089
2141
2086
2148
2118
2169
2132
2170
2125
2183
2138
2154
2088
2147
2129
2133
2125
2123
2146
2167
2170
2156
2170
2124
2190
2127
2166
2111
2184
2161
2208
2166
2186
2162
2202
2169
2179
2151
2162
2175
2150
2122
2102
2122
2121
2121
2094
2122
2124
2165
2120
2162
2132
2167
2149
2159
2120
2141
2135
2141
2108
2116
2122
2144
2147
2114
2123
2115
2137
2105
2119
2049
2097
2060
2112
2061
2084
2057
2089
2080
2094
2086
2116
2123
2111
2098
2081
2121
2104
2144
2091
2109
2066
2112
2055
2095
2024
2068
2026
2082
2030
2083
2067
2115
2101
2119
2088
2130
2123
2125
2122
2104
2120
2117
2138
2119
2144
2132
2165
2111
2147
2102
2165
2110
2137
2080
2098
2071
2100
2034
2047
2024
2057
2007
2018
2005
2016
2035
2034
2016
2017
2053
2052
2085
2045
2058
2042
2100
2054
2075
2056
2089
2096
2101
2084
2088
2103
2099
2098
2066
2085
2062
2119
2076
2096
2050
2076
2069
2106
2056
2057
2026
2046
1998
1984
1988
1952
1993
1966
2001
1968
1993
1943
2020
1988
2059
2019
2076
2053
2103
2060
2063
2054
2058
2043
2025
2005
2009
2021
1977
2016
1952
2028
2003
2047
1974
2023
1971
2027
1979
2009
1969
2001
1994
2021
2038
2038
2060
2073
2095
2074
2081
2043
2104
2060
2071
2003
2030
1995
2033
1985
1995
1967
2014
1996
1997
1973
1990
1971
1962
1947
1900
1913
1872
1890
1848
1887
1871
1925
1912
1941
1929
1980
1984
2007
1985
1976
1981
1992
1985
1956
1956
1913
1950
1915
1937
1886
1935
1922
1968
1949
1970
1939
1986
1962
1989
1947
1986
1986
1978
1993
1966
1989
1993
2018
1982
2008
1961
2034
1973
1999
1935
2002
1961
2007
1970
1991
1952
1993
1989
2006
1971
1967
1993
1977
1979
1929
1948
1936
1954
1899
1945
1873
1923
1889
1920
1868
1915
1900
1939
1924
1920
1909
1943
1950
1930
1943
1899
1953
1948
1968
1938
1988
1976
2004
1979
1992
1966
2015
2012
2016
1999
2000
2022
2018
2049
2014
2035
2020
2049
2040
2062
2043
2086
2073
2086
2044
2059
2049
2054
2057
2040
2055
2064
2094
2053
2085
2033
2078
2043
2081
2010
2058
2004
2030
1999
2024
2000
2034
2027
2056
2052
2056
2091
2087
2143
2104
2137
2096
2149
2116
2184
2136
2190
2159
2226
2170
2206
2164
2174
2184
2176
2151
2135
2138
2138
2145
2062
2075
2017
2072
2020
2043
1965
1979
1970
1995
1946
1964
1969
2022
2019
2034
2032
2028
2071
2067
2074
2052
2091
2059
2087
2042
2065
2039
2102
2072
2082
2069
2061
2090
2097
2083
2065
2092
2102
2133
2108
2134
2098
2153
2136
2158
2116
2141
2137
2164
2146
2146
2145
2163
2167
2150
2175
2135
2189
2159
2185
2119
2147
2111
2169
2120
2148
2088
2126
2098
2124
2123
2098
2099
2108
2130
2111
2114
2094
2132
2087
2144
2071
2107
2058
2103
2037
2079
2055
2089
2085
2107
2082
2106
2117
2108
2144
2109
2133
2103
2147
2087
2097
2061
2106
2077
2103
2044
2066
2050
2100
2079
2075
2063
2072
2088
2077
2066
2040
2074
2070
2103
2062
2068
2054
2099
2048
2046
2018
2017
2021
2014
1995
1973
1977
1946
2007
1966
2004
1978
2042
1996
2037
2010
2022
2004
2034
1990
2002
1994
2027
2022
2006
2030
1995
2034
2005
2019
1971
2010
1959
2021
1969
2021
1970
2049
2009
2044
2025
2028
2023
2063
2053
2051
2036
2011
2072
2032
2085
2034
2090
2053
2107
2083
2094
2053
2087
2071
2073
2018
2040
2025
2024
2041
2003
2012
2010
2057
2001
2031
1976
2025
2006
2041
1983
2002
1994
2009
2007
1969
1943
1943
1962
1934
1937
1920
1962
1961
1998
1963
2001
1991
2039
1999
1989
1967
1975
1988
1983
1968
1966
1993
1994
2043
1987
2021
1986
2045
1984
2023
1972
1977
1945
1986
1949
1960
1933
1947
1980
1958
1976
1947
1998
1995
2024
1975
2025
1978
2045
1983
2010
1945
2008
1976
1994
1978
1991
2002
2046
2038
2029
2053
2023
2077
2053
2086
2038
2103
2068
2122
2062
2103
2050
2110
2069
2101
2060
2083
2102
2114
2103
2079
2072
2085
2074
2040
2067
2019
2074
2051
2078
2020
2072
2045
2087
2040
2036
2011
2045
2041
2024
2031
2007
2048
2046
2059
2006
2045
2033
2072
2030
2048
2027
2080
2087
2107
2089
2090
2107
2113
2131
2114
2120
2099
2140
2119
2137
2096
2137
2116
2147
2098
2116
2072
2091
2084
2065
2060
2051
2074
2062
2084
2033
2047
2003
2059
1983
2015
1966
2013
1971
2008
1964
2009
1988
2040
1980
2003
2005
2003
2029
2009
2013
1998
2056
2043
2118
2049
2085
2072
2160
2103
2130
2088
2108
2120
2150
2123
2131
2125
2143
2135
2092
2102
2070
2122
2077
2085
2041
2058
2026
2038
1994
2014
2001
2043
2030
2058
2075
2064
2101
2114
2131
2105
2132
2107
2141
2092
2104
2061
2118
2097
2128
2122
2115
2123
2112
2100
2082
2086
2092
2085
2032
2065
1999
2063
2020
2064
1983
2032
1991
2032
1998
2017
1961
2002
1985
1975
1989
1944
1981
1968
1993
1961
1991
1955
2023
1982
2005
1917
1955
1913
1960
1901
1904
1887
1936
1930
1934
1918
1931
1955
1930
1939
1880
1890
1871
1913
1858
1903
1853
1905
1890
1915
1861
1882
1872
1876
1870
1832
1816
1803
1813
1783
1765
1745
1771
1753
1770
1733
1746
1724
1777
1772
1778
1771
1765
1799
1799
1789
1775
1797
1768
1809
1765
1811
1786
1865
1839
1876
1839
1842
1853
1885
1875
1901
1893
1901
1950
1922
1949
1913
1973
1942
1961
1904
1941
1898
1951
1893
1903
1841
1892
1863
1877
1866
1862
1874
1895
1900
1889
1935
1884
1972
1928
1967
1893
1965
1924
1985
1943
1982
1939
2008
1983
2022
1986
1991
2040
2048
2052
2022
2045
2050
2065
2031
2063
2007
2084
2059
2092
2061
2123
2109
2146
2136
2146
2138
2165
2163
2152
2166
2138
2170
2135
2153
2105
2131
2131
2167
2130
2130
2099
2107
2086
2069
2033
2007
2001
1992
2022
1992
2014
2008
2056
2055
2090
2056
2079
2074
2121
2083
2095
2083
2081
2095
2070
2085
2057
2088
2065
2105
2045
2104
2069
2148
2100
2145
2102
2158
2157
2200
2171
2179
2182
2225
2189
2171
2194
2159
2197
2159
2188
2148
2205
2166
2211
2136
2168
2141
2209
2147
2195
2170
2166
2177
2192
2164
2162
2172
2179
2177
2130
2162
2108
2166
2114
2119
2073
2101
2080
2117
2076
2104
2101
2162
2159
2154
2174
2157
2174
2166
2197
2158
2182
2163
2155
2149
2145
2118
2121
2118
2132
2103
2152
2091
2146
2134
2155
2101
2154
2120
2154
2145
2157
2128
2167
2167
2166
2192
2164
2199
2187
2220
2181
2216
2195
2243
2195
2215
2141
2187
2160
2195
2129
2150
2138
2154
2151
2121
2113
2109
2136
2099
2152
2085
2142
2110
2168
2099
2139
2111
2173
2137
2172
2141
2177
2164
2180
2162
2144
2148
2140
2162
2125
2127
2103
2135
2102
2127
2077
2108
2092
2138
2086
2110
2092
2108
2131
2143
2142
2134
2152
2121
2160
2106
2135
2111
2170
2122
2131
2096
2101
2098
2113
2068
2078
2086
2103
2102
2082
2087
2069
2106
2074
2090
2053
2091
2078
2121
2065
2070
2040
2085
2047
2033
2018
1988
2017
2019
2023
1992
2023
1996
2088
2037
2089
2032
2107
2063
2101
2032
2058
2028
2067
2043
2074
2041
2082
2109
2088
2105
2059
2102
2088
2120
2089
2143
2076
2142
2090
2121
2054
2107
2063
2080
2053
2056
2042
2070
2074
2071
2070
2061
2118
2094
2123
2071
2109
2080
2116
2074
2100
2053
2091
2059
2072
2034
2068
2052
2055
2054
2021
2016
2007
2038
2003
2035
1971
1975
1948
1949
1895
1913
1903
1892
1893
1855
1839
1835
1854
1833
1834
1810
1851
1842
1904
1869
1922
1906
1976
1947
1953
1916
1943
1926
1928
1876
1855
1860
1845
1886
1847
1872
1846
1932
1908
1990
1961
2020
1996
2074
2024
2073
2016
2026
2029
2019
1995
1996
2008
2016
2013
2007
2068
2024
2079
2025
2060
1996
2060
2026
2090
2030
2048
2013
2061
2018
2038
2016
1998
2006
2003
1984
1962
1980
1991
2030
2010
2061
2033
2099
2087
2099
2045
2051
2040
2029
2003
1995
1995
2018
2040
2017
2014
1980
2040
2014
2039
1990
2017
2005
2054
2012
2016
1991
2005
1977
1969
1975
1940
1955
1948
1980
1943
1972
1964
2013
2005
2056
2005
2057
2041
2085
2044
2068
2055
2065
2068
2062
2067
2071
2082
2051
2089
2034
2092
2058
2111
2054
2101
2057
2104
2058
2085
2019
2033
2001
2045
2024
1977
1958
1932
1958
1933
1924
1877
1905
1875
1949
1913
1976
1976
2062
2023
2067
2034
2066
2067
2098
2069
2072
2069
2044
2077
2039
2049
2029
2080
2042
2075
2066
2097
2083
2122
2074
2089
2051
2074
2022
2006
1990
1981
1989
1999
1989
1976
1989
1989
2047
2002
2021
1988
2032
2001
2021
2004
1990
1981
1973
1966
1958
1969
1957
2001
1961
1991
1953
2011
1993
2037
2015
2051
2018
2076
2052
2091
2060
2117
2120
2120
2122
2099
2120
2107
2102
2063
2091
2029
2100
2040
2085
1990
2053
2019
2054
1990
1990
1949
2003
1958
1970
1944
1943
1981
1963
1971
1935
1959
1935
1957
1925
1977
1926
1983
1963
2010
1956
2023
1989
2019
1993
1989
1984
2009
2014
2003
1999
1946
1988
1972
1992
1945
1978
1965
2005
1972
1985
1947
1989
1975
1961
1933
1920
1935
1937
1963
1954
1974
1966
2001
1985
2005
1967
1994
1973
2001
1983
2004
2020
2044
2075
2066
2096
2073
2109
2094
2131
2076
2105
2043
2097
2060
2092
2023
2044
2053
2061
2042
2056
2077
2092
2084
2058
2103
2054
2130
2085
2136
2075
2136
2102
2178
2124
2159
2110
2171
2111
2135
2109
2091
2096
2097
2086
2054
2065
2079
2090
2036
2076
2040
2119
2079
2116
2066
2135
2117
2171
2135
2150
2128
2172
2152
2154
2154
2125
2136
2124
2141
2102
2123
2109
2165
2132
2168
2129
2180
2165
2176
2152
2144
2140
2150
2138
2125
2132
2112
2119
2088
2112
2083
2100
2073
2088
2038
2060
2027
2040
2035
2036
2023
2031
2049
2023
2051
2001
2031
2002
2051
2005
2023
2012
2049
2060
2094
2031
2067
2054
2095
2074
2052
2046
2037
2066
2048
2057
2015
2042
2006
2075
2011
2065
2035
2122
2070
2119
2084
2132
2120
2150
2119
2137
2138
2128
2155
2105
2133
2101
2144
2106
2123
2086
2137
2112
2171
2100
2145
2110
2176
2137
2143
2128
2126
2124
2127
2110
2109
2111
2079
2135
2095
2120
2086
2139
2110
2152
2122
2144
2136
2181
2167
2185
2148
2137
2172
2160
2151
2097
2096
2077
2093
2062
2088
2062
2085
2062
2088
2037
2073
2067
2077
2090
2081
2086
2099
2115
2094
2139
2073
2129
2115
2148
2097
2135
2107
2173
2157
2163
2125
2168
2151
2150
2115
2094
2141
2132
2143
2090
2136
2139
2192
2169
2198
2147
2219
2185
2235
2191
2244
2208
2238
2233
2219
2194
2191
2203
2189
2208
2164
2200
2178
2219
2164
2208
2169
2221
2189
2218
2182
2224
2221
2254
2216
2229
2231
2237
2259
2236
2235
2204
2229
2208
2239
2195
2212
2187
2224
2191
2210
2187
2207
2221
2229
2223
2217
2244
2252
2247
2199
2215
2184
2236
2191
2211
2152
2203
2208
2243
2208
2197
2189
2233
2212
2203
2212
2183
2215
2184
2208
2160
2205
2167
2228
2145
2187
2156
2227
2181
2213
2182
2176
2187
2205
2178
2166
2181
2193
2221
2169
2201
2145
2204
2160
2206
2155
2232
2196
2254
2196
2228
2182
2244
2199
2200
2196
2191
2223
2222
2221
2190
2194
2176
2255
2209
2250
2188
2234
2198
2236
2193
2210
2172
2201
2161
2172
2152
2192
2197
2195
2210
2156
2184
2173
2204
2159
2202
2157
2214
2197
2218
2162
2183
2176
2183
2169
2139
2130
2146
2170
2147
2147
2117
2171
2155
2154
2106
2110
2096
2123
2084
2051
2018
2010
2025
2004
1993
1988
2019
2017
2052
2004
2042
2019
2084
2032
2100
2062
2096
2090
2121
2090
2101
2095
2094
2136
2095
2102
2077
2117
2074
2077
1996
2031
1973
2025
1958
1996
1936
2005
1978
1996
1964
1966
1959
1983
1958
1951
1957
1936
1999
1964
1996
1937
1974
1913
1942
1877
1902
1861
1921
1878
1923
1879
1907
1942
1957
1950
1931
1941
1954
1959
1950
1968
1913
1955
1921
1935
1900
1940
1907
1937
1897
1888
1865
1880
1855
1844
1848
1802
1838
1823
1845
1804
1859
1850
1915
1896
1929
1905
1939
1930
1939
1907
1894
1908
1901
1914
1895
1938
1941
1985
1940
1985
1944
2016
1994
2034
1978
2013
1977
1987
2004
1996
1995
2005
2048
2029
2055
1998
2053
2009
2063
1996
2035
1971
2022
1984
2000
1942
1979
1966
2014
1984
1999
1991
1985
2025
2024
2035
1997
2034
2012
2072
2028
2067
2029
2085
2033
2059
2035
2053
2046
2067
2045
2026
2026
2042
2043
1995
2015
2002
2059
2028
2043
2002
2044
2045
2072
2040
2048
2034
2054
2039
2041
2039
2003
2041
2035
2031
1992
2025
1984
2029
1975
2002
1978
2047
2000
2021
1991
1979
1986
1993
1998
1975
1992
1994
2043
1998
2039
2008
2093
2051
2101
2055
2115
2074
2109
2067
2068
2021
2042
2022
2003
2028
1983
2017
2006
2050
2000
2018
1977
2046
2014
2063
1992
2043
2010
2047
1998
2001
1963
1985
1987
1988
1982
1999
2003
2007
2044
1992
2033
2017
2070
2012
2076
2012
2080
2058
2081
2029
2068
2055
2078
2087
2080
2076
2100
2120
2090
2089
2057
2108
2101
2132
2087
2102
2093
2134
2109
2109
2083
2094
2109
2079
2048
2030
2027
2016
2047
1992
2011
1975
2018
1975
2015
1971
1985
1971
2003
1973
1974
1970
1969
1995
1954
1967
1938
1982
1950
1965
1917
1963
1919
1982
1938
1981
1924
1971
1940
1951
1926
1935
1953
1972
1971
1961
1990
1972
2033
1982
2023
1970
2041
1999
2080
2025
2058
2015
2073
2009
2034
1971
1986
2013
2017
2019
2007
2035
2046
2051
2019
2057
1992
2050
1995
2018
1964
2023
1976
2022
1988
2003
1995
2042
2041
2054
2067
2051
2103
2093
2091
2047
2079
2057
2092
2042
2046
2006
2067
2046
2049
2013
2013
2031
2033
2037
2005
1997
2000
2014
1963
1979
1930
1972
1951
1981
1942
1988
1979
2011
1997
1996
1988
2011
2016
2013
2027
1989
2038
2009
2055
2005
2051
2011
2062
2022
2052
1984
2027
1995
2029
1954
1946
1928
1911
1922
1902
1897
1888
1924
1887
1928
1849
1873
1825
1876
1809
1835
1807
1844
1821
1849
1828
1871
1879
1913
1918
1899
1917
1916
1964
1946
1960
1916
1960
1929
1963
1909
1944
1933
1993
1950
1995
1986
2011
2035
2039
2028
2041
2076
2061
2099
2047
2080
2059
2116
2074
2086
2058
2077
2067
2084
2058
2060
2054
2069
2067
2029
2052
2036
2074
2045
2067
2029
2074
2056
2085
2058
2070
2051
2087
2051
2042
2042
2007
2034
2023
2029
1988
2003
1948
2013
1958
1985
1932
1994
1974
2027
2017
2055
2051
2096
2075
2073
2040
2066
2072
2054
2080
2022
2070
2038
2076
2004
2063
1997
2058
2022
2066
2017
2095
2076
2094
2071
2067
2066
2099
2098
2068
2055
2022
2086
2090
2025
2062
2041
2091
2039
2059
2022
2070
2072
2092
2070
2087
2090
2081
2109
2072
2086
2084
2115
2090
2110
2090
2111
2090
2103
2054
2065
2038
2067
2040
2008
1992
1965
1990
1977
1987
1957
1984
1963
2011
1948
1977
1944
2003
1977
2024
2005
2013
2022
2056
2045
2035
2044
2039
2092
2043
2072
2019
2079
2048
2081
2045
2089
2050
2108
2050
2082
2024
2084
2070
2067
2062
2023
2063
2060
2080
2025
2076
2003
2074
2034
2077
2025
2086
2060
2102
2073
2091
2087
2131
2137
2137
2118
2100
2137
2126
2143
2107
2132
2111
2143
2123
2152
2108
2150
2135
2150
2112
2130
2118
2117
2101
2077
2066
2067
2089
2061
2074
2037
2069
2061
2114
2082
2097
2076
2100
2106
2094
2079
2086
2121
2115
2108
2084
2126
2109
2175
2120
2139
2084
2142
2112
2117
2072
2079
2074
2098
2077
2078
2090
2067
2106
2063
2067
2006
2049
1998
2034
1957
1979
1948
2022
1984
2019
1985
2035
2051
2072
2058
2050
2060
2089
2059
2014
2030
1979
2044
1977
2007
1950
2012
1960
2011
1934
1965
1935
2001
1947
1980
1972
1967
1984
1983
1987
1979
1995
2006
2055
1996
2017
1962
2006
1957
1986
1923
1940
1933
1972
1952
1960
1952
1977
1969
1959
1960
1924
1967
1934
1948
1915
1946
1907
1935
1901
1923
1894
1937
1940
1962
1979
1960
1998
1993
2020
1990
2011
2010
2056
2029
2063
2018
2071
2057
2084
2020
2032
2037
2062
2053
2035
2031
2043
2063
2034
2071
2015
2071
2049
2100
2008
2051
2005
2069
2025
2065
2009
2054
2035
2087
2092
2068
2078
2084
2106
2074
2067
2054
2084
2048
2079
2013
2067
2037
2098
2062
2107
2077
2111
2099
2098
2059
2072
2078
2067
2086
2047
2049
2004
2019
1979
1995
1959
1970
1923
1941
1887
1904
1881
1925
1921
1910
1915
1933
1980
1975
1981
1965
1998
1979
2002
1936
1947
1922
1978
1928
1961
1944
1961
2003
2032
2042
2053
2075
2054
2116
2079
2108
2078
2149
2111
2146
2113
2148
2136
2181
2137
2147
2106
2163
2147
2121
2115
2085
2121
2105
2106
2064
2106
2066
2139
2080
2120
2064
2135
2083
2139
2104
2132
2118
2148
2103
2123
2097
2082
2123
2108
2114
2081
2114
2071
2073
2026
2065
2009
2082
2045
2087
2029
2090
2071
2090
2071
2060
2033
2052
2038
2011
2021
1970
2004
1997
2044
2015
2054
2039
2078
2066
2090
2051
2087
2074
2073
2040
2026
2054
2058
2066
2039
2051
2048
2097
2067
2090
2048
2082
2071
2086
2046
2068
2052
2054
2063
2012
2010
1993
2028
1987
2005
1940
1993
1955
1991
1920
1948
1910
1958
1940
1939
1902
1933
1926
1941
1900
1884
1920
1904
1944
1888
1898
1844
1883
1825
1866
1798
1843
1828
1895
1866
1937
1931
1961
1975
1964
1955
1944
1957
1970
1995
1945
1977
1955
2003
1948
1985
1921
1962
1934
1959
1900
1923
1911
1951
1915
1915
1916
1927
1958
1935
1928
1905
1936
1912
1957
1914
1942
1917
1963
1941
1976
1952
1955
1965
1959
1950
1942
1952
1940
1919
1838
1845
1807
1866
1827
1835
1785
1836
1851
1902
1896
1916
1923
1965
1941
1962
1972
1930
1966
1949
1966
1931
1977
1930
1988
1933
1966
1913
1991
1942
1976
1949
1951
1952
1955
1923
1921
1900
1900
1897
1839
1867
1806
1881
1842
1875
1828
1920
1886
1947
1887
1926
1881
1932
1909
1933
1932
1920
1936
1946
1968
1958
1979
1946
2005
1974
2014
1970
2019
2008
2051
2040
2043
2017
2024
2032
2009
1995
1972
1975
1937
1961
1923
1958
1953
2011
1966
1988
1969
1994
2028
2049
2043
2029
2052
2040
2064
2024
2041
2020
2072
2021
2046
2028
2052
2052
2103
2066
2092
2075
2124
2111
2081
2086
2074
2116
2079
2105
2077
2102
2045
2089
2010
2052
2001
2076
2021
2059
2023
2029
2018
2046
2021
2012
1997
1973
2017
1959
1975
1938
1997
1964
1998
1968
2023
1978
2032
1969
2006
1951
2022
2015
2025
2017
2009
2012
2033
2048
2059
2085
2060
2133
2108
2137
2089
2130
2105
2131
2074
2078
2050
2099
2096
2115
2081
2099
2151
2147
2146
2113
2139
2123
2142
2127
2149
2097
2153
2137
2159
2123
2172
2165
2167
2158
2129
2122
2126
2131
2107
2114
2054
2089
2056
2085
2056
2090
2061
2060
2035
2014
2003
2017
2017
1997
1966
1934
1960
1915
1935
1883
1943
1934
1992
1965
2005
1973
2047
2031
2064
2034
2073
2057
2060
2064
2054
2063
2052
2078
2060
2093
2015
2038
2002
2051
1970
1999
1950
1975
1954
1982
1951
1998
2010
2052
2038
2040
2039
2035
2068
2034
2038
2003
2046
2013
2040
1984
1992
1948
1987
1916
1919
1877
1880
1877
1878
1851
1850
1898
1917
1949
1926
1968
1961
2016
1973
1981
1930
1968
1967
1980
1972
1981
1980
2005
1991
1974
1987
1954
2004
1970
1986
1965
2005
1976
2024
1988
2017
1994
2059
2034
2062
2061
2050
2083
2079
2086
2067
2104
2112
2133
2077
2129
2068
2137
2088
2145
2074
2113
2094
2143
2110
2124
2099
2134
2115
2120
2136
2098
2150
2140
2161
2107
2127
2098
2171
2137
2173
2107
2150
2112
2158
2132
2119
2110
2141
2147
2141
2121
2120
2135
2116
2149
2107
2151
2139
2160
2099
2131
2096
2123
2108
2112
2086
2118
2129
2107
2101
2063
2083
2079
2124
2079
2092
2068
2103
2089
2118
2095
2121
2117
2132
2097
2053
2048
2031
2050
2021
2013
1987
2037
2035
2072
2010
2050
2005
2054
2007
2050
2028
2050
2051
2063
2047
2063
2069
2057
2072
2028
2049
2011
2050
1997
2018
1979
2022
1970
1998
1951
1998
1959
2030
2012
2015
2008
2024
2051
2058
2058
2028
2037
2005
2058
1999
2014
1950
2019
1986
2051
2012
2046
2045
2104
2074
2102
2083
2086
2112
2090
2094
2056
2088
2075
2082
2041
2072
2057
2121
2085
2123
2089
2147
2101
2099
2066
2034
2046
2043
2022
1990
1992
1949
2004
1979
2025
1984
2032
2027
2066
2037
2050
2038
2063
2052
2048
2031
2021
2053
2037
2064
2037
2072
2041
2080
2040
2057
2012
2067
2028
2024
1968
2009
2010
2017
2016
2000
2008
1998
2014
1979
1996
1931
1969
1913
1962
1894
1938
1907
1935
1890
1898
1842
1860
1835
1853
1807
1783
1787
1775
1810
1771
1795
1781
1830
1806
1855
1795
1857
1861
1926
1888
1932
1889
1918
1916
1912
1880
1879
1886
1880
1883
1826
1850
1829
1852
1784
1791
1768
1808
1811
1847
1817
1842
1840
1857
1841
1846
1842
1813
1825
1782
1765
1700
1742
1731
1773
1742
1758
1720
1753
1719
1711
1703
1682
1725
1727
1766
1750
1802
1803
1841
1799
1848
1796
1852
1826
1887
1845
1887
1892
1922
1923
1922
1907
1912
1905
1855
1869
1811
1856
1807
1858
1795
1860
1840
1930
1907
1950
1906
1967
1952
1985
1947
1904
1881
1869
1863
1823
1815
1811
1827
1783
1820
1778
1833
1809
1861
1813
1861
1826
1875
1865
1879
1852
1891
1907
1913
1935
1905
1940
1944
1986
1956
1977
1977
2034
2016
2017
1963
1983
1986
2006
1983
1954
1936
1929
1955
1938
1953
1934
1967
1959
1986
1943
1965
1961
2023
1988
2026
2028
2038
2078
2087
2079
2072
2099
2080
2120
2085
2125
2084
2135
2084
2117
2088
2108
2088
2131
2098
2119
2091
2135
2129
2112
2123
2094
2137
2122
2143
2105
2152
2106
2168
2103
2150
2095
2179
2130
2171
2137
2138
2127
2152
2130
2129
2102
2084
2131
2102
2114
2062
2106
2066
2084
2046
2084
2039
2110
2055
2078
2013
2067
2025
2036
2017
2008
2028
2052
2041
2011
2019
1978
2016
1959
1975
1930
1970
1943
1973
1933
1947
1942
1974
1967
1961
1951
1945
1979
1963
1972
1946
1983
1979
2019
2009
2048
2017
2047
2039
2067
2026
2028
2015
2002
1997
1960
1956
1940
1963
1930
1963
1896
1945
1912
1951
1899
1930
1891
1925
1913
1914
1896
1932
1964
1963
1944
1919
1943
1917
1952
1883
1893
1849
1908
1872
1908
1836
1893
1877
1932
1873
1917
1911
1956
1973
1956
1945
1957
1975
1958
1967
1891
1907
1873
1936
1896
1935
1915
1958
1957
1969
1929
1967
1961
1995
1956
1958
1974
1959
1980
1945
1961
1935
1975
1955
1994
1979
2014
1992
2025
1978
1988
1961
1947
1959
1940
1949
1923
1946
1952
2001
1989
2034
2006
2072
2039
2075
2031
2063
2053
2071
2054
2046
2040
2073
2067
2038
2056
2003
2051
2022
2055
2004
2019
1955
2001
1926
1952
1899
1971
1946
1978
1966
1955
1964
1986
1993
1993
2006
2027
2073
2040
2091
2027
2086
2040
2077
2004
2053
2009
2067
2022
2050
2015
2060
2045
2062
2074
2061
2080
2142
2112
2113
2132
2158
2102
2114
2075
2134
2121
2162
2126
2157
2131
2176
2165
2187
2169
2197
2204
2208
2232
2214
2234
2228
2262
2219
2228
2201
2228
2211
2234
2183
2203
2188
2201
2191
2176
2175
2166
2182
2146
2138
2111
2144
2121
2161
2111
2147
2129
2188
2131
2152
2130
2129
2163
2162
2148
2134
2169
2150
2201
2139
2154
2108
2173
2104
2141
2112
2148
2120
2165
2109
2139
2106
2148
2131
2117
2139
2128
2167
2155
2156
2136
2180
2145
2211
2133
2163
2108
2178
2122
2156
2113
2128
2118
2157
2124
2138
2134
2134
2177
2155
2169
2133
2160
2127
2159
2141
2179
2142
2198
2165
2195
2142
2195
2178
2202
2195
2188
2188
2206
2193
2159
2147
2070
2086
2042
2031
1966
1994
1969
1996
1978
1973
1989
2036
2053
2042
2035
2011
2063
2027
2044
1993
2037
2015
2068
2043
2062
2037
2094
2107
2122
2109
2106
2119
2112
2156
2108
2137
2104
2160
2110
2159
2095
2124
2069
2111
2041
2086
2051
2083
2097
2117
2128
2140
2169
2153
2144
2103
2132
2088
2141
2099
2136
2079
2145
2121
2166
2129
2161
2160
2210
2173
2188
2168
2161
2163
2145
2138
2114
2134
2132
2162
2119
2143
2105
2158
2128
2144
2100
2117
2128
2147
2123
2099
2110
2137
2143
2117
2140
2094
2160
2156
2185
2139
2177
2170
2205
2185
2181
2153
2178
2174
2164
2179
2148
2189
2185
2221
2175
2225
2211
2254
2214
2233
2165
2216
2196
2214
2163
2182
2209
2215
2229
2210
2218
2227
2260
2228
2265
2199
2253
2213
2279
2216
2266
2243
2293
2245
2264
2213
2241
2212
2235
2234
2199
2192
2180
2216
2160
2177
2149
2193
2165
2218
2158
2194
2159
2208
2147
2171
2150
2171
2165
2167
2141
2137
2153
2132
2182
2120
2138
2114
2164
2123
2140
2099
2115
2099
2132
2095
2117
2121
2154
2166
2148
2151
2140
2164
2137
2140
2113
2154
2140
2158
2134
2165
2146
2195
2164
2177
2166
2146
2179
2186
2167
2131
2144
2098
2151
2099
2144
2119
2188
2160
2208
2181
2201
2193
2232
2216
2236
2216
2252
2247
2194
2220
2170
2207
2151
2150
2077
2102
2048
2094
2038
2065
1989
2048
2016
2052
2026
2019
2017
2042
2050
2054
2053
2014
2068
2034
2078
2022
2077
2057
2090
2056
2078
2031
2103
2090
2106
2061
2071
2044
2037
2037
2009
1996
1982
1989
1952
1975
1938
1993
1987
2001
1947
1963
1967
1979
1992
1992
2002
2018
2051
2052
2069
2039
2081
2072
2113
2074
2113
2101
2140
2126
2142
2108
2145
2148
2142
2109
2119
2115
2112
2138
2107
2127
2102
2162
2116
2152
2077
2115
2071
2132
2076
2118
2085
2115
2117
2114
2098
2098
2114
2117
2103
2048
2080
2026
2082
2013
2048
1988
2051
2007
2040
1966
1996
1959
2013
1955
1987
1961
2001
2011
2020
2018
2046
2087
2103
2119
2081
2124
2128
2175
2125
2150
2135
2187
2168
2191
2139
2173
2161
2188
2154
2152
2146
2144
2164
2131
2134
2118
2155
2125
2161
2105
2131
2116
2156
2111
2134
2114
2118
2126
2098
2071
2035
2050
2045
2042
1991
2006
1953
1997
1943
1971
1914
1967
1975
2015
2003
2003
1991
2027
2008
2014
2036
2007
2053
2026
2063
2033
2101
2089
2159
2099
2143
2115
2179
2107
2124
2090
2060
2041
2065
2039
2019
2010
2037
2076
2037
2094
2043
2106
2084
2137
2075
2097
2051
2110
2089
2106
2071
2103
2099
2091
2089
2043
2064
2063
2093
2047
2061
2037
2102
2082
2108
2056
2109
2103
2141
2118
2120
2112
2137
2143
2131
2114
2095
2117
2093
2119
2058
2079
2069
2131
2095
2134
2114
2124
2131
2127
2101
2080
2077
2033
2052
2016
2027
2000
2055
2007
2023
1986
2016
2005
2052
2027
2059
2042
2077
2082
2071
2083
2070
2116
2104
2110
2080
2129
2088
2171
2124
2177
2128
2207
2165
2216
2177
2186
2186
2225
2187
2200
2179
2167
2226
2197
2217
2166
2207
2169
2223
2187
2204
2152
2211
2192
2223
2180
2204
2205
2206
2199
2172
2174
2174
2196
2161
2190
2152
2205
2184
2209
2159
2196
2174
2189
2175
2168
2163
2176
2200
2194
2188
2179
2225
2218
2248
2206
2227
2205
2255
2233
2263
2253
2257
2271
2277
2249
2256
2271
2244
2286
2252
2273
2228
2283
2254
2306
2253
2268
2237
2292
2250
2272
2232
2251
2270
2262
2251
2221
2237
2232
2234
2168
2185
2123
2183
2118
2164
2106
2176
2137
2184
2123
2141
2111
2152
2109
2116
2114
2093
2154
2138
2159
2138
2192
2163
2222
2173
2207
2151
2213
2151
2190
2142
2169
2158
2190
2163
2166
2160
2178
2159
2142
2155
2105
2154
2126
2144
2087
2121
2084
2126
2088
2096
2053
2093
2085
2098
2092
2093
2111
2115
2127
2110
2115
2100
2146
2118
2141
2106
2125
2119
2141
2110
2122
2116
2119
2133
2142
2148
2149
2177
2136
2173
2115
2143
2118
2164
2104
2130
2118
2148
2142
2160
2136
2158
2161
2189
2197
2156
2161
2153
2213
2177
2195
2155
2204
2178
2221
2139
2160
2119
2171
2100
2114
2092
2109
2127
2128
2115
2107
2119
2082
2135
2073
2117
2076
2137
2073
2087
2018
2048
1983
2006
1931
1931
1890
1911
1884
1855
1854
1855
1902
1910
1930
1924
1949
1933
1980
1932
1990
1967
2031
2002
2035
2025
2026
2030
2038
2024
2011
2007
1983
2039
2007
2021
1967
2004
1978
1998
1975
1986
1964
2002
1982
1990
1977
2009
2000
1982
1989
1944
1984
1983
2023
1984
2041
1995
2080
2044
2079
2023
2074
2039
2050
2023
1979
1943
1945
1925
1893
1877
1831
1887
1848
1889
1829
1893
1850
1904
1874
1908
1867
1936
1896
1920
1865
1888
1850
1849
1837
1802
1802
1800
1814
1775
1799
1751
1793
1779
1834
1791
1819
1797
1837
1825
1837
1829
1868
1888
1897
1886
1852
1869
1863
1908
1861
1874
1870
1921
1929
1969
1933
1952
1962
1988
1954
1954
1939
1921
1938
1911
1923
1905
1946
1922
1969
1934
1962
1947
1999
1965
1990
1935
1936
1939
1908
1888
1867
1900
1913
1909
1896
1945
1923
2011
1950
1994
1934
1992
1954
1998
1951
1988
1970
2022
1989
2014
2010
1977
2011
1990
2001
1955
1989
1952
1989
1926
1968
1916
1997
1954
1991
1935
1955
1935
1960
1939
1943
1920
1930
1907
1864
1894
1847
1900
1861
1881
1834
1881
1861
1939
1896
1948
1904
1961
1935
1962
1947
1934
1934
1935
1925
1908
1911
1909
1922
1907
1937
1895
1940
1946
1975
1939
1980
1977
2003
2008
2007
1993
1986
1996
1973
1979
1921
1923
1907
1935
1878
1906
1906
1954
1958
1973
1956
1996
2010
2021
2039
2016
2037
2027
2060
2015
2023
1993
2015
1983
2024
1971
2015
1992
2053
2002
2031
2017
2041
2075
2080
2056
2053
2069
2052
2102
2046
2082
2030
2103
2043
2082
2038
2080
2046
2104
2070
2120
2091
2147
2122
2114
2116
2117
2151
2150
2163
2146
2155
2097
2145
2096
2137
2095
2150
2105
2146
2120
2123
2106
2138
2121
2114
2079
2048
2097
2064
2079
2023
2043
2039
2076
2049
2071
2047
2092
2077
2075
2060
2075
2084
2090
2107
2055
2080
2072
2111
2077
2119
2068
2119
2100
2117
2060
2092
2088
2107
2100
2064
2056
2046
2065
2027
2039
2000
2065
2058
2123
2063
2107
2064
2118
2055
2060
2014
2021
2006
2016
1986
2007
2012
1986
2025
1976
2001
1996
2048
2002
2050
2005
2061
2042
2115
2064
2108
2061
2104
2106
2101
2079
2085
2096
2108
2092
2049
2075
2035
2076
2010
2044
1985
2030
1972
1999
1945
1955
1944
1994
1970
1988
1970
1960
1993
1981
1976
1937
1954
1942
1965
1927
1943
1921
1975
1947
1973
1932
1951
1963
1972
1957
1957
1975
1992
2008
1980
2010
1986
2044
2005
2025
1980
2032
2006
2025
1982
1992
1981
2011
1994
1985
1993
1957
1999
1982
1999
1963
2004
1982
2018
1973
1992
1937
2002
1967
1986
1926
1944
1951
1955
1948
1916
1908
1914
1928
1885
1934
1882
1947
1908
1985
1938
1994
1982
2058
2039
2076
2045
2101
2076
2108
2068
2034
2021
1993
2019
2000
2003
1975
2009
1975
2020
1970
2012
2007
2050
1997
2032
1991
2022
2022
2049
2028
2031
2038
2020
2033
1983
2001
1991
2014
1965
1979
1948
1993
1998
2023
1997
2026
2023
2050
2064
5835
2062
2064
2092
2121
2142
2160
2154
2159
2152
2146
2138
2114
2103
2092
2089
2096
2095
2086
2071
2078
2086
2091
2081
2064
2057
2056
2063
2073
2083
2085
2091
2097
2096
2096
2106
2109
2110
2102
2107
2124
2125
2138
2118
2118
2111
2109
2110
2108
2098
2087
2088
2085
2088
2087
2104
2110
2127
2184
2171
2176
2200
2211
2203
2185
2164
2160
2191
2189
2189
2188
2179
2188
2204
2207
2183
2168
2149
2135
2125
2113
2106
2104
2105
2123
2116
2112
2128
2143
2155
2153
2156
2147
2137
2139
2158
2154
2149
2158
2153
2156
2163
2170
2177
2181
2183
2190
2196
2195
2203
2198
2195
2187
2184
2190
2197
2196
2192
2177
2168
2168
2175
2182
2170
2167
2156
2161
2180
2173
2162
2172
2158
2136
2125
2121
2107
2099
2109
2102
2099
2121
2136
2161
2164
2170
2172
2171
2190
2173
2176
2150
2143
2145
2149
2138
2134
2144
2156
2167
2182
2196
2213
2217
2225
2234
2245
2248
2232
2218
2219
2218
2225
2233
2234
2241
2228
2225
2246
2252
2245
2252
2245
2229
2226
2225
2239
2248
2251
2258
2258
2270
2266
2249
2246
2238
2226
2221
2189
2179
2173
2167
2162
2180
2180
2179
2171
2166
2165
2167
2180
2175
2164
2149
2148
2139
2145
2140
2147
2162
2153
2145
2164
2181
2185
2210
2207
2198
2181
2185
2174
2169
2167
2179
2186
2182
2177
2196
2186
2186
2179
2171
2159
2184
2184
2190
2186
2181
2173
2179
2178
2178
2193
2190
2195
2179
2182
2183
2180
2181
2170
2164
2147
2125
2127
2128
2123
2126
2133
2127
2132
2127
2108
2100
2102
2098
2115
2114
2129
2134
2138
2128
2123
2120
2134
2138
2141
2139
2131
2130
2107
2075
2057
2075
2075
2060
2068
2075
2091
2112
2136
2125
2136
2144
2140
2123
2113
2091
2087
2077
2083
2088
2089
2097
2101
2088
2074
2059
2049
2029
2024
2006
1995
1997
2011
2012
2013
2020
2022
2025
2010
2017
2011
2012
2007
2038
2045
2056
2057
2073
2091
2099
2102
2108
2095
2093
2103
2100
2114
2124
2124
2124
2123
2122
2102
2062
2050
2036
2042
2042
2055
2055
2066
2045
2024
1999
1985
1983
1976
1964
1958
1943
1965
1988
2002
2012
2021
2050
2065
2075
2085
2086
2093
2103
2099
2092
2078
2061
2059
2048
2023
2019
2019
2027
2020
2026
2026
2032
2038
2023
2014
2002
2006
2011
2041
2067
2084
2088
2090
2117
2142
2142
2157
2154
2151
2146
2133
2135
2139
2138
2136
2125
2117
2111
2110
2109
2121
2138
2136
2150
2158
2173
2182
2194
2186
2183
2182
2175
2170
2193
2192
2190
2187
2193
2205
2175
2165
2154
2155
2133
2127
2123
2106
2109
2112
2122
2149
2170
2179
2182
2189
2179
2171
2154
2136
2118
2119
2114
2110
2119
2124
2128
2131
2120
2106
2108
2110
2105
2098
2099
2109
2084
2073
2066
2051
2059
2064
2052
2050
2066
2080
2078
2103
2110
2125
2132
2135
2133
2135
2134
2124
2129
2126
2116
2110
2099
2081
2075
2070
2070
2069
2067
2074
2074
2085
2107
2106
2111
2123
2141
2161
2159
2152
2164
2150
2147
2138
2139
2145
2153
2161
2143
2142
2127
2125
2121
2111
2107
2085
2060
2036
2026
2021
2018
2018
2030
2031
2027
2037
2041
2050
2058
2065
2061
2060
2052
2052
2060
2070
2089
2097
2095
2107
2113
2114
2106
2095
2085
2088
2088
2087
2081
2079
2071
2059
2056
2051
2051
2051
2038
2014
2004
2004
1999
1986
1954
1958
1966
1967
1973
1991
1999
2014
2023
2026
2038
2053
2056
2068
2059
2046
2050
2030
2014
1991
1980
1968
1972
1990
1995
1990
1968
1959
1961
1959
1968
1967
1969
1964
1963
1963
1973
1967
1962
1990
1996
2010
2020
2033
2052
2077
2082
2069
2048
2029
1987
1941
1916
1907
1904
1915
1918
1918
1917
1926
1946
1960
1962
1955
1934
1909
1886
1865
1851
1849
1849
1848
1863
1879
1893
1907
1907
1903
1907
1912
1922
1926
1931
1916
1926
1917
1907
1899
1871
1867
1878
1891
1901
1907
1926
1930
1939
1959
1968
1963
1958
1965
1966
1970
1985
1999
2011
2003
1991
1986
1988
2006
2003
1980
1962
1944
1929
1911
1913
1938
1955
1976
1981
1987
1990
1995
1972
1969
1945
1928
1909
1906
1905
1907
1884
1875
1877
1893
1894
1890
1879
1879
1880
1887
1904
1913
1930
1930
1930
1923
1927
1937
1955
1973
1983
1984
1998
1997
2009
2006
1992
1985
1976
1978
1997
2006
2013
2008
2030
2052
2054
2054
2048
2045
2068
2092
2098
2100
2091
2080
2080
2066
2070
2054
2049
2062
2043
2046
2054
2060
2065
2057
2051
2073
2078
2064
2042
2021
2008
2012
2027
2034
2027
2054
2070
2082
2088
2091
2108
2119
2119
2132
2145
2157
2158
2165
2178
2196
2215
2227
2236
2240
2233
2228
2215
2202
2195
2174
2161
2131
2114
2107
2102
2077
2072
2057
2024
2003
1997
1999
2010
2007
2007
2019
2017
2024
2038
2046
2050
2058
2073
2086
2096
2108
2093
2092
2090
2086
2074
2077
2086
2094
2079
2078
2087
2100
2101
2117
2124
2121
2128
2135
2147
2150
2157
2168
2164
2170
2167
2173
2168
2159
2157
2149
2143
2131
2134
2139
2145
2138
2133
2134
2142
2141
2139
2139
2134
2123
2123
2114
2119
2114
2107
2102
2101
2096
2103
2104
2101
2095
2100
2094
2099
2093
2086
2075
2070
2064
2056
2056
2065
2077
2088
2107
2110
2114
2112
2115
2109
2118
2123
2112
2102
2091
2077
2076
2056
2055
2033
2028
2044
2046
2044
2054
2057
2069
2074
2083
2092
2103
2106
2105
2098
2104
2107
2083
2058
2046
2035
2014
2012
2001
1984
1983
1989
1995
1998
1997
2022
2034
2045
2056
2056
2042
2031
2025
2015
2014
2010
2004
2004
2003
2007
2018
2023
2019
2032
2048
2044
2047
2034
2026
2025
2039
2037
2038
2030
2039
2049
2061
2059
2063
2070
2065
2060
2065
2058
2054
2068
2091
2099
2107
2108
2106
2097
2105
2092
2082
2069
2046
2042
2023
2028
2042
2044
2030
2030
2032
2027
2019
2027
2024
2020
2010
1993
1998
1999
2011
2014
2017
2009
1987
1966
1938
1927
1930
1935
1941
1953
1963
1981
2002
1999
1999
1994
1994
1981
1973
1952
1944
1960
1963
1961
1971
1981
1982
1990
1995
1990
1972
1963
1964
1960
1934
1938
1937
1947
1947
1941
1943
1945
1949
1942
1957
1974
1982
1990
2008
2000
1987
1979
1980
1956
1937
1918
1916
1925
1950
1967
1967
1993
2004
2005
2018
2031
2029
2046
2066
2070
2060
2058
2071
2060
2060
2073
2086
2086
2081
2091
2110
2113
2116
2109
2109
2079
2066
2048
2039
2044
2043
2037
2028
2022
2009
1997
2000
2002
1988
1988
1985
1968
1950
1954
1957
1975
1984
1997
2014
2020
2018
2027
2023
2039
2050
2055
2063
2083
2091
2095
2092
2093
2093
2099
2103
2102
2109
2117
2132
2126
2126
2131
2120
2100
2092
2072
2050
2046
2041
2027
2009
2005
2016
2025
2021
2009
2001
1993
1999
2005
1999
1981
1983
1968
1960
1958
1966
1976
1974
1964
1977
1985
2001
2010
2018
2014
2034
2055
2057
2064
2078
2074
2094
2102
2115
2120
2127
2128
2143
2149
2145
2151
2151
2153
2162
2161
2152
2135
2116
2098
2079
2051
2033
2011
2003
1992
1995
1997
2004
2018
2046
2066
2097
2122
2133
2127
2110
2111
2121
2121
2101
2100
2121
2131
2136
2136
2157
2159
2161
2165
2155
2150
2115
2092
2069
2056
2046
2031
2034
2034
2022
1998
1986
1978
1985
1990
1983
1965
1958
1956
1952
1949
1944
1932
1941
1945
1958
1961
1968
1963
1973
1956
1943
1939
1907
1886
1878
1864
1872
1880
1895
1934
1967
1972
1969
1961
1951
1952
1918
1905
1881
1884
1881
1894
1908
1903
1901
1896
1876
1864
1843
1834
1807
1764
1719
1713
1711
1698
1700
1704
1707
1703
1723
1735
1745
1732
1739
1738
1747
1739
1731
1743
1735
1728
1742
1767
1789
1823
1844
1849
1859
1855
1864
1865
1859
1871
1896
1899
1913
1917
1927
1943
1966
1967
1973
1965
1957
1942
1924
1907
1897
1874
1853
1825
1812
1819
1832
1841
1836
1835
1834
1843
1856
1884
1905
1926
1933
1931
1939
1939
1928
1922
1927
1940
1936
1959
1972
1984
1989
2004
2010
2013
2025
2036
2038
2036
2051
2055
2065
2069
2087
2091
2108
2113
2131
2130
2146
2166
2166
2169
2169
2167
2169
2180
2164
2154
2164
2171
2165
2156
2137
2129
2112
2105
2091
2069
2035
2031
2035
2033
2019
2033
2026
2026
2034
2052
2074
2086
2090
2108
2118
2130
2133
2124
2109
2103
2097
2098
2091
2087
2087
2080
2081
2084
2105
2122
2128
2135
2142
2163
2175
2193
2204
2211
2227
2231
2244
2242
2231
2227
2218
2207
2201
2195
2211
2214
2214
2219
2219
2213
2210
2202
2191
2170
2160
2168
2180
2172
2173
2181
2182
2207
2205
2199
2196
2184
2159
2150
2127
2108
2089
2098
2096
2098
2107
2112
2138
2163
2174
2187
2199
2196
2193
2196
2195
2196
2207
2213
2216
2212
2211
2195
2193
2176
2156
2140
2135
2128
2125
2130
2188
2172
2168
2178
2167
2169
2168
2157
2175
2198
2206
2204
2223
2227
2232
2250
2257
2250
2244
2237
2236
2234
2232
2219
2190
2167
2144
2146
2152
2169
2170
2176
2172
2162
2159
2150
2153
2143
2139
2139
2148
2161
2179
2177
2183
2171
2164
2163
2172
2183
2189
2190
2191
2176
2164
2156
2138
2126
2106
2107
2103
2099
2087
2079
2072
2091
2108
2116
2125
2140
2140
2143
2148
2156
2164
2156
2159
2166
2168
2160
2154
2143
2133
2127
2127
2122
2118
2122
2104
2118
2110
2110
2109
2105
2105
2112
2103
2109
2102
2100
2089
2078
2062
2061
2070
2070
2044
2029
2014
1998
1988
1975
1979
1994
2007
2026
2035
2043
2047
2053
2072
2078
2074
2063
2050
2046
2050
2053
2053
2084
2098
2119
2128
2139
2140
2134
2126
2136
2140
2155
2152
2163
2154
2151
2136
2119
2099
2083
2077
2074
2075
2078
2084
2089
2111
2120
2123
2131
2139
2136
2128
2110
2107
2095
2096
2092
2088
2084
2091
2102
2093
2090
2078
2067
2063
2052
2038
2031
2011
1983
1956
1941
1914
1902
1897
1897
1875
1862
1842
1825
1800
1783
1779
1793
1796
1817
1840
1878
1903
1920
1930
1924
1921
1915
1902
1888
1883
1881
1863
1853
1827
1822
1825
1822
1828
1838
1854
1881
1909
1941
1976
2006
2016
2033
2043
2041
2035
2025
2003
2001
1992
1987
1988
2002
2008
2024
2053
2071
2069
2068
2077
2079
2077
2066
2057
2049
2042
2016
2013
2009
2003
2012
2019
2010
2001
2001
2007
2012
2016
2028
2030
2039
2063
2081
2093
2099
2099
2091
2068
2054
2035
2020
2014
2009
1999
2005
2021
2033
2028
2030
2037
2045
2035
2037
2040
2045
2045
2038
2024
2026
2012
2006
1995
1993
1984
1985
1987
1992
1998
2012
2026
2034
2052
2054
2046
2046
2051
2057
2057
2067
2068
2074
2084
2092
2089
2078
2081
2092
2093
2092
2092
2088
2089
2095
2104
2120
2125
2117
2114
2098
2064
2054
2034
2015
1979
1964
1931
1923
1901
1881
1877
1876
1881
1911
1954
1988
2010
2042
2075
2092
2092
2097
2091
2088
2092
2086
2082
2077
2065
2064
2077
2078
2074
2080
2107
2116
2122
2103
2073
2057
2044
2019
2005
1992
1988
1979
1988
1999
2000
1995
2000
2023
2036
2031
2025
2031
2018
2021
2002
1990
1977
1978
1965
1971
1960
1966
1979
1980
1983
1978
1993
1996
1995
2015
2025
2039
2050
2059
2076
2102
2106
2103
2100
2117
2120
2115
2105
2107
2090
2081
2066
2063
2049
2039
2026
2020
2002
1986
1983
1975
1956
1952
1956
1953
1940
1921
1925
1922
1933
1946
1949
1957
1949
1942
1951
1957
1959
1960
1976
1982
1982
1983
1998
1995
1970
1957
1940
1948
1951
1941
1950
1956
1941
1949
1958
1957
1951
1966
1953
1947
1939
1947
1933
1935
1916
1913
1920
1928
1927
1942
1956
1963
1963
1957
1972
1983
1978
1985
1999
1999
2006
2021
2054
2076
2112
2117
2126
2107
2088
2089
2085
2072
2063
2057
2048
2029
2011
2018
2019
2033
2054
2059
2049
2061
2074
2076
2091
2088
2091
2097
2104
2124
2116
2117
2121
2113
2110
2110
2105
2097
2079
2075
2061
2069
2066
2068
2075
2085
2074
2075
2075
2072
2067
2080
2109
2121
2127
2126
2141
2149
2156
2158
2150
2147
2143
2138
2121
2111
2114
2127
2133
2125
2118
2121
2117
2114
2114
2120
2131
2121
2113
2095
2093
2083
2083
2083
2081
2066
2059
2049
2042
2051
2042
2033
2038
2036
2010
1994
1994
1978
1967
1938
1935
1943
1945
1970
1985
2003
2008
2012
2024
2031
2032
2043
2062
2069
2076
2078
2071
2067
2055
2035
2024
2026
2023
2021
2024
2028
2035
2045
2058
2061
2068
2053
2068
2087
2097
2123
2141
2155
2161
2162
2152
2144
2132
2136
2146
2139
2142
2139
2135
2143
2155
2152
2164
2160
2158
2159
2176
2176
2170
2179
2172
2147
2131
2124
2115
2122
2111
2119
2120
2125
2131
2134
2138
2152
2172
2187
2191
2214
2223
2233
2230
2220
2210
2205
2195
2178
2163
2145
2117
2099
2086
2081
2091
2089
2093
2096
2099
2100
2112
2104
2115
2117
2116
2120
2130
2126
2137
2130
2137
2139
2121
2124
2138
2132
2143
2159
2164
2177
2168
2164
2154
2139
2139
2140
2142
2139
2139
2139
2143
2139
2152
2163
2176
2184
2188
2198
2226
2235
2244
2244
2251
2240
2234
2224
2233
2230
2225
2217
2207
2210
2209
2209
2219
2227
2222
2223
2230
2228
2231
2241
2250
2238
2247
2263
2268
2267
2256
2247
2249
2266
2248
2250
2248
2248
2240
2224
2231
2244
2249
2258
2253
2243
2256
2268
2266
2262
2260
2262
2269
2270
2266
2259
2229
2220
2224
2224
2230
2251
2238
2236
2246
2238
2228
2229
2235
2227
2227
2206
2208
2208
2195
2203
2203
2201
2211
2232
2225
2212
2211
2218
2220
2222
2235
2225
2216
2203
2194
2207
2212
2225
2235
2236
2223
2222
2224
2226
2244
2260
2270
2269
2267
2256
2241
2245
2259
2256
2252
2254
2251
2251
2257
2263
2277
2262
2255
2243
2232
2224
2205
2201
2203
2192
2184
2165
2185
2189
2188
2196
2187
2191
2194
2197
2180
2182
2180
2185
2193
2190
2194
2196
2179
2170
2166
2160
2170
2155
2135
2142
2149
2149
2161
2157
2161
2153
2153
2143
2130
2102
2087
2059
2032
2012
1989
1972
1954
1962
1971
1974
2001
2017
2028
2039
2067
2078
2080
2077
2071
2072
2085
2087
2103
2110
2108
2121
2128
2135
2137
2122
2095
2072
2061
2028
2014
1999
1983
1970
1965
1957
1969
1967
1988
1993
1984
1992
1981
1975
1978
1978
1974
1981
1950
1932
1930
1933
1923
1914
1903
1883
1854
1836
1831
1853
1875
1904
1917
1942
1951
1956
1955
1938
1949
1951
1954
1951
1940
1923
1906
1909
1905
1903
1916
1910
1920
1917
1905
1891
1871
1854
1836
1837
1836
1821
1827
1831
1844
1863
1874
1888
1901
1911
1922
1911
1901
1903
1894
1875
1865
1871
1899
1918
1929
1955
1970
1988
2007
2018
2017
2009
1997
1987
1991
2002
2007
2021
2047
2054
2047
2058
2065
2067
2060
2070
2062
2041
2017
1994
1980
1981
1976
1961
1974
1970
1979
1980
1981
2008
2033
2037
2042
2057
2060
2059
2060
2059
2068
2046
2044
2033
2038
2036
2026
2034
2037
2038
2029
2030
2019
2023
2020
2023
2013
2017
2019
2024
2020
2020
2021
2009
2019
2032
2029
2027
2033
2026
2017
2010
1987
1962
1955
1943
1941
1936
1931
1948
1961
1972
1979
1978
1979
1967
1954
1946
1959
1954
1929
1942
1940
1948
1945
1967
1971
1980
2001
2019
2024
2028
2030
2032
2030
2010
1976
1953
1955
1942
1953
1964
1980
1986
2000
1993
2001
2001
1995
1998
1995
1997
1986
1983
1970
1969
1974
1968
1951
1947
1963
1974
1984
2000
2011
2012
2015
2017
2018
2025
2023
2031
2031
2040
2044
2052
2057
2071
2064
2068
2083
2090
2095
2082
2095
2092
2093
2087
2080
2084
2081
2087
2095
2093
2094
2089
2081
2089
2080
2073
2069
2058
2063
2048
2038
2019
2017
2004
1993
1979
1971
1944
1956
1949
1944
1959
1959
1959
1973
1986
1990
1995
1999
1991
1989
1973
1958
1952
1956
1956
1956
1963
1964
1957
1951
1941
1938
1948
1953
1960
1974
1992
1995
2016
2024
2025
2036
2035
2028
2039
2038
2050
2057
2060
2068
2068
2062
2060
2045
2035
2026
2017
2016
2005
2030
2035
2054
2059
2065
2055
2047
2018
2005
1997
2005
2014
2019
2018
2027
2033
2054
2075
2074
2078
2075
2081
2082
2071
2075
2071
2056
2047
2041
2043
2047
2057
2053
2051
2050
2055
2036
2022
2007
2006
1996
1978
1963
1970
1970
1975
1962
1955
1959
1958
1961
1970
1991
1999
2003
2014
2010
2011
2004
2004
2000
1998
1998
2001
2021
2032
2028
2017
2019
2000
1990
1983
1957
1954
1949
1934
1912
1904
1888
1872
1855
1836
1825
1816
1813
1796
1791
1781
1774
1763
1762
1766
1786
1816
1835
1847
1858
1871
1884
1898
1909
1902
1913
1911
1893
1897
1891
1888
1887
1889
1880
1875
1879
1894
1913
1950
1971
2012
2024
2034
2064
2075
2088
2090
2101
2107
2098
2092
2095
2095
2092
2072
2068
2061
2060
2052
2030
2031
2040
2048
2055
2046
2048
2063
2084
2098
2108
2089
2081
2079
2068
2043
2034
2032
2023
2016
1993
1966
1959
1947
1957
1949
1962
1960
1973
1972
1978
1983
2009
2019
2024
2042
2057
2075
2084
2090
2089
2079
2081
2088
2081
2078
2065
2070
2071
2078
2070
2055
2053
2035
2025
2013
2010
2025
2037
2060
2082
2094
2081
2068
2061
2062
2050
2031
2023
2018
2034
2044
2054
2046
2053
2062
2067
2055
2067
2049
2051
2062
2114
2104
2117
2134
2139
2139
2144
2137
2132
2120
2093
2087
2088
2089
2084
2071
2045
2019
2012
1995
1982
1970
1959
1954
1962
1959
1954
1940
1926
1932
1933
1950
1954
1963
1985
1992
1993
2006
2011
2030
2044
2051
2060
2069
2074
2077
2089
2103
2111
2115
2121
2114
2115
2115
2101
2099
2088
2082
2075
2057
2058
2052
2045
2046
2033
2024
2031
2043
2036
2036
2038
2053
2061
2074
2094
2116
2130
2127
2146
2132
2126
2136
2138
2141
2147
2150
2164
2173
2168
2164
2173
2194
2207
2195
2180
2171
2154
2144
2117
2107
2099
2081
2059
2056
2064
2069
2074
2097
2106
2114
2120
2129
2131
2136
2142
2153
2151
2152
2138
2143
2136
2130
2122
2111
2094
2105
2108
2100
2099
2095
2102
2100
2107
2117
2114
2101
2099
2110
2112
2117
2101
2095
2069
2034
1996
1967
1954
1951
1943
1944
1968
1986
2015
2035
2066
2070
2070
2076
2087
2078
2062
2067
2056
2047
2037
1999
1980
1974
1966
1963
1959
1941
1949
1945
1950
1946
1947
1963
1959
1963
1978
1987
1983
1995
2004
2019
2004
2011
1993
1987
1975
1958
1934
1917
1903
1925
1923
1929
1934
1945
1953
1967
1980
1987
1988
1970
1966
1952
1934
1918
1904
1874
1880
1884
1915
1904
1903
1936
1947
1959
1982
1996
2017
2020
2007
2005
2011
2024
2029
2027
2024
2030
2039
2062
2064
2066
2061
2063
2071
2074
2070
2077
2085
2084
2087
2087
2086
2065
2052
2048
2041
2038
2034
2020
2023
2034
2043
2068
2096
2108
2111
2108
2096
2101
2082
2076
2059
2049
2040
2056
2064
2071
2082
2090
2095
2098
2094
2090
2079
2072
2079
2081
2080
2076
2050
2015
2015
2003
1982
1960
1938
1921
1908
1902
1894
1899
1890
1902
1931
1944
1954
1959
1986
1997
2000
1999
2004
2001
2008
1987
1959
1952
1948
1963
1974
1990
2002
2016
2052
2054
2052
2059
2073
2086
2102
2112
2116
2117
2133
2156
2152
2150
2148
2150
2136
2133
2137
2149
2145
2134
2114
2117
2110
2111
2113
2111
2124
2117
2099
2102
2109
2107
2115
2112
2111
2112
2116
2121
2130
2136
2129
2140
2153
2153
2151
2146
2156
2150
2147
2133
2131
2120
2105
2087
2076
2069
2073
2063
2059
2058
2054
2044
2032
2008
1981
1986
1989
1998
2005
2030
2051
2076
2084
2101
2109
2116
2114
2099
2090
2092
2086
2099
2097
2100
2090
2087
2080
2074
2080
2079
2080
2073
2082
2080
2087
2081
2090
2092
2088
2090
2075
2044
2022
1998
1975
1957
1949
1938
1928
1923
1910
1908
1906
1879
1868
1869
1880
1897
1899
1900
1898
1891
1883
1882
1895
1894
1886
1871
1836
1810
1805
1805
1812
1815
1829
1851
1896
1939
1960
1981
1984
1984
1976
1962
1940
1939
1944
1954
1966
1977
1960
1959
1953
1942
1926
1914
1912
1913
1904
1903
1897
1905
1905
1902
1895
1890
1873
1867
1862
1866
1885
1897
1903
1918
1939
1950
1950
1936
1934
1934
1931
1921
1901
1881
1879
1870
1871
1864
1850
1837
1820
1819
1805
1791
1798
1825
1858
1889
1935
1951
1956
1948
1952
1956
1963
1955
1941
1942
1934
1924
1927
1935
1951
1957
1961
1956
1945
1952
1958
1953
1943
1932
1919
1884
1881
1868
1851
1855
1849
1864
1884
1913
1922
1934
1952
1957
1953
1961
1960
1942
1937
1938
1952
1962
1964
1964
1983
1986
1990
1972
1967
1954
1958
1953
1967
1968
1994
2013
2035
2045
2034
2031
2013
2004
1981
1971
1963
1944
1933
1944
1967
1982
1998
2009
2008
2015
2014
2020
2032
2045
2064
2072
2061
2056
2046
2037
2031
2027
2027
2032
2045
2069
2080
2096
2123
2127
2112
2104
2106
2114
2111
2101
2097
2100
2081
2071
2064
2065
2069
2054
2039
2032
2037
2042
2054
2057
2056
2034
2014
2009
2015
1995
1988
1984
1985
1987
2005
2015
2020
2034
2039
2045
2053
2051
2038
2027
2006
2008
2020
2031
2031
2031
2051
2067
2087
2118
2118
2118
2139
2152
2160
2158
2148
2137
2136
2136
2116
2103
2104
2106
2113
2123
2128
2143
2149
2152
2156
2144
2143
2141
2150
2154
2163
2165
2180
2182
2182
2180
2191
2184
2161
2155
2147
2134
2122
2110
2089
2076
2071
2058
2049
2038
2033
2031
2004
1985
1952
1930
1902
1878
1879
1880
1864
1871
1872
1869
1886
1912
1938
1967
1997
2031
2044
2041
2064
2068
2076
2076
2072
2085
2092
2088
2079
2079
2082
2079
2063
2057
2037
2025
2001
1986
1974
1977
1984
1991
2010
2022
2044
2049
2065
2075
2074
2068
2067
2059
2034
2028
2034
2025
2023
2000
1986
1957
1945
1930
1909
1895
1893
1879
1875
1886
1918
1944
1954
1960
1985
2002
2006
2014
1996
1982
1978
1982
1977
1979
1981
1984
1996
1998
1990
1987
1989
2001
1996
1991
1993
2006
2014
2018
2027
2043
2056
2066
2077
2091
2095
2108
2117
2123
2126
2125
2137
2134
2130
2137
2134
2132
2122
2109
2071
2061
2049
2056
2052
2054
2067
2072
2068
2068
2079
2087
2096
2105
2102
2111
2136
2140
2157
2151
2147
2148
2160
2164
2162
2145
2130
2124
2132
2145
2150
2142
2149
2164
2177
2184
2166
2162
2155
2159
2145
2131
2133
2142
2150
2142
2127
2125
2107
2106
2105
2114
2123
2107
2116
2112
2109
2110
2124
2134
2144
2137
2128
2117
2104
2083
2065
2041
2029
2008
1999
1974
1969
1956
1964
1981
1994
2017
2027
2042
2059
2067
2073
2079
2079
2086
2072
2060
2056
2056
2051
2050
2060
2066
2053
2051
2040
2034
2020
1993
1978
1967
1955
1933
1931
1930
1944
1964
1975
1984
1997
2000
2002
2021
2024
2027
2029
2027
2011
2000
1982
1971
1971
1976
1987
1990
2000
2029
2045
2056
2070
2073
2071
2079
2080
2064
2061
2040
2033
2033
2024
2027
2045
2052
2064
2075
2083
2068
2055
2045
2031
2017
1989
1968
1965
1962
1950
1939
1941
1938
1948
1960
1983
2004
2019
2016
2008
2009
2005
1982
1973
1967
1982
1988
1994
2001
1992
1992
1986
1968
1963
1959
1958
1958
1963
1975
1956
1952
1969
1980
1980
1992
1991
1988
1971
1951
1933
1923
1911
1911
1905
1905
1897
1883
1871
1856
1837
1811
1789
1774
1770
1748
1735
1733
1731
1729
1730
1723
1726
1730
1746
1760
1789
1796
1823
1838
1840
1824
1831
1836
1844
1843
1824
1817
1786
1777
1755
1742
1730
1711
1683
1679
1673
1686
1705
1715
1737
1767
1777
1774
1772
1775
1755
1726
1714
1694
1653
1637
1632
1624
1616
1605
1605
1604
1595
1583
1586
1574
1581
1607
1622
1628
1657
1678
1689
1713
1716
1730
1723
1724
1738
1758
1787
1809
1823
1832
1843
1856
1878
1885
1866
1849
1831
1818
1814
1811
1820
1825
1829
1833
1864
1886
1904
1915
1922
1917
1907
1890
1861
1837
1811
1795
1775
1766
1761
1765
1759
1779
1784
1784
1789
1795
1795
1806
1805
1824
1834
1845
1852
1861
1879
1903
1942
1956
1966
1976
1982
1987
1996
1985
1995
1990
1976
1982
2001
1986
1976
1956
1940
1933
1931
1927
1935
1942
1948
1961
1970
1967
1978
1985
1991
2011
2016
2028
2054
2063
2062
2072
2075
2074
2079
2100
2104
2094
2098
2093
2085
2075
2080
2087
2099
2097
2092
2076
2080
2095
2096
2096
2091
2079
2074
2081
2087
2094
2083
2095
2112
2125
2139
2159
2173
2168
2162
2161
2157
2153
2154
2148
2137
2129
2118
2118
2113
2116
2129
2115
2107
2116
2103
2083
2072
2064
2057
2058
2062
2046
2042
2020
2018
2002
1989
1973
1969
1974
1962
1961
1965
1965
1942
1927
1926
1931
1936
1937
1950
1961
1956
1946
1946
1957
1957
1952
1953
1955
1977
1988
2005
2027
2031
2019
2034
2041
2058
2058
2047
2039
2021
2007
2002
1999
1984
1974
1964
1954
1936
1920
1900
1887
1875
1876
1873
1855
1862
1861
1872
1884
1903
1932
1961
1965
1961
1963
1954
1939
1924
1893
1871
1855
1829
1819
1816
1830
1843
1858
1884
1920
1949
1960
1968
1956
1944
1949
1958
1951
1932
1937
1927
1919
1913
1928
1934
1948
1937
1933
1941
1946
1959
1977
1983
1991
1980
1977
1969
1966
1967
1959
1959
1965
1979
1990
2006
2013
2014
2004
1987
1978
1957
1934
1925
1927
1929
1912
1927
1938
1971
2003
2019
2042
2057
2071
2094
2099
2098
2101
2112
2118
2128
2116
2108
2095
2085
2078
2074
2071
2067
2059
2033
2011
1980
1957
1939
1934
1930
1926
1936
1942
1953
1974
1988
2012
2023
2026
2038
2038
2035
2062
2075
2088
2080
2083
2083
2080
2063
2069
2056
2045
2058
2058
2059
2058
2073
2099
2118
2126
2144
2145
2157
2162
2178
2172
2162
2158
2153
2139
2139
2139
2138
2130
2149
2147
2149
2176
2212
2218
2214
2222
2234
2253
2259
2255
2248
2261
2263
2251
2246
2236
2216
2197
2205
2213
2196
2177
2170
2156
2153
2144
2132
2124
2111
2111
2118
2124
2131
2137
2146
2148
2135
2129
2135
2142
2144
2156
2155
2148
2154
2181
2186
2192
2204
2209
2195
2203
2179
2156
2156
2152
2148
2143
2139
2145
2145
2146
2151
2170
2174
2185
2195
2199
2191
2201
2206
2200
2182
2179
2161
2151
2143
2154
2149
2153
2153
2157
2171
2188
2194
2196
2200
2201
2197
2196
2196
2192
2197
2186
2197
2193
2198
2194
2197
2202
2206
2217
2209
2200
2190
2179
2176
2167
2136
2119
2094
2067
2033
2010
1977
1969
1960
1968
1978
2015
2039
2059
2075
2087
2090
2096
2099
2098
2092
2080
2066
2067
2067
2081
2099
2114
2103
2111
2138
2143
2144
2157
2163
2168
2156
2165
2159
2157
2141
2138
2130
2125
2110
2097
2101
2091
2093
2091
2111
2134
2144
2141
2142
2140
2139
2137
2131
2126
2138
2143
2149
2148
2151
2145
2155
2169
2190
2195
2190
2184
2158
2138
2118
2118
2111
2108
2102
2102
2098
2109
2096
2093
2102
2125
2118
2119
2120
2114
2092
2090
2079
2104
2105
2109
2123
2139
2137
2143
2155
2149
2152
2158
2172
2162
2175
2180
2194
2187
2180
2173
2166
2168
2176
2190
2193
2211
2225
2227
2236
2232
2222
2221
2215
2208
2211
2218
2218
2214
2213
2212
2215
2209
2221
2212
2205
2207
2228
2245
2239
2246
2272
2286
2280
2265
2261
2255
2254
2249
2239
2224
2224
2222
2206
2202
2191
2188
2174
2180
2171
2174
2180
2175
2194
2204
2203
2211
2195
2184
2185
2178
2184
2183
2185
2184
2198
2198
2188
2170
2170
2173
2170
2166
2170
2174
2176
2180
2174
2159
2144
2152
2158
2160
2174
2175
2179
2182
2185
2185
2181
2174
2174
2176
2180
2186
2188
2200
2206
2211
2212
2205
2190
2193
2179
2167
2169
2172
2162
2143
2146
2142
2160
2191
2202
2221
2218
2227
2239
2260
2273
2278
2257
2249
2245
2232
2218
2215
2191
2159
2130
2109
2082
2055
2021
1990
1974
1971
1976
1965
1954
1943
1947
1952
1952
1963
1970
1985
2002
2009
2021
2031
2053
2047
2037
2039
2047
2056
2062
2042
2030
2028
2006
1989
1985
1980
1974
1952
1935
1916
1908
1911
1921
1922
1917
1923
1935
1944
1950
1953
1939
1958
1985
2006
2028
2032
2051
2072
2105
2109
2115
2117
2118
2113
2107
2119
2124
2129
2125
2110
2108
2099
2095
2103
2114
2126
2139
2150
2170
2160
2161
2140
2135
2127
2116
2096
2073
2073
2084
2093
2106
2128
2139
2133
2135
2132
2123
2116
2120
2105
2091
2080
2071
2071
2052
2033
2029
2009
1977
1960
1949
1947
1946
1956
1974
2009
2024
2040
2069
2076
2083
2107
2120
2142
2143
2153
2166
2173
2187
2193
2181
2175
2184
2194
2185
2183
2174
2168
2173
2170
2158
2155
2147
2144
2141
2146
2138
2140
2136
2135
2147
2146
2146
2148
2147
2128
2109
2089
2067
2054
2020
1997
1984
1973
1967
1956
1947
1950
1945
1952
1954
1952
1958
1959
1953
1967
1984
1998
2020
2036
2053
2054
2078
2093
2107
2105
2123
2128
2128
2127
2117
2113
2105
2079
2066
2043
2027
2027
2036
2041
2044
2043
2051
2065
2064
2072
2085
2091
2090
2098
2092
2104
2105
2102
2093
2101
2097
2085
2072
2062
2071
2068
2083
2084
2082
2080
2078
2076
2090
2087
2107
2100
2110
2112
2118
2114
2112
2106
2107
2113
2111
2103
2086
2084
2077
2086
2099
2107
2117
2133
2150
2151
2136
2129
2118
2114
2102
2090
2074
2060
2035
2020
2004
1996
2006
2016
2010
2005
2009
2026
2029
2027
2037
2031
2040
2067
2079
2093
2096
2106
2126
2153
2160
2178
2207
2220
2224
2220
2231
2237
2237
2241
2247
2250
2258
2252
2256
2254
2250
2246
2248
2253
2265
2249
2238
2232
2230
2224
2224
2219
2231
2223
2232
2222
2222
2222
2201
2195
2179
2179
2174
2168
2164
2179
2182
2191
2200
2203
2196
2201
2189
2199
2205
2221
2226
2235
2237
2234
2248
2256
2263
2261
2248
2243
2249
2249
2247
2262
2280
2281
2293
2296
2294
2295
2302
2305
2298
2303
2299
2311
2307
2300
2302
2301
2290
2297
2293
2279
2281
2276
2285
2275
2265
2251
2230
2227
2213
2193
2185
2174
2174
2157
2153
2143
2150
2143
2150
2157
2161
2161
2161
2163
2158
2153
2159
2177
2192
2217
2227
2245
2247
2266
2249
2248
2232
2233
2217
2204
2204
2204
2204
2218
2226
2217
2218
2214
2214
2206
2208
2200
2198
2167
2162
2156
2162
2162
2162
2144
2151
2146
2131
2134
2141
2147
2163
2148
2145
2141
2141
2151
2159
2169
2177
2182
2189
2179
2160
2160
2168
2174
2178
2180
2175
2181
2192
2202
2215
2234
2238
2261
2263
2254
2246
2237
2215
2216
2214
2210
2207
2213
2198
2211
2207
2215
2202
2207
2201
2196
2196
2212
2207
2197
2187
2187
2200
2194
2184
2161
2136
2132
2145
2149
2140
2117
2104
2099
2105
2119
2131
2129
2125
2097
2082
2060
2064
2054
2037
2017
1976
1943
1894
1872
1835
1814
1801
1798
1810
1846
1893
1918
1942
1955
1957
1969
1983
1991
1979
1980
1980
1994
2010
2034
2052
2062
2070
2072
2074
2064
2053
2044
2052
2050
2044
2027
2011
2017
2023
2016
2005
2006
2006
2014
2003
2003
1989
1982
1972
1967
1976
1995
2007
2030
2044
2070
2089
2092
2105
2108
2105
2114
2112
2086
2059
2031
1992
1954
1925
1893
1878
1859
1855
1851
1872
1884
1897
1899
1901
1900
1904
1903
1895
1890
1880
1861
1841
1830
1818
1800
1789
1791
1800
1805
1799
1806
1817
1827
1836
1839
1844
1845
1839
1846
1863
1876
1890
1903
1908
1910
1899
1888
1884
1894
1898
1899
1917
1930
1947
1949
1953
1964
1967
1971
1970
1968
1954
1937
1929
1908
1901
1905
1917
1941
1964
1983
1996
1988
1970
1965
1949
1925
1913
1910
1891
1889
1894
1895
1893
1915
1923
1927
1940
1955
1965
1974
1984
1991
1973
1972
1969
1966
1975
1979
1979
1983
1986
1999
1988
1989
1984
1987
1983
1967
1960
1953
1939
1934
1944
1932
1943
1939
1921
1914
1895
1879
1882
1871
1869
1864
1858
1842
1830
1823
1812
1817
1831
1849
1881
1895
1916
1919
1925
1933
1928
1927
1913
1900
1893
1879
1869
1883
1880
1888
1901
1927
1925
1945
1956
1966
1992
1994
1985
1991
2001
2010
1990
1980
1958
1941
1925
1913
1892
1879
1891
1899
1893
1900
1921
1931
1943
1943
1966
1988
2000
2008
2010
2005
2007
2010
2005
2003
1990
1990
1974
1983
1984
1994
2010
2041
2052
2047
2044
2054
2063
2060
2073
2085
2085
2093
2093
2099
2100
2083
2084
2086
2094
2086
2095
2096
2097
2106
2130
2129
2131
2138
2156
2173
2173
2171
2173
2174
2167
2155
2159
2176
2179
2183
2184
2173
2155
2145
2139
2146
2153
2157
2155
2140
2133
2114
2110
2112
2108
2097
2089
2076
2059
2060
2075
2094
2099
2083
2072
2083
2092
2082
2094
2099
2108
2109
2113
2121
2113
2111
2107
2103
2104
2097
2077
2067
2065
2078
2091
2091
2091
2084
2080
2078
2069
2069
2074
2068
2070
2077
2078
2085
2083
2081
2061
2042
2016
1985
1965
1980
1967
1979
1980
1989
1984
1977
1985
1988
1986
1986
1995
2011
2020
2025
2041
2057
2074
2093
2102
2097
2083
2075
2069
2043
2033
2019
2018
2006
1989
1979
1975
1970
1959
1936
1931
1925
1922
1913
1923
1929
1936
1934
1940
1941
1937
1941
1948
1946
1931
1939
1941
1932
1937
1947
1957
1978
1982
1984
1976
1976
1996
2007
1999
2018
2036
2039
2051
2064
2059
2058
2065
2060
2050
2027
2022
2019
2026
2019
2014
2013
2015
2015
2016
2019
2011
1999
1985
1993
1973
1963
1955
1962
1972
1968
1971
1975
1978
1981
1971
1975
1967
1957
1955
1940
1936
1938
1940
1936
1939
1952
1962
1972
1993
2028
2048
2066
2096
2103
2111
2107
2089
2064
2047
2030
2016
2005
1995
1982
1970
1973
1981
1989
1977
1980
1993
1994
2001
2021
2020
2025
2019
2014
2014
2005
2018
2025
2016
2022
2017
2008
2005
2001
2003
2005
2017
2021
2026
2028
2041
2057
2067
2075
2098
2103
2111
2108
2124
2136
2122
2117
2112
2106
2103
2106
2110
5835
2073
2131
2197
2241
2280
2316
2336
2340
2312
2278
2231
2189
2140
2117
2088
2079
2069
2072
2079
2103
2097
2105
2082
2061
2040
2051
2066
2090
2103
2120
2150
2181
2182
2180
2162
2177
2182
2182
2203
2214
2208
2207
2208
2199
2186
2169
2149
2125
2119
2111
2110
2111
2140
2154
2196
2231
2267
2348
2344
2366
2386
2387
2340
2316
2287
2278
2290
2293
2298
2300
2302
2327
2359
2341
2262
2198
2129
2088
2046
2052
2049
2065
2094
2140
2148
2169
2187
2206
2235
2248
2239
2228
2216
2204
2212
2221
2227
2219
2215
2225
2240
2262
2297
2332
2349
2351
2350
2348
2326
2302
2291
2288
2280
2284
2280
2276
2258
2243
2235
2231
2217
2225
2218
2231
2233
2247
2257
2258
2256
2262
2239
2216
2143
2107
2084
2082
2077
2073
2119
2193
2241
2291
2332
2347
2346
2323
2314
2285
2270
2247
2222
2183
2183
2191
2213
2225
2252
2283
2326
2354
2394
2427
2439
2437
2430
2420
2416
2398
2381
2354
2341
2334
2343
2362
2371
2374
2385
2392
2410
2406
2406
2399
2388
2392
2395
2396
2414
2433
2449
2451
2435
2410
2376
2335
2282
2226
2181
2158
2153
2158
2184
2212
2208
2193
2182
2193
2215
2232
2228
2200
2182
2152
2143
2137
2156
2161
2161
2149
2166
2187
2224
2268
2305
2335
2322
2299
2281
2278
2269
2274
2260
2266
2261
2272
2291
2312
2292
2291
2276
2270
2254
2260
2272
2277
2275
2269
2267
2263
2247
2241
2228
2228
2227
2216
2204
2196
2219
2221
2196
2175
2141
2091
2075
2049
2061
2067
2098
2103
2095
2078
2064
2041
2044
2058
2095
2106
2111
2119
2117
2110
2106
2118
2150
2142
2155
2157
2155
2122
2062
2003
1950
1943
1948
1966
2001
2038
2089
2150
2200
2206
2206
2201
2184
2146
2119
2097
2063
2029
2023
2041
2078
2084
2089
2067
2022
1978
1950
1909
1852
1813
1813
1828
1867
1919
1944
1968
1939
1931
1913
1935
1931
1949
1976
2026
2049
2081
2123
2186
2197
2189
2167
2158
2140
2154
2159
2185
2219
2241
2256
2237
2212
2158
2103
2032
1991
1970
1977
1984
2019
2023
2023
1973
1927
1871
1821
1779
1756
1743
1757
1773
1825
1871
1926
1979
2036
2076
2094
2111
2140
2157
2175
2188
2170
2143
2123
2091
2033
1983
1966
1968
1954
1971
1988
2008
2009
2000
1982
1954
1948
1959
1989
1998
2044
2086
2136
2192
2249
2283
2317
2314
2319
2309
2299
2292
2277
2266
2256
2245
2219
2197
2177
2159
2160
2192
2206
2243
2288
2341
2348
2363
2335
2335
2336
2343
2342
2339
2331
2334
2327
2339
2346
2356
2341
2287
2248
2205
2170
2120
2109
2105
2114
2115
2142
2185
2245
2285
2326
2336
2322
2287
2247
2186
2152
2131
2127
2115
2101
2097
2109
2115
2116
2127
2133
2132
2134
2126
2118
2095
2069
2023
1993
1983
1988
1974
1988
2004
2026
2059
2101
2118
2163
2180
2216
2231
2244
2239
2232
2207
2187
2171
2150
2139
2135
2098
2048
2017
2015
2011
2024
2035
2056
2086
2137
2179
2196
2212
2219
2242
2250
2265
2256
2238
2207
2221
2221
2231
2223
2225
2223
2209
2179
2161
2138
2097
2045
1991
1942
1915
1883
1862
1861
1877
1901
1916
1918
1933
1991
2041
2074
2085
2074
2043
2020
2007
2020
2039
2084
2127
2169
2170
2163
2146
2138
2127
2129
2111
2099
2092
2086
2070
2056
2054
2028
2006
1978
1947
1937
1917
1885
1835
1812
1785
1771
1773
1795
1815
1832
1879
1917
1947
1980
1999
2018
2045
2107
2153
2155
2133
2057
2005
1950
1904
1848
1832
1819
1845
1878
1903
1891
1860
1812
1796
1805
1831
1835
1860
1859
1867
1859
1869
1880
1903
1940
1990
2027
2068
2155
2197
2221
2173
2134
2046
1955
1850
1775
1707
1667
1663
1685
1717
1771
1822
1875
1922
1923
1880
1827
1772
1690
1633
1583
1575
1571
1604
1663
1731
1763
1795
1801
1798
1788
1788
1798
1808
1819
1827
1824
1815
1777
1731
1677
1646
1662
1683
1728
1757
1801
1831
1849
1867
1897
1921
1931
1923
1918
1938
1973
1999
2011
2001
1966
1957
1960
1981
1983
1970
1923
1880
1833
1803
1788
1806
1842
1876
1905
1922
1967
1989
1997
1967
1921
1862
1817
1755
1726
1717
1731
1723
1741
1743
1768
1770
1766
1751
1737
1741
1752
1782
1816
1832
1859
1872
1867
1879
1903
1940
1972
2001
2010
2010
2010
2018
1998
1980
1982
1991
2004
2013
2021
2036
2060
2096
2112
2119
2137
2140
2142
2175
2209
2222
2211
2190
2142
2126
2118
2105
2067
2041
2043
2045
2054
2062
2071
2065
2061
2066
2081
2096
2061
2015
1964
1946
1968
1980
1995
2024
2074
2114
2152
2163
2175
2195
2214
2240
2262
2285
2304
2332
2390
2428
2454
2477
2491
2483
2471
2447
2412
2366
2341
2298
2262
2239
2193
2148
2099
2065
2010
1976
1918
1890
1855
1821
1807
1834
1876
1927
1973
1989
1990
1995
2015
2046
2091
2130
2186
2206
2194
2161
2135
2099
2056
2048
2058
2064
2092
2101
2117
2127
2157
2181
2207
2231
2257
2266
2288
2295
2303
2308
2329
2330
2334
2329
2319
2299
2278
2265
2231
2210
2198
2192
2210
2218
2214
2224
2240
2237
2239
2211
2186
2162
2150
2149
2142
2126
2099
2095
2076
2059
2074
2086
2093
2099
2098
2112
2103
2121
2113
2097
2045
2000
1979
1989
2011
2052
2096
2143
2180
2183
2189
2184
2190
2183
2174
2159
2159
2140
2115
2090
2065
2022
1988
1954
1956
1989
2019
2039
2052
2061
2073
2082
2099
2100
2095
2099
2102
2089
2075
2072
2052
2021
1966
1931
1875
1852
1838
1852
1868
1879
1889
1924
1966
2014
2044
2058
2040
2018
2011
2025
2014
1999
1983
1971
1981
1986
1982
2010
2026
2054
2051
2069
2067
2064
2048
2029
2010
2019
2009
2018
2022
2034
2058
2079
2100
2086
2070
2062
2061
2064
2089
2096
2102
2118
2162
2171
2195
2183
2176
2139
2121
2095
2073
2031
2009
2003
1999
1994
1995
1997
1987
1987
1982
1969
1948
1952
1953
1944
1910
1873
1893
1925
1956
1975
1973
1942
1866
1798
1724
1702
1700
1737
1774
1835
1890
1936
1990
1985
1977
1959
1936
1907
1856
1823
1815
1834
1861
1891
1938
1969
2001
2000
1962
1945
1914
1899
1890
1873
1838
1805
1825
1831
1822
1817
1832
1843
1865
1878
1939
1990
2017
2027
2014
1983
1945
1892
1847
1832
1810
1787
1791
1832
1883
1929
1963
2010
2039
2077
2086
2116
2131
2159
2168
2181
2167
2160
2146
2155
2155
2156
2169
2188
2197
2218
2202
2209
2207
2186
2151
2107
2071
2043
2043
2003
1971
1942
1924
1900
1906
1896
1907
1921
1914
1872
1835
1809
1811
1827
1833
1869
1902
1928
1946
1959
1965
1977
2003
2049
2080
2108
2127
2142
2152
2150
2144
2157
2172
2163
2177
2192
2208
2215
2242
2234
2217
2202
2151
2097
2037
1992
1964
1936
1905
1867
1851
1872
1895
1923
1922
1901
1873
1858
1861
1884
1886
1873
1851
1833
1822
1819
1839
1858
1867
1874
1873
1907
1935
1965
2028
2041
2061
2058
2079
2099
2140
2155
2198
2227
2256
2269
2283
2263
2273
2276
2268
2282
2262
2262
2259
2254
2252
2205
2128
2065
1981
1898
1839
1780
1733
1740
1783
1841
1914
1985
2044
2111
2166
2185
2195
2185
2163
2146
2140
2140
2155
2174
2207
2228
2255
2265
2270
2270
2254
2246
2204
2156
2100
2053
2005
1966
1922
1891
1875
1857
1839
1820
1794
1790
1797
1800
1796
1783
1770
1734
1726
1720
1725
1697
1707
1728
1762
1796
1850
1873
1883
1824
1756
1694
1620
1577
1546
1539
1597
1669
1766
1851
1907
1932
1925
1903
1827
1745
1669
1644
1615
1629
1641
1699
1727
1745
1722
1687
1638
1594
1546
1499
1419
1304
1233
1217
1229
1239
1259
1277
1313
1357
1448
1495
1502
1491
1509
1517
1517
1500
1502
1490
1488
1497
1535
1595
1677
1745
1811
1835
1837
1838
1831
1830
1824
1851
1890
1913
1932
1952
1985
2023
2068
2077
2034
1988
1952
1915
1856
1807
1786
1743
1674
1629
1627
1659
1683
1699
1691
1677
1670
1731
1790
1865
1924
1966
1972
1984
1972
1941
1911
1900
1909
1928
1948
1988
2045
2076
2109
2124
2135
2145
2145
2159
2170
2171
2178
2186
2203
2205
2234
2243
2276
2323
2359
2374
2403
2417
2432
2415
2380
2374
2357
2341
2332
2311
2311
2320
2315
2274
2214
2160
2099
2069
2025
1977
1935
1924
1916
1901
1892
1906
1899
1928
1987
2054
2102
2128
2170
2210
2231
2235
2251
2242
2204
2166
2152
2148
2140
2112
2083
2089
2109
2142
2177
2201
2224
2252
2286
2328
2353
2397
2436
2442
2464
2477
2476
2428
2406
2370
2340
2315
2317
2330
2354
2344
2355
2352
2346
2321
2311
2282
2242
2204
2199
2208
2231
2239
2257
2299
2340
2346
2334
2304
2259
2222
2154
2112
2063
2054
2049
2046
2030
2054
2094
2153
2223
2279
2331
2345
2351
2352
2341
2329
2334
2337
2346
2356
2365
2355
2330
2284
2223
2182
2157
2119
2100
2089
2099
2104
2228
2229
2231
2233
2215
2203
2190
2208
2254
2315
2341
2373
2402
2420
2432
2453
2450
2428
2414
2406
2382
2348
2307
2267
2195
2153
2123
2112
2134
2183
2215
2238
2215
2185
2139
2094
2089
2084
2110
2133
2205
2230
2267
2266
2275
2263
2241
2229
2241
2255
2264
2284
2287
2273
2232
2180
2118
2086
2058
2064
2046
2055
2066
2092
2088
2098
2112
2144
2176
2209
2226
2257
2276
2276
2291
2299
2295
2288
2275
2255
2225
2192
2159
2139
2118
2102
2112
2117
2104
2091
2091
2088
2101
2124
2134
2147
2134
2119
2118
2126
2103
2078
2049
2032
2018
2011
1985
1939
1888
1841
1821
1807
1801
1830
1893
1956
2017
2071
2112
2135
2147
2142
2115
2086
2062
2046
2047
2087
2160
2215
2237
2261
2262
2265
2263
2266
2284
2306
2304
2294
2282
2290
2266
2239
2178
2153
2114
2093
2087
2091
2075
2066
2082
2119
2168
2198
2254
2276
2291
2272
2235
2174
2136
2109
2116
2110
2110
2107
2115
2133
2136
2117
2089
2071
2038
2009
1957
1916
1859
1784
1711
1654
1615
1609
1601
1603
1578
1530
1487
1457
1429
1417
1447
1485
1544
1618
1709
1812
1875
1919
1932
1925
1902
1861
1823
1788
1758
1738
1702
1666
1619
1609
1608
1618
1631
1679
1761
1851
1937
2029
2094
2160
2196
2210
2209
2184
2131
2076
2030
1997
1964
1964
2002
2040
2085
2126
2170
2196
2207
2204
2178
2161
2157
2124
2098
2048
2001
1955
1930
1928
1931
1938
1932
1937
1946
1963
1976
1972
1982
2004
2031
2073
2103
2147
2171
2191
2172
2127
2073
2021
1970
1941
1903
1871
1873
1896
1949
1985
2011
2033
2038
2023
2011
1984
1973
1958
1950
1940
1926
1884
1855
1855
1835
1826
1822
1837
1850
1897
1937
1978
2006
2035
2041
2042
2059
2049
2058
2080
2108
2110
2104
2104
2144
2149
2142
2133
2137
2139
2137
2126
2111
2116
2126
2119
2124
2130
2134
2121
2110
2083
2017
1954
1891
1848
1779
1703
1619
1590
1562
1561
1560
1602
1673
1799
1933
2028
2099
2173
2218
2243
2262
2253
2234
2216
2206
2172
2151
2118
2103
2096
2116
2124
2147
2173
2222
2250
2238
2182
2123
2078
2022
1955
1884
1834
1812
1801
1829
1876
1926
1971
1994
2029
2053
2056
2032
2023
1997
1970
1939
1909
1878
1867
1851
1852
1852
1865
1898
1916
1937
1948
1959
1970
2001
2049
2083
2119
2149
2195
2232
2246
2235
2228
2241
2247
2242
2241
2216
2190
2149
2112
2073
2052
1992
1961
1918
1897
1859
1831
1819
1818
1822
1840
1836
1809
1785
1745
1738
1760
1806
1825
1851
1833
1825
1836
1870
1878
1895
1912
1963
1979
1974
1956
1943
1930
1905
1876
1883
1877
1883
1884
1879
1875
1870
1866
1866
1882
1877
1886
1876
1868
1855
1843
1815
1783
1752
1741
1753
1791
1823
1863
1893
1929
1957
1955
1959
1965
1973
1994
2034
2068
2107
2143
2173
2220
2275
2295
2286
2244
2190
2148
2113
2086
2058
2040
2009
1995
1991
2003
2018
2038
2081
2105
2132
2122
2125
2139
2165
2178
2204
2213
2231
2219
2203
2174
2172
2173
2175
2174
2158
2126
2083
2047
2014
2011
2014
2044
2058
2079
2061
2054
2045
2063
2070
2119
2168
2208
2248
2267
2277
2290
2289
2289
2248
2219
2188
2174
2169
2152
2133
2134
2166
2173
2180
2174
2158
2138
2138
2130
2146
2139
2127
2108
2101
2068
2046
2021
2009
2004
2007
2012
2008
1999
1975
1956
1920
1899
1853
1813
1768
1731
1721
1715
1727
1773
1828
1895
1953
1976
1985
2001
2018
2049
2102
2140
2169
2177
2183
2176
2114
2071
2034
2009
1978
1984
1985
1987
1987
1979
1996
2031
2062
2086
2091
2098
2115
2143
2187
2238
2266
2298
2327
2327
2291
2239
2202
2185
2203
2193
2196
2203
2236
2242
2276
2280
2286
2275
2270
2277
2312
2322
2316
2269
2209
2151
2111
2104
2085
2095
2103
2110
2104
2140
2179
2215
2256
2290
2310
2354
2375
2396
2402
2405
2394
2390
2370
2349
2303
2246
2188
2129
2077
2039
2020
2013
2014
2027
2047
2067
2094
2117
2120
2132
2150
2150
2150
2162
2148
2169
2184
2205
2211
2214
2207
2212
2213
2227
2255
2270
2269
2263
2251
2227
2200
2188
2188
2163
2148
2132
2139
2145
2174
2202
2241
2281
2328
2356
2390
2416
2449
2458
2457
2452
2441
2426
2421
2406
2383
2362
2353
2372
2372
2380
2368
2376
2352
2346
2335
2336
2332
2348
2367
2395
2420
2422
2436
2440
2444
2448
2441
2438
2438
2420
2401
2396
2396
2399
2375
2347
2363
2381
2403
2421
2413
2391
2407
2428
2438
2442
2451
2450
2439
2417
2391
2353
2300
2274
2270
2282
2312
2348
2366
2363
2361
2356
2339
2323
2320
2298
2279
2282
2288
2271
2255
2250
2272
2316
2351
2360
2364
2345
2311
2299
2278
2267
2254
2260
2265
2264
2263
2294
2306
2319
2310
2311
2304
2310
2327
2355
2382
2410
2429
2437
2419
2390
2369
2364
2359
2358
2362
2365
2385
2390
2410
2397
2395
2376
2368
2347
2328
2302
2276
2230
2199
2166
2139
2119
2127
2151
2165
2193
2225
2242
2231
2223
2196
2199
2196
2210
2243
2279
2280
2272
2234
2212
2163
2140
2124
2118
2115
2120
2151
2161
2183
2182
2201
2205
2180
2126
2057
1996
1938
1849
1775
1704
1666
1643
1641
1682
1729
1781
1834
1906
1963
2010
2055
2093
2111
2115
2124
2106
2107
2122
2161
2208
2219
2230
2231
2224
2222
2181
2060
1992
1940
1891
1854
1822
1809
1790
1764
1766
1786
1822
1853
1889
1911
1910
1873
1863
1844
1848
1826
1813
1780
1767
1775
1777
1731
1691
1629
1584
1519
1502
1528
1617
1722
1823
1888
1936
1955
1944
1915
1897
1886
1896
1893
1852
1814
1755
1726
1727
1765
1783
1835
1862
1863
1837
1797
1743
1675
1632
1629
1635
1619
1614
1635
1663
1707
1758
1791
1819
1843
1873
1895
1881
1867
1842
1787
1733
1719
1748
1831
1898
1959
2012
2058
2087
2102
2088
2056
2044
2045
2025
2032
2062
2090
2139
2163
2175
2170
2186
2175
2174
2166
2157
2098
2051
1986
1940
1896
1871
1848
1847
1875
1913
1953
1977
2007
2046
2072
2091
2106
2111
2116
2121
2118
2110
2111
2102
2082
2036
2018
2004
2031
2048
2052
2049
2027
2018
2010
2018
2032
2034
2012
1989
1966
1980
1982
1992
2008
2032
2057
2071
2063
2043
2014
1990
1961
1931
1884
1858
1827
1813
1800
1807
1816
1856
1902
1932
1948
1947
1921
1903
1879
1853
1847
1850
1830
1819
1811
1829
1865
1909
1923
1935
1981
2029
2069
2091
2089
2080
2034
1966
1869
1814
1792
1773
1802
1834
1895
1934
1991
2001
2001
1996
2008
1981
1952
1926
1915
1902
1895
1903
1900
1882
1863
1859
1896
1931
1959
1962
1966
1997
2020
2032
2042
2052
2049
2053
2011
2008
1987
2009
2009
2043
2057
2089
2125
2159
2189
2184
2164
2135
2129
2107
2092
2076
2087
2093
2137
2143
2136
2138
2136
2106
2095
2084
2083
2075
2042
1992
1948
1925
1912
1894
1877
1860
1836
1812
1799
1805
1838
1859
1860
1862
1870
1872
1877
1891
1899
1893
1907
1887
1851
1822
1808
1809
1823
1842
1871
1871
1863
1857
1867
1887
1896
1917
1948
1994
2018
2039
2059
2085
2077
2076
2063
2066
2086
2113
2136
2145
2143
2143
2120
2092
2061
2019
1979
1970
1994
2026
2084
2099
2106
2077
2051
2009
1989
1952
1925
1902
1895
1921
1978
2019
2053
2096
2147
2169
2189
2192
2180
2158
2135
2124
2121
2100
2079
2067
2040
2051
2063
2091
2116
2120
2106
2079
2030
1993
1968
1933
1895
1853
1813
1806
1843
1855
1846
1844
1866
1879
1916
1951
1971
1992
2014
2012
2001
1979
1965
1963
1957
1967
1989
2019
2028
2040
2033
2023
1983
1941
1903
1878
1867
1866
1826
1754
1695
1648
1621
1607
1574
1531
1529
1493
1483
1471
1468
1447
1431
1434
1460
1510
1565
1625
1677
1730
1783
1819
1835
1849
1831
1819
1824
1832
1810
1809
1807
1809
1786
1788
1786
1816
1850
1902
1963
2065
2131
2194
2247
2302
2334
2338
2336
2318
2312
2307
2290
2262
2254
2221
2177
2162
2141
2108
2083
2067
2047
2031
2049
2080
2113
2137
2159
2170
2196
2197
2190
2162
2126
2091
2072
2047
2029
1988
1941
1893
1839
1828
1817
1811
1832
1858
1862
1881
1924
1957
1979
1979
2007
2046
2083
2115
2123
2128
2155
2194
2219
2223
2187
2166
2128
2125
2099
2095
2123
2128
2091
2057
2006
1943
1893
1890
1923
1978
2043
2085
2131
2139
2126
2094
2054
2010
1985
1958
1956
1940
1974
1983
2011
2023
2061
2080
2090
2068
2057
2032
2031
2061
2159
2177
2203
2238
2261
2269
2261
2239
2215
2168
2136
2127
2107
2092
2067
2032
1952
1884
1863
1832
1808
1777
1769
1760
1764
1747
1734
1735
1745
1771
1809
1861
1903
1937
1943
1962
2003
2015
2030
2058
2079
2105
2130
2150
2166
2161
2176
2184
2201
2219
2239
2238
2230
2211
2165
2131
2103
2090
2071
2067
2070
2045
2011
2016
2021
2031
2019
2028
2027
2028
2034
2071
2118
2155
2214
2271
2309
2308
2308
2282
2263
2269
2274
2271
2297
2308
2333
2340
2363
2369
2386
2384
2384
2355
2289
2255
2207
2150
2113
2061
2027
1994
1983
1987
2018
2064
2106
2133
2144
2181
2209
2219
2220
2243
2241
2236
2227
2236
2206
2189
2162
2154
2144
2133
2123
2125
2119
2122
2128
2129
2148
2169
2176
2166
2156
2140
2149
2172
2167
2163
2129
2097
2007
1925
1842
1779
1751
1737
1747
1769
1856
1941
2032
2085
2120
2148
2158
2157
2167
2144
2143
2130
2086
2039
1996
1925
1878
1852
1852
1839
1814
1776
1796
1803
1818
1827
1854
1884
1902
1920
1917
1939
1951
1979
1960
1956
1935
1941
1913
1886
1821
1803
1758
1731
1723
1750
1775
1796
1813
1844
1897
1932
1962
1966
1940
1922
1879
1822
1752
1696
1658
1634
1646
1669
1749
1780
1803
1834
1871
1912
1971
2015
2040
2042
2027
2022
2012
2025
2042
2060
2087
2106
2119
2138
2156
2163
2148
2128
2095
2089
2114
2120
2134
2139
2124
2099
2078
2064
2032
1985
1949
1930
1914
1921
1964
2016
2057
2122
2184
2209
2210
2189
2137
2107
2063
2045
2021
2023
2004
2032
2084
2112
2116
2113
2096
2078
2058
2043
2043
2058
2087
2091
2064
1996
1920
1872
1862
1824
1787
1731
1689
1660
1661
1658
1654
1663
1675
1704
1748
1783
1829
1891
1940
1963
1956
1955
1959
1964
1941
1890
1832
1807
1816
1864
1897
1931
1974
2033
2076
2111
2135
2152
2172
2191
2222
2262
2288
2291
2286
2296
2304
2300
2287
2260
2253
2237
2226
2226
2210
2184
2140
2131
2127
2122
2116
2139
2132
2125
2112
2099
2082
2083
2108
2135
2162
2166
2187
2208
2231
2239
2238
2248
2248
2227
2226
2215
2222
2195
2163
2117
2100
2049
2035
2012
1997
1974
1984
1991
1997
1990
1975
1948
1895
1860
1839
1850
1856
1900
1949
2013
2076
2138
2169
2199
2191
2200
2185
2169
2156
2147
2125
2113
2104
2098
2072
2048
2013
2004
2027
2053
2083
2098
2110
2127
2154
2151
2135
2110
2094
2058
2027
1989
1912
1839
1775
1728
1694
1696
1705
1720
1705
1674
1645
1624
1620
1645
1688
1719
1729
1712
1693
1675
1698
1714
1757
1754
1707
1608
1541
1478
1471
1455
1475
1515
1632
1748
1875
1974
2035
2033
2010
1986
1940
1905
1866
1860
1893
1923
1938
1955
1941
1941
1897
1851
1799
1790
1775
1766
1732
1719
1698
1701
1691
1697
1707
1707
1700
1672
1664
1667
1695
1741
1802
1843
1893
1899
1905
1880
1864
1844
1823
1784
1729
1705
1711
1710
1691
1648
1617
1583
1555
1528
1507
1528
1574
1649
1752
1849
1936
1980
1982
1959
1960
1957
1958
1945
1938
1924
1885
1848
1851
1862
1886
1913
1942
1959
1942
1938
1919
1894
1873
1856
1816
1770
1725
1707
1671
1682
1691
1736
1799
1858
1896
1921
1935
1952
1947
1954
1917
1882
1871
1895
1937
1970
1970
1970
1997
2004
1990
1933
1903
1855
1863
1899
1959
1984
2028
2077
2124
2138
2128
2088
2015
1954
1898
1865
1834
1823
1835
1845
1902
1940
1959
1994
2001
2048
2070
2087
2126
2164
2153
2131
2089
2052
2033
2005
1990
1993
2017
2039
2084
2135
2176
2221
2265
2260
2234
2221
2211
2186
2161
2135
2115
2096
2078
2068
2041
2041
2009
1987
1992
2020
2044
2054
2063
2048
2034
2009
1976
1947
1948
1939
1931
1908
1928
1966
2019
2044
2066
2072
2090
2091
2101
2090
2051
2025
2016
2009
2031
2049
2047
2055
2091
2154
2208
2255
2281
2333
2365
2390
2396
2364
2322
2274
2230
2191
2154
2136
2144
2169
2207
2222
2239
2255
2262
2259
2265
2255
2250
2239
2235
2239
2280
2304
2313
2310
2307
2310
2306
2288
2260
2212
2173
2122
2082
2041
2006
1977
1958
1952
1945
1940
1940
1907
1849
1773
1688
1608
1561
1561
1564
1569
1569
1570
1578
1606
1682
1761
1840
1942
2047
2122
2165
2176
2193
2202
2200
2191
2171
2170
2174
2193
2194
2182
2147
2122
2087
2079
2030
1983
1911
1874
1828
1841
1881
1935
1986
2040
2109
2134
2159
2152
2144
2119
2090
2068
2050
2059
2054
2025
1987
1914
1850
1799
1767
1744
1706
1661
1661
1650
1679
1750
1852
1936
2002
2038
2060
2076
2072
2049
1999
1968
1929
1935
1940
1947
1964
1977
1971
1975
1969
1975
1973
1985
1996
1998
2003
2016
2038
2068
2087
2135
2164
2181
2200
2207
2209
2227
2243
2259
2278
2293
2307
2303
2274
2262
2234
2216
2162
2095
2050
2028
2032
2030
2023
2033
2045
2046
2050
2067
2090
2100
2131
2163
2205
2221
2243
2255
2273
2259
2254
2244
2248
2217
2195
2174
2166
2164
2176
2181
2203
2232
2261
2265
2267
2265
2240
2219
2187
2168
2166
2175
2173
2179
2161
2153
2138
2118
2083
2093
2102
2116
2120
2101
2091
2095
2102
2102
2115
2132
2133
2128
2117
2099
2062
2006
1949
1899
1854
1819
1791
1747
1715
1738
1771
1803
1858
1920
1967
2017
2079
2111
2123
2115
2097
2058
2040
2030
2033
2031
2024
2024
2034
2051
2063
2048
1999
1964
1908
1848
1809
1763
1738
1725
1731
1736
1753
1801
1849
1896
1943
1969
2013
2042
2048
2051
2021
1984
1935
1921
1889
1882
1886
1933
1973
2012
2036
2073
2130
2180
2207
2219
2204
2190
2174
2130
2076
2022
2000
1986
2008
2030
2055
2087
2129
2152
2138
2095
2068
2019
1971
1898
1858
1829
1806
1800
1777
1772
1767
1777
1819
1862
1931
1995
2052
2077
2064
2041
1981
1939
1913
1904
1918
1954
1981
1989
1975
1959
1925
1898
1903
1902
1893
1891
1881
1885
1882
1909
1924
1944
1954
1951
1920
1895
1863
1842
1802
1773
1758
1762
1762
1751
1713
1659
1625
1611
1576
1515
1437
1399
1379
1348
1358
1359
1376
1381
1400
1402
1435
1453
1494
1533
1588
1636
1696
1732
1756
1757
1768
1761
1733
1702
1655
1625
1561
1518
1485
1446
1391
1359
1320
1337
1359
1401
1432
1499
1567
1624
1659
1658
1631
1578
1490
1417
1353
1311
1271
1254
1232
1251
1283
1273
1237
1204
1175
1173
1192
1192
1221
1272
1351
1423
1486
1532
1554
1573
1591
1612
1629
1639
1655
1701
1756
1804
1839
1872
1912
1935
1948
1917
1851
1764
1708
1671
1664
1664
1679
1716
1753
1794
1869
1931
1975
1987
2001
1980
1920
1862
1768
1697
1618
1554
1511
1519
1515
1532
1545
1582
1599
1617
1627
1638
1645
1698
1735
1783
1791
1799
1803
1839
1904
1985
2034
2055
2073
2086
2105
2129
2144
2130
2120
2094
2068
2052
2046
2010
1968
1905
1870
1848
1853
1880
1915
1953
1970
1995
2017
2023
2043
2044
2037
2049
2078
2104
2139
2145
2164
2190
2217
2236
2252
2247
2246
2249
2231
2208
2180
2153
2125
2116
2108
2133
2157
2172
2155
2138
2099
2064
2063
2078
2079
2098
2123
2142
2150
2179
2190
2233
2258
2283
2323
2333
2316
2280
2250
2230
2215
2189
2151
2129
2132
2137
2146
2139
2147
2112
2079
2062
2055
2023
1992
1960
1971
1975
1967
1947
1913
1871
1855
1836
1832
1817
1800
1795
1799
1810
1813
1796
1769
1750
1743
1764
1782
1827
1861
1889
1859
1831
1805
1827
1843
1861
1881
1899
1924
1955
2020
2069
2098
2108
2136
2163
2177
2168
2121
2073
2011
1954
1908
1889
1870
1853
1819
1784
1764
1737
1700
1658
1608
1585
1597
1620
1658
1699
1748
1803
1845
1872
1913
1927
1938
1920
1879
1824
1769
1699
1627
1570
1534
1515
1553
1595
1649
1707
1801
1878
1927
1957
1958
1944
1929
1926
1939
1937
1897
1855
1816
1811
1823
1861
1878
1922
1946
1951
1954
1971
1981
2014
2053
2066
2050
2046
2030
2028
2006
1980
1952
1966
1991
2020
2093
2132
2119
2054
1957
1889
1837
1798
1768
1763
1767
1761
1822
1883
1985
2079
2161
2206
2216
2234
2258
2271
2282
2274
2278
2264
2256
2237
2194
2175
2151
2110
2090
2078
2068
2040
1984
1926
1861
1791
1739
1721
1739
1771
1803
1831
1867
1925
1977
2024
2054
2090
2111
2112
2109
2147
2171
2197
2181
2183
2151
2131
2109
2110
2077
2070
2065
2090
2122
2146
2184
2218
2252
2259
2293
2302
2337
2352
2357
2326
2295
2262
2251
2221
2221
2214
2224
2225
2223
2234
2272
2334
2400
2434
2459
2477
2502
2515
2514
2516
2509
2492
2473
2438
2420
2388
2350
2309
2263
2268
2247
2237
2215
2188
2154
2133
2111
2100
2091
2078
2076
2092
2127
2158
2170
2166
2156
2176
2196
2202
2210
2211
2222
2240
2260
2294
2334
2352
2362
2336
2308
2298
2270
2220
2183
2159
2138
2140
2140
2162
2174
2193
2217
2261
2286
2321
2315
2309
2315
2332
2327
2322
2284
2251
2192
2172
2173
2179
2178
2190
2206
2226
2242
2247
2252
2259
2278
2283
2282
2258
2266
2247
2256
2257
2279
2271
2276
2285
2301
2292
2298
2298
2296
2277
2271
2260
2236
2190
2115
2041
1971
1922
1853
1783
1711
1699
1704
1751
1823
1931
2015
2074
2115
2130
2130
2124
2095
2060
2035
1999
1973
1992
2023
2078
2123
2151
2160
2193
2235
2258
2260
2280
2292
2295
2271
2270
2251
2229
2183
2159
2128
2089
2064
2040
2042
2058
2068
2098
2141
2187
2221
2248
2270
2253
2233
2185
2148
2118
2123
2123
2155
2168
2214
2243
2283
2335
2355
2340
2306
2270
2221
2178
2133
2116
2097
2091
2080
2067
2054
2072
2094
2113
2130
2154
2158
2160
2146
2119
2065
2054
2059
2104
2139
2176
2188
2215
2232
2237
2251
2268
2279
2293
2296
2303
2314
2320
2319
2294
2263
2251
2233
2240
2244
2261
2273
2310
2387
2426
2440
2433
2415
2388
2362
2320
2272
2257
2271
2301
2337
2337
2340
2320
2303
2296
2307
2328
2360
2396
2422
2436
2449
2453
2446
2436
2421
2376
2352
2321
2280
2244
2210
2215
2212
2207
2178
2162
2158
2150
2137
2165
2171
2213
2234
2264
2274
2274
2246
2231
2220
2204
2214
2234
2251
2244
2240
2240
2226
2224
2231
2237
2261
2255
2241
2210
2192
2182
2165
2143
2141
2152
2168
2187
2229
2260
2281
2271
2279
2275
2264
2254
2246
2251
2265
2290
2300
2307
2314
2318
2335
2346
2331
2307
2256
2224
2192
2167
2148
2138
2145
2166
2241
2326
2393
2444
2455
2464
2464
2483
2461
2475
2456
2448
2433
2416
2372
2310
2204
2120
2039
1977
1910
1857
1797
1770
1764
1752
1729
1701
1698
1703
1728
1747
1802
1855
1894
1918
1959
1987
2022
2042
2068
2060
2073
2065
2047
2035
2032
2030
2043
2030
1969
1922
1892
1868
1812
1759
1727
1716
1708
1733
1742
1749
1756
1779
1808
1814
1814
1832
1847
1897
1961
2029
2104
2165
2210
2240
2250
2253
2247
2249
2254
2252
2240
2238
2246
2241
2208
2178
2154
2142
2156
2193
2231
2266
2306
2332
2334
2299
2261
2225
2188
2134
2078
2027
1989
1996
2026
2076
2123
2156
2186
2192
2181
2147
2153
2141
2106
2046
2011
1975
1963
1940
1929
1893
1838
1766
1705
1658
1637
1651
1695
1767
1848
1924
1998
2073
2136
2171
2198
2239
2264
2286
2297
2327
2350
2350
2332
2318
2315
2317
2303
2288
2269
2263
2248
2244
2233
2212
2188
2159
2134
2131
2134
2142
2145
2130
2133
2132
2153
2157
2167
2150
2117
2068
2035
2001
1929
1869
1818
1772
1748
1731
1711
1678
1635
1657
1697
1732
1769
1782
1794
1811
1831
1871
1919
1961
2006
2033
2056
2082
2161
2202
2248
2271
2295
2291
2276
2242
2214
2185
2147
2097
2046
2010
1977
1972
1978
1996
2012
2038
2053
2079
2081
2100
2128
2147
2153
2158
2149
2154
2165
2186
2178
2167
2147
2108
2083
2074
2073
2079
2088
2084
2079
2054
2056
2067
2102
2121
2144
2132
2141
2157
2185
2172
2173
2160
2160
2163
2138
2111
2087
2072
2069
2072
2086
2148
2187
2219
2241
2242
2222
2182
2114
2089
2070
2046
2023
1979
1912
1867
1827
1828
1855
1889
1906
1925
1941
1951
1957
1981
1994
2013
2050
2084
2122
2155
2203
2244
2290
2334
2364
2401
2428
2458
2476
2478
2487
2484
2490
2489
2504
2505
2509
2482
2453
2438
2434
2420
2430
2422
2410
2367
2330
2310
2310
2296
2314
2326
2352
2370
2360
2330
2320
2306
2272
2229
2197
2184
2169
2187
2211
2242
2268
2316
2320
2342
2330
2323
2325
2339
2347
2367
2377
2406
2436
2470
2480
2476
2464
2446
2426
2411
2412
2430
2459
2500
2519
2535
2540
2554
2567
2554
2550
2535
2530
2530
2531
2519
2507
2485
2490
2489
2482
2484
2486
2472
2458
2435
2424
2401
2375
2321
2283
2258
2229
2191
2162
2132
2111
2079
2074
2084
2103
2123
2141
2161
2180
2187
2160
2146
2144
2165
2201
2271
2325
2388
2416
2443
2453
2455
2440
2428
2397
2379
2327
2291
2264
2257
2245
2263
2278
2290
2300
2316
2329
2324
2307
2266
2235
2195
2153
2124
2122
2120
2128
2131
2145
2140
2129
2122
2132
2120
2121
2111
2107
2116
2162
2203
2232
2260
2255
2254
2249
2228
2216
2231
2230
2235
2236
2235
2234
2242
2276
2291
2316
2361
2395
2428
2425
2407
2362
2324
2288
2263
2242
2241
2258
2272
2250
2269
2277
2281
2281
2277
2265
2262
2262
2269
2270
2274
2272
2267
2247
2230
2185
2141
2106
2093
2090
2077
2046
2006
1996
2012
2057
2082
2082
2061
2036
1999
1969
1939
1911
1845
1778
1715
1651
1569
1460
1396
1323
1289
1294
1331
1432
1545
1688
1787
1862
1904
1915
1933
1927
1928
1931
1943
1972
2005
2044
2089
2121
2141
2149
2147
2133
2098
2078
2052
2037
2016
2021
2002
1971
1955
1938
1918
1899
1903
1920
1920
1911
1897
1880
1862
1859
1850
1873
1911
1949
2006
2074
2141
2194
2217
2232
2210
2198
2180
2159
2101
2007
1906
1763
1647
1562
1513
1507
1512
1553
1567
1617
1628
1647
1680
1718
1731
1738
1746
1760
1763
1726
1659
1577
1528
1495
1488
1489
1511
1519
1560
1570
1582
1609
1638
1635
1651
1673
1705
1713
1747
1752
1770
1824
1854
1868
1867
1848
1825
1801
1797
1832
1851
1864
1897
1938
1947
1956
1975
1986
2012
2020
2001
1951
1900
1862
1824
1810
1823
1856
1917
1971
2013
2007
1984
1930
1893
1862
1828
1795
1749
1720
1725
1745
1756
1761
1774
1821
1875
1919
1951
1969
1981
1996
1983
1959
1941
1937
1904
1884
1892
1923
1963
1986
1992
1983
1973
1934
1910
1885
1876
1852
1849
1835
1846
1851
1887
1881
1835
1785
1740
1712
1681
1677
1691
1707
1703
1690
1652
1619
1599
1592
1617
1673
1737
1796
1846
1901
1903
1920
1922
1905
1864
1833
1789
1761
1751
1729
1725
1735
1785
1819
1872
1915
1947
1967
2005
2033
2053
2055
2070
2078
2080
2019
1978
1946
1902
1843
1777
1732
1721
1730
1746
1746
1763
1791
1830
1871
1905
1974
2008
2031
2062
2078
2070
2023
1997
1971
1972
1964
1975
1977
1970
1984
2008
2044
2057
2064
2067
2078
2089
2109
2141
2179
2201
2216
2207
2189
2174
2165
2157
2163
2141
2131
2125
2124
2145
2177
2202
2233
2247
2264
2296
2327
2359
2352
2359
2346
2357
2352
2340
2312
2318
2322
2310
2273
2265
2237
2228
2220
2215
2215
2224
2216
2194
2167
2125
2101
2097
2092
2068
2031
2009
2016
2035
2073
2082
2094
2050
2045
2069
2099
2112
2122
2117
2117
2127
2155
2165
2166
2161
2144
2117
2092
2074
2048
2046
2070
2101
2126
2124
2116
2076
2047
2039
2030
2049
2045
2035
2058
2085
2105
2118
2095
2059
2004
1937
1875
1811
1780
1802
1836
1880
1886
1899
1897
1891
1875
1881
1895
1923
1955
1989
2017
2065
2128
2171
2191
2205
2212
2226
2211
2158
2102
2059
2024
1992
1947
1912
1893
1868
1861
1847
1818
1778
1763
1751
1759
1746
1763
1806
1851
1876
1882
1859
1843
1836
1842
1837
1840
1826
1808
1817
1825
1833
1886
1938
1956
1972
1979
1998
2002
2002
2000
2019
2036
2074
2105
2123
2124
2119
2113
2077
2047
2019
2006
1995
1988
1975
1967
1975
1979
1972
1965
1963
1952
1921
1871
1834
1811
1806
1832
1860
1880
1878
1867
1867
1875
1881
1890
1895
1879
1857
1839
1818
1821
1797
1786
1787
1811
1857
1936
1992
2046
2094
2163
2223
2272
2277
2254
2213
2166
2117
2039
1995
1955
1931
1896
1892
1864
1869
1875
1918
1917
1924
1963
2003
2032
2066
2077
2065
2019
2005
2006
2015
2025
2031
2020
2007
1984
1962
1951
1969
1997
2006
2019
2024
2050
2069
2111
2139
2167
2176
2191
2171
2188
2212
2252
2268
2245
2223
2195
2201
2191
2182
2169
47.05078125
1.664501905
999
