5835
1995
1978
1979
2020
1967
1982
1953
2010
1983
1989
1919
1958
1902
1958
1915
1844
1884
1889
1992
1976
2022
1967
2041
1999
2047
1982
1999
1963
1994
1940
1967
1949
1988
1973
1987
1987
1980
2015
2013
1993
1965
1985
1958
2019
1971
2003
1968
2022
1972
2011
1967
2046
2034
2081
2033
2076
2073
2107
2082
2102
2087
2125
2108
2095
2066
2085
2104
2088
2074
2045
2076
2079
2081
2042
2081
2073
2105
2054
2078
2051
2091
2062
2093
2065
2091
2069
2068
2020
2022
2019
2027
2019
2019
2020
2031
2059
2051
2062
2042
2080
2083
2111
2072
2106
2102
2140
2133
2150
2113
2151
2138
2157
2123
2132
2122
2122
2124
2095
2091
2099
2110
2077
2099
2084
2125
2095
2115
2087
2135
2117
2149
2099
2111
2090
2138
2106
2127
2106
2136
2123
2115
2068
2071
2062
2051
2022
2003
2036
2034
2037
1992
1993
1991
2029
1982
2005
1969
2054
2026
2081
2019
2089
2057
2103
2052
2088
2067
2135
2078
2102
2067
2100
2086
2104
2072
2059
2064
2064
2043
1991
1994
1979
2007
1967
2009
1990
2040
2003
2063
1999
2035
2008
2061
2019
2066
2015
2066
1994
2020
1960
2019
1969
1970
1947
1927
1938
1940
1933
1921
1938
1940
1996
1974
1998
1983
2027
1972
1990
1930
1971
1941
2002
1946
1976
1938
2009
1976
1987
1959
1949
1963
1977
1979
1978
1985
1980
2010
1973
1989
1975
2036
2002
2018
1982
2055
2034
2048
1972
1995
1965
1987
1962
1952
1925
1951
1941
1921
1893
1893
1927
1909
1913
1873
1912
1899
1941
1924
1949
1901
1948
1934
1951
1912
1955
1930
1944
1937
1922
1916
1908
1917
1894
1898
1865
1890
1859
1899
1876
1927
1915
1974
1927
1933
1892
1930
1886
1897
1861
1891
1900
1909
1923
1929
1941
1957
1957
1953
1959
1948
1990
1969
1986
1970
2018
1986
2009
1943
1971
1941
1973
1903
1901
1839
1829
1804
1787
1774
1794
1806
1825
1852
1854
1903
1912
1952
1903
1924
1921
1958
1898
1913
1865
1909
1879
1919
1858
1877
1867
1905
1905
1909
1901
1950
1971
1966
1984
1963
2018
2007
2031
1976
2016
1975
2044
1971
2004
1952
2035
1975
2004
1956
1995
1983
2032
1982
2010
2001
2043
2036
2041
2045
2045
2080
2048
2043
2023
2043
2011
2056
1993
2048
2006
2063
1989
2036
1954
1999
1945
1991
1951
2003
1989
2015
2000
1988
1978
1968
1961
1931
1915
1867
1916
1892
1925
1880
1934
1902
1945
1916
1960
1894
1955
1925
1982
1949
2002
1964
1991
1963
1961
1951
1980
1987
1966
1988
1944
1994
1947
1960
1899
1939
1908
1952
1897
1903
1843
1897
1871
1881
1834
1834
1859
1869
1863
1839
1869
1877
1904
1887
1906
1863
1918
1891
1923
1878
1944
1923
1960
1924
1951
1949
2010
1967
1980
1959
1973
1995
1976
1963
1953
1983
1981
1987
1938
1955
1929
1944
1889
1895
1845
1867
1835
1817
1744
1734
1714
1709
1661
1641
1638
1633
1663
1640
1679
1681
1752
1736
1775
1727
1762
1752
1803
1754
1807
1808
1858
1859
1872
1860
1870
1870
1870
1890
1849
1878
1865
1897
1864
1877
1837
1884
1847
1870
1815
1844
1819
1870
1828
1869
1868
1906
1938
1938
1948
1966
2002
2003
2042
1992
2038
2005
2052
1985
2035
1987
2042
2004
2042
1986
2011
1988
2025
1986
1959
1960
1944
1989
1970
1996
1969
2018
1983
2060
2009
2070
2035
2107
2046
2069
2029
2031
2022
2023
1988
1966
1958
1936
1971
1903
1928
1900
1960
1901
1929
1868
1915
1891
1956
1903
1947
1911
1955
1946
1936
1920
1884
1908
1878
1854
1802
1813
1768
1824
1759
1805
1753
1832
1812
1867
1847
1877
1888
1943
1919
1941
1929
1912
1964
1916
1943
1893
1944
1908
1926
1888
1941
1917
2004
1983
2025
1986
2036
2016
2003
1985
1955
1943
1947
1973
1951
1987
1947
2015
2005
2052
2015
2067
2036
2057
2011
2039
2000
2059
2028
2037
1996
2004
2018
2016
1995
1950
1958
1951
1965
1924
1951
1919
1964
1935
1958
1929
1975
1954
1997
1960
1968
1971
2017
1999
2010
2023
2007
2049
2019
2049
2025
2049
2041
2057
2007
2012
1986
2040
1996
1999
1965
1984
1992
1990
1979
1946
1961
1971
1977
1945
1982
1956
2038
2017
2056
2016
2086
2056
2091
2035
2044
2014
2030
1995
1984
1997
1971
2024
1992
2005
1955
1991
1969
2011
1950
1995
1957
2042
2017
2071
2033
2076
2082
2102
2085
2076
2072
2075
2066
2034
2069
1992
2052
2021
2069
2002
2047
2007
2084
2048
2081
2038
2092
2078
2115
2109
2079
2098
2113
2151
2125
2155
2148
2193
2157
2211
2147
2209
2176
2227
2164
2194
2144
2170
2166
2161
2131
2146
2170
2157
2180
2123
2147
2128
2184
2127
2163
2118
2183
2179
2216
2162
2200
2192
2235
2219
2187
2165
2179
2204
2190
2171
2149
2182
2165
2208
2155
2190
2182
2230
2167
2200
2155
2193
2187
2196
2157
2172
2186
2184
2220
2182
2200
2180
2235
2192
2202
2182
2221
2206
2240
2183
2209
2185
2211
2176
2150
2136
2112
2138
2120
2128
2108
2122
2117
2164
2135
2161
2145
2191
2162
2181
2153
2157
2162
2171
2166
2154
2155
2142
2180
2124
2133
2085
2129
2098
2128
2108
2127
2117
2156
2135
2157
2130
2166
2152
2141
2137
2112
2137
2127
2142
2094
2136
2103
2154
2130
2151
2118
2167
2151
2166
2161
2143
2142
2166
2185
2162
2172
2133
2190
2146
2178
2123
2187
2166
2205
2166
2182
2153
2199
2184
2185
2148
2167
2174
2182
2205
2159
2165
2153
2183
2135
2173
2105
2155
2127
2172
2109
2144
2111
2134
2123
2109
2086
2099
2128
2106
2107
2089
2140
2101
2136
2060
2112
2076
2139
2096
2109
2062
2107
2065
2107
2068
2092
2065
2080
2104
2093
2113
2092
2128
2093
2124
2059
2111
2086
2145
2087
2131
2091
2133
2114
2123
2088
2105
2112
2123
2086
2059
2071
2031
2073
2026
2059
2007
2057
2036
2108
2069
2093
2067
2133
2109
2133
2109
2091
2119
2111
2131
2103
2124
2123
2157
2109
2127
2083
2136
2115
2126
2068
2079
2086
2114
2100
2098
2085
2111
2108
2080
2095
2047
2103
2094
2124
2074
2095
2057
2071
2040
2043
2014
2045
2049
2040
2048
2019
2050
2053
2073
2045
2071
2057
2099
2080
2104
2057
2089
2071
2091
2067
2088
2093
2088
2107
2060
2066
2044
2058
2004
2014
1963
2000
1974
2017
1978
2016
1989
2020
2024
2039
2033
2053
2091
2112
2132
2101
2129
2101
2142
2089
2119
2078
2120
2087
2112
2066
2082
2072
2108
2055
2062
2054
2040
2068
2030
2038
2019
2068
2031
2097
2041
2092
2044
2111
2056
2089
2040
2056
2045
2068
2044
2053
2063
2102
2125
2092
2117
2076
2129
2090
2109
2042
2061
2003
2048
1984
2010
1935
1973
1916
1939
1926
1902
1923
1917
1914
1879
1909
1874
1948
1898
1956
1907
1981
1921
1964
1929
1950
1920
1951
1902
1914
1892
1940
1945
1948
1962
1925
1975
1962
1982
1936
1960
1901
1951
1889
1932
1873
1943
1919
1956
1935
1949
1940
1949
1932
1927
1907
1872
1915
1866
1895
1841
1889
1867
1919
1902
1954
1923
1988
1989
2022
1980
1999
1987
1990
1979
1950
1947
1946
1969
1947
1981
1938
1977
1957
1982
1939
1979
1956
1962
1950
1941
1926
1941
1970
1966
1963
1935
1971
1977
2017
1973
2017
2004
2059
2047
2056
2030
2052
2060
2064
2057
2041
2041
2054
2075
2032
2048
2034
2084
2057
2078
2016
2031
2025
2058
2022
2039
2013
2024
2044
2026
2031
2029
2058
2028
2022
1977
2012
1981
2033
1982
2025
1996
2058
2029
2043
2027
2040
2035
2054
2021
2018
2031
2009
2052
2008
2042
2008
2073
2041
2093
2029
2052
2010
2057
1996
2023
1977
2013
2043
2043
2039
2032
2050
2041
2029
1985
2021
1961
2024
1982
2019
1955
2032
1984
2037
1981
2013
2000
2064
2033
2069
2073
2035
2057
2040
2041
1982
2008
1989
2025
1954
1978
1903
1982
1949
1992
1944
1983
1986
2028
2018
2038
2038
2067
2075
2056
2088
2023
2075
2036
2070
2020
2061
2027
2095
2031
2046
2005
2061
2034
2064
2040
2023
2032
2041
2043
2026
2032
2025
2070
2027
2048
2004
2067
2033
2059
2000
2031
2005
2039
2033
2031
2011
2034
2056
2045
2061
2024
2051
2043
2066
2013
2033
1999
2042
2012
2030
1987
2010
1979
1977
1939
1902
1894
1899
1910
1887
1900
1891
1943
1945
1978
1940
1965
1965
2008
1981
2004
1985
1977
1981
1975
1938
1920
1907
1858
1889
1845
1861
1837
1903
1865
1891
1874
1891
1887
1918
1908
1915
1907
1942
1943
1921
1917
1887
1920
1901
1908
1863
1903
1903
1951
1922
1943
1922
1975
1948
1966
1980
1981
2017
2018
2023
1992
2021
2001
2071
2021
2052
1991
2076
2118
2056
2072
2059
2083
2054
2025
2020
2046
2066
2031
2053
2002
2050
2024
2074
2006
2049
2019
2092
2068
2117
2063
2110
2104
2145
2117
2104
2106
2101
2130
2091
2097
2067
2094
2057
2119
2055
2092
2040
2116
2070
2098
2061
2049
2052
2077
2066
2040
2035
1985
2046
1983
2010
1949
2033
2007
2041
2007
2047
2025
2090
2048
2075
2042
2096
2102
2109
2114
2087
2114
2125
2136
2118
2149
2105
2170
2134
2169
2137
2201
2155
2177
2147
2152
2148
2186
2174
2172
2155
2138
2191
2165
2177
2130
2164
2140
2170
2146
2159
2112
2142
2111
2132
2104
2131
2125
2137
2143
2134
2146
2153
2176
2144
2172
2133
2166
2159
2177
2144
2160
2141
2164
2155
2146
2139
2143
2139
2119
2103
2058
2100
2075
2107
2075
2097
2076
2109
2089
2098
2075
2092
2089
2101
2067
2062
2065
2066
2095
2059
2082
2067
2123
2081
2108
2054
2069
2046
2088
2040
2054
2033
2059
2091
2073
2078
2062
2101
2091
2097
2072
2106
2077
2136
2080
2120
2075
2133
2102
2119
2078
2073
2072
2102
2076
2072
2060
2034
2068
2030
2040
1991
2034
1983
2013
1951
1973
1939
2011
1967
1998
1966
1993
2012
2018
2007
2002
2015
2031
2039
1997
2047
2003
2088
2025
2071
1999
2063
2019
2071
2033
2062
2010
2043
2027
2058
2062
2024
2061
2027
2030
1993
2028
2021
2081
2022
2076
2033
2099
2041
2085
2024
2040
2012
2038
2020
2025
2025
2058
2068
2032
2062
2006
2066
2042
2079
2014
2054
2007
2064
2014
2034
1982
2036
2026
2062
2049
2035
2040
2052
2067
2033
2037
2032
2047
2014
2025
1973
2012
1993
2002
1931
1925
1883
1905
1872
1868
1855
1893
1911
1904
1927
1890
1931
1932
1979
1931
1953
1940
1981
1975
1999
1965
1996
2003
2034
2014
1991
1984
1975
1992
1942
1924
1893
1900
1892
1911
1870
1890
1871
1898
1857
1882
1872
1874
1875
1859
1863
1850
1868
1844
1882
1837
1868
1855
1921
1890
1926
1903
1909
1899
1917
1869
1863
1853
1891
1908
1894
1905
1872
1915
1897
1927
1882
1919
1901
1966
1916
1957
1910
1960
1913
1925
1907
1869
1889
1894
1898
1873
1888
1855
1920
1861
1900
1852
1925
1898
1951
1933
1963
1948
2007
1979
1999
1970
2016
1989
1941
1920
1851
1871
1844
1870
1817
1854
1795
1863
1798
1832
1763
1823
1784
1818
1785
1787
1791
1836
1835
1843
1870
1868
1956
1933
1983
1939
2020
1983
2029
1993
2029
1977
2044
2015
2059
2015
2053
2029
2039
2037
2018
2025
2019
2051
2019
2058
1989
2051
2011
2044
1973
2007
1957
1982
1958
1977
1956
1993
1999
2019
2012
2022
2066
2034
2069
2005
2020
1989
2030
1972
1982
1919
1970
1941
1984
1931
1963
1937
1963
1962
1947
1937
1955
1976
1964
1973
1928
1966
1964
2026
2000
2026
2002
2034
2028
2025
1979
1986
1972
1967
1928
1919
1943
1957
1990
1970
1984
1963
2022
2004
2010
1962
1987
1973
2006
1968
1985
1973
1999
2027
1996
1987
1967
1995
1989
2012
1967
1994
1965
2003
1950
1982
1951
1990
2018
2028
2017
2027
2026
2033
2016
1992
2006
1958
1996
1957
1985
1932
1987
1959
2002
1952
1983
1966
2001
1951
1955
1950
1919
1947
1919
1940
1902
1931
1895
1954
1939
1990
1962
2028
2016
2071
2029
2059
2078
2090
2099
2068
2072
2081
2117
2057
2099
2016
2052
1985
2022
1930
1958
1878
1922
1887
1897
1844
1893
1888
1919
1933
1914
1921
1937
1995
1979
1995
1993
2063
2036
2085
2023
2073
2015
2047
1978
1989
1942
1963
1957
1950
1921
1933
1955
1947
1993
1945
1976
1959
2019
1958
2003
1962
2007
1964
1993
1928
1945
1915
1944
1924
1903
1913
1892
1912
1878
1875
1849
1877
1857
1895
1821
1838
1814
1891
1871
1926
1912
1955
1982
2022
2012
2005
1982
1953
1973
1921
1940
1906
1945
1898
1914
1900
1930
1919
1970
1939
1962
1932
1977
1949
1933
1902
1879
1893
1893
1896
1875
1903
1877
1941
1910
1933
1903
1962
1949
1951
1913
1877
1863
1891
1882
1881
1882
1865
1925
1909
1937
1897
1951
1952
1956
1935
1939
1903
1928
1886
1881
1837
1859
1851
1847
1863
1825
1851
1848
1858
1814
1849
1828
1898
1901
1942
1929
1979
1990
2034
2036
2034
2046
2070
2079
2061
2067
2048
2095
2062
2085
2020
2061
2036
2096
2078
2098
2064
2102
2088
2095
2054
2079
2083
2080
2099
2065
2082
2077
2109
2063
2099
2029
2070
2032
2076
2032
2055
2006
2029
2028
2022
2002
1995
2018
2021
2001
1970
2001
1974
2042
1983
2030
1994
2077
2051
2096
2034
2054
2023
2084
2027
2055
2034
2036
2073
2057
2064
2034
2098
2087
2130
2068
2107
2072
2137
2071
2114
2060
2095
2078
2113
2076
2087
2083
2100
2066
2051
2069
2034
2089
2046
2071
2014
2062
2022
2078
2009
2035
2008
2074
2042
2087
2058
2057
2062
2064
2059
2022
2023
2010
2010
1939
1946
1891
1954
1928
1951
1912
1947
1933
1963
1935
1954
1934
1955
1954
1943
1959
1938
1978
1973
2021
1997
2021
2001
2061
2043
2076
2033
2081
2074
2108
2093
2074
2083
2081
2082
2059
2064
2060
2074
2041
2064
2019
2051
2040
2061
2022
2047
2026
2051
2062
2053
2046
2062
2106
2101
2133
2099
2117
2117
2150
2090
2112
2091
2121
2096
2096
2051
2063
2056
2085
2092
2063
2079
2081
2107
2066
2077
2061
2091
2078
2122
2071
2125
2115
2166
2099
2130
2106
2108
2112
2105
2078
2070
2084
2070
2112
2057
2087
2040
2084
2022
2051
2019
2055
2021
2075
2024
2059
2039
2082
2071
2056
2064
2028
2052
2026
2030
1987
2015
1958
2022
1961
1999
1946
2020
1970
2023
2007
2011
2020
2061
2047
2053
2043
2025
2076
2036
2074
2019
2079
2053
2097
2065
2111
2051
2107
2063
2086
2031
2080
2048
2058
2042
2019
2050
2076
2085
2048
2084
2013
2079
2023
2037
1961
2013
1958
1994
1938
1939
1897
1952
1943
1949
1900
1885
1929
1927
1955
1929
1958
1959
2003
1982
2010
1942
1978
1939
1974
1901
1943
1925
1952
1948
1939
1944
1981
1999
1990
1998
1956
2003
1993
2035
1980
2003
1974
1999
1977
1977
1949
1975
1986
1996
1965
1949
1957
1951
1952
1910
1916
1913
1956
1943
1967
1941
1963
1948
1969
1948
1948
1958
1958
1992
1976
1997
1963
1989
1983
2038
2009
2024
2012
2077
2061
2082
2029
2028
2033
2028
2022
2000
1991
1992
1997
1959
1985
1938
2012
2004
2059
1998
2052
2050
2097
2060
2062
2018
2039
2013
2003
2031
1998
2044
2032
2061
2039
2078
2058
2090
2036
2071
2020
2070
2038
2075
2026
2052
2068
2081
2090
2080
2108
2131
2166
2145
2196
2120
2167
2126
2180
2116
2172
2145
2190
2169
2192
2147
2183
2182
2208
2194
2149
2159
2126
2144
2078
2086
2023
2050
1978
2011
1916
1960
1933
1986
1927
1980
1969
1993
1998
2003
2001
1995
2007
1971
2027
1961
1988
1950
2004
1959
2005
1976
2036
2008
2077
2032
2054
2039
2091
2051
2031
2006
1981
2018
1993
1989
1973
1991
1969
2031
1967
1993
1955
2026
1969
1990
1959
1972
1986
2023
1999
1995
2020
2012
2090
2048
2070
2033
2094
2056
2085
2037
2055
2031
2084
2053
2078
2045
2093
2072
2054
2043
2017
2044
2062
2071
2062
2092
2080
2139
2103
2109
2064
2110
2091
2116
2078
2059
2049
2058
2037
2012
2010
1994
2027
2003
2035
2007
2054
2052
2089
2086
2112
2094
2142
2135
2146
2117
2130
2111
2103
2113
2088
2099
2087
2093
2035
2040
1986
2013
1996
2023
1981
2007
1980
1992
1995
1982
1967
1964
1991
1967
1945
1894
1944
1911
1951
1900
1938
1925
2015
2021
2061
2037
2083
2091
2100
2071
2085
2078
2080
2107
2066
2083
2073
2119
2048
2077
1998
2027
1992
2048
1995
2018
1994
2038
2063
2066
2051
2062
2075
2064
2051
2005
2029
1995
2059
1981
2015
1963
2038
2013
2048
1977
2009
1993
2054
2004
2037
2023
2028
2049
2028
2033
2006
2034
2004
2037
1962
2002
1950
2003
1939
1986
1930
1969
1965
1989
1956
1973
1980
2024
1989
1987
2007
1963
2012
1962
1987
1929
1986
1950
2004
1957
1991
1969
2035
2015
2048
2022
2013
2038
2059
2067
2062
2074
2095
2115
2069
2090
2034
2096
2059
2077
2019
2048
2026
2091
2083
2076
2045
2071
2061
2050
2055
2029
2062
2058
2074
2017
2045
2018
2092
2054
2063
2031
2082
2070
2084
2048
2012
2019
2022
2022
2005
2007
2015
2053
2037
2062
2028
2076
2071
2095
2043
2080
2078
2111
2120
2129
2140
2157
2179
2172
2193
2147
2166
2144
2179
2129
2148
2140
2102
2114
2084
2121
2106
2127
2084
2102
2092
2093
2105
2092
2095
2076
2099
2062
2084
2021
2055
2022
2074
2015
2056
2036
2079
2074
2096
2081
2099
2118
2148
2169
2119
2131
2100
2141
2086
2099
2054
2098
2077
2137
2095
2130
2091
2160
2106
2115
2087
2060
2077
2062
2045
2030
2070
2038
2099
2037
2084
2028
2104
2047
2094
2060
2103
2086
2142
2105
2128
2105
2147
2156
2133
2150
2133
2181
2164
2179
2138
2192
2146
2210
2131
2170
2117
2180
2140
2173
2146
2142
2134
2165
2153
2152
2151
2121
2185
2138
2178
2115
2155
2114
2147
2112
2142
2084
2135
2097
2139
2099
2132
2119
2125
2121
2075
2076
2051
2078
2034
2079
2024
2060
2029
2056
2012
2035
2013
2032
2035
2054
2064
2082
2102
2100
2102
2082
2100
2082
2124
2076
2101
2074
2123
2107
2119
2110
2134
2146
2164
2147
2143
2145
2144
2166
2125
2119
2063
2093
2055
2085
2046
2057
2037
2084
2058
2081
2073
2102
2141
2133
2127
2107
2144
2157
2168
2146
2177
2149
2210
2157
2180
2150
2206
2154
2170
2146
2137
2142
2158
2148
2132
2129
2102
2161
2136
2154
2118
2158
2130
2189
2142
2159
2125
2187
2163
2198
2167
2187
2201
2181
2181
2152
2173
2160
2174
2125
2170
2107
2168
2129
2181
2112
2151
2110
2131
2072
2054
2015
2032
2027
2016
2034
1998
2027
2016
2043
1992
2040
2017
2060
2030
2059
2006
2086
2072
2111
2046
2081
2087
2123
2135
2097
2080
2082
2106
2060
2116
2058
2131
2103
2155
2093
2121
2087
2149
2123
2145
2107
2164
2174
2189
2181
2155
2176
2171
2209
2159
2184
2164
2209
2174
2219
2146
2177
2145
2207
2145
2185
2154
2165
2163
2159
2134
2131
2153
2126
2169
2100
2129
2094
2146
2092
2121
2085
2117
2090
2130
2099
2134
2123
2159
2141
2127
2118
2103
2122
2105
2099
2056
2099
2079
2118
2082
2099
2075
2141
2105
2138
2114
2122
2135
2185
2170
2171
2185
2180
2217
2169
2198
2164
2210
2178
2203
2180
2192
2164
2196
2138
2152
2116
2148
2136
2124
2119
2098
2142
2150
2153
2114
2150
2141
2186
2143
2160
2120
2154
2156
2172
2156
2134
2142
2151
2150
2115
2130
2107
2152
2112
2131
2080
2125
2086
2104
2075
2086
2058
2102
2105
2120
2099
2119
2102
2094
2111
2065
2086
2066
2082
2016
2041
1978
2031
2011
2052
2023
2085
2060
2081
2078
2061
2050
2045
2053
2027
2032
2012
2057
2010
2057
1982
2034
2012
2079
2043
2069
2031
2068
2055
2097
2050
2070
2063
2066
2079
2048
2053
2058
2094
2056
2080
2013
2075
2045
2093
2018
2058
2007
2049
1975
1995
1924
1969
1943
1959
1906
1912
1938
1943
1980
1950
1960
1963
2009
1978
2017
1958
2028
2014
2082
2013
2063
2044
2095
2069
2071
2033
2061
2058
2055
2040
1997
2024
2002
2033
1985
2027
2013
2072
2044
2078
2017
2066
2061
2110
2053
2062
2044
2034
2023
2007
2004
2001
2023
1996
2026
1980
2018
1999
2063
2025
2048
2004
2035
2011
2011
1974
1995
1987
1992
2000
1974
1976
1953
1992
1971
1987
1954
1999
1968
1995
1958
1981
1959
2018
2005
2025
2030
2025
2049
2057
2087
2070
2102
2092
2142
2111
2126
2080
2131
2111
2106
2082
2078
2088
2102
2103
2090
2103
2140
2176
2138
2162
2134
2183
2165
2176
2130
2143
2118
2144
2124
2120
2085
2117
2122
2118
2133
2087
2116
2112
2128
2076
2086
2048
2088
2054
2068
2031
2071
2061
2074
2065
2057
2070
2085
2095
2083
2090
2085
2105
2067
2100
2038
2090
2055
2107
2064
2145
2116
2168
2148
2167
2147
2171
2169
2164
2186
2135
2156
2133
2182
2135
2166
2130
2174
2154
2212
2159
2212
2193
2253
2243
2215
2215
2182
2202
2185
2182
2138
2159
2114
2184
2132
2169
2102
2177
2138
2184
2130
2138
2120
2168
2140
2147
2131
2133
2185
2148
2177
2127
2180
2164
2184
2146
2190
2143
2208
2154
2200
2154
2216
2188
2192
2166
2147
2142
2162
2144
2121
2128
2080
2146
2111
2156
2129
2204
2201
2256
2213
2240
2205
2254
2226
2236
2195
2181
2196
2192
2188
2162
2179
2170
2179
2166
2207
2171
2204
2196
2240
2216
2246
2219
2242
2244
2254
2256
2265
2269
2253
2271
2232
2257
2236
2261
2210
2229
2208
2258
2257
2258
2222
2240
2239
2241
2238
2223
2228
2189
2215
2199
2197
2172
2206
2168
2191
2157
2180
2159
2179
2138
2152
2131
2123
2145
2117
2117
2111
2148
2134
2165
2129
2156
2134
2204
2145
2163
2128
2167
2167
2176
2140
2137
2141
2154
2143
2129
2132
2124
2168
2133
2160
2128
2191
2142
2182
2127
2151
2116
2174
2140
2167
2162
2159
2192
2182
2188
2170
2196
2172
2194
2128
2162
2103
2181
2133
2162
2083
2131
2124
2161
2111
2121
2095
2116
2090
2080
2091
2049
2093
2072
2092
2067
2110
2075
2142
2103
2149
2099
2165
2120
2173
2135
2134
2138
2154
2142
2152
2152
2162
2171
2122
2154
2098
2163
2126
2174
2112
2159
2107
2154
2106
2129
2066
2089
2051
2057
2047
2003
2024
2031
2047
2021
2040
2016
2083
2035
2055
1998
2053
2022
2050
2006
2010
1967
1992
1980
1970
1951
1967
1978
1959
1960
1908
1935
1917
1962
1912
1945
1890
1960
1944
1962
1933
1964
1962
1983
2002
1984
1998
2020
2045
2026
2044
2045
2085
2079
2101
2070
2111
2096
2124
2072
2059
2030
2046
2056
2047
2033
2023
2015
2000
2029
1984
2026
2011
2069
2026
2063
2039
2067
2077
2112
2089
2101
2102
2098
2129
2095
2099
2076
2114
2077
2096
2068
2108
2095
2140
2089
2124
2092
2145
2130
2122
2105
2090
2101
2102
2087
2069
2077
2029
2085
2037
2090
2032
2091
2051
2070
2012
2006
1951
1987
1942
1952
1915
1915
1965
1963
1995
1967
2031
2026
2066
2020
2083
2038
2128
2072
2114
2052
2118
2095
2119
2107
2090
2077
2106
2096
2084
2111
2056
2124
2087
2120
2058
2124
2085
2131
2086
2106
2042
2096
2077
2095
2060
2080
2105
2123
2137
2112
2127
2111
2134
2097
2138
2078
2143
2100
2131
2056
2104
2055
2098
2068
2078
2047
2067
2057
2052
2077
2024
2062
2053
2118
2069
2114
2079
2148
2114
2141
2100
2139
2111
2146
2090
2085
2062
2048
2068
2034
2018
2009
2048
2031
2085
2042
2084
2069
2128
2062
2082
2029
2046
2050
2057
2024
2012
2019
2032
2032
1991
2025
2005
2062
2015
2041
1996
2060
2066
2103
2056
2074
2062
2107
2072
2070
2068
2062
2105
2090
2106
2097
2140
2146
2200
2156
2147
2119
2165
2122
2129
2081
2084
2073
2072
2063
2057
2065
2071
2084
2050
2076
2048
2111
2075
2093
2063
2104
2101
2125
2087
2105
2083
2115
2100
2075
2084
2059
2095
2089
2121
2068
2108
2088
2148
2138
2156
2117
2144
2126
2148
2128
2083
2087
2083
2108
2073
2100
2070
2106
2063
2130
2066
2113
2082
2140
2102
2147
2122
2138
2157
2159
2152
2155
2171
2147
2197
2139
2174
2127
2200
2137
2188
2136
2177
2149
2189
2128
2160
2141
2188
2170
2134
2123
2104
2133
2114
2126
2092
2122
2080
2130
2065
2101
2071
2148
2086
2118
2074
2096
2088
2118
2092
2097
2094
2075
2106
2077
2094
2065
2134
2112
2141
2101
2148
2107
2174
2120
2172
2138
2191
2158
2151
2147
2141
2159
2159
2129
2111
2107
2059
2112
2075
2118
2070
2114
2087
2116
2073
2094
2077
2111
2086
2096
2074
2063
2092
2075
2092
2046
2078
2059
2077
2052
2082
2054
2111
2089
2116
2056
2090
2081
2103
2107
2095
2088
2095
2121
2105
2138
2096
2151
2136
2171
2133
2170
2158
2172
2150
2144
2124
2153
2163
2145
2125
2107
2140
2113
2121
2071
2083
2065
2115
2090
2113
2073
2131
2143
2156
2127
2150
2177
2194
2203
2160
2162
2155
2195
2148
2158
2104
2129
2113
2144
2090
2110
2089
2123
2135
2146
2143
2155
2179
2189
2191
2166
2208
2191
2243
2181
2216
2171
2224
2180
2206
2145
2171
2146
2179
2147
2169
2176
2168
2203
2180
2203
2181
2223
2190
2230
2161
2204
2169
2234
2160
2187
2120
2142
2148
2171
2155
2151
2157
2192
2183
2163
2211
2172
2226
2183
2226
2146
2216
2161
2223
2162
2204
2156
2212
2154
2157
2105
2077
2092
2083
2087
2074
2098
2098
2128
2060
2082
2017
2099
2059
2108
2045
2089
2063
2114
2090
2124
2109
2164
2162
2156
2174
2139
2172
2138
2157
2097
2113
2087
2132
2084
2121
2075
2133
2105
2129
2097
2088
2093
2109
2102
2080
2079
2079
2088
2076
2105
2069
2113
2109
2148
2123
2161
2144
2191
2181
2172
2150
2156
2165
2142
2171
2167
2129
2178
2168
2181
2125
2118
2109
2132
2137
2136
2136
2146
2175
2148
2182
2144
2195
2181
2229
2180
2212
2175
2230
2222
2227
2197
2223
2231
2235
2232
2184
2212
2210
2245
2211
2227
2219
2266
2247
2260
2214
2254
2233
2271
2221
2237
2221
2228
2222
2189
2182
2180
2200
2159
2184
2124
2170
2140
2202
2144
2177
2130
2175
2158
2166
2132
2158
2152
2184
2190
2155
2183
2165
2215
2164
2187
2146
2197
2160
2216
2151
2202
2163
2211
2153
2164
2159
2175
2182
2168
2164
2145
2147
2099
2147
2088
2130
2071
2141
2080
2139
2106
2137
2111
2161
2106
2135
2109
2160
2158
2148
2159
2125
2181
2159
2171
2122
2168
2122
2192
2127
2168
2105
2167
2135
2164
2137
2131
2109
2120
2085
2068
2037
1987
2052
2001
2033
1976
2049
2035
2078
2030
2052
1994
2058
2030
2064
2021
2078
2059
2056
2054
2035
2061
2073
2095
2065
2087
2052
2120
2088
2115
2053
2084
2066
2088
2070
2060
2039
2069
2063
2069
2063
2062
2117
2101
2126
2081
2105
2087
2116
2083
2108
2066
2102
2094
2113
2083
2085
2084
2090
2113
2080
2089
2044
2072
2029
2057
2018
2011
1974
2003
1956
1960
1929
1948
1979
1978
1991
1967
2008
1996
2007
1975
1998
1951
2013
1974
1984
1941
1987
1966
1989
1978
1988
1996
2008
2003
1983
1985
1941
1987
1938
1958
1909
1957
1919
1978
1940
1966
1922
1999
1967
1991
1937
1942
1976
1970
1971
1931
1944
1935
1950
1903
1943
1874
1948
1907
1935
1851
1901
1851
1871
1848
1843
1829
1874
1883
1892
1912
1891
1938
1930
1988
1942
1988
1952
2012
1971
1990
1911
1965
1933
1954
1881
1888
1888
1902
1909
1893
1898
1893
1916
1888
1938
1893
1952
1943
2016
1966
2007
1976
2038
2025
2070
2050
2088
2071
2094
2059
1994
1983
1965
1985
1936
1940
1908
1959
1943
1979
1928
1974
1961
2012
1960
1994
1984
2031
2050
2058
2044
2068
2083
2068
2093
2052
2082
2056
2099
2043
2067
2020
2054
2027
2055
2005
2030
2015
2046
2030
2023
2027
2033
2075
2059
2049
2027
2057
2051
2101
2060
2084
2068
2132
2099
2119
2090
2097
2088
2080
2047
2041
2034
1999
2034
1984
2009
1976
2023
1981
2006
2001
2024
2013
2054
2028
2051
2044
2089
2091
2086
2109
2098
2119
2103
2103
2069
2089
2063
2104
2068
2074
2030
2067
2044
2061
2054
2040
2039
2045
2050
2027
2025
1986
2029
2011
2022
1958
2017
2001
2032
2004
2030
2002
2039
2024
2031
1994
2005
1999
1972
1959
1904
1919
1910
1958
1907
1966
1921
2001
2002
2044
1999
2044
2029
2060
2069
2059
2046
2059
2075
2042
2035
2001
2045
2006
2043
1974
2036
1991
2046
2000
2024
1967
2021
1981
2002
1950
1972
1933
1918
1916
1887
1893
1899
1950
1928
1985
1928
1987
1952
1991
1910
1958
1910
1945
1929
1952
1906
1933
1938
1966
1943
1935
1965
1949
1980
1940
1976
1949
2005
1986
2020
1957
1979
1942
1992
1934
1956
1931
1940
1950
1951
1946
1939
1963
1965
1984
1920
1946
1908
1953
1896
1913
1841
1860
1844
1866
1815
1832
1831
1892
1879
1909
1944
1946
2012
2017
2042
2014
2059
2048
2100
2044
2056
2014
2068
2031
2038
2008
2005
2024
2029
2019
2003
2014
2029
2043
2015
2035
1999
2057
2045
2076
2037
2054
2050
2068
2048
2039
2027
2066
2060
2030
2039
2016
2050
2031
2035
2003
2028
1992
2035
2032
2060
2038
2084
2078
2093
2079
2066
2086
2092
2101
2088
2107
2084
2100
2071
2120
2079
2127
2091
2137
2083
2108
2101
2118
2119
2122
2108
2089
2097
2058
2097
2060
2079
2051
2104
2060
2098
2064
2114
2091
2136
2095
2131
2132
2182
2189
2158
2178
2182
2246
2215
2223
2175
2218
2186
2236
2160
2208
2167
2230
2151
2177
2128
2148
2136
2170
2137
2135
2139
2120
2167
2120
2132
2110
2149
2108
2124
2076
2134
2118
2188
2124
2164
2120
2181
2153
2147
2127
2136
2159
2150
2145
2119
2131
2098
2154
2078
2129
2067
2142
2101
2154
2106
2137
2117
2169
2135
2165
2131
2156
2186
2180
2189
2157
2187
2163
2164
2111
2146
2073
2125
2083
2123
2071
2112
2090
2106
2109
2098
2110
2120
2149
2119
2158
2122
2162
2142
2176
2128
2159
2132
2154
2139
2145
2118
2142
2164
2173
2149
2141
2164
2175
2211
2186
2210
2194
2246
2240
2267
2227
2251
2240
2273
2228
2229
2225
2236
2250
2213
2204
2185
2216
2184
2214
2163
2199
2186
2231
2192
2217
2181
2202
2225
2230
2211
2199
2219
2236
2222
2200
2220
2190
2240
2184
2217
2168
2229
2192
2221
2177
2195
2164
2194
2167
2186
2192
2166
2205
2184
2202
2157
2202
2194
2246
2202
2239
2189
2250
2213
2248
2187
2224
2221
2238
2240
2237
2231
2246
2245
2209
2242
2185
2231
2195
2237
2156
2204
2174
2231
2192
2235
2184
2230
2205
2229
2205
2160
2164
2167
2191
2165
2185
2181
2230
2193
2235
2164
2210
2175
2238
2175
2199
2172
2218
2209
2208
2172
2192
2184
2178
2213
2160
2184
2171
2215
2152
2176
2142
2223
2167
2207
2143
2197
2177
2213
2191
2184
2198
2207
2221
2190
2189
2180
2214
2175
2213
2148
2181
2143
2186
2121
2173
2147
2179
2155
2170
2125
2138
2132
2118
2143
2104
2126
2095
2128
2080
2112
2077
2106
2087
2131
2075
2125
2106
2168
2159
2161
2142
2128
2146
2140
2139
2112
2126
2084
2119
2078
2108
2068
2109
2066
2075
2043
2040
2028
2062
2029
2020
2012
1996
2047
2023
2021
1970
2001
1974
1985
1929
1919
1873
1925
1895
1896
1862
1911
1910
1890
1874
1857
1883
1911
1927
1888
1903
1854
1903
1872
1900
1866
1935
1927
1962
1957
1974
1982
2023
2039
2035
2031
2042
2099
2063
2072
2020
2055
2031
2060
2023
2027
1986
2042
2024
2056
2030
2049
2023
2008
2006
1965
1982
1992
2035
2010
2056
2012
2079
2053
2114
2067
2119
2084
2125
2107
2103
2074
2095
2090
2080
2060
2039
2067
2047
2084
2018
2055
2001
2063
2011
2055
1998
2036
2006
2053
1991
2013
1968
1957
1954
1916
1906
1896
1918
1910
1953
1891
1940
1905
1992
1939
1982
1943
2017
2016
2061
2016
2040
2019
2070
2027
2021
2030
2021
2066
2043
2067
2029
2100
2083
2130
2057
2069
2023
2075
1994
2004
1965
1960
1970
1981
1965
1968
1983
1999
2042
2003
2047
2018
2092
2064
2095
2043
2072
2048
2086
2054
2059
2028
2067
2041
2037
2047
2005
2008
1988
1989
1946
1975
1957
2008
1963
1982
1954
2009
1995
2025
2018
2028
2037
2061
2077
2078
2071
2071
2088
2067
2096
2046
2071
2055
2081
2038
2056
2011
2023
2010
1999
1971
1977
1988
1987
2006
1969
1971
1958
1977
1912
1913
1859
1867
1846
1857
1813
1823
1823
1843
1847
1838
1834
1838
1873
1843
1845
1822
1854
1831
1870
1806
1839
1832
1878
1821
1832
1805
1811
1822
1827
1821
1828
1867
1841
1895
1847
1894
1871
1942
1900
1948
1918
1953
1939
1981
1927
1941
1906
1937
1918
1887
1895
1874
1926
1919
1936
1904
1952
1915
1988
1934
1981
1907
1981
1935
1977
1927
1915
1885
1929
1896
1895
1878
1858
1910
1875
1899
1836
1894
1855
1895
1851
1884
1835
1881
1864
1907
1878
1927
1922
1939
1976
1974
2002
2009
2061
2015
2074
2009
2069
2031
2077
2015
2031
1993
2011
1992
1989
1953
1993
2009
2027
2017
1992
2030
2002
2032
1974
2008
1980
2022
1985
2012
1965
2019
2006
2037
1990
2019
2030
2066
2089
2068
2068
2069
2106
2079
2119
2064
2101
2083
2106
2065
2087
2062
2081
2079
2067
2041
2040
2067
2082
2074
2055
2074
2048
2100
2067
2105
2077
2137
2117
2134
2113
2123
2112
2146
2105
2110
2109
2082
2117
2113
2121
2081
2117
2110
2148
2097
2108
2080
2131
2115
2126
2078
2097
2116
2127
2127
2104
2116
2130
2140
2116
2145
2089
2155
2135
2167
2104
2142
2113
2158
2138
2164
2143
2188
2180
2183
2198
2163
2208
2204
2225
2186
2212
2200
2254
2209
2216
2155
2211
2182
2201
2137
2158
2158
2179
2178
2171
2150
2167
2190
2171
2210
2135
2202
2182
2242
2156
2210
2146
2206
2170
2207
2157
2190
2169
2185
2174
2138
2140
2123
2152
2114
2130
2099
2154
2116
2151
2095
2152
2124
2177
2124
2168
2140
2159
2165
2178
2157
2157
2174
2155
2206
2169
2200
2169
2253
2195
2230
2181
2242
2212
2264
2201
2215
2192
2255
2236
2214
2198
2199
2230
2202
2197
2171
2187
5835
1872
1856
1849
1859
1861
1878
1910
1951
1979
1992
1992
1991
1994
1988
1926
1903
1924
1944
1957
1961
1967
1969
1978
1992
2011
2017
2007
1992
1992
1991
2000
2008
2019
2027
2031
2035
2040
2056
2065
2051
2056
2071
2054
2061
2079
2104
2109
2117
2121
2132
2131
2124
2110
2111
2107
2097
2103
2097
2104
2107
2108
2112
2107
2100
2101
2091
2075
2065
2044
2035
2036
2049
2060
2063
2071
2080
2076
2077
2075
2075
2072
2074
2082
2081
2092
2097
2115
2121
2127
2136
2140
2133
2135
2130
2133
2136
2148
2143
2154
2164
2170
2162
2150
2146
2146
2137
2118
2110
2106
2100
2113
2122
2124
2126
2142
2152
2158
2174
2185
2188
2191
2198
2181
2166
2150
2143
2132
2121
2111
2093
2054
2036
2023
2026
2033
2031
2044
2033
2028
2029
2043
2054
2060
2065
2058
2053
2059
2060
2065
2090
2097
2098
2095
2081
2087
2110
2119
2124
2112
2102
2083
2081
2071
2061
2050
2040
2033
2027
2012
2001
1994
1994
1991
1984
1975
1987
1991
2010
2023
2027
2032
2024
2017
2017
2013
2003
1998
1975
1963
1948
1937
1938
1922
1908
1895
1902
1929
1942
1956
1960
1978
2006
2011
2012
2013
2010
1987
1976
1960
1951
1938
1955
1963
1976
1978
1980
1988
1981
1983
1993
2008
2020
2019
2024
2019
2020
2013
2018
2016
2023
2017
2023
2023
2024
1999
1999
1995
1974
1982
1980
1978
1967
1960
1956
1943
1930
1929
1923
1916
1894
1878
1887
1896
1901
1904
1914
1907
1919
1933
1916
1910
1893
1893
1893
1891
1904
1908
1898
1891
1888
1891
1904
1892
1895
1931
1926
1931
1934
1938
1942
1931
1922
1886
1869
1869
1864
1880
1889
1894
1917
1950
1951
1947
1946
1947
1966
1976
1979
1997
2003
2010
2022
2035
2041
2026
2001
1953
1925
1896
1875
1843
1803
1784
1770
1771
1771
1766
1775
1814
1838
1860
1877
1883
1876
1868
1862
1878
1878
1871
1862
1845
1846
1839
1843
1848
1857
1867
1869
1897
1920
1940
1959
1973
1993
2010
2010
2010
2013
2002
1987
1975
1967
1965
1961
1958
1950
1943
1939
1944
1958
1958
1971
1978
2005
2002
2010
2015
2028
2032
2041
2038
2037
2033
2045
2035
2036
2031
2030
2032
2019
2010
2000
1994
1983
1967
1967
1973
1971
1964
1966
1970
1971
1958
1933
1928
1888
1865
1840
1841
1856
1883
1885
1906
1922
1921
1926
1920
1924
1938
1939
1938
1937
1944
1946
1951
1946
1956
1959
1961
1970
1976
1973
1971
1968
1960
1949
1946
1946
1921
1908
1901
1901
1907
1899
1882
1869
1865
1857
1849
1837
1822
1823
1843
1850
1870
1897
1929
1929
1926
1916
1918
1914
1927
1925
1937
1932
1960
1972
1999
1996
2009
2013
2024
2032
2031
2019
2011
2003
1999
1989
1984
1985
1954
1936
1908
1876
1849
1792
1752
1734
1697
1664
1618
1595
1583
1581
1603
1626
1637
1662
1696
1701
1711
1718
1729
1743
1749
1758
1782
1810
1835
1859
1879
1892
1898
1883
1870
1874
1868
1870
1872
1870
1867
1877
1879
1866
1863
1867
1875
1869
1859
1856
1852
1849
1865
1873
1896
1928
1960
1981
2007
2014
2039
2065
2082
2082
2086
2068
2074
2042
2041
2024
2017
2019
2016
2012
2015
2006
1986
1988
1996
1990
1990
2009
1997
2017
2029
2048
2060
2047
2056
2055
2050
2049
2049
2037
2035
2022
2014
1991
1973
1959
1949
1934
1936
1923
1910
1907
1908
1913
1914
1906
1906
1917
1908
1913
1915
1928
1929
1933
1937
1940
1898
1868
1830
1809
1790
1769
1754
1750
1731
1743
1768
1786
1807
1842
1869
1884
1877
1891
1910
1928
1932
1933
1936
1943
1949
1938
1935
1929
1916
1903
1921
1935
1962
1970
2000
2013
2013
2011
2007
1992
1969
1952
1938
1935
1935
1951
1974
1990
2019
2046
2050
2046
2032
2055
2048
2047
2053
2049
2054
2042
2023
2021
2008
2001
1984
1972
1965
1947
1933
1923
1917
1901
1908
1912
1928
1939
1950
1947
1960
1968
1978
1982
1988
1996
2007
2014
2028
2027
2038
2047
2054
2061
2049
2038
2038
2020
2005
2007
2000
1989
1977
1968
1950
1939
1927
1926
1914
1918
1926
1951
1983
1996
2010
2022
2024
2025
2030
2025
2026
2027
2019
2012
1990
1971
1968
1979
1981
1972
1965
1967
1953
1957
1942
1939
1951
1958
1975
1987
2005
2027
2054
2076
2078
2077
2067
2063
2064
2060
2046
2042
2043
2036
2040
2032
2032
2035
2028
2019
2025
2038
2036
2038
2054
2066
2084
2094
2098
2117
2123
2143
2151
2171
2173
2173
2172
2190
2189
2196
2185
2183
2169
2158
2158
2156
2154
2154
2155
2148
2140
2134
2139
2142
2156
2150
2153
2156
2159
2170
2183
2190
2202
2209
2214
2200
2190
2185
2175
2171
2183
2199
2182
2183
2176
2177
2175
2184
2184
2194
2186
2188
2187
2196
2200
2197
2206
2211
2218
2219
2221
2226
2226
2221
2228
2244
2243
2238
2244
2233
2216
2194
2191
2184
2162
2148
2144
2146
2127
2130
2137
2123
2111
2121
2114
2129
2146
2156
2166
2171
2197
2205
2193
2195
2193
2203
2195
2187
2178
2167
2163
2158
2166
2147
2137
2132
2132
2119
2114
2103
2098
2109
2112
2127
2155
2170
2175
2177
2179
2178
2181
2183
2179
2178
2168
2172
2160
2160
2169
2170
2169
2187
2195
2193
2207
2213
2206
2198
2197
2190
2198
2207
2213
2230
2217
2212
2211
2195
2197
2204
2202
2204
2212
2213
2189
2195
2180
2168
2158
2175
2171
2170
2156
2156
2155
2151
2144
2139
2135
2145
2161
2167
2159
2133
2099
2091
2079
2081
2086
2092
2093
2102
2116
2118
2129
2131
2116
2102
2094
2083
2077
2077
2083
2091
2088
2099
2094
2084
2072
2080
2085
2084
2094
2087
2080
2092
2094
2104
2105
2114
2111
2117
2126
2132
2119
2102
2087
2077
2075
2074
2073
2059
2058
2048
2052
2046
2052
2055
2060
2052
2061
2070
2091
2093
2102
2110
2109
2114
2096
2103
2103
2108
2102
2112
2117
2135
2132
2135
2132
2126
2106
2113
2102
2096
2094
2119
2122
2126
2140
2128
2118
2113
2115
2114
2118
2100
2098
2090
2097
2098
2090
2067
2060
2051
2068
2075
2054
2051
2061
2082
2093
2082
2078
2086
2086
2099
2112
2111
2111
2122
2133
2120
2119
2114
2113
2114
2102
2098
2060
2043
2035
2033
2027
2022
2034
2043
2038
2036
2039
2043
2028
2027
2038
2060
2068
2078
2090
2114
2118
2121
2127
2134
2130
2123
2120
2119
2123
2125
2124
2130
2112
2109
2097
2087
2081
2066
2058
2050
2044
2038
2039
2043
2058
2080
2073
2065
2070
2082
2082
2082
2079
2059
2051
2038
2035
2055
2062
2066
2075
2098
2119
2122
2108
2095
2059
2031
1995
1967
1947
1922
1907
1901
1894
1909
1914
1920
1912
1887
1863
1845
1841
1848
1871
1873
1892
1899
1924
1927
1927
1927
1920
1923
1919
1907
1897
1900
1899
1906
1919
1937
1943
1944
1927
1926
1928
1905
1881
1878
1862
1866
1878
1899
1906
1914
1917
1917
1916
1909
1899
1897
1877
1861
1865
1859
1860
1854
1854
1870
1914
1931
1944
1947
1956
1952
1966
1969
1965
1970
1975
1976
1986
1971
1963
1958
1944
1924
1931
1939
1948
1958
1957
1955
1944
1941
1944
1950
1940
1942
1944
1947
1960
1955
1971
1988
1992
2004
2013
2015
2021
2024
2039
2070
2073
2071
2074
2070
2075
2072
2071
2072
2082
2076
2083
2092
2089
2088
2092
2081
2078
2070
2063
2053
2040
2027
2031
2032
2034
2039
2023
2005
1990
1992
2010
2008
2005
2006
2002
1998
2011
2028
2036
2044
2029
2018
2001
1998
1975
1969
1968
1989
1995
1999
2011
2019
2023
2020
2013
2011
2005
2014
2018
2009
2009
2026
2024
2020
2015
2002
2011
2006
2013
2014
1985
1970
1975
1971
1983
1987
1992
1998
1991
1986
1993
1989
1996
2019
2026
2040
2036
2042
2030
2023
2008
1988
1973
1964
1958
1969
1960
1967
1959
1951
1963
1977
1996
2011
2030
2048
2053
2055
2071
2071
2072
2058
2058
2057
2042
2033
2041
2042
2050
2058
2062
2067
2053
2051
2041
2039
2037
2025
2032
2037
2021
2025
2019
2004
1999
2005
2005
2010
2027
2056
2056
2048
2045
2042
2030
2029
2038
2032
2023
2019
2027
2020
2009
2004
2022
2018
2024
2018
2016
2018
2025
2010
1999
1971
1944
1933
1925
1905
1894
1884
1886
1893
1895
1903
1910
1938
1965
1969
1971
1992
1994
1995
1999
2006
1994
1974
1924
1909
1880
1852
1826
1797
1772
1768
1790
1809
1839
1852
1860
1863
1878
1886
1897
1930
1939
1930
1927
1923
1912
1913
1909
1902
1911
1914
1927
1935
1946
1959
1966
1980
1988
2000
2000
2009
2010
2014
2026
2050
2045
2047
2055
2058
2069
2077
2084
2089
2086
2102
2107
2118
2119
2122
2110
2096
2070
2052
2044
2049
2051
2036
2041
2052
2057
2043
2040
2053
2087
2105
2115
2127
2132
2137
2131
2137
2109
2110
2097
2096
2096
2103
2094
2090
2084
2087
2107
2108
2103
2104
2092
2072
2049
2041
2024
2017
2005
1993
1985
1979
1979
1982
2011
2023
2034
2032
2046
2051
2069
2081
2074
2094
2088
2104
2114
2134
2148
2146
2152
2158
2162
2153
2142
2148
2163
2179
2178
2174
2159
2169
2180
2187
2178
2185
2179
2180
2174
2154
2148
2143
2152
2148
2142
2131
2140
2145
2151
2150
2149
2153
2141
2126
2117
2116
2114
2103
2121
2134
2141
2144
2151
2173
2179
2190
2194
2184
2161
2173
2182
2172
2166
2164
2140
2140
2124
2104
2082
2054
2028
2015
2017
2027
2051
2054
2063
2077
2084
2101
2102
2102
2083
2086
2090
2091
2089
2087
2092
2103
2110
2098
2092
2087
2064
2048
2039
2035
2025
2030
2045
2058
2073
2088
2093
2104
2104
2097
2089
2095
2114
2114
2103
2109
2121
2134
2139
2144
2143
2127
2123
2130
2122
2108
2099
2098
2091
2080
2067
2067
2054
2029
2001
1977
1963
1968
1965
1974
1982
1992
2001
2008
2013
2018
2029
2019
2039
2042
2042
2038
2052
2072
2076
2076
2080
2090
2084
2087
2082
2071
2072
2052
2051
2054
2041
2043
2036
2047
2043
2037
2027
2040
2044
2048
2043
2059
2076
2069
2077
2074
2067
2053
2022
1997
1986
1981
1974
1989
1992
1988
1999
2016
2027
2039
2048
2046
2040
2027
2039
2044
2037
2030
2023
2020
2017
2032
2038
2043
2035
2025
2020
2015
2018
2011
2001
1995
1992
1993
1984
1964
1932
1919
1907
1884
1848
1844
1850
1857
1855
1876
1888
1912
1938
1952
1976
1969
1968
1959
1971
1968
1965
1959
1956
1944
1938
1948
1945
1931
1925
1917
1912
1895
1878
1858
1832
1815
1809
1814
1809
1812
1801
1819
1835
1837
1837
1842
1846
1856
1856
1865
1858
1871
1867
1868
1895
1901
1906
1913
1910
1907
1895
1879
1880
1872
1865
1869
1861
1861
1869
1875
1879
1897
1916
1935
1940
1943
1935
1937
1932
1927
1915
1915
1910
1907
1902
1894
1886
1889
1893
1904
1918
1918
1912
1913
1925
1928
1931
1956
1980
2007
2019
2021
2020
1995
1955
1929
1895
1857
1829
1818
1791
1780
1774
1771
1766
1767
1738
1721
1701
1696
1679
1684
1688
1699
1712
1747
1783
1813
1834
1852
1872
1902
1945
1979
1991
1995
1995
2002
1998
1986
1986
1978
1973
1967
1972
1968
1974
1988
2006
2017
2021
2029
2023
2019
2005
1999
1990
1985
1983
1986
1960
1942
1940
1950
1953
1955
1970
1969
1989
2009
2008
2016
2015
2020
1994
1989
1974
1959
1952
1928
1917
1903
1904
1892
1886
1899
1903
1906
1927
1930
1947
1945
1931
1933
1924
1934
1933
1945
1943
1977
1993
2000
2002
2005
2004
1988
1956
1944
1927
1919
1918
1922
1930
1936
1938
1946
1938
1950
1981
1992
1991
1987
1974
1975
1976
1975
1984
1996
1999
1992
1972
1969
1971
1973
1976
1978
1969
1963
1968
1973
1970
1968
1971
1985
1995
2001
2011
2017
2022
2019
2015
1995
1991
1983
1975
1999
2005
2000
1995
2007
1999
1991
1966
1950
1945
1951
1937
1922
1921
1938
1939
1938
1951
1964
1963
1959
1969
1977
2011
2035
2053
2086
2078
2083
2104
2110
2114
2109
2108
2088
2078
2053
2017
1990
1942
1917
1888
1868
1854
1845
1849
1861
1880
1891
1906
1926
1942
1959
1959
1979
1993
2011
2026
2039
2049
2056
2072
2073
2056
2038
2010
2004
1967
1950
1931
1939
1931
1935
1945
1965
1974
1972
1969
1969
1971
1964
1963
1949
1934
1910
1887
1867
1849
1834
1826
1845
1845
1867
1879
1884
1879
1869
1864
1850
1846
1843
1845
1856
1859
1871
1886
1918
1953
1981
1994
2005
1998
1979
1973
1959
1954
1932
1917
1907
1909
1903
1911
1924
1942
1945
1951
1949
1939
1919
1907
1897
1892
1891
1877
1868
1863
1867
1873
1892
1899
1911
1914
1911
1909
1927
1931
1929
1906
1896
1875
1878
1863
1864
1857
1865
1867
1888
1925
1937
1934
1940
1936
1927
1921
1894
1864
1830
1799
1797
1792
1790
1801
1813
1810
1810
1833
1849
1863
1888
1907
1912
1927
1941
1947
1955
1979
1995
2024
2053
2063
2084
2087
2083
2081
2078
2068
2074
2076
2064
2071
2063
2056
2064
2073
2076
2068
2062
2064
2067
2078
2097
2097
2111
2111
2119
2107
2102
2081
2074
2059
2037
2015
2012
2014
2014
2010
2015
2027
2043
2055
2066
2066
2059
2055
2054
2034
2011
2003
1997
2009
2031
2022
2030
2033
2029
2027
2023
2027
2025
2028
2022
2017
2024
2031
2045
2068
2096
2119
2134
2145
2159
2151
2143
2129
2112
2107
2109
2097
2077
2075
2089
2084
2077
2073
2072
2085
2081
2078
2081
2079
2072
2085
2086
2070
2062
2062
2059
2056
2054
2043
2045
2046
2038
2024
2009
2007
1992
1977
1975
1957
1943
1931
1930
1928
1917
1910
1916
1899
1912
1927
1923
1927
1922
1925
1935
1939
1959
1976
1996
2016
2019
2023
2035
2056
2060
2080
2093
2090
2094
2105
2095
2099
2106
2114
2124
2111
2099
2094
2092
2080
2077
2066
2063
2057
2054
2043
2032
2027
2038
2048
2059
2061
2070
2076
2089
2102
2135
2157
2153
2170
2164
2152
2161
2172
2161
2149
2134
2118
2101
2094
2093
2090
2074
2061
2066
2071
2080
2084
2091
2090
2097
2116
2113
2111
2127
2130
2126
2118
2120
2126
2120
2102
2091
2084
2070
2066
2073
2079
2074
2060
2041
2035
2027
2032
2026
2010
2008
2004
1994
1980
1979
1967
1967
1954
1956
1961
1964
1953
1967
1960
1962
1960
1971
1988
2010
2018
2026
2025
2028
2030
2023
2019
2011
2008
2004
2011
2016
2024
2037
2055
2056
2064
2073
2080
2086
2096
2096
2093
2077
2043
2032
2026
2031
2043
2050
2063
2073
2053
2053
2054
2055
2031
2008
1981
1972
1959
1950
1924
1911
1895
1887
1896
1900
1911
1927
1938
1940
1936
1942
1957
1956
1964
1957
1957
1949
1943
1933
1911
1910
1904
1900
1899
1905
1907
1929
1975
1978
1979
1983
1987
1990
1984
1985
1976
1974
1971
1975
1961
1964
1967
1964
1975
1986
1988
1984
1958
1935
1923
1912
1915
1933
1936
1947
1956
1960
1967
1974
1977
1969
1968
1972
1984
1994
1999
2024
2032
2038
2035
2044
2039
2042
2037
2027
2040
2035
2037
2039
2042
2035
2016
2007
1986
1971
1954
1950
1946
1950
1953
1972
2003
2030
2052
2056
2061
2049
2035
2011
1995
1993
1991
1997
2002
2016
2022
2042
2067
2079
2082
2090
2079
2069
2045
2040
2022
2011
2029
2034
2041
2069
2076
2093
2103
2108
2113
2126
2143
2159
2179
2168
2158
2151
2144
2136
2151
2155
2169
2175
2180
2196
2191
2193
2189
2181
2180
2177
2145
2133
2095
2057
2022
1980
1952
1939
1912
1909
1907
1924
1955
1972
1996
2009
2011
2006
2000
1992
1993
1984
1983
1973
1982
1988
1987
1989
2005
2016
2043
2043
2047
2055
2049
2049
2043
2022
2017
1999
1979
1972
1956
1963
1972
1975
1983
1984
1975
1981
1966
1958
1947
1959
1964
1994
1999
2016
2030
2042
2063
2071
2092
2104
2096
2075
2065
2046
2048
2045
2043
2052
2058
2067
2074
2083
2087
2069
2069
2054
2048
2063
2061
2081
2116
2137
2151
2143
2148
2142
2133
2124
2106
2100
2091
2079
2057
2038
2029
2028
2020
2010
2017
2023
2042
2065
2085
2113
2135
2144
2156
2166
2161
2150
2126
2120
2118
2113
2113
2090
2075
2055
2040
2036
2022
2010
2007
2003
1994
1984
1969
1963
1954
1958
1950
1930
1926
1929
1929
1931
1915
1917
1920
1920
1925
1920
1929
1953
1993
2034
2058
2081
2090
2102
2085
2086
2102
2104
2102
2107
2108
2112
2113
2104
2092
2067
2044
2031
2028
2020
2008
2018
2024
2046
2076
2078
2076
2076
2068
2054
2051
2059
2052
2056
2050
2068
2070
2056
2061
2049
2045
2023
2025
2022
2016
2034
2018
2032
2043
2036
2009
2012
2003
2002
1993
1982
1973
1979
1984
1983
1961
1961
1953
1956
1965
1972
2006
2021
2020
2010
2005
2004
1992
1993
2007
2020
2024
2020
2031
2033
2037
2041
2048
2038
2036
2051
2045
2067
2081
2092
2105
2112
2118
2130
2126
2117
2106
2096
2098
2091
2083
2097
2106
2110
2107
2120
2100
2096
2091
2087
2100
2087
2093
2101
2110
2104
2113
2112
2116
2115
2123
2128
2120
2111
2092
2085
2086
2067
2049
2025
2011
2000
2007
2007
2022
2043
2052
2068
2078
2106
2109
2108
2113
2116
2133
2159
2168
2169
2176
2182
2185
2181
2183
2167
2152
2158
2147
2150
2143
2138
2127
2123
2116
2109
2113
2112
2103
2086
2068
2053
2094
2082
2099
2123
2123
2111
2082
2051
2039
2049
2065
2061
2067
2085
2114
2137
2166
2166
2161
2152
2135
2116
2102
2095
2092
2096
2083
2079
2085
2090
2100
2111
2117
2133
2134
2125
2113
2094
2076
2052
2050
2039
2043
2057
2075
2074
2074
2067
2078
2091
2100
2108
2114
2117
2142
2155
2153
2159
2154
2150
2155
2177
2176
2197
2214
2221
2217
2214
2201
2204
2203
2214
2196
2191
2189
2201
2193
2205
2204
2185
2188
2187
2186
2173
2164
2155
2170
2169
2167
2160
2158
2151
2155
2136
2125
2123
2118
2120
2120
2116
2103
2103
2091
2087
2070
2061
2028
2015
2012
2027
2019
2025
2018
2031
2033
2031
2044
2045
2059
2080
2090
2099
2106
2105
2114
2107
2105
2090
2097
2108
2115
2121
2139
2137
2133
2126
2127
2134
2147
2159
2163
2159
2158
2144
2121
2102
2084
2059
2042
2034
2028
2033
2047
2064
2081
2093
2099
2104
2118
2132
2147
2151
2145
2149
2170
2186
2197
2203
2218
2214
2199
2182
2185
2190
2173
2165
2159
2145
2146
2144
2146
2142
2148
2147
2135
2132
2140
2153
2172
2184
2189
2194
2197
2209
2197
2213
2204
2205
2213
2215
2201
2193
2176
2171
2182
2169
2171
2153
2143
2147
2111
2084
2082
2079
2079
2076
2040
2007
1991
1980
1963
1964
1965
1971
1976
1994
2005
2015
2037
2046
2065
2083
2084
2091
2100
2120
2119
2113
2118
2114
2135
2136
2121
2108
2106
2095
2091
2091
2099
2106
2112
2116
2125
2131
2136
2134
2157
2171
2185
2193
2197
2206
2197
2195
2179
2183
2194
2192
2188
2188
2172
2169
2171
2161
2149
2145
2147
2143
2141
2159
2164
2156
2159
2154
2145
2132
2124
2118
2115
2094
2093
2095
2087
2098
2118
2128
2151
2164
2154
2158
2153
2124
2098
2079
2079
2089
2081
2084
2079
2084
2087
2078
2077
2089
2102
2112
2105
2120
2127
2147
2156
2166
2167
2177
2188
2184
2184
2170
2162
2147
2140
2135
2142
2134
2124
2107
2102
2112
2128
2138
2134
2139
2144
2162
2174
2168
2164
2163
2155
2162
2160
2165
2154
2158
2147
2143
2136
2138
2137
2138
2133
2141
2144
2148
2171
2182
2163
2149
2127
2116
2102
2098
2084
2072
2059
2060
2067
2086
2091
2083
2073
2063
2057
2060
2036
2020
2018
2015
2005
1992
1994
1993
2020
2053
2064
2069
2078
2084
2083
2076
2052
2036
2027
2019
2025
2037
2056
2052
2064
2067
2060
2068
2082
2080
2077
2079
2074
2068
2055
2055
2042
2048
2046
2051
2061
2059
2063
2054
2055
2061
2048
2040
2033
2023
1987
1951
1939
1929
1923
1918
1906
1895
1893
1910
1919
1935
1963
1972
1993
1995
1997
1996
2006
2000
1989
1984
2019
2021
2017
2032
2038
2034
2034
2022
2019
1990
1966
1967
1969
1968
1974
1967
1957
1971
1980
2001
2001
2018
2022
2048
2063
2066
2062
2054
2030
2007
1996
1979
1979
1982
1971
1981
1999
2009
2016
2021
2053
2044
2036
2020
2017
2002
1987
1979
1972
1971
1969
1959
1957
1971
1994
1999
1986
1961
1951
1955
1960
1967
1965
1956
1955
1978
1985
1998
2004
2019
2040
2054
2059
2044
2057
2067
2072
2087
2099
2098
2109
2106
2111
2105
2103
2104
2099
2099
2097
2131
2149
2156
2167
2179
2187
2185
2177
2162
2151
2146
2147
2152
2141
2150
2157
2171
2183
2194
2178
2163
2143
2128
2118
2115
2099
2089
2082
2081
2079
2089
2093
2084
2093
2111
2133
2133
2140
2140
2145
2141
2126
2117
2111
2103
2091
2069
2069
2077
2071
2085
2110
2132
2153
2185
2196
2199
2204
2190
2203
2207
2205
2203
2195
2192
2201
2197
2204
2206
2212
2216
2222
2235
2236
2245
2250
2242
2239
2233
2225
2201
2170
2174
2167
2170
2162
2167
2141
2127
2126
2123
2128
2132
2129
2136
2148
2154
2168
2164
2172
2191
2207
2211
2224
2229
2224
2211
2212
2223
2218
2212
2224
2222
2205
2201
2191
2187
2176
2166
2140
2149
2137
2128
2118
2122
2143
2172
2195
2213
2219
2231
2254
2273
2277
2271
2258
2256
2253
2237
2227
2214
2202
2203
2208
2215
2224
2225
2250
2246
2242
2229
2245
2247
2255
2266
2281
2275
2279
2280
2290
2297
2292
2280
2283
2270
2271
2281
2266
2270
2269
2275
2269
2264
2254
2256
2247
2245
2243
2250
2250
2249
2240
2232
2224
2212
2191
2178
2172
2175
2167
2165
2170
2164
2172
2168
2162
2150
2152
2142
2147
2157
2162
2163
2176
2187
2198
2204
2221
2224
2199
2195
2203
2189
2187
2171
2174
2178
2183
2187
2190
2176
2183
2181
2185
2182
2161
2149
2157
2159
2148
2146
2139
2146
2139
2149
2168
2172
2172
2171
2171
2165
2163
2166
2159
2157
2150
2138
2136
2130
2138
2142
2141
2146
2148
2149
2146
2154
2145
2124
2102
2079
2071
2066
2068
2069
2078
2083
2105
2131
2133
2149
2172
2182
2186
2181
2174
2167
2164
2163
2153
2157
2162
2164
2152
2162
2170
2185
2178
2170
2157
2158
2140
2138
2134
2123
2120
2115
2104
2081
2061
2033
2026
2028
2038
2039
2046
2043
2052
2061
2065
2067
2048
2039
2029
2017
1995
1980
1972
1966
1942
1938
1922
1919
1911
1917
1915
1894
1891
1904
1912
1905
1907
1922
1928
1929
1929
1937
1928
1938
1945
1939
1966
1983
2005
2019
2037
2050
2057
2070
2081
2080
2080
2067
2072
2067
2045
2033
2032
2025
2019
2015
2023
2023
2030
2028
2016
2016
2004
2017
2018
2014
2020
2034
2043
2053
2066
2074
2067
2074
2080
2081
2081
2071
2072
2071
2065
2081
2095
2101
2112
2127
2130
2127
2132
2118
2122
2125
2131
2131
2126
2119
2103
2079
2062
2060
2062
2049
2041
2042
2036
2026
2017
1994
1980
1957
1947
1944
1933
1936
1939
1956
1972
1977
1998
2028
2048
2062
2089
2098
2104
2094
2093
2108
2111
2113
2119
2119
2126
2127
2108
2106
2098
2113
2117
2122
2124
2128
2128
2116
2110
2114
2109
2120
2117
2114
2106
2101
2098
2098
2113
2116
2140
2142
2147
2150
2158
2154
2155
2136
2129
2123
2129
2099
2092
2086
2085
2089
2097
2092
2081
2080
2086
2085
2088
2089
2102
2101
2117
2144
2143
2155
2146
2135
2143
2152
2145
2127
2115
2121
2103
2080
2076
2063
2061
2052
2036
2030
2046
2057
2075
2072
2093
2099
2106
2101
2105
2094
2088
2068
2052
2035
2037
2042
2023
2020
2038
2039
2048
2061
2062
2063
2059
2064
2051
2055
2067
2065
2063
2072
2067
2068
2084
2104
2128
2147
2146
2147
2152
2144
2133
2130
2129
2119
2129
2116
2101
2099
2093
2090
2099
2093
2096
2073
2057
2048
2047
2048
2060
2069
2088
2092
2097
2097
2085
2081
2076
2060
2081
2089
2095
2105
2101
2097
2111
2118
2130
2145
2146
2142
2153
2151
2151
2122
2116
2117
2112
2097
2096
2096
2095
2091
2098
2099
2098
2091
2074
2079
2083
2096
2110
2119
2117
2133
2138
2148
2174
2173
2180
2186
2199
2185
2177
2180
2174
2162
2159
2153
2163
2158
2144
2141
2144
2155
2160
2167
2157
2155
2140
2148
2131
2126
2103
2097
2095
2106
2111
2116
2121
2117
2109
2106
2104
2113
2096
2096
2107
2102
2099
2091
2097
2104
2118
2139
2153
2155
2161
2155
2154
2138
2140
2147
2167
2173
2181
2164
2135
2115
2100
2094
2090
2098
2085
2093
2096
2111
2106
2109
2124
2127
2115
2107
2110
2122
2108
2112
2122
2121
2113
2110
2099
2102
2101
2095
2096
2094
2091
2085
2093
2081
2090
2099
2096
2102
2100
2080
2084
2092
2091
2081
2102
2104
2119
2124
2133
2139
2152
2170
2187
2198
2192
2187
2182
2177
2161
2158
2156
2161
2153
2154
2144
2138
2130
2120
2113
2116
2124
2127
2130
2132
2144
2145
2143
2142
2159
2161
2170
2180
2167
2164
2158
2146
2145
2139
2147
2164
2168
2152
2151
2154
2151
2160
2179
2193
2197
2198
2237
2232
2228
2242
2246
2255
2253
2248
2242
2229
2236
2230
2226
2212
2199
2198
2182
2174
2188
2190
2182
2207
2219
2224
2231
2236
2232
2232
2213
2216
2204
2194
2175
2172
2155
2153
2144
2136
2140
2150
2169
2172
2193
2207
2213
2225
2240
2236
2224
2223
2222
2229
2229
2217
2214
2203
2186
2176
2158
2132
2100
2077
2043
2056
2047
2071
2070
2081
2076
2077
2080
2081
2077
2085
2091
2092
2111
2126
2125
2135
2158
2162
2170
2162
2155
2150
2151
2144
2139
2130
2106
2104
2107
2106
2114
2114
2129
2114
2108
2096
2091
2102
2106
2115
2131
2135
2124
2113
2098
2126
2135
2132
2124
2132
2135
2145
2154
2168
2181
2189
2172
2170
2163
2157
2156
2149
2151
2157
2177
2176
2171
2158
2140
2126
2121
2111
2102
2168
2151
2162
2178
2201
2206
2189
2182
2190
2214
2221
2228
2222
2235
2247
2252
2255
2236
2236
2231
2216
2204
2207
2199
2206
2209
2216
2216
2226
2244
2244
2242
2247
2242
2230
2220
2225
2224
2224
2211
2202
2173
2159
2160
2161
2168
2169
2164
2187
2187
2178
2184
2184
2185
2182
2190
2209
2206
2206
2201
2206
2203
2203
2208
2204
2208
2212
2206
2204
2211
2208
2198
2192
2197
2192
2192
2190
2190
2180
2169
2167
2162
2150
2150
2148
2135
2128
2128
2123
2115
2113
2118
2126
2122
2141
2150
2150
2137
2144
2154
2178
2186
2199
2201
2203
2195
2200
2184
2192
2186
2176
2187
2187
2173
2160
2170
2160
2143
2138
2122
2106
2094
2074
2055
2021
2010
2016
2033
2043
2057
2049
2058
2064
2075
2069
2064
2070
2074
2095
2111
2111
2115
2111
2106
2104
2093
2105
2110
2112
2104
2110
2107
2096
2098
2103
2077
2079
2069
2058
2079
2093
2105
2108
2111
2118
2119
2116
2114
2128
2131
2130
2124
2114
2129
2120
2120
2116
2108
2098
2083
2065
2053
2037
2023
2009
1987
1966
1957
1951
1938
1932
1930
1929
1929
1928
1937
1930
1933
1941
1957
1981
1989
2013
2018
2019
2006
1989
1995
1985
1973
1966
1969
1978
1981
1979
1967
1963
1959
1972
1971
1967
1955
1930
1903
1896
1894
1896
1894
1889
1902
1920
1937
1942
1945
1941
1952
1957
1947
1942
1948
1943
1934
1918
1916
1918
1910
1900
1883
1877
1871
1867
1860
1861
1837
1819
1837
1864
1875
1896
1911
1928
1933
1956
1969
1978
1989
1998
1992
1997
1995
1972
1929
1927
1904
1904
1893
1883
1881
1877
1879
1878
1875
1861
1874
1887
1916
1932
1963
1979
1994
1997
2024
2044
2054
2058
2073
2075
2065
2059
2038
2012
1987
1984
1969
1969
1963
1967
1966
1985
1991
1991
1992
2007
2015
2018
2020
2028
2034
2048
2055
2061
2058
2063
2076
2074
2075
2074
2058
2046
2044
2029
2032
2005
1994
1987
1984
1978
1986
1993
1996
2009
2019
2024
2048
2054
2053
2068
2074
2081
2074
2074
2073
2082
2081
2092
2091
2085
2077
2053
2021
1991
1976
1975
1973
1985
1984
1978
1972
1973
1977
1967
1975
1992
2009
2018
2025
2030
2036
2055
2065
2072
2087
2091
2104
2096
2083
2080
2057
2033
2022
2027
2029
2055
2054
2059
2056
2056
2061
2075
2056
2037
2025
2009
1996
1989
2000
2001
1995
1993
1992
1984
1991
1998
1996
1990
2005
2015
2010
1996
1968
1948
1925
1921
1903
1897
1905
1921
1955
1980
1999
2017
2044
2062
2066
2071
2068
2067
2057
2066
2072
2066
2060
2040
2029
2022
2009
2000
1985
1993
1990
1982
1979
1969
1954
1931
1912
1897
1893
1880
1870
1855
1847
1865
1870
1894
1896
1903
1915
1921
1916
1920
1921
1910
1904
1883
1863
1865
1881
1891
1891
1893
1900
1900
1900
1904
1914
1941
1964
1973
1978
1988
1981
1960
1953
1943
1939
1926
1930
1931
1935
1923
1909
1912
1915
1917
1911
1904
1903
1895
1859
1835
1816
1814
1795
1780
1766
1765
1774
1791
1790
1807
1829
1856
1888
1906
1933
1967
2003
2031
2049
2039
2045
2052
2044
2029
2029
2014
2020
2016
2022
2028
2026
2018
2025
2026
2019
2019
2018
2012
2003
2007
2015
2019
2018
2017
2015
2035
2042
2046
2048
2058
2041
2026
2018
2003
1993
1998
2016
2031
2034
2051
2061
2066
2076
2088
2084
2075
2088
2086
2096
2106
2108
2110
2110
2109
2106
2087
2080
2083
2078
2081
2093
2105
2106
2107
2104
2093
2096
2102
2096
2081
2066
2050
2045
2047
2058
2055
2043
2066
2085
2094
2115
2127
2138
2148
2157
2165
2173
2190
2209
2215
2221
2236
2240
2248
2239
2240
2242
2235
2220
2204
2208
2200
2194
2168
2163
2150
2153
2147
2152
2141
2142
2146
2153
2141
2134
2133
2141
2140
2130
2123
2135
2148
2153
2167
2169
2173
2167
2162
2170
2165
2160
2163
2156
2156
2155
2162
2152
2147
2145
2142
2147
2144
2135
2150
2153
2150
2144
2147
2154
2158
2160
2163
2178
2179
2185
2185
2170
2166
2149
2150
2144
2140
2127
2101
2094
2100
2112
2120
2130
2130
2143
2136
2149
2154
2155
2168
2176
2183
2176
2172
2149
2143
2128
2125
2121
2134
2131
2141
2147
2168
2187
2192
2201
2209
2226
2236
2248
2264
2265
2257
2270
2284
2286
2282
2292
2291
2291
2278
2269
2262
2250
2252
2245
2225
2210
2217
2217
2232
2236
2248
2257
2266
2258
2265
2270
2268
2272
2269
2256
2245
2238
2255
2263
2255
2254
2246
2237
2243
2238
2228
2226
2222
2201
2193
2206
2226
2227
2219
2229
2233
2229
2237
2242
2247
2248
2254
2251
2251
2247
2250
2249
2250
2248
2242
2236
2230
2237
2235
2232
2241
2241
2248
2245
2240
2239
2226
2201
2188
2177
2172
2185
2198
2206
2219
2217
2220
2210
2204
2202
2211
2196
2194
2177
2192
2190
2207
2204
2217
2220
2237
2250
2242
2229
2236
2239
2231
2216
2207
2192
2175
2167
2164
2186
2197
2206
2214
2223
2228
2228
2222
2218
2204
2192
2186
2190
2197
2195
2194
2194
2200
2210
2214
2237
2240
2225
2218
2213
2211
2220
2218
2189
2176
2170
2168
2170
2163
2152
2151
2155
2140
2133
2132
2122
2127
2115
2114
2134
2140
2126
2133
2131
2134
2128
2126
2127
2131
2133
2133
2149
2160
2158
2142
2133
2123
2135
2134
2127
2122
2098
2083
2075
2071
2059
2043
2030
2034
2026
2025
2030
2035
2033
2032
2037
2034
2027
2025
2000
1977
1959
1942
1930
1907
1891
1875
1856
1857
1867
1866
1868
1857
1846
1851
1844
1853
1853
1851
1862
1867
1867
1872
1890
1908
1922
1948
1965
1973
1998
2009
2018
2037
2059
2078
2086
2093
2093
2083
2068
2041
2029
2014
1998
1984
1980
1979
1983
1982
1975
1958
1943
1936
1946
1955
1973
1979
1986
2012
2024
2037
2063
2090
2118
2122
2130
2148
2136
2138
2124
2116
2089
2075
2071
2072
2064
2045
2041
2045
2053
2051
2040
2024
2007
1992
1976
1956
1943
1938
1936
1938
1926
1916
1921
1898
1867
1855
1871
1887
1889
1897
1897
1892
1899
1909
1921
1936
1957
1985
2010
2026
2019
1998
1994
2000
2007
2006
2015
2019
2031
2037
2042
2039
2042
2040
2039
2016
1997
1977
1956
1947
1943
1936
1938
1951
1953
1965
1968
1984
1998
2025
2037
2052
2060
2051
2048
2050
2044
2048
2039
2041
2055
2046
2044
2045
2042
2029
2024
1997
1975
1964
1953
1944
1940
1949
1939
1939
1935
1945
1955
1964
1973
1979
1987
1998
2006
2008
2019
2018
2030
2042
2038
2035
2045
2051
2045
2030
2014
2011
1998
2003
2007
1990
1972
1985
1992
1988
1975
1964
1928
1888
1855
1823
1789
1757
1734
1738
1746
1752
1760
1761
1785
1803
1802
1806
1815
1814
1815
1816
1827
1838
1846
1838
1835
1820
1798
1780
1776
1775
1776
1777
1777
1779
1780
1793
1806
1823
1830
1853
1897
1915
1935
1952
1957
1957
1954
1944
1922
1915
1898
1888
1871
1866
1863
1849
1872
1876
1887
1908
1914
1912
1926
1932
1933
1938
1938
1924
1904
1879
1861
1835
1828
1838
1851
1855
1847
1837
1853
1854
1840
1826
1818
1807
1795
1789
1799
1803
1837
1867
1887
1898
1915
1954
1971
1979
1996
2013
2031
2046
2040
2055
2051
2056
2033
2029
2011
1996
1980
1982
1987
1994
2017
2017
2013
2013
2017
2019
2003
1997
1986
1981
1972
1956
1967
1966
1981
1998
2022
2046
2051
2058
2053
2060
2065
2075
2080
2075
2075
2068
2062
2054
2043
2025
2028
2034
2024
2024
2031
2035
2032
2041
2049
2057
2068
2079
2085
2090
2070
2070
2075
2089
2096
2090
2093
2090
2095
2091
2089
2093
2102
2105
2116
2121
2130
2143
2146
2139
2138
2136
2160
2165
2155
2147
2141
2128
2123
2118
2120
2124
2135
2152
2171
2158
2158
2180
2194
2200
2182
2188
2176
2175
2168
2157
2159
2161
2173
2187
2203
2205
2207
2210
2221
2217
2227
2237
2231
2223
2231
2249
2233
2224
2224
2214
2202
2209
2199
2203
2200
2199
2202
2197
2204
2201
2204
2226
2246
2233
2224
2233
2234
2224
2230
2230
2218
2206
2196
2188
2188
2182
2172
2160
2170
2182
2178
2179
2163
2162
2155
2154
2134
2133
2138
2155
2162
2172
2168
2171
2166
2184
2190
2195
2202
2208
2208
2210
2208
2213
2224
2224
2238
2246
2251
2268
2274
2270
2278
2278
2277
2281
2277
2270
2265
2258
2250
2241
2243
2232
2224
2223
2215
2226
2231
2233
2212
2203
2194
2199
2190
2192
2191
2181
2169
5835
1646
1610
1581
1590
1627
1718
1832
1937
2030
2078
2075
2059
2022
1977
1841
1835
1845
1880
1907
1930
1978
2002
2030
2044
2059
2055
2056
2035
2035
2027
2034
2031
2044
2051
2076
2099
2123
2135
2141
2136
2143
2150
2159
2171
2190
2232
2265
2285
2285
2269
2234
2222
2199
2188
2171
2156
2142
2131
2132
2147
2158
2185
2167
2148
2125
2099
2067
2046
1993
1977
1991
2021
2037
2065
2095
2133
2133
2124
2092
2079
2074
2084
2101
2118
2147
2172
2191
2202
2217
2234
2228
2228
2228
2233
2245
2252
2269
2266
2250
2263
2271
2263
2221
2183
2154
2124
2097
2076
2058
2064
2078
2121
2153
2197
2236
2274
2297
2312
2324
2324
2320
2310
2281
2242
2213
2178
2129
2074
2040
1999
1923
1877
1850
1848
1845
1853
1871
1888
1892
1907
1951
1987
2003
2003
1995
1996
2008
2025
2051
2078
2106
2123
2127
2132
2137
2146
2154
2159
2144
2142
2106
2081
2037
2025
2004
1983
1933
1894
1840
1804
1796
1829
1832
1833
1829
1851
1884
1921
1962
1990
2014
2019
1993
1952
1942
1917
1886
1823
1757
1704
1701
1694
1672
1657
1657
1687
1745
1779
1834
1882
1975
2026
2071
2050
2007
1945
1891
1846
1813
1799
1800
1832
1867
1892
1915
1923
1934
1957
1975
1997
2005
2033
2045
2054
2055
2035
2001
1989
1973
1988
1976
1986
1980
1980
1960
1935
1898
1868
1838
1828
1834
1836
1838
1824
1811
1782
1742
1704
1680
1638
1644
1689
1710
1707
1729
1751
1780
1794
1789
1779
1777
1768
1774
1765
1769
1775
1745
1717
1689
1713
1751
1770
1771
1797
1837
1863
1892
1900
1881
1853
1811
1761
1699
1661
1662
1688
1706
1745
1802
1857
1915
1926
1938
1946
1962
1969
1969
1974
2025
2077
2103
2129
2130
2091
2015
1915
1807
1748
1701
1623
1519
1420
1357
1359
1380
1431
1460
1524
1599
1695
1756
1776
1756
1758
1733
1719
1727
1733
1708
1685
1674
1676
1681
1699
1727
1757
1803
1831
1863
1899
1951
1994
2056
2092
2118
2133
2128
2100
2051
1978
1929
1891
1883
1863
1863
1875
1887
1906
1922
1932
1935
1973
2004
2042
2045
2065
2098
2124
2114
2115
2101
2116
2086
2061
2031
2017
1995
1974
1959
1963
1951
1940
1926
1913
1903
1884
1870
1887
1903
1912
1917
1880
1839
1777
1695
1612
1579
1565
1603
1664
1723
1767
1807
1819
1829
1832
1836
1844
1849
1846
1847
1859
1882
1901
1923
1935
1939
1937
1963
1987
1970
1963
1946
1932
1903
1898
1867
1846
1799
1779
1762
1760
1714
1683
1677
1676
1644
1597
1563
1549
1558
1592
1661
1724
1760
1791
1834
1843
1845
1838
1824
1825
1842
1838
1855
1899
1950
2004
2065
2070
2067
2080
2090
2095
2087
2078
2042
2022
1999
1980
1949
1917
1862
1821
1729
1621
1505
1390
1295
1223
1169
1115
1045
1016
1033
1055
1103
1185
1274
1379
1450
1487
1527
1541
1558
1568
1593
1631
1689
1754
1826
1907
1941
1943
1941
1923
1876
1855
1852
1856
1845
1843
1815
1804
1801
1811
1813
1809
1811
1793
1762
1736
1747
1767
1817
1888
1959
2015
2059
2117
2194
2234
2269
2295
2330
2318
2291
2252
2195
2130
2094
2062
2044
2037
2027
2021
2018
1997
1974
1974
1956
1954
1952
1969
1971
2011
2040
2096
2119
2137
2143
2139
2098
2092
2073
2070
2060
2021
1974
1921
1834
1783
1773
1772
1788
1763
1743
1731
1752
1763
1779
1773
1783
1794
1814
1831
1853
1838
1826
1827
1826
1791
1709
1616
1528
1471
1417
1389
1368
1371
1363
1408
1503
1592
1652
1729
1816
1873
1903
1924
1918
1899
1910
1902
1922
1927
1920
1887
1859
1827
1815
1811
1833
1851
1905
1984
2101
2134
2123
2076
2019
1980
1932
1880
1826
1811
1826
1886
1946
2006
2048
2116
2140
2144
2136
2137
2135
2132
2106
2069
2048
2045
2039
2018
1970
1923
1881
1849
1799
1770
1754
1743
1747
1729
1723
1737
1785
1810
1827
1852
1899
1933
1978
1995
2001
2003
2030
2054
2072
2095
2114
2122
2105
2082
2049
2025
2011
1996
1968
1952
1921
1889
1843
1799
1779
1748
1712
1715
1714
1739
1781
1819
1883
1947
2006
2063
2104
2109
2106
2075
2026
1990
1960
1951
1918
1897
1873
1872
1874
1865
1845
1847
1846
1863
1863
1875
1894
1940
1978
2028
2107
2169
2219
2245
2238
2208
2177
2151
2143
2131
2122
2106
2116
2082
2070
2049
2035
2033
2019
2001
2019
2029
2054
2056
2091
2134
2172
2209
2215
2240
2265
2300
2332
2356
2358
2383
2390
2402
2396
2382
2343
2329
2286
2258
2242
2240
2237
2231
2231
2210
2207
2210
2228
2239
2231
2236
2264
2257
2284
2289
2305
2330
2375
2391
2398
2368
2340
2316
2308
2302
2302
2302
2279
2275
2277
2282
2281
2305
2310
2316
2327
2330
2326
2339
2335
2346
2349
2359
2362
2380
2397
2407
2399
2404
2402
2393
2386
2382
2378
2352
2327
2281
2242
2222
2190
2163
2141
2131
2123
2118
2114
2095
2097
2098
2124
2168
2206
2256
2286
2302
2320
2324
2331
2322
2318
2311
2284
2266
2239
2229
2218
2207
2206
2196
2177
2153
2125
2102
2091
2085
2082
2088
2138
2189
2258
2300
2334
2334
2335
2330
2304
2300
2287
2276
2266
2252
2230
2212
2220
2248
2269
2287
2298
2317
2328
2342
2331
2331
2349
2363
2369
2370
2386
2379
2356
2337
2318
2326
2324
2330
2345
2340
2323
2323
2294
2278
2249
2228
2203
2220
2225
2226
2193
2164
2147
2155
2158
2159
2146
2156
2188
2204
2197
2146
2079
2039
2001
1995
2004
2039
2082
2123
2169
2190
2210
2191
2161
2108
2077
2053
2059
2063
2081
2105
2121
2109
2093
2098
2085
2075
2050
2048
2045
2052
2048
2083
2108
2142
2138
2164
2187
2199
2188
2181
2143
2102
2065
2048
2018
1998
2008
2003
1989
1987
1994
1982
1989
1993
2015
2027
2076
2117
2165
2162
2178
2182
2184
2184
2183
2194
2186
2181
2165
2170
2173
2211
2231
2248
2232
2223
2194
2173
2147
2139
2152
2180
2185
2200
2206
2204
2191
2175
2158
2152
2126
2092
2091
2091
2096
2078
2045
2007
1974
1964
1999
2034
2055
2066
2094
2119
2124
2122
2106
2122
2133
2146
2158
2170
2164
2176
2193
2208
2211
2197
2177
2162
2133
2109
2066
2022
1990
1972
1957
1942
1957
1991
2010
2007
1990
1992
1980
1988
2009
2046
2097
2138
2193
2256
2279
2287
2278
2258
2238
2227
2217
2227
2208
2203
2170
2161
2153
2136
2105
2063
2025
1984
1955
1907
1892
1912
1931
1978
2023
2063
2069
2064
2071
2092
2099
2080
2059
2020
1998
1973
1971
2016
2050
2109
2166
2214
2227
2230
2186
2136
2027
1912
1808
1740
1683
1639
1619
1628
1655
1684
1714
1710
1696
1660
1605
1583
1589
1611
1679
1727
1776
1786
1823
1837
1850
1860
1863
1853
1834
1800
1780
1807
1811
1833
1841
1875
1887
1896
1882
1848
1800
1754
1707
1683
1676
1715
1772
1837
1859
1845
1845
1845
1840
1809
1760
1731
1724
1711
1708
1695
1700
1692
1725
1775
1851
1918
1976
1973
1993
1994
2017
2031
2029
2017
2003
1985
1966
1931
1889
1866
1846
1833
1830
1855
1884
1926
1914
1908
1880
1893
1889
1887
1867
1870
1869
1881
1916
1943
1962
1998
2022
2048
2070
2080
2094
2109
2135
2140
2158
2165
2169
2176
2177
2158
2144
2131
2124
2134
2140
2155
2171
2177
2154
2115
2091
2060
2015
1984
1942
1925
1927
1930
1954
1951
1909
1886
1873
1879
1900
1907
1925
1937
1960
1982
1999
2038
2070
2081
2034
1979
1909
1881
1847
1835
1834
1875
1912
1947
1991
2013
2018
2004
1992
1983
1974
1972
1955
1944
1947
1947
1963
1975
1988
1990
2009
1989
1977
1935
1895
1849
1839
1834
1866
1894
1919
1927
1927
1944
1955
1959
1954
1962
1980
2011
2040
2054
2029
2021
1988
1937
1866
1815
1791
1784
1776
1793
1799
1802
1819
1866
1928
2012
2065
2096
2100
2079
2085
2092
2126
2138
2140
2110
2085
2059
2051
2021
2032
2036
2051
2054
2033
2023
1999
1984
1969
1966
1965
1956
1946
1951
1931
1916
1907
1912
1922
1947
2002
2032
2038
2039
2052
2038
2026
2001
1954
1931
1926
1922
1920
1922
1916
1898
1914
1927
1950
1951
1968
1962
1953
1917
1869
1800
1760
1730
1719
1696
1675
1652
1647
1671
1691
1735
1799
1875
1937
1966
2001
2020
2042
2043
2019
2010
1979
1914
1786
1705
1593
1516
1451
1412
1383
1401
1469
1559
1625
1673
1727
1779
1810
1839
1882
1911
1929
1895
1866
1839
1795
1782
1807
1827
1845
1858
1878
1902
1952
1981
1990
2005
2011
2035
2066
2080
2096
2115
2133
2167
2188
2193
2180
2178
2182
2183
2183
2191
2206
2236
2253
2271
2260
2242
2200
2163
2096
2043
1995
1982
2035
2024
2027
2027
2020
1997
2019
2076
2144
2203
2237
2255
2273
2276
2242
2212
2176
2154
2151
2157
2147
2155
2138
2144
2142
2162
2175
2177
2152
2140
2114
2069
2023
1991
1966
1932
1895
1865
1873
1883
1915
1935
1996
2030
2060
2089
2119
2124
2140
2154
2167
2194
2204
2226
2242
2284
2293
2303
2298
2306
2301
2304
2304
2311
2304
2320
2316
2311
2306
2321
2322
2325
2307
2318
2319
2303
2288
2254
2232
2221
2210
2183
2176
2180
2207
2223
2244
2247
2243
2218
2194
2162
2124
2097
2117
2127
2159
2188
2234
2264
2285
2300
2309
2313
2303
2295
2284
2263
2233
2228
2227
2233
2202
2157
2086
2042
1984
1913
1853
1834
1857
1892
1954
2010
2069
2109
2122
2129
2122
2108
2103
2098
2086
2083
2105
2137
2164
2157
2124
2097
2053
2016
1985
1945
1905
1887
1905
1944
1981
2011
2052
2084
2113
2144
2149
2142
2138
2138
2161
2153
2168
2182
2224
2249
2251
2239
2214
2190
2167
2155
2140
2133
2111
2092
2069
2054
2041
2023
1967
1902
1808
1733
1695
1717
1738
1777
1836
1875
1926
1948
1948
1941
1946
1966
2001
2010
2022
2028
2055
2083
2120
2128
2138
2121
2102
2069
2056
2050
2048
2032
2008
1991
1977
2002
2002
2005
1993
1993
1984
1999
2010
2032
2050
2079
2096
2120
2138
2133
2091
2026
1943
1873
1813
1780
1807
1854
1899
1921
1966
2011
2042
2043
2029
2016
2010
1994
2006
1999
2008
1984
1971
1956
1960
1993
2014
2017
1999
1998
1966
1951
1940
1941
1917
1922
1910
1907
1871
1841
1778
1718
1636
1575
1524
1512
1528
1581
1637
1708
1766
1829
1891
1944
1980
1964
1944
1924
1939
1943
1939
1929
1928
1911
1884
1866
1862
1843
1834
1825
1780
1716
1635
1582
1523
1487
1486
1493
1515
1541
1578
1628
1669
1688
1688
1678
1665
1687
1714
1728
1752
1771
1768
1787
1843
1878
1896
1899
1888
1858
1823
1799
1778
1759
1737
1722
1723
1725
1718
1730
1779
1841
1901
1937
1939
1929
1913
1896
1886
1877
1864
1844
1828
1803
1797
1807
1809
1815
1833
1848
1855
1854
1871
1864
1863
1880
1902
1963
2021
2084
2128
2145
2087
1997
1892
1791
1679
1615
1558
1521
1507
1503
1502
1519
1500
1449
1381
1363
1318
1309
1302
1311
1353
1419
1510
1590
1685
1765
1843
1911
1983
2053
2131
2170
2197
2193
2167
2124
2100
2056
2044
2045
2037
2019
1997
2008
2017
2032
2060
2099
2136
2126
2080
2047
2000
1979
1958
1973
1958
1935
1883
1843
1818
1823
1824
1844
1871
1912
1978
2013
2036
2041
2041
2017
1983
1921
1873
1831
1803
1739
1679
1639
1655
1672
1685
1712
1757
1802
1852
1871
1874
1861
1822
1811
1814
1834
1849
1866
1893
1949
1996
2034
2027
2023
1994
1949
1847
1784
1736
1716
1726
1763
1793
1836
1869
1898
1920
1943
1970
2000
2002
1991
1954
1934
1934
1948
1971
1956
1954
1929
1899
1894
1896
1906
1928
1919
1883
1858
1847
1868
1886
1903
1924
1951
2007
2048
2068
2081
2081
2048
2011
1974
1939
1903
1896
1920
1934
1954
1945
1916
1887
1853
1824
1804
1783
1769
1768
1776
1776
1802
1803
1809
1810
1832
1841
1846
1872
1920
2021
2090
2161
2208
2226
2242
2259
2266
2277
2257
2240
2205
2142
2032
1920
1809
1675
1593
1529
1475
1461
1487
1564
1632
1698
1763
1799
1838
1875
1929
1946
1966
1981
2018
2067
2127
2170
2192
2175
2163
2109
2059
1990
1925
1851
1801
1768
1761
1769
1804
1847
1899
1951
1950
1941
1928
1925
1918
1912
1851
1804
1718
1674
1645
1619
1620
1620
1646
1694
1737
1751
1762
1763
1753
1719
1694
1673
1675
1677
1693
1730
1806
1881
1950
2013
2071
2121
2139
2104
2031
1964
1917
1875
1824
1795
1768
1765
1769
1814
1846
1879
1887
1897
1878
1845
1819
1790
1755
1734
1707
1695
1692
1705
1734
1774
1797
1809
1838
1857
1867
1851
1859
1849
1824
1769
1715
1665
1642
1623
1637
1667
1698
1751
1805
1855
1887
1897
1900
1883
1855
1806
1725
1631
1556
1513
1505
1501
1523
1557
1581
1613
1633
1687
1729
1783
1839
1885
1920
1926
1938
1973
2028
2088
2141
2192
2247
2284
2287
2272
2246
2227
2213
2192
2191
2181
2162
2137
2126
2124
2135
2156
2155
2134
2138
2141
2146
2165
2186
2197
2219
2217
2217
2189
2151
2091
2024
1978
1947
1933
1923
1910
1925
1925
1958
2000
2046
2077
2105
2116
2069
2024
1968
1926
1896
1908
1916
1958
1999
2023
2023
2017
2012
1996
1981
1973
1985
1997
2007
1999
2002
2034
2087
2152
2213
2268
2321
2342
2354
2313
2286
2223
2187
2153
2121
2077
2066
2069
2079
2074
2063
2065
2074
2078
2082
2101
2109
2122
2112
2081
2045
2017
1987
1969
1963
1988
2007
2018
2023
2007
1963
1919
1886
1866
1848
1817
1779
1739
1727
1706
1708
1696
1707
1714
1715
1721
1745
1779
1799
1804
1799
1805
1827
1871
1926
1961
1990
2029
2049
2084
2125
2155
2186
2212
2220
2236
2238
2249
2246
2253
2257
2257
2240
2187
2165
2142
2143
2111
2102
2074
2061
2049
2015
1989
1983
1992
1989
2007
2026
2074
2111
2142
2197
2243
2292
2320
2326
2331
2319
2320
2310
2295
2258
2206
2167
2125
2082
2053
2057
2060
2048
2035
2023
2030
2054
2073
2093
2105
2134
2155
2174
2219
2238
2248
2247
2230
2219
2204
2166
2108
2067
2041
2019
2025
2026
2026
2010
1999
1977
1967
1957
1951
1929
1902
1887
1889
1870
1846
1839
1821
1824
1818
1818
1827
1832
1845
1881
1884
1884
1899
1937
1991
2019
2037
2056
2055
2049
2037
2023
1993
1990
1990
1981
2001
2025
2075
2099
2113
2115
2132
2150
2168
2166
2186
2176
2122
2072
2018
1983
1969
1994
2006
2016
2022
2055
2055
2058
2019
1977
1934
1895
1837
1807
1773
1737
1691
1657
1642
1654
1705
1728
1755
1775
1804
1826
1866
1895
1944
1939
1923
1887
1897
1901
1894
1848
1788
1761
1757
1752
1751
1749
1786
1848
1924
1954
1959
1972
1955
1955
1943
1947
1949
1945
1925
1933
1927
1935
1931
1927
1943
1953
1936
1894
1843
1803
1771
1769
1802
1837
1871
1899
1938
1960
1969
1961
1933
1914
1918
1924
1959
1983
2011
2012
2033
2029
2035
2040
2045
2068
2097
2090
2095
2101
2080
2043
2030
2016
1995
1972
1921
1874
1835
1795
1786
1795
1847
1930
2028
2080
2105
2136
2149
2124
2084
2043
1972
1942
1921
1921
1936
1980
2043
2124
2199
2216
2186
2153
2123
2081
2034
1996
1956
1944
1982
2017
2054
2099
2136
2169
2193
2206
2243
2286
2332
2352
2362
2320
2303
2298
2290
2281
2289
2302
2314
2336
2350
2361
2361
2382
2378
2346
2280
2224
2126
2059
1969
1881
1794
1710
1653
1618
1600
1597
1643
1707
1771
1842
1893
1921
1938
1935
1913
1873
1853
1841
1849
1867
1913
1931
1940
1929
1966
1990
2038
2071
2101
2127
2106
2081
2037
1989
1934
1892
1870
1877
1865
1877
1871
1879
1871
1888
1895
1910
1895
1882
1857
1864
1869
1917
1974
2055
2123
2168
2212
2235
2239
2224
2169
2098
2031
1985
1977
1990
2023
2053
2120
2143
2159
2144
2124
2091
2066
2050
2070
2118
2158
2210
2242
2303
2331
2348
2328
2304
2249
2217
2173
2132
2087
2029
1969
1944
1912
1906
1914
1902
1907
1945
2015
2072
2129
2207
2291
2327
2342
2332
2298
2257
2215
2189
2150
2115
2076
2035
2005
1969
1931
1904
1871
1866
1866
1884
1880
1868
1825
1786
1749
1735
1730
1727
1715
1731
1747
1747
1736
1732
1740
1736
1770
1786
1831
1920
2024
2109
2175
2224
2240
2239
2221
2212
2209
2218
2228
2252
2237
2213
2175
2137
2090
2033
1981
1939
1901
1911
1944
1998
2061
2112
2138
2142
2120
2100
2065
2051
2060
2056
2058
2058
2072
2059
2044
2022
2015
1997
1967
1942
1935
1938
1954
1991
1994
2009
1998
1986
1942
1926
1915
1908
1870
1843
1828
1837
1839
1848
1841
1819
1799
1817
1859
1914
1956
1974
1993
2015
2006
1965
1941
1935
1955
1977
1999
1998
2006
2008
2036
2043
2065
2073
2078
2088
2100
2116
2138
2175
2222
2255
2265
2267
2254
2226
2195
2168
2151
2138
2135
2150
2159
2162
2159
2151
2116
2112
2108
2114
2123
2139
2132
2126
2143
2153
2172
2174
2189
2199
2205
2190
2179
2142
2109
2082
2061
2006
1948
1895
1853
1833
1853
1893
1947
2036
2088
2138
2165
2188
2211
2225
2236
2271
2296
2310
2319
2335
2329
2327
2337
2336
2334
2337
2307
2272
2242
2208
2171
2143
2111
2099
2111
2127
2138
2130
2101
2056
2021
2025
2163
2149
2157
2159
2131
2093
2042
1987
1968
1976
2004
2042
2110
2201
2277
2306
2331
2318
2272
2230
2185
2150
2108
2089
2079
2099
2106
2114
2115
2118
2120
2140
2153
2159
2156
2142
2118
2071
2028
1992
1995
1993
2014
2015
2026
2029
2051
2070
2106
2147
2173
2182
2202
2239
2284
2304
2294
2300
2297
2301
2291
2331
2355
2382
2404
2418
2403
2392
2363
2367
2345
2332
2309
2299
2282
2288
2307
2313
2298
2268
2239
2210
2198
2191
2180
2165
2191
2201
2209
2180
2178
2147
2128
2103
2104
2111
2115
2120
2110
2096
2073
2054
2022
1987
1951
1916
1879
1885
1908
1931
1929
1919
1901
1912
1940
1981
2045
2083
2100
2114
2152
2179
2209
2207
2190
2168
2149
2147
2176
2195
2230
2266
2286
2277
2256
2246
2251
2254
2277
2294
2316
2320
2310
2272
2173
2083
2023
1974
1931
1907
1919
1980
2079
2143
2174
2205
2221
2234
2254
2273
2277
2288
2306
2340
2385
2406
2424
2434
2432
2401
2380
2350
2320
2304
2275
2243
2195
2184
2182
2192
2180
2166
2170
2196
2200
2208
2224
2248
2276
2301
2332
2353
2355
2361
2371
2378
2371
2373
2378
2355
2328
2285
2262
2246
2239
2236
2225
2213
2191
2154
2099
2055
2026
2023
2023
1983
1900
1843
1788
1768
1744
1740
1744
1771
1827
1894
1929
1976
2017
2087
2132
2149
2180
2190
2182
2197
2214
2226
2238
2218
2212
2210
2202
2192
2184
2140
2118
2102
2123
2147
2186
2201
2216
2228
2248
2258
2297
2324
2339
2381
2396
2375
2351
2318
2303
2326
2346
2359
2346
2329
2295
2288
2253
2250
2230
2203
2186
2185
2184
2199
2214
2220
2228
2216
2193
2164
2133
2101
2102
2102
2091
2070
2077
2102
2160
2213
2257
2280
2261
2239
2184
2121
2084
2050
2017
2019
2029
2055
2061
2073
2068
2069
2066
2090
2120
2161
2187
2218
2228
2253
2275
2309
2338
2358
2346
2347
2336
2304
2280
2252
2219
2176
2151
2139
2142
2141
2144
2170
2172
2184
2211
2234
2246
2265
2291
2289
2279
2258
2246
2249
2271
2282
2262
2233
2208
2182
2172
2174
2179
2202
2212
2240
2257
2275
2295
2296
2267
2239
2155
2095
2048
2009
1974
1983
2003
2033
2084
2096
2070
2033
1986
1976
1967
1979
1971
1943
1899
1852
1821
1790
1804
1864
1968
2050
2105
2134
2139
2117
2088
2058
2030
1989
1956
1942
1960
1996
2030
2050
2077
2088
2086
2078
2092
2097
2099
2084
2061
2066
2058
2048
2035
2051
2066
2087
2084
2085
2072
2080
2071
2080
2069
2032
1962
1919
1854
1805
1752
1715
1682
1687
1693
1700
1723
1766
1826
1872
1917
1939
1972
1981
1988
1981
1989
1993
1986
1988
2042
2076
2079
2094
2100
2079
2048
2014
1954
1907
1865
1875
1877
1877
1870
1877
1868
1893
1908
1950
1971
2019
2054
2097
2115
2134
2110
2060
1993
1935
1897
1878
1887
1886
1889
1897
1935
1982
2035
2065
2089
2089
2065
1997
1959
1907
1896
1908
1910
1921
1913
1900
1897
1901
1919
1919
1911
1899
1869
1878
1874
1867
1843
1836
1846
1885
1913
1961
2005
2054
2085
2118
2127
2112
2119
2133
2167
2190
2217
2218
2228
2229
2219
2203
2195
2185
2177
2183
2228
2267
2293
2324
2340
2353
2364
2344
2308
2261
2222
2196
2191
2198
2210
2236
2250
2253
2254
2260
2250
2209
2170
2140
2102
2070
2043
2032
2033
2039
2060
2066
2068
2071
2086
2128
2169
2198
2226
2243
2215
2196
2151
2105
2066
2054
2022
1978
1948
1969
2019
2098
2164
2233
2290
2338
2377
2389
2392
2374
2373
2352
2332
2304
2289
2272
2270
2263
2299
2320
2338
2360
2408
2437
2452
2466
2441
2410
2384
2355
2305
2260
2204
2185
2172
2200
2190
2189
2137
2099
2066
2068
2081
2115
2134
2162
2210
2231
2262
2268
2293
2314
2351
2365
2374
2373
2383
2370
2361
2332
2326
2330
2340
2331
2317
2312
2282
2236
2199
2142
2092
2090
2090
2101
2111
2148
2207
2278
2361
2426
2456
2491
2499
2516
2508
2488
2449
2415
2393
2357
2325
2301
2293
2308
2318
2324
2346
2354
2369
2373
2371
2374
2379
2385
2407
2436
2456
2466
2472
2476
2478
2476
2461
2454
2447
2425
2424
2425
2405
2408
2414
2409
2390
2383
2377
2378
2372
2370
2362
2351
2339
2314
2300
2287
2254
2227
2194
2172
2158
2159
2151
2146
2155
2173
2185
2173
2147
2123
2110
2108
2115
2156
2214
2262
2285
2299
2322
2327
2327
2300
2287
2283
2277
2246
2230
2213
2223
2236
2264
2274
2278
2268
2275
2259
2228
2218
2211
2199
2171
2145
2132
2146
2132
2130
2147
2171
2193
2215
2229
2243
2244
2251
2255
2246
2232
2189
2157
2147
2146
2147
2159
2165
2169
2171
2172
2179
2172
2169
2144
2086
2045
2009
1989
1963
1985
2013
2064
2081
2117
2133
2172
2224
2277
2288
2276
2266
2240
2221
2220
2212
2212
2239
2246
2252
2239
2230
2221
2218
2196
2193
2182
2176
2170
2147
2103
2049
2010
1985
1953
1907
1872
1845
1835
1820
1849
1871
1924
1956
1971
1967
1978
1971
1963
1934
1896
1857
1834
1807
1782
1752
1730
1734
1717
1705
1701
1699
1690
1686
1694
1705
1714
1736
1742
1754
1772
1797
1794
1781
1773
1792
1820
1869
1931
1999
2059
2100
2134
2151
2171
2175
2179
2183
2169
2145
2113
2086
2041
1978
1951
1935
1949
1992
2014
2001
1967
1939
1935
1928
1898
1898
1911
1943
1990
2041
2063
2090
2116
2118
2126
2152
2158
2147
2134
2119
2107
2095
2081
2109
2119
2159
2211
2238
2222
2201
2187
2195
2222
2236
2246
2231
2191
2170
2123
2086
2072
2058
2020
1988
1954
1935
1940
1937
1910
1863
1800
1751
1730
1731
1730
1746
1773
1819
1887
1938
2021
2094
2149
2182
2204
2213
2235
2224
2224
2235
2242
2249
2250
2248
2236
2221
2210
2211
2201
2213
2198
2211
2209
2223
2225
2214
2191
2196
2173
2183
2149
2138
2135
2129
2133
2156
2189
2216
2240
2252
2281
2279
2282
2257
2255
2218
2213
2186
2128
2076
2048
2028
2049
2069
2082
2083
2048
2039
2041
2066
2080
2089
2105
2141
2196
2248
2257
2272
2263
2250
2232
2224
2196
2179
2156
2135
2094
2057
2044
2015
1971
1941
1927
1925
1953
1992
2056
2098
2149
2142
2152
2151
2130
2098
2083
2042
1999
1964
1946
1938
1938
1939
1938
1976
2010
2047
2050
2048
2046
2066
2071
2071
2051
2051
2053
2059
2079
2115
2163
2216
2278
2303
2308
2292
2283
2270
2254
2223
2208
2192
2185
2139
2091
2067
2059
2069
2086
2090
2066
2021
1993
1993
2004
1999
2024
2074
2114
2138
2139
2118
2089
2068
2077
2078
2080
2087
2113
2136
2145
2153
2163
2174
2190
2213
2218
2232
2232
2212
2196
2154
2136
2119
2097
2073
2060
2071
2084
2112
2118
2108
2079
2060
2040
2037
2061
2084
2108
2139
2161
2205
2255
2313
2352
2352
2355
2336
2322
2285
2268
2249
2240
2236
2236
2222
2210
2199
2200
2190
2193
2211
2209
2220
2207
2196
2164
2153
2102
2086
2060
2067
2069
2094
2103
2111
2132
2134
2118
2100
2078
2059
2055
2057
2060
2056
2074
2100
2128
2156
2186
2217
2245
2232
2230
2214
2212
2198
2210
2208
2220
2236
2239
2206
2154
2113
2077
2048
2020
2029
2027
2051
2081
2109
2113
2124
2123
2123
2091
2094
2105
2114
2108
2118
2107
2100
2088
2081
2083
2080
2076
2075
2070
2061
2050
2035
2022
1990
2013
2048
2082
2107
2130
2117
2100
2069
2057
2064
2087
2116
2136
2185
2231
2282
2307
2324
2332
2327
2304
2300
2281
2262
2240
2235
2208
2193
2163
2140
2130
2132
2127
2134
2126
2129
2143
2160
2180
2216
2228
2222
2212
2230
2252
2268
2286
2285
2275
2283
2289
2268
2236
2227
2218
2223
2223
2234
2234
2238
2251
2279
2314
2360
2398
2417
2426
2421
2428
2443
2448
2440
2430
2421
2406
2375
2360
2342
2326
2311
2275
2243
2217
2210
2226
2232
2241
2278
2327
2370
2379
2412
2401
2396
2364
2345
2307
2252
2186
2158
2135
2122
2134
2139
2161
2201
2272
2302
2336
2365
2388
2390
2400
2385
2366
2343
2324
2303
2292
2274
2267
2245
2230
2190
2122
2028
1934
1871
1817
1824
1857
1922
1938
1967
1982
2017
2038
2066
2059
2055
2054
2072
2119
2190
2235
2265
2291
2289
2292
2279
2261
2238
2212
2183
2151
2122
2103
2099
2111
2103
2107
2102
2112
2102
2087
2072
2071
2094
2130
2159
2171
2166
2143
2126
2105
2131
2154
2180
2182
2196
2195
2227
2257
2297
2310
2310
2289
2269
2257
2230
2229
2231
2242
2263
2294
2295
2292
2264
2221
2175
2141
2116
2089
2296
2274
2267
2294
2328
2338
2338
2347
2356
2377
2403
2422
2443
2456
2449
2447
2429
2406
2394
2374
2357
2338
2335
2334
2340
2330
2352
2367
2401
2432
2448
2439
2414
2390
2368
2340
2317
2307
2290
2267
2249
2206
2163
2155
2158
2189
2217
2258
2276
2271
2252
2245
2242
2273
2289
2297
2312
2300
2298
2307
2307
2293
2288
2296
2300
2302
2302
2290
2304
2301
2291
2269
2262
2264
2276
2286
2283
2263
2229
2180
2154
2146
2137
2139
2138
2132
2119
2106
2089
2095
2094
2115
2125
2128
2147
2168
2192
2214
2243
2293
2328
2336
2342
2338
2333
2306
2293
2277
2268
2252
2242
2247
2248
2246
2242
2226
2208
2185
2134
2052
1983
1936
1884
1861
1828
1811
1818
1873
1926
1963
1987
2016
2015
2024
2025
2039
2047
2052
2071
2108
2144
2164
2151
2134
2140
2136
2148
2147
2147
2129
2114
2124
2128
2111
2110
2090
2063
2035
2020
2046
2074
2109
2141
2152
2155
2168
2181
2195
2186
2182
2160
2165
2149
2144
2156
2146
2134
2117
2071
2030
1976
1933
1893
1840
1815
1798
1775
1764
1730
1707
1701
1697
1693
1679
1690
1721
1766
1808
1863
1935
1966
1982
2012
2005
1990
1958
1928
1895
1873
1860
1862
1868
1872
1857
1844
1852
1863
1859
1856
1839
1795
1760
1730
1706
1675
1662
1642
1641
1656
1703
1771
1827
1850
1860
1868
1871
1862
1868
1869
1848
1809
1795
1787
1802
1771
1739
1713
1706
1684
1675
1655
1626
1599
1583
1588
1637
1698
1757
1819
1863
1907
1942
1978
1993
2017
2035
2051
2033
2004
1962
1901
1815
1761
1722
1709
1711
1715
1709
1700
1666
1643
1658
1687
1746
1793
1864
1909
1961
2002
2048
2075
2099
2144
2200
2235
2257
2252
2213
2141
2060
1993
1924
1877
1838
1851
1846
1883
1919
1971
1983
1979
1960
1965
1979
1994
2006
2013
2040
2068
2105
2114
2109
2099
2100
2101
2099
2095
2069
2034
2009
1958
1917
1866
1850
1842
1882
1908
1945
1960
1984
2014
2034
2049
2074
2097
2103
2129
2146
2160
2163
2156
2129
2144
2157
2179
2180
2160
2103
2044
1940
1889
1839
1831
1836
1859
1893
1904
1895
1869
1851
1848
1871
1902
1943
1989
2024
2076
2115
2151
2178
2187
2191
2190
2183
2167
2127
2086
2039
2003
1993
2006
2027
2051
2079
2097
2124
2134
2131
2114
2044
2008
1973
1946
1932
1935
1938
1934
1910
1899
1915
1921
1920
1931
1924
1945
1987
2013
1981
1929
1838
1755
1685
1675
1683
1707
1740
1779
1837
1932
2002
2077
2135
2159
2171
2170
2156
2141
2136
2120
2109
2103
2095
2045
2006
1961
1933
1912
1888
1873
1874
1882
1871
1843
1819
1797
1725
1684
1633
1607
1573
1559
1571
1612
1662
1699
1707
1753
1792
1818
1827
1839
1819
1774
1699
1642
1615
1615
1634
1664
1708
1744
1775
1796
1811
1831
1874
1919
1962
1988
2010
1992
1982
1943
1899
1849
1846
1850
1846
1838
1821
1792
1789
1781
1797
1795
1771
1735
1683
1643
1595
1555
1504
1462
1414
1411
1410
1433
1452
1474
1515
1589
1661
1742
1819
1897
1997
2091
2181
2210
2243
2221
2198
2164
2127
2095
2075
2058
2043
2029
2032
2024
2037
2052
2058
2042
2022
2004
1993
2002
2009
2005
1994
2008
2024
2034
2018
2032
2064
2097
2101
2079
2040
2015
1994
1970
1956
1983
2026
2046
2067
2085
2104
2127
2140
2153
2165
2162
2172
2178
2192
2195
2201
2204
2194
2177
2143
2114
2090
2092
2104
2111
2136
2151
2162
2160
2150
2158
2172
2158
2099
2063
2038
2008
2012
2022
2024
2014
2033
2067
2123
2167
2218
2246
2270
2308
2335
2357
2391
2424
2454
2472
2466
2473
2475
2494
2479
2450
2409
2388
2370
2360
2328
2282
2240
2208
2188
2180
2185
2180
2189
2187
2191
2175
2184
2192
2199
2193
2183
2161
2157
2166
2180
2201
2234
2264
2291
2304
2281
2263
2248
2231
2225
2221
2246
2273
2276
2266
2251
2248
2223
2216
2212
2215
2223
2232
2212
2197
2190
2200
2192
2206
2226
2248
2276
2295
2304
2294
2280
2259
2250
2200
2177
2117
2067
2028
2027
2047
2082
2098
2131
2155
2171
2188
2214
2230
2242
2269
2282
2315
2314
2284
2213
2173
2130
2122
2126
2154
2178
2216
2268
2300
2326
2360
2375
2400
2442
2471
2481
2496
2498
2487
2509
2520
2528
2534
2519
2505
2496
2456
2427
2391
2361
2328
2272
2259
2256
2285
2314
2348
2374
2407
2421
2441
2453
2459
2456
2441
2430
2422
2393
2382
2374
2380
2378
2362
2364
2369
2375
2352
2332
2317
2297
2281
2269
2275
2301
2318
2329
2322
2315
2340
2349
2369
2388
2397
2382
2382
2383
2386
2375
2377
2365
2356
2350
2327
2319
2306
2309
2332
2355
2371
2391
2395
2381
2365
2336
2306
2260
2222
2195
2200
2223
2248
2282
2304
2303
2303
2309
2307
2281
2269
2247
2244
2228
2243
2244
2273
2286
2328
2340
2367
2374
2384
2377
2364
2334
2303
2267
2248
2234
2203
2200
2226
2268
2299
2318
2335
2364
2359
2359
2324
2328
2297
2282
2257
2260
2273
2277
2288
2323
2324
2333
2358
2374
2399
2386
2384
2352
2335
2299
2281
2233
2208
2188
2188
2185
2179
2173
2181
2165
2139
2104
2058
2023
2033
2055
2088
2142
2164
2195
2186
2164
2151
2150
2122
2114
2129
2160
2184
2216
2219
2213
2198
2152
2150
2167
2160
2123
2106
2082
2065
2052
2035
1993
1954
1929
1924
1917
1932
1967
1984
1985
1985
1983
1980
1950
1906
1838
1780
1742
1701
1671
1624
1586
1565
1577
1591
1593
1588
1575
1570
1573
1572
1598
1613
1640
1679
1708
1715
1720
1747
1796
1853
1900
1948
2002
2057
2088
2113
2155
2185
2226
2256
2285
2302
2276
2219
2122
2058
2022
1985
1973
1946
1913
1901
1920
1931
1902
1866
1827
1829
1837
1857
1897
1923
1959
2012
2064
2148
2204
2256
2292
2311
2320
2331
2322
2313
2294
2237
2154
2081
2061
2045
2039
2034
2038
2052
2068
2052
2041
2000
1929
1861
1809
1766
1737
1734
1749
1739
1707
1683
1659
1633
1583
1570
1590
1647
1687
1719
1711
1719
1739
1782
1835
1900
1966
2032
2065
2068
2039
1998
1979
1996
2021
2018
2032
2031
2061
2063
2071
2072
2084
2070
2045
1985
1933
1863
1810
1767
1763
1747
1767
1792
1833
1874
1910
1959
1999
2048
2078
2120
2110
2103
2069
2062
2045
2052
2045
2056
2061
2050
2033
2016
1994
1962
1917
1868
1820
1796
1786
1767
1742
1732
1726
1728
1771
1818
1857
1901
1924
1928
1961
1994
2016
2016
2018
2019
2041
2057
2064
2067
2079
2058
2014
1993
1961
1937
1927
1911
1878
1872
1863
1873
1885
1899
1862
1806
1677
1565
1452
1357
1285
1242
1230
1236
1291
1361
1435
1479
1537
1591
1625
1631
1617
1606
1606
1631
1652
1690
1708
1711
1664
1597
1545
1496
1469
1477
1499
1517
1546
1566
1577
1609
1653
1703
1772
1850
1926
1956
2005
2030
2055
2036
1981
1941
1883
1855
1803
1746
1696
1691
1698
1725
1775
1828
1855
1893
1923
1956
1944
1936
1933
1910
1892
1847
1778
1691
1637
1610
1618
1655
1685
1669
1666
1667
1695
1682
1652
1619
1583
1547
1538
1546
1607
1655
1749
1817
1862
1918
1973
2058
2096
2144
2155
2187
2207
2228
2224
2237
2223
2219
2147
2091
2018
1981
1962
1958
1973
1995
2051
2066
2061
2042
2026
2000
1980
1958
1938
1900
1873
1847
1871
1905
1969
2022
2074
2110
2117
2111
2110
2128
2157
2173
2175
2178
2157
2147
2119
2083
2037
2013
1992
1979
1956
1947
1948
1974
2005
2059
2105
2118
2118
2124
2125
2129
2113
2105
2126
2130
2111
2093
2091
2095
2097
2104
2115
2134
2161
2184
2196
2206
2228
2247
2252
2258
2249
2250
2261
2270
2255
2226
2179
2154
2144
2142
2158
2170
2195
2214
2247
2271
2285
2291
2311
2325
2324
2312
2287
2264
2241
2225
2216
2239
2243
2262
2306
2349
2372
2378
2386
2383
2374
2376
2361
2372
2369
2355
2350
2343
2307
2272
2254
2233
2225
2219
2217
2222
2233
2259
2300
2316
2347
2347
2363
2359
2363
2357
2347
2348
2342
2304
2270
2238
2225
2204
2200
2204
2186
2209
2209
2215
2223
2235
2210
2200
2163
2150
2132
2146
2157
2179
2192
2204
2228
2262
2285
2290
2287
2313
2339
2332
2327
2312
2324
2332
2355
2368
2402
2424
2444
2436
2428
2426
2439
2456
2457
2453
2442
2424
2398
2372
2347
2340
2290
2262
2246
2253
2246
2263
2283
2297
2289
2277
2244
2233
2200
2180
2152
2131
2131
47.05078125
1.662890553
999
