5835
2131
2119
2158
2158
2149
2151
2097
2060
2032
2023
2016
1997
2002
2012
2044
2025
2031
2027
2077
2068
2096
2058
2113
2100
2132
2071
2095
2039
2096
2053
2083
2040
2104
2070
2104
2048
2061
2032
2067
2003
2013
1970
1996
1982
1978
1965
1967
1999
2027
2031
2035
2084
2107
2152
2123
2139
2130
2173
2153
2170
2093
2131
2097
2138
2068
2101
2056
2110
2066
2107
2067
2136
2098
2138
2084
2090
2082
2125
2089
2091
2095
2133
2114
2082
2062
2057
2080
2064
2080
2071
2103
2069
2084
2032
2070
2055
2102
2045
2091
2036
2127
2081
2107
2048
2123
2099
2137
2105
2140
2125
2166
2122
2145
2102
2116
2119
2098
2087
2068
2073
2059
2044
2008
2029
2021
2060
2016
2053
2030
2099
2059
2111
2032
2091
2042
2108
2039
2084
2038
2086
2039
2079
2033
2092
2072
2105
2074
2073
2077
2096
2081
2074
2076
2083
2074
2046
2050
2020
2064
2019
2055
2013
2084
2041
2079
2034
2092
2068
2140
2075
2125
2072
2135
2111
2140
2086
2131
2107
2109
2071
2066
2059
2082
2060
2054
2043
2063
2103
2074
2106
2071
2115
2095
2120
2085
2128
2112
2148
2092
2130
2093
2145
2107
2126
2094
2123
2114
2125
2100
2109
2116
2118
2132
2103
2103
2089
2143
2105
2138
2103
2112
2084
2132
2080
2117
2102
2124
2122
2127
2104
2117
2126
2126
2097
2068
2084
2092
2122
2092
2105
2092
2146
2135
2157
2117
2164
2158
2181
2153
2182
2170
2194
2186
2170
2166
2183
2199
2182
2183
2147
2181
2168
2179
2136
2167
2161
2196
2157
2171
2151
2201
2174
2184
2159
2153
2173
2153
2147
2119
2144
2139
2171
2127
2167
2131
2186
2151
2200
2167
2217
2203
2237
2200
2227
2210
2252
2220
2236
2221
2205
2231
2218
2222
2205
2232
2205
2219
2175
2202
2167
2211
2148
2193
2146
2212
2172
2194
2134
2160
2132
2176
2131
2139
2135
2132
2186
2156
2175
2165
2206
2160
2210
2152
2207
2188
2258
2184
2214
2165
2185
2180
2168
2159
2142
2139
2122
2147
2087
2119
2081
2153
2107
2133
2080
2154
2129
2167
2125
2152
2137
2179
2145
2169
2173
2169
2205
2190
2210
2176
2231
2207
2239
2194
2213
2198
2230
2165
2164
2113
2127
2113
2111
2095
2105
2129
2119
2134
2122
2147
2149
2179
2145
2177
2155
2207
2191
2210
2178
2214
2220
2232
2191
2179
2197
2182
2209
2178
2199
2184
2222
2169
2210
2155
2213
2180
2226
2167
2197
2172
2214
2199
2205
2195
2216
2217
2199
2212
2162
2218
2190
2231
2161
2212
2179
2227
2185
2213
2154
2223
2184
2209
2143
2141
2173
2163
2193
2148
2186
2164
2212
2170
2216
2163
2222
2186
2234
2177
2212
2189
2233
2178
2167
2146
2175
2166
2145
2143
2118
2166
2137
2158
2109
2163
2143
2188
2134
2166
2133
2191
2171
2193
2176
2168
2176
2173
2177
2164
2185
2183
2193
2156
2179
2139
2183
2151
2173
2149
2158
2146
2140
2150
2107
2094
2085
2128
2100
2132
2081
2108
2102
2124
2085
2102
2081
2093
2105
2094
2094
2102
2117
2108
2121
2101
2165
2112
2144
2079
2136
2102
2129
2081
2100
2065
2102
2090
2088
2059
2077
2084
2063
2078
2033
2085
2054
2083
2026
2079
2059
2136
2064
2101
2067
2151
2106
2112
2077
2091
2092
2088
2058
2033
2046
2023
2076
2016
2055
2023
2072
2027
2046
1994
2019
1999
2024
1992
1999
2001
2026
2027
1986
2014
1985
2018
1977
1995
1951
1987
1994
2016
2005
2013
2027
2065
2080
2063
2080
2010
2053
2003
2037
1984
2036
1994
2004
1989
1973
1950
1952
1985
1975
1987
1923
1967
1940
2002
1953
1998
1977
2023
2019
2023
2002
2008
2037
2015
1993
1958
2008
1977
2059
1991
2032
1985
2043
1996
2011
1995
2005
2021
2036
2034
2031
2045
2020
2063
1979
1983
1933
1976
1927
1946
1902
1909
1907
1940
1929
1929
1959
1955
1983
1931
1926
1895
1913
1860
1867
1832
1841
1842
1865
1846
1841
1855
1869
1899
1872
1915
1891
1934
1886
1909
1865
1894
1879
1916
1891
1897
1884
1898
1899
1890
1897
1853
1911
1866
1902
1838
1902
1847
1899
1850
1886
1850
1907
1862
1881
1870
1871
1911
1896
1905
1857
1888
1865
1906
1837
1877
1822
1869
1803
1821
1768
1785
1810
1788
1787
1755
1791
1773
1792
1768
1782
1730
1789
1763
1786
1763
1805
1813
1829
1831
1805
1836
1826
1851
1807
1869
1838
1879
1861
1841
1803
1791
1791
1766
1781
1727
1745
1721
1755
1683
1718
1697
1748
1753
1768
1750
1761
1803
1826
1858
1804
1846
1802
1876
1817
1873
1832
1901
1929
1954
1931
1925
1921
1933
1921
1887
1911
1847
1914
1845
1904
1852
1923
1880
1912
1880
1894
1883
1904
1883
1874
1877
1822
1870
1838
1858
1795
1834
1830
1856
1851
1861
1856
1883
1907
1888
1897
1894
1932
1907
1928
1895
1915
1892
1910
1902
1860
1864
1862
1918
1895
1926
1904
1979
1973
1999
1962
1999
1994
2048
2011
2018
2046
2019
2069
2021
2048
1991
2054
2017
2071
2007
2034
1994
2043
1992
2001
1969
1932
1973
1938
1944
1898
1935
1898
1943
1885
1913
1869
1927
1921
1946
1932
1942
1989
1978
2002
1954
1974
1960
1978
1937
1914
1886
1901
1912
1945
1930
1981
1983
2052
2013
2043
2023
2085
2043
2063
2043
2051
2090
2080
2089
2055
2105
2074
2134
2074
2100
2052
2124
2074
2109
2064
2079
2118
2098
2107
2073
2120
2097
2126
2120
2154
2086
2152
2121
2138
2098
2132
2108
2093
2087
2052
2069
2050
2085
2043
2076
2019
2065
2041
2046
2019
2028
2043
2041
2063
2013
2043
2023
2077
2038
2054
2034
2038
2045
2050
2045
2043
2075
2069
2099
2036
2063
2009
2071
2025
2053
2011
2024
2046
2053
2077
2061
2093
2075
2091
2057
2101
2053
2124
2068
2104
2052
2114
2101
2139
2155
2131
2148
2154
2190
2157
2196
2137
2196
2162
2199
2144
2178
2163
2161
2153
2091
2071
2043
2066
1994
1994
1960
1971
1963
1995
1971
1954
1960
1968
1951
1908
1923
1877
1925
1892
1905
1856
1877
1906
1927
1927
1927
1951
1945
1977
1941
1990
1973
2041
2026
2056
2026
2074
2078
2076
2093
2058
2074
2056
2095
2055
2108
2037
2079
2043
2090
2030
2060
2032
2049
2064
2027
2031
1997
2044
2016
2044
2030
2071
2039
2101
2054
2064
2022
2057
2027
1988
1986
1942
1995
1969
1993
1966
2025
2023
2056
2040
2048
2049
2072
2062
2056
2073
2023
2071
2045
2085
2048
2103
2105
2134
2131
2108
2111
2126
2163
2110
2125
2048
2103
2071
2121
2073
2120
2097
2129
2148
2138
2125
2123
2147
2113
2136
2087
2131
2091
2140
2083
2142
2102
2167
2153
2163
2151
2134
2184
2168
2164
2123
2166
2138
2180
2146
2172
2149
2189
2158
2183
2207
2185
2199
2179
2190
2142
2154
2114
2144
2107
2094
2070
2083
2082
2053
2068
2033
2078
2057
2106
2058
2103
2074
2124
2119
2117
2094
2115
2133
2122
2125
2072
2118
2080
2141
2073
2126
2095
2165
2125
2147
2120
2127
2147
2158
2154
2140
2170
2153
2207
2147
2184
2155
2216
2168
2198
2175
2162
2164
2173
2158
2133
2137
2118
2162
2114
2126
2085
2127
2090
2091
2068
2045
2053
2054
2056
2028
2035
2025
2038
2008
2035
1994
2036
2033
2047
2027
2024
2050
2031
2047
1991
2005
1966
2026
1986
2020
1969
1984
1982
2020
1992
1997
2008
1992
2049
1985
2023
1971
2051
2012
2085
2031
2058
2041
2074
2021
2013
1990
1947
1994
1935
1954
1879
1926
1881
1913
1873
1905
1905
1959
1962
1980
1981
2010
2012
1982
2000
1948
1994
1980
1996
1937
1949
1952
1991
2008
2013
2016
2032
2074
2051
2068
2026
2039
2019
2044
1990
1988
1976
1979
1989
1957
1971
1962
2010
1973
2013
1977
2016
2012
2066
2024
2064
2020
2043
2055
2033
2029
2009
2036
2007
2014
1973
2012
1970
2032
1970
2014
1973
2049
2010
2016
1979
1961
1946
1946
1931
1913
1945
1921
1994
1962
1999
1967
2036
2029
2062
2038
2039
2058
2077
2058
2021
2028
2007
2062
2018
2028
1987
2033
2028
2052
2056
2039
2062
2073
2080
2051
2082
2081
2123
2096
2119
2070
2117
2100
2114
2068
2084
2107
2091
2097
2073
2109
2098
2136
2101
2150
2099
2158
2131
2198
2143
2184
2162
2152
2187
2153
2147
2108
2141
2099
2132
2059
2076
2027
2092
2033
2065
2026
2053
2068
2045
2053
2012
2042
2020
2052
1999
2010
1967
2016
1985
2003
1982
2028
2037
2054
2061
2016
2024
2012
2032
1982
2019
1974
2008
1997
2002
1986
2011
2042
2027
2044
1992
2022
2007
2051
1983
1999
1979
2003
1994
1974
1942
1932
1947
1943
1963
1918
1942
1900
1957
1875
1901
1819
1853
1829
1843
1805
1832
1859
1911
1905
1914
1972
1942
2020
1974
2016
1954
2024
1980
2021
1966
1992
1979
2031
2018
2035
2046
2008
2057
2019
2051
2005
2048
2010
2047
2023
2048
2018
2066
2054
2062
2035
2022
2053
2034
2064
2028
2049
2017
2057
2055
2029
2000
1981
1993
1978
1959
1931
1940
1937
1979
1940
1957
1943
2004
1962
1991
2000
2008
2039
2052
2052
2017
2041
2011
2073
2015
2040
1999
2071
2040
2076
2052
2046
2046
2048
2036
2008
2018
2005
2047
1994
2044
1987
2061
2024
2066
2012
2055
2027
2059
2038
2033
2021
2027
2043
2008
2049
1987
2039
1997
2054
2003
2044
2015
2064
2056
2070
2034
2046
2035
2031
2012
1949
1963
1924
1967
1916
1914
1885
1909
1876
1871
1833
1832
1831
1857
1852
1874
1921
1923
1989
1975
2015
1986
2042
2032
2050
2023
2024
2019
2045
2026
2019
2015
1978
2021
1991
2022
1971
2034
2009
2052
2027
2034
2022
2051
2032
2010
1983
1935
1972
1915
1923
1837
1876
1832
1880
1848
1884
1858
1918
1911
1929
1910
1933
1942
1931
1958
1915
1960
1958
2007
1957
2020
1963
1995
1953
1990
1922
1936
1896
1910
1934
1910
1914
1913
1971
1963
2009
1980
2019
1995
2049
1998
2022
1970
1998
1944
1917
1886
1871
1901
1897
1893
1869
1901
1890
1956
1918
1944
1912
1986
1963
1975
1970
1954
1978
2001
1989
1963
1980
1950
2002
1982
2019
1992
2055
2060
2073
2039
2011
2023
2034
2020
1990
1994
2004
2025
1998
2035
1989
2029
1996
2007
1942
1971
1960
1989
1985
1981
1999
2012
2038
2027
2067
2019
2072
2051
2092
2024
2053
2020
2057
2028
2039
2013
2047
2055
2066
2077
2041
2070
2048
2105
2055
2081
2020
2086
2045
2097
2045
2086
2053
2108
2085
2100
2107
2095
2146
2126
2147
2110
2163
2118
2174
2105
2142
2104
2158
2091
2133
2102
2108
2126
2154
2154
2139
2166
2178
2201
2147
2164
2122
2174
2115
2132
2071
2101
2096
2133
2117
2120
2122
2172
2174
2151
2174
2139
2179
2150
2167
2123
2164
2137
2176
2140
2133
2112
2139
2125
2116
2123
2102
2132
2134
2158
2120
2145
2132
2178
2155
2170
2140
2169
2165
2172
2157
2171
2188
2187
2222
2197
2216
2196
2241
2208
2243
2200
2229
2210
2247
2201
2223
2216
2210
2238
2201
2203
2169
2215
2181
2199
2136
2168
2129
2172
2099
2122
2064
2089
2082
2083
2065
2055
2083
2089
2078
2050
2082
2042
2113
2069
2121
2062
2125
2086
2135
2095
2106
2077
2123
2091
2104
2089
2060
2102
2073
2075
2036
2065
2030
2070
2009
2038
1975
2044
1988
2023
1986
2030
2037
2061
2048
2056
2066
2075
2071
2057
2102
2064
2112
2089
2116
2075
2123
2095
2142
2122
2127
2100
2129
2129
2117
2114
2065
2093
2073
2112
2066
2088
2076
2131
2125
2148
2117
2147
2144
2154
2122
2127
2123
2118
2151
2134
2153
2148
2201
2185
2210
2170
2195
2191
2217
2182
2198
2172
2172
2192
2162
2143
2136
2167
2139
2178
2135
2149
2134
2195
2149
2177
2155
2179
2190
2200
2187
2197
2212
2215
2196
2168
2197
2170
2218
2163
2193
2136
2202
2174
2213
2153
2180
2152
2199
2153
2172
2181
2154
2196
2186
2211
2187
2225
2222
2251
2179
2196
2113
2156
2108
2145
2078
2075
2076
2074
2107
2090
2099
2104
2163
2127
2168
2098
2162
2134
2194
2129
2158
2124
2176
2160
2176
2146
2177
2167
2175
2139
2090
2103
2081
2113
2061
2079
2028
2082
2047
2087
2014
2038
1990
2033
1964
1987
1995
2021
2031
2015
2003
2001
2026
1976
2013
1939
1966
1903
1952
1883
1905
1877
1938
1932
1978
1959
1989
1999
2039
2044
2020
2041
2024
2068
2031
2034
1976
2012
1978
2011
1931
1942
1896
1944
1896
1913
1909
1928
1953
1973
1983
1972
1963
1949
2010
1979
2011
1974
2022
1996
2007
1964
1963
1919
1933
1885
1870
1844
1858
1844
1832
1833
1801
1831
1830
1841
1795
1814
1787
1834
1806
1836
1808
1865
1862
1888
1887
1864
1873
1895
1898
1871
1862
1812
1857
1815
1844
1797
1849
1852
1912
1912
1922
1913
1953
1952
1956
1942
1965
1984
1975
1991
1953
1981
1971
2030
1989
2037
1989
2032
2017
2036
1982
2005
1979
1977
1966
1943
1949
1950
1982
1952
1941
1906
1946
1898
1935
1858
1898
1842
1898
1867
1897
1860
1894
1882
1907
1870
1892
1905
1929
1994
1981
2003
1992
2049
2031
2087
2023
2056
2000
2052
1969
1994
1918
1925
1928
1944
1919
1938
1959
1992
1960
1945
1960
1935
1998
1955
1981
1919
1978
1932
1973
1899
1949
1903
1977
1935
1982
1965
1988
2013
2017
2006
2009
2031
2037
2072
2007
2050
2003
2086
2030
2069
2006
2061
2029
2080
2019
2051
2021
2079
2056
2072
2084
2066
2097
2090
2090
2063
2089
2061
2126
2075
2121
2071
2139
2097
2145
2104
2098
2062
2081
2045
2050
2011
2037
2030
2002
2005
1950
1998
1984
2020
1964
2003
1942
2017
1969
2007
1950
2019
1984
2024
1990
1980
1958
1986
1962
1933
1902
1867
1916
1892
1931
1888
1949
1958
1990
1957
1972
1914
1972
1929
1946
1906
1911
1922
1895
1928
1939
1988
1971
1990
1986
1992
2036
2011
2013
1972
1998
1966
1965
1912
1918
1874
1934
1901
1938
1903
1965
1963
1999
1992
1992
1999
2030
2019
2016
2006
1951
1991
1978
1984
1950
1982
1964
2014
2000
2026
2002
2042
2037
2056
2016
2017
2029
2036
2036
2007
2000
2004
2021
1992
2022
1991
2035
2045
2082
2063
2102
2073
2113
2110
2101
2078
2112
2118
2102
2109
2060
2082
2072
2091
2054
2077
2048
2097
2091
2131
2102
2146
2139
2177
2136
2177
2180
2186
2204
2185
2181
2168
2183
2133
2155
2096
2119
2077
2130
2070
2098
2046
2094
2082
2112
2083
2111
2096
2113
2109
2063
2052
2031
2071
2035
2050
2018
2072
2040
2101
2046
2094
2060
2126
2075
2100
2058
2080
2079
2113
2077
2081
2074
2070
2123
2090
2118
2071
2149
2120
2137
2094
2119
2070
2125
2054
2093
2049
2122
2106
2117
2094
2097
2110
2130
2112
2110
2124
2093
2142
2110
2146
2118
2188
2153
2220
2157
2199
2172
2240
2184
2201
2139
2145
2136
2118
2064
2033
2022
2013
2001
1956
2009
1969
2057
2010
2072
2011
2094
2073
2138
2086
2111
2069
2125
2093
2099
2101
2062
2090
2082
2126
2086
2104
2083
2112
2050
2080
2012
2073
2037
2073
2017
2048
2016
2052
2035
2048
2035
2065
2074
2050
2070
2019
2054
2038
2095
2046
2082
2031
2096
2067
2105
2051
2095
2058
2113
2079
2056
2029
2056
2069
2056
2031
2039
2075
2054
2101
2045
2082
2055
2121
2053
2109
2062
2114
2090
2125
2065
2099
2075
2104
2107
2088
2079
2095
2126
2113
2117
2074
2119
2086
2135
2074
2114
2071
2121
2094
2137
2091
2135
2125
2158
2126
2145
2132
2149
2174
2160
2182
2182
2214
2200
2222
2173
2193
2163
2232
2186
2218
2165
2200
2194
2209
2159
2158
2144
2177
2129
2110
2077
2054
2053
2021
2006
1973
1988
1964
2017
1978
2011
2013
2083
2059
2099
2086
2123
2117
2108
2060
2050
2033
2036
2019
1977
1977
1984
2023
2002
2010
1989
2019
2012
2042
2002
2026
2004
2049
2016
2053
2045
2044
2048
2046
2022
2014
2025
2015
2061
2003
2007
1979
2027
1979
2008
2010
2045
2042
2066
2042
2052
2016
2048
2041
2020
2020
2005
2022
2010
2022
2017
2040
2028
2082
2052
2070
2032
2081
2039
2070
2031
2024
2009
2051
2036
2055
2039
2022
2050
2027
2011
1964
1975
1950
1964
1915
1931
1888
1954
1930
1925
1853
1896
1857
1878
1858
1852
1850
1885
1883
1887
1901
1881
1933
1917
1939
1913
1963
1951
1995
1963
1994
1977
2050
2012
2040
2009
2025
2043
2051
2048
2043
2058
2066
2077
2050
2083
2032
2082
2053
2089
2034
2085
2066
2107
2061
2064
2005
2034
1984
1985
1959
1942
1938
1932
1929
1920
1923
1942
1981
1951
1975
1904
1961
1907
1935
1864
1921
1888
1939
1910
1940
1911
1962
1957
1969
1978
1941
1953
1947
1955
1915
1919
1897
1980
1947
2008
1944
2003
1976
2027
1999
2010
1967
2007
1995
2003
1958
1978
1975
1955
1955
1906
1923
1931
1964
1907
1957
1899
1956
1920
1963
1905
1966
1931
1972
1944
1952
1931
1954
1955
1963
1932
1905
1948
1933
1965
1913
1954
1943
1991
1951
1995
1934
1996
1961
2006
1944
1983
1925
1931
1925
1918
1907
1932
1963
1958
1979
1923
1965
1931
1990
1923
1948
1885
1930
1892
1932
1881
1935
1922
1981
1946
1988
1988
2014
2043
2021
2028
2032
2072
2043
2098
2031
2072
2038
2081
2028
2048
2002
2028
2011
2043
2015
2055
2053
2082
2066
2033
2019
2001
2030
1995
2001
1976
2020
2015
2074
2026
2047
2016
2076
2037
2052
2012
2025
2017
2034
1995
1994
1996
1969
1999
1958
1977
1964
2021
1994
2031
2006
2047
2031
2074
2020
2032
2014
2056
2036
2019
2013
2006
2017
2010
2013
2003
2026
2003
2045
2015
2049
2019
2067
2038
2064
2040
2047
2051
2075
2035
2038
2004
2004
2028
2011
2006
1993
2025
2016
2016
2011
2038
2028
2077
2040
2055
2020
2065
2060
2074
2057
2044
2053
2074
2062
2048
2063
2038
2080
2061
2093
2057
2103
2078
2121
2076
2073
2054
2095
2063
2066
2033
2037
2074
2068
2077
2045
2087
2089
2132
2127
2144
2104
2149
2140
2162
2122
2150
2131
2167
2170
2159
2166
2171
2177
2136
2139
2075
2083
2026
2038
1961
1980
1948
1999
1982
2001
1958
1987
1983
1986
1947
1959
1973
1970
2016
2000
2022
2011
2058
2008
2059
1994
2025
2001
2068
2010
2060
2053
2080
2092
2106
2092
2100
2098
2106
2134
2084
2102
2056
2108
2055
2085
2034
2075
2069
2115
2049
2075
2058
2111
2062
2069
2058
2059
2085
2075
2086
2074
2129
2111
2185
2134
2188
2143
2211
2135
2177
2146
2179
2151
2174
2114
2116
2089
2141
2141
2112
2108
2077
2123
2110
2128
2092
2123
2076
2138
2056
2104
2039
2103
2037
2066
2024
2030
2011
2029
1999
2016
2005
1998
2041
2004
2039
2017
2084
2049
2091
2053
2089
2055
2117
2073
2108
2065
2133
2128
2161
2147
2156
2172
2182
2172
2153
2161
2135
2189
2154
2188
2125
2164
2145
2163
2115
2118
2103
2159
2154
2173
2153
2144
2177
2190
2206
2172
2188
2174
2199
2184
2205
2170
2215
2198
2221
2167
2203
2194
2222
2211
2187
2197
2218
2229
2214
2226
2186
2238
2216
2229
2195
2232
2221
2265
2253
2246
2234
2250
2251
2233
2212
2210
2237
2224
2244
2211
2234
2231
2271
2240
2255
2222
2261
2242
2276
2240
2259
2231
2242
2248
2219
2225
2223
2222
2198
2229
2181
2230
2217
2265
2220
2250
2227
2269
2258
2268
2241
2262
2271
2286
2279
2290
2304
2274
2310
2269
2279
2226
2284
2235
2271
2210
2231
2212
2264
2218
2239
2201
2191
2227
2203
2204
2183
2224
2201
2200
2127
2167
2130
2207
2154
2186
2129
2182
2186
2209
2151
2154
2148
2162
2116
2106
2119
2096
2140
2103
2128
2081
2155
2141
2205
2141
2195
2151
2221
2163
2207
2192
2189
2200
2210
2194
2182
2195
2207
2228
2170
2220
2147
2219
2186
2236
2167
2221
2195
2251
2194
2209
2171
2236
2207
2219
2225
2199
2225
2215
2249
2218
2241
2204
2268
2222
2251
2194
2269
2239
2265
2222
2223
2221
2256
2245
2227
2212
2226
2232
2207
2217
2169
2210
2188
2205
2155
2174
2136
2182
2153
2185
2171
2213
2210
2224
2221
2199
2215
2228
2252
2222
2224
2192
2238
2215
2221
2172
2205
2200
2218
2217
2207
2214
2223
2253
2235
2221
2200
2216
2192
2200
2136
2164
2158
2196
2143
2159
2132
2155
2154
2131
2121
2097
2108
2088
2128
2080
2102
2084
2140
2096
2129
2114
2144
2117
2136
2107
2111
2091
2124
2100
2068
2071
2042
2079
2059
2075
2021
2066
2029
2090
2032
2091
2055
2125
2091
2122
2109
2105
2124
2142
2140
2135
2153
2105
2165
2084
2122
2044
2126
2073
2123
2108
2138
2110
2169
2113
2124
2081
2134
2136
2119
2131
2095
2131
2118
2141
2083
2126
2066
2123
2060
2111
2040
2099
2058
2076
2041
2035
2027
2052
2045
2022
2009
1962
2032
2008
2047
1995
2068
2045
2073
2047
2070
2030
2068
2052
2061
2032
2056
2061
2066
2072
2031
2057
2047
2077
2024
2078
2030
2070
2034
2067
2044
2056
2062
2081
2110
2100
2113
2100
2136
2104
2120
2110
2122
2104
2133
2082
2086
2047
2083
2069
2068
2062
2038
2079
2087
2103
2076
2077
2045
2087
2053
2065
2018
2073
2042
2037
2015
2000
2019
2025
2024
1992
2003
1982
2065
2039
2071
2041
2103
2081
2108
2098
2111
2091
2110
2082
2058
2033
2063
2076
2038
2036
1996
2023
1994
2008
1943
1991
1948
2010
1971
2013
1995
2055
2035
2047
2038
2010
2037
2031
2052
2015
2028
1989
2065
2025
2078
2017
2070
2034
2090
2069
2086
2059
2089
2078
2063
2027
2033
2034
2000
2042
1987
2043
2018
2099
2047
2123
2071
2126
2105
2127
2080
2097
2078
2074
2094
2062
2050
2029
2077
2046
2079
2056
2086
2058
2094
2039
2080
2060
2110
2075
2048
2016
2013
2034
2015
2007
1998
2023
2026
2075
2037
2063
2030
2065
2015
2027
2008
2004
2015
2021
1997
2006
2023
1997
2066
2031
2052
2018
2080
2040
2059
2038
2035
2023
2052
2036
2036
2022
2036
2041
2012
2022
1986
2011
1946
1958
1895
1943
1919
1957
1924
1951
1924
1960
1953
1937
1951
1917
1945
1931
1953
1907
1944
1929
2005
1973
2006
1945
1984
1953
1976
1942
1930
1915
1915
1942
1912
1923
1929
1973
1951
2001
1942
1990
1963
2036
1983
2036
2003
2046
2030
2031
1982
1978
1974
1939
1981
1932
1960
1933
1992
1927
1983
1930
1886
1888
1823
1899
1876
1922
1853
1893
1904
1978
1954
1972
1954
1980
1975
1952
1958
1887
1931
1915
1937
1886
1910
1870
1921
1887
1921
1891
1929
1918
1950
1967
1963
1985
1980
2000
1977
1990
1991
2059
2044
2064
2030
2067
2056
2085
2045
2039
2023
2027
2039
2028
2032
2008
2056
2049
2090
2054
2079
2075
2135
2099
2102
2072
2065
2085
2072
2065
2033
2064
2054
2082
2048
2078
2041
2111
2076
2108
2071
2089
2117
2119
2095
2090
2110
2119
2110
2095
2141
2087
2155
2111
2139
2072
2134
2085
2120
2070
2102
2076
2115
2099
2129
2152
2111
2144
2118
2161
2123
2148
2097
2137
2081
2112
2032
2085
2042
2066
2026
2051
2067
2081
2119
2109
2119
2108
2137
2094
2123
2053
2101
2065
2114
2049
2080
2058
2104
2097
2089
2073
2090
2106
2099
2099
2036
2062
2039
2075
2014
2043
2019
2059
2048
2069
2031
2045
2043
2057
2031
2016
2025
2004
2045
2028
2062
2025
2075
2066
2087
2046
2071
2094
2123
2098
2088
2107
2084
2134
2088
2104
2067
2109
2094
2152
2115
2141
2121
2171
2138
2144
2115
2098
2124
2078
2091
2054
2084
2066
2088
2054
2077
2029
2097
2063
2108
2059
2112
2098
2113
2114
2089
2104
2109
2128
2093
2113
2035
2092
2058
2110
2053
2097
2061
2083
2064
2071
2050
2090
2105
2088
2072
2049
2093
2061
2125
2048
2082
2039
2116
2090
2111
2053
2085
2038
2034
1975
1967
1942
1934
1957
1916
1920
1912
1976
1939
2013
1964
2019
1994
2048
2015
2059
2037
2079
2085
2070
2057
2051
2080
2064
2043
2002
2012
1962
1990
1929
1927
1868
1898
1877
1874
1875
1865
1894
1906
1934
1905
1928
1893
1939
1909
1937
1902
1944
1934
1947
1953
1947
1958
1966
1984
1956
1964
1940
1983
1961
1993
1948
1983
1988
2038
2033
2025
2027
2056
2098
2078
2090
2079
2112
2091
2132
2081
2132
2117
2174
2121
2149
2128
2138
2136
2132
2104
2077
2083
2055
2110
2067
2119
2099
2166
2084
2128
2095
2147
2125
2173
2131
2142
2130
2167
2165
2118
2130
2092
2122
2077
2104
2065
2118
2077
2140
2071
2119
2074
2150
2091
2108
2095
2098
2129
2133
2131
2111
2119
2081
2136
2091
2126
2084
2148
2115
2145
2124
2136
2125
2157
2140
2130
2113
2117
2109
2082
2101
2059
2086
2075
2104
2061
2071
2053
2094
2061
2049
2007
2023
2011
1994
1988
1958
1992
1999
2043
2016
2055
2023
2067
2038
2045
2009
2046
2051
2059
2053
2013
2038
2024
2046
1995
2022
2002
2026
1998
2024
1977
2045
2051
2098
2049
2072
2097
2103
2118
2090
2118
2110
2154
2097
2144
2084
2126
2084
2150
2082
2117
2074
2086
2073
2065
2041
2027
2032
2017
2029
1969
2017
1979
2045
1991
2043
1970
2019
2000
2015
1963
1978
1966
1988
1957
1944
1958
1931
1983
1950
1981
1920
1972
1960
2032
1971
2000
1978
2031
2008
2026
2011
2001
2022
2013
1998
1981
1999
2021
2077
2037
2068
2015
2070
2048
2055
2014
2026
2033
2037
2035
2025
2053
2052
2056
2034
2042
1999
2037
1997
2012
1956
1989
1978
1985
1977
1954
1953
1959
1972
1955
1983
1949
1991
1957
1984
1963
2015
2001
2026
2016
2003
1983
1983
1995
1952
1926
1884
1928
1885
1935
1880
1923
1887
1960
1949
1971
1945
1963
1975
1988
1963
1955
1960
1945
1983
1942
1972
1919
1983
1951
2023
1977
2021
1998
2058
2005
2033
1995
1986
2024
2005
2006
1960
1998
1991
2011
1974
2017
1955
2018
1962
1997
1942
2010
1985
1992
1977
1983
1994
2000
1995
1969
1996
1957
2027
1991
2027
1979
2046
2030
2059
2030
2047
2037
2073
2070
2059
2043
2011
2046
2004
2022
1973
1989
1964
1985
1952
1953
1926
1958
1973
1970
1950
1957
1963
1961
1992
1949
1974
1962
1984
1927
1973
1945
1974
1981
1994
1978
1972
1972
1957
1990
1944
1964
1935
1979
1941
1963
1946
1984
1966
2013
1965
2000
1978
2014
2008
1975
1987
1959
2021
2008
2031
1999
2062
2038
2110
2044
2068
2023
2091
2054
2074
2066
2050
2088
2084
2083
2060
2088
2040
2110
2058
2086
2026
2088
2032
2066
2011
2004
1980
1987
1969
1955
1944
1961
1982
1952
1985
1930
1986
1952
1992
1943
1997
1966
2010
1981
1993
1944
1954
1948
1943
1964
1931
1946
1931
1950
1917
1949
1917
1965
1953
1979
1950
1990
1992
2037
2051
2042
2053
2055
2097
2063
2084
2057
2114
2106
2148
2115
2131
2099
2124
2096
2083
2069
2026
2056
2032
2041
2003
2056
2031
2096
2068
2090
2075
2116
2087
2102
2082
2043
2065
2042
2036
1995
2035
2043
2099
2056
2093
2039
2099
2063
2080
2028
2043
2039
2053
2082
2054
2066
2052
2097
2066
2105
2035
2071
2028
2050
1961
1988
1953
1992
2002
2000
1986
1998
2030
2011
2037
1973
2018
1982
2044
1982
2028
1979
2029
2015
2052
2019
2044
2029
2065
2047
2052
2098
2080
2138
2101
2130
2078
2146
2135
2197
2135
2171
2138
2195
2124
2143
2137
2117
2139
2141
2153
2130
2154
2148
2181
2131
2147
2111
2188
2153
2167
2111
2124
2140
2161
2165
2150
2147
2157
2176
2154
2168
2131
2166
2138
2151
2120
2146
2149
2171
2192
2184
2196
2198
2200
2166
2194
2150
2197
2166
2197
2143
2180
2159
2186
2165
2164
2135
2121
2123
2084
2066
2028
2055
2027
2084
2032
2078
2046
2126
2122
2167
2129
2168
2172
2205
2165
2166
2174
2144
2184
2138
2164
2118
2174
2120
2171
2104
2129
2089
2154
2104
2149
2097
2135
2164
2170
2167
2154
2190
2181
2173
2134
2161
2116
2171
2114
2140
2073
2133
2070
2071
2036
2039
2037
2083
2074
2058
2068
2036
2110
2084
2121
2087
2156
2135
2178
2145
2154
2135
2181
2163
2164
2147
2134
2171
2163
2186
2150
2184
2171
2198
2182
2212
2172
2205
2206
2219
2209
2221
2217
2202
2200
2163
2160
2148
2171
2128
2150
2108
2134
2122
2152
2113
2119
2104
2082
2106
2066
2065
2063
2113
2092
2130
2099
2130
2120
2169
2121
2155
2127
2180
2186
2184
2175
2148
2191
2184
2190
2146
2179
2132
2190
2117
2147
2093
2170
2120
2176
2147
2150
2139
2167
2141
2132
2115
2071
2116
2057
2090
2029
2110
2072
2108
2085
2137
2104
2176
2158
2191
2156
2213
2219
2207
2211
2188
2219
2203
2218
2181
2211
2134
2183
2137
2178
2136
2191
2167
2208
2191
2194
2192
2226
2229
2225
2238
2211
2273
2238
2269
2213
2251
2233
2270
2246
2266
2227
2254
2254
2260
2247
2260
2272
2265
2295
2243
2268
2244
2297
2244
2270
2236
2262
2274
2277
2254
2254
2270
2252
2275
2244
2255
2246
2283
2228
2242
2213
2231
2213
2240
2217
2239
2241
2276
2271
2237
2259
2228
2286
2260
2271
2244
2283
2256
2298
2255
2282
2253
2303
2278
2276
2278
2255
2286
2281
2279
2224
2237
2186
2255
2201
2239
2184
2250
2201
2252
2212
2200
2190
2214
2205
2202
2178
2188
2212
2172
2208
2135
2192
2157
2215
2152
2205
2155
2215
2188
2218
2171
2197
2183
2188
2211
2169
2191
2185
2222
2191
2222
2178
2246
2214
2250
2194
2221
2199
2243
2230
2210
2197
2211
2234
2205
2197
2184
2206
2178
2215
2169
2199
2182
2222
2174
2193
2181
2190
2195
2207
2184
2171
2175
2143
2188
2131
2143
2106
2144
2098
2107
2082
2096
2102
2139
2133
2139
2151
2150
2164
2145
2166
2123
2173
2136
2167
2134
2184
2175
2209
2176
2187
2161
2178
2159
2152
2160
2131
2164
2128
2141
2090
2098
2056
2109
2087
2132
2084
2133
2123
2150
2133
2106
2114
2112
2136
2122
2139
2123
2160
2127
2179
2109
2151
2121
2167
2106
2148
2114
2137
2154
2145
2144
2131
2186
2158
2226
2153
2187
2155
2224
2158
2203
2152
2159
2144
2180
2158
2153
2137
2173
2181
2129
2158
2109
2183
2132
2164
2121
2165
2117
2174
2107
2140
2103
2164
2123
2128
2126
2100
2137
2134
2154
2123
2155
2135
2195
2142
2180
2144
2215
2173
2190
2164
2168
2146
2170
2190
2196
2178
2177
2198
2176
2207
2169
2213
2193
2224
2167
2188
2155
2192
2175
2174
2162
2181
2213
2214
2220
2167
2182
2166
2202
2137
2140
2109
2152
2151
2159
2140
2157
2157
2169
2180
2156
2155
2138
2178
2152
2154
2125
2171
2157
2196
2144
2162
2153
2198
2161
2165
2165
2155
2186
2152
2165
2139
2180
2146
2203
2145
2182
2137
2167
2102
2158
2114
2124
2137
2144
2116
2105
2117
2137
2164
2120
2157
2114
2185
2128
2183
2135
2194
2159
2206
2155
2183
2137
2191
2167
2171
2187
2152
2186
2176
2197
2150
2153
2105
2158
2110
2064
2122
2092
2154
2108
2142
2105
2152
2104
2133
2119
2162
2133
2138
2157
2131
2169
2163
2182
2136
2162
2131
2198
2156
2174
2125
2171
2128
2158
2144
2145
2167
2167
2169
2164
2178
2181
2195
2169
2190
2158
2199
2193
2204
2166
2169
2159
2191
2202
2184
2170
2179
2208
2167
2211
2182
2214
2217
2252
2204
2234
2227
2256
2242
2243
2212
2221
2232
2246
2254
2213
2234
2222
2271
2225
2242
2196
2251
2241
2272
2227
2246
2232
2288
2232
2232
2228
2203
2243
2228
2236
2208
2252
2202
2246
2177
2210
2186
2243
2205
2227
2206
2200
2202
2216
2216
2201
2233
2250
2275
2210
2246
2195
2254
2196
2242
2187
2234
2220
2271
2231
2266
2226
2278
2262
2265
2280
2243
2294
2277
2294
2247
2285
2243
2307
2258
2294
2235
2306
2251
2275
2251
2253
2258
2257
2245
2228
2221
2229
2249
2215
2257
2185
2243
2209
2255
2198
2259
2215
2253
2231
2254
2220
2237
2239
2241
2254
2206
2227
2207
2236
2185
2210
2170
2235
2210
2233
2178
2212
2204
2232
2205
2190
2188
2195
2213
2205
2199
2186
2210
2195
2221
2188
2213
2200
2250
2211
2230
2220
2234
2243
2228
2219
2217
2238
2197
2219
2158
2175
2132
2171
2135
2156
2140
2155
2147
2159
2130
2130
2134
2151
2156
2119
2130
2109
2172
2155
2182
2139
2168
2147
2181
2147
2170
2135
2183
2174
2172
2190
2164
2196
2174
2190
2125
2133
2087
2139
2089
2125
2066
2126
2092
2112
2091
2073
2053
2069
2079
2056
2048
2068
2094
2070
2120
2073
2131
2098
2148
2088
2139
2079
2133
2086
2110
2057
2067
2036
2022
2030
1987
2001
1990
2035
1986
1993
1961
2008
1965
1988
1914
1959
1903
1955
1931
1931
1928
1967
1994
1992
1996
2011
2035
2019
2058
2007
2043
2021
2082
2032
2083
2043
2059
2048
2079
2048
2071
2065
2077
2101
2073
2085
2067
2113
2076
2094
2071
2113
2096
2150
2110
2128
2095
2152
2155
2144
2127
2113
2139
2138
2137
2115
2119
2099
2135
2084
2097
2045
2074
2038
2020
1988
1951
1951
1955
1966
1945
1953
1929
1981
1973
2018
1981
2024
2011
2047
2032
2040
2035
2060
2073
2059
2060
2081
2085
2046
2070
2007
2027
1995
2028
1949
1989
1949
1973
1950
1948
1913
1916
1925
1939
1980
1954
1986
1982
2009
1967
1999
1970
2001
1972
2017
1987
2022
1997
2039
2002
2009
2024
2014
2052
2032
2019
1981
2006
1956
2007
1954
1995
1935
2000
1941
1971
1916
1934
1925
1966
1933
1969
1966
1970
2020
1995
1999
1949
1980
1925
1928
1859
1879
1810
1845
1774
1790
1711
1776
1745
1737
1709
1690
1719
1732
1736
1741
1773
1719
1781
1709
1734
1680
1756
1708
1752
1701
1743
1719
1781
1765
1805
1775
1785
1828
1809
1799
1768
1799
1797
1803
1783
1831
1803
1866
1831
1872
1801
1823
1762
1758
1723
1711
1686
1695
1684
1700
1717
1680
1726
1706
1739
1699
1749
1742
1773
1739
1751
1728
1762
1752
1764
1736
1714
1723
1714
1718
1687
1705
1696
1737
1720
1752
1718
1777
1778
1804
1758
1773
1760
1768
1763
1726
1739
1763
1811
1769
1795
1773
1847
1847
1895
1857
1887
1874
1910
1919
1894
1859
1859
1858
1809
1774
1726
1760
1705
1746
1685
1727
1707
1779
1771
1795
1753
1786
1781
1811
1761
1766
1745
1731
1758
1709
1723
1689
1741
1711
1745
5835
2027
2030
2050
2066
2071
2098
2129
2145
2162
2166
2174
2180
2179
2155
2140
2130
2118
2113
2120
2112
2106
2090
2095
2076
2065
2062
2059
2046
2040
2023
2015
2020
2011
2027
2054
2070
2069
2080
2096
2106
2127
2137
2163
2179
2190
2186
2176
2172
2165
2160
2153
2123
2111
2101
2091
2085
2092
2102
2126
2139
2140
2147
2137
2128
2113
2082
2074
2066
2060
2056
2053
2057
2063
2075
2064
2052
2048
2049
2046
2056
2074
2091
2108
2099
2099
2106
2109
2119
2125
2109
2111
2119
2119
2123
2122
2122
2134
2154
2172
2170
2187
2170
2157
2140
2116
2113
2108
2094
2075
2046
2040
2039
2035
2038
2050
2047
2048
2056
2071
2063
2072
2079
2077
2087
2092
2094
2086
2094
2106
2099
2097
2086
2073
2076
2089
2089
2096
2098
2092
2083
2079
2078
2087
2095
2091
2080
2065
2064
2065
2075
2075
2088
2094
2095
2091
2105
2108
2113
2114
2121
2132
2134
2136
2134
2134
2128
2115
2092
2084
2079
2087
2086
2107
2111
2112
2126
2136
2139
2154
2158
2165
2157
2155
2150
2132
2121
2133
2148
2152
2150
2138
2140
2139
2138
2132
2122
2133
2144
2145
2153
2162
2159
2166
2162
2149
2139
2106
2101
2093
2102
2102
2108
2113
2127
2130
2150
2160
2171
2163
2156
2122
2107
2099
2089
2088
2087
2102
2118
2135
2135
2143
2154
2169
2173
2186
2194
2194
2193
2187
2192
2197
2209
2221
2204
2214
2234
2241
2240
2238
2226
2216
2212
2215
2210
2200
2197
2208
2208
2200
2194
2190
2193
2187
2181
2164
2170
2170
2186
2189
2186
2198
2215
2209
2204
2207
2222
2234
2238
2245
2249
2269
2285
2301
2303
2286
2273
2261
2247
2242
2246
2239
2232
2234
2236
2224
2223
2198
2187
2183
2176
2170
2181
2177
2165
2171
2167
2158
2140
2147
2148
2158
2154
2176
2188
2205
2196
2183
2187
2191
2190
2186
2195
2218
2208
2200
2196
2181
2170
2172
2164
2134
2121
2105
2100
2120
2139
2139
2144
2135
2119
2112
2116
2107
2123
2139
2151
2154
2159
2165
2178
2196
2209
2209
2213
2225
2240
2246
2251
2241
2244
2239
2218
2209
2198
2173
2153
2141
2132
2122
2125
2129
2139
2150
2165
2187
2200
2195
2209
2213
2208
2198
2210
2213
2227
2229
2227
2222
2216
2207
2216
2230
2221
2216
2216
2213
2221
2214
2213
2226
2220
2225
2211
2210
2214
2205
2209
2213
2222
2226
2228
2228
2224
2232
2234
2241
2234
2233
2228
2230
2224
2210
2202
2199
2194
2194
2184
2179
2176
2174
2163
2172
2168
2176
2179
2183
2174
2190
2193
2203
2200
2210
2205
2211
2225
2220
2224
2224
2226
2232
2215
2191
2182
2172
2177
2174
2184
2185
2185
2172
2172
2155
2158
2158
2168
2173
2183
2177
2179
2190
2193
2203
2209
2213
2214
2225
2230
2232
2228
2219
2196
2178
2167
2163
2161
2156
2140
2142
2141
2146
2157
2154
2127
2126
2126
2117
2121
2107
2099
2121
2129
2126
2123
2121
2130
2123
2130
2152
2155
2156
2162
2159
2149
2144
2142
2141
2140
2133
2128
2116
2107
2110
2114
2097
2104
2096
2090
2070
2076
2085
2088
2086
2103
2119
2116
2111
2110
2112
2110
2123
2137
2137
2128
2118
2114
2102
2083
2069
2054
2052
2031
2008
2000
1992
2000
2010
2007
2012
2005
2008
2019
2024
2015
2036
2060
2049
2033
2028
2019
2021
2006
1991
1982
1968
1960
1953
1968
1974
1991
2009
2024
2027
2044
2054
2048
2050
2041
2021
2018
1996
1997
1988
1985
1975
1968
1964
1965
1953
1952
1949
1965
1973
1965
1950
1951
1953
1968
1970
1979
1989
2003
2004
2007
2006
2008
2011
2019
2023
2015
2003
1982
1965
1949
1945
1940
1949
1964
1989
2005
2017
2023
2029
2033
2024
2013
1979
1955
1925
1898
1878
1865
1852
1846
1863
1873
1895
1928
1950
1955
1942
1935
1911
1879
1834
1813
1795
1787
1801
1800
1826
1820
1827
1832
1841
1858
1876
1880
1891
1885
1886
1886
1873
1888
1894
1888
1869
1862
1870
1874
1873
1872
1865
1858
1859
1872
1857
1841
1843
1839
1853
1852
1853
1852
1846
1870
1880
1889
1877
1877
1862
1849
1843
1855
1846
1842
1819
1811
1801
1785
1777
1765
1760
1757
1767
1769
1765
1760
1755
1748
1743
1713
1706
1706
1721
1716
1715
1727
1746
1772
1786
1785
1786
1787
1797
1798
1799
1800
1797
1788
1789
1779
1769
1756
1739
1726
1714
1699
1687
1674
1667
1660
1663
1661
1669
1687
1710
1733
1758
1781
1790
1794
1796
1795
1803
1818
1836
1845
1853
1865
1877
1878
1871
1871
1861
1845
1838
1821
1817
1815
1794
1783
1776
1749
1759
1766
1785
1800
1817
1819
1811
1818
1800
1793
1783
1770
1747
1752
1761
1774
1765
1784
1801
1829
1840
1848
1860
1859
1869
1874
1869
1863
1858
1849
1830
1822
1816
1800
1811
1828
1857
1877
1912
1921
1937
1951
1962
1973
1995
2008
2024
2037
2046
2057
2081
2075
2085
2077
2073
2068
2069
2053
2051
2038
2025
2005
1982
1967
1952
1948
1937
1935
1927
1931
1919
1912
1893
1896
1905
1917
1938
1948
1949
1958
1951
1954
1965
1966
1955
1943
1939
1919
1900
1892
1886
1871
1874
1886
1903
1932
1960
1970
1981
1994
2023
2027
2043
2067
2078
2097
2083
2088
2115
2114
2101
2097
2098
2104
2108
2110
2110
2104
2108
2105
2117
2116
2110
2125
2143
2150
2154
2142
2142
2138
2140
2133
2143
2146
2124
2106
2092
2085
2080
2070
2068
2070
2049
2055
2046
2037
2027
2023
2020
2030
2029
2030
2026
2037
2049
2056
2062
2074
2083
2076
2083
2079
2089
2081
2072
2067
2063
2066
2080
2085
2063
2061
2067
2064
2066
2073
2086
2092
2097
2099
2103
2109
2099
2093
2095
2086
2087
2083
2072
2080
2089
2112
2123
2144
2154
2147
2183
2202
2206
2209
2198
2198
2196
2194
2182
2183
2165
2164
2150
2128
2104
2076
2037
1992
1971
1942
1936
1936
1949
1952
1954
1954
1959
1951
1944
1927
1919
1908
1906
1898
1885
1880
1875
1889
1910
1908
1935
1943
1946
1969
1985
1991
2005
2018
2056
2071
2080
2081
2091
2088
2088
2075
2082
2083
2088
2076
2075
2071
2077
2079
2070
2072
2057
2044
2041
2051
2044
2035
2035
2029
2017
2012
2021
2029
2040
2040
2042
2032
2042
2028
2010
2002
2004
1996
1981
1988
1992
2008
2016
2037
2031
2042
2058
2057
2046
2035
2028
2030
2031
2035
2054
2066
2082
2087
2092
2088
2092
2094
2096
2086
2086
2093
2079
2069
2066
2061
2083
2096
2098
2103
2112
2121
2126
2139
2137
2120
2131
2130
2134
2147
2153
2159
2170
2170
2171
2154
2162
2181
2196
2198
2188
2201
2186
2170
2164
2165
2173
2175
2175
2185
2187
2193
2200
2217
2217
2220
2195
2180
2155
2147
2133
2115
2100
2072
2070
2057
2066
2076
2082
2087
2108
2098
2101
2115
2129
2124
2115
2110
2123
2119
2124
2117
2118
2128
2150
2147
2169
2173
2175
2166
2161
2151
2161
2170
2167
2164
2171
2180
2190
2208
2208
2201
2206
2211
2209
2213
2208
2207
2200
2203
2208
2209
2180
2178
2167
2160
2162
2159
2151
2135
2122
2124
2116
2105
2106
2108
2105
2088
2072
2052
2032
2027
2029
2033
2039
2048
2066
2066
2074
2067
2069
2061
2034
2025
2010
2004
2012
2002
1998
1989
1979
1984
1987
1994
1993
1975
1974
1986
1986
2000
1998
2007
2023
2045
2041
2056
2054
2041
2034
2011
1980
1937
1927
1921
1892
1878
1886
1895
1907
1935
1947
1961
1979
1995
2005
2011
2020
2025
2033
2044
2047
2035
1987
1985
1978
1966
1958
1952
1950
1954
1971
1994
2013
2029
2032
2048
2037
2031
2017
1996
1976
1956
1955
1967
1982
1999
2013
2015
2021
2015
2028
2051
2062
2072
2074
2084
2090
2089
2081
2077
2064
2065
2050
2041
2039
2029
2020
2020
2005
1988
1975
1971
1967
1951
1946
1944
1920
1910
1907
1905
1921
1925
1942
1976
1996
2027
2063
2086
2097
2099
2093
2102
2114
2126
2119
2087
2072
2067
2058
2051
2037
2036
2040
2050
2060
2077
2081
2065
2069
2072
2078
2088
2096
2104
2108
2112
2117
2120
2106
2101
2098
2082
2067
2067
2068
2061
2076
2081
2078
2083
2085
2098
2111
2117
2125
2141
2135
2136
2149
2162
2176
2167
2158
2147
2131
2125
2097
2077
2044
2022
2009
2009
2011
2009
2003
2004
2007
2001
2003
1986
1962
1938
1945
1947
1951
1941
1952
1952
1970
1993
2004
2001
2002
2013
2012
2005
1978
1963
1960
1961
1960
1964
1977
1996
2009
2025
2030
2044
2046
2019
2001
1996
1986
1982
1973
1952
1935
1940
1950
1953
1936
1910
1904
1910
1900
1889
1874
1856
1838
1827
1821
1823
1837
1860
1875
1899
1923
1946
1966
1988
1993
1983
1976
1975
1974
1990
1994
1993
1994
1991
1992
2011
2013
2015
2026
2029
2029
2028
2025
2032
2031
2060
2072
2083
2081
2076
2065
2062
2053
2047
2043
2042
2046
2039
2053
2049
2051
2041
2031
2022
2013
2004
1963
1937
1922
1921
1938
1942
1955
1964
1970
1987
2007
2018
2022
2012
1997
2005
2015
2027
2022
2022
2028
2020
2037
2053
2057
2065
2056
2051
2053
2040
2023
2005
1986
1974
1960
1956
1954
1955
1971
1997
1999
2010
2020
2026
2030
2027
2040
2050
2054
2049
2046
2034
2028
2019
2003
1977
1969
1965
1973
1981
1996
1998
2008
2015
2011
2008
1981
1963
1936
1927
1913
1901
1890
1899
1882
1862
1851
1846
1829
1813
1794
1783
1789
1791
1813
1854
1894
1922
1958
1969
1994
2003
2004
2010
2004
2014
2026
2021
2023
2020
2012
2011
2019
2018
2011
2013
2013
2014
2013
2028
2025
2019
1999
1991
1974
1947
1936
1916
1890
1868
1849
1833
1825
1831
1865
1884
1902
1915
1925
1929
1934
1942
1941
1946
1936
1943
1965
1982
1977
1961
1954
1938
1919
1891
1897
1903
1903
1905
1905
1926
1943
1949
1975
2002
2026
2025
2028
2021
2018
1996
1982
1954
1933
1902
1893
1897
1883
1869
1867
1878
1890
1906
1917
1938
1956
1986
1988
1998
1978
1979
1985
1996
1995
1996
1987
1993
2009
2022
2030
2022
2031
2038
2046
2049
2048
2051
2040
2040
2038
2027
2023
2021
2015
2011
2006
2010
2002
1992
1990
1979
1960
1976
1983
1996
2003
2002
2005
2031
2050
2067
2088
2103
2104
2108
2117
2114
2103
2103
2091
2091
2087
2071
2062
2071
2085
2091
2091
2100
2092
2102
2090
2092
2096
2097
2087
2089
2095
2105
2107
2125
2115
2111
2114
2110
2100
2098
2114
2106
2120
2117
2119
2131
2134
2120
2115
2111
2104
2098
2087
2085
2077
2086
2119
2124
2124
2142
2159
2159
2144
2134
2116
2098
2096
2098
2086
2088
2095
2108
2129
2132
2139
2155
2165
2172
2168
2160
2137
2113
2111
2119
2120
2119
2122
2128
2142
2145
2143
2141
2146
2139
2126
2114
2102
2103
2099
2101
2114
2115
2135
2148
2153
2158
2171
2176
2193
2204
2222
2232
2232
2223
2222
2226
2242
2245
2256
2257
2261
2242
2228
2203
2195
2197
2204
2204
2184
2172
2163
2165
2166
2160
2134
2117
2096
2089
2051
2021
1994
1993
2024
2048
2074
2089
2094
2095
2094
2082
2092
2095
2093
2090
2079
2087
2106
2112
2110
2105
2107
2106
2099
2081
2078
2071
2057
2055
2054
2055
2033
2017
2000
1999
1983
1981
1992
2000
1985
1984
1994
2014
2032
2049
2069
2084
2083
2081
2093
2092
2087
2089
2106
2116
2126
2129
2140
2140
2134
2117
2105
2084
2086
2086
2095
2099
2107
2109
2110
2120
2121
2122
2134
2143
2146
2143
2134
2143
2141
2143
2142
2134
2131
2130
2135
2142
2163
2165
2175
2183
2194
2190
2189
2167
2152
2147
2141
2128
2128
2116
2110
2119
2128
2132
2138
2145
2151
2160
2179
2188
2193
2195
2216
2231
2220
2212
2212
2224
2225
2217
2219
2235
2234
2217
2202
2183
2170
2175
2180
2172
2176
2164
2162
2158
2157
2162
2166
2177
2184
2190
2195
2195
2187
2175
2169
2164
2146
2131
2126
2106
2111
2107
2115
2127
2139
2160
2159
2153
2144
2149
2168
2187
2191
2190
2183
2177
2154
2143
2143
2166
2186
2203
2208
2202
2198
2196
2197
2193
2169
2126
2086
2057
2040
2029
2028
2034
2027
2027
2013
2011
2000
1986
1976
1960
1952
1963
1995
2003
2002
1995
1989
1983
1973
1951
1917
1899
1878
1859
1857
1857
1866
1879
1911
1944
1973
2003
2023
2064
2073
2077
2072
2066
2046
2022
2008
1990
1972
1949
1920
1896
1888
1871
1869
1877
1882
1885
1906
1918
1939
1945
1967
1975
1982
1999
2005
2007
1992
1976
1975
1965
1945
1921
1882
1852
1855
1851
1843
1842
1829
1809
1791
1795
1783
1774
1767
1757
1770
1771
1783
1807
1828
1867
1874
1880
1884
1883
1883
1865
1854
1844
1832
1821
1801
1805
1821
1824
1832
1850
1871
1894
1923
1937
1951
1950
1943
1947
1964
1978
1992
1999
1999
1983
1981
1987
2004
1997
2001
2002
1985
1979
1959
1947
1935
1930
1930
1928
1929
1920
1917
1922
1898
1871
1869
1855
1839
1845
1843
1858
1857
1844
1841
1838
1843
1832
1830
1845
1881
1924
1953
1977
2003
2000
1998
2016
2019
2015
2007
1988
1953
1937
1930
1897
1890
1896
1908
1915
1929
1940
1937
1939
1953
1963
1978
1964
1954
1951
1946
1933
1927
1927
1916
1919
1933
1928
1937
1960
1979
2007
2009
2027
2040
2057
2059
2065
2053
2056
2057
2053
2057
2063
2057
2056
2059
2069
2067
2066
2066
2064
2070
2084
2100
2111
2118
2128
2139
2124
2113
2123
2125
2123
2134
2139
2142
2142
2144
2148
2144
2131
2119
2104
2083
2060
2038
2024
2015
2006
2007
2008
2003
2008
1997
2005
2003
1998
1988
1992
1986
1979
1971
1962
1947
1946
1965
1947
1931
1921
1910
1905
1917
1918
1916
1907
1915
1911
1938
1932
1938
1944
1950
1949
1938
1930
1898
1887
1884
1888
1905
1909
1922
1930
1950
1994
2000
2014
2021
2035
1992
1967
1955
1935
1930
1902
1895
1888
1886
1909
1930
1946
1963
1989
1999
2015
2025
2021
2015
2002
1981
1970
1963
1956
1956
1963
1975
2005
2026
2049
2060
2063
2065
2054
2046
2031
2019
2015
2014
1994
1999
2008
2015
2015
2030
2047
2067
2075
2095
2095
2101
2117
2131
2143
2154
2135
2120
2112
2098
2097
2094
2086
2091
2087
2068
2079
2094
2110
2122
2136
2159
2167
2176
2186
2191
2202
2205
2220
2233
2228
2214
2203
2176
2159
2145
2120
2108
2083
2078
2076
2086
2102
2114
2139
2146
2149
2142
2140
2120
2113
2107
2100
2094
2086
2080
2081
2090
2102
2106
2110
2093
2084
2085
2073
2076
2072
2069
2077
2083
2080
2092
2099
2113
2113
2126
2139
2155
2164
2154
2159
2160
2158
2149
2135
2137
2127
2121
2115
2116
2117
2126
2145
2156
2154
2161
2170
2170
2173
2167
2169
2168
2170
2168
2183
2181
2197
2214
2220
2228
2221
2223
2228
2230
2235
2218
2200
2159
2126
2101
2068
2051
2020
2038
2045
2054
2058
2062
2084
2102
2130
2138
2126
2133
2131
2117
2103
2086
2104
2108
2117
2119
2123
2124
2142
2130
2114
2093
2098
2085
2079
2082
2070
2066
2064
2048
2045
2051
2043
2044
2034
2036
2035
2042
2057
2056
2062
2075
2081
2100
2111
2122
2129
2124
2115
2121
2110
2096
2080
2071
2060
2028
2012
2007
2002
2028
2042
2059
2071
2084
2081
2081
2082
2074
2080
2086
2086
2079
2089
2092
2099
2104
2111
2102
2094
2101
2106
2122
2124
2131
2126
2116
2114
2103
2085
2079
2070
2074
2079
2087
2092
2101
2114
2135
2146
2155
2169
2184
2194
2206
2216
2216
2213
2208
2223
2216
2209
2200
2200
2205
2216
2207
2207
2215
2201
2177
2173
2155
2131
2107
2084
2050
2033
2027
2024
2008
1989
1985
1996
2019
2053
2066
2075
2086
2089
2096
2097
2103
2097
2091
2075
2054
2026
2015
2000
1994
2005
2014
2001
2018
2044
2056
2045
2044
2035
2021
2028
2030
2031
2019
2027
2029
2040
2052
2056
2064
2069
2070
2073
2079
2085
2078
2062
2054
2051
2052
2050
2048
2048
2052
2048
2062
2062
2055
2058
2039
2037
2024
2007
1992
1985
1996
2001
2029
2035
2038
2044
2045
2049
2059
2052
2053
2054
2053
2042
2037
2048
2053
2042
2028
2024
2019
2008
1990
1958
1934
1913
1884
1872
1869
1867
1861
1856
1850
1829
1839
1837
1824
1809
1822
1846
1872
1882
1900
1919
1939
1942
1959
1953
1960
1960
1961
1975
1971
1973
1990
1996
2000
2002
2013
2021
2016
2018
2027
2042
2051
2057
2064
2064
2066
2066
2086
2098
2082
2087
2079
2074
2068
2043
2012
1999
1986
1965
1947
1927
1910
1927
1927
1933
1958
1979
1983
1994
1983
1979
1975
1974
1963
1954
1937
1918
1925
1937
1949
1953
1955
1941
1947
1926
1909
1887
1881
1876
1878
1889
1911
1923
1943
1966
1974
1981
1986
1999
2000
1980
1970
1956
1957
1946
1932
1920
1900
1907
1903
1917
1915
1930
1930
1919
1939
1955
1946
1947
1945
1950
1947
1958
1957
1951
1951
1941
1937
1933
1924
1932
1947
1956
1967
1967
1960
1949
1943
1921
1922
1910
1926
1923
1925
1939
1906
1894
1891
1881
1889
1897
1904
1919
1912
1922
1926
1958
1961
1969
1943
1930
1905
1887
1880
1887
1884
1905
1905
1912
1919
1944
1986
2005
2011
2016
2037
2041
2061
2075
2075
2063
2050
2031
2019
2003
2001
2006
1991
1988
2002
2014
2054
2064
2058
2053
2048
2032
2017
2011
1998
1983
1980
1992
1999
1999
1995
1995
1994
1998
1992
1998
2008
2011
2007
2000
1981
1993
1986
1992
1991
1995
2004
1997
2002
1993
1991
2004
2012
2019
2035
2037
2036
2038
2031
2013
2013
2018
2035
2051
2029
2015
2022
2025
2022
2010
2018
2031
2034
2048
2056
2056
2045
2036
2035
2044
2055
2056
2041
2040
2025
2014
1996
1987
1976
1966
1962
1972
1987
2005
2030
2043
2051
2062
2081
2076
2073
2072
2061
2056
2076
2077
2083
2078
2075
2075
2066
2067
2075
2078
2085
2101
2098
2100
2102
2088
2062
2053
2035
2019
2001
2011
2020
2042
2075
2087
2097
2107
2129
2149
2163
2162
2162
2172
2174
2179
2175
2192
2202
2194
2159
2137
2138
2121
2105
2082
2052
2012
1960
1932
1929
1928
1924
1933
1933
1910
1911
1913
1921
1927
1949
1947
1970
1995
2017
2034
2028
2017
2012
2027
2028
2029
2033
2029
2040
2050
2057
2071
2068
2085
2096
2111
2099
2095
2091
2080
2073
2079
2068
2075
2083
2090
2082
2075
2079
2082
2083
2084
2075
2058
2058
2066
2080
2076
2103
2120
2139
2140
2155
2183
2206
2215
2221
2222
2221
2211
2192
2167
2142
2126
2105
2101
2090
2095
2090
2089
2087
2096
2110
2099
2098
2104
2087
2074
2071
2060
2048
2042
2022
2009
1996
1997
1989
1979
1964
1940
1949
1961
1971
1978
1993
2023
2064
2067
2075
2083
2099
2085
2083
2077
2083
2080
2099
2121
2140
2161
2171
2186
2186
2194
2191
2183
2179
2173
2159
2165
2173
2187
2176
2167
2156
2173
2171
2170
2173
2178
2181
2199
2211
2238
2257
2250
2236
2242
2233
2218
2211
2212
2225
2228
2226
2226
2233
2226
2227
2230
2231
2228
2214
2210
2217
2224
2213
2211
2226
2242
2263
2267
2283
2285
2285
2286
2287
2282
2282
2267
2263
2273
2276
2267
2273
2283
2281
2285
2290
2295
2286
2290
2277
2284
2285
2272
2254
2250
2247
2239
2229
2212
2220
2220
2214
2225
2238
2241
2244
2245
2250
2267
2265
2267
2273
2286
2286
2294
2300
2311
2306
2304
2309
2293
2281
2269
2258
2238
2231
2219
2220
2218
2218
2216
2237
2246
2239
2235
2225
2223
2216
2210
2193
2194
2189
2191
2192
2188
2184
2186
2182
2176
2171
2172
2161
2152
2148
2132
2114
2109
2108
2115
2127
2133
2148
2164
2175
2182
2188
2193
2188
2186
2207
2222
2238
2240
2238
2239
2232
2225
2230
2225
2222
2226
2224
2226
2232
2246
2237
2230
2232
2230
2248
2245
2242
2231
2227
2222
2243
2243
2250
2258
2262
2265
2263
2261
2268
2276
2281
2267
2275
2273
2274
2264
2251
2240
2246
2255
2267
2270
2264
2256
2254
2246
2220
2198
2200
2188
2173
2162
2151
2146
2143
2140
2157
2178
2190
2211
2220
2230
2228
2248
2263
2273
2272
2284
2292
2278
2269
2243
2240
2245
2238
2228
2237
2231
2232
2223
2230
2241
2253
2260
2255
2257
2253
2246
2240
2228
2216
2215
2199
2195
2197
2196
2184
2172
2163
2154
2130
2122
2117
2118
2130
2123
2123
2150
2173
2192
2190
2186
2176
2179
2176
2165
2168
2173
2159
2145
2131
2126
2116
2115
2104
2091
2082
2074
2071
2069
2068
2079
2090
2090
2094
2105
2120
2133
2146
2154
2158
2141
2139
2136
2134
2117
2117
2114
2125
2104
2107
2109
2111
2113
2116
2116
2099
2094
2083
2078
2086
2106
2113
2131
2123
2121
2104
2107
2086
2074
2072
2065
2056
2051
2039
2055
2054
2062
2058
2048
2052
2051
2028
2021
2013
2002
2015
2014
2043
2045
2059
2072
2077
2090
2099
2093
2074
2063
2069
2058
2050
2046
2061
2067
2061
2048
2047
2049
2049
2048
2062
2066
2061
2069
2061
2071
2084
2114
2132
2135
2151
2152
2162
2147
2141
2132
2118
2112
2097
2087
2074
2058
2059
2057
2058
2064
2076
2087
2097
2106
2098
2098
2098
2084
2064
2059
2051
2040
2024
2004
1975
1971
1973
1985
1989
2003
2027
2054
2081
2100
2127
2133
2137
2136
2125
2117
2113
2101
2082
2073
2063
2041
2030
2020
2014
1992
1987
1975
1969
1957
1962
1952
1951
1963
1975
1987
1989
1985
1985
1996
1995
1979
1990
1980
1991
1996
1987
1985
2002
2010
2017
2017
2028
2031
2039
2054
2068
2057
2026
2027
2022
2027
2004
1999
1984
1995
2014
2030
2046
2063
2072
2091
2106
2112
2116
2119
2103
2104
2109
2101
2090
2068
2068
2075
2076
2067
2070
2088
2099
2099
2089
2082
2092
2062
2055
2053
2056
2040
2012
2007
2010
2010
2014
2035
2059
2080
2084
2074
2054
2038
2034
2038
2021
2000
1987
1982
1986
2007
2016
2032
2045
2044
2061
2083
2096
2110
2106
2098
2096
2083
2063
2055
2033
2021
2014
2011
2014
2012
2019
1979
1948
1920
1905
1884
1883
1869
1883
1896
1886
1887
1899
1918
1921
1917
1936
1930
1937
1946
1949
1956
1955
1961
1959
1959
1937
1922
1905
1904
1899
1895
1885
1898
1904
1915
1927
1945
1954
1974
1988
1998
1996
2003
2010
2015
2010
2005
1992
1971
1956
1946
1937
1942
1941
1936
1951
1949
1956
1955
1951
1939
1919
1896
1854
1856
1849
1833
1828
1838
1848
1878
1900
1957
1940
1920
1933
1933
1925
1904
1897
1891
1890
1873
1856
1843
1852
1869
1891
1912
1919
1933
1942
1936
1929
1923
1928
1945
1959
1977
1988
2006
2019
2027
2027
2036
2037
2047
2054
2055
2042
2033
2030
2015
2028
2039
2038
2034
2051
2060
2057
2057
2059
2048
2044
2025
2010
2001
1993
2009
2023
2030
2030
2036
2037
2032
2037
2047
2062
2072
2074
2065
2087
2107
2107
2104
2106
2098
2105
2117
2136
2146
2155
2139
2123
2104
2098
2101
2104
2104
2108
2121
2105
2116
2121
2124
2133
2134
2139
2136
2126
2107
2094
2063
2060
2060
2058
2059
2066
2072
2091
2108
2118
2127
2134
2125
2115
2109
2114
2110
2092
2087
2102
2098
2100
2086
2105
2107
2104
2109
2093
2093
2097
2100
2093
2095
2075
2069
2057
2056
2050
2061
2058
2077
2080
2088
2071
2064
2051
2042
2040
2033
2038
2032
2030
2037
2060
2077
2095
2118
2136
2134
2126
2120
2119
2110
2114
2120
2119
2113
2113
2121
2132
2137
2126
2133
2137
2141
2148
2157
2143
2121
2103
2096
2093
2084
2090
2073
2089
2077
2079
2094
2100
2098
2100
2105
2119
2122
2117
2124
2125
2124
2112
2098
2084
2075
2081
2095
2084
2073
2058
2049
2057
2061
2054
2053
2057
2077
2079
2063
2064
2057
2045
2057
2074
2086
2101
2109
2118
2109
2099
2098
2072
2043
2007
1972
1955
1951
1941
1926
1917
1906
1924
1943
1955
1975
1988
2012
2029
2037
2062
2070
2077
2088
2086
2080
2087
2093
2079
2057
2050
2033
2007
1997
1964
1933
1893
1851
1836
1835
1840
1850
1875
1889
1906
1898
1901
1896
1883
1881
1884
1906
1930
1942
1949
1955
1951
1945
1954
1963
1976
1995
1994
1989
1994
2003
2006
2015
2020
2024
2018
2027
2043
2060
2065
2071
2073
2072
2082
2085
2097
2113
2119
2122
2131
2147
2152
2161
2164
2154
2148
2139
2117
2094
2070
2061
2061
2051
2052
2061
2098
2111
2123
2128
2128
2141
2128
2125
2119
2120
2114
2124
2111
2110
2086
2076
2074
2071
2067
2068
2062
2064
2070
2078
2080
2083
2091
2079
2078
2068
2071
2081
2099
2102
2109
2100
2102
2099
2106
2108
2122
2122
2129
2127
2132
2125
2134
2111
2110
2110
2095
2084
2076
2092
2101
2094
2098
2101
2109
2119
2116
2124
2110
2092
2069
2052
2020
1995
1982
1984
1999
2004
2026
2058
2074
2073
2055
2034
2029
2018
2011
2010
2014
2027
2038
2040
2034
2029
2017
2017
2005
2015
2003
2003
2006
2029
2041
2041
2056
2064
2092
2105
2109
2116
2122
2122
2119
2119
2118
2131
2142
2143
2130
2120
2117
2090
2082
2085
2075
2065
2051
2042
2016
1996
1982
1982
1994
2002
2003
2008
2003
1997
1976
1961
1951
1939
1930
1925
1922
1928
1926
1923
1923
1923
1933
1938
1933
1930
1944
1947
1957
1960
1980
1990
1997
2009
2003
2010
1993
2002
2003
2008
1999
1989
2002
2006
2010
2004
2011
2014
2017
2030
2024
2047
2043
2054
2041
2027
2025
2018
2024
2015
1995
1982
1971
1978
1981
1979
1986
1984
1986
1990
2004
2004
2000
1983
1983
1980
1957
1945
1925
1936
1949
1956
1972
1975
1973
1956
1942
1914
1900
1890
1871
1862
1852
1848
1866
1877
1880
1899
1918
1927
1930
1925
1935
1950
1935
1935
1929
1944
1942
1942
1943
1943
1954
1969
1989
1995
2004
2014
2022
2019
2016
2011
1999
1986
1974
1967
1975
1969
1975
1976
1974
1953
1943
1930
1928
1925
1922
1930
1925
1930
1941
1934
1938
1939
1936
1935
1944
1969
1986
2004
2019
2033
2027
2022
2015
2018
2017
2009
2011
2014
2019
2035
2034
2020
2024
1987
1968
1944
1941
1929
1925
1915
1917
1920
1919
1930
1944
1949
1952
1952
1959
1968
1981
1984
1974
1977
1984
1975
1962
1946
1935
1940
1934
1947
1961
1961
1955
1945
1958
1952
1951
1948
1959
1971
1971
1977
1996
2002
2007
2004
2008
2000
2000
2015
2017
2015
2021
2040
2058
2079
2087
2088
2074
2082
2086
2082
2084
2083
2088
2093
2103
2096
2099
2106
2096
2092
2085
2062
2064
2064
2055
2037
2023
1994
1975
1956
1945
1937
1921
1912
1917
1920
1920
1918
1923
1930
1926
1947
1970
1981
1974
1973
1961
1957
1957
1958
1966
1959
1946
1950
1943
1927
1937
1938
1940
1935
1951
1973
1988
2013
2038
2057
2067
2075
2091
2116
2136
2147
2139
2159
2155
2142
2152
2145
2147
2150
2132
2126
2122
2097
2067
2044
2040
2047
2050
2066
2081
2083
2091
2098
2103
2082
2082
2074
2068
2058
2049
2048
2038
2050
2048
2055
2069
2069
2072
2068
2070
2062
2058
2049
2055
2075
2088
2083
2080
2071
2078
2079
2094
2082
2068
2042
2026
2009
1994
1986
1981
1982
1996
1997
2001
1993
1985
1967
1947
1961
1950
1947
1939
1939
1941
1955
1963
1983
1994
2004
2024
2047
2073
2089
2111
2110
2118
2118
2132
2144
2147
2154
2172
2180
2178
2152
2138
2124
2117
2115
2104
2093
2100
2107
2113
2121
2126
2126
2107
2101
2094
2088
2081
2080
2086
2102
2113
2159
2166
2178
2190
2179
2162
2143
2140
2143
2129
2126
2119
2118
2133
2134
2145
2158
2186
2196
2198
2203
2197
2206
2207
2205
2196
2188
2207
2204
2194
2164
2136
2098
2066
2051
2036
2022
2004
1995
1999
2004
2013
2037
2074
2093
2118
2145
2167
2180
2179
2185
2200
2201
2200
2201
2201
2199
2208
2203
2169
2168
2156
2155
2155
2157
2164
2156
2142
2154
2160
2171
2181
2185
2185
2194
2189
2170
2176
2152
2127
2095
2081
2062
2066
2053
2050
2043
2033
2036
2035
2021
2034
2049
2060
2085
2098
2115
2122
2134
2127
2140
2151
2164
2164
2173
2170
2182
2188
2195
2195
2182
2189
2201
2199
2185
2177
2176
2165
2161
2163
2173
2187
2200
2201
2214
2216
2219
2225
2222
2202
2195
2176
2166
2152
2139
2127
2116
2116
2107
2112
2093
2083
2077
2060
2061
2052
2060
2086
2110
2118
2124
2129
2144
2162
2167
2166
2172
2181
2184
2193
2206
2199
2209
2208
2203
2192
2179
2163
2159
2152
2141
2149
2148
2147
2149
2149
2154
2134
2104
2089
2086
2097
2093
2089
2086
2079
2082
2093
2099
2109
2119
2128
2138
2153
2163
2181
2188
2193
2204
2220
2233
2229
2229
2219
2214
2197
2184
2180
2172
2154
2161
2166
2179
2183
2202
2215
2238
2251
2248
2248
2249
2256
2259
2272
2257
2263
2256
2271
2272
2278
2274
2283
2287
2293
2279
2265
2269
2278
2275
2271
2275
2295
2303
2311
2300
2307
2308
2312
2314
2321
2320
2323
2327
2325
2326
2327
2325
2308
2295
2286
2294
2289
2292
2293
2283
2274
2272
2275
2274
2273
2285
2299
2302
2292
2297
2289
2284
2290
2310
2321
2325
2325
2319
2329
2333
2323
2322
2311
2299
2309
2300
2290
2292
2277
2253
2244
2254
2259
2247
2231
2242
2229
2215
2213
2198
2203
2200
2214
2211
2203
2225
2247
2259
2263
2251
2261
2254
2240
2237
2222
2219
2210
2208
2209
2218
2215
2215
2210
2207
2209
2211
2219
2233
2236
2232
2239
2244
2250
2245
2238
2226
2216
2221
2238
2250
2259
2265
2256
2241
2230
2223
2226
2221
2222
2220
2218
2216
2205
2220
2227
2234
2229
2235
2237
2244
2237
2223
2206
2192
2158
2140
2127
2115
2108
2092
2099
2097
2102
2102
2116
2131
2141
2154
2166
2179
2197
2188
2174
2171
2162
2179
2194
2198
2206
2200
2193
2195
2194
2182
2180
2162
2162
2154
2149
2122
2115
2113
2111
2111
2119
2119
2136
2145
2143
2149
2145
2153
2156
2145
2144
2141
2142
2154
2151
2144
2142
2151
2157
2156
2157
2159
2157
2159
2173
2186
2193
2184
2196
2208
2216
2224
2233
2237
2238
2218
2203
2196
2191
2186
2179
2165
2164
2169
2164
2159
2150
2160
2168
2162
2149
2140
2127
2122
2109
2120
2127
2135
2132
2131
2123
2101
2107
2101
2100
2107
2134
2148
2162
2162
2171
2167
2171
2163
2168
2168
2167
2173
2177
2170
2167
2176
2205
2222
2226
2231
2239
2229
2225
2231
2230
2222
2230
2224
2223
2217
2201
2196
2193
2190
2197
2207
2205
2203
2187
2174
2152
2133
2148
2148
2146
2157
2162
2170
2190
2191
2196
2194
2199
2201
2188
2171
2164
2163
2165
2168
2184
2189
2203
2188
2181
2196
2206
2212
2224
2224
2209
2204
2200
2197
2209
2194
2181
2185
2188
2182
2164
2161
2151
2159
2147
2151
2161
2158
2126
2142
2146
2161
2176
2183
2191
2204
2200
2204
2192
2191
2199
2202
2213
2216
2212
2217
2221
2219
2224
2217
2212
2218
2210
2196
2184
2166
2158
2134
2125
2119
2107
2111
2111
2114
2126
2118
2136
2142
2150
2142
2145
2208
2188
2190
2196
2211
2215
2203
2202
2204
2216
2204
2194
2188
2201
2202
2204
2200
2200
2187
2208
2212
2221
2226
2218
2229
2230
2228
2236
2234
2232
2229
2235
2228
2214
2216
2205
2208
2216
2223
2222
2232
2236
2244
2233
2245
2262
2264
2279
2285
2278
2277
2276
2286
2268
2262
2261
2258
2265
2264
2272
2284
2283
2292
2300
2288
2280
2286
2284
2285
2295
2274
2278
2259
2261
2257
2260
2260
2258
2244
2238
2238
2241
2245
2259
2251
2246
2227
2230
2229
2239
2251
2251
2246
2255
2256
2260
2255
2266
2268
2266
2252
2256
2256
2255
2261
2256
2260
2272
2279
2287
2275
2274
2278
2302
2309
2300
2294
2298
2313
2307
2297
2296
2291
2287
2294
2307
2296
2298
2294
2289
2286
2283
2274
2259
2254
2247
2248
2257
2277
2273
2270
2271
2273
2282
2283
2278
2273
2263
2271
2268
2270
2264
2254
2248
2250
2244
2242
2244
2234
2240
2235
2240
2240
2249
2249
2245
2233
2232
2227
2234
2240
2237
2243
2239
2238
2232
2253
2264
2257
2240
2233
2228
2237
2237
2250
2254
2262
2259
2260
2267
2269
2251
2245
2232
2211
2212
2210
2195
2200
2183
2174
2180
2183
2182
2178
2180
2183
2170
2165
2168
2172
2174
2164
2156
2167
2171
2182
2182
2179
2166
2164
2170
2176
2170
2170
2185
2188
2208
2209
2188
2167
2154
2130
2122
2113
2118
2114
2106
2110
2110
2122
2130
2132
2114
2109
2105
2103
2101
2102
2113
2119
2122
2125
2127
2120
2102
2095
2102
2102
2117
2105
2080
2067
2044
2043
2036
2011
1996
1988
1991
1979
1984
1966
1963
1955
1946
1925
1913
1900
1906
1904
1921
1931
1947
1975
1998
2013
2033
2034
2043
2074
2071
2060
2056
2065
2059
2078
2083
2088
2078
2079
2070
2067
2075
2093
2100
2085
2084
2086
2105
2103
2113
2132
2144
2142
2145
2142
2157
2168
2154
2162
2169
2177
2163
2168
2176
2162
2153
2143
2133
2111
2092
2077
2043
2023
2000
1970
1952
1943
1938
1931
1931
1936
1935
1948
1969
1985
1992
2007
2027
2033
2031
2014
2018
2023
2024
2028
2038
2045
2060
2058
2043
2024
2013
1993
1967
1959
1935
1932
1943
1943
1941
1946
1952
1952
1952
1945
1954
1961
1971
1974
1981
1989
1991
1996
1988
1974
1980
1998
2011
2010
2009
2000
1992
1999
2012
2013
2025
2031
2020
2019
2013
2005
2011
2009
1998
1987
1970
1961
1960
1954
1932
1927
1939
1934
1945
1959
1989
2008
2018
2012
2004
1975
1940
1902
1879
1850
1807
1778
1761
1749
1740
1729
1721
1718
1701
1709
1699
1689
1697
1710
1732
1728
1722
1720
1712
1703
1685
1686
1683
1696
1711
1746
1758
1773
1787
1790
1780
1779
1780
1783
1785
1782
1778
1781
1790
1789
1798
1807
1830
1839
1835
1809
1779
1748
1732
1691
1651
1635
1639
1653
1657
1667
1680
1695
1722
1732
1725
1724
1724
1734
1737
1743
1743
1750
1753
1751
1750
1757
1752
1747
1732
1726
1740
1739
1759
1768
1775
1786
1786
1784
1775
1758
1749
1740
1738
1725
1723
1723
1735
1759
1786
1807
1810
1821
1855
1858
1849
1851
1855
1861
1863
1847
1820
1798
1771
1749
1712
1691
1667
1673
1682
1697
1713
1721
1745
1753
1750
1759
1768
1764
1744
1735
1722
1713
1704
1677
1683
1695
1679
1668
1671
1683
1683
1679
1669
1674
1664
1662
1657
1644
1632
1628
1623
5835
1792
1811
1935
1998
2080
2168
2237
2285
2311
2319
2311
2292
2258
2208
2163
2115
2073
2053
2057
2052
2061
2031
2024
2011
2013
2013
1993
1968
1935
1878
1843
1850
1894
1938
1989
2020
2052
2098
2149
2179
2229
2278
2331
2376
2394
2402
2390
2359
2318
2258
2188
2133
2072
2045
2041
2060
2112
2163
2208
2238
2237
2233
2217
2191
2128
2080
2043
2031
2005
1992
1998
2017
2018
2031
2043
2054
2040
2050
2058
2072
2099
2130
2157
2173
2181
2194
2201
2211
2216
2206
2206
2193
2189
2194
2209
2251
2288
2314
2328
2327
2319
2261
2216
2168
2130
2095
2090
2071
2037
1994
1991
1965
1956
1939
1958
1976
1999
2019
2051
2073
2077
2068
2052
2060
2073
2069
2076
2090
2095
2093
2087
2092
2084
2082
2076
2098
2120
2133
2129
2137
2131
2122
2091
2075
2057
2050
2039
2041
2040
2064
2078
2092
2097
2130
2157
2192
2196
2221
2208
2205
2199
2212
2231
2229
2236
2213
2179
2133
2092
2065
2069
2076
2115
2144
2202
2244
2283
2301
2302
2287
2283
2260
2240
2212
2208
2195
2212
2233
2230
2215
2217
2223
2228
2201
2169
2161
2175
2203
2225
2244
2246
2249
2249
2239
2194
2170
2141
2102
2083
2090
2106
2135
2154
2199
2225
2266
2298
2312
2296
2249
2174
2105
2058
2029
2055
2083
2123
2177
2225
2253
2293
2315
2326
2330
2334
2339
2355
2358
2368
2365
2368
2376
2407
2406
2412
2422
2427
2415
2398
2373
2359
2344
2322
2304
2303
2320
2343
2367
2368
2342
2300
2267
2249
2231
2217
2219
2235
2245
2250
2278
2319
2332
2328
2329
2352
2386
2397
2419
2428
2438
2469
2501
2514
2517
2487
2467
2426
2391
2348
2343
2346
2351
2350
2333
2304
2276
2223
2199
2192
2187
2192
2225
2241
2229
2214
2189
2162
2157
2162
2160
2179
2194
2229
2258
2287
2290
2269
2250
2255
2262
2294
2318
2346
2326
2296
2267
2242
2215
2179
2115
2065
2039
2014
2039
2073
2099
2109
2112
2082
2074
2065
2087
2115
2153
2184
2225
2259
2290
2304
2323
2338
2353
2372
2387
2413
2435
2458
2465
2460
2447
2412
2368
2309
2246
2186
2136
2112
2074
2062
2076
2127
2176
2206
2233
2278
2306
2329
2333
2328
2321
2318
2325
2339
2349
2363
2357
2340
2331
2341
2367
2364
2356
2332
2337
2340
2334
2317
2338
2357
2359
2362
2346
2322
2313
2291
2287
2301
2335
2362
2370
2362
2376
2384
2396
2389
2390
2370
2343
2285
2272
2259
2253
2255
2270
2253
2229
2219
2216
2216
2211
2228
2240
2277
2280
2294
2287
2284
2291
2314
2334
2367
2375
2386
2385
2384
2373
2361
2355
2322
2284
2230
2209
2208
2219
2235
2253
2241
2239
2231
2235
2207
2202
2188
2208
2215
2254
2277
2293
2318
2333
2350
2364
2379
2387
2383
2373
2357
2324
2289
2237
2202
2171
2147
2130
2122
2106
2088
2090
2118
2128
2122
2103
2085
2069
2040
2019
2013
2021
2043
2054
2060
2062
2076
2110
2136
2167
2186
2189
2188
2178
2180
2173
2161
2130
2102
2082
2058
2038
2041
2043
2039
2042
2031
2024
2011
2002
1972
1982
1996
2019
2037
2049
2070
2093
2096
2102
2104
2122
2133
2131
2132
2129
2120
2094
2072
2024
1967
1930
1890
1838
1804
1803
1824
1835
1853
1855
1870
1879
1895
1908
1922
1931
1954
1983
1977
1960
1952
1927
1905
1887
1852
1825
1803
1790
1785
1800
1839
1886
1930
1996
2045
2080
2057
2043
2016
1996
1962
1940
1918
1893
1866
1853
1829
1800
1769
1783
1772
1807
1814
1830
1826
1832
1819
1836
1851
1877
1891
1903
1930
1965
1995
1996
1979
1964
1993
2006
2009
1984
1940
1904
1857
1830
1824
1828
1844
1873
1936
1973
2009
2032
2046
2059
2028
1978
1863
1785
1693
1619
1571
1539
1515
1538
1593
1672
1761
1846
1893
1897
1844
1798
1733
1628
1523
1447
1411
1417
1458
1511
1580
1604
1610
1632
1674
1711
1749
1765
1767
1765
1765
1768
1762
1760
1764
1747
1747
1727
1727
1726
1713
1706
1700
1701
1716
1718
1694
1657
1653
1657
1653
1660
1688
1690
1688
1713
1729
1740
1715
1695
1637
1629
1629
1652
1668
1663
1596
1547
1505
1501
1486
1473
1465
1476
1497
1507
1506
1479
1456
1419
1383
1331
1337
1363
1395
1407
1446
1488
1527
1576
1629
1643
1640
1631
1611
1609
1610
1613
1615
1611
1576
1537
1495
1456
1405
1356
1318
1284
1289
1271
1251
1250
1257
1281
1322
1377
1474
1550
1605
1658
1687
1683
1668
1685
1730
1765
1788
1819
1840
1867
1888
1887
1857
1824
1797
1740
1690
1651
1647
1631
1589
1556
1523
1512
1532
1568
1625
1669
1713
1705
1701
1688
1650
1627
1583
1551
1530
1530
1547
1605
1644
1694
1734
1777
1807
1828
1845
1859
1875
1879
1846
1795
1742
1719
1704
1673
1649
1651
1678
1742
1838
1910
1951
1964
1984
2024
2052
2078
2128
2161
2194
2223
2242
2252
2270
2278
2256
2236
2209
2180
2166
2126
2083
2032
1968
1908
1879
1861
1813
1758
1736
1747
1760
1779
1762
1758
1734
1734
1727
1762
1787
1860
1902
1939
1933
1937
1930
1911
1880
1841
1808
1760
1734
1690
1655
1635
1670
1721
1787
1856
1916
1964
2005
2041
2102
2138
2180
2213
2242
2215
2214
2221
2206
2203
2208
2225
2239
2235
2225
2221
2211
2202
2201
2194
2201
2210
2232
2260
2289
2290
2295
2289
2289
2266
2264
2248
2253
2234
2203
2150
2111
2088
2072
2060
2065
2060
2054
2048
2016
1995
1967
1951
1935
1949
1943
1973
1990
2021
2041
2049
2061
2073
2105
2115
2098
2084
2085
2082
2066
2048
2046
2045
2050
2057
2056
2043
2049
2032
2025
2050
2092
2139
2150
2144
2157
2145
2153
2152
2135
2107
2092
2082
2071
2107
2150
2192
2240
2279
2325
2366
2391
2400
2394
2378
2340
2334
2338
2354
2326
2289
2237
2201
2163
2122
2043
1940
1793
1694
1637
1607
1624
1647
1699
1727
1766
1759
1757
1748
1745
1718
1697
1675
1643
1636
1637
1650
1667
1697
1743
1793
1851
1882
1915
1952
1987
2026
2078
2124
2175
2196
2223
2224
2218
2228
2230
2215
2173
2160
2129
2128
2117
2114
2104
2105
2078
2068
2054
2031
2011
1990
1984
1986
1995
1970
1955
1949
1975
2008
2038
2041
2049
2029
2005
1972
1958
1955
1948
1924
1893
1904
1935
1976
2020
2064
2079
2075
2060
2064
2063
2055
2029
2003
2005
2045
2103
2128
2141
2152
2168
2178
2192
2185
2164
2139
2136
2148
2136
2135
2117
2117
2111
2130
2152
2178
2205
2230
2242
2241
2237
2235
2266
2286
2324
2332
2337
2344
2352
2333
2327
2318
2318
2327
2353
2366
2348
2343
2313
2287
2255
2229
2227
2260
2299
2323
2330
2354
2380
2397
2391
2348
2287
2238
2170
2132
2098
2054
2013
1980
1960
1940
1935
1958
1998
2038
2095
2136
2168
2183
2167
2167
2164
2173
2171
2182
2207
2199
2204
2205
2242
2284
2312
2300
2295
2269
2253
2228
2231
2228
2235
2258
2292
2334
2344
2348
2336
2339
2342
2353
2350
2362
2338
2338
2325
2327
2306
2290
2240
2226
2201
2200
2200
2204
2198
2166
2118
2088
2071
2058
2058
2041
2035
2008
1970
1932
1889
1864
1856
1875
1929
1986
2031
2050
2071
2065
2054
2017
1945
1907
1882
1878
1886
1886
1884
1881
1867
1838
1820
1841
1880
1920
1932
1937
1945
1962
1957
1969
1986
2037
2064
2068
2052
2044
2007
1937
1840
1753
1690
1643
1624
1615
1665
1720
1787
1823
1860
1877
1946
2003
2068
2085
2062
2057
2054
2055
2036
1996
1906
1864
1843
1847
1826
1807
1790
1819
1906
1997
2076
2124
2141
2132
2096
2034
1987
1940
1904
1881
1882
1900
1933
1961
1989
1999
2007
2037
2077
2132
2158
2194
2200
2205
2187
2154
2126
2106
2074
2054
2038
2001
1972
1945
1933
1912
1893
1878
1845
1825
1802
1780
1759
1725
1700
1712
1711
1728
1754
1784
1825
1907
1999
2094
2178
2208
2228
2241
2243
2260
2244
2225
2173
2123
2074
2011
1971
1933
1919
1939
1960
1991
2041
2082
2104
2090
2091
2092
2095
2103
2114
2152
2188
2209
2196
2177
2134
2102
2077
2040
2027
2029
2047
2072
2079
2088
2104
2128
2149
2167
2194
2200
2232
2262
2286
2300
2300
2289
2292
2291
2250
2236
2188
2144
2067
1998
1923
1875
1836
1839
1837
1860
1889
1921
1910
1855
1800
1771
1757
1745
1755
1763
1780
1791
1840
1881
1930
1965
2004
2012
2016
2020
1992
1963
1914
1877
1838
1832
1845
1883
1934
1989
2022
2063
2076
2073
2038
1976
1941
1908
1888
1872
1855
1817
1803
1782
1773
1765
1762
1752
1725
1716
1679
1654
1593
1562
1545
1543
1547
1557
1581
1640
1736
1832
1928
1996
2056
2072
2081
2065
2044
2028
2017
2022
2035
2038
2052
2040
2075
2086
2095
2081
2062
2063
2061
2076
2066
2096
2117
2163
2199
2223
2206
2176
2126
2098
2061
2026
2000
2008
2025
2041
2042
2041
2048
2038
2024
1966
1903
1839
1753
1696
1685
1691
1727
1748
1799
1842
1932
1967
2000
2008
1990
1972
1955
1951
1962
1986
2009
2009
2013
2025
2039
2068
2083
2079
2072
2046
2013
1967
1922
1877
1827
1804
1769
1749
1772
1823
1879
1931
1948
1955
1983
2017
2033
2069
2090
2089
2080
2041
2004
1964
1942
1909
1873
1844
1841
1843
1870
1896
1938
1963
2004
1984
1954
1913
1852
1789
1719
1672
1634
1628
1643
1651
1619
1593
1559
1523
1457
1403
1365
1365
1378
1444
1535
1651
1778
1897
1992
2030
2060
2059
2054
2045
2049
2067
2080
2072
2071
2058
2046
2017
1988
1981
1991
2007
2022
2037
2048
2051
2034
2017
1952
1876
1808
1749
1713
1679
1645
1587
1527
1493
1518
1569
1659
1733
1802
1832
1867
1885
1891
1898
1890
1885
1878
1899
1911
1936
1934
1939
1885
1840
1800
1783
1763
1744
1759
1798
1842
1896
1941
1987
2043
2087
2131
2129
2138
2118
2092
2040
1977
1907
1832
1767
1740
1730
1714
1695
1702
1736
1792
1831
1873
1938
1993
2032
2027
2036
2028
2044
2029
2021
2016
2023
2021
2033
2038
2047
2071
2079
2087
2084
2091
2092
2092
2098
2101
2090
2060
2033
2006
1991
1973
1945
1941
1954
1960
1956
1947
1917
1911
1942
1958
1981
1994
2007
2039
2084
2142
2187
2222
2247
2266
2267
2261
2240
2209
2173
2130
2085
2053
2025
2030
2068
2117
2152
2167
2174
2168
2161
2141
2151
2134
2133
2131
2141
2139
2140
2154
2161
2170
2175
2165
2145
2147
2144
2177
2174
2196
2203
2223
2213
2206
2187
2156
2117
2084
2057
2055
2066
2099
2141
2208
2258
2271
2263
2246
2232
2191
2154
2092
2079
2063
2081
2091
2110
2126
2152
2175
2193
2208
2243
2269
2264
2225
2180
2140
2134
2139
2121
2125
2121
2148
2148
2172
2207
2221
2217
2196
2168
2142
2121
2081
2065
2064
2082
2106
2142
2166
2195
2236
2256
2290
2338
2375
2399
2426
2443
2454
2457
2448
2455
2468
2473
2462
2458
2430
2401
2368
2324
2281
2259
2258
2245
2219
2200
2185
2185
2166
2148
2100
2045
1986
1925
1843
1792
1792
1845
1919
1988
2081
2110
2120
2103
2082
2046
2057
2068
2074
2081
2097
2120
2152
2157
2153
2151
2151
2129
2087
2068
2034
2015
1993
2004
2009
1994
1941
1901
1847
1839
1830
1829
1842
1862
1879
1899
1923
1981
2030
2086
2134
2166
2174
2170
2179
2177
2177
2178
2218
2247
2260
2255
2256
2250
2231
2183
2143
2127
2119
2143
2165
2176
2186
2181
2188
2195
2208
2248
2272
2279
2278
2266
2263
2254
2260
2256
2246
2227
2228
2230
2237
2250
2260
2278
2309
2334
2347
2330
2268
2226
2199
2174
2156
2142
2137
2128
2118
2135
2158
2190
2210
2230
2252
2282
2308
2356
2388
2409
2421
2407
2378
2344
2362
2372
2388
2407
2402
2402
2376
2328
2260
2223
2203
2202
2223
2218
2204
2181
2169
2166
2165
2174
2199
2226
2234
2262
2282
2296
2291
2249
2214
2185
2120
2076
2061
2051
2069
2076
2095
2124
2160
2200
2211
2186
2186
2207
2259
2269
2291
2276
2282
2260
2238
2218
2210
2230
2261
2287
2312
2334
2331
2336
2292
2231
2140
2052
1942
1883
1827
1820
1827
1855
1863
1876
1843
1820
1790
1763
1726
1713
1734
1780
1834
1871
1888
1879
1886
1842
1772
1671
1577
1530
1530
1521
1521
1546
1613
1672
1787
1879
1953
2036
2111
2170
2201
2210
2185
2160
2076
1994
1923
1857
1793
1735
1654
1599
1569
1580
1602
1616
1624
1631
1691
1769
1828
1865
1894
1929
1955
1958
1985
1967
1949
1920
1900
1855
1789
1717
1626
1583
1576
1573
1541
1528
1503
1471
1436
1417
1391
1386
1381
1386
1417
1454
1525
1586
1643
1719
1765
1809
1805
1773
1715
1662
1634
1618
1607
1583
1550
1513
1539
1584
1651
1709
1765
1831
1895
1937
1968
1972
1955
1977
1992
2034
2037
2016
1986
1982
1985
2007
2015
2020
2013
2009
1976
1939
1879
1836
1803
1783
1786
1775
1787
1767
1747
1724
1675
1625
1600
1568
1549
1572
1603
1631
1654
1646
1625
1614
1599
1605
1637
1702
1784
1884
1961
2038
2105
2106
2097
2108
2096
2068
2014
1960
1879
1815
1759
1721
1707
1720
1766
1803
1848
1865
1897
1905
1911
1901
1924
1918
1925
1905
1875
1838
1823
1807
1809
1806
1831
1842
1873
1926
2000
2058
2100
2145
2168
2165
2152
2154
2129
2120
2114
2125
2133
2159
2160
2161
2128
2099
2077
2079
2121
2153
2186
2225
2261
2288
2304
2272
2247
2212
2200
2188
2192
2212
2226
2228
2263
2285
2282
2268
2251
2205
2135
2045
1959
1900
1869
1847
1833
1831
1837
1845
1861
1877
1856
1848
1838
1836
1831
1847
1846
1838
1793
1759
1766
1783
1779
1758
1717
1695
1697
1686
1705
1707
1714
1707
1754
1771
1800
1825
1831
1826
1820
1802
1777
1755
1719
1691
1680
1699
1740
1793
1839
1892
1927
1987
2047
2095
2108
2092
1980
1872
1790
1724
1687
1657
1663
1679
1735
1805
1880
1944
1994
2030
2072
2100
2095
2063
2018
1957
1899
1858
1828
1827
1852
1892
1940
2006
2072
2124
2156
2179
2154
2121
2073
2022
1991
1973
1970
1963
1979
1990
2012
2039
2098
2137
2160
2195
2238
2276
2310
2336
2345
2341
2324
2287
2252
2204
2163
2139
2139
2123
2126
2117
2127
2157
2198
2228
2274
2321
2344
2375
2400
2416
2432
2454
2474
2479
2474
2452
2414
2358
2284
2213
2155
2098
2067
2056
2067
2073
2097
2137
2179
2213
2245
2249
2239
2210
2176
2141
2110
2078
2026
2000
1991
2024
2062
2102
2120
2134
2112
2086
2058
2032
2017
2029
2050
2061
2077
2085
2104
2120
2148
2169
2212
2261
2303
2322
2319
2299
2277
2251
2224
2178
2157
2149
2134
2118
2127
2144
2172
2207
2227
2251
2274
2286
2279
2277
2275
2279
2257
2254
2261
2306
2317
2351
2375
2390
2400
2420
2418
2402
2363
2318
2275
2192
2111
2025
1938
1873
1830
1800
1825
1850
1889
1937
2010
2074
2127
2145
2148
2147
2165
2152
2114
2083
2072
2087
2095
2123
2140
2153
2139
2158
2136
2139
2102
2080
2046
2026
1988
1969
1970
1964
1972
1978
1969
1961
1955
1946
1966
1988
2032
2049
2079
2100
2122
2143
2194
2202
2215
2215
2210
2189
2166
2132
2075
2005
1941
1880
1842
1826
1832
1857
1924
1992
2048
2098
2102
2096
2090
2095
2107
2133
2124
2130
2120
2150
2166
2170
2165
2168
2173
2158
2146
2156
2191
2216
2236
2223
2211
2180
2131
2077
2054
2040
2052
2067
2105
2135
2173
2190
2240
2281
2338
2376
2374
2381
2410
2435
2442
2434
2406
2388
2355
2348
2336
2341
2362
2368
2354
2339
2317
2295
2240
2191
2144
2082
2007
1935
1882
1853
1833
1833
1833
1831
1846
1890
1972
2041
2096
2122
2168
2168
2167
2177
2198
2184
2158
2084
2014
1957
1909
1891
1906
1932
1944
1941
1965
2001
2023
2037
2022
2001
1979
1980
2003
2040
2045
2054
2040
2044
2047
2066
2095
2123
2127
2132
2140
2132
2095
2055
2032
2025
2032
2033
2061
2075
2075
2087
2111
2104
2061
2034
1993
1957
1932
1918
1884
1897
1917
1948
1994
2048
2075
2086
2084
2089
2083
2068
2046
2020
2001
1990
1997
2035
2057
2028
2000
1972
1961
1929
1862
1763
1675
1613
1598
1601
1619
1618
1609
1587
1565
1561
1567
1555
1553
1553
1577
1636
1714
1793
1851
1898
1928
1977
2005
2006
1975
1947
1934
1935
1964
2008
2048
2068
2058
2027
2025
2029
2057
2087
2098
2106
2122
2124
2142
2139
2148
2148
2177
2188
2187
2182
2168
2142
2115
2054
1957
1878
1835
1801
1766
1737
1721
1740
1777
1834
1891
1957
1977
1986
1967
1940
1910
1885
1839
1791
1748
1743
1763
1807
1870
1911
1922
1914
1873
1802
1752
1686
1668
1656
1685
1736
1826
1890
1940
1966
2033
2034
2020
2001
1983
1939
1887
1870
1846
1833
1800
1765
1721
1727
1751
1775
1807
1831
1849
1867
1877
1877
1869
1881
1895
1907
1927
1941
1935
1917
1880
1847
1831
1821
1822
1823
1842
1870
1920
1921
1921
1880
1846
1806
1793
1766
1768
1787
1816
1829
1802
1766
1742
1741
1754
1792
1832
1862
1867
1905
1940
1978
1997
1998
1932
1853
1773
1739
1712
1713
1731
1766
1792
1849
1912
1991
2062
2091
2115
2138
2173
2175
2195
2200
2200
2174
2149
2104
2058
2026
2025
2006
2001
1996
2018
2069
2128
2171
2181
2158
2129
2085
2024
1983
1928
1909
1924
1946
1948
1953
1956
1951
1939
1960
1947
1974
1980
1997
1984
1979
1963
1959
1982
1986
1996
2001
1991
1987
2003
1993
1993
2008
2023
2038
2048
2048
2077
2064
2039
2031
2037
2037
2025
1997
1970
1974
1979
1987
1982
1980
2001
2043
2066
2080
2071
2033
2014
2003
2007
2016
2015
2013
1994
1963
1919
1877
1838
1805
1760
1750
1757
1800
1869
1940
2014
2077
2116
2127
2135
2119
2110
2096
2104
2107
2121
2112
2101
2100
2094
2093
2100
2105
2121
2148
2173
2198
2215
2196
2171
2108
2043
1984
1934
1900
1905
1948
2005
2052
2118
2169
2211
2262
2292
2311
2332
2333
2331
2343
2350
2362
2358
2348
2338
2314
2276
2234
2175
2122
2079
2016
1908
1813
1696
1658
1659
1686
1697
1713
1718
1723
1752
1771
1783
1797
1828
1867
1914
1960
2011
2020
2022
2026
2030
2035
2027
2030
2045
2056
2058
2081
2107
2131
2155
2170
2193
2208
2207
2204
2171
2146
2113
2119
2136
2177
2189
2175
2169
2155
2164
2169
2157
2123
2097
2076
2067
2075
2122
2172
2230
2252
2294
2333
2390
2449
2474
2481
2495
2505
2481
2438
2370
2284
2192
2111
2049
2040
2035
2044
2061
2068
2051
2082
2110
2114
2086
2059
2036
2014
1990
1955
1910
1899
1857
1817
1793
1781
1768
1736
1705
1705
1747
1786
1841
1895
1980
2060
2153
2170
2178
2184
2188
2165
2155
2127
2156
2176
2210
2262
2330
2387
2410
2425
2391
2363
2335
2304
2290
2295
2281
2302
2279
2283
2256
2256
2245
2234
2220
2232
2237
2270
2308
2355
2393
2428
2453
2440
2414
2378
2364
2350
2348
2344
2362
2368
2377
2392
2401
2390
2383
2359
2340
2328
2330
2325
2340
2352
2357
2378
2398
2413
2450
2472
2506
2518
2512
2491
2465
2452
2428
2414
2417
2416
2410
2416
2445
2452
2472
2480
2477
2462
2445
2428
2421
2415
2437
2418
2379
2333
2303
2299
2301
2298
2296
2299
2310
2332
2341
2363
2395
2415
2420
2435
2444
2440
2441
2464
2495
2515
2519
2504
2506
2502
2484
2460
2419
2360
2327
2295
2280
2269
2265
2257
2275
2285
2346
2356
2345
2324
2285
2271
2254
2247
2233
2228
2220
2236
2244
2250
2229
2221
2203
2199
2212
2208
2196
2192
2182
2161
2141
2121
2133
2155
2176
2212
2253
2282
2311
2325
2346
2344
2358
2353
2370
2384
2415
2433
2448
2460
2450
2437
2413
2397
2382
2394
2404
2406
2394
2387
2380
2393
2410
2418
2405
2389
2371
2368
2381
2395
2393
2402
2417
2414
2417
2419
2428
2428
2448
2463
2471
2457
2454
2434
2429
2395
2380
2376
2384
2391
2406
2404
2386
2363
2336
2311
2269
2221
2177
2154
2131
2117
2098
2107
2112
2134
2160
2214
2260
2314
2364
2396
2413
2443
2475
2499
2519
2516
2491
2451
2419
2383
2346
2323
2315
2302
2295
2298
2330
2354
2366
2378
2400
2395
2391
2380
2367
2357
2349
2312
2277
2254
2250
2235
2227
2216
2187
2143
2121
2113
2093
2091
2090
2091
2103
2112
2140
2182
2229
2253
2276
2269
2262
2257
2235
2219
2186
2167
2151
2129
2119
2102
2068
2036
2018
2036
2030
2000
1975
1982
1996
2027
2059
2080
2088
2113
2151
2191
2223
2243
2252
2234
2227
2200
2183
2148
2129
2102
2095
2091
2106
2129
2140
2144
2151
2139
2125
2113
2076
2058
2042
2076
2112
2163
2183
2181
2126
2093
2038
2013
1995
1993
1975
1984
1990
2008
2026
2047
2023
2023
2009
1982
1949
1904
1880
1856
1886
1921
2001
2036
2079
2098
2118
2120
2110
2079
2046
2016
2000
2005
2006
2021
2039
2032
2004
2003
1981
1977
1975
1979
1987
2011
2023
2043
2068
2130
2200
2262
2289
2301
2309
2294
2291
2270
2239
2184
2130
2098
2067
2050
2045
2015
2016
2015
2030
2070
2122
2133
2138
2158
2172
2156
2133
2122
2079
2053
2007
1947
1879
1821
1789
1760
1792
1857
1911
1978
2041
2117
2192
2254
2287
2291
2264
2238
2214
2185
2150
2116
2094
2080
2036
1985
1934
1910
1889
1869
1861
1840
1822
1811
1814
1839
1871
1900
1924
1955
1995
2012
2013
2004
1984
1967
1975
1948
1946
1940
1959
1971
1986
2001
2024
2033
2055
2106
2144
2152
2147
2110
2044
2028
1980
1951
1918
1922
1912
1942
1991
2047
2084
2143
2191
2217
2237
2256
2243
2227
2229
2214
2190
2155
2126
2096
2078
2065
2082
2109
2150
2183
2213
2198
2173
2137
2095
2041
2008
1978
1971
1955
1931
1933
1932
1957
1994
2061
2105
2144
2126
2089
2032
1988
1947
1923
1903
1863
1821
1821
1861
1941
2020
2078
2112
2135
2164
2193
2208
2213
2222
2220
2195
2147
2063
2023
1981
1951
1930
1926
1937
1942
1914
1848
1774
1695
1627
1587
1590
1610
1653
1668
1681
1707
1749
1773
1792
1807
1841
1839
1854
1870
1890
1896
1906
1894
1864
1817
1790
1766
1737
1720
1705
1707
1710
1724
1733
1779
1820
1871
1914
1947
1992
2024
2024
2032
2050
2041
2030
2022
1988
1929
1881
1826
1793
1789
1799
1812
1845
1867
1902
1901
1880
1835
1777
1712
1644
1609
1596
1590
1607
1643
1673
1746
1824
1908
1871
1846
1833
1816
1813
1779
1747
1700
1672
1623
1615
1613
1648
1697
1801
1845
1875
1883
1885
1899
1912
1898
1890
1921
1950
2014
2064
2111
2129
2153
2139
2131
2110
2114
2127
2133
2103
2087
2051
2013
1992
1993
2034
2094
2126
2133
2125
2105
2095
2067
2041
1981
1908
1884
1898
1929
1978
2001
2020
2021
2024
2031
2050
2081
2116
2140
2146
2148
2153
2166
2186
2199
2201
2201
2228
2248
2263
2254
2248
2233
2202
2168
2135
2123
2102
2108
2118
2136
2142
2186
2215
2222
2223
2248
2231
2215
2151
2111
2059
2026
1994
1987
1987
2018
2041
2069
2110
2147
2185
2209
2202
2180
2148
2112
2113
2100
2092
2080
2095
2094
2087
2092
2110
2129
2140
2137
2148
2144
2137
2138
2123
2115
2086
2056
2020
2014
2022
2039
2027
2058
2079
2096
2082
2057
2017
1990
1969
1963
1974
1996
2020
2028
2073
2139
2208
2239
2256
2251
2243
2235
2234
2236
2230
2223
2210
2187
2163
2173
2180
2211
2227
2255
2283
2289
2283
2266
2237
2172
2139
2110
2100
2078
2067
2049
2059
2060
2069
2091
2105
2105
2114
2142
2160
2202
2207
2191
2174
2165
2147
2105
2070
2058
2027
2016
2014
2014
2009
2006
2019
2037
2047
2053
2049
2055
2024
2007
2031
2034
2047
2058
2089
2109
2150
2171
2195
2190
2154
2096
2030
1952
1843
1762
1711
1686
1659
1632
1649
1695
1743
1800
1846
1914
1952
2002
2048
2091
2126
2156
2183
2214
2216
2211
2192
2152
2114
2081
2049
1984
1917
1837
1751
1652
1568
1507
1490
1487
1549
1628
1699
1748
1775
1774
1760
1737
1710
1715
1748
1827
1905
1934
1935
1941
1946
1958
1977
1977
1967
1984
2018
2032
2028
2035
2035
2038
2046
2041
2064
2095
2120
2125
2143
2164
2159
2149
2134
2141
2167
2210
2247
2286
2301
2322
2334
2340
2320
2291
2252
2199
2128
2065
2009
1960
1947
1958
2012
2091
2175
2209
2212
2205
2208
2194
2170
2165
2157
2181
2190
2191
2180
2149
2081
2052
2017
2012
1999
2020
2024
2051
2071
2088
2068
2057
2051
2054
2050
2055
2074
2106
2136
2142
2148
2141
2159
2159
2182
2184
2210
2198
2187
2180
2183
2172
2180
2188
2179
2154
2110
2074
2065
2079
2099
2118
2151
2173
2178
2183
2194
2175
2130
2071
2001
1938
1861
1801
1760
1758
1791
1851
1964
2037
2084
2073
2054
2009
1976
1960
1956
1976
1980
1988
1995
1995
1985
1964
1933
1923
1912
1908
1895
1916
1939
1983
2047
2090
2130
2172
2194
2207
2190
2181
2187
2207
2226
2239
2255
2258
2246
2236
2225
2192
2138
2093
2043
2024
2011
1997
1968
1941
1895
1835
1788
1771
1786
1831
1871
1914
1906
1880
1830
1802
1767
1737
1732
1734
1734
1709
1693
1709
1743
1787
1831
1828
1828
1799
1791
1806
1849
1901
1960
2000
2017
2016
1995
1964
1936
1947
1950
1956
1929
1944
1960
1992
1998
2006
2002
2010
2014
2024
2043
2068
2057
2062
2051
2027
2008
1985
1971
1940
1921
1886
1861
1850
1853
1864
1879
1904
1909
1914
1944
1944
1932
1888
1865
1843
1798
1763
1740
1767
1810
1877
1926
1953
1927
1861
1787
1733
1697
1647
1587
1564
1578
1615
1684
1729
1774
1811
1839
1850
1864
1881
1869
1863
1846
1848
1843
1852
1859
1886
1903
1909
1898
1918
1947
1988
2009
2038
2047
2023
2011
1988
1949
1921
1905
1909
1927
1925
1937
1909
1892
1865
1845
1791
1745
1742
1750
1768
1793
1831
1858
1845
1845
1860
1870
1905
1941
1980
1998
2037
2051
2061
2041
2043
2033
2033
2017
2008
1992
2007
2023
2027
2015
1993
1954
1870
1796
1747
1718
1689
1685
1689
1713
1725
1753
1794
1831
1871
1894
1916
1931
1939
1980
1994
2000
1986
1956
1894
1838
1834
1842
1857
1859
1860
1869
1866
1868
1872
1876
1880
1899
1916
1907
1912
1919
1946
1999
2023
2035
2033
2017
2009
2010
2037
2072
2108
2123
2163
2193
2209
2199
2190
2197
2199
2195
2197
2189
2178
2184
2201
2221
2218
2204
2174
2152
2117
2089
2075
2075
2062
2035
2000
1922
1839
1779
1725
1688
1710
1722
1734
1745
1741
1727
1747
1787
1821
1823
1855
1858
1884
1888
1904
1889
1871
1884
1871
1867
1862
1854
1841
1826
1800
1816
1796
1805
1815
1881
1943
2027
2088
2151
2181
2216
2243
2284
2306
2327
2364
2397
2411
2392
2371
2352
2326
2296
2266
2236
2216
2163
2099
2030
1983
1977
1987
2010
2050
2083
2112
2134
2146
2139
2099
2064
2038
2009
1998
2002
2016
2020
2043
2051
2062
2066
2064
2056
2036
2025
2027
2036
2044
2068
2107
2141
2146
2157
2155
2167
2156
2161
2108
2065
1994
1926
1901
1882
1867
1880
1902
1924
1932
1925
1900
1866
1835
1809
1816
1810
1813
1781
1793
1808
1861
1913
1974
2030
2078
2123
2154
2194
2221
2256
2251
2261
2276
2304
2323
2374
2379
2386
2377
2345
2298
2252
2221
2198
2183
2183
2169
2161
2142
2155
2199
2210
2210
2175
2165
2122
2089
2082
2093
2131
2182
2226
2293
2331
2371
2377
2353
2283
2228
2201
2187
2166
2155
2159
2169
2200
2209
2235
2270
2308
2334
2352
2365
2372
2375
2377
2378
2386
2384
2386
2364
2320
2250
2159
2063
1981
1920
1874
1853
1844
1851
1877
1921
1966
2016
2118
2214
2295
2351
2385
2392
2392
2404
2425
2434
2426
2395
2365
2352
2331
2320
2275
2251
2211
2194
2185
2207
2215
2221
2225
2226
2234
2259
2275
2297
2311
2331
2336
2274
2212
2150
2113
2053
2030
1990
1958
1942
1935
1926
1924
1905
1904
1912
1973
2044
2106
2148
2176
2198
2223
2249
2243
2248
2258
2296
2331
2369
2353
2344
2345
2330
2335
2339
2343
2343
2320
2285
2260
2236
2221
2219
2235
2261
2293
2327
2372
2397
2410
2403
2384
2347
2311
2257
2232
2214
2171
2127
2089
2065
2067
2080
2041
2012
1979
1957
1941
1962
1995
2029
2093
2156
2199
2219
2228
2229
2242
2265
2304
2322
2340
2363
2385
2407
2412
2410
2377
2331
2296
2261
2224
2191
2187
2181
2195
2206
2191
2186
2159
2141
2113
2092
2078
2075
2071
2065
2065
2045
2053
2060
2091
2108
2148
2199
2256
2293
2326
2353
2381
2387
2397
2420
2422
2432
2424
2411
2381
2347
2309
2282
2245
2214
2197
2193
2213
2269
2313
2341
2372
2416
2442
2448
2449
2439
2444
2448
2452
2457
2471
2463
2493
2479
2483
2479
2491
2479
2470
2454
2445
2445
2442
2459
2466
2483
2507
2508
2504
2500
2505
2518
2522
2525
2523
2537
2530
2536
2511
2490
2478
2468
2468
2445
2430
2436
2431
2411
2396
2362
2350
2353
2371
2393
2423
2444
2467
2476
2474
2470
2464
2475
2498
2520
2530
2529
2541
2527
2532
2528
2539
2521
2501
2464
2440
2415
2386
2389
2374
2332
2310
2294
2301
2288
2274
2266
2257
2247
2245
2247
2252
2258
2273
2279
2275
2308
2338
2386
2398
2394
2393
2378
2350
2336
2326
2319
2294
2300
2307
2304
2294
2283
2285
2290
2290
2305
2345
2351
2377
2374
2382
2381
2404
2401
2387
2356
2356
2373
2405
2405
2403
2396
2382
2364
2334
2310
2288
2273
2268
2265
2253
2277
2299
2343
2357
2375
2383
2398
2387
2362
2319
2272
2224
2176
2128
2079
2035
2022
2019
2051
2071
2064
2073
2085
2137
2167
2198
2232
2274
2288
2298
2276
2257
2243
2228
2250
2270
2286
2289
2267
2260
2263
2253
2229
2191
2156
2150
2126
2087
2060
2046
2046
2083
2110
2154
2162
2178
2187
2196
2222
2204
2197
2182
2170
2195
2218
2234
2225
2209
2211
2205
2222
2233
2223
2220
2224
2232
2253
2278
2304
2330
2338
2350
2357
2375
2398
2411
2400
2403
2362
2332
2284
2252
2227
2210
2217
2220
2218
2199
2203
2199
2191
2184
2186
2176
2161
2139
2128
2119
2134
2137
2148
2151
2143
2135
2122
2118
2115
2125
2163
2207
2235
2272
2275
2297
2299
2305
2287
2291
2275
2268
2259
2261
2254
2271
2308
2348
2379
2399
2398
2379
2380
2380
2391
2386
2387
2363
2364
2332
2317
2280
2265
2259
2271
2289
2316
2313
2288
2241
2208
2182
2185
2178
2173
2162
2178
2209
2237
2277
2292
2304
2304
2310
2287
2255
2238
2247
2255
2258
2265
2269
2268
2285
2306
2336
2364
2374
2389
2384
2379
2361
2345
2317
2301
2290
2277
2275
2284
2264
2234
2212
2188
2179
2176
2166
2179
2177
2158
2145
2177
2199
2221
2252
2286
2323
2355
2351
2340
2322
2308
2304
2317
2342
2374
2386
2365
2332
2305
2329
2334
2325
2290
2270
2259
2231
2185
2136
2059
2025
2013
2018
2021
2046
2077
2118
2127
2163
2190
2214
2228
2232
2346
2340
2321
2324
2326
2329
2328
2327
2324
2347
2340
2333
2317
2322
2318
2320
2314
2328
2315
2327
2329
2344
2356
2372
2384
2385
2401
2410
2412
2389
2381
2352
2322
2308
2312
2309
2326
2322
2331
2333
2333
2352
2379
2404
2442
2479
2494
2513
2504
2496
2484
2449
2418
2401
2411
2420
2423
2424
2430
2444
2463
2474
2474
2473
2483
2488
2493
2488
2467
2467
2446
2436
2417
2401
2390
2377
2376
2348
2334
2328
2314
2335
2350
2380
2365
2380
2366
2347
2343
2330
2328
2328
2339
2364
2381
2386
2404
2414
2411
2402
2388
2379
2369
2374
2383
2386
2402
2437
2462
2480
2480
2488
2484
2502
2517
2526
2523
2514
2504
2513
2493
2485
2459
2449
2447
2471
2464
2446
2421
2410
2384
2370
2372
2360
2348
2340
2351
2348
2386
2397
2414
2415
2422
2414
2425
2409
2406
2402
2408
2400
2394
2384
2367
2361
2343
2336
2315
2343
2329
2327
2311
2315
2323
2342
2341
2338
2324
2319
2294
2307
2310
2316
2328
2348
2351
2343
2329
2306
2293
2288
2292
2294
2328
2335
2374
2395
2406
2406
2423
2409
2403
2375
2351
2319
2280
2249
2234
2207
2197
2205
2204
2196
2180
2178
2184
2198
2193
2176
2164
2170
2184
2187
2175
2188
2205
2218
2222
2223
2213
2211
2217
2224
2234
2251
2279
2301
2310
2306
2290
2249
2198
2155
2112
2073
2040
2049
2062
2083
2089
2102
2117
2111
2102
2092
2101
2089
2078
2074
2093
2111
2147
2158
2164
2142
2118
2087
2064
2063
2073
2085
2084
2031
1990
1941
1906
1878
1841
1807
1758
1754
1759
1770
1740
1707
1671
1665
1639
1638
1611
1616
1639
1702
1779
1871
1962
2045
2087
2102
2107
2120
2147
2154
2153
2141
2147
2139
2144
2135
2131
2107
2101
2104
2121
2125
2150
2158
2181
2173
2177
2219
2224
2241
2226
2224
2235
2254
2268
2316
2317
2332
2342
2363
2346
2319
2281
2234
2213
2186
2139
2098
2057
2006
1963
1927
1876
1804
1736
1693
1667
1659
1673
1690
1716
1760
1815
1871
1928
1976
1987
1987
1998
1996
2004
1993
1993
1978
1987
2010
2042
2051
2019
1993
1972
1933
1886
1843
1817
1783
1763
1775
1786
1772
1770
1795
1804
1820
1825
1838
1840
1851
1874
1905
1925
1953
1941
1924
1921
1924
1958
1987
2003
1995
1988
1963
1952
1957
1977
2015
2018
2019
1999
1983
1968
1969
1963
1929
1876
1813
1782
1779
1764
1745
1731
1763
1793
1841
1905
1959
1983
2026
2009
1955
1871
1784
1679
1569
1457
1359
1289
1248
1247
1263
1259
1235
1194
1183
1183
1200
1235
1281
1335
1373
1383
1364
1345
1318
1313
1299
1325
1344
1389
1444
1511
1557
1578
1611
1619
1620
1587
1593
1589
1583
1592
1598
1613
1653
1672
1699
1705
1744
1737
1679
1593
1512
1427
1357
1255
1159
1121
1144
1199
1267
1332
1371
1423
1449
1483
1498
1519
1520
1525
1527
1527
1515
1527
1550
1579
1589
1567
1528
1500
1498
1517
1546
1571
1605
1635
1681
1709
1700
1655
1594
1547
1515
1484
1471
1469
1487
1525
1570
1604
1640
1693
1742
1779
1801
1803
1800
1813
1798
1792
1783
1744
1659
1580
1487
1398
1313
1258
1245
1272
1309
1346
1408
1480
1539
1583
1600
1617
1593
1569
1526
1504
1469
1423
1369
1353
1357
1368
1377
1389
1384
1409
1399
1377
1333
1323
1322
1323
1320
1299
1255
1217
1205
47.13134766
1.662084937
999
