5835
2114
2055
2078
2110
2115
2103
2085
2111
2117
2118
2084
2098
2097
2130
2080
2100
2064
2121
2069
2106
2065
2110
2085
2129
2089
2122
2115
2165
2140
2146
2118
2150
2123
2117
2115
2105
2134
2127
2141
2118
2145
2139
2157
2097
2123
2068
2128
2052
2110
2052
2122
2079
2130
2073
2112
2084
2128
2074
2103
2078
2116
2103
2099
2085
2101
2120
2126
2143
2108
2144
2142
2173
2126
2145
2111
2196
2128
2173
2113
2200
2157
2207
2144
2180
2155
2201
2136
2167
2124
2179
2151
2142
2131
2147
2161
2154
2145
2141
2154
2152
2179
2120
2147
2131
2183
2127
2181
2121
2185
2140
2175
2111
2166
2146
2179
2137
2147
2128
2165
2135
2142
2125
2131
2162
2157
2152
2135
2157
2162
2164
2140
2166
2158
2208
2171
2202
2174
2211
2156
2161
2079
2078
2034
2053
2010
2014
1996
2031
2055
2056
2061
2079
2104
2113
2123
2090
2114
2105
2112
2055
2080
2060
2095
2070
2095
2068
2119
2107
2127
2097
2110
2113
2122
2086
2078
2092
2107
2088
2077
2076
2070
2126
2098
2112
2076
2131
2088
2113
2044
2059
2022
2066
2001
2022
1980
2040
2028
2046
2015
2055
2037
2047
2042
2031
2051
2063
2086
2043
2063
2064
2124
2082
2118
2060
2145
2116
2150
2089
2136
2090
2121
2079
2077
2037
2060
2047
2033
2046
2020
2054
2047
2067
2011
2032
1983
2038
1970
2019
1947
1995
1930
1965
1915
1964
1933
1981
1938
1969
1940
1988
1975
1985
2003
1986
2021
2018
2038
2005
2064
2024
2094
2031
2078
2026
2103
2059
2106
2041
2091
2062
2121
2072
2093
2081
2093
2111
2078
2072
2027
2067
2046
2066
2026
2069
2042
2105
2062
2111
2081
2167
2122
2157
2114
2175
2159
2187
2140
2151
2127
2135
2112
2092
2081
2092
2095
2076
2092
2035
2098
2076
2111
2083
2142
2141
2201
2158
2175
2145
2199
2162
2187
2142
2174
2188
2197
2177
2174
2200
2205
2207
2186
2214
2177
2230
2196
2211
2174
2206
2182
2219
2212
2223
2190
2216
2228
2219
2231
2209
2234
2221
2248
2211
2233
2220
2275
2249
2261
2231
2276
2258
2281
2252
2261
2266
2251
2257
2237
2253
2251
2293
2251
2283
2234
2277
2244
2269
2223
2264
2232
2270
2237
2254
2228
2286
2255
2261
2232
2226
2249
2256
2250
2219
2226
2214
2221
2159
2201
2161
2231
2168
2213
2158
2213
2195
2228
2182
2199
2180
2238
2191
2201
2186
2213
2218
2209
2201
2202
2243
2202
2251
2197
2244
2201
2272
2194
2233
2190
2249
2224
2254
2179
2215
2188
2222
2184
2182
2163
2175
2193
2185
2185
2216
2150
2168
2168
2173
2176
2174
2154
2149
2157
2137
2186
2134
2181
2135
2196
2153
2202
2154
2207
2162
2207
2143
2195
2171
2220
2191
2206
2162
2194
2176
2177
2151
2116
2132
2114
2133
2095
2121
2105
2147
2101
2138
2109
2169
2143
2158
2107
2146
2127
2174
2148
2150
2127
2156
2154
2144
2152
2109
2146
2144
2162
2109
2128
2103
2119
2066
2061
1997
2049
2023
2032
1986
1989
1992
1992
1987
1982
2022
2038
2050
2031
2062
2040
2103
2087
2097
2063
2114
2107
2157
2104
2130
2096
2123
2076
2076
2052
2043
2045
2025
2035
2021
2046
2044
2059
2038
2065
2042
2085
2043
2065
2009
2057
2036
2055
2011
2034
2023
2061
2028
2053
2039
2040
2038
2016
2000
2013
2043
2027
2051
2011
2045
2024
2067
2019
2050
2000
2053
2028
2067
2030
2089
2068
2097
2058
2063
2055
2090
2076
2066
2046
2064
2085
2047
2070
2027
2087
2069
2105
2063
2113
2060
2121
2038
2063
1985
2053
1998
2019
1978
1970
1963
1989
1955
1944
1937
1933
1987
1957
1984
1949
2003
1967
1997
1967
2015
1975
2038
1967
1998
1947
2012
1996
2007
1978
1995
2003
2002
1985
1991
1986
1969
1995
1917
1936
1893
1942
1883
1915
1851
1895
1860
1890
1830
1866
1830
1861
1829
1833
1797
1818
1817
1834
1814
1802
1803
1786
1825
1795
1811
1788
1830
1817
1843
1819
1882
1875
1921
1884
1919
1898
1927
1919
1921
1931
1940
1958
1955
1962
1929
1977
1966
1999
1963
1991
1976
2018
2020
2043
2006
2056
2067
2059
2013
1995
2001
1995
2000
1972
1974
1957
1982
1917
1931
1856
1878
1846
1873
1835
1880
1861
1893
1907
1899
1875
1883
1911
1910
1926
1863
1898
1898
1948
1886
1907
1880
1926
1901
1926
1867
1892
1880
1923
1904
1921
1940
1937
1976
1945
1960
1937
1978
1941
1971
1887
1911
1852
1881
1803
1843
1804
1835
1839
1838
1845
1851
1866
1872
1902
1853
1881
1848
1910
1845
1888
1838
1923
1890
1925
1868
1901
1877
1932
1908
1927
1934
1907
1927
1907
1922
1892
1929
1884
1961
1903
1946
1901
1974
1930
1962
1909
1914
1888
1908
1864
1858
1828
1855
1867
1842
1867
1814
1859
1835
1880
1823
1899
1867
1963
1936
1992
1940
2016
1981
2010
2003
1983
1984
1977
1967
1937
1911
1848
1901
1843
1858
1771
1837
1815
1864
1841
1846
1798
1836
1805
1817
1779
1800
1789
1770
1780
1747
1792
1799
1827
1803
1871
1835
1903
1871
1912
1875
1935
1920
1951
1932
1932
1929
1963
1978
1971
1975
1947
1979
1943
1966
1922
1955
1916
1927
1871
1863
1810
1839
1840
1859
1855
1893
1923
1935
1946
1930
1929
1929
1963
1942
1988
1945
1969
1951
1985
1952
1981
1965
1979
2011
2000
2000
2010
2055
2047
2054
2034
2071
2026
2036
1985
2002
1948
1982
1940
1947
1912
1929
1923
1945
1922
1934
1937
1926
1963
1933
1972
1962
2031
1987
2018
1953
1964
1941
1965
1914
1941
1889
1888
1883
1860
1843
1837
1863
1863
1865
1857
1896
1872
1957
1906
1970
1938
2027
2002
2048
2013
2028
2005
2052
2018
2032
2015
1994
2023
1991
2010
1987
2046
2024
2043
1956
2008
1960
2033
1976
2023
1964
1995
1999
2012
1984
1979
1967
1982
1967
1945
1978
1929
1984
1942
2004
1962
2030
2007
2071
2008
2043
1983
2011
1976
1988
1975
1938
1961
1942
1967
1928
1944
1927
1979
1948
1999
1947
2013
1990
2040
1992
2006
1989
2020
2022
2001
1976
1970
1980
1947
1978
1927
1977
1953
1998
1935
1960
1953
2013
1988
2001
1959
1977
1956
1964
1937
1905
1902
1902
1928
1898
1907
1897
1940
1934
1961
1927
1963
1961
2024
1988
2006
1999
2043
2074
2074
2050
2053
2069
2039
2081
2038
2046
2020
2049
1998
2001
1969
1977
1960
1978
1943
1947
1946
1970
1982
1965
1982
1991
2021
2007
2013
1999
2031
2023
2060
2016
2034
2006
2065
2036
2049
2052
2038
2056
2052
2054
2024
2029
1973
2003
1931
1936
1878
1912
1866
1891
1853
1867
1858
1903
1899
1925
1919
1969
1989
1970
1988
1967
2019
2001
2034
2006
2046
1995
2036
1979
2002
1943
1997
1953
1965
1947
1932
1935
1966
1979
1953
1970
1944
2023
1990
2028
1964
2025
1986
2032
1989
2006
1961
1995
1973
1994
1955
2008
2018
2027
2033
2004
2029
2033
2061
2015
2047
1972
2035
1993
2028
1953
2013
1980
2012
1995
2001
1978
2023
2033
2034
2031
2030
2091
2063
2105
2058
2098
2065
2111
2080
2117
2047
2087
2040
2064
2003
2041
2019
2031
2021
2010
2003
1987
2016
1995
2012
1964
2008
1989
2035
1982
2031
2016
2062
2048
2076
2066
2096
2089
2094
2084
2079
2084
2062
2081
2020
2017
1975
1995
1932
1945
1878
1890
1863
1896
1866
1890
1901
1929
1970
1985
1996
1994
2028
2026
2043
1988
2006
1974
2002
1940
1955
1926
1933
1954
1976
1960
1965
1985
1997
1992
1970
1983
1957
2012
1997
2011
1968
2031
2018
2044
1994
1997
1966
2003
1983
1999
2008
1991
2017
2017
2031
2023
2054
2044
2052
2009
2048
1995
2039
1993
2008
1957
1974
1970
1987
1962
1960
1951
1964
1955
1928
1953
1903
1957
1937
1954
1896
1934
1921
1981
1948
2002
1966
2027
2009
2034
2030
2026
2045
2037
2054
2018
2027
2010
2049
1998
2027
1958
2021
2003
2043
2002
2045
2015
2056
2041
2042
2022
2040
2057
2039
2069
2010
2052
2042
2097
2047
2073
2032
2100
2076
2126
2075
2126
2104
2137
2128
2111
2099
2109
2142
2101
2100
2093
2105
2055
2095
2021
2069
2033
2093
2033
2077
2030
2087
2085
2106
2074
2097
2104
2111
2119
2080
2102
2080
2125
2080
2082
2037
2081
2048
2097
2045
2082
2045
2105
2070
2056
2039
2030
2032
2025
2002
1991
2015
1994
2042
1989
2025
1988
2041
1988
2017
1973
1987
1969
1994
1947
1964
1956
1952
1966
1927
1926
1883
1904
1873
1868
1852
1884
1847
1898
1864
1890
1844
1888
1870
1880
1873
1858
1871
1886
1873
1864
1898
1865
1927
1907
1937
1892
1937
1937
1984
1965
1967
1950
1991
1999
2010
2000
1998
2047
2039
2037
1984
2007
1964
1953
1889
1885
1821
1858
1837
1854
1803
1835
1809
1813
1818
1788
1780
1793
1831
1812
1849
1817
1881
1861
1903
1844
1885
1856
1907
1889
1890
1872
1918
1929
1940
1945
1950
1991
1978
2038
1986
2025
1979
2052
2006
2017
1961
1986
1975
2017
1987
1993
1984
1976
2015
1979
1999
1960
2003
1965
2007
1947
1992
1950
2025
1974
2021
1964
2004
2002
2025
2016
2038
2045
2055
2055
2025
2062
2026
2092
2050
2074
2016
2081
2050
2120
2059
2080
2014
2078
2023
2027
1990
1947
1965
1955
1955
1918
1946
1947
2009
1967
2021
1955
2043
2011
2047
1971
2007
1985
2025
2003
2019
2020
2074
2085
2081
2117
2090
2144
2128
2155
2107
2155
2116
2177
2132
2158
2101
2170
2140
2164
2143
2128
2111
2094
2105
2085
2074
2080
2105
2075
2113
2059
2109
2085
2110
2041
2068
2030
2081
2076
2099
2087
2104
2128
2143
2161
2149
2172
2162
2213
2172
2192
2178
2226
2205
2218
2185
2201
2178
2207
2193
2185
2162
2154
2175
2163
2172
2169
2185
2171
2203
2156
2168
2134
2192
2150
2162
2141
2151
2160
2164
2141
2136
2166
2150
2194
2164
2186
2158
2207
2159
2183
2153
2163
2146
2200
2174
2191
2192
2242
2256
2222
2222
2189
2237
2215
2222
2191
2230
2209
2275
2223
2261
2215
2272
2229
2268
2238
2250
2261
2281
2267
2257
2254
2218
2285
2252
2276
2227
2297
2257
2297
2256
2284
2233
2283
2227
2267
2215
2259
2247
2242
2247
2237
2264
2256
2267
2241
2279
2216
2284
2225
2268
2212
2266
2209
2248
2194
2210
2172
2209
2195
2219
2185
2162
2202
2197
2224
2182
2222
2208
2244
2200
2230
2162
2226
2190
2230
2168
2208
2158
2183
2167
2154
2136
2160
2166
2143
2167
2100
2147
2137
2173
2126
2163
2143
2186
2156
2186
2137
2177
2172
2196
2151
2142
2144
2143
2165
2138
2127
2119
2161
2145
2159
2102
2149
2131
2185
2134
2165
2128
2151
2157
2150
2133
2159
2164
2152
2161
2122
2136
2111
2147
2092
2120
2091
2128
2109
2138
2107
2127
2128
2161
2124
2126
2138
2129
2154
2128
2143
2129
2175
2137
2151
2093
2102
2072
2091
2029
2036
2000
2002
2015
2029
2036
2035
2056
2061
2080
2047
2073
2046
2084
2050
2084
2044
2070
2061
2079
2051
2067
2060
2089
2075
2090
2095
2050
2098
2085
2106
2055
2089
2084
2146
2104
2122
2083
2140
2132
2155
2135
2115
2139
2159
2168
2149
2153
2164
2193
2145
2176
2115
2137
2169
2114
2160
2145
2168
2159
2150
2138
2149
2171
2176
2200
2143
2168
2131
2182
2121
2153
2099
2164
2113
2138
2083
2120
2101
2150
2101
2103
2119
2106
2141
2105
2106
2065
2110
2064
2107
2034
2076
2043
2109
2059
2119
2096
2118
2126
2163
2154
2168
2156
2168
2165
2112
2140
2111
2172
2126
2143
2071
2122
2084
2146
2095
2127
2083
2136
2093
2108
2103
2077
2088
2109
2123
2097
2095
2056
2114
2063
2087
2040
2096
2064
2088
2044
2050
2026
2072
2039
2033
2019
2057
2073
2058
2075
2031
2078
2064
2088
2048
2097
2059
2113
2084
2093
2071
2104
2086
2102
2092
2083
2104
2118
2126
2096
2097
2071
2103
2053
2065
2024
2055
2026
2038
2006
1995
1972
1975
1999
1987
1984
1968
1987
1972
2008
1967
1981
1937
1971
1930
1955
1945
1945
1937
1939
1917
1907
1915
1886
1919
1896
1912
1891
1951
1926
1943
1914
1937
1925
1973
1943
1957
1935
1980
1976
1957
1955
1940
1973
1961
1968
1913
1939
1885
1960
1900
1944
1885
1949
1910
1961
1937
1951
1953
1997
1981
1977
1944
1925
1986
1963
1974
1913
1967
1949
1982
1954
2008
1971
2045
2026
2057
2001
2079
2058
2079
2064
2044
2048
2056
2051
2003
2002
1935
2004
1953
1988
1905
1968
1937
1999
1975
2009
1967
2021
2017
2025
2011
2030
2067
2040
2068
2031
2063
2047
2084
2043
2089
2035
2108
2083
2131
2082
2139
2114
2142
2128
2120
2095
2115
2126
2112
2107
2036
2056
2010
2052
1989
2007
1956
2022
1994
2031
1992
2030
2026
2067
2036
2035
2024
2007
2047
2006
2015
2010
2059
2027
2065
2010
2036
2014
2063
2008
2043
2021
2036
2053
2064
2041
2033
2058
2082
2098
2046
2060
2051
2118
2069
2079
2034
2067
2064
2090
2046
2042
2035
2053
2024
2039
2051
2051
2108
2102
2121
2103
2138
2128
2166
2121
2136
2110
2137
2090
2105
2090
2076
2097
2102
2108
2085
2099
2082
2121
2075
2101
2048
2093
2058
2075
2024
2066
2053
2065
2038
2042
2014
2024
2010
1991
2005
1968
2024
2009
2050
2011
2039
1996
2049
1994
2007
1947
1978
1953
1983
1954
1928
1925
1923
1931
1911
1926
1922
1966
1931
1979
1906
1946
1900
1936
1850
1882
1834
1863
1829
1833
1799
1825
1824
1821
1867
1844
1882
1875
1927
1875
1892
1854
1918
1873
1903
1835
1888
1863
1921
1898
1895
1873
1860
1855
1835
1813
1788
1805
1768
1829
1769
1828
1806
1879
1817
1870
1820
1867
1841
1879
1825
1854
1836
1840
1871
1850
1870
1868
1920
1883
1922
1893
1944
1917
1957
1894
1931
1884
1946
1897
1903
1867
1886
1895
1913
1884
1882
1889
1893
1917
1899
1906
1869
1917
1869
1891
1821
1858
1835
1888
1842
1876
1848
1889
1888
1893
1877
1907
1929
1922
1905
1871
1887
1860
1903
1851
1857
1831
1889
1874
1909
1886
1912
1926
1977
1947
1962
1962
1987
2009
1982
1995
1985
2021
2011
2041
1991
2002
1995
2043
1995
2011
1976
1973
1965
1958
1929
1906
1918
1915
1903
1881
1930
1933
2000
1963
1985
1953
2023
2015
2043
2006
2029
2029
2061
2040
2050
2066
2048
2095
2073
2088
2054
2092
2077
2115
2082
2110
2077
2114
2079
2103
2074
2072
2079
2074
2081
2044
2047
2039
2060
2016
2056
2007
2078
2040
2088
2035
2079
2047
2090
2074
2081
2058
2086
2097
2089
2101
2054
2092
2061
2098
2042
2084
2037
2092
2057
2106
2044
2082
2065
2095
2014
2006
1987
1979
2000
1973
1987
1973
1998
1948
1992
1908
1925
1889
1954
1895
1930
1873
1907
1900
1923
1892
1916
1915
1959
1967
1937
1951
1941
2010
1981
2021
1983
2030
2016
2070
1996
2056
2021
2072
2012
2035
2025
2012
2016
2026
2022
2015
2022
1993
2038
1993
2007
1949
2006
1974
2002
2002
2012
1997
2032
2030
2035
2014
2042
2053
2029
2045
2002
2042
2029
2046
1993
2018
1971
1999
1984
2004
1975
1998
1999
2004
2012
1991
1982
1976
2006
1975
1983
1963
2014
1999
2012
1964
1992
1980
1996
1981
1966
1930
1935
1953
1936
1934
1925
1924
1920
1946
1885
1891
1868
1898
1862
1917
1888
1928
1935
1959
1953
1975
1997
2017
2057
2034
2057
2026
2051
1999
2005
1958
1986
1964
1992
1951
1985
1965
1997
1964
1947
1919
1883
1896
1879
1863
1835
1868
1839
1916
1878
1917
1882
1943
1886
1926
1886
1905
1911
1941
1919
1940
1937
1955
1996
1951
1983
1944
1983
1950
1984
1925
1954
1909
1959
1902
1940
1880
1933
1887
1885
1871
1839
1834
1840
1834
1795
1809
1753
1806
1754
1791
1706
1761
1717
1799
1770
1813
1781
1832
1794
1813
1766
1758
1794
1770
1759
1697
1703
1663
1647
1590
1622
1556
1636
1607
1689
1660
1749
1740
1791
1761
1773
1760
1786
1771
1756
1741
1688
1745
1725
1760
1711
1769
1769
1836
1809
1852
1818
1885
1863
1897
1852
1877
1895
1918
1927
1916
1928
1939
1963
1937
1938
1896
1943
1929
1967
1923
1947
1941
1967
1962
1987
1978
2004
2013
1996
1998
1955
1972
1968
2003
1968
2001
2001
2065
2053
2070
2047
2068
2073
2084
2049
2029
2007
1989
2005
1966
1974
1951
1994
1971
2010
1978
2006
1975
2008
1964
1968
1945
1941
1933
1910
1894
1874
1877
1868
1899
1854
1870
1830
1902
1855
1875
1802
1831
1816
1831
1796
1808
1793
1832
1809
1821
1852
1822
1875
1847
1862
1806
1849
1795
1847
1768
1791
1740
1795
1751
1768
1727
1719
1720
1736
1742
1740
1771
1794
1830
1773
1795
1751
1824
1799
1844
1793
1863
1834
1868
1811
1834
1797
1850
1829
1848
1865
1837
1881
1890
1927
1903
1939
1903
1994
1949
1995
1930
1993
1942
1970
1925
1932
1902
1924
1906
1895
1862
1886
1900
1890
1921
1857
1885
1841
1879
1793
1845
1787
1838
1793
1821
1763
1798
1786
1823
1837
1828
1856
1891
1929
1924
1943
1940
2029
2009
2050
1995
2037
1995
2035
2002
2011
1977
2016
2032
2048
2018
2023
2020
2030
2052
1989
2002
1983
2024
1967
1998
1939
1955
1929
1962
1893
1898
1857
1854
1849
1821
1794
1798
1824
1812
1814
1797
1843
1835
1887
1851
1895
1881
1935
1923
1937
1914
1932
1942
1959
1929
1919
1919
1904
1935
1890
1899
1848
1874
1846
1891
1864
1876
1856
1893
1872
1893
1870
1868
1889
1858
1854
1824
1846
1837
1843
1822
1867
1846
1917
1911
1952
1916
1968
1967
1976
1965
1950
1948
1940
1921
1868
1858
1791
1845
1805
1821
1742
1777
1751
1813
1800
1831
1803
1864
1860
1889
1862
1884
1921
1933
1966
1928
1946
1946
2000
1964
2003
1921
1982
1949
1986
1923
1972
1946
1985
1967
1952
1924
1932
1941
1937
1955
1903
1948
1919
1973
1909
1957
1930
2016
1992
2042
2006
2066
2057
2092
2024
2035
2024
2021
2036
1990
2007
1978
2055
2043
2097
2037
2074
2011
2062
1992
2020
1989
1989
1990
2003
2010
2022
2045
2071
2106
2063
2098
2066
2139
2095
2145
2093
2139
2113
2157
2111
2122
2096
2142
2103
2108
2120
2086
2111
2113
2102
2056
2077
2043
2100
2053
2089
2041
2097
2063
2091
2081
2085
2104
2151
2153
2151
2151
2182
2210
2195
2224
2180
2242
2232
2261
2200
2257
2222
2268
2248
2252
2214
2244
2232
2211
2194
2141
2151
2134
2138
2096
2101
2075
2125
2118
2147
2124
2181
2165
2192
2191
2161
2150
2171
2176
2148
2139
2130
2135
2116
2132
2102
2124
2125
2169
2128
2173
2153
2169
2168
2164
2154
2144
2145
2119
2141
2094
2104
2081
2119
2079
2092
2067
2100
2087
2126
2089
2127
2131
2163
2158
2148
2139
2135
2159
2131
2147
2111
2138
2096
2155
2092
2129
2075
2130
2075
2081
2040
2055
2062
2086
2058
2057
2053
2051
2121
2086
2105
2070
2127
2097
2124
2086
2114
2090
2159
2126
2186
2142
2220
2204
2210
2190
2178
2214
2219
2216
2192
2215
2172
2242
2192
2240
2177
2257
2213
2269
2188
2190
2156
2203
2171
2192
2149
2136
2153
2138
2144
2125
2156
2160
2194
2186
2228
2183
2256
2227
2268
2214
2271
2224
2252
2226
2214
2186
2192
2170
2161
2170
2135
2200
2169
2200
2135
2167
2126
2160
2099
2123
2058
2095
2081
2108
2071
2081
2095
2096
2117
2096
2100
2106
2128
2084
2098
2041
2088
2071
2104
2084
2126
2112
2139
2122
2126
2107
2099
2094
2074
2091
2041
2068
2058
2096
2052
2056
2012
2035
2021
2029
2005
2020
2033
2067
2048
2062
2063
2061
2084
2051
2061
2027
2059
2022
2027
1978
1991
1970
2002
1968
1983
1954
1949
1973
1967
1962
1939
1964
1942
1942
1896
1938
1907
1966
1913
1917
1971
1959
2026
1988
2019
2002
2058
2037
2069
2074
2078
2114
2109
2135
2100
2138
2125
2154
2098
2137
2087
2144
2105
2149
2090
2123
2124
2143
2123
2138
2140
2155
2151
2135
2153
2107
2148
2100
2130
2058
2109
2064
2110
2037
2058
2018
2090
2051
2087
2075
2060
2074
2078
2093
2084
2095
2104
2117
2046
2089
2027
2110
2074
2119
2053
2086
2053
2101
2054
2057
2018
2047
2035
2024
2042
1997
2047
2047
2084
2054
2093
2073
2144
2100
2159
2101
2162
2123
2143
2116
2109
2110
2127
2115
2096
2082
2098
2111
2059
2101
2028
2078
2043
2087
2039
2093
2076
2141
2135
2158
2123
2147
2133
2107
2116
2077
2074
2054
2084
2051
2073
2057
2103
2078
2109
2042
2066
2039
2074
2061
2062
2050
2052
2053
2036
2028
2024
2065
2058
2101
2068
2098
2082
2128
2092
2106
2092
2120
2120
2128
2108
2101
2103
2092
2122
2092
2103
2077
2129
2093
2103
2070
2066
2061
2119
2090
2108
2085
2122
2089
2061
2055
2039
2063
2054
2059
2029
2047
2020
2090
2052
2083
2037
2106
2070
2101
2069
2064
2063
2091
2074
2076
2070
2063
2124
2098
2124
2080
2120
2074
2089
2068
2099
2047
2088
2061
2081
2039
2070
2068
2055
2091
2048
2076
2055
2089
2040
2104
2047
2116
2079
2132
2071
2111
2096
2126
2121
2115
2096
2091
2091
2079
2069
2034
2086
2048
2100
2020
2066
2037
2114
2075
2113
2048
2076
2051
2098
2054
2083
2081
2081
2125
2077
2090
2062
2101
2081
2126
2063
2113
2084
2139
2088
2146
2107
2141
2143
2153
2139
2157
2183
2186
2176
2163
2185
2141
2206
2139
2176
2118
2175
2126
2176
2115
2150
2109
2149
2094
2110
2086
2099
2134
2132
2147
2136
2174
2180
2205
2157
2181
2144
2199
2146
2181
2139
2188
2171
2193
2173
2174
2176
2210
2188
2165
2183
2146
2179
2126
2129
2074
2094
2053
2084
2027
2070
2026
2081
2050
2083
2067
2076
2095
2099
2093
2084
2104
2098
2114
2079
2099
2056
2107
2092
2112
2077
2129
2125
2151
2127
2133
2132
2165
2167
2165
2176
2145
2177
2178
2200
2159
2181
2157
2217
2194
2215
2166
2204
2174
2166
2124
2082
2086
2078
2071
2037
2044
2050
2079
2060
2088
2041
2115
2099
2141
2078
2098
2061
2093
2082
2086
2073
2099
2108
2078
2092
2027
2065
2050
2096
2048
2082
2046
2107
2074
2089
2027
2068
2031
2070
2007
1990
1979
1988
1998
1972
1983
1975
2018
1984
2017
1950
1997
1961
2037
1999
2071
2018
2070
2044
2076
2032
2053
2048
2039
2048
2012
2037
2036
2077
2055
2091
2069
2128
2087
2142
2100
2133
2080
2140
2098
2116
2092
2092
2094
2093
2072
2063
2068
2045
2099
2058
2097
2054
2121
2073
2127
2077
2108
2099
2165
2112
2141
2113
2137
2149
2144
2133
2136
2164
2171
2176
2155
2185
2178
2231
2167
2203
2181
2233
2194
2226
2196
2217
2238
2271
2238
2251
2258
2244
2294
2266
2277
2248
2282
2248
2286
2235
2261
2232
2282
2238
2259
2239
2241
2255
2258
2254
2233
2251
2254
2247
2232
2274
2243
2286
2261
2279
2236
2273
2237
2243
2226
2228
2224
2246
2227
2214
2225
2215
2252
2244
2263
2230
2280
2280
2327
2289
2308
2278
2313
2297
2311
2282
2289
2304
2302
2307
2290
2296
2297
2310
2275
2304
2246
2295
2276
2305
2245
2258
2226
2240
2244
2251
2256
2274
2275
2260
2267
2228
2258
2223
2250
2181
2199
2179
2226
2203
2217
2187
2246
2250
2277
2227
2235
2263
2269
2301
2243
2234
2198
2244
2197
2234
2146
2200
2178
2251
2198
2241
2209
2251
2255
2260
2249
2266
2274
2286
2291
2238
2267
2250
2297
2232
2281
2228
2298
2268
2323
2258
2306
2284
2328
2281
2296
2303
2304
2328
2308
2320
2286
2312
2275
2329
2270
2324
2279
2345
2291
2329
2282
2308
2301
2334
2284
2309
2293
2339
2323
2290
2300
2284
2323
2302
2312
2262
2296
2264
2326
2249
2295
2252
2322
2276
2312
2290
2301
2311
2329
2314
2299
2297
2276
2342
2303
2330
2299
2354
2326
2350
2328
2342
2322
2363
2335
2352
2330
2372
2350
2334
2323
2278
2305
2308
2316
2286
2332
2318
2351
2309
2316
2271
2319
2293
2290
2267
2245
2244
2236
2242
2200
2199
2179
2224
2206
2241
2211
2248
2243
2266
2252
2253
2258
2270
2279
2276
2256
2239
2243
2209
2220
2151
2162
2131
2182
2125
2180
2158
2182
2164
2182
2152
2171
2174
2173
2198
2156
2159
2146
2187
2158
2176
2134
2174
2142
2190
2140
2171
2139
2193
2182
2178
2162
2152
2162
2165
2163
2136
2136
2102
2173
2128
2147
2084
2135
2092
2131
2088
2118
2072
2133
2100
2116
2078
2080
2117
2104
2109
2077
2125
2116
2129
2070
2107
2051
2130
2071
2119
2051
2112
2055
2100
2080
2087
2068
2087
2057
2047
2037
1978
2029
1991
2017
1955
2012
1965
2032
1982
2030
1979
2046
2002
2027
1965
1982
2001
2004
1996
1988
1998
2028
2049
2014
2072
2020
2099
2060
2097
2033
2080
2039
2099
2073
2096
2065
2117
2104
2127
2111
2079
2087
2063
2084
2054
2094
2082
2131
2094
2142
2080
2124
2092
2135
2080
2108
2084
2108
2104
2091
2074
2062
2068
2040
2069
2006
2034
2015
2057
2009
2036
2015
2063
2053
2077
2031
2043
2030
2055
2023
1966
1951
1939
1976
1953
1939
1918
1954
1960
2001
1968
2012
2024
2080
2039
2054
2038
2046
2067
2069
2095
2089
2123
2097
2137
2079
2103
2070
2117
2061
2066
2060
2063
2056
2063
2033
2027
2034
2050
2055
1995
2004
1974
2020
1992
2035
2004
2042
2027
2079
2043
2072
2055
2113
2075
2094
2102
2075
2087
2065
2071
2039
2046
1996
2057
1999
2027
1960
2011
1958
1998
1971
1994
1971
2024
2005
2034
2016
2053
2062
2056
2072
2041
2085
2063
2098
2046
2098
2038
2109
2070
2109
2049
2092
2067
2096
2079
2076
2080
2113
2120
2099
2105
2086
2154
2114
2155
2103
2167
2136
2195
2138
2163
2109
2165
2134
2147
2101
2146
2139
2143
2157
2118
2138
2132
2160
2121
2148
2088
2162
2123
2175
2120
2166
2139
2180
2171
2166
2133
2152
2159
2156
2133
2094
2120
2101
2152
2101
2143
2100
2153
2115
2145
2096
2127
2093
2114
2078
2089
2070
2084
2084
2059
2048
2022
2046
2028
2066
2030
2058
2035
2111
2070
2107
2063
2086
2074
2080
2052
2053
2025
2038
2014
1994
1998
1968
2001
1958
1954
1889
1927
1903
1947
1895
1925
1915
1989
1965
1986
1977
1966
1974
1943
1921
1891
1910
1922
1955
1903
1915
1874
1916
1875
1883
1838
1849
1856
1876
1857
1858
1855
1881
1898
1895
1913
1870
1917
1898
1918
1874
1910
1912
1953
1922
1913
1901
1935
1920
1929
1950
1916
1947
1957
1987
1979
1991
1980
2032
2021
2040
1990
2023
2008
2029
1977
1990
1974
1984
1979
1960
1958
1936
1964
1947
1978
1935
1974
1961
2019
1967
2016
1993
2039
2019
2042
1999
2017
1998
2050
2048
1996
1990
1980
2009
1957
1959
1908
1952
1910
1960
1897
1955
1930
2019
1992
2032
2001
2012
2018
2024
1979
1970
1981
1973
2043
1978
1997
1930
2000
1952
1980
1926
1968
1939
1998
1943
1983
1959
2041
2040
2042
2055
2056
2097
2099
2099
2074
2102
2054
2119
2049
2072
2017
2068
2021
2039
2022
2020
2007
2039
2036
2039
2051
2031
2092
2066
2099
2043
2075
2041
2066
2014
2034
1969
2003
1986
1998
1960
1997
2000
2016
2028
2011
2031
2035
2088
2080
2108
2075
2115
2098
2128
2077
2082
2053
2081
2080
2085
2075
2097
2108
2103
2077
2058
2088
2064
2088
2025
2015
1975
2013
1990
2006
1977
2003
2002
2043
2025
2030
2020
2028
2057
2019
2017
2000
2048
2044
2078
2028
2041
2024
2051
1977
1965
1936
1919
1923
1898
1869
1843
1858
1865
1861
1844
1874
1855
1911
1887
1935
1907
1974
1981
2020
1990
2002
1996
2023
1997
1995
2015
2001
2054
2040
2049
2015
2052
2024
2056
2011
2022
1983
2037
2003
2033
1998
2022
2049
2049
2062
2053
2061
2058
2067
2024
2068
2002
2053
2015
2070
2015
2072
2028
2081
2040
2066
2048
2090
2065
2081
2076
2043
2079
2061
2074
2027
2045
2028
2059
2010
2056
1997
2059
2006
2050
2000
2038
2008
2047
2053
2053
2043
2055
2071
2059
2097
2035
2083
2061
2121
2055
2089
2039
2111
2078
2094
2028
2066
2026
2051
2037
2022
2030
2032
2054
2029
2042
2028
2063
2048
2098
2028
2081
2054
2106
2039
2062
2014
2039
2022
2025
2007
2028
2043
2049
2085
2062
2083
2072
2112
2088
2122
2076
2094
2060
2103
2054
2089
2071
2106
2037
2002
2027
2038
2032
2026
2019
2022
2018
2064
2007
2025
2008
2048
2002
2026
1993
1995
1982
2019
1991
1984
1971
1995
2000
1990
2002
1976
2004
1986
2003
1982
2005
1980
2016
1968
1974
1938
1969
1912
1883
1853
1816
1825
1824
1819
1802
1824
1799
1883
1856
1895
1860
1946
1932
1984
1976
1989
1978
2027
2008
2012
2000
2051
2064
2036
2043
2014
2063
2050
2075
2035
2085
2053
2104
2071
2087
2036
2081
2063
2089
2091
2091
2097
2099
2084
2059
2065
2014
2081
2015
2051
1993
2050
2009
2053
2026
2068
2036
2102
2088
2106
2066
2105
2123
2126
2152
2120
2144
2130
2183
2143
2181
2111
2167
2130
2178
2115
2146
2103
2127
2127
2134
2120
2127
2134
2140
2155
2127
2176
2139
2219
2169
2209
2164
2234
2185
2216
2165
2209
2196
2246
2180
2192
2176
2190
2217
2176
2163
2139
2170
2136
2179
2123
2178
2156
2227
2165
2203
2139
2163
2162
2177
2147
2162
2180
2194
2179
2179
2201
2172
2222
2168
2192
2149
2185
2127
2138
2073
2101
2061
2099
2046
2063
2024
1998
2003
2002
2007
2005
2019
2012
2048
2000
2030
1991
2056
2014
2042
2010
2033
2033
2043
2016
2015
2015
2039
2049
2052
2080
2052
2102
2095
2131
2094
2125
2116
2158
2134
2154
2130
2164
2148
2138
2151
2112
2127
2102
2112
2072
2066
2032
2061
2038
2058
2009
2047
2037
2058
2030
2052
2041
2064
2079
2073
2080
2094
2129
2101
2132
2065
2114
2105
2161
2091
2119
2064
2102
2077
2088
2059
2073
2060
2079
2088
2048
2053
2052
2101
2062
2089
2055
2105
2063
2094
2032
2077
2044
2094
2021
2035
2023
2021
2057
2040
2047
2031
2079
2047
2121
2055
2114
2051
2115
2062
2096
2054
2061
2052
2097
2069
2086
2053
2054
2050
2017
2043
1980
2028
1981
2014
1972
2021
1965
2021
1976
2016
1964
2035
2006
2043
2051
2058
2079
2098
2120
2098
2108
2087
2164
2123
2151
2097
2143
2106
2134
2079
2081
2029
2094
2080
2101
2068
2107
2127
2123
2115
2070
2084
2079
2108
2065
2111
2052
2115
2086
2106
2051
2103
2076
2123
2105
2100
2084
2102
2100
2085
2068
2049
2097
2082
2095
2024
2044
2032
2081
2058
2069
2036
2077
2076
2086
2055
2073
2077
2088
2116
2087
2095
2096
2124
2086
2122
2081
2105
2075
2092
2048
2061
2037
2052
2054
2056
2049
2062
2084
2080
2056
2023
2029
2012
2042
2003
2016
2007
2053
2021
2052
2022
2046
2044
2064
2040
2039
2021
1998
2008
1956
1954
1930
1955
1915
1940
1880
1877
1847
1893
1842
1847
1822
1837
1851
1855
1868
1881
1912
1916
1914
1894
1925
1895
1965
1924
1968
1929
2016
2004
2037
1971
1990
1963
1991
1930
1937
1914
1887
1930
1902
1918
1871
1927
1889
1944
1873
1909
1856
1913
1829
1850
1787
1809
1806
1823
1785
1786
1802
1848
1871
1871
1913
1874
1954
1914
1944
1874
1937
1893
1962
1896
1928
1886
1951
1923
1952
1930
1922
1936
1937
1928
1911
1914
1912
1962
1926
1971
1914
1980
1955
2012
1966
2015
1982
2035
2018
2046
2027
2060
2053
2056
2073
2034
2061
2059
2090
2047
2057
2033
2084
2061
2098
2036
2058
2037
2068
2027
2029
2020
2034
2035
2026
2039
2054
2074
2058
2095
2073
2116
2097
2112
2045
2038
2002
2029
2025
2022
2005
2032
2051
2054
2103
2097
2125
2132
2175
2144
2152
2121
2150
2135
2162
2116
2137
2128
2144
2130
2107
2111
2116
2149
2138
2147
2146
2183
2167
2199
2145
2163
2143
2186
2130
2151
2134
2138
2147
2146
2137
2135
2153
2132
2153
2103
2138
2117
2175
2130
2151
2132
2155
2130
2166
2138
2156
2139
2161
2146
2115
2125
2102
2136
2138
2179
2151
2194
2168
2234
2177
2219
2178
2242
2201
2222
2179
2158
2163
2189
2173
2148
2132
2094
2149
2115
2147
2110
2180
2162
2205
2183
2227
2189
2254
2206
2237
2181
2231
2211
2206
2195
2164
2172
2165
2174
2139
2176
2124
2198
2153
2209
2160
2230
2198
2252
2204
2214
2188
2235
2230
2237
2210
2187
2216
2195
2212
2164
2191
2167
2209
2185
2222
2150
2201
2167
2195
2153
2207
2200
2206
2194
2187
2188
2198
2215
2196
2228
2173
2215
2190
2236
2174
2211
2188
2229
2200
2214
2169
2187
2193
2217
2204
2191
2185
2181
2204
2168
2172
2134
2188
2163
2197
2126
2134
2122
2170
2129
2140
2110
2120
2121
2124
2113
2110
2123
2110
2135
2095
2125
2122
2162
2115
2123
2078
2099
2108
2122
2095
2099
2112
2139
2106
2062
2071
2059
2094
2047
2045
1982
2032
2022
2063
2038
2061
2052
2115
2092
2097
2082
2050
2079
2057
2060
2027
2065
2058
2083
2041
2057
2007
2068
2062
2069
2039
2050
2052
2046
2043
2011
2021
2024
2042
2003
2037
1987
2034
2007
2043
1998
2032
1982
2009
1970
1988
1962
1996
1990
2014
2042
2027
2058
2046
2082
2038
2067
2028
2065
2027
2069
2017
2074
2057
2105
2055
2097
2086
2105
2112
2109
2102
2090
2114
2075
2124
2070
2106
2075
2158
2096
2158
2119
2163
2141
2174
2118
2132
2100
2129
2112
2075
2068
2046
2097
2059
2077
2036
2083
2054
2115
2061
2115
2077
2150
2100
2125
2096
2097
2096
2096
2069
2045
2048
2020
2084
2033
2063
2019
2080
2041
2072
2037
2074
2051
2108
2046
2065
2025
2075
2067
2071
2075
2067
2099
2091
2086
2061
2080
2040
2085
2044
2082
2035
2102
2066
2096
2047
2036
2015
2021
1979
1958
1928
1894
1932
1896
1934
1901
1959
1956
1988
1964
2003
1989
2062
2048
2063
2030
2073
2056
2064
2070
2051
2056
2067
2098
2080
2116
2056
2088
2063
2099
2051
2084
2093
2116
2107
2100
2086
2109
2124
2113
2099
2061
2073
2059
2088
2062
2109
2094
2138
2120
2135
2100
2155
2160
2167
2127
2127
2116
2092
2107
2060
2048
2020
2066
2021
2052
2004
2043
2022
2064
2013
2052
2035
2039
2031
2010
2000
2003
2016
2005
2014
1980
2011
1982
2032
1980
2034
1990
2074
2039
5835
2106
2101
2119
2138
2133
2118
2102
2096
2105
2117
2115
2116
2118
2125
2143
2151
2149
2149
2146
2139
2122
2120
2109
2113
2112
2118
2125
2136
2153
2148
2142
2147
2129
2118
2119
2126
2119
2117
2116
2118
2112
2122
2125
2127
2113
2090
2091
2090
2106
2101
2095
2103
2108
2112
2123
2118
2120
2133
2150
2156
2169
2170
2153
2141
2127
2129
2154
2170
2180
2187
2204
2197
2184
2159
2149
2151
2151
2141
2144
2148
2137
2144
2136
2124
2122
2134
2148
2152
2154
2169
2154
2143
2150
2139
2146
2157
2156
2151
2148
2141
2142
2151
2158
2147
2150
2154
2149
2138
2144
2139
2149
2142
2141
2156
2165
2175
2190
2197
2199
2202
2206
2210
2211
2185
2161
2134
2106
2083
2065
2021
1986
1974
1979
2004
2020
2043
2071
2078
2103
2115
2112
2112
2119
2116
2098
2084
2052
2042
2032
2020
2035
2036
2050
2071
2086
2102
2102
2107
2098
2093
2095
2099
2092
2080
2074
2064
2063
2069
2081
2092
2107
2096
2084
2068
2054
2025
1996
1974
1973
1962
1952
1972
1997
2016
2027
2030
2024
2023
2023
2025
2029
2046
2043
2031
2018
2025
2048
2062
2098
2118
2137
2130
2120
2113
2108
2107
2106
2090
2080
2069
2060
2047
2042
2024
2026
2026
2028
2030
2024
2005
1993
1984
1977
1961
1935
1913
1913
1905
1900
1906
1913
1928
1929
1937
1942
1936
1942
1949
1952
1976
1995
2006
2004
2022
2027
2040
2052
2062
2063
2067
2062
2063
2060
2072
2078
2088
2097
2106
2121
2132
2126
2125
2116
2099
2091
2082
2059
2050
2060
2062
2083
2100
2113
2104
2115
2121
2133
2148
2163
2170
2152
2151
2150
2141
2125
2111
2091
2071
2067
2066
2064
2067
2069
2085
2097
2115
2125
2131
2167
2185
2205
2216
2222
2222
2226
2235
2239
2230
2228
2222
2224
2221
2231
2240
2249
2248
2241
2237
2242
2242
2244
2232
2237
2241
2260
2245
2251
2242
2242
2229
2239
2245
2256
2251
2263
2256
2263
2273
2273
2278
2274
2288
2285
2284
2292
2300
2296
2307
2309
2293
2292
2298
2304
2302
2306
2306
2306
2315
2316
2296
2273
2271
2273
2262
2255
2257
2250
2241
2242
2248
2247
2234
2237
2232
2247
2257
2253
2236
2223
2226
2225
2216
2216
2218
2210
2210
2215
2217
2219
2218
2214
2213
2209
2205
2199
2193
2191
2186
2190
2193
2209
2229
2245
2247
2273
2278
2274
2269
2274
2264
2266
2265
2261
2251
2244
2246
2245
2243
2234
2222
2208
2199
2187
2172
2176
2196
2201
2209
2201
2184
2173
2172
2171
2183
2174
2178
2178
2182
2184
2184
2179
2196
2179
2187
2206
2214
2200
2189
2196
2207
2213
2219
2213
2205
2217
2211
2209
2208
2208
2195
2190
2177
2180
2182
2187
2177
2166
2169
2166
2168
2201
2210
2212
2209
2199
2179
2172
2169
2170
2163
2163
2166
2173
2173
2171
2171
2163
2161
2162
2142
2149
2156
2147
2139
2122
2118
2100
2088
2056
2039
2015
1992
1984
1979
1978
1994
2001
2003
2028
2042
2064
2101
2116
2122
2147
2157
2161
2160
2165
2160
2159
2167
2168
2157
2145
2115
2100
2070
2061
2051
2025
2000
1996
2012
2033
2035
2037
2051
2045
2054
2053
2062
2060
2053
2061
2061
2072
2076
2079
2074
2071
2061
2052
2044
2043
2027
2017
2015
2020
2029
2023
2015
2006
2016
2019
2027
2015
2027
2031
2028
2045
2054
2055
2064
2070
2077
2080
2078
2074
2071
2070
2061
2064
2061
2057
2051
2059
2067
2090
2098
2094
2072
2057
2049
2048
2018
1994
1973
1977
1946
1939
1934
1938
1926
1928
1928
1925
1925
1938
1940
1948
1949
1962
1958
1953
1949
1950
1955
1971
1971
1973
1972
1968
1964
1969
1979
1994
2003
1987
1982
1971
1964
1955
1952
1930
1924
1896
1872
1855
1838
1831
1820
1811
1801
1793
1778
1793
1786
1769
1761
1773
1779
1795
1800
1794
1795
1811
1799
1795
1792
1782
1775
1790
1816
1825
1823
1840
1853
1881
1906
1895
1900
1915
1918
1940
1932
1939
1965
1979
1981
1992
1989
2003
2009
2006
2011
2019
2032
2046
2064
2064
2058
2053
2038
2018
1999
1987
1976
1959
1941
1908
1879
1867
1862
1859
1855
1857
1854
1862
1861
1864
1866
1866
1877
1858
1861
1852
1850
1862
1870
1875
1883
1887
1894
1883
1885
1878
1885
1880
1873
1879
1887
1890
1903
1933
1947
1942
1935
1941
1919
1892
1880
1862
1828
1811
1794
1778
1777
1775
1779
1777
1783
1796
1820
1849
1863
1843
1830
1817
1811
1790
1782
1791
1806
1822
1826
1837
1851
1867
1883
1897
1910
1911
1910
1916
1909
1906
1907
1895
1875
1865
1848
1847
1845
1839
1842
1867
1885
1882
1882
1878
1858
1832
1810
1780
1756
1743
1766
1776
1800
1803
1800
1794
1805
1815
1847
1850
1873
1895
1921
1953
1949
1964
1962
1973
1964
1967
1950
1963
1938
1908
1881
1856
1805
1776
1749
1739
1742
1750
1754
1767
1770
1769
1768
1747
1737
1717
1719
1719
1732
1743
1757
1778
1791
1803
1819
1831
1853
1858
1872
1869
1880
1894
1918
1919
1930
1944
1951
1963
1971
1978
1961
1950
1941
1939
1909
1894
1866
1836
1805
1793
1798
1801
1811
1820
1849
1872
1899
1915
1938
1942
1954
1965
1957
1955
1950
1950
1942
1950
1953
1953
1954
1942
1950
1958
1971
1981
2001
2033
2037
2040
2034
2026
2035
2024
1998
1955
1932
1902
1884
1886
1877
1875
1876
1870
1869
1856
1862
1865
1878
1904
1939
1959
1973
1978
1975
1962
1956
1939
1913
1884
1855
1833
1816
1819
1826
1827
1825
1805
1806
1808
1825
1844
1859
1882
1899
1915
1936
1942
1947
1958
1981
1993
1994
1984
1982
1966
1953
1940
1928
1923
1930
1933
1934
1936
1947
1951
1957
1957
1971
1979
1981
1972
1954
1942
1918
1901
1879
1869
1853
1849
1849
1873
1891
1916
1928
1956
1964
1967
1954
1945
1939
1925
1900
1911
1907
1913
1932
1929
1924
1912
1913
1917
1931
1940
1962
1971
1982
1988
1984
1982
1987
1995
1996
1990
1982
1979
1986
1992
1975
1957
1944
1939
1925
1911
1903
1922
1922
1919
1942
1960
1967
1968
1969
1961
1959
1953
1944
1937
1920
1920
1914
1903
1912
1910
1912
1917
1925
1937
1950
1966
1972
1990
2020
2026
2040
2045
2059
2072
2076
2057
2055
2042
2024
2016
2004
1987
1983
1982
1963
1955
1941
1928
1913
1907
1916
1910
1915
1937
1950
1969
1976
1986
1996
2003
2003
2017
2030
2036
2020
2018
2023
2029
2043
2046
2054
2042
2042
2027
2018
2006
1985
1967
1947
1910
1883
1870
1863
1865
1867
1871
1892
1907
1924
1934
1950
1971
1990
2004
2010
2003
2020
2014
2011
1997
1991
1984
1977
1956
1954
1948
1936
1937
1939
1938
1949
1947
1961
1978
1988
2001
2004
2017
2032
2030
2027
2032
2022
2030
2053
2055
2051
2044
2032
2032
2043
2045
2054
2047
2052
2058
2060
2045
2045
2043
2032
2020
2023
2013
2007
2005
2019
2009
2006
2001
2029
2042
2056
2074
2077
2068
2073
2089
2096
2102
2097
2103
2106
2106
2097
2093
2064
2036
2011
1987
1986
1986
1970
1977
1976
1999
1993
1964
1941
1923
1936
1934
1922
1914
1925
1935
1959
1978
2001
2031
2064
2072
2084
2091
2098
2087
2076
2055
2036
2015
2005
1987
1967
1942
1907
1891
1881
1866
1863
1849
1848
1855
1858
1869
1881
1917
1950
1990
2007
2012
2014
1995
1987
1962
1938
1911
1897
1873
1883
1883
1893
1912
1934
1963
1972
1981
1980
1988
2003
1999
1997
1985
1962
1954
1955
1957
1959
1962
1973
1966
1956
1944
1935
1953
1968
1973
1974
1982
1984
1992
2003
2005
1999
2000
1997
1991
1979
1976
1958
1951
1948
1934
1939
1945
1951
1965
1967
1980
1980
1982
1971
1969
1960
1954
1955
1967
1967
1992
2000
2021
2031
2029
2035
2035
2027
2014
2004
1992
1986
1979
1994
1984
1980
1983
2002
2005
2027
2027
2036
2050
2057
2063
2058
2060
2056
2058
2051
2051
2065
2059
2068
2065
2073
2084
2071
2077
2072
2079
2078
2077
2084
2097
2106
2115
2119
2102
2089
2075
2081
2084
2084
2067
2055
2040
2045
2052
2052
2042
2042
2035
2030
2043
2067
2084
2092
2076
2082
2086
2093
2088
2081
2069
2069
2077
2079
2074
2057
2048
2050
2059
2055
2055
2053
2032
2027
2020
2022
2031
2032
2017
2019
2024
2040
2039
2028
2023
2020
1999
1982
1986
1985
1975
1971
1958
1956
1939
1902
1882
1878
1871
1861
1855
1844
1831
1823
1824
1818
1822
1822
1836
1830
1821
1819
1821
1814
1812
1801
1805
1832
1846
1865
1895
1914
1943
1967
1980
1991
1995
1993
1994
2000
2017
2027
2030
2051
2061
2061
2063
2051
2034
2022
1995
1977
1944
1917
1889
1861
1844
1827
1796
1780
1789
1780
1810
1829
1840
1834
1840
1846
1852
1852
1849
1850
1847
1859
1879
1895
1899
1906
1910
1913
1913
1925
1928
1929
1944
1957
1976
1989
1995
2007
2019
2026
2026
2030
2022
2019
2011
2004
1981
1967
1954
1952
1949
1948
1948
1950
1966
1967
1962
1973
1986
1996
2005
2014
2014
2008
2002
1996
2005
2018
2034
2043
2048
2042
2047
2060
2075
2078
2079
2077
2077
2075
2074
2074
2071
2059
2043
2021
2003
1988
1967
1953
1938
1928
1944
1958
1949
1958
1972
1991
2021
2032
2024
2008
1988
1984
1976
1969
1967
1970
1967
1980
2004
2031
2060
2084
2114
2132
2141
2162
2169
2162
2170
2154
2149
2132
2118
2125
2122
2137
2140
2130
2115
2114
2099
2094
2087
2069
2058
2061
2048
2039
2035
2046
2044
2038
2046
2039
2042
2061
2079
2091
2119
2138
2146
2165
2183
2200
2218
2223
2225
2243
2254
2263
2249
2231
2240
2239
2242
2230
2221
2211
2209
2205
2196
2194
2192
2201
2184
2172
2168
2158
2163
2171
2179
2187
2174
2177
2177
2184
2183
2183
2183
2180
2188
2190
2200
2203
2208
2206
2203
2208
2197
2199
2208
2240
2259
2268
2262
2254
2265
2261
2259
2256
2254
2269
2279
2276
2262
2268
2271
2279
2284
2279
2292
2290
2288
2269
2289
2288
2287
2285
2295
2303
2306
2305
2307
2308
2310
2306
2296
2300
2299
2297
2302
2300
2300
2300
2283
2277
2267
2266
2266
2266
2270
2284
2280
2285
2278
2284
2276
2283
2286
2290
2281
2257
2234
2217
2213
2202
2186
2183
2192
2195
2194
2202
2218
2210
2208
2214
2220
2220
2229
2226
2235
2235
2248
2255
2229
2214
2205
2183
2190
2176
2178
2163
2163
2154
2159
2156
2156
2163
2162
2182
2184
2187
2189
2187
2196
2193
2185
2199
2192
2178
2171
2171
2169
2167
2166
2166
2155
2136
2145
2155
2154
2159
2157
2163
2162
2158
2149
2150
2162
2163
2169
2171
2168
2158
2152
2156
2136
2122
2120
2109
2093
2091
2091
2088
2095
2100
2111
2135
2130
2129
2135
2140
2141
2152
2147
2148
2144
2129
2108
2092
2083
2055
2037
2009
1979
1971
1963
1951
1941
1973
1993
2017
2026
2036
2029
2020
2013
2022
2027
2023
2036
2038
2035
2026
2022
2020
2037
2049
2067
2079
2066
2069
2077
2077
2083
2093
2107
2115
2120
2130
2124
2128
2145
2163
2163
2160
2166
2185
2189
2182
2183
2192
2198
2201
2190
2184
2183
2186
2191
2199
2190
2187
2176
2181
2194
2206
2211
2195
2202
2195
2206
2204
2204
2194
2204
2214
2223
2216
2184
2176
2175
2169
2152
2135
2113
2110
2111
2123
2142
2148
2169
2162
2154
2149
2152
2135
2132
2115
2110
2092
2095
2099
2110
2117
2146
2167
2167
2177
2187
2197
2192
2196
2177
2171
2147
2135
2125
2119
2109
2107
2091
2095
2087
2081
2078
2081
2078
2078
2073
2089
2103
2118
2127
2131
2126
2110
2100
2099
2099
2078
2069
2055
2042
2031
2042
2045
2052
2042
2061
2071
2074
2072
2075
2077
2073
2078
2079
2073
2073
2078
2096
2093
2088
2106
2099
2088
2073
2072
2086
2096
2091
2103
2108
2111
2113
2106
2106
2094
2087
2067
2045
2039
2025
2032
2020
1995
1977
1962
1962
1966
1967
1976
2001
2016
2005
1992
1979
1969
1962
1961
1955
1951
1944
1918
1909
1901
1900
1900
1899
1899
1895
1896
1910
1913
1907
1917
1932
1937
1932
1944
1942
1957
1963
1955
1948
1968
1984
1992
1993
1992
1994
1978
1972
1962
1946
1932
1923
1931
1951
1953
1969
1978
1973
1965
1951
1943
1945
1937
1942
1935
1918
1910
1912
1915
1919
1936
1966
1981
2006
2023
2059
2082
2091
2092
2088
2096
2110
2117
2090
2070
2039
2012
1977
1962
1933
1924
1900
1916
1923
1925
1937
1965
1978
1994
2033
2040
2074
2077
2084
2077
2079
2072
2075
2071
2060
2051
2070
2078
2079
2086
2099
2102
2106
2101
2089
2094
2102
2086
2087
2073
2064
2060
2045
2038
2032
2027
2011
2001
1983
1988
1993
2008
2016
2037
2054
2052
2042
2040
2042
2040
2025
2015
2036
2035
2035
2034
2031
2027
2037
2034
2035
2041
2049
2057
2056
2069
2071
2059
2044
2051
2051
2043
2061
2071
2071
2072
2075
2076
2074
2078
2076
2084
2082
2064
2061
2065
2060
2062
2069
2076
2090
2101
2130
2130
2134
2148
2140
2143
2153
2164
2156
2142
2134
2110
2108
2109
2114
2118
2127
2136
2133
2124
2114
2123
2121
2121
2119
2114
2103
2086
2062
2050
2045
2022
2012
2000
1996
1968
1952
1969
1996
2012
2039
2031
2023
2014
2006
2005
1999
1999
1976
1965
1963
1964
1978
1971
1959
1959
1971
1972
1985
1977
1970
1970
1971
1978
1962
1947
1927
1905
1876
1855
1831
1831
1827
1830
1841
1849
1877
1898
1934
1941
1945
1941
1929
1910
1895
1875
1878
1875
1863
1871
1875
1890
1880
1859
1840
1826
1791
1769
1757
1758
1768
1784
1803
1820
1838
1851
1840
1846
1850
1866
1874
1859
1858
1877
1875
1880
1878
1883
1893
1896
1904
1921
1939
1955
1961
1950
1938
1911
1899
1897
1897
1893
1891
1879
1871
1871
1876
1891
1899
1911
1919
1923
1910
1912
1883
1867
1845
1841
1828
1833
1829
1829
1834
1850
1856
1874
1882
1891
1893
1901
1905
1903
1876
1871
1883
1857
1846
1841
1840
1829
1837
1851
1867
1880
1906
1921
1943
1943
1959
1980
1983
1982
1982
1993
2004
2002
1996
2000
2007
2020
2007
2003
1989
1987
1973
1955
1933
1923
1891
1881
1886
1893
1904
1920
1938
1954
1981
1995
2007
2017
2027
2025
2017
2009
2003
2007
2003
2011
2020
2025
2036
2051
2066
2084
2090
2086
2085
2086
2083
2092
2087
2088
2089
2071
2065
2069
2075
2057
2032
2021
2018
2007
2009
2001
2010
2014
2031
2043
2046
2050
2045
2023
2016
2006
2015
2022
2027
2039
2024
2030
2044
2053
2054
2052
2054
2057
2057
2063
2069
2082
2071
2060
2038
2036
2026
2019
2019
2003
1983
1964
1964
1964
1974
1957
1947
1925
1890
1868
1855
1849
1841
1834
1839
1845
1854
1857
1878
1896
1921
1934
1952
1964
1990
2000
2011
2004
2010
2003
1997
2012
2016
2041
2033
2035
2025
2028
2030
2021
2022
2013
1991
1986
1996
1995
2001
2002
2009
1996
1986
1992
1993
1996
2000
1994
2007
2002
2007
2002
2009
2007
2020
2024
2027
2032
2019
2011
1987
1978
1970
1979
1973
1991
2003
2014
2020
2035
2032
2023
2012
2000
1996
1984
1992
1996
2011
2005
2005
1991
1977
1972
1972
1965
1951
1943
1933
1943
1928
1907
1903
1893
1896
1881
1868
1854
1827
1815
1807
1809
1829
1842
1862
1876
1905
1927
1955
1980
1992
2005
2020
2028
2016
2006
2014
2019
2008
2011
1993
1987
1984
1993
1988
1979
1966
1927
1893
1886
1863
1846
1847
1845
1851
1864
1881
1903
1905
1924
1940
1938
1947
1965
1968
1969
1968
1968
1961
1944
1946
1945
1939
1938
1939
1943
1941
1936
1929
1924
1911
1899
1879
1865
1828
1797
1755
1723
1713
1696
1693
1696
1698
1710
1715
1722
1709
1710
1731
1733
1752
1765
1775
1788
1774
1763
1762
1778
1775
1772
1757
1717
1682
1653
1605
1567
1539
1529
1536
1542
1563
1590
1621
1638
1650
1665
1702
1719
1743
1736
1730
1714
1692
1692
1679
1673
1655
1653
1674
1702
1711
1741
1774
1802
1827
1846
1858
1864
1875
1887
1902
1907
1905
1929
1943
1944
1951
1954
1951
1941
1943
1934
1938
1933
1936
1949
1973
1993
1993
2004
2008
2005
2003
2001
2002
2008
2016
2010
1990
1996
2003
2010
2019
2028
2043
2058
2072
2079
2090
2082
2076
2057
2045
2035
2004
1999
1988
2003
1992
1984
1983
1982
1974
1970
1970
1954
1939
1927
1904
1889
1870
1845
1831
1806
1813
1825
1825
1819
1836
1833
1832
1829
1837
1827
1827
1808
1786
1790
1786
1778
1788
1794
1802
1820
1827
1823
1813
1795
1782
1757
1745
1739
1718
1703
1684
1664
1648
1653
1672
1692
1721
1749
1763
1781
1797
1806
1814
1813
1807
1808
1804
1806
1802
1792
1787
1784
1777
1780
1791
1819
1847
1875
1879
1891
1906
1928
1957
1978
1993
1984
1985
1979
1970
1970
1948
1942
1931
1936
1937
1922
1912
1911
1901
1892
1892
1903
1901
1889
1871
1847
1839
1836
1830
1822
1819
1817
1822
1831
1845
1865
1869
1867
1885
1900
1949
1956
1967
1970
1984
2000
2001
1998
2013
2034
2033
2029
2033
2022
2025
2025
2024
2015
2017
2012
2008
2005
1998
1991
1988
1976
1963
1968
1969
1959
1939
1935
1891
1877
1857
1839
1823
1805
1786
1762
1746
1762
1761
1772
1798
1819
1842
1862
1868
1875
1880
1886
1895
1895
1909
1923
1943
1943
1923
1903
1900
1887
1871
1841
1825
1824
1815
1817
1834
1840
1844
1863
1884
1890
1896
1896
1905
1905
1899
1887
1866
1867
1857
1860
1871
1871
1882
1895
1930
1955
1965
1971
1967
1966
1953
1940
1909
1889
1870
1851
1854
1848
1837
1820
1816
1807
1793
1780
1777
1793
1808
1821
1855
1854
1870
1874
1897
1911
1931
1946
1976
1992
1994
1988
2008
2012
2006
1994
1993
1994
1990
1989
1971
1972
1963
1958
1955
1938
1932
1931
1927
1935
1926
1936
1938
1956
1974
1989
2005
2027
2045
2055
2052
2040
2043
2037
2035
2015
1997
1996
2011
2011
2034
2035
2044
2048
2056
2032
2006
1994
1993
1982
1997
2007
2023
2040
2065
2084
2105
2123
2131
2146
2148
2154
2146
2148
2148
2150
2148
2151
2138
2129
2135
2143
2137
2132
2143
2142
2138
2148
2136
2123
2122
2116
2106
2098
2103
2108
2120
2123
2120
2120
2147
2150
2166
2181
2199
2205
2211
2231
2226
2245
2251
2266
2266
2269
2261
2266
2269
2275
2283
2280
2245
2212
2188
2166
2148
2128
2117
2103
2112
2104
2103
2111
2134
2148
2172
2194
2205
2211
2223
2212
2214
2202
2184
2175
2153
2132
2122
2119
2129
2130
2115
2124
2156
2174
2187
2206
2214
2224
2209
2201
2197
2187
2168
2168
2156
2147
2147
2128
2108
2112
2108
2106
2103
2122
2120
2135
2142
2132
2135
2140
2141
2137
2131
2115
2114
2117
2115
2110
2103
2089
2087
2096
2088
2071
2070
2073
2077
2081
2114
2117
2120
2112
2116
2111
2118
2126
2126
2121
2137
2145
2152
2167
2174
2183
2198
2205
2209
2212
2214
2210
2223
2220
2230
2243
2231
2241
2251
2242
2246
2263
2245
2250
2231
2220
2213
2207
2212
2194
2169
2159
2144
2143
2137
2122
2125
2130
2148
2163
2181
2199
2217
2236
2255
2262
2275
2284
2302
2299
2285
2278
2279
2260
2245
2228
2218
2202
2179
2182
2158
2157
2151
2160
2165
2157
2122
2097
2074
2064
2047
2039
2034
2033
2045
2060
2070
2074
2079
2095
2114
2110
2113
2118
2116
2103
2097
2090
2080
2072
2062
2049
2057
2071
2084
2089
2087
2079
2082
2088
2081
2076
2066
2054
2048
2043
2048
2034
2023
2011
1985
1973
1991
1998
2003
2020
2038
2058
2070
2073
2067
2061
2040
2026
2012
1986
1964
1957
1941
1948
1955
1954
1945
1935
1944
1941
1931
1907
1889
1879
1878
1879
1880
1865
1883
1894
1877
1880
1898
1919
1926
1927
1953
1968
1995
2010
2042
2055
2112
2107
2107
2132
2135
2134
2118
2109
2117
2126
2119
2119
2115
2124
2118
2104
2109
2112
2128
2120
2129
2137
2145
2144
2132
2111
2093
2076
2065
2061
2052
2043
2029
2026
2032
2032
2032
2039
2057
2079
2083
2081
2088
2090
2087
2091
2067
2071
2068
2059
2059
2062
2059
2061
2058
2044
2028
2008
1992
1978
1973
1981
2002
2036
2064
2075
2084
2081
2090
2082
2078
2088
2086
2071
2063
2062
2064
2067
2077
2072
2087
2091
2107
2120
2108
2106
2100
2109
2105
2084
2067
2057
2060
2065
2085
2100
2121
2137
2139
2142
2147
2151
2150
2147
2124
2106
2082
2068
2049
2034
2027
2025
2019
2012
2012
2022
2026
2026
2040
2050
2066
2081
2087
2095
2093
2093
2083
2089
2098
2111
2125
2125
2126
2144
2140
2144
2150
2154
2143
2143
2139
2138
2117
2107
2106
2104
2090
2088
2079
2085
2085
2090
2093
2091
2099
2107
2101
2092
2069
2052
2038
2027
2027
2021
2020
2035
2041
2061
2079
2081
2090
2085
2074
2070
2065
2079
2094
2091
2085
2086
2090
2090
2095
2106
2106
2092
2088
2072
2062
2062
2067
2059
2050
2043
2035
2034
2021
2019
2038
2042
2034
2027
2029
2020
2017
2014
2011
2005
2016
2041
2076
2095
2096
2092
2090
2092
2082
2069
2058
2052
2065
2075
2081
2090
2078
2068
2075
2083
2089
2091
2110
2095
2093
2087
2072
2076
2065
2072
2059
2071
2074
2085
2092
2127
2119
2115
2097
2095
2096
2106
2114
2128
2138
2154
2171
2186
2200
2205
2215
2220
2218
2216
2219
2217
2200
2179
2176
2170
2166
2162
2164
2163
2143
2126
2120
2119
2118
2108
2118
2128
2126
2140
2166
2176
2183
2182
2191
2194
2193
2194
2177
2164
2174
2182
2193
2209
2213
2208
2196
2190
2185
2172
2154
2126
2104
2084
2048
2022
2006
1997
2018
2031
2042
2042
2051
2059
2069
2088
2109
2099
2094
2096
2093
2085
2069
2067
2064
2072
2078
2093
2109
2105
2103
2102
2103
2112
2107
2111
2116
2135
2143
2164
2178
2184
2183
2196
2192
2183
2193
2193
2199
2200
2202
2189
2171
2149
2127
2099
2080
2046
2040
2021
2014
2023
2019
2022
2049
2078
2089
2117
2118
2116
2119
2115
2111
2096
2082
2067
2085
2080
2081
2063
2063
2064
2069
2073
2098
2098
2102
2103
2094
2084
2074
2048
2011
2005
1994
2000
2007
1993
1991
1988
1986
1991
1995
1982
1973
1965
1960
1981
2011
2045
2044
2052
2073
2080
2090
2092
2087
2068
2061
2049
2038
2045
2039
2043
2064
2073
2084
2090
2110
2114
2122
2122
2121
2119
2099
2088
2098
2102
2103
2109
2119
2114
2113
2111
2110
2107
2100
2084
2093
2107
2114
2125
2110
2127
2133
2152
2168
2156
2142
2143
2142
2155
2164
2170
2178
2174
2173
2194
2208
2224
2238
2243
2252
2250
2259
2246
2246
2253
2270
2289
2308
2306
2309
2307
2304
2300
2302
2301
2308
2303
2284
2280
2276
2274
2273
2272
2275
2280
2293
2292
2278
2275
2268
2267
2283
2295
2307
2307
2307
2307
2318
2305
2298
2285
2276
2272
2274
2268
2268
2262
2250
2267
2274
2273
2284
2291
2309
2320
2323
2322
2319
2316
2327
2336
2328
2323
2325
2328
2316
2329
2331
2340
2334
2331
2338
2338
2336
2326
2317
2310
2298
2310
2301
2304
2301
2299
2292
2278
2276
2259
2255
2246
2250
2247
2238
2244
2248
2235
2232
2228
2222
2239
2257
2275
2282
2287
2302
2314
2299
2294
2297
2286
2273
2256
2224
2217
2201
2194
2197
2190
2209
2218
2244
2264
2269
2280
2278
2296
2301
2304
2321
2336
2307
2316
2318
2313
2314
2315
2320
2329
2334
2333
2337
2332
2335
2338
2345
2354
2354
2356
2350
2350
2370
2363
2379
2387
2385
2375
2376
2366
2360
2352
2354
2348
2359
2355
2346
2354
2364
2354
2353
2343
2338
2348
2348
2344
2351
2339
2332
2342
2344
2341
2334
2331
2318
2315
2319
2334
2339
2327
2338
2365
2374
2363
2355
2355
2354
2365
2370
2366
2377
2373
2386
2383
2379
2376
2378
2359
2367
2355
2350
2361
2351
2353
2353
2351
2348
2332
2318
2320
2320
2316
2296
2299
2302
2306
2310
2315
2314
2319
2316
2317
2300
2286
2258
2243
2218
2205
2208
2215
2220
2218
2227
2230
2247
2242
2255
2257
2261
2271
2276
2272
2258
2235
2224
2202
2176
2147
2127
2115
2107
2118
2132
2141
2158
2176
2200
2194
2190
2185
2187
2169
2176
2170
2154
2163
2173
2159
2164
2166
2168
2169
2185
2190
2189
2186
2187
2192
2191
2192
2172
2165
2159
2163
2159
2159
2164
2149
2150
2151
2137
2128
2139
2152
2146
2153
2130
2113
2118
2109
2103
2095
2108
2108
2133
2126
2126
2114
2121
2125
2130
2121
2114
2098
2085
2080
2067
2051
2051
2050
2042
2036
2033
2032
2027
2029
2014
1991
1989
2002
1995
2001
2009
2013
2005
2008
2010
2002
1995
1991
1984
1979
1986
1993
2019
2018
2021
2023
2037
2055
2067
2081
2097
2102
2098
2079
2077
2095
2110
2098
2099
2102
2094
2098
2090
2084
2075
2068
2059
2079
2074
2082
2088
2104
2115
2113
2118
2127
2120
2124
2115
2110
2101
2099
2088
2074
2049
2040
2040
2021
2001
2007
2015
2013
2025
2036
2045
2040
2035
2026
2017
2009
1998
1974
1969
1958
1954
1932
1931
1938
1932
1962
1964
1974
1989
1998
2007
2019
2027
2034
2035
2038
2047
2073
2099
2109
2114
2105
2100
2091
2073
2059
2043
2036
2033
2038
2037
2039
2040
2053
2041
2055
2038
2007
1998
1999
2006
2004
2007
2011
2028
2050
2061
2068
2076
2081
2080
2082
2092
2102
2111
2115
2099
2079
2052
2040
2032
2016
2009
2000
1998
1999
1997
1995
1988
1987
1991
2000
2010
2029
2056
2067
2075
2093
2097
2104
2094
2095
2097
2103
2104
2103
2096
2113
2122
2128
2134
2135
2130
2146
2143
2131
2139
2153
2146
2148
2162
2162
2173
2172
2174
2185
2199
2201
2199
2191
2198
2187
2183
2173
2174
2166
2153
2167
2169
2169
2172
2181
2176
2192
2191
2190
2179
2172
2171
2187
2190
2190
2183
2185
2202
2202
2186
2210
2201
2188
2178
2174
2157
2142
2133
2126
2115
2122
2133
2130
2125
2127
2117
2111
2091
2083
2072
2074
2073
2057
2040
2050
2027
2007
1988
1994
2012
2028
2047
2054
2084
2111
2120
2125
2102
2104
2100
2100
2077
2044
2019
1987
1979
1966
1955
1942
1911
1895
1888
1873
1875
1869
1880
1882
1907
1921
1926
1933
1935
1929
1931
1939
1934
1934
1924
1924
1912
1907
1896
1882
1873
1864
1876
1885
1872
1863
1857
1868
1874
1875
1869
1865
1862
1878
1886
1889
1900
1908
1914
1922
1931
1948
1958
1959
1974
1981
1981
1983
1993
2009
2021
2027
2024
2025
2031
2037
2044
2054
2034
2009
1976
1970
1957
1938
1921
1928
1914
1916
1930
1940
1945
1964
1982
1996
1992
2002
2008
2017
2030
2030
2027
2017
2005
2003
2001
1999
1988
1983
1979
1963
1955
1945
1921
1927
1913
1896
1885
1895
1909
1921
1956
1977
2002
2005
2004
2000
2012
2012
2020
2006
1992
1965
1966
1969
1965
1957
1951
1943
1933
1921
1927
1930
1936
1950
1957
1965
1974
1993
2009
2032
2060
2074
2092
2107
2117
2117
2108
2093
2078
2060
2041
2029
2022
1998
1982
1985
1990
2000
2021
2035
2058
2067
2071
2075
2069
2070
2054
2034
2010
1991
1984
1967
1946
1922
1920
1929
1931
1943
1956
1972
1991
2002
2018
2028
2040
2042
2047
2045
2053
2055
2069
2069
2066
2054
2066
2069
2072
2084
2086
2100
2096
2090
2079
2075
2069
2046
2009
1994
1992
1984
1981
1974
1974
1980
2013
2031
2056
2059
2057
2063
2079
2065
2050
2054
2056
2068
2050
2046
2023
1996
1968
1948
1927
1896
1877
1862
1844
1836
1813
1815
1813
1815
1840
1847
1846
1863
1895
1926
1952
1972
1975
1978
1992
1984
1993
1989
1986
1988
1997
2007
2007
2024
2036
2044
2036
2025
2012
2007
2009
2015
2009
2010
2021
2013
2022
2041
2054
2053
2050
2042
2040
2037
2040
2038
2040
2048
2055
2068
2086
2100
2107
2103
2101
2111
2106
2111
2101
2105
2104
2109
2099
2086
2068
2068
2044
2038
2046
2051
2041
2048
2046
2037
2027
2026
2030
2034
2035
2037
2046
2032
2034
2041
2057
2057
2077
2088
2103
2103
2097
2090
2099
2081
2064
2040
2020
2011
1988
1991
1995
2001
1994
2001
2020
2047
2048
2046
2044
2050
2043
2041
2057
2065
2053
2052
2045
2044
2053
2054
2055
2035
2028
2027
2050
2070
2080
2091
2110
2107
2112
2104
2114
2116
2123
2123
2119
2116
2108
2094
2075
2061
2044
2028
2011
1999
2002
2016
2021
2016
2015
2012
2013
2016
2030
2040
2035
2034
2028
2022
2044
2049
2039
2046
2043
2039
2030
2050
2049
2045
2055
2052
2036
2020
2011
1985
1952
1915
1889
1870
1857
1835
1827
1827
1825
1813
1810
1818
1822
1842
1871
1888
1932
1969
1995
2019
2038
2048
2054
2053
2055
2058
2060
2072
2076
2075
2080
2094
2103
2104
2108
2113
2135
2139
2135
2129
2116
2097
2092
2091
2095
2103
2092
2077
2082
2081
2067
2076
2060
2058
2062
2041
2010
1993
1992
2008
2024
2035
2038
2049
2051
2077
2083
2094
2100
2129
2127
2138
2135
2143
2143
2145
2149
2141
2133
2115
2100
2102
2109
2106
2117
2126
2121
2118
2143
2154
2160
2158
2168
2175
2187
2194
2217
2209
2218
2223
2236
2232
2239
2241
2235
2210
2194
2195
2199
2189
2188
2197
2191
2184
2183
2183
2176
2182
2189
2202
2203
2200
2187
2195
2197
2192
2188
2196
2204
2209
2213
2218
2215
2221
2225
2203
2197
2189
2169
2150
2131
2117
2108
2093
2082
2071
2060
2043
2022
2022
2029
2030
2023
2033
2038
2032
2030
2042
2039
2045
2037
2038
2028
2027
2027
2025
2020
2018
2001
2011
2023
2038
2068
2076
2083
2084
2082
2095
2100
2103
2130
2140
2139
2147
2154
2144
2138
2137
2141
2137
2129
2113
2097
2092
2082
2058
2024
2008
2008
1999
2020
2022
2040
2047
2058
2065
2077
2072
2093
2113
2113
2126
2134
2133
2139
2143
2140
2138
2126
2116
2108
2100
2089
2078
2073
2070
2067
2079
2078
2082
2082
2088
2099
2102
2095
2099
2084
2068
2068
2055
2039
2025
2002
2009
2007
2026
2042
2036
2062
2074
2064
2071
2082
2077
2076
2066
2056
2051
2053
2059
2067
2057
2052
2050
2039
2028
2017
2024
2026
2022
2017
2008
2003
1980
1973
1984
1974
1965
1946
1929
1931
1938
1948
1972
2000
2019
2053
2076
2102
2120
2129
2129
2129
2120
2130
2133
2120
2114
2099
2097
2088
2072
2067
2058
2057
2039
2032
2054
2062
2068
2063
2048
2048
2062
2056
2064
2077
2083
2085
2093
2101
2100
2112
2120
2095
2088
2096
2088
2083
2083
2081
2084
2085
2091
2092
2084
2079
2072
2070
2076
2061
2058
2052
2038
2030
2029
2026
2050
2063
2077
2084
2075
2092
2105
2110
2121
2114
2108
2096
2087
2068
2067
2066
2071
2058
2068
2060
2056
2064
2074
2079
2074
2075
2075
2068
2074
2059
2040
2038
2045
2052
2059
2044
2034
2049
2053
2068
2070
2068
2053
2041
2014
1982
1969
1942
1893
1879
1864
1844
1835
1837
1839
1826
1817
1822
1839
1857
1860
1875
1895
1902
1910
1916
1923
1931
1938
1950
1970
1975
1987
1979
1977
1971
1978
1965
1946
1917
1891
1875
1885
1889
1881
1885
1885
1864
1864
1877
1887
1868
1851
1829
1812
1812
1800
1783
1782
1787
1797
1833
1847
1875
1897
1914
1928
1930
1919
1918
1913
1909
1895
1889
1897
1903
1919
1924
1928
1918
1927
1930
1947
1948
1943
1936
1940
1924
1944
1966
1973
1976
1987
1995
2002
2014
2028
2029
2045
2056
2074
2064
2051
2044
2054
2060
2066
2075
2081
2093
2099
2106
2104
2099
2089
2086
2072
2067
2057
2041
2027
2033
2035
2039
2046
2060
2067
2078
2100
2095
2122
2119
2109
2097
2086
2059
2052
2033
2029
2031
2034
2042
2064
2084
2109
2127
2161
2177
2182
2185
2182
2173
2169
2161
2148
2140
2112
2094
2075
2068
2072
2093
2099
2121
2132
2137
2160
2168
2175
2181
2182
2177
2168
2158
2143
2137
2129
2118
2115
2117
2096
2095
2105
2106
2118
2124
2139
2150
2156
2152
2158
2162
2159
2172
2172
2154
2140
2137
2120
2101
2095
2103
2121
2124
2134
2170
2179
2186
2193
2203
2200
2194
2203
2200
2202
2192
2180
2180
2168
2133
2127
2119
2127
2112
2101
2095
2106
2118
2135
2156
2162
2170
2178
2200
2214
2230
2244
2253
2245
2237
2231
2228
2203
2208
2221
2200
2197
2197
2206
2222
2224
2225
2241
2243
2234
2230
2242
2249
2242
2232
2242
2230
2219
2220
2224
2227
2229
2229
2229
2212
2219
2237
2242
2263
2269
2268
2259
2237
2250
2262
2257
2259
2241
2241
2233
2242
2254
2247
2243
2247
2250
2255
2251
2248
2261
2256
2257
2249
2245
2237
2235
2224
2235
2247
2243
2233
2228
2204
2203
2204
2191
2193
2180
2172
2164
2156
2142
2126
2108
2096
2091
2105
2106
2101
2125
2115
2135
2138
2144
2152
2152
2150
2143
2133
2113
2101
2111
2115
2112
2093
2078
2060
2043
2019
2018
2017
2010
1999
2000
2009
2003
2018
2039
2055
2070
2072
2063
2060
2039
2020
1986
1977
1987
1979
1972
1979
1986
1977
1968
1969
1974
1975
1993
2004
2009
2010
2010
2016
2025
2020
2033
2018
2009
2006
2008
2011
2022
1995
2013
2028
2041
2049
2051
2037
2015
2003
1995
1983
1993
1989
2013
2037
2052
2054
2065
2056
2063
2057
2053
2064
2062
2070
2078
2089
2106
2123
2133
2142
2159
2158
2166
2170
2156
2133
2119
2103
2100
2102
2105
2127
2131
2139
2160
2161
2166
2165
2160
2140
2134
2102
2097
2106
2101
2095
2106
2095
2097
2093
2106
2101
2108
2109
2117
2130
2138
2135
2147
2155
2154
2127
2113
2099
2074
2069
2054
2048
2059
2055
2034
2049
2041
2045
2041
2060
2068
2070
2064
2049
2052
2055
2057
2059
2055
2048
2052
2043
2062
2063
2062
2043
2044
2042
2042
2056
2071
2063
2044
2028
2012
1991
1963
1923
1902
1880
1841
1832
1827
1847
1866
1888
1902
1931
1947
1965
1978
2001
2009
2021
2030
2035
2035
2025
2021
2032
2043
2050
2063
2059
2056
2059
2070
2077
2074
2063
2062
2056
2055
2070
2077
2086
2084
2074
2077
2060
2050
2040
2049
2058
2057
2056
2067
2082
2096
2110
2113
2114
2110
2118
2101
2087
2076
2044
2035
2020
2014
2018
2024
2020
2024
2021
2026
2031
2023
2037
2028
2025
2031
2022
2014
2005
1995
1992
1997
2007
2016
2037
2037
2040
2044
2039
2035
2026
2031
2032
2041
2061
2070
2091
2090
2094
2100
2093
2085
2070
2066
2039
5835
2148
2171
2189
2189
2158
2120
2104
2084
2090
2094
2119
2138
2177
2210
2229
2230
2229
2221
2205
2185
2151
2141
2124
2132
2136
2166
2190
2214
2221
2224
2211
2198
2179
2173
2142
2135
2125
2121
2128
2139
2142
2152
2149
2124
2099
2067
2057
2043
2058
2054
2068
2086
2108
2133
2162
2166
2205
2224
2256
2271
2280
2255
2236
2234
2236
2239
2284
2303
2320
2326
2340
2320
2300
2279
2251
2220
2194
2180
2172
2179
2161
2169
2179
2175
2179
2203
2222
2233
2221
2208
2178
2179
2181
2187
2193
2219
2221
2218
2194
2214
2231
2235
2210
2194
2190
2176
2160
2150
2161
2179
2200
2202
2221
2241
2275
2301
2325
2343
2360
2363
2380
2366
2330
2261
2200
2114
2021
1915
1840
1771
1745
1762
1807
1871
1941
2009
2069
2120
2171
2208
2215
2224
2203
2167
2095
2031
1975
1951
1944
1924
1943
1977
2012
2051
2108
2143
2155
2154
2141
2131
2118
2104
2090
2063
2043
2037
2063
2100
2144
2177
2171
2140
2090
2036
1983
1916
1839
1782
1765
1773
1825
1894
1951
2002
2023
2031
2023
2030
2039
2046
2042
2031
2000
1989
1998
2045
2090
2139
2194
2236
2263
2281
2265
2240
2210
2197
2188
2143
2106
2068
2025
2001
1999
1985
1993
1987
1991
1979
1970
1925
1907
1890
1868
1823
1785
1739
1679
1661
1680
1724
1787
1819
1837
1845
1862
1876
1895
1937
1963
2006
2015
2045
2050
2087
2114
2147
2151
2159
2146
2130
2107
2111
2114
2137
2166
2198
2222
2237
2255
2278
2276
2232
2206
2168
2145
2097
2055
2024
2038
2063
2109
2149
2194
2215
2253
2287
2320
2334
2355
2355
2346
2333
2297
2248
2190
2144
2092
2055
2036
2030
2025
2038
2057
2108
2167
2210
2252
2291
2335
2383
2415
2439
2442
2448
2442
2450
2440
2420
2404
2400
2411
2423
2437
2447
2436
2436
2428
2419
2417
2403
2395
2380
2378
2391
2395
2380
2386
2385
2375
2360
2364
2362
2366
2380
2399
2411
2432
2442
2437
2449
2451
2464
2472
2488
2487
2470
2460
2468
2471
2482
2478
2478
2484
2486
2476
2457
2444
2452
2463
2448
2423
2394
2367
2354
2337
2321
2322
2326
2335
2343
2331
2353
2364
2366
2370
2367
2361
2352
2332
2323
2311
2295
2288
2289
2285
2284
2301
2302
2277
2252
2249
2260
2271
2267
2252
2238
2242
2261
2285
2298
2336
2374
2413
2435
2444
2437
2436
2444
2457
2447
2458
2452
2434
2412
2384
2361
2353
2347
2342
2324
2292
2281
2264
2260
2264
2267
2265
2282
2279
2291
2276
2269
2240
2239
2223
2231
2235
2243
2230
2234
2245
2302
2262
2288
2284
2300
2280
2292
2293
2303
2327
2347
2350
2341
2334
2326
2297
2254
2222
2215
2222
2222
2240
2244
2233
2206
2210
2223
2247
2256
2283
2308
2322
2288
2239
2211
2202
2170
2171
2179
2197
2211
2216
2226
2240
2222
2195
2173
2172
2177
2168
2153
2127
2107
2078
2032
1967
1919
1875
1825
1777
1750
1742
1738
1753
1798
1850
1904
1964
2029
2102
2182
2220
2242
2271
2293
2307
2295
2294
2295
2308
2321
2294
2246
2171
2094
2006
1921
1862
1820
1792
1790
1824
1867
1905
1934
1959
1967
1982
1995
2027
2036
2037
2042
2041
2046
2046
2051
2077
2074
2045
2015
1992
1955
1923
1889
1883
1888
1883
1880
1900
1907
1898
1908
1914
1913
1908
1925
1949
1967
2000
2032
2057
2092
2123
2136
2121
2109
2072
2057
2035
2025
2000
1996
1992
2032
2082
2111
2128
2132
2120
2088
2029
1986
1935
1887
1850
1800
1764
1722
1718
1719
1725
1715
1718
1709
1736
1751
1785
1779
1809
1823
1854
1873
1868
1854
1859
1873
1884
1897
1899
1888
1885
1880
1887
1897
1912
1941
1939
1923
1888
1884
1867
1839
1766
1716
1651
1593
1531
1507
1501
1512
1499
1483
1468
1445
1448
1433
1405
1411
1456
1505
1537
1551
1574
1586
1583
1565
1565
1549
1523
1505
1530
1585
1645
1689
1749
1785
1824
1843
1863
1881
1890
1902
1930
1929
1962
2000
2032
2059
2084
2101
2097
2080
2090
2112
2120
2141
2168
2162
2168
2169
2156
2100
2047
1969
1920
1878
1826
1777
1727
1657
1601
1567
1553
1564
1599
1625
1651
1669
1671
1682
1679
1669
1653
1648
1649
1678
1709
1738
1776
1797
1801
1817
1811
1809
1797
1783
1765
1736
1755
1790
1811
1853
1914
1926
1926
1902
1873
1801
1727
1675
1631
1570
1515
1470
1432
1437
1461
1497
1536
1575
1632
1693
1749
1753
1713
1683
1659
1632
1576
1553
1569
1619
1653
1690
1733
1792
1820
1837
1861
1859
1854
1845
1858
1857
1850
1806
1763
1727
1696
1657
1653
1640
1649
1668
1727
1755
1770
1758
1720
1662
1605
1544
1473
1440
1431
1487
1540
1586
1601
1595
1593
1630
1667
1721
1760
1820
1869
1920
1979
2008
2037
2038
2026
2000
1971
1930
1888
1815
1750
1635
1549
1440
1384
1343
1373
1380
1419
1455
1498
1521
1524
1505
1451
1421
1385
1387
1392
1421
1474
1522
1597
1659
1692
1739
1773
1815
1832
1853
1859
1872
1903
1919
1928
1953
1961
1971
1984
1988
1958
1909
1871
1851
1824
1783
1737
1663
1583
1504
1459
1457
1489
1539
1642
1726
1807
1884
1946
1969
1959
1945
1926
1939
1923
1917
1895
1882
1873
1887
1866
1874
1879
1907
1944
1983
2007
2043
2079
2105
2137
2159
2137
2078
2002
1912
1801
1719
1635
1601
1597
1593
1580
1582
1605
1630
1640
1676
1702
1746
1805
1878
1957
1994
1986
1948
1865
1799
1761
1727
1682
1632
1577
1544
1546
1555
1574
1576
1595
1600
1630
1674
1733
1779
1825
1869
1931
1948
1949
1948
1978
2031
2068
2078
2043
2003
1947
1891
1840
1802
1798
1832
1852
1874
1879
1896
1909
1948
1948
1946
1963
1968
1946
1866
1789
1727
1685
1620
1571
1554
1588
1640
1710
1759
1828
1871
1914
1939
1952
1939
1914
1872
1833
1807
1798
1786
1797
1829
1839
1853
1843
1847
1840
1870
1891
1948
1953
1974
1978
1990
1975
1983
1993
1985
1952
1941
1929
1944
1927
1891
1863
1826
1803
1758
1742
1743
1766
1798
1843
1881
1933
1957
1962
1962
1937
1927
1912
1885
1839
1809
1783
1762
1757
1761
1786
1791
1803
1836
1876
1913
1973
2012
2059
2119
2140
2178
2194
2215
2199
2171
2136
2113
2062
1999
1965
1947
1934
1911
1897
1851
1801
1750
1725
1706
1708
1733
1751
1799
1855
1911
1945
1961
1983
1987
2003
2031
2069
2083
2094
2075
2083
2087
2088
2116
2141
2129
2097
2079
2015
1983
1934
1888
1832
1780
1738
1695
1637
1620
1633
1662
1695
1729
1771
1838
1923
1981
1995
2024
2042
2058
2049
2034
2021
2016
2004
1977
1929
1886
1848
1837
1859
1861
1861
1844
1858
1886
1917
1948
2012
2032
2061
2079
2106
2109
2111
2110
2111
2098
2082
2071
2058
2049
2057
2060
2060
2083
2101
2118
2106
2103
2100
2099
2098
2079
2037
1989
1915
1902
1893
1907
1909
1912
1909
1926
1973
2027
2043
2074
2104
2115
2117
2118
2126
2133
2157
2162
2141
2135
2130
2093
2055
1976
1909
1843
1786
1764
1778
1807
1852
1860
1871
1833
1757
1732
1727
1753
1755
1758
1755
1782
1834
1909
1980
2064
2138
2194
2223
2232
2230
2222
2205
2166
2111
2048
1987
1926
1838
1771
1711
1642
1611
1570
1548
1558
1579
1591
1628
1671
1743
1804
1900
1992
2080
2125
2136
2101
2054
1977
1880
1812
1740
1694
1671
1693
1733
1778
1838
1904
1981
2031
2050
2060
2037
2025
2013
1991
1963
1946
1927
1913
1908
1912
1915
1903
1877
1867
1879
1878
1903
1933
1958
1977
1982
1980
1987
2011
2028
2039
2031
2004
1981
1953
1920
1875
1851
1836
1839
1849
1861
1872
1904
1918
1940
1945
1941
1912
1879
1879
1889
1904
1943
1987
2036
2060
2087
2091
2078
2069
2044
2018
1990
1974
1952
1952
1945
1956
1959
1975
1983
2003
2022
2062
2076
2106
2137
2157
2160
2130
2108
2073
2067
2054
2061
2079
2099
2118
2156
2159
2159
2127
2114
2096
2115
2137
2154
2162
2175
2188
2206
2211
2181
2143
2099
2091
2062
2051
2034
2021
1998
2013
2034
2036
2019
1987
1978
2005
2051
2115
2140
2144
2126
2094
2092
2113
2108
2090
2071
2054
2060
2066
2060
2053
2062
2063
2053
2047
2027
2023
2018
2003
1994
1971
1963
1972
1971
1993
2006
2024
2013
2007
2006
2010
1975
1932
1904
1912
1899
1892
1874
1841
1787
1742
1695
1664
1642
1635
1634
1638
1618
1597
1601
1593
1613
1627
1638
1624
1614
1612
1595
1575
1568
1575
1643
1701
1767
1846
1909
1962
2021
2072
2082
2094
2087
2089
2094
2094
2098
2119
2139
2174
2205
2214
2190
2149
2094
2030
1937
1847
1764
1677
1606
1543
1500
1484
1485
1479
1482
1499
1540
1590
1631
1649
1684
1699
1683
1682
1677
1679
1690
1740
1815
1843
1839
1830
1840
1839
1843
1858
1875
1896
1937
1996
2046
2067
2074
2082
2102
2109
2113
2097
2065
2036
2033
2007
1944
1888
1848
1813
1800
1824
1856
1894
1909
1928
1935
1952
1980
1994
1994
2015
2034
2035
2023
2007
2001
2016
2053
2065
2105
2105
2121
2154
2185
2183
2192
2182
2151
2148
2145
2126
2101
2065
2033
2006
1968
1946
1908
1870
1823
1795
1786
1812
1871
1929
1971
2015
2045
2074
2059
2019
1971
1934
1873
1848
1838
1864
1889
1948
2055
2135
2207
2279
2339
2355
2372
2387
2398
2385
2364
2308
2259
2220
2196
2213
2225
2239
2251
2249
2237
2198
2169
2139
2106
2074
2045
2035
2023
2023
2012
2000
2000
2006
2004
2022
2069
2126
2170
2232
2282
2322
2348
2386
2430
2463
2479
2499
2520
2531
2550
2525
2489
2445
2420
2395
2361
2338
2329
2329
2336
2321
2313
2280
2244
2258
2256
2249
2241
2241
2248
2251
2260
2260
2262
2272
2278
2276
2282
2296
2319
2311
2307
2308
2308
2316
2324
2338
2344
2340
2330
2354
2382
2423
2456
2484
2513
2513
2506
2487
2463
2446
2423
2430
2431
2420
2416
2431
2442
2451
2463
2471
2483
2478
2484
2479
2482
2481
2476
2476
2493
2495
2499
2483
2484
2474
2477
2475
2485
2494
2475
2455
2433
2417
2403
2404
2391
2381
2374
2375
2366
2362
2359
2367
2369
2376
2385
2405
2410
2434
2414
2406
2354
2311
2263
2223
2191
2170
2170
2169
2198
2203
2216
2216
2223
2232
2267
2285
2317
2330
2343
2346
2364
2358
2349
2336
2303
2273
2240
2194
2183
2159
2170
2166
2152
2140
2132
2149
2159
2172
2179
2208
2220
2253
2271
2283
2269
2264
2245
2237
2221
2218
2200
2196
2198
2185
2170
2158
2151
2150
2168
2153
2162
2164
2168
2178
2190
2196
2200
2210
2210
2215
2230
2220
2218
2210
2198
2192
2156
2093
2054
2023
1986
1992
2008
2045
2082
2154
2185
2196
2185
2191
2193
2193
2190
2187
2185
2191
2174
2143
2098
2041
1983
1919
1854
1808
1779
1754
1744
1747
1798
1875
1934
1961
1978
1994
1995
1994
2016
2000
2003
2014
2021
2011
1999
1982
1957
1973
1995
2036
2099
2132
2156
2154
2153
2155
2156
2181
2222
2249
2253
2249
2252
2250
2280
2298
2311
2332
2359
2377
2378
2372
2344
2344
2344
2337
2336
2335
2327
2332
2319
2314
2326
2324
2328
2309
2300
2300
2324
2335
2351
2341
2343
2345
2331
2313
2303
2307
2293
2268
2212
2171
2131
2107
2071
2040
2031
2046
2091
2131
2170
2193
2211
2220
2212
2205
2191
2159
2126
2100
2076
2045
2047
2069
2133
2192
2235
2286
2331
2353
2355
2343
2330
2307
2261
2234
2187
2151
2103
2079
2062
2050
2031
2027
2026
2025
2029
2046
2064
2079
2098
2128
2151
2163
2165
2162
2183
2191
2186
2145
2105
2041
1998
1961
1957
1951
1947
1955
1983
1993
2056
2095
2109
2094
2085
2090
2087
2085
2096
2107
2118
2137
2139
2158
2176
2170
2132
2119
2104
2095
2102
2105
2100
2107
2124
2139
2161
2152
2103
2075
2063
2035
1976
1923
1898
1883
1856
1813
1766
1734
1762
1810
1855
1894
1912
1913
1900
1880
1873
1859
1835
1811
1784
1746
1714
1683
1668
1682
1697
1678
1679
1685
1703
1720
1782
1811
1817
1825
1848
1867
1877
1887
1914
1928
1915
1902
1916
1950
2000
2058
2075
2047
2012
1966
1915
1891
1883
1851
1818
1814
1838
1861
1870
1896
1894
1893
1905
1892
1871
1855
1866
1844
1817
1779
1789
1829
1878
1940
1999
2041
2107
2160
2222
2268
2279
2284
2255
2256
2234
2201
2134
2054
1978
1936
1870
1794
1708
1681
1677
1726
1769
1814
1870
1915
1970
2029
2095
2148
2196
2207
2210
2181
2180
2151
2133
2097
2104
2095
2108
2099
2120
2149
2198
2220
2214
2186
2150
2128
2124
2115
2079
2050
2028
2044
2028
2013
1985
1965
1907
1896
1869
1885
1906
1947
1975
2011
2050
2061
2054
2035
2014
2000
2010
2029
2061
2061
2042
2029
2028
2043
2074
2068
2066
2066
2084
2093
2095
2106
2122
2106
2059
2041
2020
2030
2058
2075
2096
2114
2110
2115
2113
2124
2115
2097
2085
2070
2056
2040
2019
2010
2033
2085
2151
2206
2244
2277
2280
2286
2279
2275
2271
2257
2229
2178
2147
2111
2106
2091
2118
2142
2192
2205
2174
2153
2159
2168
2157
2152
2128
2092
2054
2002
1966
1919
1879
1857
1841
1822
1814
1798
1814
1857
1899
1943
1985
1996
1991
1982
1978
1942
1891
1854
1840
1855
1856
1855
1832
1812
1791
1790
1802
1828
1857
1860
1858
1878
1883
1887
1858
1822
1749
1665
1596
1549
1529
1529
1556
1599
1668
1749
1838
1901
1957
1973
1961
1919
1865
1813
1787
1759
1735
1733
1741
1769
1787
1784
1741
1669
1609
1551
1460
1424
1368
1384
1408
1498
1586
1666
1703
1725
1727
1751
1780
1785
1790
1800
1793
1786
1783
1793
1808
1827
1848
1877
1925
1949
2000
2024
2037
1969
1905
1858
1817
1793
1775
1740
1737
1740
1746
1786
1823
1861
1886
1881
1870
1857
1834
1809
1743
1692
1635
1608
1602
1630
1652
1660
1663
1677
1699
1739
1785
1834
1875
1902
1887
1844
1781
1743
1715
1686
1669
1651
1639
1619
1631
1679
1778
1863
1930
1978
2006
2034
2077
2087
2091
2080
2070
2074
2090
2111
2106
2091
2075
2060
2052
2039
2023
1987
1936
1875
1803
1757
1717
1688
1691
1706
1758
1817
1891
1965
2022
2074
2113
2114
2107
2097
2086
2069
2044
2019
2000
1991
2000
2042
2093
2135
2176
2214
2224
2224
2196
2180
2177
2172
2142
2129
2109
2106
2116
2119
2098
2060
2011
1953
1909
1885
1883
1894
1945
1983
2008
2016
2007
2002
1982
1957
1948
1947
1966
1973
1991
2001
2002
2031
2048
2068
2087
2100
2098
2100
2100
2106
2099
2084
2061
2055
2019
1988
1954
1907
1878
1839
1816
1812
1837
1828
1828
1795
1764
1704
1627
1559
1533
1500
1510
1527
1567
1585
1627
1683
1746
1807
1845
1900
1937
1969
2011
2055
2079
2088
2064
2061
2053
2080
2069
2083
2075
2088
2078
2070
2051
2030
2014
1990
1942
1925
1930
1945
1977
1980
1978
1961
1963
1954
1961
1958
1965
1951
1949
1955
1963
1974
1974
1984
2003
2024
2055
2057
2018
1958
1910
1877
1856
1877
1914
1972
2020
2044
2035
2023
2018
2010
1995
1975
1944
1951
1969
1968
1967
1960
1952
1930
1905
1886
1859
1805
1767
1745
1747
1754
1727
1711
1706
1706
1697
1663
1601
1551
1510
1501
1515
1556
1600
1640
1691
1765
1861
1915
1987
2053
2112
2135
2119
2125
2105
2083
2051
2013
1978
1967
1956
1955
1982
1984
1967
1912
1830
1748
1668
1600
1542
1525
1551
1600
1627
1662
1715
1759
1809
1839
1867
1906
1944
1963
1957
1928
1892
1881
1882
1864
1875
1859
1854
1855
1863
1860
1868
1859
1839
1796
1754
1713
1671
1596
1484
1377
1295
1225
1198
1202
1203
1230
1277
1347
1387
1424
1427
1421
1408
1427
1474
1542
1595
1608
1585
1570
1571
1600
1610
1559
1480
1376
1303
1215
1131
1049
1015
987
1026
1066
1144
1219
1309
1359
1417
1486
1551
1601
1624
1609
1559
1504
1433
1393
1345
1345
1363
1404
1461
1534
1598
1688
1755
1822
1870
1906
1922
1949
1967
1981
1988
1993
2002
2038
2052
2055
2079
2060
2028
1972
1940
1903
1904
1917
1947
1976
2035
2080
2121
2121
2116
2094
2079
2075
2080
2071
2068
2062
2069
2066
2061
2070
2082
2107
2116
2139
2175
2193
2181
2156
2130
2090
2037
1975
1915
1893
1872
1863
1860
1854
1871
1875
1840
1819
1812
1795
1740
1678
1627
1592
1547
1513
1493
1490
1504
1517
1542
1564
1589
1591
1580
1582
1580
1576
1565
1538
1528
1522
1521
1530
1563
1581
1619
1651
1649
1623
1598
1535
1487
1441
1421
1393
1326
1276
1231
1217
1216
1245
1295
1355
1431
1507
1565
1618
1657
1684
1665
1667
1656
1641
1638
1636
1617
1590
1574
1580
1583
1591
1623
1683
1761
1835
1879
1906
1957
1991
2055
2088
2114
2109
2080
2013
1959
1890
1824
1820
1838
1847
1832
1795
1740
1711
1693
1707
1717
1750
1738
1703
1634
1592
1545
1553
1554
1567
1555
1559
1562
1593
1631
1657
1703
1742
1798
1835
1910
1944
1969
1984
2017
2042
2076
2074
2091
2089
2085
2074
2065
2030
2033
2030
2043
2024
2002
1983
1956
1946
1926
1916
1900
1897
1876
1857
1831
1801
1758
1720
1667
1635
1571
1507
1451
1416
1401
1371
1349
1366
1416
1489
1549
1609
1669
1719
1759
1753
1763
1768
1794
1836
1895
1926
1925
1889
1852
1814
1777
1734
1689
1653
1623
1609
1604
1613
1657
1706
1748
1771
1798
1843
1862
1857
1832
1805
1758
1714
1687
1686
1694
1685
1694
1739
1782
1827
1896
1958
2005
2034
2005
1980
1936
1881
1818
1747
1680
1643
1604
1573
1557
1535
1513
1499
1491
1504
1531
1552
1601
1661
1730
1763
1803
1831
1878
1935
1999
2054
2110
2124
2148
2143
2133
2091
2050
2004
1988
2004
2003
2000
1977
1950
1923
1917
1896
1885
1870
1859
1833
1823
1820
1857
1882
1930
1989
2079
2139
2187
2191
2191
2153
2120
2099
2073
2038
2013
1986
1976
2000
2022
2089
2123
2139
2109
2084
2028
1975
1938
1926
1915
1929
1952
2026
2098
2201
2264
2298
2324
2333
2355
2364
2364
2345
2337
2305
2286
2260
2256
2246
2251
2244
2251
2231
2228
2242
2238
2232
2218
2196
2168
2153
2137
2148
2150
2162
2148
2144
2137
2161
2194
2248
2272
2305
2342
2404
2444
2464
2460
2454
2483
2486
2490
2494
2507
2490
2492
2486
2489
2468
2452
2402
2339
2257
2170
2106
2061
2054
2060
2072
2072
2096
2136
2195
2240
2291
2327
2362
2381
2379
2354
2342
2307
2251
2201
2137
2089
2066
2053
2062
2096
2145
2186
2251
2290
2332
2369
2384
2382
2343
2315
2272
2251
2207
2182
2162
2141
2099
2055
2016
2035
2064
2096
2118
2150
2182
2209
2237
2229
2202
2187
2167
2164
2150
2155
2150
2143
2136
2119
2107
2086
2060
2040
2026
2008
2022
2061
2088
2116
2150
2160
2179
2187
2187
2182
2197
2207
2222
2232
2251
2256
2275
2296
2319
2321
2344
2380
2408
2432
2436
2441
2455
2459
2460
2469
2456
2459
2450
2451
2451
2462
2454
2440
2398
2370
2333
2314
2295
2281
2252
2223
2164
2143
2121
2111
2134
2149
2191
2236
2294
2323
2379
2421
2468
2486
2506
2527
2546
2550
2546
2517
2469
2403
2340
2269
2218
2199
2153
2134
2108
2123
2142
2169
2179
2159
2104
2045
1963
1898
1847
1836
1839
1876
1931
1979
2004
2030
2080
2111
2164
2163
2166
2141
2131
2112
2083
2063
2039
2005
1972
1951
1986
2026
2068
2079
2093
2093
2071
2062
2052
2033
2017
1999
1986
1969
1949
1922
1896
1844
1805
1785
1836
1909
1965
2023
2079
2111
2126
2122
2084
2070
2038
1981
1918
1826
1754
1713
1725
1741
1759
1748
1742
1767
1794
1782
1716
1651
1616
1601
1599
1613
1630
1639
1655
1678
1675
1690
1717
1761
1826
1891
1959
1981
2035
2080
2135
2182
2331
2291
2272
2271
2259
2244
2230
2243
2246
2245
2228
2216
2198
2183
2176
2161
2157
2158
2203
2219
2240
2246
2258
2238
2203
2150
2090
2041
2003
1971
1952
1931
1925
1947
1979
2009
2030
2070
2097
2128
2156
2182
2176
2132
2096
2074
2056
2059
2040
2031
2049
2053
2053
2054
2024
1984
1909
1861
1823
1815
1832
1868
1945
2015
2096
2140
2180
2182
2182
2168
2148
2114
2099
2060
2044
2046
2064
2084
2108
2114
2115
2134
2177
2200
2191
2197
2156
2134
2091
2054
2015
1982
1976
2000
2042
2118
2178
2222
2242
2263
2256
2236
2208
2174
2113
2053
1990
1938
1909
1890
1879
1857
1852
1847
1896
1918
1939
1967
2023
2061
2070
2074
2093
2109
2116
2114
2123
2137
2158
2176
2204
2208
2219
2242
2258
2267
2253
2242
2232
2239
2225
2193
2164
2147
2130
2113
2108
2097
2078
2075
2077
2085
2096
2102
2105
2123
2123
2090
2027
1964
1903
1876
1881
1882
1920
1975
2027
2081
2110
2127
2112
2084
2072
2062
2064
2069
2082
2088
2093
2094
2120
2137
2177
2176
2175
2156
2132
2118
2099
2073
2038
2004
1994
2008
2011
2001
1968
1975
1997
2004
1997
1996
1983
1957
1960
1971
1976
1997
2051
2108
2170
2198
2205
2210
2207
2178
2142
2110
2098
2095
2123
2146
2168
2165
2128
2102
2104
2124
2154
2159
2167
2143
2135
2132
2115
2107
2093
2096
2099
2109
2128
2159
2179
2200
2172
2153
2134
2151
2150
2186
2227
2270
2302
2311
2321
2366
2406
2426
2456
2465
2447
2426
2393
2361
2331
2292
2294
2279
2267
2239
2227
2208
2192
2163
2133
2121
2121
2122
2125
2147
2179
2219
2253
2275
2296
2329
2337
2342
2332
2327
2307
2287
2274
2278
2295
2335
2348
2359
2328
2291
2248
2203
2142
2078
2001
1916
1846
1809
1795
1810
1839
1878
1935
1975
2043
2088
2134
2165
2158
2138
2116
2104
2076
2040
2013
2031
2041
2061
2073
2094
2128
2161
2166
2168
2163
2162
2154
2167
2214
2263
2312
2346
2359
2354
2337
2348
2354
2345
2344
2343
2362
2368
2351
2301
2215
2140
2044
1982
1950
1917
1907
1896
1882
1899
1916
1943
2004
2100
2154
2191
2215
2205
2192
2163
2120
2085
2052
2048
2067
2080
2082
2071
2080
2086
2090
2095
2148
2166
2173
2155
2122
2071
2028
1976
1901
1875
1848
1862
1869
1856
1838
1857
1851
1865
1862
1848
1828
1825
1839
1917
2015
2097
2139
2166
2184
2184
2177
2170
2150
2119
2069
2036
2033
2028
2034
2045
2091
2117
2181
2196
2208
2201
2215
2204
2189
2178
2160
2145
2136
2125
2144
2174
2195
2189
2157
2133
2106
2097
2087
2089
2084
2120
2139
2162
2197
2241
2262
2294
2298
2283
2231
2208
2196
2208
2244
2279
2317
2336
2375
2400
2432
2441
2465
2481
2501
2496
2482
2462
2483
2496
2540
2553
2577
2576
2579
2569
2555
2537
2539
2528
2522
2499
2448
2416
2396
2394
2411
2427
2411
2419
2414
2433
2447
2448
2435
2433
2437
2456
2484
2515
2521
2511
2508
2506
2498
2460
2416
2370
2361
2363
2368
2370
2365
2367
2383
2415
2456
2494
2517
2534
2552
2556
2560
2555
2551
2548
2546
2543
2551
2552
2548
2554
2562
2572
2568
2556
2544
2544
2541
2537
2536
2530
2508
2483
2478
2480
2464
2451
2428
2400
2368
2342
2329
2339
2341
2357
2362
2363
2350
2338
2312
2322
2334
2360
2397
2445
2481
2507
2533
2542
2529
2515
2475
2427
2375
2330
2273
2245
2232
2225
2242
2281
2302
2328
2398
2439
2469
2494
2518
2534
2558
2565
2556
2534
2515
2511
2507
2510
2503
2498
2498
2528
2531
2548
2554
2571
2580
2587
2595
2593
2599
2606
2620
2626
2631
2636
2636
2628
2629
2622
2615
2591
2586
2566
2550
2542
2530
2520
2532
2531
2530
2524
2517
2510
2496
2490
2485
2491
2494
2487
2470
2489
2488
2478
2458
2458
2451
2453
2458
2479
2490
2513
2543
2574
2572
2591
2598
2600
2598
2586
2594
2606
2607
2599
2604
2614
2622
2615
2599
2574
2574
2572
2556
2552
2542
2523
2516
2494
2491
2478
2468
2450
2439
2440
2436
2448
2449
2453
2472
2468
2459
2463
2471
2449
2414
2362
2285
2248
2204
2174
2162
2171
2205
2237
2280
2312
2344
2364
2382
2402
2431
2452
2444
2418
2374
2332
2272
2218
2151
2069
1979
1950
1941
1982
2060
2140
2223
2260
2276
2276
2266
2241
2220
2200
2182
2156
2157
2174
2210
2216
2214
2203
2205
2219
2220
2234
2239
2247
2242
2256
2271
2284
2258
2231
2196
2176
2153
2164
2153
2168
2202
2189
2149
2123
2119
2116
2113
2109
2095
2083
2086
2083
2074
2058
2072
2100
2123
2119
2123
2126
2129
2117
2112
2077
2020
2008
1999
1985
1970
1962
1959
1937
1936
1933
1910
1908
1870
1858
1841
1824
1813
1833
1848
1874
1894
1915
1912
1929
1946
1911
1874
1851
1862
1872
1886
1890
1941
1972
2015
2052
2103
2124
2134
2136
2153
2151
2140
2135
2145
2156
2179
2178
2166
2155
2130
2131
2105
2090
2069
2074
2098
2130
2130
2135
2144
2174
2198
2214
2220
2236
2213
2200
2178
2153
2128
2112
2068
2033
2014
1984
1959
1923
1910
1900
1929
1934
1960
1968
2000
2012
2030
2013
1982
1935
1886
1834
1795
1751
1735
1754
1761
1787
1805
1850
1902
1963
2007
2027
2040
2062
2069
2083
2092
2107
2124
2180
2214
2232
2216
2183
2149
2116
2079
2057
2003
1968
1955
1966
1992
2024
2056
2069
2021
1986
1952
1927
1914
1902
1897
1909
1943
1976
2029
2066
2090
2113
2135
2152
2166
2164
2177
2173
2176
2149
2124
2076
2010
1970
1925
1884
1866
1853
1855
1868
1879
1876
1874
1891
1904
1945
1987
2054
2123
2139
2152
2175
2175
2184
2174
2180
2194
2217
2225
2234
2230
2229
2203
2189
2192
2209
2237
2244
2228
2233
2235
2231
2224
2220
2237
2245
2270
2270
2302
2315
2323
2312
2316
2296
2289
2262
2250
2228
2210
2200
2186
2204
2221
2236
2240
2257
2274
2286
2269
2279
2258
2240
2213
2225
2262
2293
2296
2308
2312
2326
2330
2329
2285
2231
2196
2174
2144
2113
2102
2091
2098
2116
2112
2107
2124
2091
2069
2016
1978
1961
1956
1941
1947
1942
1931
1912
1865
1840
1836
1879
1921
1971
2017
2072
2139
2191
2195
2181
2151
2127
2100
2074
2009
1975
1926
1862
1798
1734
1701
1665
1638
1618
1621
1625
1646
1664
1693
1727
1800
1846
1885
1881
1877
1851
1828
1821
1819
1833
1831
1818
1777
1745
1705
1691
1654
1646
1681
1719
1727
1726
1702
1687
1708
1742
1743
1722
1728
1753
1795
1819
1853
1881
1899
1918
1920
1928
1947
1984
2001
2008
2022
2043
2077
2114
2146
2166
2159
2153
2161
2170
2162
2140
2081
2007
1917
1869
1831
1805
1807
1818
1819
1832
1859
1888
1921
1947
1982
1999
2022
2048
2092
2114
2117
2095
2066
2030
1995
1962
1954
1955
1935
1906
1886
1859
1827
1809
1765
1746
1705
1672
1672
1717
1778
1852
1943
2003
2038
2057
2042
2026
2027
2005
1984
1960
1951
1930
1931
1899
1849
1808
1795
1792
1791
1777
1775
1761
1787
1819
1873
1940
1981
2047
2108
2172
2204
2227
2246
2250
2244
2250
2234
2195
2123
2044
1966
1927
1870
1846
1847
1866
1905
1953
1985
2010
2063
2090
2115
2121
2108
2058
1992
1934
1891
1839
1810
1759
1708
1661
1646
1691
1753
1826
1888
1938
1990
2012
2036
2061
2083
2112
2122
2133
2146
2146
2120
2104
2085
2081
2093
2121
2134
2168
2206
2208
2190
2166
2118
2076
2023
1945
1837
1784
1766
1766
1787
1804
1842
1891
1969
2023
2064
2070
2079
2075
2060
2036
2023
2022
2050
2089
2089
2015
1923
1819
1707
1651
1604
1563
1521
1495
1472
1455
1450
1457
1476
1523
1592
1637
1671
1736
1840
1912
1962
1993
2014
2027
2016
2002
1983
1956
1951
1970
1995
2031
2050
2072
2084
2085
2068
2040
2029
2017
2007
1986
1984
1994
2039
2065
2087
2091
2090
2065
2046
2037
2037
2033
2025
2022
2034
2062
2090
2126
2172
2201
2219
2239
2229
2223
2210
2220
2199
2182
2145
2130
2091
2063
2027
2008
1969
1971
1984
2010
2012
2007
1973
1969
1954
1965
1967
1964
1989
2005
2027
2012
2029
2041
2088
2128
2173
2183
2187
2165
2180
2181
2158
2108
2050
1985
1911
1867
1849
1860
1893
1921
1936
1970
1998
2041
2052
2074
2077
2093
2084
2113
2114
2126
2116
2122
2113
2112
2110
2096
2046
2020
2023
2051
2104
2148
2205
2244
2284
2289
2291
2278
2251
2239
2233
2223
2192
2172
2151
2130
2084
2018
1950
1909
1887
1886
1914
1936
1936
1937
1936
1942
1977
1975
1999
2011
2027
2032
2039
2042
2057
2047
2039
2048
2059
2074
2070
2054
2042
2060
2084
2095
2072
1992
1905
1818
1721
1666
1616
1578
1556
1520
1489
1479
1444
1434
1448
1506
1563
1649
1753
1854
1994
2068
2114
2140
2163
2178
2190
2185
2187
2202
2207
2208
2199
2214
2214
2233
2252
2268
2274
2263
2235
2217
2226
2232
2190
2153
2145
2141
2125
2117
2109
2092
2082
2061
2064
2059
2028
1988
1956
1901
1847
1825
1851
1909
1993
2049
2080
2084
2077
2095
2112
2142
2180
2208
2228
2250
2260
2253
2242
2252
2243
2217
2159
2142
2116
2125
2126
2146
2181
2200
2207
2204
2211
2247
2297
2312
2310
2326
2355
2377
2396
2407
2407
2398
2389
2393
2391
2372
2350
2330
2301
2293
2271
2259
2238
2238
2239
2236
2217
2232
2241
2267
2259
2279
2268
2283
2282
2281
2274
2267
2266
2283
2294
2309
2298
2272
2286
2285
2300
2274
2218
2165
2117
2055
2030
1993
1974
1962
1958
1937
1897
1853
1816
1804
1811
1841
1874
1898
1895
1907
1938
1985
1997
2014
1972
1945
1909
1916
1905
1893
1875
1861
1869
1899
1944
1989
2060
2097
2121
2150
2163
2160
2173
2204
2247
2281
2306
2303
2305
2277
2244
2212
2175
2123
2096
2085
2074
2047
2003
1938
1905
1878
1858
1839
1847
1891
1937
1989
2032
2069
2102
2116
2148
2180
2207
2223
2230
2228
2233
2260
2258
2238
2186
2127
2074
2031
2007
2000
2012
2031
2036
2054
2056
2072
2080
2110
2137
2148
2116
2094
2063
2051
2021
1990
1967
1922
1888
1879
1909
1954
2011
2035
2074
2089
2120
2142
2145
2132
2117
2078
2053
2036
2024
2030
2035
2027
1997
1976
1927
1920
1933
1959
1959
1962
1925
1886
1850
1831
1840
1865
1846
1807
1747
1718
1714
1749
1813
1877
1965
2067
2145
2223
2281
2304
2308
2294
2287
2266
2252
2213
2168
2138
2125
2103
2078
2038
2033
2031
2037
2042
2033
2038
2043
2044
2029
2026
2040
2060
2065
2089
2093
2111
2115
2143
2148
2166
2168
2154
2116
2078
2041
2049
2051
2053
2066
2082
2063
2041
2036
2035
2027
2024
2026
2019
2011
1994
1980
1930
1895
1889
1928
1977
2015
2038
2073
2105
2136
2151
2162
2168
2163
2139
2095
2057
2001
1991
1985
1980
1971
1987
1986
1993
2012
2024
2032
2041
2036
2028
2004
1988
1956
1930
1910
1906
1920
1947
1972
2003
2040
2050
2060
2054
2032
1956
1886
1824
1772
1721
1641
1561
1510
1489
1487
1476
1485
1473
1439
1435
1468
1515
1574
1614
1683
1740
1780
1792
1781
1765
1793
1830
1905
1947
1961
1958
1947
1945
1940
1934
1876
1798
1702
1644
1634
1676
1709
1739
1745
1733
1708
1723
1732
1737
1699
1643
1572
1543
1536
1531
1505
1485
1494
1531
1672
1762
1859
1924
1947
1943
1958
1933
1908
1876
1865
1836
1819
1819
1851
1882
1909
1892
1874
1867
1885
1901
1911
1912
1880
1883
1870
1887
1925
1958
1963
1983
2019
2049
2069
2100
2139
2175
2205
2236
2221
2174
2129
2117
2146
2176
2198
2217
2229
2231
2222
2197
2178
2152
2142
2097
2063
2045
2032
2018
2011
2012
2036
2054
2100
2137
2163
2183
2200
2217
2221
2195
2115
2081
2025
2006
2005
2027
2026
2024
2044
2095
2170
2245
2316
2378
2414
2428
2412
2376
2338
2305
2257
2221
2184
2142
2087
2049
2046
2087
2137
2188
2235
2274
2310
2339
2374
2386
2391
2369
2339
2313
2274
2231
2205
2176
2144
2120
2126
2118
2110
2123
2150
2194
2230
2266
2292
2286
2285
2288
2292
2309
2318
2298
2256
2209
2144
2109
2100
2120
2143
2185
2228
2282
2346
2385
2411
2443
2443
2427
2413
2395
2354
2338
2323
2288
2257
2227
2198
2158
2088
2040
2010
2008
2051
2099
2154
2194
2265
2292
2329
2370
2416
2436
2454
2456
2436
2420
2404
2375
2348
2324
2316
2303
2270
2277
2284
2293
2312
2350
2363
2400
2410
2398
2416
2410
2408
2395
2382
2376
2358
2346
2345
2332
2331
2333
2333
2330
2334
2347
2360
2376
2411
2419
2420
2386
2360
2366
2364
2351
2346
2352
2356
2338
2349
2354
2340
2345
2346
2339
2351
2366
2362
2379
2363
2355
2347
2343
2308
2308
2317
2304
2298
2289
2277
2259
2256
2264
2262
2242
2236
2209
2181
2141
2097
2045
2013
1995
1994
1997
2018
2030
2064
2102
2127
2142
2145
2170
2178
2157
2132
2107
2075
2080
2069
2091
2085
2075
2035
1988
1927
1886
1870
1867
1863
1854
1862
1893
1940
1993
2053
2092
2109
2106
2086
2049
2002
1964
1932
1900
1884
1891
1907
1917
1926
1935
1907
1880
1872
1899
1931
1956
2001
2021
2017
2014
2020
2016
2004
2000
1996
1986
1992
2022
2023
2037
2022
2043
2053
2071
2082
2074
2027
1984
1971
1952
1921
1936
1961
2011
2069
2112
2133
2145
2114
2110
2093
2104
2110
2123
2144
2184
2207
2232
2254
2292
2314
2340
2352
2342
2320
2266
2217
2165
2147
2120
2119
2136
2193
2211
2242
2283
2320
2329
2303
2246
2179
2129
2096
2079
2074
2080
2071
2090
2096
2109
2103
2106
2108
2126
2125
2146
2182
2206
2219
2243
2252
2240
2178
2109
2035
1986
1946
1902
1906
1936
1949
1938
1972
1988
2007
2021
2038
2041
2057
2057
2044
2040
2045
2036
2026
2025
2028
2046
2058
2069
2048
2042
2018
2000
1992
1997
2044
2077
2070
2047
1994
1935
1832
1735
1598
1542
1496
1455
1467
1503
1568
1638
1722
1767
1807
1868
1953
2005
2044
2055
2057
2051
2053
2052
2066
2065
2056
2052
2077
2105
2117
2135
2134
2117
2089
2062
2056
2063
2078
2097
2113
2141
2153
2142
2097
2066
2023
1994
1985
1990
2017
2040
2085
2113
2146
2186
2197
2184
2186
2199
2204
2156
2104
2046
1990
1947
1916
1915
1919
1932
1945
1967
1975
1980
1949
1940
1956
1957
1970
1965
1935
1897
1880
1860
1896
1913
1943
1971
2006
2026
2054
2043
1997
1986
1975
1991
2035
2069
2090
2115
2169
2196
2188
2187
2149
2107
2067
2027
1950
47.05078125
1.670947194
999
