5835
2233
2228
2200
2210
2163
2208
2194
2227
2178
2204
2185
2226
2202
2204
2184
2204
2183
2167
2168
2148
2181
2148
2150
2117
2146
2124
2147
2090
2155
2129
2206
2159
2213
2158
2230
2199
2238
2176
2209
2174
2235
2205
2227
2200
2232
2210
2198
2169
2177
2183
2128
2108
2067
2099
2082
2096
2051
2090
2053
2134
2083
2129
2088
2167
2132
2168
2134
2188
2183
2233
2186
2205
2196
2243
2229
2217
2203
2214
2218
2200
2191
2201
2224
2207
2232
2188
2219
2207
2229
2175
2209
2173
2210
2173
2172
2127
2159
2158
2155
2146
2140
2164
2167
2159
2130
2140
2146
2189
2136
2163
2124
2193
2158
2205
2182
2228
2203
2249
2196
2223
2186
2222
2191
2199
2160
2175
2175
2179
2158
2155
2170
2166
2199
2165
2208
2218
2271
2213
2238
2169
2228
2159
2204
2137
2187
2152
2216
2137
2160
2127
2186
2119
2147
2081
2119
2112
2117
2109
2129
2151
2172
2160
2154
2173
2169
2199
2154
2157
2130
2160
2104
2097
2041
2076
2038
2054
2012
2038
2025
2060
2038
2043
2020
2051
2046
2034
2033
2033
2071
2062
2077
2023
2040
2032
2056
2002
2027
1989
2037
1977
2021
1993
2059
2076
2099
2077
2077
2080
2089
2057
2033
2057
2035
2089
2065
2098
2066
2134
2095
2139
2065
2101
2058
2149
2092
2115
2079
2113
2116
2125
2099
2102
2111
2151
2168
2125
2140
2139
2173
2118
2131
2097
2155
2139
2190
2137
2205
2179
2209
2126
2140
2084
2114
2077
2072
2042
2065
2068
2072
2066
2029
2064
2065
2111
2076
2102
2090
2159
2147
2171
2124
2158
2134
2147
2121
2113
2107
2121
2138
2113
2128
2119
2135
2093
2126
2105
2169
2140
2188
2137
2186
2190
2233
2189
2211
2170
2214
2198
2186
2163
2138
2135
2120
2111
2089
2117
2094
2136
2087
2126
2110
2172
2124
2178
2126
2171
2145
2190
2127
2152
2103
2167
2159
2161
2150
2137
2179
2171
2166
2157
2105
2154
2125
2187
2116
2150
2090
2152
2103
2148
2096
2122
2109
2158
2118
2120
2100
2084
2098
2062
2048
2026
2064
2049
2070
2018
2032
2010
2042
1991
1999
1962
1985
1972
1962
1942
1976
2003
2015
2010
2003
2038
2073
2090
2060
2076
2049
2063
1993
2014
1943
1972
1948
1982
1944
1983
1955
1984
1952
1964
1926
1966
1953
1964
1995
1971
2023
2026
2066
2017
2059
2032
2086
2035
2068
1994
2073
2023
2063
1991
2023
2016
2052
2002
2004
1953
1986
1962
1940
1959
1923
1969
1959
1992
1965
2020
1997
2076
2025
2063
2012
2076
2049
2081
2043
2068
2069
2088
2064
2061
2058
2080
2100
2072
2100
2069
2124
2097
2111
2059
2077
2065
2105
2067
2080
2072
2103
2104
2104
2104
2085
2113
2101
2107
2078
2088
2042
2079
2026
2050
2019
2093
2041
2091
2069
2090
2080
2105
2078
2081
2063
2069
2063
2048
2049
2044
2088
2065
2080
2062
2105
2052
2115
2060
2110
2068
2134
2078
2126
2072
2105
2102
2131
2093
2100
2087
2069
2102
2042
2027
2006
2074
2059
2076
2032
2087
2062
2109
2054
2091
2052
2111
2067
2071
2034
2106
2110
2139
2100
2125
2124
2140
2134
2118
2141
2142
2149
2122
2151
2122
2170
2123
2120
2057
2072
2043
2046
2008
2029
2003
2040
2019
2037
2032
2022
2055
2039
2039
2012
2035
2011
2026
1995
2029
1999
2051
2017
2052
2013
2057
2024
2030
1992
2002
1993
2003
1968
1971
1985
1977
2015
1998
2030
2002
2048
2024
2065
1999
2043
2001
2054
1979
2023
1969
2008
1961
1981
1945
1973
1949
1963
1931
1955
1978
1981
2002
1967
1957
1952
1975
1913
1913
1812
1849
1805
1835
1779
1833
1816
1886
1857
1885
1844
1896
1870
1888
1886
1861
1870
1876
1870
1840
1863
1883
1912
1879
1902
1881
1938
1919
1944
1898
1926
1930
1948
1921
1908
1878
1884
1869
1831
1832
1800
1831
1813
1848
1825
1885
1871
1927
1892
1919
1900
1967
1935
1960
1938
1929
1942
1925
1918
1902
1917
1921
1958
1925
1960
1934
2011
1969
2007
1941
2007
1964
2031
1983
2020
1967
2024
1968
1991
1966
1973
1973
1961
1954
1936
1942
1912
1964
1898
1925
1908
1981
1930
1964
1889
1913
1884
1922
1865
1899
1857
1897
1880
1867
1857
1849
1865
1868
1856
1822
1852
1847
1897
1870
1894
1870
1929
1887
1909
1881
1895
1911
1947
1939
1939
1954
1950
1993
1944
1958
1924
1967
1927
1944
1929
1963
1945
1976
1945
1948
1920
1943
1947
1933
1960
1927
1973
1974
1996
1957
2007
1969
2043
2006
2041
1981
2045
2006
2023
1998
1987
1971
1984
1973
1968
1954
1945
1987
1949
2000
1966
2027
1998
2037
1980
2019
1967
2050
2016
2057
1994
2044
2039
2070
2060
2027
2029
2031
2054
2029
2063
2004
2077
2059
2105
2052
2098
2067
2115
2071
2102
2056
2110
2099
2123
2072
2069
2084
2092
2090
2069
2080
2081
2090
2048
2063
2022
2062
2023
2038
1994
2038
2026
2054
2031
2036
2033
2065
2051
2028
2026
1980
2007
1971
1978
1926
1960
1934
1969
1935
1951
1913
1948
1921
1921
1888
1883
1916
1912
1939
1925
1953
1947
2001
1964
2004
1939
1986
1951
1994
1935
1967
1925
1948
1937
1931
1908
1910
1912
1882
1904
1843
1879
1857
1924
1861
1920
1900
1982
1969
2021
1967
2018
2017
2067
2007
2028
2019
2045
2064
2037
2025
2009
2014
1988
2013
1928
1939
1893
1946
1890
1926
1903
1925
1949
1961
1937
1946
1969
1979
1983
1929
1932
1911
1960
1912
1919
1886
1931
1927
1969
1937
1960
1947
1973
1964
1975
1979
1953
1988
1964
1965
1935
1956
1926
1961
1910
1947
1909
1956
1912
1947
1958
1964
1991
2004
1999
1983
1979
1965
1963
1895
1906
1824
1870
1820
1879
1827
1903
1867
1922
1882
1898
1831
1868
1833
1841
1843
1817
1851
1857
1874
1838
1867
1839
1912
1855
1873
1790
1823
1779
1819
1769
1779
1730
1771
1758
1779
1761
1790
1792
1767
1799
1770
1812
1821
1864
1820
1851
1803
1847
1848
1852
1810
1811
1815
1817
1844
1807
1831
1848
1890
1841
1859
1849
1882
1865
1899
1869
1901
1895
1937
1919
1899
1903
1876
1900
1882
1894
1854
1897
1895
1970
1935
1978
1962
2039
2025
2068
2047
2059
2065
2086
2089
2074
2064
2041
2091
2045
2069
2021
2083
2047
2092
2060
2101
2058
2129
2080
2118
2049
2112
2079
2075
2055
2036
2037
2026
2024
2001
2014
1959
2041
2007
2046
1985
2049
2019
2075
2021
2059
2031
2099
2069
2085
2044
2063
2095
2103
2103
2068
2111
2109
2122
2091
2119
2065
2101
2058
2087
2020
2044
2006
2020
1966
1934
1924
1942
1933
1917
1923
1872
1905
1889
1907
1866
1911
1904
1946
1944
1969
1969
2019
2030
2040
2034
2039
2064
2071
2098
2081
2091
2079
2114
2082
2093
2052
2092
2078
2118
2078
2110
2106
2119
2129
2104
2098
2076
2099
2077
2116
2052
2088
2060
2117
2057
2110
2029
2066
2027
2026
1965
1983
1959
2001
1971
1996
2018
2029
2074
2055
2078
2045
2107
2069
2121
2056
2094
2037
2099
2026
2040
1973
1985
1970
1972
1925
1926
1928
1964
1973
1944
1972
1961
2027
2012
2049
2017
2048
2039
2071
2030
2065
2045
2086
2066
2063
2069
2071
2110
2110
2108
2093
2107
2080
2114
2059
2057
2014
2061
2031
2027
2015
2024
2024
2035
2032
2029
2055
2056
2073
2044
2068
2014
2062
2015
2035
1967
2017
1978
2021
1987
2004
1963
2012
1976
1994
1994
1949
1956
1941
1960
1906
1919
1861
1930
1874
1895
1812
1872
1842
1881
1819
1835
1809
1879
1877
1901
1905
1959
1976
1981
2009
1975
2015
2007
2052
2001
2062
2010
2094
2059
2101
2046
2069
2026
2017
1998
1979
1967
1971
1976
1979
1980
1943
1982
1944
1962
1911
1943
1926
1957
1917
1918
1885
1911
1917
1938
1917
1906
1877
1852
1846
1802
1802
1777
1804
1774
1832
1797
1818
1816
1859
1819
1839
1806
1797
1802
1778
1764
1767
1823
1827
1843
1821
1871
1847
1912
1853
1906
1872
1937
1920
1944
1935
1957
1977
2022
2003
1987
2000
1981
2041
1988
2015
1970
2030
1996
2055
1999
2031
1999
2085
2032
2077
2028
2066
2087
2105
2085
2082
2110
2125
2126
2084
2130
2077
2148
2088
2112
2038
2104
2050
2116
2064
2108
2079
2141
2092
2122
2130
2129
2154
2158
2152
2126
2126
2109
2121
2069
2098
2051
2103
2073
2100
2052
2082
2086
2102
2092
2104
2096
2103
2118
2091
2130
2091
2123
2114
2158
2120
2138
2103
2130
2117
2126
2077
2095
2103
2095
2103
2075
2088
2076
2118
2076
2094
2079
2111
2079
2088
2024
2045
2015
2059
1986
1980
1955
1967
1965
1931
1911
1913
1933
1906
1961
1893
1941
1898
1963
1895
1940
1885
1957
1942
1980
1919
1937
1896
1935
1899
1864
1858
1857
1894
1885
1907
1895
1954
1941
1996
1946
1989
1945
2011
1942
1960
1909
1912
1883
1891
1849
1849
1842
1832
1870
1841
1862
1830
1882
1867
1881
1857
1883
1884
1932
1877
1886
1850
1869
1865
1856
1845
1804
1826
1807
1833
1797
1839
1803
1863
1835
1860
1832
1870
1852
1846
1843
1818
1812
1831
1850
1802
1793
1739
1790
1758
1788
1721
1787
1777
1850
1839
1854
1822
1871
1878
1903
1882
1916
1923
1933
1953
1910
1928
1891
1912
1847
1862
1784
1820
1770
1804
1731
1765
1731
1775
1774
1780
1771
1793
1812
1826
1826
1814
1865
1849
1905
1857
1904
1871
1919
1883
1926
1852
1887
1863
1925
1893
1928
1903
1914
1925
1921
1915
1905
1934
1938
1974
1928
1956
1933
2008
1974
2008
1959
1984
1974
1990
1946
1937
1938
1965
1942
1919
1931
1902
1941
1926
1956
1916
1980
1992
2050
2011
2036
2024
2060
2013
2003
1984
1959
1970
1939
1929
1891
1919
1911
1943
1900
1950
1900
1974
1955
1977
1934
1978
1988
2020
1992
1999
1996
2017
2015
1984
2004
1961
2007
1999
2036
1984
2027
1983
2032
1977
2015
1955
1994
1930
1948
1904
1883
1883
1891
1895
1901
1918
1927
1970
1947
2008
1959
2035
2007
2064
2000
2055
2008
2059
2039
2056
1993
2024
2018
2017
2025
2014
2016
2031
2089
2069
2087
2084
2142
2127
2161
2121
2152
2145
2169
2105
2092
2056
2077
2090
2072
2040
2028
2014
1997
2028
1987
2034
2036
2100
2066
2117
2089
2112
2103
2108
2095
2105
2098
2076
2106
2066
2087
2066
2119
2089
2101
2060
2091
2075
2116
2066
2104
2060
2087
2061
2033
2006
1994
2015
2008
1996
1981
2018
1998
2078
2026
2063
1993
2074
2035
2103
2032
2058
2014
2061
2006
2016
1956
1981
2018
2013
2014
1993
2076
2059
2064
2103
2097
2165
2122
2161
2103
2182
2152
2176
2111
2126
2090
2150
2092
2108
2078
2099
2133
2128
2128
2094
2127
2117
2124
2109
2129
2107
2158
2115
2139
2098
2144
2107
2108
2084
2098
2119
2140
2128
2104
2111
2066
2110
2082
2114
2069
2112
2092
2140
2106
2121
2095
2152
2126
2138
2109
2101
2131
2126
2143
2115
2134
2125
2147
2086
2127
2064
2120
2102
2165
2120
2164
2125
2140
2111
2103
2076
2074
2073
2047
2070
2028
2085
2063
2107
2048
2099
2066
2132
2090
2119
2044
2094
2059
2088
2010
2003
1980
1986
1968
1931
1928
1924
1976
1959
2010
1951
1999
1978
2022
1943
1976
1943
1985
1983
2011
1983
2013
2018
2041
2041
2017
2026
2035
2063
2038
2062
2050
2095
2077
2113
2069
2088
2062
2087
2044
2066
2059
2052
2089
2104
2128
2110
2135
2118
2158
2129
2139
2095
2126
2087
2095
2058
2050
2047
2055
2041
2021
2019
2025
2043
1996
2018
1955
2015
1971
1984
1910
1953
1917
1973
1931
1977
1954
2028
2025
2040
2036
2011
2032
2018
2004
1962
1990
1948
2028
1955
2001
1944
2022
1976
2011
1951
1975
1942
1985
1971
2012
1986
2050
2060
2050
2055
2020
2062
2075
2098
2058
2112
2070
2114
2059
2063
2000
2034
1992
2023
1993
1998
2019
2059
2067
2063
2053
2038
2082
2056
2089
2059
2082
2078
2119
2108
2114
2082
2108
2116
2121
2108
2099
2112
2095
2138
2096
2130
2105
2178
2142
2184
2134
2151
2134
2166
2137
2132
2108
2090
2120
2074
2066
2025
2066
2023
2010
1940
1963
1921
1997
1955
2002
1982
2073
2073
2108
2099
2110
2130
2163
2142
2145
2162
2118
2191
2151
2191
2120
2185
2135
2206
2143
2179
2131
2190
2131
2170
2124
2154
2173
2154
2135
2127
2136
2139
2143
2102
2139
2083
2132
2095
2148
2099
2163
2124
2156
2101
2127
2097
2126
2099
2116
2124
2103
2135
2111
2136
2106
2138
2142
2191
2166
2198
2160
2227
2200
2224
2172
2167
2163
2173
2185
2166
2168
2178
2195
2149
2161
2112
2158
2143
2181
2128
2147
2139
2186
2160
2160
2130
2179
2174
2171
2184
2137
2174
2158
2180
2142
2177
2154
2188
2131
2159
2099
2164
2131
2164
2110
2149
2164
2201
2198
2188
2202
2228
2239
2193
2208
2156
2206
2153
2202
2141
2189
2139
2204
2149
2159
2105
2154
2126
2162
2161
2142
2132
2137
2144
2116
2115
2104
2137
2108
2150
2105
2146
2117
2166
2113
2141
2112
2140
2139
2149
2128
2158
2153
2131
2132
2087
2099
2077
2116
2078
2102
2080
2108
2092
2105
2063
2074
2070
2087
2086
2080
2093
2089
2140
2127
2128
2073
2092
2062
2107
2050
2073
2049
2091
2035
2060
2044
2016
2022
2002
1987
1963
1984
1950
1988
1924
1958
1922
1990
1937
1981
1933
1979
1959
2020
1957
1996
1962
2018
2001
1989
1968
1943
1966
1946
1944
1915
1950
1917
1996
1935
1987
1945
2029
1972
2021
2001
2015
2001
2050
2019
2040
2015
1995
2021
1988
1988
1941
1972
1930
1941
1903
1942
1920
1964
1922
1947
1902
1925
1891
1891
1878
1867
1872
1868
1868
1837
1861
1820
1862
1825
1847
1814
1856
1854
1881
1870
1853
1844
1869
1858
1829
1810
1766
1804
1777
1798
1753
1796
1793
1847
1816
1846
1797
1857
1847
1878
1843
1882
1882
1893
1926
1888
1897
1869
1878
1823
1858
1797
1844
1788
1830
1754
1800
1770
1805
1787
1770
1734
1750
1741
1729
1708
1683
1715
1698
1753
1716
1770
1749
1820
1794
1831
1778
1832
1807
1854
1784
1809
1760
1759
1746
1743
1723
1730
1755
1748
1789
1754
1797
1775
1831
1786
1801
1751
1778
1771
1768
1743
1743
1731
1757
1732
1741
1761
1756
1795
1779
1800
1772
1843
1845
1883
1839
1857
1830
1874
1828
1835
1814
1787
1808
1781
1757
1706
1722
1697
1723
1674
1691
1621
1655
1607
1622
1565
1583
1601
1603
1613
1607
1624
1665
1682
1670
1711
1658
1690
1638
1664
1613
1669
1616
1653
1588
1635
1600
1686
1674
1733
1732
1732
1738
1757
1752
1734
1731
1733
1747
1680
1709
1643
1687
1634
1686
1628
1662
1631
1675
1652
1679
1648
1697
1691
1692
1678
1648
1665
1661
1709
1699
1731
1743
1808
1787
1816
1767
1786
1749
1750
1703
1684
1675
1683
1694
1686
1711
1744
1795
1791
1844
1815
1871
1867
1893
1843
1850
1793
1785
1752
1741
1704
1700
1691
1689
1761
1743
1799
1809
1900
1856
1891
1842
1853
1832
1870
1820
1838
1819
1848
1850
1819
1837
1815
1869
1839
1849
1807
1850
1803
1865
1804
1850
1800
1875
1832
1875
1866
1870
1876
1913
1902
1915
1938
1936
1997
1957
2013
1978
2057
2027
2081
2035
2053
2015
2078
2032
2060
2015
2072
2081
2103
2113
2116
2142
2146
2148
2104
2112
2053
2074
2028
2053
1996
2031
2014
2023
2006
2003
2006
2051
2071
2067
2069
2042
2086
2073
2098
2060
2090
2095
2142
2128
2137
2104
2147
2142
2136
2091
2097
2093
2072
2087
2037
2061
2036
2074
2046
2097
2067
2117
2081
2116
2058
2097
2080
2098
2096
2086
2078
2085
2113
2105
2116
2065
2116
2059
2088
2014
2058
2020
2087
2043
2071
2035
2082
2073
2122
2077
2103
2068
2047
2051
2015
2035
2040
2081
2045
2091
2043
2103
2074
2145
2072
2103
2069
2087
2064
2062
2000
2011
2016
2026
2007
1979
1995
1974
2025
1995
2043
2012
2082
2048
2076
2026
2029
2009
2026
1957
1953
1946
1930
1965
1947
1963
1934
1972
1965
1998
1963
1984
1969
2010
1973
1988
1972
1983
2014
2026
2009
1999
2016
2012
2016
1980
2033
1996
2083
2041
2074
2003
2054
2011
2060
2030
2053
2022
2069
2038
2055
2073
2057
2096
2088
2121
2091
2141
2130
2186
2128
2162
2080
2149
2092
2124
2035
2042
2010
2057
2030
2041
2042
2103
2129
2126
2159
2123
2192
2168
2199
2141
2163
2109
2171
2124
2140
2091
2124
2094
2092
2068
2059
2055
2066
2091
2075
2091
2110
2150
2137
2165
2145
2203
2199
2213
2172
2175
2166
2192
2212
2199
2190
2197
2216
2188
2203
2140
2167
2150
2191
2131
2156
2130
2160
2142
2160
2140
2156
2152
2171
2183
2160
2189
2170
2233
2196
2223
2203
2251
2224
2277
2219
2257
2214
2280
2231
2260
2254
2264
2272
2273
2268
2251
2260
2226
2277
2214
2265
2218
2279
2224
2264
2228
2263
2243
2293
2239
2277
2257
2309
2294
2283
2274
2259
2275
2255
2250
2215
2222
2168
2197
2131
2159
2109
2165
2134
2162
2145
2154
2164
2201
2206
2212
2222
2217
2272
2215
2228
2189
2247
2225
2227
2186
2208
2200
2234
2203
2211
2185
2222
2213
2188
2171
2142
2180
2167
2163
2106
2136
2091
2130
2098
2109
2071
2124
2112
2126
2108
2083
2095
2111
2132
2118
2126
2088
2158
2109
2175
2129
2184
2158
2216
2175
2198
2151
2205
2173
2181
2125
2139
2123
2098
2119
2052
2055
2022
2056
2013
2057
1987
2039
2001
2065
2003
2053
2010
2055
2049
2022
1970
1977
1984
1995
1987
1989
2037
2034
2113
2079
2120
2102
2156
2131
2169
2133
2162
2140
2165
2132
2139
2126
2135
2153
2135
2136
2124
2169
2156
2185
2141
2154
2146
2169
2119
2136
2121
2137
2152
2141
2127
2110
2133
2124
2122
2072
2104
2071
2120
2055
2090
2043
2108
2076
2107
2070
2095
2095
2143
2106
2127
2138
2135
2190
2176
2216
2180
2220
2198
2228
2153
2211
2164
2236
2180
2228
2151
2176
2182
2198
2182
2163
2166
2175
2206
2177
2219
2174
2224
2195
2232
2167
2187
2114
2145
2118
2144
2103
2114
2097
2097
2087
2052
2075
2103
2139
2094
2126
2128
2185
2146
2172
2123
2154
2155
2192
2156
2170
2155
2150
2160
2134
2121
2101
2130
2110
2133
2085
2105
2091
2130
2086
2104
2078
2115
2124
2119
2117
2131
2155
2168
2195
2150
2172
2132
2163
2084
2104
2025
2074
2048
2078
2030
2064
2029
2069
2021
2021
2008
1975
1994
1959
1977
1938
2000
1976
2059
2013
2063
2016
2091
2055
2105
2078
2099
2080
2090
2068
2069
2053
2073
2064
2032
2057
2012
2074
2055
2104
2059
2114
2065
2135
2065
2088
2025
2084
2036
2035
2010
2004
2018
2037
2026
2005
2010
1990
2068
2035
2054
2000
2066
2066
2111
2090
2102
2104
2158
2154
2155
2145
2166
2156
2123
2109
2044
2046
2022
2027
1974
2027
2009
2075
2067
2095
2083
2113
2115
2117
2117
2090
2094
2089
2114
2083
2109
2080
2131
2094
2119
2050
2081
2041
2075
2043
2051
2031
2035
2031
2026
2024
2023
2053
2035
2076
2018
2040
1998
2049
1984
2044
1996
2068
2057
2125
2089
2126
2157
2104
2094
2088
2081
2095
2070
2047
2011
2010
1971
2015
1948
1976
1952
2017
1982
2031
1995
2031
2036
2067
2029
2036
2026
2022
2037
2005
2010
1991
2029
2000
2016
2000
2019
2007
2051
2017
2043
2014
2046
2031
2024
2011
1997
2032
2036
2054
2033
2057
2035
2109
2079
2117
2079
2129
2090
2114
2093
2086
2075
2080
2052
2033
2013
1983
2018
1981
2027
1989
2046
2020
2073
2035
2079
2018
2072
2033
2062
2007
2055
2042
2068
2082
2076
2086
2101
2136
2103
2127
2063
2124
2080
2124
2059
2114
2087
2131
2101
2118
2078
2139
2143
2166
2144
2152
2177
2184
2192
2154
2182
2172
2196
2186
2208
2161
2223
2209
2248
2206
2240
2225
2256
2250
2241
2230
2241
2256
2247
2257
2214
2237
2230
2272
2235
2245
2218
2250
2244
2243
2225
2217
2224
2229
2231
2210
2238
2220
2256
2202
2220
2190
2244
2216
2247
2207
2220
2209
2254
2214
2241
2227
2221
2272
2264
2276
2251
2303
2280
2321
2260
2292
2242
2324
2268
2308
2262
2300
2290
2308
2260
2252
2232
2251
2210
2186
2202
2169
2242
2205
2232
2184
2236
2204
2275
2222
2270
2228
2298
2244
2271
2234
2229
2230
2251
2247
2232
2243
2250
2264
2203
2235
2193
2271
2252
2293
2243
2285
2278
2327
2305
2318
2297
2311
2310
2310
2314
2276
2296
2278
2296
2256
2266
2245
2299
2260
2275
2257
2306
2295
2306
2317
2288
2293
2286
2312
2286
2300
2281
2310
2280
2307
2251
2296
2279
2332
2280
2305
2288
2311
2329
2324
2314
2311
2334
2311
2348
2290
2315
2282
2341
2271
2315
2267
2316
2288
2330
2272
2302
2274
2316
2290
2282
2277
2266
2288
2259
2257
2227
2263
2236
2297
2233
2271
2239
2301
2241
2273
2248
2269
2262
2284
2234
2236
2226
2209
2239
2205
2212
2182
2242
2221
2241
2219
2256
2239
2263
2204
2223
2200
2232
2231
2218
2231
2212
2242
2253
2275
2244
2280
2249
2282
2256
2271
2227
2237
2195
2187
2193
2153
2152
2148
2173
2152
2166
2125
2199
2175
2225
2172
2215
2190
2250
2212
2226
2191
2219
2213
2216
2189
2208
2215
2206
2235
2192
2208
2178
2240
2201
2252
2174
2230
2201
2245
2181
2227
2197
2213
2195
2201
2180
2194
2196
2189
2184
2175
2210
2188
2242
2184
2222
2191
2245
2190
2225
2175
2207
2186
2219
2196
2215
2193
2196
2207
2167
2178
2166
2181
2143
2181
2147
2164
2141
2192
2164
2208
2181
2188
2220
2220
2219
2219
2247
2263
2260
2253
2293
2271
2317
2272
2292
2241
2292
2280
2309
2261
2273
2268
2305
2272
2283
2279
2265
2302
2283
2310
2279
2329
2300
2330
2258
2294
2238
2288
2235
2263
2219
2248
2254
2286
2260
2248
2268
2280
2249
2201
2218
2160
2216
2166
2217
2162
2241
2206
2263
2200
2245
2203
2262
2219
2237
2217
2221
2244
2249
2250
2241
2262
2263
2288
2228
2266
2224
2301
2251
2257
2198
2220
2194
2218
2175
2182
2150
2191
2166
2144
2162
2122
2150
2123
2144
2099
2111
2089
2135
2114
2132
2093
2128
2120
2142
2134
2118
2136
2144
2163
2139
2162
2152
2180
2156
2173
2118
2158
2153
2206
2157
2189
2191
2215
2227
2228
2223
2227
2264
2233
2259
2183
2206
2176
2224
2156
2202
2158
2209
2172
2187
2135
2184
2158
2195
2178
2159
2181
2199
2233
2206
2224
2196
2206
2162
2199
2130
2186
2150
2210
2131
2165
2130
2166
2154
2168
2156
2178
2171
2160
2163
2125
2141
2131
2161
2101
2122
2089
2127
2104
2135
2089
2099
2066
2097
2061
2053
2032
2022
2049
2058
2063
2036
2083
2061
2107
2076
2111
2084
2144
2127
2153
2129
2129
2144
2155
2156
2154
2160
2141
2186
2134
2140
2071
2109
2063
2082
2041
2071
2061
2123
2083
2111
2079
2130
2108
2088
2103
2061
2091
2100
2116
2073
2132
2079
2164
2111
2152
2083
2152
2118
2169
2130
2129
2122
2151
2142
2145
2146
2140
2206
2176
2190
2143
2210
2164
2184
2130
2166
2102
2170
2127
2148
2089
2123
2090
2108
2099
2094
2088
2097
2111
2087
2082
2023
2073
2046
2072
2008
2022
1998
2019
1999
2013
1986
2015
2029
2022
2015
2006
2031
2039
2088
2045
2045
2018
2054
2035
2046
2005
2017
2002
2031
2010
2020
2011
2020
2053
2015
2034
2035
2075
2055
2096
2047
2059
2035
2087
2027
2039
1974
1978
1996
1970
1946
1926
1956
1953
1959
1921
1965
1931
2013
1958
1989
1931
2001
1935
1971
1905
1942
1905
1961
1932
1966
1966
1950
1976
1961
1994
1985
2036
2046
2112
2061
2095
2041
2100
2052
2081
2028
2056
2054
2074
2055
2067
2054
2082
2085
2086
2111
2076
2155
2149
2164
2116
2152
2125
2178
2139
2145
2107
2133
2117
2130
2111
2079
2099
2118
2128
2097
2124
2129
2154
2134
2130
2077
2093
2070
2074
2024
2014
2009
2013
2024
2011
2019
2026
2065
2047
2087
2045
2097
2068
2133
2082
2117
2070
2095
2091
2085
2043
2039
2057
2054
2081
2030
2042
2004
2054
1983
2035
1996
2079
2070
2129
2060
2119
2088
2153
2091
2104
2094
2089
2127
2124
2123
2105
2126
2112
2161
2108
2154
2122
2197
2161
2182
2129
2142
2121
2165
2133
2152
2139
2165
2164
2140
2149
2093
2130
2109
2110
2059
2108
2062
2117
2074
2070
2038
2071
2065
2042
2036
2007
2022
2033
2040
1993
2005
1964
2016
1988
1991
1946
2006
2009
2033
2028
2018
2031
2062
2089
2098
2105
2127
2162
2150
2185
2124
2179
2154
2201
2139
2186
2138
2186
2176
2187
2144
2181
2169
2165
2166
2140
2153
2151
2188
2168
2187
2141
2215
2177
2227
2165
2213
2184
2234
2192
2209
2186
2213
2198
2195
2174
2175
2171
2152
2195
2146
2190
2169
2226
2190
2235
2174
2208
2171
2208
2155
2171
2141
2180
2198
2180
2175
2164
2185
2176
2168
2130
2150
2129
2183
2140
2168
2145
2196
2196
2207
2179
2182
2217
2236
2235
2227
2237
2198
2236
2169
2174
2113
2164
2120
2152
2100
2111
2119
2170
2155
2175
2167
2174
2227
2194
2194
2162
2206
2160
2172
2124
2160
2116
2165
2094
2123
2067
2138
2122
2131
2125
2130
2131
2135
2123
2098
2105
2053
2106
2046
2084
2023
2079
2042
2096
2043
2077
2023
2095
2066
2099
2061
2085
2115
2132
2158
2151
2155
2153
2168
2137
2161
2118
2167
2146
2184
2118
2139
2102
2142
2134
2124
2091
2112
2114
2098
2128
2090
2135
2128
2155
2102
2128
2099
2120
2105
2100
2057
2086
2107
2128
2116
2119
2148
2140
2163
2117
2139
2109
2148
2076
2102
2033
2061
2032
2059
2003
2025
2004
2012
2007
1980
1955
1940
1949
1913
1933
1863
1908
1865
1945
1905
1974
1929
1998
1975
2007
1978
2012
1999
2046
2019
2028
2053
2051
2081
2050
2065
2034
2082
2058
2127
2077
2106
2072
2135
2104
2149
2106
2099
2087
2109
2079
2076
2075
2102
2104
2061
2093
2074
2138
2117
2150
2095
2143
2121
2157
2115
2115
2074
2109
2084
2083
2075
2050
2085
2091
2088
2051
2078
2063
2112
2071
2082
2034
2080
2051
2044
2029
2005
2012
2025
2045
2015
2014
2008
2050
2016
2057
2015
2066
2029
2067
2015
2063
2045
2075
2053
2067
2045
2083
2090
2086
2122
2090
2125
2094
2138
2074
2081
2024
2074
2007
2050
1986
2034
1997
2052
2038
2059
2055
2069
2086
2081
2067
2063
2064
2011
2048
1980
2020
1977
2042
1996
2071
2037
2090
2084
2118
2078
2095
2084
2076
2095
2057
2060
2039
2060
2021
2034
1997
2011
1987
2026
1954
1967
1931
1975
1959
1945
1953
1943
1978
1983
1974
1959
1984
1956
2008
1963
1974
1942
2005
1995
2018
1981
1980
1987
1994
1986
1980
1983
1949
2015
1989
2011
1982
2043
2008
2039
2017
2048
2011
2068
2025
2043
1969
1986
1949
1915
1913
1877
1912
1926
1959
1938
1994
1958
2050
2006
2053
1980
2047
2021
2087
2047
2074
2038
2090
2073
2081
2045
2024
2027
1996
2006
1944
1963
1925
1992
1955
1990
1959
2018
2028
2086
2050
2076
2075
2084
2099
2071
2081
2053
2086
2055
2082
2040
2055
2055
2093
2058
2055
2040
2064
2078
2049
2029
2009
2034
2037
2032
2006
2035
2013
2072
2031
2066
2027
2099
2084
2107
2087
2091
2096
2127
2110
2116
2138
2111
2154
2120
2136
2078
2107
2049
2093
2042
2084
2031
2088
2042
2089
2036
2070
2087
2074
2075
2083
2098
2106
2112
2076
2125
2052
2128
2088
2134
2079
2146
2095
2151
2098
2098
2039
2075
2036
2037
2027
1995
2023
2033
2054
2018
2034
2038
2074
2044
2080
2016
2071
2050
2080
2012
2016
1997
2018
2000
2005
1983
2020
2040
2123
2079
2105
2098
2160
2126
2131
2093
2120
2143
2140
2126
2107
2131
2152
2161
2122
2148
2103
2169
2131
2157
2131
2184
2165
2212
2182
2181
2176
2195
2176
2164
2170
2129
2182
2154
2192
2157
2207
2179
2227
2190
2231
2183
2243
2205
2236
2183
2214
2214
2207
2206
2178
2178
2173
2201
2159
2205
2123
2179
2148
2198
2134
2179
2130
2184
2144
2146
2082
2111
2083
2095
2076
2029
2027
2025
2065
2031
2053
2053
2120
2098
2130
2096
2169
2151
2186
2132
2165
2150
2173
2181
2176
2170
2179
2209
2184
2213
2158
2192
2176
2218
2162
2181
2172
2204
2199
2206
2191
2194
2207
2226
2236
2220
2245
2233
2269
2206
2218
2173
2206
2186
2205
2165
2197
2166
2201
2188
2210
2229
2215
2258
2250
2242
2202
2232
2183
2257
2188
2235
2185
2259
2209
2261
2233
2265
2248
2291
2238
2259
2238
2294
2284
2252
2275
2239
2291
2271
2286
2230
2292
2250
2314
2261
2307
2243
2306
2262
2283
2252
2246
2257
2274
2249
2222
2210
2180
2249
2211
2244
2191
2240
2220
2242
2205
2220
2190
2211
2174
2176
2154
2177
2185
2164
2165
2147
2181
2186
2215
2183
2228
2203
2255
2236
2252
2215
2252
2251
2265
2275
2250
2264
2259
2272
2254
2259
2221
2275
2243
2280
2231
2254
2231
2282
2245
2255
2225
2263
2275
2295
2277
2280
2283
2262
2292
2238
2264
2235
2301
2239
2275
2204
2237
2208
2255
2203
2236
2210
2235
2241
2222
2212
2230
2273
2254
2258
2215
2250
2228
2273
2206
2246
2212
2274
2210
2225
2158
2188
2169
2201
2143
2170
2175
2183
2218
2208
2218
2211
2250
2227
2267
2229
2260
2234
2290
2227
2254
2220
2248
2259
2248
2230
2218
2215
2210
2209
2188
2208
2188
2236
2206
2242
2210
2244
2232
2255
2230
2228
2223
2239
2218
2221
2239
2211
2242
2226
2231
2178
2212
2170
2200
2153
2175
2144
2179
2131
2145
2085
2095
2126
2146
2139
2118
2147
2161
2168
2123
2168
2087
2169
2146
2185
2103
2164
2131
2182
2115
2120
2066
2130
2101
2120
2125
2092
2121
2133
2148
2112
2135
2130
2167
2119
2133
2064
2142
2111
2168
2116
2139
2129
2174
2149
2158
2135
2159
2144
2133
2140
2095
2118
2089
2115
2070
2089
2062
2123
2096
2116
2094
2141
2142
2176
2190
2170
2171
2166
2178
2138
2136
2094
2140
2142
2170
2129
2147
2130
2177
2148
2151
2151
2142
2184
2167
2162
2122
2154
2099
2171
2116
2142
2096
2176
2150
2195
2173
2184
2177
2213
2182
2177
2176
2210
2227
2178
2198
2133
2198
2163
2178
2116
2149
2103
2163
2090
2117
2050
2110
2065
2097
2087
2074
2106
2125
2133
2124
2141
2103
2155
2101
2128
2078
2138
2099
2138
2100
2138
2105
2147
2108
2132
2082
2125
2127
2120
2135
2112
2132
2135
2153
2125
2150
2112
2160
2127
2143
2108
2159
2147
2179
2175
2159
2158
2191
2200
2173
2164
2126
2174
2137
2161
2110
2143
2127
2164
2157
2164
2137
2180
2182
2185
2169
2196
2199
2211
2243
2214
2234
2204
2238
2179
2220
2165
2208
2184
2223
2174
2207
2190
2199
2202
2178
2173
2182
2232
2215
2203
2155
2207
2172
2244
2175
2207
2159
2214
2176
2204
2142
2195
2177
2212
2163
2194
2198
2202
2220
2191
2218
2205
2261
2226
2251
2179
2209
2155
2199
2132
2175
2128
2176
2176
2186
2163
2173
2176
2181
2148
2132
2152
2124
2170
2144
2170
2133
2184
2161
2190
2148
2157
2131
2159
2128
2139
2129
2109
2144
2136
2142
2123
2147
2139
2166
2120
2136
2103
2147
2117
2137
2087
2093
2112
2116
2103
2095
2115
2134
2131
2065
2078
2004
2052
2002
2030
1964
2028
2015
2073
2045
2068
2062
2132
2100
2108
2106
2075
2114
2105
2091
2040
2070
2053
2087
2018
2068
2019
2115
2075
2117
2061
2117
2096
2133
2107
2140
2110
2130
2129
2117
2129
2082
2110
2075
2092
2043
2081
2048
2113
2077
2092
2051
2100
2062
2080
2041
2023
1996
2010
2008
1991
1997
2008
2027
2001
2033
1989
2010
1981
2003
1945
1944
1911
1936
1941
1935
1934
1935
1967
1972
1999
1959
1996
1985
2051
1996
2019
2008
2044
2039
2047
1999
2008
2008
2031
2033
1999
1993
1983
2017
1974
1975
1931
1943
1904
1946
1872
1916
1898
1966
1919
1973
1951
1990
2007
2024
1998
2012
2019
2010
2045
1981
2001
1962
2014
1946
1999
1956
2013
1977
2047
1993
2031
2002
2063
2045
2040
2032
2034
2048
2042
2053
2039
2058
2016
2060
2007
2046
1994
2054
2030
2074
2043
2080
2072
2106
2089
2114
2084
2073
2091
2063
2062
2022
2063
2046
2053
2014
2036
2004
2051
2028
2044
2009
2051
2051
2059
2040
2022
2036
2051
2066
2036
2037
1997
2055
2034
2054
2013
2064
2055
2083
2072
2078
2072
2099
2107
2100
2081
2062
2118
2101
2134
2098
2134
2106
2158
2124
2158
2102
2151
2104
2122
2061
2088
2057
2052
2049
2010
2025
2015
2059
2025
2072
2020
2087
2072
2131
2080
2132
2094
2130
2095
2115
2081
2105
2095
2099
2077
2084
2112
2095
2135
2100
2126
2092
2132
2092
2126
2070
2103
2074
2114
2040
2057
2038
2054
2047
2023
2002
2013
2034
2027
2051
2031
2062
2051
2118
2088
2109
2077
2118
2120
2119
2072
2078
2093
2102
2071
2050
2054
2017
2075
2039
2055
2020
2083
2070
2114
2070
2069
2060
2098
2067
2056
2057
2030
2077
2053
2096
2058
2106
2093
2147
2091
2129
2080
2150
2094
2127
2068
2090
2087
2118
2098
2092
2092
2110
2122
2101
2133
2071
2132
2089
2117
2050
2096
2051
2107
2052
2096
2043
2097
2077
2120
2105
2087
2082
2088
2104
2084
2092
2094
2110
2086
2124
2064
2090
2072
2110
2078
2116
2096
2128
2143
2161
2143
2150
2178
2165
2179
2143
2149
2120
2144
2096
2121
2098
2132
2130
2155
2123
2136
2140
2167
2183
2140
2147
2143
2195
2163
2173
2139
2177
2161
2203
2152
2181
2166
2218
2174
2198
2186
2191
2212
2195
2198
2196
2232
2201
2243
2167
2199
2122
2168
2094
2113
2047
2066
2034
2078
2052
2086
2070
2127
2125
2111
2129
2107
2148
2129
2158
2120
2174
2128
2189
2131
2176
2116
2174
2117
2156
2122
2134
2113
2152
2151
2162
2151
2148
2211
2190
2195
2145
2202
2174
2200
2166
2195
2143
2196
2154
2189
2137
2178
2160
2182
2173
2153
2166
2179
2173
2140
2163
2121
2165
2144
2165
2113
2137
2111
2127
2106
2104
2101
2150
2152
2135
2128
2113
2160
2148
2153
2117
2156
2144
2181
2143
2145
2108
2151
2135
2144
2124
2153
2160
2156
2170
2115
2128
2107
2142
2091
2128
2064
2126
2091
2143
2081
2133
2112
2148
5835
2206
2201
2199
2197
2192
2198
2185
2169
2158
2156
2141
2132
2137
2146
2157
2173
2185
2201
2212
2215
2216
2213
2214
2222
2224
2219
2221
2232
2250
2260
2257
2238
2225
2216
2225
2205
2190
2177
2161
2123
2110
2093
2091
2088
2093
2103
2105
2127
2151
2162
2179
2185
2192
2204
2211
2229
2223
2222
2236
2238
2236
2222
2211
2206
2199
2188
2187
2199
2204
2214
2226
2231
2242
2226
2229
2230
2226
2219
2215
2210
2195
2181
2194
2182
2176
2187
2197
2204
2211
2221
2211
2212
2221
2206
2206
2208
2199
2207
2213
2214
2213
2215
2217
2237
2237
2237
2248
2245
2232
2221
2206
2203
2198
2205
2192
2193
2198
2197
2202
2214
2211
2228
2246
2250
2236
2256
2249
2239
2227
2213
2204
2198
2195
2193
2206
2215
2214
2215
2207
2188
2174
2159
2151
2137
2135
2138
2160
2173
2189
2179
2187
2178
2179
2174
2158
2119
2092
2064
2047
2034
2019
2014
2024
2010
2007
2015
2021
2035
2040
2047
2043
2044
2043
2049
2053
2044
2050
2043
2052
2053
2042
2023
2009
1997
1984
1974
1975
1988
2006
2012
2046
2067
2065
2070
2069
2063
2053
2050
2043
2029
2024
2027
2041
2057
2084
2099
2099
2090
2085
2086
2085
2092
2096
2107
2118
2112
2123
2140
2146
2140
2143
2168
2172
2190
2186
2186
2189
2204
2196
2196
2201
2217
2228
2241
2237
2221
2208
2196
2159
2133
2102
2075
2040
2024
2035
2037
2043
2053
2065
2069
2080
2086
2094
2103
2111
2105
2112
2127
2143
2138
2123
2114
2112
2118
2126
2125
2127
2131
2146
2150
2152
2163
2166
2171
2166
2172
2178
2179
2200
2203
2202
2211
2211
2209
2204
2191
2168
2155
2155
2130
2132
2124
2121
2118
2116
2130
2132
2138
2143
2159
2156
2167
2169
2158
2153
2162
2180
2178
2175
2174
2180
2180
2173
2176
2174
2178
2154
2151
2156
2146
2142
2149
2148
2154
2153
2160
2157
2148
2131
2119
2111
2122
2132
2135
2118
2106
2092
2080
2067
2068
2065
2051
2036
2018
1990
1980
1975
1974
1960
1958
1948
1940
1944
1955
1974
2003
2019
2039
2042
2062
2083
2096
2096
2085
2060
2029
2000
1983
1978
1959
1943
1931
1927
1922
1914
1924
1916
1912
1907
1909
1930
1956
1964
1981
1994
2012
2035
2033
2020
2025
2003
1993
1983
1972
1976
1990
1990
1983
1972
1949
1936
1912
1896
1892
1895
1889
1899
1912
1920
1940
1968
1987
2019
2026
2043
2050
2065
2076
2091
2113
2118
2109
2084
2070
2062
2064
2046
2044
2058
2074
2074
2079
2082
2117
2134
2141
2130
2128
2137
2132
2103
2094
2098
2102
2102
2122
2135
2131
2130
2132
2121
2114
2099
2086
2075
2076
2070
2067
2066
2065
2080
2088
2094
2094
2098
2099
2083
2076
2074
2077
2081
2087
2084
2080
2067
2063
2074
2087
2091
2092
2102
2114
2108
2117
2121
2128
2127
2103
2102
2113
2117
2111
2118
2110
2105
2105
2087
2066
2067
2071
2082
2083
2079
2088
2088
2091
2095
2100
2092
2090
2089
2092
2098
2095
2123
2143
2147
2152
2162
2167
2162
2165
2173
2166
2167
2165
2166
2169
2151
2143
2123
2100
2083
2070
2056
2046
2026
2020
2026
2044
2044
2057
2058
2062
2054
2047
2035
2037
2042
2030
2033
2038
2037
2035
2041
2051
2045
2044
2039
2040
2031
2029
2013
1999
1992
2004
2013
2016
2026
2030
2045
2035
2018
2014
2015
2022
2011
2002
1991
1981
1975
1965
1972
1964
1963
1959
1962
1968
2002
2009
2029
2029
2025
2011
2008
1988
1975
1950
1916
1882
1850
1840
1825
1831
1836
1839
1842
1848
1868
1873
1883
1880
1880
1873
1870
1873
1880
1894
1895
1890
1886
1877
1863
1871
1870
1882
1887
1893
1890
1891
1883
1881
1863
1858
1817
1794
1762
1751
1747
1763
1769
1791
1839
1867
1892
1922
1942
1948
1962
1967
1947
1928
1911
1905
1905
1908
1917
1926
1920
1925
1922
1926
1944
1945
1958
1979
1982
1980
1978
1987
2000
2000
1993
1981
1977
1978
1960
1941
1941
1928
1927
1921
1938
1958
1968
1982
1977
1978
1982
1978
1979
1956
1962
1957
1946
1953
1951
1947
1929
1904
1897
1887
1874
1875
1882
1875
1856
1847
1846
1855
1860
1877
1875
1868
1854
1838
1828
1833
1829
1855
1859
1866
1890
1926
1956
1967
1976
1993
1992
1981
1973
1971
1954
1964
1976
1974
1969
1963
1936
1931
1924
1929
1926
1928
1934
1948
1953
1956
1969
1995
2003
2014
2028
2032
2024
2023
2017
2010
2007
1997
1980
1977
1973
1973
1964
1961
1966
1966
1979
1985
2010
2011
2007
2007
2016
2015
2015
1995
2001
2007
1999
2030
2055
2075
2083
2082
2082
2071
2063
2077
2073
2067
2081
2087
2083
2090
2097
2108
2108
2112
2113
2122
2126
2129
2124
2124
2113
2091
2089
2094
2088
2079
2063
2053
2055
2054
2042
2029
2026
2024
2015
2004
2015
2011
2003
2009
2009
2009
2008
2019
2020
1994
1994
1986
1980
1961
1949
1943
1950
1957
1958
1944
1921
1900
1879
1874
1882
1873
1868
1880
1903
1932
1956
1969
1988
1982
1973
1961
1950
1947
1954
1946
1927
1919
1923
1935
1924
1913
1899
1892
1881
1872
1864
1855
1846
1870
1872
1883
1912
1922
1927
1936
1961
1961
1980
1994
2011
2017
2025
2019
2027
2019
1997
1982
1963
1939
1905
1878
1865
1873
1875
1877
1893
1912
1937
1949
1969
1960
1964
1968
1971
1953
1943
1936
1927
1931
1934
1944
1935
1948
1963
1967
1966
1977
1979
1979
1973
1957
1950
1955
1950
1941
1932
1917
1921
1928
1924
1908
1913
1928
1937
1952
1969
1991
2008
2019
2015
2000
1983
1950
1911
1888
1864
1854
1841
1822
1819
1836
1845
1865
1883
1896
1881
1870
1855
1847
1848
1846
1837
1832
1818
1831
1850
1857
1853
1835
1829
1815
1770
1737
1707
1674
1658
1656
1680
1683
1675
1699
1735
1751
1777
1796
1803
1814
1807
1821
1819
1828
1837
1821
1813
1782
1764
1757
1762
1769
1778
1789
1790
1816
1819
1822
1836
1832
1832
1834
1855
1875
1877
1872
1852
1847
1843
1845
1828
1824
1823
1822
1824
1848
1883
1923
1953
1975
2002
2019
2034
2063
2074
2083
2076
2092
2095
2090
2090
2086
2092
2091
2090
2102
2096
2096
2105
2113
2117
2112
2112
2106
2091
2088
2084
2089
2074
2058
2046
2038
2037
2037
2020
2026
2024
2032
2036
2039
2053
2073
2071
2084
2092
2090
2085
2075
2071
2073
2092
2104
2104
2099
2111
2122
2123
2115
2106
2103
2104
2095
2090
2081
2077
2064
2064
2046
2020
1983
1953
1923
1916
1899
1886
1877
1880
1874
1854
1846
1855
1869
1868
1887
1914
1939
1958
1979
1995
2006
2011
2034
2049
2053
2060
2070
2089
2089
2077
2064
2058
2056
2063
2070
2059
2063
2083
2098
2106
2105
2097
2090
2088
2082
2066
2076
2076
2072
2075
2073
2061
2041
2023
2005
1991
1973
1954
1951
1959
1956
1960
1980
2010
2023
2049
2059
2066
2064
2066
2071
2072
2068
2071
2057
2048
2018
1999
1983
1958
1941
1939
1924
1910
1911
1928
1946
1966
1992
2018
2028
2053
2062
2071
2066
2069
2086
2072
2066
2064
2076
2087
2108
2125
2134
2148
2157
2157
2156
2149
2145
2139
2127
2125
2103
2091
2061
2032
2021
2028
2039
2040
2052
2074
2076
2072
2088
2104
2116
2123
2113
2095
2073
2057
2051
2061
2054
2044
2033
2036
2025
2030
2037
2025
2003
1986
1981
1980
1966
1943
1931
1915
1903
1891
1891
1884
1877
1871
1876
1906
1928
1948
1959
1972
2001
2011
2024
2041
2055
2071
2079
2079
2089
2086
2107
2113
2118
2127
2139
2111
2087
2074
2053
2044
2048
2050
2035
2035
2043
2047
2033
2022
1999
1992
1980
1965
1947
1937
1911
1909
1909
1922
1922
1920
1922
1913
1899
1880
1855
1823
1804
1794
1805
1807
1825
1844
1850
1846
1842
1834
1824
1798
1785
1779
1784
1802
1825
1843
1859
1881
1897
1907
1922
1931
1933
1931
1939
1943
1957
1966
1969
1985
1995
2000
1994
1975
1984
1993
2000
1991
1994
1999
2001
1992
1991
2005
2022
2021
2022
2039
2052
2061
2066
2076
2093
2110
2120
2121
2129
2135
2134
2128
2119
2113
2101
2092
2096
2095
2085
2095
2099
2104
2102
2095
2096
2107
2134
2142
2147
2147
2158
2156
2142
2122
2120
2111
2104
2105
2099
2090
2097
2093
2111
2115
2118
2110
2100
2104
2109
2106
2099
2095
2099
2099
2104
2095
2093
2091
2090
2082
2076
2070
2081
2071
2079
2078
2086
2076
2069
2077
2080
2093
2099
2082
2082
2060
2036
2023
2022
1994
1981
1961
1945
1927
1904
1889
1903
1913
1928
1946
1955
1962
1973
1977
1963
1967
1953
1935
1934
1933
1935
1938
1932
1911
1906
1899
1911
1906
1894
1888
1891
1900
1915
1929
1956
1967
1982
1990
2000
1984
1970
1947
1943
1938
1935
1909
1893
1870
1860
1847
1839
1846
1853
1859
1857
1883
1905
1923
1924
1929
1929
1922
1911
1889
1873
1862
1863
1860
1849
1845
1837
1831
1841
1834
1833
1821
1822
1839
1842
1843
1845
1834
1834
1829
1808
1796
1779
1769
1752
1739
1735
1737
1744
1759
1759
1771
1803
1821
1827
1832
1833
1842
1860
1879
1890
1894
1914
1916
1927
1922
1906
1882
1873
1851
1835
1817
1779
1749
1738
1713
1703
1695
1699
1711
1723
1759
1784
1835
1847
1842
1851
1870
1876
1873
1865
1882
1891
1896
1899
1894
1873
1859
1844
1861
1869
1871
1881
1887
1915
1929
1923
1911
1914
1926
1942
1942
1955
1966
1976
1980
1995
1986
1972
1956
1943
1932
1909
1891
1891
1884
1885
1877
1878
1869
1869
1897
1918
1935
1941
1954
1963
1970
1978
1982
1973
1967
1947
1931
1926
1894
1875
1875
1882
1863
1877
1878
1877
1885
1890
1907
1921
1924
1920
1926
1918
1918
1926
1953
1956
1962
1966
1959
1967
1961
1961
1970
1990
1998
1995
1989
1968
1960
1953
1938
1915
1897
1879
1865
1864
1852
1850
1857
1872
1872
1903
1926
1953
1970
1993
2013
2025
2041
2046
2051
2046
2032
2027
2014
2008
1997
1991
1994
2010
2027
2037
2062
2083
2101
2121
2143
2163
2179
2190
2205
2196
2186
2164
2146
2129
2110
2083
2052
2043
2027
2011
2005
2013
2045
2068
2079
2092
2087
2092
2106
2110
2107
2093
2075
2073
2079
2082
2073
2080
2084
2086
2086
2100
2102
2097
2093
2101
2104
2095
2072
2057
2037
2009
1990
1986
1975
1985
1989
1987
1995
2001
2022
2042
2060
2062
2074
2066
2066
2069
2058
2036
2015
1990
1966
1961
1945
1937
1943
1951
1959
1969
1995
2011
2030
2047
2074
2087
2102
2110
2143
2159
2177
2179
2193
2162
2135
2131
2131
2135
2124
2117
2118
2122
2140
2147
2155
2151
2152
2145
2147
2136
2135
2132
2139
2139
2129
2114
2122
2140
2150
2150
2164
2160
2147
2133
2129
2120
2127
2128
2127
2138
2133
2122
2127
2122
2115
2125
2134
2151
2145
2146
2141
2127
2132
2133
2133
2122
2114
2120
2112
2104
2099
2097
2102
2112
2134
2140
2151
2141
2143
2138
2099
2079
2058
2054
2057
2065
2072
2091
2096
2120
2118
2117
2129
2131
2133
2105
2080
2061
2040
2005
1985
1969
1940
1915
1923
1920
1918
1913
1948
1961
1970
1974
1978
1970
1965
1963
1974
1982
1983
1996
2014
2023
2043
2058
2074
2072
2058
2061
2046
2046
2038
2050
2039
2049
2065
2073
2061
2054
2043
2054
2066
2083
2096
2110
2138
2134
2143
2155
2168
2176
2176
2161
2153
2135
2109
2089
2063
2046
2020
2013
2028
2029
2021
2018
2022
2013
1987
1979
1989
1989
1962
1952
1921
1900
1901
1895
1909
1935
1958
1957
1953
1967
1963
1939
1933
1926
1931
1921
1931
1943
1965
1969
1989
1986
1987
1975
1967
1963
1959
1956
1966
1989
2007
2025
2034
2040
2054
2056
2075
2076
2069
2066
2049
2042
2010
1998
1993
1990
1981
1970
1989
2010
2023
2033
2041
2025
2027
2027
2020
2027
2043
2042
2079
2088
2104
2115
2114
2111
2109
2108
2111
2095
2087
2083
2085
2108
2133
2143
2149
2158
2158
2158
2140
2139
2132
2128
2100
2081
2073
2045
2027
2003
1995
1974
1951
1936
1933
1919
1917
1916
1926
1945
1968
2008
2040
2074
2111
2135
2140
2142
2168
2175
2176
2174
2183
2187
2184
2186
2176
2176
2167
2180
2181
2172
2165
2154
2144
2153
2156
2157
2166
2174
2176
2174
2184
2174
2168
2166
2166
2151
2151
2155
2148
2144
2145
2132
2119
2110
2106
2110
2109
2123
2132
2131
2132
2135
2150
2181
2182
2202
2218
2243
2247
2246
2247
2252
2252
2244
2225
2208
2206
2211
2212
2206
2209
2189
2191
2197
2195
2199
2197
2193
2187
2180
2180
2172
2180
2189
2192
2202
2207
2216
2218
2218
2208
2192
2186
2179
2180
2187
2179
2171
2170
2180
2186
2191
2188
2186
2198
2198
2196
2206
2203
2200
2211
2212
2214
2201
2212
2215
2215
2220
2221
2213
2227
2227
2218
2207
2214
2196
2172
2159
2124
2132
2135
2150
2155
2169
2168
2187
2172
2162
2157
2167
2168
2164
2153
2166
2163
2166
2164
2169
2159
2156
2139
2142
2150
2158
2163
2153
2135
2110
2088
2079
2073
2076
2082
2089
2097
2106
2109
2098
2084
2075
2073
2091
2105
2106
2127
2139
2137
2134
2126
2111
2102
2067
2042
2025
2013
2007
2016
2029
2032
2031
2007
1998
1987
1983
1980
1974
1957
1933
1921
1933
1949
1971
1990
1991
1994
2004
1994
1992
1979
1984
1979
1979
1947
1928
1901
1901
1893
1899
1901
1938
1963
1976
1972
1974
1964
1967
1968
1985
1998
2006
2019
2025
2018
2016
2007
1990
1985
1964
1956
1946
1939
1929
1915
1895
1901
1890
1891
1883
1890
1884
1874
1875
1864
1864
1859
1865
1855
1838
1824
1824
1821
1816
1820
1822
1824
1835
1861
1873
1871
1875
1858
1837
1831
1818
1797
1790
1770
1755
1765
1777
1783
1781
1783
1784
1797
1811
1818
1835
1863
1876
1901
1907
1915
1917
1899
1895
1875
1865
1856
1838
1814
1808
1802
1788
1775
1771
1781
1779
1779
1762
1747
1723
1714
1695
1701
1709
1729
1734
1763
1783
1794
1788
1793
1785
1779
1777
1770
1765
1768
1768
1748
1723
1692
1646
1625
1626
1629
1643
1658
1676
1689
1716
1731
1726
1716
1701
1687
1690
1698
1703
1709
1709
1729
1742
1753
1765
1767
1776
1777
1792
1803
1826
1845
1864
1864
1834
1794
1769
1752
1731
1721
1715
1708
1695
1677
1666
1648
1656
1647
1627
1605
1577
1541
1527
1503
1497
1506
1531
1555
1547
1574
1608
1635
1647
1658
1672
1681
1669
1646
1627
1595
1586
1569
1555
1554
1568
1587
1619
1643
1667
1702
1731
1747
1768
1762
1734
1715
1701
1698
1700
1684
1682
1673
1668
1663
1653
1647
1647
1653
1665
1681
1673
1664
1662
1656
1665
1679
1682
1711
1735
1765
1775
1792
1797
1824
1824
1832
1819
1804
1779
1757
1744
1730
1711
1715
1735
1773
1804
1839
1870
1901
1928
1934
1946
1929
1889
1866
1838
1801
1773
1735
1719
1733
1734
1764
1798
1832
1867
1907
1915
1907
1904
1885
1868
1871
1857
1835
1834
1843
1845
1855
1861
1859
1847
1840
1833
1831
1824
1826
1841
1843
1850
1867
1884
1876
1891
1910
1927
1930
1935
1947
1963
1983
2001
2013
2031
2052
2071
2081
2082
2092
2082
2071
2050
2034
2029
2031
2041
2046
2080
2098
2121
2141
2151
2155
2152
2119
2087
2053
2026
2006
1994
1986
1984
1970
1980
1995
2012
2032
2058
2066
2067
2071
2078
2079
2076
2074
2080
2090
2100
2106
2115
2143
2152
2151
2137
2115
2094
2068
2042
2027
2011
2006
2014
2044
2065
2058
2073
2081
2093
2094
2104
2116
2127
2117
2115
2111
2114
2109
2116
2111
2104
2115
2112
2113
2085
2054
2055
2038
2037
2024
2026
2033
2046
2071
2078
2078
2095
2085
2078
2078
2083
2078
2065
2045
2039
2028
2025
2029
2035
2036
2040
2050
2066
2060
2043
2016
1992
1958
1951
1932
1919
1921
1911
1920
1924
1955
1982
2017
2036
2053
2058
2053
2034
2014
1988
1967
1958
1956
1952
1946
1940
1939
1945
1931
1934
1930
1934
1941
1947
1943
1935
1941
1954
1969
2003
2027
2025
2022
2033
2017
2020
2017
2024
2022
2001
1987
1985
1973
1973
1967
1983
1986
2005
2019
2046
2062
2076
2078
2087
2109
2107
2111
2138
2160
2168
2171
2174
2164
2169
2156
2132
2101
2072
2049
2026
2010
2014
2022
2043
2079
2104
2129
2156
2183
2187
2191
2192
2173
2165
2173
2153
2147
2135
2122
2099
2086
2078
2073
2090
2105
2111
2124
2132
2157
2177
2179
2196
2210
2220
2216
2204
2206
2216
2218
2220
2222
2233
2235
2222
2215
2228
2223
2222
2219
2218
2207
2191
2167
2158
2157
2150
2154
2160
2187
2186
2179
2192
2197
2197
2196
2207
2215
2222
2235
2258
2268
2267
2269
2290
2304
2297
2289
2290
2289
2291
2302
2300
2294
2283
2273
2262
2260
2252
2244
2252
2268
2267
2302
2298
2295
2289
2292
2277
2277
2276
2299
2306
2316
2328
2327
2337
2335
2333
2316
2290
2254
2229
2198
2173
2158
2164
2168
2161
2170
2181
2188
2195
2198
2197
2212
2219
2229
2230
2245
2245
2237
2249
2243
2228
2215
2208
2211
2201
2198
2202
2214
2213
2199
2197
2192
2195
2190
2164
2159
2158
2143
2138
2137
2137
2121
2125
2120
2116
2097
2093
2092
2089
2092
2100
2107
2110
2121
2143
2153
2169
2192
2205
2216
2230
2225
2220
2206
2186
2182
2175
2171
2161
2136
2132
2115
2094
2076
2060
2050
2035
2025
2025
2023
2030
2019
2027
2029
2038
2027
2016
2000
2004
1993
1999
2019
2036
2039
2044
2069
2082
2106
2138
2159
2157
2155
2157
2164
2178
2187
2189
2209
2211
2208
2201
2190
2166
2147
2138
2140
2130
2126
2133
2134
2127
2126
2123
2117
2129
2126
2130
2148
2153
2155
2155
2152
2141
2133
2133
2127
2118
2102
2088
2082
2098
2095
2103
2106
2108
2114
2123
2126
2143
2152
2172
2189
2202
2198
2197
2211
2206
2199
2196
2182
2173
2174
2170
2160
2158
2156
2153
2156
2162
2148
2140
2150
2150
2171
2181
2197
2188
2198
2185
2176
2172
2150
2117
2119
2092
2064
2047
2031
2016
2018
2026
2051
2066
2098
2107
2115
2127
2135
2138
2139
2141
2142
2153
2160
2169
2150
2145
2137
2121
2112
2095
2087
2082
2100
2101
2090
2081
2072
2072
2081
2084
2091
2092
2092
2098
2117
2124
2157
2180
2195
2211
2203
2173
2157
2136
2124
2107
2090
2080
2053
2033
2038
2030
2021
1998
1988
1974
1945
1936
1933
1932
1953
1960
1964
1972
1992
2014
2033
2036
2043
2059
2066
2061
2049
2051
2060
2063
2074
2073
2060
2059
2048
2056
2060
2064
2077
2076
2077
2084
2078
2063
2037
2018
1990
1975
1959
1975
1988
1983
1996
2012
2039
2039
2045
2053
2055
2035
2035
2019
2024
2030
2046
2055
2075
2105
2128
2146
2171
2178
2158
2146
2136
2115
2092
2070
2035
2014
2002
2004
2018
2040
2076
2103
2125
2131
2136
2137
2137
2126
2119
2109
2112
2112
2107
2099
2099
2091
2086
2064
2073
2068
2062
2059
2048
2056
2063
2058
2055
2056
2040
2036
2038
2039
2034
2040
2029
2032
2020
2014
2022
2035
2039
2069
2094
2122
2143
2158
2179
2187
2184
2169
2149
2137
2133
2118
2112
2114
2116
2025
2002
2001
2018
2031
2051
2051
2062
2074
2071
2074
2090
2104
2104
2099
2083
2067
2055
2059
2045
2041
2047
2046
2037
2048
2057
2048
2053
2044
2036
2027
2026
2014
2027
2043
2056
2088
2107
2127
2135
2143
2164
2172
2161
2159
2155
2143
2134
2116
2087
2075
2050
2031
2021
2027
2044
2062
2063
2076
2076
2078
2074
2070
2064
2038
1999
2000
1994
2015
2044
2060
2063
2079
2082
2083
2091
2097
2092
2090
2082
2089
2082
2074
2060
2066
2068
2088
2120
2152
2160
2170
2201
2207
2217
2228
2226
2224
2212
2192
2170
2162
2175
2191
2197
2213
2243
2245
2249
2254
2259
2271
2291
2286
2286
2276
2271
2266
2248
2242
2218
2216
2218
2220
2214
2210
2213
2222
2212
2211
2220
2234
2242
2242
2241
2248
2225
2231
2238
2218
2200
2204
2213
2211
2215
2221
2220
2211
2215
2243
2254
2271
2281
2304
2321
2332
2343
2346
2353
2353
2350
2349
2340
2338
2328
2320
2311
2301
2282
2247
2228
2206
2188
2157
2146
2157
2170
2165
2193
2193
2204
2225
2245
2254
2280
2280
2277
2273
2256
2250
2244
2246
2242
2242
2232
2235
2242
2247
2243
2258
2276
2289
2298
2311
2313
2345
2352
2355
2353
2357
2347
2340
2332
2316
2312
2300
2282
2269
2265
2266
2267
2267
2267
2289
2308
2308
2320
2314
2308
2309
2314
2313
2311
2304
2286
2290
2298
2298
2301
2320
2306
2293
2297
2311
2317
2327
2336
2355
2358
2353
2357
2359
2348
2335
2346
2336
2338
2337
2347
2348
2344
2352
2349
2347
2335
2335
2323
2321
2310
2314
2320
2326
2309
2293
2286
2287
2281
2288
2294
2299
2292
2294
2272
2266
2254
2256
2254
2250
2243
2242
2248
2246
2249
2247
2251
2243
2239
2239
2236
2255
2278
2278
2270
2257
2263
2256
2255
2252
2248
2245
2231
2234
2245
2245
2265
2280
2285
2291
2288
2279
2273
2260
2231
2202
2172
2155
2154
2164
2173
2170
2180
2180
2182
2192
2209
2223
2227
2231
2230
2235
2216
2217
2225
2220
2208
2211
2215
2225
2228
2231
2239
2239
2236
2231
2247
2245
2232
2224
2215
2214
2214
2220
2202
2199
2201
2204
2202
2195
2191
2192
2196
2191
2187
2193
2199
2201
2211
2211
2211
2191
2182
2186
2184
2186
2200
2209
2212
2223
2216
2216
2217
2210
2190
2181
2175
2174
2159
2145
2162
2174
2179
2199
2195
2201
2215
2235
2238
2242
2251
2254
2264
2283
2288
2285
2298
2313
2329
2333
2339
2342
2336
2330
2324
2330
2319
2321
2310
2306
2294
2286
2295
2317
2329
2340
2345
2356
2351
2352
2354
2328
2319
2296
2264
2248
2252
2251
2258
2268
2276
2286
2290
2295
2290
2279
2263
2252
2234
2220
2215
2201
2212
2217
2226
2238
2243
2250
2249
2247
2240
2239
2238
2240
2247
2265
2282
2293
2297
2300
2310
2303
2305
2299
2280
2275
2259
2250
2226
2222
2223
2211
2194
2193
2202
2199
2179
2178
2179
2170
2160
2153
2152
2140
2127
2112
2117
2119
2132
2154
2166
2148
2144
2155
2162
2170
2180
2176
2161
2165
2184
2173
2166
2179
2192
2199
2216
2233
2246
2252
2269
2274
2279
2275
2283
2281
2270
2262
2264
2251
2221
2208
2197
2189
2186
2175
2185
2195
2193
2193
2177
2176
2186
2210
2215
2217
2206
2214
2213
2208
2198
2184
2185
2187
2173
2165
2155
2150
2146
2131
2136
2142
2145
2150
2159
2158
2173
2170
2165
2177
2169
2162
2140
2131
2119
2104
2096
2079
2070
2044
2031
2026
2021
2015
2022
2039
2058
2074
2063
2067
2063
2074
2101
2096
2111
2131
2132
2153
2155
2156
2162
2173
2173
2179
2190
2171
2170
2159
2156
2143
2110
2096
2087
2078
2076
2080
2087
2103
2099
2112
2105
2113
2115
2125
2112
2104
2112
2118
2110
2120
2122
2139
2144
2151
2154
2149
2147
2133
2124
2141
2151
2160
2150
2151
2153
2163
2173
2179
2185
2188
2187
2171
2160
2153
2146
2151
2150
2160
2148
2148
2141
2120
2117
2123
2105
2097
2085
2077
2080
2091
2086
2073
2052
2051
2043
2033
2016
2000
2001
2004
2003
2015
2027
2018
2034
2037
2049
2053
2057
2070
2087
2077
2059
2046
2040
2019
2007
2005
2003
2009
2015
2013
2011
2021
2020
2028
2063
2081
2086
2083
2091
2067
2061
2051
2025
2023
2013
1997
1986
1973
1967
1951
1954
1946
1944
1953
1948
1945
1958
1943
1945
1953
1957
1948
1936
1931
1927
1939
1950
1957
1963
1978
1987
1985
2008
2028
2033
2050
2059
2084
2095
2095
2088
2089
2077
2074
2066
2064
2059
2089
2101
2106
2100
2118
2128
2125
2133
2147
2142
2152
2172
2185
2198
2187
2187
2163
2139
2113
2090
2061
2053
2070
2087
2087
2097
2114
2120
2130
2130
2126
2115
2103
2075
2058
2045
2020
2003
2006
2012
2018
2028
2043
2057
2065
2079
2103
2104
2107
2111
2117
2132
2135
2119
2113
2098
2092
2065
2039
2021
2001
1993
1989
1981
1976
1971
1969
1985
2021
2040
2053
2068
2102
2122
2118
2136
2141
2125
2122
2105
2097
2102
2101
2118
2123
2139
2132
2138
2128
2115
2117
2127
2117
2127
2120
2126
2115
2120
2122
2126
2126
2134
2150
2158
2144
2122
2107
2083
2072
2050
2049
2047
2051
2063
2069
2068
2069
2062
2053
2048
2038
2037
2024
2004
1982
1971
1937
1917
1912
1901
1901
1917
1940
1936
1921
1930
1964
1981
2002
2047
2080
2101
2126
2154
2178
2173
2173
2181
2183
2190
2191
2196
2189
2194
2201
2194
2192
2189
2199
2189
2178
2174
2168
2176
2181
2187
2195
2200
2195
2221
2216
2212
2205
2209
2213
2229
2225
2229
2231
2231
2238
2227
2207
2192
2190
2190
2206
2220
2221
2215
2216
2203
2186
2171
2169
2158
2176
2176
2180
2193
2209
2197
2202
2196
2192
2181
2168
2164
2149
2131
2127
2130
2137
2142
2167
2176
2183
2208
2221
2236
2235
2237
2232
2213
2213
2204
2173
2149
2135
2132
2115
2126
2122
2119
2124
2140
2145
2155
2156
2160
2161
2164
2162
2172
2168
2166
2156
2159
2145
2141
2121
2112
2118
2106
2111
2118
2131
2127
2112
2108
2108
2110
2102
2094
2092
2096
2093
2087
2071
2063
2054
2044
2025
2011
2015
2026
2047
2064
2092
2116
2128
2151
2162
2160
2159
2152
2145
2163
2159
2158
2153
2155
2147
2147
2142
2134
2140
2140
2138
2148
2152
2157
2151
2153
2170
2168
2174
2187
2188
2166
2150
2132
2115
2102
2090
2103
2113
2115
2130
2143
2141
2146
2155
2148
2146
2134
2127
2109
2089
2068
2057
2053
2057
2058
2059
2048
2035
2034
2020
1981
1978
1962
1964
1952
1940
1949
1956
1967
1986
1991
1993
2002
2013
2023
2034
2039
2041
2052
2060
2075
2087
2099
2087
2075
2061
2035
2018
2020
2029
2042
2045
2078
2112
2129
2140
2155
2151
2129
2124
2093
2084
2086
2085
2089
2084
2083
2089
2117
2135
2147
2152
2152
2166
2156
2162
2132
2120
2109
2107
2094
2081
2069
2065
2068
2054
2042
2042
2031
2026
2031
2039
2039
2036
2037
2042
2050
2039
2023
2004
2001
2003
1983
1968
1973
1978
1986
1997
2016
2040
2050
2071
2084
2095
2109
2112
2113
2097
2081
2074
2078
2088
2108
2106
2119
2097
2080
2055
2033
2012
1997
1987
1986
1978
1982
2007
2027
2044
2054
2053
2077
2086
2097
2102
2076
2055
2044
2031
2009
1999
1991
1997
2013
2035
2041
2053
2056
2062
2065
2074
2077
2072
2061
2050
2062
2051
2043
2021
2003
1991
1980
1956
1938
1923
1918
1917
1936
1935
1951
1951
1971
1987
1994
2003
1994
1986
1981
1985
1984
1982
1973
1965
1980
1988
1985
1992
1988
1988
1979
1982
1987
1987
1980
1987
1995
2004
2011
2015
2019
2032
2039
2042
2043
2024
2001
1974
1938
1913
1902
1882
1884
1899
1913
1947
1968
1992
2000
2011
2013
2011
2013
2013
2025
2050
2062
2059
2050
2036
2022
2005
1983
1961
1936
1919
1917
1919
1923
1923
1945
1967
1997
2013
2050
2053
2067
2072
2066
2055
2056
2058
2056
2042
2041
2057
2051
2055
2052
2056
2056
2058
2034
2028
2024
2025
2023
2017
2012
2018
2011
2026
2031
2027
2023
2036
2050
2074
2083
2083
2075
2084
2099
2113
2130
2138
2146
2152
2158
2149
2143
2135
2118
2114
2088
2072
2069
2070
2079
2075
2071
2061
2054
2051
2049
2053
2070
2070
2093
2101
2123
2132
2136
2138
2133
2122
2118
2106
2097
2087
2101
2102
2084
2054
2026
2038
2022
2014
2021
2020
2026
2029
2033
2038
2042
2044
2045
2056
2043
2037
2021
2020
2009
1996
1975
1971
1971
1989
2010
2039
2044
2050
2055
2063
2071
2081
2107
2121
2122
2120
2114
2127
2139
2127
2147
2137
2150
2168
2189
2183
2180
2177
2194
2208
2209
2188
2178
2176
2186
2187
2209
2206
2195
2191
2191
2207
2225
2220
2221
2220
2211
2212
2215
2220
2223
2219
2230
2230
2230
2217
2216
2221
2209
2191
2190
2182
2173
2161
2165
2183
2177
2181
2187
2180
2172
2167
2172
2156
2131
2109
2088
2076
2061
2035
2031
2021
2020
2033
2050
2083
2095
2112
2124
2147
2163
2178
2179
2186
2180
2198
2189
2176
2172
2168
2180
2184
2179
2195
2204
2217
2215
2213
2214
2215
2210
2215
2207
2211
2220
2224
2224
2239
2249
2265
2268
2265
2266
2267
2263
2250
2232
2227
2226
2228
2220
2218
2219
2229
2229
2238
2243
2253
2261
2263
2290
2286
2276
2269
2269
2270
2262
2252
2267
2273
2280
2282
2289
2288
2282
2286
2278
2269
2268
2281
2292
2306
2298
2305
2312
2319
2322
2326
2325
2335
2330
2342
2328
2321
2309
2307
2295
2291
2268
2272
2272
2261
2255
2248
2236
2231
2239
2234
2247
2242
2241
2232
2231
2222
2222
2214
2196
2184
2188
2192
2199
2182
2189
2198
2204
2227
2231
2241
2244
2247
2247
2243
2247
2244
2257
2256
2264
2270
2272
2275
2276
2264
2262
2272
2267
2271
2280
2273
2268
2265
2264
2266
2268
2268
2260
2264
2274
2281
2273
2279
2281
2271
2271
2275
2270
2266
2246
2242
2234
2231
2227
2230
2229
2235
2244
2240
2244
2240
2237
2232
2254
2266
2261
2268
2284
2285
2284
2277
2268
2253
2228
2224
2216
2194
2183
2174
2164
2164
2178
2202
2211
2235
2254
2262
2278
2299
2298
2284
2291
2292
2290
2305
2294
2299
2303
2298
2289
2285
2268
2248
2250
2256
2241
2218
2215
2236
2242
2252
2255
2258
2260
2260
2253
2246
2255
2259
2269
2257
2249
2249
2258
2263
2245
2226
2224
2223
2211
2206
2209
2207
2197
2185
2191
2189
2181
2171
2166
2159
2159
2153
2167
2180
2186
2192
2207
2226
2236
2219
2205
2200
2188
2173
2161
2160
2148
2140
2136
2152
2141
2142
2137
2148
2152
2162
2156
2152
2132
2130
2120
2126
2135
2130
2145
2149
2151
2165
2172
2168
2170
2182
2169
2163
2152
2140
2140
2132
2122
2121
2133
2129
2118
2109
2124
2115
2119
2122
2144
2157
2169
2175
2184
2192
2184
2172
2179
2169
2163
2167
2168
2163
2143
2142
2147
2146
2140
2144
2126
2131
2129
2126
2123
2133
2120
2115
2124
2135
2142
2150
2160
2179
2188
2194
2204
2211
2211
2203
2210
2226
2211
2203
2205
2180
2167
2169
2179
2177
2178
2168
2139
2135
2123
2109
2084
2078
2059
2051
2056
2062
2060
2063
2079
2091
2090
2091
2108
2103
2112
2109
2099
2085
2087
2099
2104
2105
2106
2111
2116
2124
2141
2152
2159
2159
2147
2141
2140
2151
2139
2144
2144
2148
2144
2153
2159
2155
2149
2158
2180
2190
2197
2200
2224
2222
2195
2186
2189
2196
2174
2145
2123
2103
2106
2110
2132
2141
2153
2166
2186
2206
2210
2219
2224
2228
2221
2210
2215
2194
2194
2182
2183
2193
2187
2188
2202
2192
2196
2207
2219
2224
2221
2206
2210
2209
2219
2222
2217
2218
2227
2230
2223
2219
2212
2207
2202
2219
2221
2209
2195
2206
2203
2211
2227
2239
2241
2254
2256
2250
2235
2225
2211
2206
2190
2173
2171
2182
2174
2178
2189
2197
2184
2190
2195
2197
2186
2189
2185
2167
2168
2180
2195
2205
2203
2197
2194
2194
2169
2152
2131
2130
2111
2117
2120
2105
2109
2113
2139
2158
2170
2157
2151
2144
2135
2145
2133
2130
2125
2118
2114
2107
2095
2098
2101
2094
2078
2062
2035
2019
1993
1968
1944
1957
1966
1980
1987
2006
2041
2066
2091
2101
2089
2089
2088
2091
2072
2064
2045
2035
2021
2024
2032
2043
2060
2063
2088
2091
2092
2108
2114
2130
2156
2158
2155
2142
2130
2113
2106
2095
2077
2064
2056
2041
2035
2017
2022
2016
2027
2034
2024
2013
2005
1983
1973
1959
1950
1939
1938
1954
1973
1983
1990
1987
1986
1985
1945
1921
1895
1871
1858
1853
1844
1843
1826
1845
1875
1896
1918
1950
1976
1997
2003
2009
2010
2028
2032
2027
2025
2040
2023
2023
2022
2015
2005
1992
1976
1976
1948
1938
1932
1925
1934
1937
1952
1955
1954
1959
1957
1965
1972
1978
1995
2003
2011
2021
2017
2012
2009
2007
2004
1997
1998
1989
1998
2003
2020
2025
2028
2035
2044
2038
2041
2039
2040
2042
2036
2054
2067
2073
2069
2067
2057
2064
2058
2063
2056
2056
2042
2061
2062
2068
2053
2054
2063
2047
2032
2035
2036
2032
2030
2039
2045
2037
2019
2015
2009
2016
2018
2020
2036
2041
2046
2052
2056
2053
2045
2036
2031
2023
2021
2022
2022
2022
2020
2021
2033
2035
2052
2050
2046
2050
2064
2070
2091
2096
2095
2078
2080
2107
2123
2127
2118
2124
2132
2135
2142
2138
2134
2120
2112
2085
2051
2040
2045
2035
2028
2033
2033
2052
2058
2085
2098
2110
2107
2102
2099
2105
2098
2088
2079
2079
2084
2087
2087
2089
2091
2113
2126
2128
2135
2134
2131
2144
2144
2131
2119
2099
2088
2083
2068
2065
2065
2047
2043
2032
2037
2014
2012
2033
2059
2083
2089
2113
2124
2141
2150
2149
2143
2145
2148
2153
2145
2154
2135
2129
2116
2123
2113
2117
2108
2097
2098
2108
2109
2109
2098
2089
2078
2071
2073
2066
2046
2054
2057
2065
2074
2073
2086
2103
2126
2130
2133
2139
2131
2120
2120
2107
2098
2092
2094
2109
2126
2137
2139
2124
2118
2103
2100
2089
2088
2093
2085
2094
2108
2106
2106
2110
2120
2114
2115
2115
2115
2128
2129
2134
2131
2145
2139
2140
2126
2130
2115
2107
2103
2101
2104
2123
2113
2125
2131
2150
2149
2166
2163
2179
2185
2202
2208
2204
2184
2170
2159
2142
2127
2118
2103
2104
2132
2147
2163
2187
2190
2192
2194
2192
2187
2185
2183
2175
2173
2180
2190
2204
2196
2198
2215
2230
2234
2242
2249
2244
2243
2222
2215
2224
2227
2219
2222
2207
2183
2149
2116
2093
2064
2035
2022
2010
2019
2054
2081
2106
2109
2132
2151
2170
2178
2190
2185
2195
2188
2192
2201
2207
2205
2200
2188
2181
2165
2157
2155
2157
2159
2154
2169
2179
2177
2179
2204
2215
2226
2234
2229
2221
2222
2214
2213
2195
2198
2192
2202
2200
2208
2207
2205
2209
2206
2191
2181
2171
2174
2159
2145
2140
2137
2123
2107
2116
2108
2111
2106
2114
2118
2127
2137
2141
2147
2158
2158
2158
2149
2145
2141
2138
2133
2136
2149
2159
2159
2156
2141
2138
2152
2170
2172
2164
2147
2140
2137
2124
2130
2129
2138
2137
2143
2136
2135
2135
2127
2119
2134
2141
2138
2146
2141
2136
2135
2137
2139
2148
2145
2126
2105
5835
2312
2308
2303
2292
2267
2230
2210
2179
2129
2083
2068
2083
2121
2176
2211
2263
2299
2330
2346
2352
2351
2344
2352
2350
2349
2356
2373
2385
2418
2437
2407
2364
2344
2331
2307
2252
2206
2154
2120
2074
2034
1994
2022
2025
2037
2060
2100
2145
2205
2267
2318
2343
2376
2400
2423
2444
2437
2437
2430
2416
2397
2379
2348
2322
2303
2286
2280
2308
2333
2374
2391
2403
2415
2414
2404
2386
2362
2346
2322
2296
2265
2251
2248
2268
2280
2298
2313
2332
2356
2358
2353
2362
2366
2355
2349
2347
2333
2329
2330
2335
2353
2379
2394
2400
2409
2429
2431
2411
2363
2346
2326
2313
2291
2275
2261
2253
2271
2283
2286
2302
2314
2347
2388
2430
2442
2465
2454
2428
2368
2326
2288
2260
2251
2260
2290
2315
2317
2311
2288
2252
2212
2154
2125
2093
2112
2155
2220
2240
2257
2266
2282
2283
2294
2255
2182
2068
1981
1911
1871
1828
1815
1807
1806
1795
1837
1870
1910
1950
1971
1979
1972
1949
1956
1972
1979
1990
2015
2024
2017
1989
1950
1906
1869
1844
1827
1825
1827
1870
1935
2013
2093
2149
2173
2150
2119
2086
2067
2044
2018
1981
1995
2024
2089
2145
2189
2201
2190
2170
2146
2127
2128
2135
2149
2167
2179
2182
2184
2210
2224
2243
2258
2286
2311
2344
2347
2352
2351
2357
2360
2363
2364
2384
2403
2424
2407
2370
2310
2257
2184
2100
1995
1915
1855
1854
1899
1916
1947
1971
1985
2013
2060
2082
2113
2124
2146
2156
2184
2203
2244
2234
2217
2194
2183
2176
2171
2175
2184
2202
2223
2240
2249
2264
2286
2290
2311
2331
2330
2350
2365
2384
2385
2372
2359
2331
2299
2263
2239
2230
2201
2151
2109
2098
2114
2116
2132
2142
2164
2184
2205
2233
2248
2255
2254
2250
2260
2276
2270
2264
2251
2269
2276
2284
2259
2233
2207
2207
2185
2195
2186
2200
2205
2207
2179
2180
2181
2191
2188
2188
2171
2147
2123
2132
2125
2114
2088
2065
2029
2009
2000
2007
1967
1931
1884
1855
1821
1808
1799
1815
1807
1797
1778
1768
1769
1795
1864
1955
2021
2094
2133
2168
2179
2202
2177
2113
2017
1929
1882
1841
1804
1757
1712
1692
1701
1701
1706
1729
1741
1742
1744
1778
1841
1911
1964
2005
2042
2087
2091
2088
2075
2069
2027
1985
1951
1944
1927
1919
1926
1918
1874
1812
1777
1744
1722
1718
1738
1735
1748
1764
1825
1902
2008
2061
2113
2134
2159
2170
2197
2222
2252
2255
2245
2210
2188
2151
2114
2078
2064
2057
2064
2105
2138
2198
2248
2280
2291
2293
2277
2260
2219
2176
2143
2125
2127
2154
2168
2206
2232
2233
2225
2189
2150
2128
2103
2083
2040
2004
1991
1987
2026
2057
2080
2107
2117
2115
2123
2107
2076
2058
2044
2052
2041
2048
2040
2051
2070
2072
2079
2085
2107
2124
2163
2183
2191
2194
2192
2198
2188
2168
2168
2169
2177
2171
2144
2089
2055
2051
2031
2006
2009
2017
2043
2069
2100
2105
2112
2092
2066
2059
2062
2047
2062
2085
2132
2169
2228
2255
2271
2292
2286
2285
2297
2289
2270
2281
2286
2305
2294
2251
2196
2141
2067
2020
1950
1912
1877
1855
1838
1826
1855
1890
1916
1953
1960
1975
1979
1981
1972
1958
1947
1946
1950
1957
1963
1994
2035
2047
2044
2016
1983
1960
1946
1915
1865
1843
1828
1843
1880
1926
1981
2023
2043
2028
1999
1962
1927
1911
1886
1867
1846
1845
1835
1806
1793
1794
1803
1796
1836
1874
1943
1985
2013
2004
2018
1980
1939
1881
1820
1739
1656
1547
1468
1414
1423
1452
1496
1523
1560
1609
1672
1717
1755
1747
1720
1711
1709
1723
1752
1778
1775
1761
1728
1700
1682
1696
1701
1731
1770
1795
1790
1787
1761
1730
1701
1662
1553
1483
1417
1396
1409
1445
1517
1627
1758
1855
1925
1977
2021
2040
2054
2043
1985
1943
1897
1864
1830
1835
1847
1862
1866
1867
1875
1900
1930
1966
1993
2019
2040
2049
2054
2039
2042
2019
1988
1951
1932
1903
1860
1836
1823
1794
1797
1803
1861
1915
1960
1975
1979
1950
1927
1901
1875
1845
1816
1792
1779
1773
1768
1750
1715
1679
1653
1640
1618
1614
1608
1596
1568
1557
1561
1607
1644
1679
1684
1672
1633
1611
1591
1589
1599
1632
1672
1740
1814
1905
1979
2035
2059
2069
2057
2028
1982
1939
1905
1897
1909
1893
1891
1867
1832
1811
1782
1768
1766
1773
1789
1816
1841
1875
1931
1989
2038
2096
2124
2106
2046
1988
1941
1921
1931
1921
1896
1871
1864
1855
1859
1852
1854
1877
1924
1955
2008
2022
2019
1992
1972
1945
1940
1935
1949
1983
2035
2090
2156
2190
2186
2151
2100
2105
2100
2129
2116
2117
2100
2129
2156
2181
2193
2204
2211
2218
2216
2219
2230
2228
2216
2169
2132
2113
2110
2115
2106
2064
2029
2006
1996
1988
1976
1951
1957
1947
1926
1885
1883
1900
1925
1944
1948
1944
1946
1923
1893
1872
1859
1839
1823
1809
1787
1792
1799
1803
1797
1759
1703
1667
1634
1599
1590
1597
1630
1669
1774
1855
1939
2010
2020
1979
1935
1903
1877
1883
1868
1841
1829
1829
1840
1838
1803
1750
1708
1708
1690
1658
1603
1583
1591
1639
1714
1797
1848
1892
1928
1933
1963
1989
2037
2070
2092
2095
2094
2094
2076
2049
2013
1936
1846
1739
1679
1635
1632
1651
1697
1746
1825
1855
1897
1913
1954
1943
1941
1934
1890
1841
1820
1836
1868
1888
1895
1900
1899
1928
1956
1981
1989
2006
2013
2004
1978
1914
1857
1833
1799
1803
1797
1784
1776
1783
1779
1773
1767
1787
1840
1908
1994
2075
2103
2091
2040
1989
1907
1823
1738
1679
1627
1585
1533
1505
1535
1593
1655
1702
1739
1758
1752
1727
1687
1650
1630
1607
1607
1611
1611
1631
1677
1706
1712
1683
1646
1570
1435
1323
1260
1213
1215
1241
1285
1323
1379
1429
1477
1555
1620
1687
1706
1724
1724
1727
1723
1718
1706
1673
1606
1569
1527
1529
1533
1574
1614
1645
1643
1650
1667
1679
1693
1725
1744
1752
1805
1849
1864
1841
1804
1756
1719
1690
1659
1654
1651
1671
1713
1795
1886
1979
2055
2109
2173
2213
2248
2275
2296
2314
2317
2310
2328
2323
2307
2261
2236
2206
2197
2187
2198
2209
2216
2253
2273
2256
2234
2216
2177
2158
2106
2071
2056
2047
2040
2042
2007
1976
1927
1923
1931
1977
2006
2044
2071
2109
2113
2112
2112
2102
2102
2103
2109
2114
2136
2142
2138
2159
2206
2232
2247
2205
2172
2127
2102
2084
2087
2079
2049
2000
1960
1894
1835
1750
1684
1621
1584
1555
1553
1560
1547
1547
1547
1560
1581
1599
1635
1707
1793
1883
1929
1979
2016
2040
2078
2121
2137
2152
2171
2186
2183
2161
2127
2122
2109
2097
2082
2086
2107
2149
2177
2194
2193
2172
2156
2134
2111
2093
2071
2075
2086
2092
2099
2077
2045
1994
1942
1879
1824
1788
1779
1781
1786
1823
1884
1945
2024
2088
2151
2168
2179
2160
2128
2103
2083
2066
2072
2059
2006
1939
1882
1803
1739
1707
1682
1651
1647
1698
1772
1830
1896
1970
2015
2062
2100
2126
2147
2147
2115
2111
2094
2122
2148
2175
2195
2231
2253
2295
2316
2332
2325
2318
2294
2262
2226
2185
2163
2124
2051
1964
1915
1903
1908
1931
1970
2023
2070
2108
2117
2129
2148
2192
2199
2177
2111
2051
2027
2006
2008
2008
1996
1967
1931
1911
1914
1907
1905
1861
1816
1793
1782
1760
1733
1689
1647
1613
1609
1616
1639
1653
1665
1722
1780
1813
1866
1924
1959
2015
2043
2094
2124
2166
2192
2199
2206
2225
2239
2283
2309
2324
2298
2286
2207
2137
2072
2021
1984
1998
2003
2001
2019
2011
2005
1976
1954
1927
1900
1847
1793
1748
1723
1675
1684
1700
1758
1780
1794
1800
1778
1731
1661
1590
1531
1484
1507
1543
1620
1700
1737
1745
1727
1697
1641
1614
1561
1536
1541
1571
1609
1670
1755
1819
1874
1911
1917
1915
1933
1944
1927
1947
1972
1998
2034
2068
2081
2090
2081
2070
2043
2048
2058
2074
2083
2078
2065
2043
2018
2010
2022
2041
2059
2088
2116
2151
2182
2236
2283
2302
2338
2345
2355
2342
2328
2273
2236
2192
2189
2173
2184
2178
2177
2156
2160
2168
2186
2191
2192
2214
2217
2244
2271
2299
2293
2289
2224
2179
2139
2117
2100
2097
2063
2061
2059
2070
2090
2119
2127
2131
2127
2124
2131
2120
2129
2126
2137
2127
2106
2101
2096
2079
2056
2029
2023
2038
2078
2105
2087
2089
2087
2087
2062
2057
2083
2116
2133
2131
2095
2046
1992
1955
1929
1907
1852
1804
1742
1693
1649
1608
1589
1628
1687
1727
1786
1827
1858
1877
1894
1855
1812
1777
1751
1735
1743
1771
1804
1811
1756
1714
1681
1671
1670
1685
1685
1699
1737
1792
1859
1935
1980
2022
2044
2027
1954
1910
1851
1813
1759
1727
1675
1638
1603
1593
1590
1585
1602
1636
1665
1698
1773
1807
1838
1855
1882
1879
1845
1780
1703
1650
1632
1623
1618
1603
1593
1581
1589
1602
1607
1594
1578
1585
1609
1616
1625
1651
1651
1635
1609
1562
1502
1471
1445
1429
1427
1421
1427
1451
1491
1526
1585
1656
1725
1754
1775
1767
1755
1778
1829
1863
1883
1906
1917
1911
1879
1839
1779
1725
1669
1634
1574
1478
1385
1329
1295
1295
1285
1305
1368
1470
1585
1672
1759
1779
1789
1817
1838
1833
1852
1863
1887
1899
1882
1846
1817
1771
1719
1697
1736
1778
1814
1839
1868
1905
1925
1905
1883
1895
1906
1936
1951
1980
1975
1991
2012
2032
2018
1969
1896
1845
1811
1773
1733
1713
1698
1684
1675
1679
1702
1732
1790
1843
1900
1946
1976
1992
2001
2011
1977
1954
1932
1892
1857
1790
1737
1695
1667
1687
1703
1731
1733
1736
1759
1789
1824
1832
1827
1830
1848
1850
1864
1910
1964
1967
1974
1972
1972
1964
1958
1982
2010
2019
2007
1987
1973
1940
1913
1867
1830
1782
1727
1691
1651
1637
1634
1662
1728
1791
1827
1885
1933
2012
2065
2132
2167
2179
2181
2175
2154
2132
2106
2077
2047
2008
1992
1971
1987
2022
2075
2147
2244
2305
2378
2413
2435
2441
2459
2468
2487
2464
2411
2344
2245
2150
2063
1995
1951
1915
1892
1877
1893
1943
2010
2082
2117
2141
2150
2179
2192
2194
2159
2119
2083
2078
2074
2085
2093
2095
2110
2113
2131
2130
2121
2114
2119
2118
2122
2111
2081
2034
1971
1899
1842
1831
1830
1828
1825
1832
1866
1924
1981
2048
2095
2112
2135
2132
2106
2090
2056
2007
1941
1876
1806
1797
1789
1801
1810
1832
1884
1944
2050
2085
2110
2124
2159
2210
2283
2333
2392
2407
2410
2414
2435
2249
2209
2187
2170
2171
2143
2152
2196
2226
2266
2277
2277
2276
2284
2278
2263
2253
2259
2248
2248
2221
2209
2205
2223
2246
2265
2281
2290
2262
2225
2186
2167
2155
2148
2171
2198
2191
2163
2165
2172
2166
2172
2180
2214
2251
2247
2212
2173
2126
2113
2118
2135
2141
2149
2138
2139
2122
2119
2126
2143
2167
2209
2230
2233
2203
2167
2109
2039
2008
1979
1977
1992
2029
2069
2119
2159
2196
2212
2234
2223
2202
2175
2118
2023
1952
1915
1864
1807
1735
1668
1613
1609
1619
1658
1718
1802
1843
1871
1872
1855
1820
1806
1817
1855
1898
1955
1999
2043
2068
2099
2112
2124
2113
2102
2097
2075
2077
2072
2088
2082
2104
2119
2136
2134
2126
2093
2108
2105
2142
2171
2209
2258
2288
2324
2347
2385
2386
2360
2298
2202
2138
2080
2033
1971
1903
1854
1843
1891
1916
1911
1896
1885
1853
1837
1838
1843
1848
1823
1780
1729
1688
1677
1709
1786
1823
1870
1896
1898
1880
1846
1819
1803
1792
1811
1818
1848
1873
1935
1973
1982
1961
1943
1920
1888
1868
1870
1884
1923
1990
2043
2099
2114
2146
2172
2196
2200
2181
2128
2087
2038
1992
1933
1929
1909
1895
1875
1886
1929
1982
2026
2051
2040
2023
2018
2031
2039
2045
2076
2112
2178
2205
2229
2236
2235
2217
2204
2172
2149
2132
2119
2132
2144
2177
2237
2278
2310
2311
2298
2288
2256
2228
2200
2169
2111
2054
2008
1963
1946
1899
1863
1797
1746
1737
1747
1744
1756
1774
1796
1833
1944
2044
2138
2232
2305
2359
2384
2417
2441
2446
2436
2426
2423
2422
2399
2379
2355
2347
2334
2320
2289
2259
2236
2235
2240
2257
2271
2294
2286
2288
2294
2298
2333
2334
2327
2303
2272
2229
2228
2215
2214
2210
2212
2184
2163
2149
2154
2144
2145
2175
2196
2223
2246
2278
2318
2364
2391
2422
2433
2472
2490
2496
2482
2465
2412
2380
2347
2326
2332
2340
2333
2341
2337
2336
2319
2313
2318
2318
2308
2287
2263
2238
2225
2228
2253
2290
2330
2355
2366
2364
2363
2347
2311
2276
2252
2236
2233
2225
2215
2223
2255
2283
2293
2292
2294
2279
2290
2301
2323
2339
2352
2354
2356
2344
2343
2329
2347
2354
2361
2350
2352
2349
2330
2303
2303
2290
2287
2251
2186
2121
2081
2073
2088
2121
2161
2206
2228
2238
2220
2210
2175
2178
2176
2184
2185
2217
2241
2260
2260
2250
2204
2179
2170
2194
2218
2213
2196
2146
2092
2046
2005
1972
1968
1974
1998
2026
2056
2075
2075
2041
2007
2002
2030
2059
2095
2130
2196
2230
2245
2222
2191
2135
2066
1987
1888
1835
1805
1827
1875
1903
1912
1897
1895
1890
1871
1833
1793
1740
1695
1663
1683
1735
1802
1876
1921
1934
1927
1930
1913
1903
1888
1871
1864
1855
1794
1728
1638
1620
1614
1675
1716
1779
1833
1895
1929
1935
1908
1899
1889
1912
1940
1985
2012
2024
2016
1991
1946
1910
1865
1827
1794
1768
1746
1705
1683
1654
1651
1667
1703
1728
1745
1720
1699
1680
1666
1647
1638
1612
1582
1571
1557
1546
1525
1537
1539
1547
1585
1621
1672
1730
1755
1755
1724
1657
1585
1532
1479
1455
1433
1435
1459
1470
1458
1471
1510
1547
1579
1624
1685
1725
1775
1819
1846
1885
1924
1937
1895
1850
1775
1709
1629
1594
1556
1560
1537
1521
1511
1514
1518
1522
1516
1470
1431
1377
1341
1316
1328
1343
1405
1473
1551
1593
1632
1619
1609
1597
1581
1533
1511
1513
1500
1474
1417
1355
1277
1188
1131
1123
1161
1231
1307
1377
1454
1515
1507
1485
1429
1414
1408
1421
1435
1469
1507
1530
1561
1581
1587
1573
1599
1653
1687
1695
1737
1798
1831
1827
1782
1693
1590
1496
1432
1395
1387
1353
1317
1306
1275
1265
1242
1231
1205
1178
1111
1027
953
929
921
929
977
1055
1121
1160
1248
1339
1399
1414
1442
1466
1480
1444
1365
1279
1201
1186
1159
1128
1114
1138
1234
1366
1489
1579
1654
1701
1729
1756
1692
1614
1534
1483
1434
1437
1423
1431
1398
1388
1373
1355
1342
1357
1381
1416
1441
1438
1441
1426
1416
1404
1411
1460
1555
1625
1691
1737
1794
1836
1848
1822
1773
1700
1645
1570
1510
1460
1437
1430
1475
1551
1644
1760
1889
1983
2033
2048
2030
2011
1960
1896
1786
1677
1569
1493
1430
1414
1445
1502
1583
1691
1807
1909
1991
1999
1962
1886
1811
1769
1756
1750
1743
1730
1717
1719
1745
1772
1767
1745
1719
1727
1727
1722
1705
1720
1748
1771
1792
1825
1855
1901
1963
1999
2009
2003
2033
2065
2115
2158
2192
2231
2271
2309
2320
2309
2293
2274
2235
2156
2111
2093
2110
2135
2165
2220
2306
2385
2424
2431
2396
2334
2215
2117
2011
1952
1911
1899
1889
1915
1931
1965
2008
2062
2104
2144
2183
2198
2208
2216
2197
2165
2168
2195
2231
2260
2303
2330
2356
2347
2316
2269
2176
2118
2057
1999
1937
1903
1925
1978
2052
2104
2132
2155
2184
2197
2221
2237
2267
2261
2243
2204
2185
2188
2195
2225
2262
2263
2243
2197
2156
2094
2043
2016
1993
1989
1974
1956
1965
2011
2067
2130
2161
2181
2167
2153
2120
2078
2029
1997
1961
1962
1956
1978
1980
2002
2013
2046
2065
2078
2062
2015
1940
1888
1831
1789
1728
1688
1687
1721
1780
1864
1955
2041
2121
2148
2165
2154
2113
2050
1998
1927
1870
1846
1826
1802
1789
1792
1801
1822
1820
1798
1785
1795
1825
1854
1867
1862
1855
1895
1962
2037
2096
2113
2103
2072
2037
2039
2059
2043
2016
1983
1947
1921
1907
1910
1926
1965
2024
2093
2138
2160
2159
2189
2208
2225
2239
2260
2279
2313
2357
2390
2394
2367
2304
2262
2201
2150
2069
1999
1945
1890
1873
1873
1916
1988
2116
2218
2312
2377
2411
2399
2368
2341
2301
2274
2260
2213
2172
2133
2118
2079
2036
2026
2051
2098
2152
2184
2199
2200
2224
2292
2332
2380
2395
2418
2404
2371
2365
2382
2392
2396
2404
2413
2419
2420
2406
2394
2368
2356
2327
2276
2221
2169
2154
2151
2159
2176
2207
2240
2267
2261
2296
2326
2335
2348
2354
2360
2363
2362
2379
2430
2484
2550
2578
2586
2566
2536
2516
2518
2531
2546
2534
2508
2474
2439
2420
2401
2405
2406
2424
2439
2449
2444
2462
2458
2468
2458
2460
2462
2480
2496
2526
2560
2577
2597
2609
2606
2596
2572
2502
2422
2310
2208
2136
2101
2088
2103
2134
2172
2200
2228
2244
2253
2272
2294
2324
2335
2364
2372
2386
2399
2403
2398
2388
2348
2323
2292
2259
2228
2220
2239
2288
2309
2297
2270
2242
2215
2204
2189
2144
2120
2100
2087
2081
2078
2066
2057
2043
2028
2011
2016
2036
2044
2057
2072
2125
2159
2206
2255
2287
2325
2366
2404
2462
2466
2439
2384
2330
2304
2293
2286
2254
2225
2177
2127
2062
2028
1980
1942
1887
1876
1885
1909
1916
1945
1954
1961
1971
1987
1966
1920
1871
1848
1859
1907
1947
1980
2029
2072
2145
2208
2282
2330
2396
2404
2400
2388
2405
2419
2445
2438
2452
2441
2404
2356
2308
2256
2195
2166
2158
2160
2151
2169
2188
2185
2169
2160
2166
2182
2206
2232
2245
2263
2266
2240
2179
2157
2134
2123
2109
2078
2062
2043
2035
2074
2099
2113
2127
2155
2171
2178
2180
2222
2262
2306
2341
2361
2356
2358
2366
2365
2330
2321
2304
2275
2251
2246
2240
2235
2240
2245
2245
2232
2232
2215
2206
2193
2232
2267
2312
2333
2328
2295
2249
2196
2153
2102
2069
1999
1947
1890
1857
1847
1878
1933
2012
2066
2089
2135
2194
2242
2252
2249
2227
2239
2238
2264
2273
2271
2240
2236
2206
2172
2134
2106
2090
2094
2111
2108
2116
2094
2074
2076
2076
2082
2083
2088
2103
2138
2181
2236
2328
2386
2420
2422
2391
2310
2250
2186
2120
2062
2020
1993
1960
1947
1947
1927
1876
1842
1821
1791
1745
1698
1685
1707
1773
1812
1857
1880
1950
2021
2080
2092
2097
2101
2095
2095
2080
2089
2096
2126
2124
2138
2114
2089
2055
2071
2091
2111
2139
2139
2144
2144
2111
2061
1990
1949
1883
1843
1827
1844
1851
1869
1903
1935
1994
2022
2064
2080
2090
2069
2050
2017
1991
1991
2040
2114
2207
2267
2335
2392
2440
2430
2387
2314
2236
2134
2027
1944
1903
1871
1845
1878
1927
2030
2134
2203
2275
2316
2334
2312
2261
2195
2163
2148
2133
2134
2146
2129
2090
2051
2067
2069
2067
2049
2028
2010
2009
2020
2057
2072
2040
2008
1980
1973
1984
2010
2008
1979
1950
1943
1948
1977
2006
2043
2093
2150
2234
2307
2352
2383
2392
2378
2359
2331
2276
2205
2174
2132
2137
2122
2114
1862
1811
1829
1870
1925
1964
2008
2049
2105
2143
2151
2126
2105
2089
2066
2041
2003
1986
1979
1982
1988
1985
1970
1974
1987
1987
1973
1976
1977
1975
1951
1938
1930
1974
2044
2127
2183
2230
2288
2344
2386
2396
2353
2310
2264
2245
2204
2158
2089
2001
1947
1907
1891
1891
1911
1950
1999
2079
2104
2088
2036
1996
1966
1940
1901
1847
1846
1873
1920
1975
2033
2072
2111
2130
2147
2131
2126
2104
2112
2100
2090
2042
2034
2028
2050
2083
2141
2202
2257
2330
2377
2426
2439
2444
2429
2408
2402
2351
2316
2292
2288
2317
2348
2389
2399
2426
2425
2446
2468
2505
2516
2532
2515
2499
2467
2431
2418
2392
2348
2296
2274
2246
2254
2241
2242
2252
2271
2289
2304
2337
2361
2380
2390
2377
2379
2365
2346
2320
2284
2275
2278
2304
2325
2332
2343
2344
2352
2392
2432
2461
2490
2514
2546
2574
2590
2606
2622
2634
2631
2616
2608
2572
2534
2508
2485
2434
2376
2322
2256
2195
2141
2100
2069
2072
2096
2141
2176
2229
2284
2351
2411
2458
2465
2469
2466
2447
2424
2384
2366
2350
2332
2315
2320
2315
2340
2362
2394
2408
2425
2434
2471
2518
2570
2602
2641
2650
2649
2630
2623
2575
2546
2505
2478
2456
2439
2413
2399
2381
2372
2383
2412
2442
2469
2500
2514
2530
2537
2533
2520
2516
2502
2487
2457
2444
2457
2464
2472
2471
2470
2457
2438
2467
2475
2504
2535
2570
2602
2628
2637
2632
2615
2595
2564
2574
2558
2555
2562
2572
2556
2548
2538
2553
2553
2542
2513
2482
2471
2454
2448
2462
2469
2437
2416
2386
2394
2407
2438
2432
2430
2398
2366
2334
2319
2296
2291
2297
2312
2306
2312
2303
2289
2283
2284
2268
2254
2252
2253
2318
2362
2401
2415
2422
2409
2394
2362
2334
2311
2315
2295
2308
2356
2388
2420
2452
2486
2506
2480
2440
2413
2370
2317
2249
2200
2155
2140
2144
2161
2172
2191
2213
2238
2283
2324
2353
2374
2378
2374
2367
2358
2344
2342
2336
2309
2298
2311
2333
2361
2365
2380
2386
2383
2388
2404
2398
2389
2360
2340
2308
2305
2295
2317
2307
2285
2285
2291
2305
2285
2255
2230
2246
2242
2255
2273
2294
2292
2299
2284
2287
2256
2229
2224
2241
2259
2281
2297
2328
2355
2345
2322
2284
2243
2228
2210
2179
2155
2139
2167
2182
2214
2236
2255
2287
2335
2365
2415
2434
2468
2474
2455
2458
2463
2492
2526
2558
2589
2628
2642
2649
2622
2594
2570
2546
2534
2522
2491
2459
2434
2426
2430
2460
2503
2556
2588
2598
2580
2556
2544
2538
2510
2439
2366
2303
2273
2253
2243
2272
2323
2377
2425
2464
2453
2436
2395
2336
2272
2225
2187
2185
2206
2231
2244
2295
2330
2354
2368
2371
2367
2360
2357
2352
2358
2354
2394
2447
2494
2514
2540
2535
2521
2490
2469
2403
2370
2333
2302
2256
2242
2230
2217
2186
2190
2208
2224
2219
2200
2163
2145
2122
2118
2098
2069
2063
2055
2077
2086
2115
2157
2185
2207
2229
2244
2237
2240
2253
2254
2251
2262
2263
2270
2291
2303
2342
2362
2405
2436
2472
2504
2524
2545
2543
2531
2518
2495
2471
2445
2407
2364
2295
2252
2218
2188
2171
2178
2202
2223
2231
2236
2238
2241
2275
2321
2344
2366
2347
2319
2289
2263
2233
2238
2226
2233
2213
2177
2126
2100
2088
2098
2118
2140
2192
2219
2220
2215
2224
2231
2232
2227
2223
2179
2145
2105
2066
2030
2017
1979
1934
1904
1891
1891
1909
1905
1904
1913
1959
1992
2023
2046
2076
2097
2128
2144
2180
2216
2247
2270
2306
2327
2353
2356
2354
2358
2344
2303
2264
2223
2186
2156
2109
2079
2069
2046
2041
2056
2065
2101
2141
2166
2161
2149
2132
2143
2132
2143
2125
2129
2155
2197
2224
2235
2247
2250
2239
2213
2200
2190
2196
2224
2236
2227
2234
2232
2245
2258
2292
2301
2303
2295
2287
2275
2251
2218
2208
2202
2204
2190
2189
2168
2151
2119
2086
2064
2035
2031
2035
2031
2009
2028
1997
1960
1921
1899
1883
1862
1807
1790
1790
1821
1854
1877
1927
1941
1959
1963
1976
1992
2016
2055
2063
2049
2014
1978
1937
1891
1867
1861
1864
1876
1911
1942
1965
1989
2023
2050
2117
2150
2147
2134
2104
2064
2024
1996
1959
1936
1885
1859
1827
1803
1783
1768
1750
1733
1741
1763
1777
1792
1827
1843
1827
1831
1834
1822
1814
1828
1830
1843
1854
1880
1912
1947
1973
2010
2043
2089
2126
2186
2236
2273
2276
2261
2225
2224
2183
2156
2136
2135
2139
2151
2182
2206
2238
2247
2259
2250
2246
2253
2286
2325
2371
2378
2389
2362
2317
2225
2154
2077
2031
2010
2008
2026
2042
2061
2113
2151
2210
2236
2219
2194
2154
2103
2028
1976
1928
1902
1886
1916
1930
1945
1956
2000
2059
2078
2095
2123
2157
2191
2212
2231
2211
2197
2153
2114
2077
2051
2008
1949
1886
1854
1849
1856
1853
1839
1825
1855
1925
2003
2079
2142
2193
2252
2280
2285
2272
2270
2250
2220
2187
2175
2191
2210
2254
2255
2268
2229
2209
2194
2192
2177
2205
2196
2176
2156
2159
2156
2178
2203
2225
2236
2245
2237
2220
2184
2146
2109
2069
2061
2050
2050
2040
2049
2055
2084
2120
2125
2076
2029
2002
1988
1970
1932
1878
1821
1770
1717
1678
1673
1684
1696
1722
1741
1767
1798
1826
1869
1940
2045
2155
2247
2332
2408
2440
2450
2442
2428
2417
2410
2413
2410
2414
2404
2410
2406
2392
2370
2351
2335
2327
2299
2266
2242
2247
2264
2279
2306
2334
2342
2354
2346
2348
2355
2374
2385
2397
2378
2354
2343
2330
2327
2292
2272
2249
2245
2242
2261
2274
2296
2275
2246
2205
2174
2154
2148
2144
2167
2186
2214
2261
2296
2302
2301
2284
2256
2212
2152
2114
2071
2072
2072
2110
2148
2179
2230
2295
2340
2364
2374
2389
2396
2402
2406
2385
2335
2271
2203
2136
2088
2036
2015
2028
2042
2074
2088
2138
2193
2221
2221
2234
2233
2244
2230
2227
2218
2212
2184
2167
2115
2087
2073
2047
2064
2078
2102
2128
2149
2127
2107
2081
2073
2076
2093
2098
2098
2091
2068
2009
1975
1947
1932
1906
1889
1864
1863
1916
1988
2074
2152
2224
2264
2296
2311
2318
2295
2288
2253
2250
2225
2220
2210
2227
2236
2206
2174
2152
2137
2161
2155
2189
2196
2215
2233
2238
2266
2299
2319
2308
2281
2221
2147
2089
2065
2044
2030
2026
2076
2135
2208
2243
2235
2218
2221
2229
2219
2181
2121
2064
1982
1924
1902
1903
1921
1928
1922
1903
1886
1855
1821
1747
1693
1654
1642
1643
1669
1707
1742
1777
1811
1836
1855
1889
1926
1960
1999
2044
2059
2081
2103
2129
2143
2168
2154
2130
2072
1994
1925
1900
1921
1996
2069
2191
2264
2333
2367
2367
2321
2251
2178
2108
2080
2058
2043
2051
2061
2087
2124
2182
2239
2259
2266
2274
2316
2313
2302
2233
2163
2101
2052
2033
2008
1996
1992
1988
1971
1955
1939
1933
1951
1952
1959
1985
2005
2015
2025
2020
1984
1936
1898
1870
1856
1864
1864
1879
1898
1925
1947
1999
2055
2120
2181
2208
2218
2203
2182
2157
2123
2095
2077
2088
2118
2179
2216
2216
2147
2062
1963
1886
1831
1795
1769
1783
1807
1849
1927
1989
2038
2077
2110
2169
2197
2176
2166
2113
2055
1979
1916
1847
1832
1827
1870
1941
2015
2066
2103
2104
2114
2121
2125
2125
2116
2107
2067
2026
1982
1977
1935
1880
1818
1770
1729
1729
1705
1697
1698
1746
1779
1817
1861
1919
1956
1996
2012
2001
1972
1937
1923
1923
1922
1917
1913
1910
1934
1943
1957
1920
1891
1876
1900
1924
1936
1937
1951
1971
1996
2019
2033
2036
2041
2056
2068
2057
2007
1929
1817
1693
1619
1584
1573
1622
1698
1775
1855
1915
1960
1967
1993
2014
2003
2010
2023
2063
2112
2113
2108
2069
2035
2003
1946
1871
1783
1739
1710
1691
1700
1747
1809
1884
1944
2012
2061
2127
2150
2158
2142
2133
2119
2110
2086
2067
2058
2051
2053
2049
2073
2096
2104
2089
2068
2039
2020
2011
2003
1995
1995
1985
1983
1997
2014
2024
2037
2044
2074
2113
2151
2172
2195
2196
2207
2215
2234
2266
2281
2285
2293
2283
2274
2255
2233
2161
2124
2079
2051
2041
2043
2045
2045
2011
2015
2021
1998
1999
2002
2044
2070
2136
2188
2243
2271
2318
2296
2253
2195
2176
2156
2152
2147
2152
2120
2064
2008
1977
1963
1940
1945
1943
1966
1983
1997
2006
2038
2056
2091
2087
2099
2066
2007
1922
1889
1859
1845
1834
1823
1833
1875
1964
2024
2054
2070
2107
2143
2166
2183
2225
2245
2250
2244
2249
2261
2285
2277
2294
2293
2321
2354
2380
2383
2371
2368
2373
2382
2383
2376
2366
2343
2334
2335
2334
2334
2336
2349
2342
2350
2368
2366
2367
2381
2380
2372
2354
2346
2357
2375
2389
2367
2349
2330
2335
2347
2333
2304
2265
2219
2190
2182
2208
2234
2267
2284
2299
2273
2254
2238
2199
2138
2100
2042
1977
1932
1898
1885
1874
1858
1857
1902
1971
2058
2126
2188
2247
2301
2326
2361
2355
2354
2322
2300
2262
2274
2264
2271
2276
2285
2288
2326
2359
2364
2346
2323
2317
2290
2280
2278
2271
2285
2319
2338
2365
2376
2408
2450
2493
2492
2476
2446
2415
2409
2379
2356
2336
2308
2275
2248
2251
2277
2303
2339
2377
2411
2438
2457
2458
2434
2415
2402
2391
2386
2380
2377
2396
2425
2465
2477
2477
2470
2450
2422
2385
2369
2367
2398
2428
2462
2488
2500
2515
2525
2517
2529
2519
2522
2519
2520
2513
2504
2462
2420
2403
2386
2344
2319
2304
2286
2275
2274
2275
2262
2259
2254
2282
2305
2329
2315
2291
2254
2229
2215
2201
2180
2167
2180
2185
2221
2228
2245
2280
2313
2346
2379
2384
2390
2392
2402
2396
2384
2378
2380
2390
2398
2400
2420
2434
2434
2422
2420
2427
2422
2435
2433
2420
2425
2408
2415
2408
2406
2420
2424
2452
2474
2471
2463
2454
2440
2427
2420
2401
2395
2377
2355
2322
2311
2287
2303
2302
2311
2312
2300
2300
2299
2328
2349
2376
2400
2457
2483
2508
2482
2451
2405
2375
2334
2296
2262
2219
2167
2123
2089
2098
2142
2208
2263
2304
2336
2391
2435
2468
2489
2495
2510
2524
2520
2515
2519
2510
2514
2499
2500
2472
2441
2381
2339
2316
2297
2278
2278
2293
2333
2371
2410
2442
2435
2440
2420
2412
2402
2396
2399
2407
2388
2372
2369
2358
2352
2333
2317
2284
2261
2238
2235
2237
2223
2226
2226
2227
2221
2193
2167
2158
2152
2172
2173
2213
2246
2285
2318
2344
2335
2326
2297
2278
2262
2248
2225
2192
2179
2171
2149
2139
2150
2147
2152
2156
2186
2194
2194
2190
2181
2155
2167
2164
2170
2144
2148
2180
2204
2217
2233
2243
2256
2258
2253
2228
2217
2203
2177
2154
2129
2118
2115
2107
2093
2078
2066
2079
2071
2096
2145
2225
2250
2288
2314
2323
2316
2306
2286
2286
2287
2277
2249
2226
2206
2197
2185
2175
2171
2172
2173
2143
2133
2118
2119
2122
2119
2112
2116
2117
2145
2165
2194
2241
2280
2301
2336
2339
2360
2374
2385
2362
2354
2320
2308
2271
2256
2238
2235
2238
2249
2221
2191
2139
2108
2090
2066
2022
1978
1952
1943
1959
1977
1989
2014
2091
2123
2143
2119
2109
2115
2122
2112
2112
2104
2107
2118
2138
2146
2151
2163
2201
2234
2246
2242
2225
2230
2228
2222
2212
2199
2195
2219
2217
2203
2200
2210
2202
2211
2218
2250
2300
2345
2372
2395
2398
2388
2363
2343
2312
2251
2168
2094
2044
2041
2067
2095
2133
2187
2238
2308
2366
2402
2406
2423
2406
2396
2380
2354
2330
2300
2266
2256
2233
2236
2247
2274
2288
2314
2331
2328
2335
2337
2334
2320
2323
2316
2341
2362
2382
2389
2385
2360
2336
2316
2314
2322
2314
2294
2284
2295
2304
2320
2323
2368
2396
2420
2436
2426
2416
2385
2354
2337
2291
2260
2214
2193
2172
2172
2183
2220
2261
2282
2274
2267
2247
2237
2247
2254
2245
2227
2221
2229
2256
2272
2282
2260
2269
2254
2232
2188
2150
2115
2090
2059
2064
2078
2109
2145
2187
2203
2216
2227
2223
2203
2192
2190
2181
2171
2152
2127
2104
2098
2082
2087
2081
2075
2038
1980
1901
1827
1767
1723
1716
1745
1780
1826
1889
1969
2053
2118
2187
2219
2210
2195
2165
2137
2083
2034
1960
1942
1949
1986
2025
2060
2082
2116
2159
2182
2207
2249
2269
2294
2314
2306
2300
2264
2219
2158
2114
2066
2037
2010
1970
1937
1933
1938
1967
1959
1968
1957
1954
1921
1875
1822
1780
1739
1717
1699
1755
1817
1857
1885
1919
1925
1885
1834
1767
1687
1596
1550
1531
1522
1513
1517
1551
1612
1691
1779
1867
1955
2027
2071
2091
2106
2117
2115
2111
2107
2098
2096
2065
2066
2061
2038
1982
1927
1875
1847
1827
1824
1825
1836
1836
1852
1863
1863
1867
1876
1893
1914
1944
1972
1997
2029
2057
2072
2079
2051
2024
2008
1991
1962
1947
1944
1979
2020
2074
2095
2109
2109
2108
2090
2070
2046
2051
2067
2075
2091
2102
2130
2128
2110
2082
2066
2033
2027
2016
2026
2029
2053
2040
2031
2022
2017
2023
2013
1983
1968
1956
1967
1970
1977
1972
1965
1952
1939
1919
1915
1931
1940
1965
1982
2004
2015
2034
2044
2026
1990
1953
1949
1963
1957
1936
1933
1944
1979
2021
2043
2054
2058
2060
2067
2094
2124
2156
2159
2155
2149
2167
2162
2170
2172
2192
2214
2228
2242
2253
2244
2201
2151
2075
2004
1950
1942
1946
1948
1949
1965
1981
2019
2051
2104
2144
2187
2177
2186
2156
2141
2126
2098
2085
2076
2085
2093
2115
2145
2184
2207
2230
2251
2268
2280
2289
2252
2231
2186
2151
2102
2087
2050
2017
2001
1990
1970
1953
1926
1923
1922
1975
2022
2056
2093
2136
2211
2259
2301
2298
2285
2264
2246
2243
2246
2240
2216
2204
2215
2199
2173
2135
2101
2067
2079
2088
2098
2108
2095
2090
2083
2074
2062
2062
2068
2055
2053
2056
2063
2082
2103
2146
2199
2233
2248
2253
2223
2201
2184
2167
2168
2172
2156
2150
2155
2176
2185
2187
2169
2158
2144
2139
2112
2100
2098
2114
2115
2138
2145
2173
2174
2193
2204
2227
2236
2233
2249
2235
2220
2218
2214
2238
2257
2234
2249
2220
2205
2163
2144
2127
2149
2173
2209
2240
2283
2309
2338
2358
2375
2376
2383
2378
2349
2295
2256
2196
2145
2124
2110
2107
2113
2141
2193
2276
2334
2362
2371
2367
2335
2304
2280
2262
2271
2287
2297
2310
2339
2369
2372
2395
2401
2409
2424
2421
2417
2417
2399
2375
2366
2367
2351
2316
2250
2178
2101
2009
1946
1885
1830
1804
1819
1867
1936
2040
2113
2145
2195
2228
2276
2303
2324
2328
2338
2336
2331
2324
2320
2303
2303
2296
2267
2228
2209
2182
2174
2174
2187
2201
2227
2279
2319
2370
2399
2416
2397
2389
2345
2331
2308
2317
2307
2316
2316
2309
2311
2319
2305
2284
2279
2262
2238
2202
2181
2157
2134
2104
2081
2073
2056
2037
2034
2013
2007
2033
2074
2110
2142
2171
2179
2183
2200
2202
2196
2184
2179
2176
2179
2188
2191
2190
2162
2153
2158
2158
2186
2219
2253
2245
2208
2185
2166
2159
2161
2161
2166
2145
2158
2159
2153
2143
2140
2137
2132
2163
2181
2196
2194
2189
2175
2161
2149
2153
2148
2143
2119
2090
46.88964844
1.662890553
999
