5835
2208
2189
2186
2204
2197
2190
2163
2180
2171
2190
2150
2189
2153
2216
2202
2216
2154
2191
2170
2232
2163
2198
2155
2203
2159
2180
2143
2169
2168
2212
2184
2196
2180
2216
2197
2179
2171
2187
2206
2197
2200
2189
2207
2192
2208
2151
2180
2147
2162
2113
2145
2094
2151
2111
2150
2074
2135
2085
2153
2112
2138
2093
2148
2094
2136
2097
2142
2133
2141
2117
2141
2163
2171
2140
2132
2144
2129
2197
2166
2187
2152
2199
2168
2206
2135
2194
2164
2207
2141
2176
2136
2189
2150
2172
2139
2193
2167
2205
2172
2166
2184
2194
2212
2181
2191
2177
2192
2152
2190
2131
2185
2135
2198
2151
2205
2135
2191
2131
2155
2104
2150
2118
2143
2144
2127
2123
2130
2137
2115
2113
2082
2130
2071
2110
2046
2098
2060
2098
2021
2067
2013
2078
2048
2078
2026
2098
2079
2124
2114
2120
2107
2150
2138
2125
2108
2054
2092
2045
2067
2034
2082
2054
2117
2066
2109
2046
2108
2033
2045
1955
1974
1947
1971
1949
1945
1939
1964
1957
1947
1961
1895
1949
1913
1948
1899
1970
1947
2016
1972
2015
1968
2036
1980
2009
1968
1972
1969
1999
1974
1977
1986
2013
2031
1992
2029
1983
2044
2010
2048
1985
2037
1984
2035
1976
2011
1949
2000
1943
1964
1939
1943
1935
1963
1963
1971
1975
1958
2004
1958
1996
1959
2024
2004
2054
2011
2044
2018
2077
2047
2096
2059
2110
2079
2117
2076
2095
2071
2096
2059
2055
2035
2053
2071
2056
2079
2082
2131
2121
2154
2116
2155
2126
2155
2086
2099
2050
2080
2031
2031
1958
1989
1972
1997
1960
1992
2007
2040
2075
2066
2076
2079
2119
2083
2111
2061
2109
2085
2114
2072
2108
2088
2138
2105
2121
2083
2141
2126
2153
2132
2142
2149
2166
2130
2117
2115
2130
2121
2103
2117
2113
2143
2105
2118
2105
2127
2114
2157
2127
2158
2138
2179
2135
2154
2130
2151
2144
2145
2119
2117
2111
2101
2130
2106
2128
2114
2160
2132
2166
2146
2178
2160
2187
2152
2149
2106
2144
2115
2104
2089
2068
2090
2080
2088
2050
2046
2027
2070
2029
2062
2034
2110
2069
2120
2082
2091
2081
2115
2076
2080
2062
2086
2121
2099
2087
2064
2103
2084
2081
2031
2054
2027
2062
2021
2047
2025
2100
2064
2085
2036
2102
2088
2111
2052
2081
2047
2070
2064
2056
2052
2055
2061
2038
2035
1988
2033
2027
2054
2000
2029
2005
2049
1959
1993
1922
1997
1945
1983
1930
1973
1969
2027
2013
2049
2052
2105
2098
2087
2113
2084
2140
2123
2158
2111
2138
2111
2181
2115
2175
2122
2191
2140
2181
2124
2129
2122
2151
2143
2141
2120
2128
2151
2112
2141
2090
2169
2148
2183
2125
2183
2146
2209
2131
2158
2093
2151
2102
2134
2062
2079
2065
2100
2046
2059
2029
2057
2095
2073
2070
2060
2107
2077
2089
2051
2098
2080
2130
2062
2103
2072
2144
2093
2099
2054
2080
2075
2113
2078
2079
2075
2059
2093
2042
2044
2000
2043
2003
2048
1993
2046
2044
2115
2064
2097
2063
2104
2086
2086
2062
2101
2097
2114
2088
2095
2121
2139
2149
2111
2107
2090
2115
2065
2103
2077
2132
2108
2117
2056
2074
2043
2076
2032
2040
2017
2057
2054
2066
2038
2017
2026
2004
1995
1963
1959
1933
1948
1906
1937
1931
1977
1956
1991
1967
2033
2035
2069
2051
2072
2065
2095
2075
2060
2071
2066
2103
2084
2094
2075
2114
2073
2119
2082
2105
2083
2146
2099
2114
2086
2102
2112
2127
2105
2077
2076
2072
2074
2026
2052
2011
2068
2029
2061
2004
2052
2043
2087
2033
2067
2030
2077
2053
2053
2057
2020
2080
2077
2093
2057
2092
2056
2132
2074
2107
2053
2120
2062
2058
2007
2000
1991
2024
2005
1992
1971
1975
1978
1919
1938
1883
1937
1874
1906
1835
1894
1851
1923
1907
1935
1894
1950
1938
1991
1997
1984
1989
2003
2015
2005
2014
1981
2028
1967
1998
1941
2007
1974
1999
1954
1999
1966
2039
2019
2052
1997
2061
2058
2066
2061
2055
2057
2069
2074
2062
2074
2042
2099
2050
2093
2037
2082
2040
2093
2034
2056
2039
2106
2069
2100
2064
2075
2080
2058
2041
2008
2040
2049
2056
2001
2019
2004
2067
2003
2020
1975
2027
1993
2017
1972
1998
1999
2033
1994
2002
2008
2002
2045
2017
2025
2015
2048
2023
2055
2020
2057
2036
2075
2024
2038
2016
2035
2054
2042
2029
2025
2048
2057
2055
2021
2042
2014
2060
2012
2022
1983
2042
2030
2070
2072
2089
2102
2128
2118
2115
2125
2095
2133
2110
2133
2096
2138
2109
2162
2122
2130
2103
2142
2107
2109
2080
2063
2092
2083
2090
2065
2102
2092
2118
2095
2147
2093
2156
2135
2189
2142
2178
2164
2192
2191
2170
2164
2175
2182
2156
2175
2091
2130
2092
2133
2060
2091
2054
2120
2090
2131
2087
2136
2123
2162
2131
2140
2144
2126
2147
2091
2084
2052
2096
2054
2089
1999
2036
2004
2057
1994
2020
1991
2020
2006
1996
1968
1974
1981
1971
1984
1926
1965
1950
2019
1991
2034
2002
2057
2041
2083
2043
2078
2066
2106
2071
2063
2063
2069
2100
2061
2075
2052
2094
2070
2108
2057
2093
2059
2101
2058
2093
2071
2076
2087
2091
2082
2080
2102
2098
2126
2084
2112
2088
2122
2075
2094
2055
2079
2063
2069
2047
2060
2066
2076
2064
2041
2058
2020
2066
2043
2059
2008
2056
2025
2064
2048
2063
2050
2096
2086
2083
2085
2050
2072
2051
2061
2023
2043
2030
2058
2024
2041
1984
2011
1982
1991
1931
1947
1960
1956
1963
1921
1927
1923
1954
1914
1957
1917
1987
1971
2011
1955
1983
1953
1988
1973
1960
1921
1943
1946
1924
1927
1856
1876
1842
1877
1811
1851
1803
1859
1824
1864
1834
1885
1871
1906
1878
1909
1943
1947
1973
1938
1959
1941
2000
1972
2013
1941
1991
1950
2007
1934
1958
1907
1931
1945
1955
1937
1942
1955
1948
1950
1896
1947
1917
1994
1950
2002
1965
2027
1999
2028
1997
2012
1995
2028
2016
1990
2013
1971
2024
2000
2030
1985
2024
2001
2052
2007
2027
1989
2041
2023
2034
2043
2019
2031
2043
2048
2027
2044
2034
2060
2021
2023
1977
2006
1993
2009
1972
1986
1991
1994
2005
1985
1989
1997
2027
2010
2026
1971
1986
1960
1995
1967
1991
1983
2009
2011
2013
1995
2013
2033
2002
2016
1977
2011
1998
2047
1988
2019
1991
2036
2038
2054
2026
2068
2081
2110
2098
2102
2131
2117
2168
2113
2131
2091
2151
2127
2160
2090
2139
2103
2162
2096
2128
2099
2109
2125
2092
2092
2049
2062
2046
2079
2026
2078
2032
2107
2057
2098
2031
2070
2069
2112
2078
2087
2079
2098
2075
2039
2046
2000
2063
2023
2060
2015
2065
2007
2060
2003
2022
1971
2011
1968
1990
1968
1956
1982
1990
1996
1958
1980
1971
1980
1913
1915
1860
1907
1881
1906
1867
1921
1939
1967
1967
1974
1984
2018
2034
1999
2002
1947
1986
1964
1976
1915
1933
1896
1930
1907
1905
1876
1909
1914
1903
1908
1876
1906
1888
1919
1882
1932
1931
1976
1972
1984
1959
1985
1985
1989
1939
1905
1907
1892
1916
1878
1911
1899
1968
1954
1999
1974
2004
1981
2015
1968
1976
1951
1948
1958
1924
1942
1929
1963
1928
1953
1900
1938
1884
1947
1903
1949
1910
1956
1961
1984
1983
1990
2020
2038
2037
2013
2054
2013
2070
2003
2034
1964
2023
1983
2044
1989
2014
1984
2043
2004
2025
2032
2015
2063
2034
2048
2005
2053
2051
2111
2052
2107
2060
2151
2116
2158
2096
2132
2148
2168
2158
2160
2156
2163
2161
2109
2135
2052
2111
2073
2113
2052
2101
2081
2143
2095
2109
2086
2128
2112
2111
2092
2050
2066
2054
2057
1996
2016
2006
2066
2027
2060
2028
2093
2088
2117
2095
2116
2134
2159
2162
2144
2162
2169
2198
2156
2180
2138
2183
2179
2136
2154
2149
2162
2151
2148
2129
2167
2181
2177
2166
2117
2146
2122
2146
2092
2118
2079
2130
2110
2122
2086
2114
2103
2126
2102
2107
2115
2110
2142
2106
2102
2069
2112
2075
2115
2080
2108
2084
2148
2072
2090
2034
2049
2074
2053
2038
2018
2068
2072
2091
2055
2102
2069
2144
2093
2141
2084
2157
2120
2150
2103
2119
2109
2125
2085
2071
2048
2031
2095
2039
2043
1995
2066
2020
2093
2043
2084
2054
2112
2054
2078
2027
2031
2050
2032
2024
2001
2026
2021
2022
2001
2039
1984
2051
1997
2031
1969
2021
1995
2029
1986
1986
1967
1996
1989
1987
1998
1976
2038
2024
2076
2037
2073
2066
2115
2093
2108
2058
2096
2081
2089
2049
2039
2049
2018
2006
1964
1965
1950
1989
1958
1980
1934
1975
1988
2034
2011
2031
2029
2045
2054
2028
2040
2031
2043
1993
2003
1950
1977
1974
2015
1978
1995
1989
2015
2044
2030
2017
2010
2042
2036
2029
1990
2011
1991
2042
1996
2034
2008
2076
2076
2096
2071
2080
2092
2114
2099
2092
2091
2062
2095
2030
2042
1976
2016
1971
2006
1954
1991
1983
2033
1992
2033
2002
2012
2043
2031
2019
1976
1985
1942
1970
1910
1949
1885
1950
1912
1948
1898
1962
1946
1959
1972
1953
1964
1973
2012
1990
2014
1960
2013
1973
2028
1973
2024
1978
2020
2006
2006
1970
2000
2007
2037
2000
1990
2009
1987
1999
1922
1933
1888
1946
1896
1916
1833
1864
1839
1880
1805
1835
1793
1813
1847
1839
1843
1839
1884
1879
1923
1887
1920
1916
1980
1939
1971
1957
1982
1991
2002
1978
1985
2007
2021
2005
1984
1999
1984
2032
1981
1997
1970
2034
2033
2061
2023
2037
2038
2075
2047
2051
2047
2019
2054
2022
2030
1984
2008
1975
2012
1968
1967
1934
1978
1930
1938
1912
1918
1945
1935
1944
1934
1960
1960
1981
1947
1994
1938
1992
1945
1991
1932
1996
1983
2031
2015
2026
2002
2029
2013
2008
2001
1951
1995
1980
2007
1957
1986
1957
1990
1943
1962
1896
1947
1901
1933
1867
1872
1897
1913
1919
1902
1907
1895
1929
1893
1952
1882
1968
1948
2002
1932
1982
1937
1979
1959
1979
1949
1977
1967
1962
1961
1910
1933
1895
1925
1865
1912
1868
1947
1925
1981
1935
2001
1966
2007
1961
1977
1978
1976
1983
1947
1946
1909
1938
1888
1920
1888
1957
1950
2026
1977
2015
1971
2002
2001
2010
1993
2006
2009
2016
2008
1975
1984
1961
1993
1949
1979
1925
1975
1942
1966
1926
1957
1961
2024
1992
2004
2002
2004
2033
2027
2029
2001
2026
2010
2061
2018
2036
2024
2077
2041
2045
2002
1980
1996
2005
1993
1986
1991
1990
2021
1988
1995
1938
1980
1945
1963
1925
1963
1960
1972
1937
1931
1931
1950
1937
1911
1924
1916
1979
1975
2003
1981
2031
2011
2066
2027
2063
2054
2111
2089
2107
2107
2090
2112
2110
2110
2089
2106
2102
2121
2073
2106
2048
2102
2067
2096
2028
2056
2026
2048
2014
2008
1986
1997
1998
1984
2009
1976
2030
2023
2083
2035
2070
2044
2113
2069
2129
2073
2121
2085
2141
2119
2095
2080
2085
2096
2079
2083
2083
2110
2068
2119
2052
2090
2057
2123
2053
2119
2086
2111
2106
2112
2075
2080
2095
2085
2124
2078
2108
2102
2163
2117
2125
2081
2132
2102
2146
2076
2103
2076
2109
2067
2044
2023
2018
2036
2007
1981
1967
1987
1982
2034
1994
2023
2013
2072
2013
2039
2006
2030
2054
2065
2042
2049
2056
2044
2078
2032
2045
2020
2091
2055
2079
2055
2084
2071
2123
2096
2107
2098
2143
2162
2160
2178
2157
2178
2164
2194
2180
2207
2160
2196
2155
2164
2131
2177
2154
2158
2152
2122
2127
2135
2161
2146
2144
2096
2141
2116
2154
2108
2151
2133
2162
2153
2184
2162
2184
2184
2187
2158
2153
2154
2133
2137
2096
2118
2122
2174
2126
2170
2127
2204
2179
2200
2132
2159
2128
2148
2130
2106
2110
2126
2148
2124
2128
2103
2164
2148
2191
2120
2168
2146
2191
2154
2185
2147
2202
2184
2198
2153
2164
2156
2137
2156
2111
2132
2099
2146
2090
2130
2071
2118
2076
2121
2051
2092
2050
2082
2082
2091
2092
2111
2119
2119
2115
2074
2114
2068
2145
2100
2154
2074
2130
2094
2114
2077
2096
2099
2153
2141
2164
2164
2129
2158
2117
2144
2093
2138
2111
2187
2118
2159
2098
2176
2147
2185
2125
2140
2150
2177
2182
2171
2176
2190
2192
2176
2193
2130
2182
2155
2180
2111
2151
2121
2179
2172
2190
2150
2195
2194
2198
2195
2161
2192
2172
2180
2135
2157
2143
2204
2179
2194
2150
2195
2170
2185
2144
2150
2139
2148
2156
2129
2134
2137
2181
2170
2168
2116
2134
2124
2154
2110
2134
2096
2110
2099
2100
2078
2079
2100
2108
2125
2083
2100
2091
2144
2110
2142
2095
2152
2155
2191
2172
2194
2195
2229
2188
2186
2188
2181
2221
2205
2228
2190
2220
2190
2250
2199
2223
2176
2224
2172
2199
2164
2154
2151
2174
2171
2162
2171
2193
2202
2147
2176
2106
2177
2134
2150
2082
2158
2135
2210
2157
2181
2134
2201
2167
2168
2147
2098
2100
2077
2075
2020
2043
1996
2090
2045
2110
2072
2155
2132
2180
2149
2165
2152
2174
2133
2127
2100
2118
2124
2088
2100
2048
2095
2059
2115
2065
2131
2072
2126
2084
2109
2048
2102
2065
2083
2083
2082
2079
2096
2119
2111
2114
2084
2156
2128
2175
2117
2163
2135
2193
2134
2151
2111
2154
2119
2137
2098
2118
2100
2086
2101
2079
2091
2075
2112
2093
2137
2082
2123
2092
2137
2088
2124
2081
2126
2126
2135
2114
2117
2109
2098
2061
2032
2046
2017
2063
2031
2075
2052
2104
2086
2129
2094
2138
2119
2171
2131
2146
2137
2134
2137
2109
2098
2067
2089
2073
2108
2054
2068
2060
2113
2074
2095
2061
2079
2086
2086
2075
2094
2111
2129
2110
2072
2080
2040
2080
2037
2066
2025
2071
2049
2084
2058
2074
2058
2103
2091
2115
2102
2082
2114
2116
2109
2077
2082
2054
2073
2023
2045
1991
2050
2034
2062
1991
2010
2008
2008
1981
1958
1948
1943
1964
1925
1945
1904
1948
1929
1977
1910
1954
1927
1993
1954
1968
1925
1953
1935
1959
1957
1929
1941
1934
1982
1951
1958
1954
2004
1975
2014
1941
1991
1963
2012
1957
2015
1994
2058
2056
2055
2016
2014
2017
1985
2000
1939
1970
1947
1995
1953
2016
1995
2060
2035
2104
2052
2106
2084
2133
2111
2110
2091
2100
2121
2105
2108
2092
2102
2055
2104
2052
2099
2054
2119
2057
2112
2065
2103
2095
2137
2085
2100
2087
2098
2138
2115
2121
2091
2134
2099
2103
2044
2085
2039
2088
2024
2058
2021
2079
2051
2080
2048
2049
2061
2095
2079
2073
2073
2029
2082
2033
2048
1975
2012
1982
2021
1954
1988
1951
2032
1999
2031
1983
2005
2019
2030
2027
2017
2038
2046
2053
2032
2062
2004
2075
2052
2084
2046
2096
2082
2108
2078
2081
2043
2082
2067
2058
2071
2042
2078
2075
2103
2077
2109
2099
2127
2082
2110
2066
2087
2055
2065
2016
2035
2037
2050
2039
2026
2052
2066
2098
2082
2112
2078
2129
2115
2145
2109
2131
2113
2156
2150
2158
2134
2144
2138
2140
2126
2079
2071
2038
2046
1987
1995
2001
2052
2052
2105
2087
2108
2117
2155
2144
2132
2140
2096
2126
2090
2082
2030
2054
2001
2031
1969
1990
1931
1988
1957
1975
1946
1942
1974
1997
2005
2001
2022
2040
2073
2039
2075
2031
2093
2068
2108
2038
2086
2071
2117
2077
2102
2063
2119
2085
2091
2082
2040
2068
2061
2078
2040
2058
2018
2093
2045
2096
2052
2121
2069
2114
2059
2067
2059
2095
2095
2109
2097
2130
2161
2134
2137
2094
2133
2121
2143
2081
2136
2080
2141
2111
2179
2135
2184
2149
2189
2190
2181
2182
2196
2210
2195
2194
2149
2190
2153
2196
2130
2159
2111
2172
2119
2152
2086
2126
2096
2128
2071
2098
2089
2102
2115
2107
2117
2126
2164
2139
2182
2118
2159
2126
2197
2132
2166
2133
2182
2179
2185
2155
2172
2175
2198
2170
2167
2176
2165
2212
2171
2195
2175
2231
2197
2236
2167
2186
2162
2213
2168
2182
2152
2174
2191
2184
2185
2182
2197
2197
2204
2158
2178
2148
2181
2131
2150
2107
2142
2144
2169
2132
2130
2102
2132
2104
2092
2095
2073
2098
2091
2107
2094
2140
2130
2172
2141
2152
2104
2140
2104
2112
2085
2070
2086
2086
2079
2055
2056
2052
2078
2059
2083
2044
2087
2063
2089
2048
2091
2077
2106
2080
2070
2048
2070
2080
2077
2095
2067
2099
2094
2134
2107
2113
2072
2122
2098
2112
2069
2120
2100
2122
2107
2088
2089
2118
2137
2105
2116
2110
2114
2131
2083
2111
2076
2101
2050
2087
2056
2108
2050
2055
2000
2051
2025
2052
2010
1998
2006
2025
2049
2026
2042
2050
2083
2043
2079
2010
2054
2016
2058
1976
2010
1939
1990
1975
2002
1973
2018
2016
2015
2050
2029
2041
2031
2072
2041
2068
2029
2091
2053
2095
2012
2051
1996
2032
1973
1964
1923
1931
1932
1956
1951
1959
2007
1996
2053
2017
2062
2025
2085
2024
2079
2017
2065
2027
2078
2002
2027
1996
2007
2027
2002
1979
1965
1998
2009
2004
1968
1997
1972
2038
1981
2023
1971
2048
2005
2030
1971
1992
1978
2018
1977
1989
1995
2005
2061
2053
2057
2019
2039
2011
2040
1951
1969
1923
1962
1910
1942
1903
1938
1945
1964
1944
1944
1951
1984
1983
1974
2009
1969
2011
2010
2042
2004
2037
1993
2024
1981
1989
1946
1976
1955
1978
1971
1953
1976
1987
2005
1983
1983
1979
2014
1999
2014
1966
2030
2008
2042
2023
2058
2057
2096
2097
2080
2066
2070
2095
2076
2091
2053
2083
2071
2114
2076
2107
2099
2137
2132
2139
2094
2114
2113
2119
2110
2090
2090
2096
2129
2101
2114
2097
2128
2111
2144
2102
2156
2159
2203
2156
2173
2154
2174
2198
2200
2187
2189
2200
2175
2201
2142
2178
2152
2207
2155
2183
2137
2159
2145
2181
2138
2164
2151
2190
2172
2143
2154
2156
2201
2179
2200
2158
2174
2119
2172
2106
2141
2079
2137
2085
2142
2102
2104
2085
2126
2098
2106
2085
2068
2120
2072
2097
2060
2118
2092
2139
2100
2143
2103
2166
2118
2154
2096
2158
2123
2128
2108
2092
2098
2102
2091
2067
2091
2016
2089
2048
2098
2045
2099
2059
2075
2031
2018
1973
2009
2000
2001
1983
1976
2024
2024
2054
2012
2043
2026
2072
2035
2080
2011
2066
2043
2093
2035
2080
2055
2078
2071
2069
2051
2055
2065
2060
2089
2027
2064
2038
2073
2010
2051
2027
2067
2035
2070
2028
2065
2071
2112
2079
2079
2063
2060
2086
2053
2045
2009
2044
2016
2047
1990
2011
1990
2018
1966
1997
1971
1999
2007
2029
2024
2033
2036
2048
2059
2020
2031
2018
2063
2019
2027
1973
2003
1997
2038
2005
2016
2010
2052
2016
2032
2037
2022
2051
2048
2058
2037
2068
2034
2080
2041
2068
2040
2092
2049
2065
2029
2036
2043
2067
2030
2005
2017
2060
2087
2059
2069
2063
2120
2088
2099
2063
2094
2075
2111
2055
2083
2064
2121
2078
2090
2078
2074
2085
2077
2060
2037
2060
2033
2088
2036
2071
2032
2107
2056
2088
2050
2086
2055
2087
2037
2056
2019
2042
2039
2004
2014
1991
2032
2004
2013
1974
2034
1991
2056
2017
2083
2033
2097
2067
2110
2094
2102
2116
2149
2130
2123
2105
2076
2128
2088
2121
2071
2135
2110
2147
2105
2135
2083
2158
2114
2139
2081
2132
2113
2135
2131
2107
2115
2122
2141
2114
2158
2093
2172
2123
2165
2108
2163
2135
2178
2128
2144
2098
2152
2133
2134
2095
2082
2107
2084
2100
2061
2099
2099
2143
2121
2179
2118
2175
2143
2180
2122
2168
2120
2145
2115
2103
2085
2091
2082
2061
2059
2008
2051
2016
2056
2010
2077
2080
2148
2128
2156
2092
2141
2113
2147
2101
2093
2083
2093
2095
2089
2103
2103
2127
2100
2141
2089
2109
2078
2132
2074
2099
2059
2078
2064
2063
2040
2039
2042
2052
2030
1987
1998
1966
1983
1941
1963
1928
1960
1941
1981
1946
1974
1967
2032
1991
2002
2001
2013
2060
2081
2091
2067
2083
2055
2084
2030
2054
2018
2067
2043
2059
2052
2053
2066
2088
2074
2079
2081
2111
2118
2077
2090
2057
2114
2079
2098
2053
2087
2053
2073
2027
2043
2003
2035
2009
2009
2030
2013
2060
2072
2094
2068
2090
2050
2110
2060
2086
2033
2083
2026
2039
2022
2030
2023
2070
2061
2074
2058
2094
2119
2078
2097
2043
2095
2061
2076
2030
2091
2040
2099
2050
2098
2055
2099
2067
2093
2098
2102
2098
2122
2158
2133
2126
2098
2152
2100
2156
2082
2119
2068
2116
2063
2094
2039
2077
2067
2095
2062
2095
2100
2101
2123
2084
2094
2071
2122
2085
2117
2045
2082
2044
2092
2021
2067
2043
2060
2069
2070
2053
2074
2094
2084
2075
2060
2104
2081
2146
2085
2123
2086
2146
2105
2130
2061
2091
2065
2108
2032
2050
2031
2027
2042
2012
2002
1986
2023
2012
2047
1994
2047
2037
2108
2058
2106
2074
2128
2124
2154
2134
2153
2147
2176
2145
2126
2137
2109
2147
2110
2147
2112
2167
2125
2169
2125
2159
2114
2166
2134
2157
2141
2149
2170
2179
2160
2149
2149
2149
2154
2105
2125
2084
2160
2144
2165
2114
2151
2140
2178
2142
2127
2091
2111
2075
2032
2020
1978
2018
2008
2040
1997
2038
2046
2111
2103
2119
2095
2122
2131
2131
2123
2102
2116
2129
2152
2111
2112
2078
2121
2101
2110
2056
2081
2084
2115
2091
2106
2096
2113
2128
2107
2100
2083
2111
2065
2098
2037
2081
2067
2140
2104
2152
2133
2167
2158
2178
2150
2154
2144
2170
2164
2123
2134
2104
2133
2093
2130
2085
2102
2063
2107
2045
2081
2035
2098
2044
2052
2026
2026
2037
2044
2042
2047
2077
2050
2121
2080
2134
2071
2139
2093
2140
2090
2117
2080
2124
2062
2092
2047
2109
2095
2089
2095
2051
2071
2060
2055
2027
2050
2004
2088
2028
2072
2012
2089
2039
2092
2035
2045
2017
2046
2002
2000
1983
1994
2048
2032
2064
2041
2105
2085
2119
2068
2099
2032
2079
2029
2044
1968
2009
1984
2021
2009
2010
2009
2015
1992
1978
1987
1940
1989
1958
2002
1973
2026
1993
2023
1997
2029
1994
2027
2003
2032
2017
2027
2043
2054
2074
2058
2080
2070
2099
2080
2094
2037
2070
2034
2062
2010
2051
2031
2059
2058
2062
2041
2052
2068
2071
2080
2038
2070
2038
2085
2032
2028
2004
2031
1999
1997
1945
1961
1961
1968
1926
1903
1884
1882
1914
1869
1846
1838
1879
1871
1909
1875
1907
1902
1939
1900
1919
1898
1903
1906
1875
1858
1829
1837
1833
1833
1785
1811
1808
1871
1829
1851
1819
1855
1860
1875
1840
1855
1864
1903
1873
1865
1864
1847
1896
1874
1867
1839
1869
1860
1909
1856
1881
1851
1887
1857
1882
1874
1889
1928
1950
1951
1962
1969
1976
1993
1951
1976
1920
1963
1894
1917
1847
1895
1877
1948
1909
1938
1914
1966
1946
1953
1970
1948
1971
1955
1980
1950
1973
1928
2003
1958
2018
1956
2016
1968
1989
1933
1928
1887
1899
1872
1872
1853
1880
1893
1886
1932
1898
1959
1942
1991
1939
1997
1938
1983
1926
1947
1867
1905
1859
1867
1861
1848
1840
1862
1873
1844
1841
1813
1878
1847
1906
1863
1930
1908
1975
1955
1986
1954
2016
2007
2023
1991
2020
2006
1988
1988
1956
1986
1980
2020
1987
2024
1995
2043
2040
2078
2024
2053
2023
2044
2043
2036
2013
2025
2035
2031
2031
2030
2066
2036
2049
2003
2023
1999
2026
2003
2030
2009
2030
2026
2043
2035
2047
2045
2033
2059
2047
2049
2035
2067
2039
2065
2027
2046
2018
2054
2026
2058
2031
2042
2051
2038
2035
2020
2039
2034
2048
2010
2043
2020
2065
2016
2033
1985
2022
1989
2004
1972
1955
1947
1954
1937
1926
1953
1938
1992
1965
1989
1947
1991
1979
2016
1975
1991
1976
2036
2008
2040
2018
2040
2066
2079
2093
2070
2108
2104
2121
2071
2101
2045
2104
2061
2081
2014
2061
2005
2024
1962
1957
1943
1973
1948
1939
1942
1891
1921
1905
1929
1875
1898
1866
1912
1861
1901
1863
1925
1888
1939
1886
1905
1927
1953
1961
1929
1917
1918
1936
1908
1983
1916
1968
1933
1983
1918
1959
1927
1980
1934
1951
1905
1934
1916
1932
1919
1871
1889
1897
1950
1908
1934
1903
1921
1870
1924
1844
1895
1856
1916
1860
1899
1903
1921
1972
1979
2001
1976
2012
1971
2033
1954
1979
1940
2001
1945
1983
1951
1969
1959
1972
1902
1892
1874
1907
1876
1822
1812
1771
1816
1775
1779
1742
1791
1787
1844
1821
1865
1843
1912
1890
1928
1922
1924
1947
1950
1931
1894
1883
1839
1885
1836
1860
1813
1857
1834
1847
1840
1873
1883
1919
1888
1903
1888
1918
1931
1916
1908
1867
1889
1861
1878
1838
1880
1860
1917
1899
1933
1898
1937
1936
1935
1915
1891
1896
1881
1900
1867
1873
1834
1890
1857
1866
1817
1855
1835
1876
1887
1897
1874
1911
1933
1937
1923
1935
1950
1939
1982
1920
1930
1904
1940
1870
1932
1899
1938
1910
1959
1933
1975
1964
1966
1962
1910
1910
1912
1943
1901
1903
1861
1925
1906
1968
1905
1959
1941
2001
1985
2018
1986
2030
2035
2041
2021
2025
2041
2033
2064
1998
2028
2006
2070
1999
1995
2051
2011
2073
2005
2043
2004
2074
2042
2055
2026
2060
2054
2066
2056
2085
2093
2071
2114
2068
2112
2050
2096
2031
2091
2036
2074
2054
2114
2061
2096
2057
2087
2094
2083
2082
2075
2108
2094
2105
2085
2142
2124
2197
2158
2208
2170
2228
2184
2214
2171
2185
2176
2197
2165
2174
2175
2141
2174
2134
2142
2097
2165
2151
2207
2159
2178
2144
2194
2132
2149
2109
2122
2150
2157
2157
2154
2192
2217
2214
2186
2208
2183
2233
2191
2204
2157
2222
2201
2227
2193
2178
2171
2190
2163
2144
2125
2104
2149
2138
2136
2107
2156
2150
2210
2188
2210
2176
2219
2196
2193
2151
2147
2150
2141
2144
2123
2144
2163
2184
2147
2177
2131
2195
2179
2196
2161
2181
2159
2179
2151
2130
2081
2075
2073
2063
2082
2048
2093
2079
2125
2098
2130
2092
2167
2149
2164
2109
2147
2147
2180
2144
2147
2176
2174
2208
2170
2166
2148
2191
2132
2176
2108
2150
2129
2174
2116
2164
2138
2174
2167
2172
2160
2197
2201
2190
2202
2161
2186
2162
2214
2149
2183
2147
2207
2186
2226
2159
2197
2172
2222
2152
2163
2140
2124
2136
2103
2094
2059
2090
2037
2083
2019
2068
2029
2105
2053
2095
2049
2077
2064
2078
2035
2060
2048
2081
2074
2035
2044
2015
2067
2030
2058
2009
2042
2004
2039
2009
2051
1998
2060
2011
2035
2011
1996
1999
2006
2013
2004
2023
1995
2062
2021
2048
2007
2060
2024
2048
2015
2037
2020
2055
2022
2035
2024
2063
2078
2059
2076
2057
2106
2109
2126
2075
2120
2100
2149
2106
2114
2054
2085
2070
2076
2073
2058
2077
2075
2087
2061
2073
2055
2106
2073
2070
2024
2067
2044
2050
2008
1990
1958
1988
1983
1965
1954
1951
1955
1945
1967
1927
1962
1941
1971
1919
1951
1922
1970
1971
2002
1987
2018
2014
2022
2036
2014
2022
2019
2042
1983
1982
1930
1964
1927
1947
1881
1906
1891
1938
1931
1930
1934
1937
1952
1961
1959
1940
1965
1944
1981
1921
1968
1950
2022
1980
2046
2017
2052
2035
2079
2052
2078
2065
2067
2108
2062
2084
2039
2095
2063
2094
2072
2131
2098
2170
2117
2156
2105
2165
2124
2124
2118
2100
2124
2152
2152
2105
2130
2063
2128
2078
2115
2036
2116
2089
2121
2065
2075
2042
2091
2051
2063
2028
2025
2076
2066
2079
2028
2063
2047
2077
2054
2099
2057
2138
2092
2138
2071
2134
2124
2163
2154
2158
2157
2183
2186
2170
2178
2125
2170
2133
2177
2134
2187
2176
2232
2186
2212
2174
2220
2215
2230
2190
2193
2209
2223
2217
2196
2192
2170
2206
2174
2204
2162
2194
2170
2195
2154
2171
2161
2194
2197
2198
2191
2184
2202
2189
2201
2155
2184
2167
2196
2144
2168
2147
2183
2168
2166
2135
2157
2174
2192
2171
2172
2183
2189
2228
2210
2232
2200
2236
2206
2246
2214
2233
2221
2253
2198
2221
2206
2215
2213
2207
2191
2186
2213
2206
2236
2186
2219
2193
2257
2200
2221
2166
2205
2164
2197
2151
2170
2165
2200
2164
2165
2174
2150
2192
2170
2190
2161
2208
2170
2218
2154
2189
2149
2226
2176
2215
2189
2203
2224
2232
2220
2218
2225
2226
2236
2179
2207
2154
2218
2166
2207
2143
2206
2157
2210
2165
2200
2152
2195
2145
2124
2120
2082
2103
2097
2124
2093
2144
2110
2186
2131
2177
2115
2194
2163
2197
2152
2135
2106
2115
2076
2058
2024
2038
2038
2008
2041
1994
2065
2060
2107
2075
2151
2107
2164
2102
2106
2046
2101
2061
2066
2055
2030
2042
2055
2050
2016
2008
1989
2057
2017
2055
2008
2062
2046
2080
2052
2092
2072
2115
2107
2113
2099
2122
2138
2123
2134
2086
2120
2107
2139
2089
2120
2064
2086
2059
2067
2028
2063
2066
2087
2113
2111
2115
2115
2146
2141
2146
2131
2169
2149
2175
2135
2151
2137
2171
2165
2165
2151
2168
2188
2197
2203
2186
2202
2186
2225
2183
2209
2186
2246
2196
2239
2179
2182
2169
2181
2143
2137
2128
2126
2174
2132
2145
2117
2174
2148
2163
2127
2177
2154
2221
2180
2208
2179
2242
2220
2214
2204
2189
2221
2227
2209
2168
2176
2125
2174
2110
2143
2090
2159
2117
2173
2123
2129
2104
2180
2158
2168
2134
2129
2160
2132
2145
2106
2150
2115
2140
2083
2117
2055
2133
2085
2115
2049
2119
2092
2114
2087
2085
2072
2093
2083
2072
2097
2044
2111
2074
2133
2088
2160
2126
2182
2132
2157
2096
2132
2084
2111
2063
2079
2085
2092
2108
2091
2107
2128
2159
2126
2163
2097
2147
2130
2166
2117
2159
2127
2142
2129
2123
2099
2116
2135
2144
2153
2104
2132
2132
2193
2154
2191
2177
2215
2199
2212
2168
2183
2170
2187
2139
2126
2110
2118
2154
2154
2158
2146
2173
2170
2198
2150
2173
2144
2190
2133
2139
2096
2101
2116
2109
2104
2102
2123
2127
2132
2084
2101
2093
2142
2096
2118
2084
2113
2113
2128
2088
2102
2100
2118
2105
2100
2106
2072
2096
2080
2096
2056
2077
2051
2087
2041
2045
2024
2082
2053
2075
2074
2071
2098
2091
2098
2083
2117
2118
2149
2099
2126
2070
2109
2076
2098
2044
2073
2051
2078
2070
2074
2078
2082
2119
2112
2150
2095
2135
2121
2178
2116
2163
2133
2169
2160
2185
2147
2155
2141
2156
2147
2108
2128
2119
2161
2107
2119
2079
2127
2102
2150
2076
2110
2075
2149
2075
2101
2071
2090
2100
2099
2091
2074
2099
2085
2145
2082
2112
2080
2163
2091
2135
2098
2140
2105
2156
2101
2142
2129
2195
2194
2172
2181
2168
2200
2182
2199
2189
2227
2190
2262
2206
2244
2177
2237
2179
2234
2196
2212
2210
2231
2207
2221
2198
2181
2219
2182
2199
2162
2216
2186
2217
2200
2235
2198
2259
2214
2236
2192
2238
2231
2225
2221
2199
2217
2212
2214
2197
2228
2183
2234
2213
2231
2188
2218
2204
2220
2208
2198
2177
2205
2198
2172
2163
2139
2181
2152
2169
2110
2112
2086
2109
2092
2115
2089
2140
2154
2180
2167
2189
2187
2196
2213
2180
2196
2188
2219
2169
2203
2150
2180
2163
2186
2139
2167
2143
2145
2138
2122
2114
2127
2155
2132
2136
2085
2106
2065
2085
2005
2040
1992
2027
1979
2001
1952
1953
1929
1952
1923
1945
1974
1971
2023
2007
2053
2031
2098
2085
2137
2087
2129
2082
2138
2079
2123
2093
2107
2105
2103
2093
2065
2061
2053
2041
2002
2027
1971
2037
1980
2023
1953
2027
1995
2026
1964
1989
1957
2010
1971
1984
1967
1935
1975
1962
1971
1932
1975
1958
1983
1896
1919
1847
1907
1855
1900
1846
1884
1897
1938
1925
1933
1934
1965
1958
1935
1956
1908
1965
1913
1939
1877
1944
1893
1955
1909
1946
1899
1953
1935
1967
1963
1962
1983
1993
1991
1955
1960
1949
1959
1913
1940
1893
1944
1909
1942
1888
1901
1860
1878
1835
1817
1777
1780
1757
1732
1745
1723
1771
1771
1811
1777
1820
1804
1861
1836
1871
1828
1855
1843
1877
1873
1878
1868
1879
1893
1875
1865
1831
1831
1789
1818
1773
1797
1787
1847
1812
1801
1751
1743
1763
1763
1745
1727
1751
1740
1796
1765
1822
1818
1886
1863
1885
1886
1910
1923
1957
1921
1917
1892
1913
1886
1850
1850
1811
1841
1802
1823
1807
1861
1845
1901
1847
1864
1823
1892
1868
1896
1895
1900
1923
1937
1930
1923
1935
1907
1964
1907
1927
1850
1911
1845
1881
1842
1861
1827
1869
1822
1848
1814
1863
1878
1882
1907
1891
1940
1931
1950
1900
1932
1875
1942
1879
1929
1853
1900
1852
1878
1829
1811
1756
1781
1763
1760
1738
1715
1778
1759
1811
1769
1839
1827
1897
1875
1910
1832
1872
1835
1852
1781
1775
1738
1749
1758
1732
1739
1733
1765
1735
1791
1745
1823
1803
1855
1794
1841
1797
1803
1767
1761
1710
1725
1709
1721
1692
1685
1732
1730
1796
1771
1798
1798
1875
1844
1890
1838
1881
1863
1912
1866
1905
1873
1861
1862
1839
1821
1810
1834
1823
1844
1807
1843
1851
1918
1890
1929
1890
1927
1916
1923
1899
1922
1919
1948
1936
1935
1969
1968
2022
1983
2002
1950
1995
1996
2039
2002
2032
2009
2055
2021
2038
2026
2013
2030
2021
2017
1992
1999
1977
1991
1958
1979
1939
1999
2007
2045
2028
2066
2062
2077
2103
2095
2094
2098
2123
2098
2114
2062
2081
2056
2098
2046
2062
2036
2068
2053
2050
2018
2035
2034
2035
2044
2006
2049
2046
2063
1998
2011
1963
2007
1992
2028
1998
2027
2027
2088
2040
2070
2084
2102
2135
2112
2122
2103
2130
2083
2140
2083
2111
2082
2151
2086
2136
2106
2148
2147
2176
2151
2168
2163
2195
2220
2172
2197
2163
2213
2169
2196
2138
2170
2138
2101
2108
2070
2082
2065
2061
2058
2009
2026
2007
2054
2009
2039
2013
2088
2066
2125
2075
2116
2088
2143
2073
2096
2072
2050
2056
2056
2054
2050
2059
2019
2071
2010
2045
1995
2071
2021
2046
2011
2051
2029
2079
2042
2050
2037
2081
2085
2074
2080
2063
2103
2091
2098
2064
2109
2088
2134
2067
2084
2035
2099
2057
2069
2041
2024
2016
2040
2028
2027
2031
2019
2079
2048
2083
2047
2087
2065
2116
2112
2134
2113
2158
2135
2152
2132
2171
2174
2157
2157
2139
2166
2150
2156
2114
2121
2084
2137
2111
2121
2078
2113
2102
2112
2117
2102
2111
2136
2151
2131
2126
2108
2159
2124
2159
2100
2118
2102
2135
2111
2110
2079
2103
2100
2077
2050
2055
2055
2061
2080
2054
2075
2069
2104
2059
2076
2011
2054
2062
2091
2045
2073
2074
2094
5835
2200
2202
2216
2216
2201
2202
2194
2178
2168
2157
2136
2134
2136
2150
2165
2171
2186
2205
2210
2210
2205
2203
2203
2188
2187
2171
2172
2176
2167
2166
2157
2153
2143
2123
2122
2121
2115
2114
2105
2113
2123
2143
2164
2168
2167
2162
2162
2148
2142
2130
2148
2145
2146
2150
2159
2160
2172
2170
2171
2160
2160
2167
2168
2164
2172
2170
2192
2206
2217
2218
2226
2223
2210
2216
2213
2217
2209
2209
2198
2201
2190
2178
2169
2160
2148
2144
2139
2159
2178
2183
2172
2173
2166
2164
2167
2170
2166
2186
2188
2196
2202
2206
2199
2191
2179
2177
2165
2145
2149
2156
2160
2168
2183
2179
2174
2165
2156
2149
2140
2107
2095
2073
2058
2066
2043
2030
2048
2058
2062
2066
2060
2070
2073
2080
2078
2077
2069
2083
2089
2107
2108
2114
2102
2100
2085
2080
2065
2070
2057
2054
2065
2070
2068
2067
2036
1993
1960
1935
1914
1888
1882
1884
1886
1895
1910
1910
1899
1889
1891
1879
1874
1850
1852
1861
1900
1932
1960
1969
1965
1953
1943
1957
1952
1953
1938
1925
1940
1951
1958
1959
1969
1978
1986
1988
2003
1992
1987
1990
1985
1985
1976
1974
1950
1933
1911
1899
1894
1886
1869
1872
1907
1921
1944
1959
1983
1985
2007
2016
2032
2037
2046
2054
2065
2061
2069
2081
2089
2092
2104
2104
2110
2117
2121
2122
2104
2090
2089
2081
2076
2078
2085
2097
2114
2124
2136
2154
2161
2170
2164
2158
2147
2125
2103
2100
2091
2077
2061
2044
2038
2038
2057
2060
2067
2076
2087
2103
2118
2127
2136
2123
2126
2124
2126
2120
2113
2119
2111
2110
2128
2132
2144
2136
2141
2150
2146
2155
2154
2148
2143
2135
2132
2137
2126
2136
2129
2128
2127
2125
2131
2126
2125
2118
2132
2144
2152
2150
2155
2161
2155
2153
2162
2155
2138
2130
2123
2121
2119
2121
2117
2124
2135
2140
2156
2157
2166
2164
2158
2158
2168
2162
2172
2179
2163
2148
2126
2106
2085
2080
2067
2057
2051
2039
2036
2045
2055
2053
2056
2057
2067
2068
2061
2056
2053
2044
2055
2051
2059
2074
2089
2089
2086
2091
2092
2074
2068
2067
2072
2063
2045
2033
2038
2049
2038
2036
2033
2055
2068
2067
2059
2042
2030
2020
1994
1979
1974
1976
1985
1999
2008
2003
2002
2016
2016
2016
2012
2018
2022
2029
2006
1993
1983
1972
1958
1960
1954
1955
1959
1975
1981
2008
2060
2064
2075
2090
2112
2118
2122
2133
2149
2159
2170
2172
2170
2164
2164
2168
2174
2171
2165
2160
2145
2141
2143
2150
2138
2137
2141
2163
2162
2163
2161
2176
2171
2183
2180
2175
2176
2177
2173
2169
2153
2138
2113
2084
2079
2070
2055
2041
2039
2042
2043
2041
2058
2063
2058
2075
2090
2074
2068
2064
2069
2079
2083
2066
2080
2080
2074
2061
2065
2064
2077
2074
2075
2086
2092
2092
2073
2060
2045
2036
2019
2030
2029
2022
2014
2041
2049
2072
2068
2077
2075
2074
2073
2077
2082
2075
2083
2105
2116
2123
2124
2123
2147
2126
2102
2089
2099
2100
2119
2128
2124
2108
2075
2037
2023
2019
2008
2002
2001
2006
2001
2017
2014
2018
2000
1987
1976
1941
1937
1931
1927
1933
1944
1953
1956
1970
1978
1994
2017
2026
2038
2065
2079
2086
2074
2083
2102
2110
2119
2109
2121
2125
2142
2143
2135
2148
2160
2167
2155
2139
2132
2136
2126
2119
2124
2132
2127
2119
2101
2086
2067
2057
2058
2041
2040
2034
2036
2047
2061
2071
2070
2076
2063
2066
2066
2081
2080
2077
2072
2070
2081
2086
2100
2118
2127
2122
2122
2112
2101
2090
2078
2057
2055
2053
2038
2016
2012
2004
1997
2001
2008
2010
2000
1994
1966
1930
1906
1883
1867
1864
1863
1866
1881
1894
1908
1921
1936
1959
1983
1989
1996
2007
2027
2021
2025
2008
2000
1991
2002
2008
1987
1971
1964
1966
1979
1991
2012
2042
2054
2050
2032
2034
2037
2058
2066
2075
2083
2089
2084
2086
2092
2102
2090
2079
2083
2069
2059
2059
2067
2090
2097
2099
2093
2092
2085
2076
2065
2053
2044
2035
2036
2033
2011
2006
2022
2011
2009
2017
2005
2003
2003
2002
1992
1985
1985
1986
2001
1998
2003
1999
1999
2003
2010
2024
2037
2039
2036
2040
2040
2033
2023
2021
1995
1990
1991
2002
2009
2016
2019
2023
2028
2021
2025
2016
2010
1997
1994
1992
1988
2004
2027
2042
2062
2075
2099
2111
2116
2122
2124
2118
2119
2118
2111
2106
2110
2110
2116
2108
2103
2088
2086
2083
2064
2077
2059
2065
2064
2084
2091
2099
2111
2112
2134
2136
2141
2142
2146
2157
2161
2164
2170
2178
2182
2179
2179
2158
2144
2116
2086
2077
2063
2042
2044
2052
2056
2060
2084
2096
2105
2117
2138
2149
2156
2154
2161
2167
2176
2176
2174
2160
2137
2115
2098
2074
2066
2054
2043
2021
2015
2015
2014
2035
2039
2034
2031
2025
2008
1994
1975
1966
1950
1951
1958
1966
1979
2000
2016
2031
2058
2068
2077
2082
2073
2075
2089
2095
2099
2101
2098
2111
2127
2136
2121
2109
2107
2098
2108
2105
2116
2122
2132
2122
2111
2101
2115
2115
2122
2126
2133
2131
2130
2157
2150
2135
2132
2141
2132
2123
2108
2103
2101
2093
2085
2084
2085
2093
2090
2091
2099
2089
2080
2070
2070
2061
2057
2067
2070
2070
2074
2081
2072
2067
2057
2060
2048
2028
2026
2019
2013
2013
1999
1999
1993
1982
1964
1945
1951
1933
1934
1928
1930
1938
1956
1962
1963
1955
1951
1953
1966
1974
1973
1989
1983
1979
1968
1958
1962
1958
1953
1932
1915
1907
1923
1913
1895
1899
1891
1883
1877
1867
1869
1864
1862
1867
1886
1887
1886
1882
1887
1901
1907
1905
1943
1939
1943
1944
1961
1962
1960
1948
1950
1936
1915
1908
1903
1908
1902
1916
1927
1935
1928
1920
1916
1916
1898
1920
1946
1976
1978
1997
2008
2019
2010
2001
2003
1989
1977
1971
1979
1980
1979
1998
2005
2000
1992
1992
2014
2011
2011
2001
2017
2030
2019
2027
2046
2059
2070
2074
2071
2075
2062
2048
2029
2017
1999
1982
1960
1954
1934
1932
1936
1950
1939
1955
1957
1960
1970
1967
1963
1955
1942
1934
1941
1934
1934
1936
1949
1947
1954
1955
1953
1949
1956
1958
1975
1979
1982
1984
1991
1999
2021
2032
2024
2029
2044
2059
2074
2092
2095
2107
2122
2131
2141
2134
2140
2146
2137
2134
2147
2146
2144
2139
2133
2129
2123
2114
2098
2087
2077
2066
2057
2044
2031
2032
2043
2054
2039
2046
2044
2058
2060
2058
2047
2049
2055
2059
2053
2057
2052
2041
2031
2012
2006
1992
1994
1993
1999
1982
1978
1968
1963
1953
1939
1931
1923
1938
1958
1971
1970
1965
1967
1963
1937
1923
1896
1887
1873
1868
1871
1881
1895
1902
1913
1927
1953
1982
2009
2033
2040
2047
2035
2018
2003
1993
1980
1949
1922
1895
1894
1874
1888
1898
1896
1878
1875
1881
1893
1898
1900
1909
1923
1940
1954
1969
1975
1965
1963
1973
1961
1954
1941
1934
1930
1921
1921
1923
1929
1942
1957
1972
1982
1991
2001
2019
2010
1994
1974
1950
1938
1941
1936
1937
1946
1945
1943
1940
1944
1943
1938
1942
1957
1972
1976
1989
2001
2013
2024
2041
2072
2082
2080
2063
2055
2039
2031
2027
2012
2005
2002
1996
1986
1973
1977
1981
1993
2010
2018
2015
2012
2023
2024
2039
2067
2081
2076
2081
2077
2100
2110
2107
2122
2123
2141
2154
2152
2171
2181
2183
2157
2144
2132
2124
2127
2112
2095
2080
2078
2074
2075
2073
2080
2074
2081
2079
2079
2064
2045
2043
2030
2018
2018
2019
2011
2023
2043
2061
2075
2091
2111
2119
2131
2141
2138
2145
2139
2141
2134
2153
2180
2189
2190
2187
2195
2193
2185
2186
2173
2176
2175
2176
2162
2151
2150
2157
2144
2137
2142
2148
2169
2139
2118
2125
2119
2119
2107
2103
2114
2119
2118
2118
2102
2108
2120
2130
2127
2138
2136
2143
2127
2111
2099
2087
2071
2059
2062
2061
2061
2057
2051
2046
2043
2050
2039
2034
2034
2032
2043
2048
2063
2067
2088
2111
2104
2120
2118
2121
2117
2125
2122
2120
2107
2091
2065
2058
2042
2033
2023
2012
2020
2034
2027
2027
2026
2047
2069
2083
2079
2078
2071
2065
2053
2042
2026
2022
2027
2031
2037
2032
2026
2011
2014
2022
2014
2009
2011
1998
1984
1971
1971
1964
1984
1987
1995
2007
2016
2024
2035
2050
2085
2101
2103
2109
2096
2110
2105
2102
2097
2092
2085
2095
2086
2074
2045
2040
2006
1965
1941
1928
1930
1939
1963
1990
2008
2024
2028
2037
2065
2061
2059
2049
2017
1994
1974
1972
1964
1956
1947
1946
1971
1994
2010
2029
2041
2052
2060
2056
2037
2042
2053
2042
2019
2023
2025
2029
2033
2035
2030
2044
2068
2084
2091
2089
2087
2084
2074
2063
2058
2053
2033
2017
1999
1992
1991
1981
1980
1981
1993
1993
2010
2022
2025
2023
2031
2019
1995
1980
1967
1936
1925
1913
1908
1904
1917
1928
1945
1943
1943
1946
1952
1965
1970
1982
1986
1995
2012
2029
2028
2030
2045
2051
2035
2027
2022
2015
2020
2026
2023
2018
2021
2017
1999
1986
1972
1975
1955
1927
1910
1896
1880
1863
1879
1890
1895
1894
1881
1869
1870
1865
1839
1842
1831
1819
1833
1853
1876
1899
1901
1922
1929
1949
1953
1963
1982
1980
1979
1983
1983
1989
1989
2005
2022
2034
2033
2025
2016
2027
2050
2059
2056
2059
2061
2062
2071
2064
2071
2077
2075
2044
2027
2018
2014
2013
2001
2003
2001
2002
1988
1987
1982
1965
1943
1932
1920
1914
1913
1913
1915
1933
1950
1958
1956
1976
1995
1991
1997
1999
1981
1971
1960
1959
1958
1973
1975
1981
1979
1985
1947
1931
1920
1912
1919
1916
1923
1927
1915
1892
1893
1883
1873
1875
1872
1852
1858
1853
1842
1837
1837
1833
1833
1842
1847
1868
1884
1906
1938
1949
1957
1948
1953
1952
1945
1949
1955
1948
1940
1925
1912
1891
1874
1869
1861
1857
1855
1861
1857
1855
1872
1881
1897
1920
1930
1927
1929
1930
1937
1926
1919
1890
1892
1872
1875
1873
1882
1881
1909
1919
1929
1949
1956
1950
1947
1940
1929
1919
1914
1913
1898
1886
1897
1903
1890
1891
1910
1914
1915
1909
1902
1903
1898
1916
1949
1958
1961
1964
1972
1994
1982
1981
1966
1967
1978
1991
1999
1999
2013
2006
2004
2005
2015
2004
2006
1994
1995
1980
1953
1935
1935
1935
1942
1942
1950
1963
1966
1956
1950
1947
1927
1906
1903
1894
1879
1875
1884
1894
1891
1915
1924
1947
1945
1951
1963
1976
1986
2029
2050
2057
2079
2089
2097
2101
2119
2122
2125
2120
2115
2111
2114
2103
2099
2103
2099
2093
2077
2079
2068
2051
2037
2013
1999
1999
1973
1973
1967
1950
1955
1966
1971
1985
2009
2027
2039
2042
2053
2051
2069
2067
2067
2082
2079
2084
2084
2092
2093
2089
2075
2088
2085
2080
2073
2089
2088
2096
2109
2118
2114
2137
2146
2151
2143
2144
2133
2122
2120
2115
2117
2123
2129
2136
2152
2143
2127
2121
2121
2125
2115
2089
2056
2048
2037
2005
1990
1985
1990
1971
1963
1951
1944
1954
1970
1967
1987
2012
2016
2022
2021
2013
2014
2011
2010
2016
2019
2037
2061
2068
2060
2050
2055
2058
2056
2054
2054
2071
2083
2092
2089
2097
2102
2110
2107
2111
2127
2147
2161
2178
2191
2196
2191
2194
2195
2191
2197
2200
2192
2174
2172
2177
2172
2168
2166
2180
2167
2152
2135
2121
2117
2125
2139
2130
2146
2156
2159
2178
2189
2190
2176
2169
2161
2159
2143
2134
2127
2117
2120
2124
2116
2129
2138
2161
2169
2180
2205
2217
2192
2162
2146
2125
2108
2100
2094
2089
2104
2113
2138
2164
2185
2185
2184
2182
2169
2155
2154
2153
2149
2132
2139
2142
2135
2138
2125
2127
2118
2110
2093
2084
2069
2063
2051
2045
2041
2049
2044
2040
2030
2042
2051
2056
2073
2075
2082
2079
2094
2109
2109
2116
2122
2120
2109
2113
2121
2110
2096
2084
2075
2091
2089
2084
2105
2117
2119
2123
2105
2100
2093
2105
2110
2113
2111
2119
2118
2133
2133
2140
2156
2180
2184
2184
2173
2177
2186
2196
2217
2212
2218
2202
2202
2178
2173
2162
2163
2134
2123
2144
2155
2177
2187
2198
2206
2215
2214
2222
2229
2217
2208
2185
2181
2187
2180
2184
2181
2191
2189
2194
2183
2167
2156
2146
2153
2167
2164
2160
2167
2184
2188
2187
2180
2170
2150
2146
2126
2113
2106
2110
2104
2102
2090
2090
2115
2109
2135
2151
2168
2181
2187
2182
2172
2166
2155
2145
2142
2133
2151
2170
2191
2211
2222
2216
2200
2199
2208
2204
2215
2234
2236
2232
2232
2227
2224
2214
2195
2172
2158
2152
2152
2160
2165
2159
2165
2157
2155
2158
2140
2135
2132
2132
2114
2113
2108
2110
2112
2112
2112
2133
2145
2132
2140
2119
2107
2082
2062
2043
2031
2023
2020
2000
2015
2036
2066
2095
2126
2145
2146
2142
2139
2126
2116
2105
2095
2100
2101
2115
2109
2115
2126
2123
2114
2117
2114
2112
2103
2101
2088
2071
2059
2062
2065
2060
2071
2085
2114
2128
2152
2166
2180
2173
2184
2186
2204
2187
2172
2158
2162
2152
2156
2149
2140
2122
2115
2117
2107
2093
2087
2096
2115
2114
2118
2121
2115
2119
2119
2115
2111
2119
2119
2115
2114
2119
2119
2132
2130
2134
2132
2125
2106
2104
2110
2092
2095
2084
2078
2083
2091
2100
2120
2142
2164
2162
2172
2184
2182
2178
2183
2178
2188
2190
2170
2148
2114
2095
2076
2074
2079
2082
2076
2087
2086
2097
2098
2119
2123
2129
2121
2130
2125
2127
2122
2108
2101
2089
2080
2069
2055
2052
2059
2065
2074
2083
2087
2095
2104
2119
2113
2114
2103
2090
2083
2067
2060
2042
2029
2009
2018
2025
2022
2002
1982
1978
1972
1973
1969
1965
1950
1934
1927
1917
1911
1917
1916
1905
1919
1927
1935
1942
1935
1926
1925
1923
1919
1911
1911
1895
1897
1902
1905
1916
1943
1974
1969
1975
1982
1986
1983
1978
1975
1982
1981
1996
2016
2027
2043
2052
2068
2052
2035
2012
1983
1971
1951
1937
1947
1958
1990
2014
2049
2051
2058
2076
2098
2108
2120
2138
2139
2128
2142
2147
2140
2139
2138
2135
2126
2136
2115
2117
2113
2119
2109
2103
2116
2114
2114
2120
2125
2142
2144
2138
2139
2133
2146
2139
2129
2114
2103
2094
2095
2083
2061
2050
2056
2060
2066
2076
2085
2098
2092
2090
2090
2091
2083
2063
2048
2037
2031
2005
1985
1952
1933
1927
1922
1921
1924
1923
1938
1963
1981
1996
2016
2026
2043
2061
2066
2074
2083
2079
2079
2089
2110
2105
2087
2087
2077
2069
2078
2065
2067
2057
2051
2040
2046
2062
2075
2079
2073
2069
2081
2080
2074
2080
2065
2055
2039
2029
2018
1998
1983
1978
1988
1996
2014
2035
2052
2071
2092
2108
2127
2123
2125
2129
2131
2122
2119
2115
2126
2124
2135
2139
2147
2127
2106
2089
2065
2046
2030
2004
1982
1985
1993
2008
2023
2051
2069
2089
2115
2121
2130
2135
2136
2124
2102
2104
2089
2055
2015
1992
1977
1959
1941
1935
1910
1904
1911
1938
1967
1978
1984
1987
2014
2033
2054
2073
2084
2093
2091
2105
2100
2111
2104
2089
2089
2101
2101
2097
2097
2083
2066
2071
2075
2066
2066
2056
2055
2066
2073
2067
2066
2063
2068
2050
2044
2039
2046
2067
2078
2088
2090
2100
2122
2143
2163
2160
2148
2159
2157
2163
2150
2132
2115
2116
2119
2123
2131
2156
2176
2180
2171
2178
2186
2197
2206
2213
2224
2209
2215
2192
2196
2195
2175
2161
2154
2141
2121
2117
2118
2104
2090
2077
2046
2045
2039
2043
2061
2073
2094
2109
2137
2147
2148
2152
2141
2143
2156
2173
2185
2184
2194
2195
2198
2196
2187
2197
2205
2193
2187
2184
2187
2182
2181
2200
2214
2202
2200
2211
2226
2224
2216
2202
2183
2174
2176
2169
2156
2156
2152
2156
2147
2158
2166
2177
2187
2197
2193
2190
2156
2145
2136
2121
2117
2119
2123
2118
2129
2134
2138
2131
2121
2111
2123
2113
2092
2103
2109
2108
2102
2094
2085
2071
2079
2071
2061
2039
2031
2021
2021
2005
2015
2014
2018
2028
2033
2048
2062
2077
2088
2100
2096
2111
2122
2129
2104
2099
2093
2086
2075
2085
2103
2108
2124
2142
2139
2148
2151
2159
2162
2155
2147
2136
2123
2136
2145
2158
2158
2157
2164
2160
2164
2162
2159
2157
2169
2168
2154
2142
2138
2127
2117
2109
2112
2101
2035
2014
2020
2025
2028
2026
2029
2029
2040
2035
2041
2048
2041
2027
2020
2033
2034
2041
2018
2013
2008
2011
2003
1997
2001
2008
2007
2016
2039
2050
2068
2082
2092
2087
2085
2062
2065
2070
2072
2062
2065
2061
2059
2046
2022
1987
1967
1951
1929
1905
1907
1935
1976
1999
2013
2033
2052
2063
2088
2099
2103
2091
2086
2076
2066
2054
2044
2039
2028
2022
2008
2005
2000
1987
2004
2004
2002
2003
2002
1996
2005
2018
2016
2034
2023
2015
2017
2016
2012
1990
1982
1978
1983
1988
2000
2031
2055
2073
2079
2065
2038
2011
1999
1981
1959
1941
1922
1920
1918
1938
1947
1959
1965
1977
1987
1968
1983
1989
2006
2012
2018
2015
2019
2004
1995
1993
1991
1993
1984
1977
1971
1963
1950
1946
1954
1950
1953
1962
1955
1964
1966
1975
1986
2014
2031
2052
2076
2096
2092
2110
2111
2106
2100
2093
2096
2095
2092
2100
2101
2089
2095
2111
2122
2132
2150
2152
2146
2142
2124
2114
2115
2112
2112
2103
2111
2130
2123
2118
2145
2159
2176
2175
2174
2169
2167
2173
2192
2205
2226
2231
2231
2231
2228
2236
2227
2230
2231
2220
2218
2216
2215
2198
2177
2181
2169
2163
2150
2155
2157
2156
2164
2167
2168
2164
2167
2168
2162
2169
2186
2183
2174
2170
2169
2165
2154
2133
2124
2120
2118
2127
2132
2138
2137
2136
2138
2124
2123
2120
2116
2107
2097
2100
2121
2127
2124
2122
2129
2142
2142
2139
2126
2130
2114
2097
2085
2071
2060
2055
2055
2065
2059
2069
2064
2058
2059
2068
2069
2069
2060
2060
2039
2011
2003
1987
1990
1984
2000
2008
2013
2028
2052
2067
2063
2068
2075
2081
2083
2086
2084
2098
2084
2076
2074
2074
2067
2071
2063
2063
2067
2063
2048
2070
2076
2077
2067
2072
2082
2084
2082
2070
2064
2059
2062
2057
2072
2071
2070
2073
2080
2093
2100
2084
2065
2073
2070
2056
2051
2043
2050
2045
2029
2016
1999
1971
1962
1965
1972
1988
1993
1997
1980
1989
2006
2023
2033
2037
2022
2010
2000
1997
2002
2004
1992
1994
1986
1987
1985
1986
2002
2000
1999
2001
2032
2045
2051
2038
2043
2056
2057
2060
2054
2055
2048
2047
2041
2036
2045
2043
2033
2043
2049
2060
2063
2076
2085
2103
2116
2119
2124
2114
2107
2096
2093
2088
2100
2086
2087
2088
2098
2094
2077
2072
2076
2079
2067
2060
2064
2070
2078
2065
2064
2075
2078
2081
2079
2063
2055
2025
2010
2003
1995
1980
1975
1990
1991
1992
1987
1989
1990
2016
2031
2052
2056
2065
2062
2070
2088
2097
2116
2120
2118
2119
2121
2129
2133
2116
2122
2118
2132
2128
2134
2136
2146
2138
2141
2145
2138
2119
2118
2105
2109
2110
2109
2117
2115
2121
2137
2139
2139
2143
2138
2145
2149
2163
2174
2179
2158
2154
2141
2148
2162
2164
2153
2142
2125
2116
2120
2099
2104
2096
2127
2140
2138
2143
2147
2164
2181
2174
2187
2194
2190
2179
2169
2158
2140
2119
2106
2092
2071
2058
2047
2057
2052
2064
2052
2072
2087
2101
2122
2128
2147
2146
2153
2140
2135
2132
2101
2097
2089
2091
2092
2106
2118
2133
2135
2126
2129
2120
2104
2106
2097
2081
2078
2062
2046
2043
2038
2036
2029
2010
2005
1989
1978
1976
1968
1977
1979
1967
1955
1953
1964
1966
1972
1975
1990
2017
2046
2073
2088
2099
2115
2134
2129
2108
2106
2097
2096
2091
2078
2070
2074
2067
2073
2063
2060
2071
2067
2075
2070
2079
2100
2092
2086
2078
2079
2074
2075
2082
2079
2078
2077
2065
2053
2029
2009
2003
2019
2035
2056
2066
2081
2084
2089
2095
2107
2109
2107
2099
2074
2051
2038
2049
2051
2065
2084
2096
2105
2107
2104
2123
2124
2110
2093
2088
2085
2074
2068
2062
2066
2087
2097
2111
2119
2114
2126
2144
2148
2154
2155
2166
2181
2179
2182
2170
2173
2162
2155
2136
2113
2098
2085
2077
2076
2070
2065
2061
2078
2097
2111
2114
2108
2106
2096
2087
2074
2078
2073
2074
2057
2060
2055
2059
2059
2062
2048
2047
2039
2046
2055
2067
2078
2078
2082
2083
2105
2115
2135
2140
2133
2131
2127
2125
2117
2116
2109
2097
2085
2069
2061
2053
2040
2026
2003
1987
1989
1995
1989
1993
1999
2028
2045
2077
2107
2131
2136
2137
2150
2151
2161
2168
2168
2162
2151
2147
2146
2142
2125
2117
2115
2118
2119
2114
2133
2141
2141
2144
2152
2154
2165
2170
2184
2186
2189
2185
2186
2178
2171
2151
2154
2158
2162
2167
2164
2168
2166
2167
2150
2143
2129
2115
2092
2061
2044
2014
2005
1992
1985
1983
1970
1986
2002
2010
2034
2049
2066
2078
2097
2095
2094
2100
2112
2121
2118
2120
2118
2114
2110
2103
2097
2076
2066
2081
2091
2098
2097
2108
2108
2119
2121
2115
2107
2106
2097
2088
2070
2071
2085
2087
2102
2118
2134
2145
2160
2173
2170
2156
2156
2166
2142
2137
2151
2157
2147
2136
2114
2107
2103
2102
2102
2093
2091
2081
2065
2048
2033
2013
2015
2007
2012
2022
2028
2032
2043
2050
2064
2084
2106
2126
2128
2128
2127
2111
2107
2102
2104
2106
2108
2122
2116
2111
2114
2120
2116
2118
2118
2109
2087
2092
2064
2067
2068
2082
2104
2111
2089
2084
2070
2049
2012
1998
1979
1980
1984
1990
2002
2013
2035
2064
2106
2116
2123
2115
2115
2091
2066
2042
2014
2000
1988
1991
1996
1989
2005
2016
2030
2042
2045
2041
2019
1997
1986
1982
1956
1950
1951
1980
1992
2010
2005
2015
2008
2013
2008
2020
2035
2045
2054
2066
2079
2095
2098
2095
2074
2060
2040
2026
2016
2009
2010
2023
2022
2024
2035
2033
2051
2056
2059
2049
2054
2050
2050
2048
2035
2046
2031
2022
2015
2006
1975
1944
1916
1903
1890
1862
1849
1851
1855
1864
1862
1875
1872
1881
1892
1889
1886
1871
1869
1849
1843
1842
1825
1824
1814
1791
1779
1763
1750
1730
1726
1739
1751
1761
1771
1793
1813
1810
1822
1822
1831
1847
1853
1851
1855
1857
1863
1865
1863
1842
1838
1837
1824
1812
1817
1827
1837
1859
1852
1857
1858
1871
1888
1899
1913
1923
1957
1969
1970
1971
1977
1969
1971
1967
1950
1935
1922
1899
1883
1879
1874
1893
1910
1919
1924
1939
1951
1952
1959
1961
1972
1977
1980
1959
1943
1941
1938
1921
1923
1911
1891
1879
1869
1866
1855
1848
1843
1845
1827
1823
1842
1869
1887
1910
1913
1915
1934
1949
1942
1944
1931
1904
1867
1849
1815
1788
1780
1775
1777
1781
1785
1796
1811
1831
1850
1860
1879
1887
1929
1948
1967
1955
1957
1965
1965
1972
1991
1988
1999
2002
2008
2007
2001
1984
1987
1996
2006
2018
2029
2038
2046
2058
2069
2071
2053
2041
2033
2036
2037
2045
2062
2074
2071
2080
2075
2073
2071
2050
2040
2028
2025
2011
2024
2036
2043
2050
2057
2077
2094
2101
2111
2099
2090
2070
2055
2032
2017
2011
2008
2009
2007
2021
2034
2055
2063
2078
2083
2077
2077
2078
2065
2071
2060
2054
2042
2026
2034
2011
1999
2002
1983
1973
1962
1952
1927
1907
1887
1895
1899
1906
1917
1939
1950
1975
1991
1981
1971
1959
1957
1962
1961
1960
1979
2010
2026
2046
2049
2051
2071
2069
2070
2072
2066
2070
2076
2060
2053
2040
2031
2023
2013
2000
1986
1974
1956
1948
1914
1920
1910
1906
1899
1882
1870
1864
1852
1845
1829
1825
1834
1844
1830
1847
1879
1900
1919
1915
1907
1894
1910
1917
1925
1922
1920
1920
1931
1935
1944
1952
1945
1945
1944
1941
1924
1919
1923
1932
1930
1941
1928
1915
1918
1924
1926
1931
1932
1935
1932
1934
1922
1922
1897
1881
1869
1871
1877
1889
1921
1941
1962
1974
1988
1999
1997
1974
1967
1964
1962
1950
1949
1935
1924
1929
1931
1943
1936
1930
1906
1891
1858
1835
1809
1791
1774
1769
1777
1787
1774
1766
1777
1800
1811
1839
1861
1883
1875
1883
1910
1924
1934
1935
1935
1915
1895
1873
1864
1856
1845
1827
1826
1832
1842
1856
1875
1885
1902
1922
1946
1947
1935
1933
1925
1905
1892
1886
1883
1874
1874
1887
1901
1913
1925
1940
1961
1963
1955
1941
1919
1908
1894
1876
1871
1868
1884
1895
1888
1889
1884
1876
1873
1862
1867
1881
1897
1909
1927
1939
1951
1961
1971
1975
1970
1950
1931
1929
1931
1951
1944
1950
1948
1956
1983
1999
1998
1988
1972
1958
1930
1921
1900
1880
1877
1867
1868
1884
1914
1938
1955
1965
1989
1994
1996
2006
2021
2028
2039
2049
2069
2078
2081
2095
2102
2103
2085
2087
2066
2056
2038
2035
2022
2010
2011
2024
2033
2038
2034
2029
2031
2040
2055
2058
2099
2118
2125
2151
2144
2125
2104
2078
2065
2049
2010
1997
1990
1989
2007
2037
2059
2070
2080
2089
2107
2111
2119
2111
2124
2120
2128
2134
2155
2168
2186
2198
2234
2227
2219
2209
2215
2218
2204
2206
2203
2203
2196
2198
2202
2193
2183
2169
2165
2166
2165
2180
2166
2175
2162
2147
2135
2149
2129
2126
2133
2142
2154
2173
2191
2217
2220
2230
2237
2229
2234
2234
2239
2234
2227
2216
2202
2196
2203
2191
2178
2170
2174
2164
2151
2131
2132
2140
2154
2161
2158
2166
2177
2183
2178
2179
2169
2172
2156
2161
2147
2128
2133
2144
2170
2192
2191
2188
2211
2210
2190
2180
2164
2157
2137
2130
2129
2115
2110
2097
2072
2054
2040
2045
2055
2058
2066
2084
2100
2116
2127
2143
2138
2138
2136
2141
2137
2134
2131
2126
2133
2152
2156
2149
2151
2158
2149
2147
2140
2130
2134
2130
2146
2139
2138
2154
2169
2171
2195
2207
2196
2223
2222
2210
2208
2202
2190
2178
2182
2182
2199
2195
2188
2202
2204
2191
2184
2187
2159
2147
2127
2122
2130
2115
2112
2117
2117
2099
2087
2070
2067
2069
2072
2066
2079
2077
2093
2082
2074
2067
2051
2063
2053
2053
2057
2043
2036
2049
2059
2054
2058
2045
2028
2025
2030
2037
2039
2040
2039
2040
2045
2048
2040
2033
2019
2022
2014
2014
2024
2022
2020
2015
2036
2037
2029
2017
2010
2014
2021
2024
2039
2049
2049
2055
2063
2066
2072
2081
2098
2110
2123
2127
2120
2117
2107
2093
2104
2103
2091
2081
2063
2064
2068
2088
2102
2102
2093
2077
2080
2068
2054
2046
2030
2023
2016
1999
1990
1979
1963
1957
1959
1943
1938
1923
1915
1917
1919
1910
1892
1888
1889
1899
1920
1942
1956
1970
1983
1993
2003
2001
2013
2024
2027
2024
1999
1981
1958
1918
1898
1879
1862
1852
1838
1842
1845
1856
1879
1900
1901
1910
1930
1951
1959
1974
1990
1991
1987
1980
1971
1988
2007
2027
2039
2052
2059
2063
2090
2089
2096
2086
2086
2081
2086
2068
2086
2097
2119
2127
2146
2154
2168
2176
2170
2166
2150
2146
2147
2151
2135
2136
2132
2134
2137
2130
2130
2137
2126
2130
2105
2086
2063
2048
2053
2055
2053
2059
2060
2057
2058
2072
2076
2083
2077
2074
2070
2070
2067
2086
2116
2116
2106
2110
2135
2150
2157
2153
2160
2166
2180
2187
2192
2198
2197
2207
2206
2211
2198
2198
2192
2201
2193
2210
2218
2239
2256
2261
2266
2262
2262
2264
2262
2252
2235
2226
2218
2212
2205
2195
2197
2203
2208
2196
2186
2186
2190
2191
2197
2196
2200
2210
2201
2209
2219
2216
2210
2196
2190
2186
2203
2198
2186
2179
2184
2192
2182
2178
2177
2184
2185
2201
2197
2204
2227
2240
2248
2258
2260
2261
2288
2292
2287
2286
2284
2271
2248
2241
2234
2249
2249
2229
2223
2215
2223
2222
2233
2239
2239
2243
2247
2236
2206
2186
2173
2149
2152
2162
2174
2187
2192
2192
2208
2219
2202
2196
2227
2231
2228
2217
2206
2198
2200
2173
2161
2163
2173
2189
2208
2208
2224
2237
2236
2260
2261
2256
2243
2236
2237
2238
2239
2226
2227
2220
2220
2224
2214
2205
2212
2204
2183
2160
2154
2130
2124
2119
2120
2118
2130
2153
2174
2171
2175
2169
2157
2164
2165
2154
2131
2114
2105
2091
2067
2049
2030
2031
2030
2048
2068
2079
2106
2114
2118
2126
2142
2151
2134
2127
2100
2094
2079
2057
2046
2035
2024
2006
2012
2008
2016
2019
2020
2020
2037
2034
2041
2045
2067
2079
2092
2101
2104
2100
2114
2128
2139
2140
2136
2144
2144
2123
2092
2090
2080
2076
2072
2062
2065
2063
2078
2099
2105
2105
2125
2140
2139
2150
2160
2169
2179
2171
2174
2165
2154
2145
2159
2159
2173
2179
2178
2188
2194
2196
2204
2211
2215
2223
2226
2239
2242
2250
2259
2252
2241
2226
2208
2190
2178
2177
2184
2171
2142
2145
2154
2166
2176
2180
2187
2173
2168
2165
2164
2182
2197
2206
2228
2231
2230
2223
2231
2232
2224
2212
2203
2195
2201
2203
2186
2177
2173
2172
2151
2146
2137
2133
2137
2162
2166
2162
2160
2152
2163
2159
2157
2166
2178
2180
2187
2175
2167
2153
2139
2113
2099
2087
2079
2090
2087
2098
2107
2114
2116
2121
2124
2126
2128
2128
2115
2108
2108
2126
2143
2151
2148
2152
2147
2161
2149
2149
2132
2104
2083
2077
2096
2084
2093
2092
2117
2131
2145
2151
2170
2173
2187
2181
2198
2193
2191
2183
2173
2158
2155
2145
2154
2153
2159
2160
2173
2177
2190
2197
2214
2192
2195
2196
2189
2202
2178
2175
2173
2163
2149
2145
2143
2132
2132
2140
2151
2163
2148
2152
2152
2152
2146
2141
2134
2108
2097
2082
2086
2088
2107
2097
2099
2104
2108
2115
2131
2137
2131
2140
2127
2118
2115
2107
2088
2089
2091
2097
2114
2115
2119
2117
2111
2105
2091
2093
2091
2085
2093
2089
2092
2099
2092
2099
2094
2092
2077
2083
2095
2108
2117
2126
2132
2129
2137
2143
2146
2145
2132
2119
2107
2083
2082
2073
2074
2079
2082
2095
2110
2133
2143
2155
2174
2181
2194
2194
2204
2193
2196
2187
2195
2212
2205
2186
2186
2165
2142
2124
2104
2097
2086
2075
2080
2093
2097
2093
2102
2111
2118
2111
2111
2113
2118
2120
2119
2114
2103
2082
2072
2083
2089
2099
2115
2137
2144
2134
2139
2135
2132
2132
2131
2144
2165
2174
2184
2191
2190
2196
2212
2220
2218
2212
2216
2221
2211
2230
2233
2241
2256
2260
2259
2247
2243
2234
2224
2234
2233
2238
2245
2251
2252
2252
2251
2241
2239
2230
2222
2214
2214
2211
2219
2203
2210
2228
2250
2248
2247
2247
2254
2259
2246
2231
2216
2210
2204
2228
2233
2242
2246
2260
2252
2246
2238
2237
2226
2223
2223
2208
2182
2189
2173
2159
2157
2159
2145
2144
2137
2133
2138
2131
2122
2127
2131
2123
2135
2157
2187
2202
2212
2213
2215
2224
2232
2225
2214
2212
2207
2200
2181
2160
2139
2131
2131
2142
2133
2134
2127
2127
2136
2121
2107
2090
2076
2045
2028
2016
2000
2000
1997
1976
1971
1968
1954
1961
1968
1973
1980
1989
2000
2003
2030
2040
2061
2084
2088
2096
2109
2127
2146
2148
2141
2141
2125
2112
2115
2112
2111
2103
2095
2087
2057
2043
2040
2028
2046
2053
2056
2046
2038
2036
2024
2001
1976
1960
1932
1939
1932
1917
1897
1909
1915
1930
1943
1931
1926
1928
1932
1925
1903
1881
1853
1841
1841
1844
1853
1871
1895
1910
1918
1920
1935
1928
1939
1952
1949
1936
1943
1936
1932
1912
1911
1925
1936
1920
1922
1917
1912
1938
1941
1931
1920
1932
1922
1917
1912
1897
1864
1858
1853
1849
1854
1849
1853
1847
1830
1808
1787
1768
1748
1725
1715
1703
1696
1699
1713
1720
1746
1753
1767
1775
1782
1773
1784
1794
1804
1827
1833
1827
1827
1815
1806
1797
1769
1759
1737
1722
1718
1714
1706
1718
1740
1755
1740
1739
1723
1695
1669
1645
1636
1634
1635
1666
1690
1719
1762
1804
1840
1858
1853
1851
1835
1843
1857
1845
1831
1822
1802
1790
1792
1775
1764
1765
1783
1781
1799
1805
1823
1833
1837
1841
1825
1814
1820
1827
1828
1847
1867
1874
1895
1903
1909
1915
1917
1920
1924
1927
1904
1879
1849
1824
1814
1804
1785
1768
1767
1785
1797
1825
1839
1859
1859
1885
1900
1908
1894
1885
1882
1881
1862
1859
1844
1830
1811
1781
1768
1753
1732
1722
1705
1706
1713
1712
1704
1702
1717
1734
1781
1823
1834
1839
1850
1842
1826
1799
1780
1758
1737
1719
1698
1683
1672
1679
1705
1732
1747
1766
1755
1762
1753
1757
1755
1753
1746
1733
1712
1708
1687
1661
1644
1649
1653
1652
1668
1676
1699
1710
1741
1757
1779
1784
1810
1823
1834
1830
1840
1834
1825
1823
1815
1795
1783
1780
1785
1809
1818
1826
1842
1864
1871
1889
1899
1914
1914
1917
1898
1888
1886
1889
1884
1887
1890
1906
1932
1958
1967
1972
1983
1999
2009
2003
2008
2014
2030
2037
2045
2062
2067
2069
2055
2052
2034
2020
2015
2006
2001
1992
1987
1987
1978
1992
2020
2039
2041
2052
2059
2069
2068
2081
2101
2114
2130
2131
2124
2134
2136
2122
2100
2095
2075
2067
2064
2048
2026
2004
2001
2002
1988
1988
1989
2008
2017
2013
2022
2014
2018
2020
2024
2021
2008
2020
2025
2048
2078
2095
2107
2114
2129
2135
2136
2134
2115
2113
2112
2115
2112
2107
2096
2103
2114
2125
2137
2149
2156
2156
2166
2181
2198
2195
2198
2216
2207
2198
2200
2196
2190
2179
2162
2152
2153
2139
2126
2127
2117
2100
2067
2057
2043
2033
2031
2025
2023
2041
2074
2108
2120
2124
2113
2107
2095
2085
2062
2044
2031
2020
2029
2037
2039
2033
2023
2014
2004
1992
1989
1991
1989
1980
1993
1996
2007
2002
2020
2035
2037
2035
2023
2021
2025
2043
2049
2047
2043
2042
2048
2054
2057
2063
2050
2045
2041
2037
2035
2039
2033
2042
2045
2057
2051
2048
2060
2071
2082
2096
2101
2105
2117
2121
2130
2129
2133
2140
2143
2145
2142
2141
2149
2153
2164
2161
2166
2174
2172
2176
2170
2160
2158
2155
2138
2130
2115
2120
2130
2141
2136
2131
2128
2131
2147
2153
2163
2170
2159
2157
2145
2141
2133
2136
2136
2136
2114
2098
2091
2085
2063
2042
2041
2053
2057
2049
2054
2044
2040
2042
2051
2051
2043
2035
2048
2058
2058
2069
2081
2095
2115
2134
2124
2121
2114
2107
2102
2077
2062
2050
2041
5835
2304
2295
2299
2290
2271
2248
2221
2187
2153
2103
2078
2095
2114
2154
2198
2240
2281
2325
2352
2352
2319
2295
2267
2241
2212
2200
2221
2234
2244
2231
2198
2155
2125
2089
2059
2041
2031
2047
2075
2115
2149
2203
2271
2292
2279
2255
2227
2187
2166
2147
2134
2141
2167
2198
2221
2235
2253
2244
2242
2227
2217
2215
2227
2238
2259
2280
2305
2316
2336
2354
2375
2360
2363
2359
2351
2337
2316
2307
2266
2238
2196
2159
2157
2152
2153
2166
2171
2193
2206
2215
2208
2194
2176
2192
2204
2230
2246
2261
2260
2268
2279
2294
2288
2266
2234
2205
2150
2115
2102
2115
2146
2178
2234
2242
2245
2198
2162
2106
2066
2005
1973
1928
1905
1905
1901
1914
1955
1980
2009
2017
1997
1983
1973
1999
2031
2076
2104
2118
2122
2147
2140
2155
2145
2120
2071
2046
2010
1999
1991
2004
2030
2051
2036
1999
1906
1811
1753
1686
1635
1583
1589
1618
1655
1697
1743
1755
1755
1729
1731
1711
1702
1672
1697
1738
1810
1885
1945
1960
1945
1935
1932
1924
1922
1896
1862
1855
1886
1911
1910
1916
1937
1965
1992
2031
2045
2005
1971
1974
1970
1964
1945
1920
1864
1819
1776
1727
1686
1660
1689
1743
1848
1917
1983
2008
2062
2101
2141
2138
2158
2171
2170
2160
2157
2170
2203
2242
2278
2275
2281
2279
2278
2279
2258
2233
2206
2175
2143
2115
2089
2082
2113
2147
2195
2262
2303
2336
2334
2336
2303
2265
2200
2158
2094
2071
2060
2059
2038
2015
1992
1996
2002
2020
2052
2092
2142
2186
2237
2264
2263
2230
2212
2198
2198
2193
2187
2177
2188
2203
2222
2220
2224
2224
2250
2255
2273
2266
2251
2229
2205
2177
2145
2142
2134
2134
2147
2154
2131
2121
2130
2154
2188
2214
2238
2251
2245
2240
2250
2278
2275
2254
2224
2190
2159
2136
2115
2118
2117
2131
2136
2165
2190
2231
2258
2282
2290
2280
2263
2244
2243
2246
2265
2254
2205
2153
2091
2033
1982
1961
1939
1935
1905
1885
1882
1878
1894
1910
1935
1971
2013
2019
2001
1976
1976
1985
1996
2015
2034
2078
2125
2154
2150
2126
2103
2067
2043
2030
2019
1992
1953
1935
1945
1957
1962
1978
2008
2043
2065
2081
2060
2004
1937
1871
1829
1806
1811
1841
1887
1917
1935
1965
1994
2001
1974
1974
1987
1995
1996
1978
1940
1909
1875
1830
1779
1754
1755
1791
1836
1871
1931
1994
2090
2137
2192
2228
2277
2297
2308
2313
2318
2321
2333
2332
2345
2330
2319
2300
2299
2302
2280
2246
2242
2231
2208
2194
2202
2207
2201
2226
2241
2279
2288
2296
2295
2309
2300
2308
2294
2265
2240
2215
2167
2117
2070
2029
1988
1944
1894
1881
1904
1919
1943
1964
1986
2015
2035
2055
2086
2090
2103
2082
2075
2061
2066
2053
2051
2058
2067
2073
2099
2108
2113
2113
2127
2140
2139
2134
2104
2051
2012
1982
1949
1956
1961
1996
2012
2058
2073
2097
2093
2100
2097
2108
2120
2135
2143
2152
2153
2170
2179
2205
2230
2221
2218
2186
2167
2146
2139
2155
2179
2181
2164
2099
2022
1969
1939
1907
1878
1865
1874
1905
1935
1959
1977
1979
1948
1890
1833
1795
1766
1757
1751
1778
1820
1853
1883
1924
1978
2037
2091
2127
2169
2200
2210
2221
2239
2239
2252
2277
2275
2275
2266
2263
2281
2288
2320
2318
2319
2312
2292
2269
2241
2219
2205
2206
2205
2205
2183
2143
2078
2039
2000
1989
1977
1967
1969
1970
1991
2024
2058
2072
2051
2039
2045
2050
2057
2077
2094
2107
2112
2108
2108
2118
2168
2198
2212
2189
2159
2123
2103
2044
1998
1974
1953
1941
1915
1887
1876
1878
1859
1882
1896
1900
1871
1810
1739
1661
1583
1546
1519
1515
1539
1575
1625
1689
1763
1825
1879
1924
1971
1996
2014
2021
2039
2024
2027
2002
1979
1939
1930
1911
1901
1885
1886
1891
1913
1967
2045
2093
2109
2097
2077
2059
2062
2084
2106
2131
2151
2175
2198
2230
2234
2227
2181
2122
2082
2060
2055
2068
2092
2120
2142
2164
2159
2140
2117
2081
2051
2027
1994
1967
1957
1936
1931
1923
1953
1947
1940
1922
1934
1932
1939
1942
1938
1916
1917
1903
1908
1914
1942
1946
1973
1991
2008
2031
2048
2048
2027
2023
2024
2008
1973
1940
1905
1922
1948
1991
2017
2040
2045
2056
2020
2003
1987
1964
1940
1928
1922
1925
1926
1969
2023
2093
2160
2198
2235
2243
2261
2275
2278
2267
2243
2226
2191
2171
2169
2179
2178
2182
2163
2132
2094
2066
2042
2043
2060
2082
2093
2114
2149
2186
2227
2246
2269
2279
2311
2326
2344
2339
2342
2330
2318
2319
2326
2322
2306
2278
2210
2161
2093
2039
1995
1974
1950
1972
2020
2080
2129
2166
2186
2237
2275
2306
2330
2332
2330
2307
2308
2290
2261
2215
2164
2087
2034
1977
1945
1911
1896
1885
1894
1919
1959
1990
2005
2000
1982
1959
1901
1841
1787
1754
1732
1743
1772
1826
1913
1974
1992
2029
2068
2103
2125
2150
2166
2173
2175
2177
2189
2207
2213
2213
2207
2204
2206
2194
2191
2161
2166
2149
2135
2131
2148
2146
2158
2168
2194
2180
2179
2183
2186
2212
2236
2265
2254
2236
2200
2202
2154
2112
2082
2065
2062
2065
2057
2054
2061
2073
2078
2078
2078
2069
2057
2037
2012
1983
1969
1966
1986
2008
2039
2019
2023
2025
2001
1965
1950
1931
1903
1879
1873
1871
1852
1838
1815
1810
1790
1784
1774
1751
1729
1722
1769
1815
1858
1880
1884
1862
1854
1870
1891
1897
1912
1911
1900
1900
1881
1858
1841
1832
1804
1775
1735
1724
1735
1732
1709
1701
1679
1675
1663
1645
1626
1629
1635
1649
1666
1693
1732
1758
1767
1781
1807
1827
1856
1871
1887
1899
1929
1928
1922
1896
1845
1809
1774
1748
1742
1754
1791
1828
1849
1859
1833
1792
1748
1747
1749
1791
1871
1965
2020
2051
2069
2065
2054
2031
1974
1941
1926
1915
1893
1902
1939
1961
1974
1964
1977
1987
2013
2018
2042
2035
2061
2060
2071
2095
2133
2147
2147
2166
2167
2172
2132
2073
2006
1951
1901
1863
1837
1839
1821
1818
1811
1835
1842
1864
1898
1914
1934
1933
1905
1877
1862
1830
1820
1822
1824
1833
1871
1882
1894
1888
1867
1848
1847
1862
1903
1943
1975
2006
2012
2029
2040
2051
2065
2085
2111
2126
2168
2196
2219
2240
2272
2287
2310
2310
2306
2285
2273
2271
2278
2281
2279
2255
2239
2200
2166
2134
2098
2078
2043
2001
1960
1925
1900
1916
1935
1963
1967
1988
2012
2045
2042
2027
2005
2001
2016
2041
2046
2034
2021
1983
1961
1939
1923
1903
1913
1923
1905
1856
1831
1819
1818
1789
1760
1752
1776
1842
1900
1918
1908
1902
1885
1860
1811
1764
1707
1670
1635
1658
1678
1711
1770
1846
1883
1912
1956
2034
2109
2143
2158
2134
2110
2058
2010
1970
1895
1833
1766
1707
1686
1665
1677
1700
1729
1726
1729
1731
1749
1761
1764
1789
1847
1892
1923
1945
1960
1979
1975
1983
1975
1927
1869
1836
1808
1794
1803
1816
1839
1865
1900
1953
2020
2066
2083
2075
2022
1946
1882
1840
1821
1834
1855
1869
1872
1877
1873
1872
1872
1870
1856
1873
1898
1924
1951
1988
2033
2095
2135
2161
2183
2183
2181
2145
2106
2036
1994
1969
1963
1951
1952
1934
1939
1936
1942
1947
1975
2001
2023
2039
2038
2057
2063
2113
2141
2164
2172
2189
2196
2219
2212
2222
2256
2291
2329
2352
2370
2370
2359
2343
2291
2232
2180
2135
2119
2085
2051
2024
2024
2029
2043
2037
2057
2061
2092
2086
2073
2048
2008
1984
1947
1919
1900
1907
1933
1971
2006
2056
2103
2171
2221
2263
2264
2266
2260
2254
2245
2257
2283
2316
2343
2341
2337
2334
2352
2338
2318
2298
2286
2285
2288
2275
2246
2210
2174
2146
2158
2182
2211
2229
2218
2164
2119
2108
2079
2061
2054
2053
2069
2066
2072
2087
2095
2131
2166
2179
2182
2191
2183
2176
2136
2092
2039
1994
1956
1945
1935
1931
1949
1948
1960
1949
1947
1933
1913
1877
1854
1893
1935
1982
2051
2099
2152
2184
2216
2199
2182
2190
2202
2202
2203
2181
2108
2057
1984
1907
1848
1831
1827
1857
1866
1883
1892
1929
1976
2035
2057
2086
2089
2091
2082
2037
1987
1958
1930
1919
1921
1912
1942
1961
1962
1933
1949
1949
1954
1948
1943
1923
1894
1865
1881
1899
1934
1951
1979
2006
2035
2058
2090
2136
2184
2229
2244
2263
2236
2219
2194
2186
2167
2155
2135
2134
2115
2045
1955
1890
1819
1753
1714
1680
1681
1711
1784
1866
1967
2019
2067
2073
2092
2091
2074
2026
1967
1897
1840
1807
1781
1772
1807
1855
1923
1969
2008
2057
2085
2124
2120
2104
2079
2061
2040
2021
2004
1984
1969
1970
2009
2036
2064
2087
2112
2162
2186
2179
2153
2145
2128
2101
2047
2008
1978
1944
1900
1856
1825
1832
1865
1901
1935
1970
1992
2006
2025
2025
2018
1993
1938
1867
1798
1748
1726
1711
1716
1723
1754
1782
1808
1829
1843
1851
1866
1898
1938
1975
2029
2066
2078
2105
2101
2099
2088
2095
2077
2077
2043
2011
2007
2024
2020
2027
2024
2012
1984
1939
1899
1863
1817
1777
1745
1708
1691
1675
1701
1706
1725
1715
1713
1701
1672
1629
1594
1581
1570
1583
1636
1712
1763
1817
1847
1905
1946
1984
1987
2009
2013
2022
2008
1997
1984
1999
2025
2039
2048
2075
2080
2076
2073
2085
2113
2115
2121
2109
2095
2105
2116
2127
2147
2114
2079
2039
1985
1951
1950
1952
1955
1949
1930
1920
1890
1857
1823
1791
1747
1729
1722
1721
1718
1735
1765
1793
1839
1883
1922
1963
1989
1986
1973
1935
1891
1871
1844
1848
1875
1898
1909
1919
1906
1886
1843
1816
1774
1779
1771
1794
1816
1800
1764
1733
1699
1669
1649
1657
1645
1633
1633
1630
1628
1623
1617
1618
1649
1693
1754
1799
1865
1904
1947
1959
1977
1982
1960
1921
1909
1888
1893
1887
1867
1843
1780
1728
1675
1657
1653
1667
1639
1637
1651
1702
1737
1787
1826
1837
1853
1875
1888
1901
1895
1863
1826
1785
1731
1685
1690
1690
1731
1752
1789
1829
1901
1933
1956
1939
1931
1894
1874
1846
1814
1786
1760
1766
1783
1786
1777
1790
1807
1822
1821
1821
1794
1792
1818
1874
1916
1953
1963
1971
1962
1951
1954
1950
1943
1962
1960
1978
1993
1997
2010
2005
2031
2040
2049
2043
2011
1957
1918
1882
1827
1795
1779
1792
1813
1845
1882
1912
1906
1901
1886
1847
1792
1770
1765
1741
1733
1738
1743
1757
1783
1824
1870
1905
1943
1974
1991
2035
2075
2118
2173
2224
2260
2298
2318
2344
2341
2338
2344
2328
2300
2255
2238
2226
2199
2178
2165
2144
2125
2100
2073
2012
1944
1891
1863
1855
1842
1809
1799
1771
1795
1834
1908
1965
2045
2077
2083
2062
2070
2088
2130
2163
2171
2185
2184
2202
2209
2193
2177
2166
2140
2137
2125
2107
2083
2102
2116
2166
2192
2220
2228
2259
2261
2271
2244
2208
2158
2131
2136
2148
2164
2181
2217
2223
2239
2222
2218
2197
2171
2138
2081
2022
1948
1937
1927
1896
1878
1859
1852
1826
1790
1768
1763
1796
1836
1895
1947
1996
2006
2009
2005
2003
1990
1992
1994
2026
2050
2094
2121
2112
2088
2068
2047
2039
2052
2066
2080
2083
2106
2131
2167
2183
2182
2173
2174
2197
2239
2288
2326
2365
2396
2410
2403
2404
2388
2364
2342
2330
2300
2277
2264
2265
2278
2272
2263
2253
2214
2171
2129
2091
2102
2112
2135
2148
2189
2208
2232
2266
2289
2288
2263
2225
2181
2163
2127
2089
2063
2063
2076
2100
2141
2184
2211
2244
2266
2287
2302
2290
2243
2178
2132
2086
2071
2076
2077
2088
2119
2161
2217
2270
2300
2297
2297
2260
2216
2176
2161
2170
2165
2161
2181
2171
2147
2124
2108
2101
2072
2051
2034
1997
1927
1902
1899
1937
1963
1988
1988
1974
1959
1962
1974
1991
2028
2082
2129
2157
2191
2209
2202
2177
2163
2152
2154
2148
2154
2136
2117
2085
2084
2088
2100
2136
2186
2199
2190
2181
2147
2138
2130
2144
2175
2187
2182
2185
2190
2214
2235
2264
2293
2314
2326
2324
2307
2299
2320
2336
2369
2380
2369
2342
2316
2257
2213
2176
2169
2157
2158
2168
2210
2261
2310
2342
2378
2401
2404
2386
2357
2326
2295
2270
2276
2284
2266
2263
2260
2279
2278
2263
2223
2188
2171
2177
2173
2182
2191
2218
2262
2291
2287
2272
2234
2193
2158
2126
2100
2089
2096
2069
2035
2023
2027
2050
2095
2135
2177
2227
2286
2320
2309
2280
2232
2213
2182
2156
2154
2168
2221
2279
2337
2381
2374
2355
2341
2330
2334
2328
2350
2371
2378
2398
2410
2392
2363
2320
2279
2236
2208
2186
2192
2190
2191
2205
2199
2202
2199
2212
2192
2176
2157
2137
2103
2098
2091
2111
2104
2119
2152
2191
2208
2203
2194
2147
2106
2040
1999
1933
1886
1871
1888
1911
1976
2042
2123
2202
2282
2304
2290
2263
2230
2182
2145
2134
2150
2164
2160
2163
2162
2168
2162
2181
2187
2178
2173
2169
2141
2103
2065
2052
2027
2016
2015
2032
2069
2131
2188
2255
2333
2364
2381
2389
2404
2382
2382
2337
2290
2225
2194
2183
2190
2193
2182
2157
2118
2108
2083
2089
2097
2114
2130
2150
2155
2144
2132
2138
2133
2141
2131
2140
2143
2143
2138
2141
2160
2187
2189
2208
2209
2181
2142
2104
2071
2048
2050
2045
2051
2078
2119
2162
2196
2232
2276
2291
2314
2322
2336
2333
2329
2314
2312
2292
2229
2147
2067
2008
1966
1961
1971
1994
2022
2053
2049
2072
2080
2085
2091
2114
2114
2114
2104
2107
2091
2076
2051
2023
2004
1980
1967
1980
1995
2024
2048
2065
2093
2124
2131
2143
2151
2151
2110
2073
2006
1959
1926
1895
1897
1920
1944
1960
1958
1904
1855
1813
1777
1770
1790
1789
1771
1747
1722
1718
1710
1681
1664
1667
1735
1787
1819
1819
1811
1806
1797
1777
1743
1719
1698
1711
1717
1737
1761
1823
1881
1936
1945
1948
1946
1964
1961
1952
1931
1946
1954
1979
2036
2082
2143
2186
2193
2114
2030
1956
1900
1850
1815
1794
1821
1881
1982
2073
2141
2169
2212
2238
2280
2303
2313
2336
2351
2331
2310
2287
2257
2249
2236
2221
2183
2182
2157
2138
2117
2125
2139
2159
2156
2155
2166
2187
2191
2210
2227
2229
2225
2217
2220
2216
2207
2155
2114
2061
2053
2037
2010
1987
1992
2010
2037
2063
2112
2136
2143
2120
2096
2086
2046
2011
1971
1928
1879
1836
1797
1745
1678
1641
1620
1632
1668
1727
1806
1875
1931
1986
2039
2073
2117
2145
2173
2159
2166
2165
2179
2182
2194
2181
2171
2168
2157
2120
2107
2091
2099
2080
2054
2054
2046
2066
2081
2091
2110
2124
2137
2141
2124
2112
2059
2017
1986
1955
1897
1865
1849
1860
1902
1933
1965
2006
2065
2125
2191
2241
2280
2279
2259
2235
2224
2215
2222
2222
2240
2252
2276
2279
2255
2208
2147
2076
2007
1934
1872
1831
1811
1820
1860
1931
1995
2068
2138
2190
2248
2286
2299
2311
2278
2225
2166
2106
1992
1923
1873
1831
1776
1720
1683
1645
1633
1644
1685
1750
1801
1841
1895
1965
2045
2116
2185
2237
2259
2267
2242
2240
2208
2178
2150
2127
2116
2115
2121
2136
2158
2145
2128
2088
2077
2061
2046
2011
2005
2006
2018
2024
2055
2044
2035
2007
2014
2017
2034
2069
2102
2145
2173
2209
2266
2311
2297
2286
2265
2274
2258
2244
2210
2184
2154
2148
2149
2181
2215
2283
2322
2363
2363
2356
2355
2342
2355
2358
2354
2341
2332
2312
2298
2263
2239
2226
2205
2152
2096
2063
2035
1994
1967
1961
1930
1947
1950
1982
2020
2077
2118
2152
2201
2210
2215
2230
2239
2258
2262
2288
2304
2326
2328
2341
2329
2325
2315
2310
2306
2310
2306
2320
2345
2352
2348
2350
2368
2358
2368
2355
2356
2352
2332
2307
2287
2257
2234
2198
2179
2162
2155
2156
2169
2197
2212
2250
2280
2288
2275
2239
2167
2136
2099
2081
2058
2066
2066
2078
2094
2109
2094
2077
2070
2062
2048
2051
2068
2083
2087
2065
2040
2011
2020
2012
2009
1984
1958
1925
1893
1860
1859
1840
1851
1877
1914
1938
1978
2027
2065
2103
2135
2157
2177
2198
2210
2207
2180
2148
2115
2093
2068
2074
2091
2151
2192
2231
2271
2291
2275
2257
2236
2210
2188
2171
2155
2170
2191
2222
2246
2252
2261
2276
2267
2255
2239
2231
2221
2222
2207
2192
2158
2126
2112
2107
2085
2042
1896
1864
1874
1887
1897
1897
1894
1902
1952
1979
1999
2011
1974
1965
1953
1966
1952
1950
1939
1933
1919
1899
1891
1889
1907
1941
1988
2029
2080
2135
2174
2166
2155
2125
2105
2072
2080
2079
2079
2072
2062
2041
2000
1972
1917
1837
1765
1680
1636
1627
1657
1743
1832
1932
2032
2118
2176
2215
2245
2242
2227
2197
2142
2104
2054
2016
1979
1956
1925
1925
1921
1918
1915
1904
1929
1950
1983
1977
1960
1953
1975
1991
2008
2018
2010
1974
1946
1931
1915
1895
1857
1819
1837
1914
1997
2096
2165
2197
2168
2120
2042
1975
1896
1827
1759
1721
1694
1716
1743
1794
1837
1877
1894
1928
1935
1926
1943
1953
1969
1986
2010
2019
2013
1989
1955
1907
1895
1885
1886
1871
1856
1851
1842
1842
1838
1835
1845
1868
1884
1904
1937
1989
2040
2087
2118
2162
2231
2288
2288
2294
2279
2275
2267
2251
2219
2191
2163
2158
2152
2153
2196
2222
2259
2302
2332
2328
2304
2260
2203
2164
2149
2121
2120
2131
2151
2181
2200
2226
2249
2284
2309
2316
2313
2308
2310
2338
2392
2406
2416
2429
2428
2428
2413
2407
2386
2373
2361
2338
2319
2301
2289
2270
2243
2232
2210
2184
2167
2172
2184
2208
2225
2219
2217
2224
2240
2256
2255
2251
2252
2259
2238
2225
2216
2183
2123
2085
2062
2069
2067
2063
2088
2108
2122
2120
2133
2133
2131
2103
2092
2081
2095
2110
2155
2160
2179
2178
2186
2172
2164
2162
2156
2144
2111
2094
2066
2046
2020
2018
2018
2023
2029
2052
2072
2090
2075
2075
2062
2060
2032
1986
1920
1856
1799
1801
1817
1822
1879
1946
2008
2069
2097
2107
2115
2130
2147
2139
2139
2136
2144
2148
2130
2120
2100
2072
2044
2040
2050
2053
2049
2050
2047
2076
2093
2114
2112
2118
2122
2126
2105
2096
2062
2041
2028
2030
2031
2054
2081
2124
2140
2132
2119
2121
2110
2070
2031
1996
2006
1995
1976
1949
1915
1878
1839
1791
1779
1790
1840
1882
1918
1939
1947
1973
2012
2042
2061
2060
2031
2007
1975
1967
1971
1967
1959
1949
1913
1911
1921
1959
1998
2016
2028
2042
2091
2110
2104
2103
2118
2126
2110
2107
2114
2102
2082
2064
2043
2016
2008
2001
1979
2003
2024
2075
2132
2179
2213
2222
2235
2236
2232
2219
2172
2136
2106
2107
2120
2111
2112
2120
2139
2133
2119
2088
2082
2059
2026
2015
2022
2032
2052
2064
2096
2112
2115
2098
2063
2046
2016
1954
1872
1826
1816
1816
1845
1880
1902
1921
1911
1923
1940
1985
2026
2066
2087
2109
2129
2152
2190
2214
2232
2235
2250
2260
2263
2239
2232
2218
2220
2215
2218
2226
2246
2242
2243
2238
2220
2198
2173
2157
2161
2153
2142
2138
2145
2147
2149
2164
2185
2211
2218
2224
2226
2252
2274
2299
2272
2262
2245
2234
2232
2243
2247
2251
2234
2182
2137
2099
2095
2083
2089
2106
2149
2163
2180
2207
2259
2283
2305
2300
2307
2310
2301
2267
2237
2200
2176
2135
2091
2034
1972
1930
1893
1901
1915
1950
1996
2068
2123
2177
2210
2244
2271
2279
2267
2245
2197
2144
2097
2085
2083
2089
2109
2122
2155
2179
2202
2172
2157
2144
2128
2097
2079
2053
2041
2009
2002
1987
1991
1968
1944
1954
1941
1890
1842
1823
1825
1854
1871
1866
1851
1845
1862
1879
1915
1967
2022
2103
2160
2221
2268
2309
2322
2306
2280
2235
2213
2174
2137
2096
2101
2120
2111
2075
2041
2022
2030
2046
2068
2077
2099
2120
2151
2143
2133
2128
2127
2113
2102
2083
2074
2060
2054
2055
2029
1994
1959
1946
1962
1986
2038
2072
2125
2152
2181
2176
2186
2179
2153
2105
2043
2014
1997
2016
2056
2104
2137
2179
2211
2234
2231
2248
2249
2228
2178
2134
2091
2070
2060
2060
2078
2106
2130
2160
2189
2213
2242
2264
2283
2309
2299
2295
2302
2298
2307
2284
2270
2232
2187
2121
2054
2007
1989
1973
1973
1967
1963
1978
2034
2079
2112
2132
2130
2124
2092
2067
2030
2016
2003
2004
1978
1989
1989
2010
1994
1980
1952
1946
1954
1992
2038
2084
2106
2103
2122
2140
2173
2187
2210
2229
2199
2163
2154
2140
2147
2136
2122
2096
2051
1998
1944
1921
1890
1860
1812
1801
1814
1853
1878
1927
1975
2045
2116
2183
2235
2273
2291
2297
2290
2304
2316
2311
2292
2266
2243
2222
2197
2178
2156
2125
2107
2096
2100
2092
2122
2150
2186
2203
2238
2249
2268
2276
2295
2310
2302
2294
2272
2252
2223
2194
2176
2177
2177
2201
2214
2229
2219
2217
2186
2173
2134
2071
1974
1914
1855
1812
1775
1764
1738
1721
1740
1791
1863
1927
1986
2033
2059
2088
2102
2110
2133
2154
2152
2159
2149
2160
2155
2150
2116
2099
2078
2064
2077
2085
2099
2122
2138
2170
2191
2205
2206
2190
2165
2145
2090
2041
2025
2041
2059
2102
2170
2222
2255
2278
2305
2312
2289
2268
2241
2245
2231
2226
2209
2182
2137
2105
2065
2060
2058
2048
2044
2039
2017
1990
1928
1882
1848
1834
1825
1819
1844
1876
1928
1956
1992
2029
2076
2106
2158
2198
2220
2205
2191
2166
2137
2113
2105
2110
2134
2159
2156
2161
2174
2190
2175
2154
2098
2070
2026
2004
1979
1996
2012
2054
2085
2100
2099
2059
1992
1917
1837
1778
1740
1742
1789
1836
1900
1982
2068
2126
2190
2206
2221
2216
2186
2130
2069
1989
1920
1878
1862
1859
1865
1899
1936
1983
2033
2057
2039
2012
1951
1889
1843
1828
1778
1770
1783
1848
1901
1955
1971
1996
2007
2015
2027
2044
2062
2067
2080
2110
2162
2200
2211
2168
2124
2072
2025
1960
1916
1904
1922
1945
1974
2003
2044
2051
2062
2052
2062
2067
2063
2048
2029
2020
2016
2025
1987
1957
1914
1876
1817
1760
1655
1600
1562
1514
1494
1497
1510
1549
1595
1642
1672
1698
1699
1690
1646
1602
1562
1563
1569
1575
1572
1572
1550
1497
1421
1373
1344
1333
1365
1403
1459
1508
1547
1596
1634
1676
1700
1720
1740
1754
1769
1786
1804
1807
1784
1760
1728
1713
1688
1676
1641
1605
1619
1667
1699
1722
1747
1757
1760
1775
1807
1836
1871
1908
1988
2028
2039
2029
2013
2001
1983
1953
1887
1820
1762
1705
1663
1650
1678
1733
1789
1836
1875
1899
1931
1941
1945
1928
1916
1914
1920
1900
1877
1851
1859
1843
1803
1750
1704
1688
1693
1688
1668
1635
1599
1602
1610
1655
1679
1724
1761
1813
1854
1886
1924
1952
1941
1908
1852
1787
1681
1594
1527
1463
1456
1482
1525
1548
1595
1617
1658
1686
1743
1805
1876
1926
2029
2058
2075
2054
2024
1990
1988
2015
2065
2097
2100
2108
2093
2077
2072
2062
2052
2059
2054
2082
2129
2162
2194
2194
2166
2132
2106
2083
2064
2083
2084
2113
2119
2134
2148
2164
2171
2153
2114
2071
2039
1994
1974
1952
1983
2013
2064
2102
2147
2167
2204
2204
2200
2172
2121
2053
1977
1945
1919
1903
1909
1930
1951
1968
2013
2066
2086
2112
2128
2149
2159
2153
2110
2074
2039
2016
1985
1935
1904
1873
1854
1851
1822
1806
1779
1748
1705
1655
1617
1634
1687
1743
1794
1871
1927
1965
1968
1942
1915
1903
1901
1906
1916
1935
2007
2061
2117
2141
2162
2152
2151
2127
2133
2149
2165
2166
2164
2144
2128
2106
2040
1983
1931
1903
1866
1819
1762
1735
1730
1737
1730
1717
1679
1648
1611
1589
1554
1554
1548
1556
1557
1575
1587
1628
1727
1782
1813
1818
1813
1809
1814
1820
1839
1818
1817
1824
1845
1864
1885
1895
1911
1900
1876
1869
1866
1848
1844
1837
1820
1816
1797
1793
1807
1830
1838
1848
1828
1839
1835
1834
1819
1783
1717
1673
1631
1637
1705
1783
1846
1919
1974
2028
2041
2022
2003
1945
1901
1846
1830
1817
1847
1842
1837
1834
1851
1866
1852
1810
1733
1672
1614
1563
1505
1467
1438
1451
1466
1496
1502
1504
1487
1513
1551
1638
1750
1821
1846
1879
1920
1941
1955
1932
1873
1825
1762
1722
1697
1657
1607
1575
1596
1623
1656
1718
1776
1810
1848
1889
1923
1919
1898
1854
1826
1795
1748
1722
1721
1739
1778
1821
1855
1899
1925
1953
2005
2021
1995
1924
1837
1768
1733
1706
1715
1750
1793
1809
1798
1786
1759
1733
1717
1713
1717
1755
1798
1852
1890
1927
1985
2026
2040
2009
1968
1929
1914
1906
1923
1946
1961
1975
1991
2005
2027
2063
2067
2010
1940
1877
1826
1782
1739
1705
1722
1733
1771
1808
1873
1945
2000
2038
2083
2106
2125
2145
2159
2156
2156
2163
2190
2226
2251
2271
2255
2253
2221
2167
2084
2031
1982
1945
1939
1957
1987
2023
2032
2037
2033
2034
2036
2062
2097
2126
2234
2302
2318
2311
2267
2208
2135
2064
1968
1917
1854
1847
1858
1892
1962
2036
2126
2205
2244
2257
2248
2232
2234
2218
2222
2222
2251
2283
2340
2381
2438
2462
2484
2472
2466
2448
2430
2401
2382
2357
2353
2358
2355
2325
2294
2254
2225
2204
2199
2227
2228
2253
2261
2256
2237
2200
2162
2162
2152
2150
2161
2209
2272
2316
2376
2420
2445
2452
2442
2426
2416
2415
2405
2392
2382
2347
2319
2303
2300
2290
2244
2208
2199
2182
2162
2149
2143
2159
2189
2189
2215
2247
2254
2270
2276
2271
2249
2229
2202
2182
2156
2144
2156
2192
2240
2287
2320
2336
2341
2331
2295
2268
2222
2186
2144
2118
2101
2079
2037
2001
1956
1927
1901
1914
1934
1981
2022
2070
2128
2167
2199
2212
2221
2230
2212
2197
2184
2181
2214
2239
2267
2262
2260
2232
2231
2209
2167
2128
2129
2126
2134
2133
2162
2165
2164
2191
2248
2298
2329
2354
2349
2354
2328
2317
2282
2278
2275
2277
2279
2299
2310
2316
2314
2324
2307
2287
2253
2228
2171
2131
2104
2071
2053
2048
2069
2084
2066
2023
1983
1960
1959
1962
1997
2015
2046
2042
2042
2035
2013
1988
1963
1972
1976
1978
1944
1916
1924
1952
1981
2003
2010
1982
1933
1923
1935
1959
1967
1989
1991
1998
2006
1980
1965
1966
1952
1948
1936
1948
1970
1983
1980
1966
1986
1988
1980
1975
1969
1953
1972
2000
2019
2035
2055
2064
2075
2103
2141
2180
2218
2238
2251
2259
2230
2202
2167
2146
2141
2134
2121
2092
2074
2075
2084
2103
2121
2125
2129
2110
2079
2042
2013
1973
1950
1932
1898
1873
1842
1818
1807
1811
1817
1797
1767
1741
1744
1740
1726
1699
1697
1701
1719
1760
1809
1859
1911
1952
1996
2044
2072
2084
2089
2095
2067
2011
1947
1862
1782
1710
1645
1592
1568
1554
1585
1615
1658
1718
1769
1834
1880
1912
1939
1977
2016
2049
2067
2069
2048
2032
2024
2039
2075
2121
2158
2189
2219
2253
2272
2276
2257
2232
2201
2160
2142
2135
2163
2195
2245
2295
2333
2352
2368
2380
2380
2355
2313
2287
2273
2270
2266
2250
2223
2221
2227
2232
2204
2191
2167
2159
2099
2061
2025
1989
1977
1978
1983
2009
2029
2034
2040
2061
2103
2123
2134
2108
2102
2097
2101
2112
2130
2148
2198
2232
2292
2308
2318
2317
2322
2332
2347
2361
2367
2380
2374
2372
2361
2342
2304
2287
2293
2314
2346
2399
2427
2461
2485
2496
2500
2496
2489
2474
2450
2415
2381
2359
2311
2274
2260
2247
2262
2255
2258
2251
2245
2239
2249
2242
2278
2292
2316
2322
2300
2281
2274
2282
2280
2273
2267
2247
2222
2231
2230
2236
2238
2227
2227
2215
2217
2247
2273
2296
2308
2327
2354
2407
2438
2446
2463
2471
2488
2492
2485
2479
2468
2433
2403
2362
2329
2321
2302
2286
2286
2286
2306
2332
2366
2384
2398
2416
2353
2302
2229
2176
2133
2123
2118
2129
2160
2207
2229
2265
2305
2319
2305
2304
2306
2306
2305
2292
2260
2231
2200
2160
2152
2167
2198
2233
2276
2316
2357
2383
2400
2401
2403
2408
2390
2376
2348
2338
2326
2315
2302
2300
2281
2266
2257
2263
2261
2243
2191
2135
2087
2037
2007
2006
2035
2063
2108
2147
2203
2237
2258
2249
2228
2207
2170
2137
2074
2021
1977
1965
1929
1894
1835
1825
1853
1910
1983
2067
2141
2168
2178
2222
2231
2224
2204
2183
2121
2076
2028
1986
1950
1915
1874
1854
1871
1883
1907
1907
1933
1958
2019
2033
2070
2083
2114
2140
2205
2225
2239
2232
2234
2260
2285
2292
2285
2271
2246
2222
2203
2188
2139
2085
2053
2050
2058
2081
2106
2140
2163
2186
2231
2282
2300
2320
2346
2346
2347
2338
2326
2316
2310
2299
2282
2279
2300
2332
2351
2355
2359
2352
2348
2372
2392
2404
2426
2433
2453
2458
2467
2442
2393
2338
2283
2239
2203
2174
2162
2155
2162
2156
2168
2208
2250
2259
2258
2237
2213
2213
2231
2263
2306
2356
2401
2419
2410
2405
2407
2408
2367
2330
2319
2316
2293
2269
2231
2194
2165
2159
2127
2107
2096
2117
2148
2196
2221
2223
2183
2156
2159
2167
2195
2210
2239
2231
2232
2205
2193
2164
2145
2093
2058
2017
1989
2010
2037
2057
2088
2127
2159
2177
2167
2168
2150
2139
2121
2120
2135
2171
2197
2220
2226
2240
2234
2242
2220
2195
2127
2073
2031
2008
2018
2035
2062
2094
2170
2209
2246
2268
2304
2278
2278
2271
2300
2304
2303
2260
2226
2200
2209
2210
2220
2234
2242
2262
2287
2295
2335
2343
2344
2340
2312
2320
2328
2323
2289
2250
2202
2174
2140
2133
2125
2127
2146
2173
2208
2205
2188
2187
2199
2187
2173
2148
2101
2047
2024
2001
2015
2039
2071
2078
2089
2122
2143
2165
2200
2214
2225
2222
2177
2144
2104
2070
2052
2049
2075
2115
2157
2182
2195
2186
2147
2126
2088
2072
2074
2094
2083
2078
2067
2059
2061
2044
2032
2040
2068
2100
2134
2160
2173
2186
2210
2227
2227
2225
2231
2227
2177
2111
2052
2008
1990
1977
1992
2014
2054
2100
2164
2223
2274
2302
2317
2318
2330
2346
2351
2336
2334
2317
2315
2307
2298
2269
2225
2180
2141
2108
2063
2032
1999
1996
2014
2045
2075
2105
2116
2136
2135
2151
2165
2145
2114
2102
2096
2066
2032
2003
2006
2026
2071
2113
2161
2199
2228
2223
2222
2209
2206
2197
2196
2214
2261
2291
2322
2344
2354
2368
2370
2377
2367
2365
2354
2372
2380
2418
2432
2445
2431
2436
2432
2437
2428
2412
2391
2383
2372
2387
2396
2400
2410
2409
2399
2374
2360
2338
2335
2313
2299
2294
2302
2303
2321
2342
2404
2419
2423
2412
2396
2371
2331
2280
2259
2275
2296
2330
2350
2374
2388
2415
2394
2370
2341
2338
2312
2296
2262
2237
2210
2206
2209
2193
2173
2147
2128
2108
2104
2104
2103
2106
2118
2110
2118
2138
2183
2247
2303
2344
2373
2389
2416
2402
2371
2341
2306
2289
2272
2234
2198
2158
2125
2109
2096
2100
2112
2130
2125
2098
2084
2063
2037
1998
1941
1881
1848
1831
1792
1776
1771
1749
1743
1747
1739
1755
1785
1828
1849
1884
1922
1992
2046
2105
2151
2195
2227
2277
2310
2327
2312
2294
2283
2284
2268
2254
2227
2180
2151
2116
2059
2020
1995
1953
1945
1947
1979
2003
2017
2001
1971
1934
1924
1887
1831
1765
1733
1703
1677
1667
1648
1655
1694
1757
1791
1816
1804
1806
1768
1729
1669
1606
1551
1559
1582
1626
1665
1731
1800
1828
1839
1842
1847
1854
1886
1899
1895
1878
1867
1856
1829
1798
1790
1773
1796
1791
1794
1797
1809
1839
1849
1844
1851
1839
1806
1774
1737
1684
1613
1574
1561
1568
1608
1635
1632
1604
1541
1480
1419
1382
1323
1269
1248
1258
1305
1335
1381
1415
1477
1524
1565
1583
1596
1599
1594
1595
1649
1692
1713
1702
1686
1656
1614
1551
1477
1423
1380
1368
1364
1366
1367
1396
1441
1486
1487
1448
1364
1283
1212
1171
1145
1155
1191
1256
1353
1487
1632
1747
1843
1867
1872
1856
1826
1811
1775
1744
1689
1652
1603
1576
1555
1531
1523
1517
1533
1553
1594
1632
1669
1688
1683
1669
1629
1617
1628
1654
1704
1729
1747
1778
1807
1843
1883
1913
1926
1912
1883
1839
1767
1681
1608
1553
1505
1476
1458
1445
1480
1527
1598
1662
1685
1718
1748
1801
1830
1837
1824
1822
1789
1768
1713
1681
1640
1617
1581
1531
1461
1385
1322
1291
1275
1271
1291
1296
1330
1354
1418
1487
1627
1704
1758
1770
1760
1721
1689
1624
1539
1450
1379
1357
1341
1343
1345
1372
1399
1470
1530
1577
1576
1556
1516
1517
1535
1567
1561
1537
1470
1397
1334
1285
1239
1249
1275
1312
1352
1374
1430
1507
1590
1643
1702
1732
1777
1796
1818
1810
1801
1769
1741
1708
1672
1655
1635
1633
1621
1640
1661
1707
1745
1791
1843
1911
1960
1979
1942
1907
1859
1819
1782
1777
1803
1822
1841
1909
1971
2021
2056
2084
2106
2111
2118
2102
2090
2092
2111
2133
2145
2162
2167
2146
2129
2103
2059
2040
1989
1915
1845
1819
1822
1855
1872
1912
1971
2011
2062
2100
2130
2154
2182
2209
2239
2264
2282
2288
2281
2256
2226
2191
2134
2101
2079
2048
2000
1947
1912
1863
1845
1847
1871
1904
1927
1958
1977
1983
1983
1991
1982
1973
1965
1963
1966
1978
2026
2066
2132
2199
2256
2288
2312
2308
2274
2247
2212
2178
2153
2153
2145
2138
2156
2174
2183
2203
2225
2255
2295
2332
2364
2397
2408
2413
2398
2381
2357
2342
2307
2295
2278
2256
2236
2214
2189
2160
2140
2131
2096
2056
1980
1933
1902
1875
1882
1988
2021
2086
2152
2204
2217
2233
2209
2173
2141
2105
2041
1987
1952
1952
1980
2013
2014
1987
1954
1919
1920
1907
1905
1892
1888
1881
1904
1947
1994
2018
2056
2074
2051
2041
2022
2017
2030
2063
2094
2109
2091
2097
2096
2102
2096
2100
2077
2048
2031
2017
2006
2014
2017
2046
2067
2074
2076
2084
2094
2113
2147
2163
2188
2199
2210
2228
2252
2268
2292
2302
2289
2272
2282
2268
2274
2276
2283
2298
2287
2298
2282
2274
2244
2234
2209
2188
2153
2114
2089
2085
2093
2136
2143
2141
2137
2144
2183
2205
2227
2253
2250
2230
2185
2158
2126
2125
2126
2127
2098
2054
2003
1994
1973
1957
1947
1936
1940
1939
1961
1961
1948
1954
1970
1966
1960
1961
1985
2003
2027
2056
2085
2136
2184
2194
2212
2196
2169
2118
2076
2033
2010
1981
1944
46.64794922
1.662890553
999
