5835
2071
2040
2046
1984
1992
1962
2001
1964
1992
1968
2011
2020
2041
2034
2060
2079
2091
2091
2078
2091
2091
2111
2059
2051
2017
2053
1992
2017
1955
2026
1999
2053
1996
2046
2037
2100
2063
2100
2065
2126
2083
2099
2075
2087
2101
2110
2110
2105
2131
2127
2135
2087
2101
2087
2127
2074
2101
2086
2162
2127
2170
2126
2191
2162
2226
2144
2189
2148
2208
2168
2196
2142
2192
2160
2174
2155
2162
2181
2196
2179
2160
2158
2158
2191
2154
2167
2133
2187
2148
2184
2150
2215
2182
2233
2187
2247
2221
2287
2248
2283
2217
2264
2223
2249
2189
2223
2194
2202
2187
2194
2179
2196
2213
2206
2210
2182
2239
2224
2229
2190
2218
2200
2233
2160
2200
2153
2225
2171
2206
2153
2229
2210
2247
2180
2226
2202
2255
2190
2217
2184
2225
2211
2225
2189
2228
2226
2230
2210
2189
2218
2228
2238
2217
2202
2174
2234
2202
2215
2165
2222
2207
2240
2199
2222
2179
2236
2189
2230
2191
2275
2245
2271
2222
2265
2244
2285
2228
2262
2241
2275
2234
2232
2203
2230
2201
2195
2194
2180
2188
2200
2198
2192
2207
2222
2239
2197
2219
2200
2243
2212
2226
2169
2222
2196
2229
2186
2214
2183
2244
2200
2251
2222
2257
2254
2285
2243
2265
2251
2273
2257
2222
2204
2196
2215
2193
2184
2146
2170
2139
2192
2139
2184
2151
2212
2173
2221
2166
2240
2220
2236
2173
2231
2193
2255
2202
2231
2186
2258
2215
2247
2204
2227
2249
2277
2244
2234
2229
2268
2283
2245
2256
2224
2276
2254
2255
2221
2252
2219
2253
2180
2221
2166
2224
2161
2224
2146
2192
2165
2220
2165
2210
2174
2229
2210
2241
2183
2219
2203
2232
2187
2198
2187
2213
2199
2182
2167
2181
2194
2186
2181
2136
2147
2124
2123
2085
2090
2064
2105
2077
2098
2068
2132
2113
2125
2095
2153
2132
2205
2145
2175
2116
2184
2141
2166
2096
2117
2102
2162
2107
2140
2106
2138
2141
2136
2118
2116
2126
2145
2135
2102
2119
2126
2162
2130
2126
2098
2107
2091
2116
2067
2083
2075
2119
2090
2122
2076
2128
2092
2133
2106
2163
2146
2201
2176
2187
2146
2170
2148
2164
2111
2125
2106
2134
2083
2098
2061
2096
2060
2070
2057
2072
2069
2116
2093
2111
2096
2134
2138
2160
2134
2162
2155
2158
2104
2111
2093
2105
2095
2087
2071
2089
2077
2091
2100
2077
2086
2100
2085
2057
2037
2048
2089
2075
2054
2025
2059
2075
2072
2034
2048
2007
2071
2028
2063
2008
2055
2037
2092
2027
2073
2032
2099
2037
2075
2018
2070
2027
2050
1979
2019
1983
2031
1984
2017
1959
1998
1977
2012
1951
1994
1979
2027
2008
1996
1961
1983
1974
1983
1962
1960
1968
1989
1961
1973
1950
1973
1969
1941
1895
1883
1883
1886
1862
1888
1882
1909
1934
1929
1923
1941
1947
1975
1982
1977
1961
1984
1991
1991
1959
1982
1956
1939
1918
1903
1898
1908
1910
1910
1946
1901
1948
1949
1979
1964
1985
1989
2021
1969
2011
1967
2033
2009
2050
2027
2067
2040
2096
2048
2073
2027
2078
2038
2076
2007
2055
2021
2085
2047
2095
2069
2103
2048
2073
1991
2036
1998
2033
1978
2006
1941
1989
1934
1949
1896
1940
1920
1923
1863
1894
1892
1922
1900
1914
1907
1940
1937
1952
1922
1963
1967
1987
1984
2003
1960
2025
2016
2030
1993
2031
2023
2040
1990
2011
1975
2018
1978
1967
1947
2000
1971
2043
1977
2031
1983
2051
1985
2029
1951
2003
1961
2019
1953
2011
2008
2085
2058
2108
2061
2125
2100
2153
2111
2147
2106
2142
2110
2128
2074
2109
2084
2133
2104
2132
2086
2140
2132
2161
2118
2173
2140
2189
2145
2175
2125
2172
2131
2184
2142
2185
2138
2208
2166
2200
2142
2212
2184
2248
2186
2214
2165
2240
2190
2239
2190
2228
2199
2240
2172
2215
2156
2218
2190
2218
2158
2187
2165
2208
2142
2196
2163
2229
2188
2217
2180
2229
2189
2236
2216
2240
2205
2267
2241
2268
2221
2264
2270
2291
2227
2248
2236
2298
2258
2288
2223
2269
2233
2259
2215
2241
2235
2288
2232
2256
2210
2269
2254
2255
2227
2268
2244
2201
2223
2207
2234
2230
2243
2201
2222
2196
2238
2241
2250
2219
2229
2224
2251
2236
2211
2196
2201
2207
2183
2177
2176
2170
2186
2197
2188
2205
2190
2196
2213
2212
2198
2198
2204
2233
2211
2218
2225
2216
2230
2225
2208
2217
2203
2204
2225
2208
2189
2206
2199
2213
2174
2204
2219
2243
2226
2234
2200
2257
2239
2260
2230
2252
2235
2298
2249
2274
2215
2255
2254
2289
2233
2271
2249
2299
2217
2262
2211
2253
2226
2251
2181
2207
2174
2179
2156
2175
2128
2166
2159
2188
2140
2191
2168
2216
2185
2215
2176
2226
2214
2253
2188
2224
2195
2249
2200
2226
2180
2249
2203
2265
2196
2229
2168
2225
2159
2214
2152
2191
2137
2201
2144
2208
2172
2224
2201
2252
2185
2221
2183
2225
2176
2213
2149
2182
2147
2181
2144
2170
2171
2195
2169
2195
2159
2185
2177
2176
2155
2151
2103
2135
2129
2138
2110
2129
2146
2164
2129
2146
2104
2157
2151
2145
2127
2162
2154
2203
2156
2171
2147
2173
2140
2147
2083
2093
2079
2113
2076
2081
2087
2126
2136
2143
2104
2105
2148
2169
2155
2152
2133
2150
2169
2151
2154
2135
2182
2164
2163
2132
2134
2130
2158
2103
2134
2113
2113
2119
2111
2080
2083
2062
2100
2083
2057
2052
2044
2044
2070
2046
2068
2058
2071
2095
2087
2074
2089
2081
2098
2066
2058
2028
2067
2068
2082
2050
2092
2067
2095
2078
2100
2060
2127
2094
2144
2107
2127
2091
2155
2104
2145
2083
2148
2108
2163
2087
2118
2077
2153
2085
2121
2075
2088
2052
2093
2026
2054
2021
2090
2043
2057
2004
2023
2012
2018
1957
1969
1932
1979
1972
1991
1947
2003
2001
2038
2003
2015
1970
2033
2013
2045
1986
2060
2043
2113
2046
2096
2048
2123
2054
2096
2035
2080
2025
2083
2011
2037
1967
2044
2011
2066
2019
2062
2032
2097
2069
2103
2080
2105
2100
2154
2119
2159
2138
2181
2151
2165
2124
2152
2119
2151
2096
2124
2073
2113
2072
2111
2058
2104
2068
2099
2057
2118
2062
2122
2072
2127
2066
2098
2040
2104
2029
2072
1993
2048
2003
2029
1994
2040
1999
2066
2019
2040
1978
2009
1969
2020
1982
2023
2008
2060
2039
2063
2057
2082
2074
2116
2081
2110
2112
2142
2117
2141
2099
2130
2114
2127
2090
2085
2030
2077
2037
2061
2016
2071
2068
2073
1998
2032
1963
1999
1959
1990
1946
1990
1956
2039
1991
2037
2004
2066
2059
2060
2013
2050
2042
2074
2050
2037
2021
2053
2022
2026
1987
1993
1993
1998
1986
1979
1960
1986
2003
2005
2014
2022
2044
2027
2015
2037
2009
2038
2041
2049
2059
2061
2032
2092
2061
2072
2042
2071
2052
2057
2022
2056
2024
2074
2049
2066
2039
2068
2023
2077
2036
2060
2047
2103
2088
2088
2082
2103
2104
2136
2114
2104
2123
2137
2107
2113
2062
2055
2060
2071
2061
2056
2041
2075
2091
2104
2099
2099
2118
2127
2101
2122
2094
2134
2132
2156
2123
2142
2101
2174
2132
2157
2112
2168
2151
2172
2118
2161
2115
2183
2142
2170
2135
2189
2146
2184
2113
2133
2111
2158
2113
2119
2063
2096
2082
2119
2076
2088
2084
2106
2071
2066
2015
2048
2030
2063
2029
2025
1992
2040
1999
2016
1971
2013
2002
2030
1983
2015
1960
2032
1978
2041
2002
2075
2025
2091
2037
2079
2015
2089
2032
2075
2029
2061
2012
2083
2044
2078
2013
2083
2036
2062
2010
2048
2011
2078
2034
2057
2027
2063
2042
2064
2035
2054
2034
2086
2053
2063
2018
2051
2055
2082
2027
2055
2035
2089
2069
2111
2064
2135
2129
2158
2129
2149
2116
2184
2148
2182
2120
2167
2116
2137
2099
2090
2054
2089
2047
2062
2040
2039
2071
2082
2075
2073
2066
2108
2095
2086
2091
2062
2088
2075
2078
2065
2071
2053
2091
2066
2086
2056
2086
2074
2095
2068
2102
2094
2136
2104
2129
2105
2113
2099
2125
2093
2116
2106
2139
2116
2123
2092
2136
2120
2149
2106
2112
2094
2139
2124
2169
2119
2165
2130
2174
2130
2182
2129
2195
2156
2210
2138
2192
2141
2183
2131
2167
2116
2181
2136
2161
2095
2135
2114
2165
2123
2155
2112
2183
2164
2190
2176
2165
2164
2197
2167
2164
2129
2131
2167
2146
2138
2117
2133
2132
2122
2119
2128
2107
2167
2154
2165
2135
2162
2122
2166
2119
2131
2126
2173
2144
2138
2122
2154
2141
2181
2141
2172
2157
2197
2179
2218
2190
2238
2222
2262
2204
2226
2185
2222
2189
2208
2158
2182
2161
2198
2180
2213
2164
2219
2195
2253
2211
2260
2229
2264
2235
2261
2221
2270
2248
2289
2259
2240
2236
2264
2251
2253
2229
2252
2248
2224
2242
2225
2246
2242
2260
2237
2243
2174
2219
2178
2213
2152
2178
2163
2227
2179
2223
2162
2245
2190
2209
2145
2198
2154
2195
2126
2157
2106
2170
2121
2167
2127
2138
2138
2169
2144
2163
2125
2120
2153
2150
2142
2122
2137
2165
2141
2129
2131
2100
2126
2108
2115
2092
2104
2074
2116
2090
2103
2091
2141
2133
2149
2132
2178
2156
2207
2157
2188
2158
2187
2163
2192
2130
2154
2109
2131
2059
2069
2022
2069
2053
2084
2045
2080
2063
2135
2139
2153
2127
2155
2144
2171
2154
2170
2163
2170
2182
2168
2172
2182
2208
2186
2203
2167
2200
2173
2218
2153
2182
2148
2195
2137
2176
2105
2158
2098
2164
2092
2152
2086
2133
2069
2088
2001
2020
1979
2006
1977
1976
1952
2008
2012
2025
2001
2035
2088
2091
2095
2085
2101
2118
2140
2112
2146
2090
2124
2084
2096
2041
2064
2003
2062
2002
2037
1980
2057
2043
2073
2052
2081
2040
2110
2069
2089
2046
2091
2067
2109
2079
2092
2081
2118
2104
2132
2157
2143
2151
2153
2139
2116
2105
2111
2128
2107
2135
2102
2140
2127
2145
2111
2135
2116
2171
2134
2176
2129
2181
2151
2190
2168
2190
2179
2222
2185
2204
2157
2182
2180
2187
2155
2156
2138
2169
2137
2137
2113
2103
2100
2095
2089
2081
2093
2087
2122
2112
2125
2107
2153
2140
2137
2128
2149
2136
2187
2127
2134
2093
2147
2119
2151
2099
2122
2116
2159
2088
2087
2033
2047
2029
2018
1981
1995
2009
2040
2038
2030
2052
2081
2112
2109
2095
2085
2098
2082
2120
2062
2092
2072
2121
2072
2108
2049
2101
2079
2116
2048
2088
2059
2100
2069
2091
2046
2083
2070
2104
2058
2068
2071
2078
2068
2037
2020
2008
2003
1957
1980
1928
1953
1930
1958
1900
1907
1849
1891
1822
1861
1801
1845
1810
1863
1833
1858
1813
1864
1841
1861
1806
1850
1834
1841
1852
1828
1829
1843
1860
1838
1853
1795
1842
1830
1881
1832
1880
1864
1927
1871
1905
1842
1905
1856
1897
1833
1874
1844
1903
1895
1926
1899
1944
1940
1945
1956
1929
1945
1961
1959
1926
1938
1905
1981
1944
1990
1933
1984
1946
1967
1919
1968
1925
1992
1940
1964
1909
1960
1916
1938
1925
1927
1918
1951
1928
1927
1922
1898
1950
1950
1969
1945
1974
1960
1977
1903
1948
1876
1935
1894
1935
1864
1925
1888
1934
1885
1918
1865
1906
1862
1868
1865
1850
1854
1859
1862
1858
1851
1841
1897
1877
1930
1897
1947
1942
1997
1964
2012
1939
1997
1963
2007
1951
2004
1959
1989
1938
1938
1893
1945
1927
1950
1942
1907
1916
1899
1873
1806
1787
1777
1783
1722
1757
1694
1763
1735
1787
1732
1786
1770
1828
1788
1831
1785
1851
1839
1875
1874
1854
1848
1879
1884
1870
1886
1862
1912
1879
1902
1872
1932
1913
1941
1913
1955
1907
1995
1958
2003
1944
2016
1982
2030
1994
2020
1993
2041
2024
2029
2000
1963
1983
1967
1972
1936
1954
1947
1953
1889
1922
1862
1907
1849
1887
1826
1887
1853
1928
1911
1941
1910
1977
1947
1973
1978
1967
1981
1992
1982
1954
1953
1928
1964
1928
1946
1891
1928
1884
1903
1863
1887
1824
1883
1843
1879
1823
1873
1858
1903
1893
1888
1879
1913
1944
1935
1976
1925
1963
1964
2007
1961
1997
1975
2017
1987
2022
1965
2018
1992
2028
1967
1999
1979
2013
2016
2019
1991
2013
2018
1993
2001
1947
1964
1955
1985
1949
1963
1928
2002
1977
2011
1954
2008
1976
2028
2001
2014
1971
1994
1977
1982
1947
1957
1946
1932
1955
1929
1947
1953
2004
1981
2008
1965
2018
1984
2035
1986
2036
1994
2042
2012
2042
1997
2046
2023
2046
1998
2007
1992
1990
2001
1978
1973
1982
2001
1972
1997
1937
1967
1936
1967
1895
1937
1893
1941
1916
1953
1919
1952
1949
1990
1976
1958
1947
1977
2008
2019
2015
1996
2016
1980
2009
1958
1973
1955
2003
1953
2010
1954
2031
2029
2071
2022
2061
2036
2076
2069
2049
2034
1971
1992
1969
2010
1979
1956
1933
1901
1917
1929
1944
1905
1933
1885
1953
1927
1995
1949
2012
1996
2094
2061
2107
2060
2125
2100
2136
2078
2093
2109
2129
2134
2132
2130
2130
2158
2144
2185
2126
2168
2135
2188
2131
2168
2110
2165
2122
2157
2092
2126
2082
2129
2096
2083
2062
2081
2097
2115
2115
2125
2140
2130
2156
2107
2144
2122
2172
2124
2184
2123
2186
2160
2207
2157
2199
2165
2220
2200
2209
2175
2211
2212
2214
2178
2152
2179
2167
2196
2145
2177
2178
2221
2202
2242
2183
2236
2214
2255
2177
2219
2186
2216
2203
2206
2172
2196
2215
2241
2243
2214
2222
2223
2253
2216
2234
2192
2228
2198
2239
2188
2229
2201
2243
2184
2233
2192
2224
2198
2217
2187
2197
2193
2185
2193
2159
2160
2145
2190
2172
2185
2154
2210
2175
2212
2139
2174
2125
2187
2146
2176
2136
2164
2142
2174
2142
2159
2160
2156
2170
2142
2153
2145
2186
2164
2190
2144
2169
2139
2193
2130
2162
2115
2162
2155
2190
2162
2200
2198
2237
2195
2186
2177
2185
2214
2199
2185
2166
2221
2192
2248
2182
2224
2197
2255
2193
2198
2145
2191
2169
2195
2141
2172
2162
2210
2202
2185
2186
2176
2205
2193
2205
2182
2208
2188
2238
2187
2242
2217
2281
2228
2270
2230
2258
2248
2290
2240
2260
2226
2238
2238
2232
2224
2200
2216
2219
2231
2213
2238
2193
2257
2220
2243
2213
2273
2229
2247
2195
2198
2173
2204
2171
2178
2140
2143
2168
2157
2153
2153
2181
2187
2234
2194
2226
2186
2240
2196
2214
2175
2212
2196
2232
2184
2204
2203
2254
2216
2225
2218
2212
2224
2222
2212
2190
2210
2189
2244
2196
2218
2182
2239
2201
2224
2200
2220
2207
2247
2210
2207
2183
2223
2224
2227
2224
2209
2222
2223
2212
2184
2209
2183
2223
2191
2212
2171
2212
2196
2232
2203
2223
2200
2231
2196
2209
2167
2165
2187
2179
2178
2164
2174
2172
2172
2112
2134
2089
2146
2117
2140
2102
2154
2145
2187
2153
2167
2126
2158
2136
2144
2126
2109
2132
2131
2136
2118
2138
2160
2185
2150
2176
2143
2206
2168
2186
2119
2155
2117
2162
2134
2167
2139
2196
2178
2186
2180
2150
2156
2156
2139
2124
2116
2086
2139
2107
2122
2067
2124
2100
2142
2121
2142
2114
2169
2158
2170
2118
2139
2121
2125
2123
2078
2071
2066
2073
2031
2027
1980
2022
1980
1998
1947
1990
1976
2027
2009
2030
1997
2036
2031
2050
2010
2006
1997
2007
2006
1992
1983
1978
1999
1969
1997
1977
2011
1990
2022
1977
1996
1963
2002
1980
2004
1967
2018
2007
2045
2052
2056
2037
2064
2071
2054
2016
2022
2034
2025
2040
2006
2036
2033
2067
2038
2080
2039
2088
2074
2108
2059
2099
2083
2118
2087
2083
2046
2071
2058
2031
1979
1970
1988
1985
1987
1967
1991
2000
2041
1998
2032
1990
2053
2017
2041
1987
2038
2026
2092
2066
2088
2055
2104
2096
2117
2103
2098
2112
2121
2121
2105
2122
2143
2154
2121
2150
2118
2178
2166
2182
2129
2163
2114
2166
2134
2155
2115
2164
2153
2189
2169
2163
2156
2193
2194
2209
2188
2177
2206
2168
2158
2118
2143
2135
2152
2097
2131
2080
2152
2124
2176
2122
2175
2147
2187
2149
2157
2125
2166
2150
2165
2162
2120
2132
2124
2130
2100
2105
2100
2122
2085
2110
2043
2083
2051
2092
2039
2087
2059
2112
2096
2125
2082
2125
2102
2133
2134
2131
2120
2159
2156
2146
2152
2137
2175
2146
2171
2132
2164
2128
2163
2123
2144
2088
2158
2126
2159
2093
2139
2112
2146
2111
2118
2085
2130
2124
2137
2134
2118
2155
2145
2147
2113
2130
2120
2139
2087
2118
2063
2105
2069
2104
2061
2107
2089
2132
2083
2105
2072
2123
2106
2127
2125
2121
2117
2152
2138
2138
2127
2105
2163
2148
2179
2136
2161
2159
2180
2139
2183
2129
2190
2147
2175
2114
2165
2136
2180
2155
2168
2132
2154
2129
2153
2133
2107
2115
2128
2145
2126
2133
2138
2144
2102
2117
2069
2110
2104
2131
2102
2144
2122
2152
2110
2136
2082
2117
2090
2106
2071
2072
2064
2099
2073
2064
2028
2026
2055
2040
2021
1997
2016
2019
2016
1996
2035
2014
2070
2043
2080
2035
2083
2070
2115
2084
2109
2082
2122
2083
2071
2039
2027
2019
2009
1990
1997
1977
2001
2003
1989
1984
1967
2009
2015
2021
2004
2011
1982
2034
1976
2000
1961
2015
1997
2045
2014
2051
2045
2104
2072
2095
2052
2086
2096
2107
2083
2083
2083
2102
2071
2055
2050
2044
2080
2074
2065
2031
2049
2018
2057
2002
2017
1979
2030
2004
2033
1992
2018
2024
2087
2045
2078
2067
2138
2116
2108
2085
2089
2116
2139
2116
2106
2100
2079
2114
2094
2081
2036
2078
2062
2093
2028
2051
2035
2101
2072
2106
2071
2118
2113
2137
2089
2112
2090
2141
2105
2138
2120
2119
2129
2131
2108
2115
2125
2103
2138
2099
2116
2099
2112
2074
2083
2052
2086
2060
2115
2064
2115
2088
2143
2124
2144
2098
2129
2090
2132
2071
2083
2043
2032
2035
2029
1999
2015
2034
2051
2057
2023
2033
2026
2044
2009
2017
1987
2023
1993
2041
1989
2039
2024
2098
2065
2121
2068
2121
2088
2137
2083
2117
2080
2090
2082
2085
2046
2065
2067
2082
2053
2063
2078
2078
2123
2098
2123
2085
2136
2100
2148
2064
2093
2055
2131
2076
2121
2072
2108
2088
2127
2067
2093
2062
2126
2088
2063
2040
2041
2050
2048
2031
2040
2051
2029
2067
2016
2045
2021
2072
2035
2075
1996
2046
2008
2080
2023
2074
2021
2089
2070
2121
2059
2097
2071
2114
2060
2114
2110
2119
2113
2108
2081
2099
2112
2110
2143
2117
2148
2127
2157
2124
2144
2100
2147
2095
2127
2060
2099
2069
2126
2092
2110
2037
2071
2035
2075
2029
2054
2021
2054
2061
2083
2065
2105
2103
2111
2114
2093
2105
2110
2126
2099
2086
2062
2065
2055
2090
2051
2092
2097
2118
2061
2083
2027
2079
2066
2081
2029
2054
2039
2076
2042
2058
2013
2054
2044
2066
2027
2036
2035
2064
2032
2017
1982
2004
1983
1987
1982
1976
1998
2022
2030
2010
2013
1983
2030
1999
2011
1982
2010
2003
2012
1995
2029
1994
2052
2025
2028
1974
2000
1983
2024
2000
2020
1986
2031
1991
2026
2009
2010
2011
2047
2018
2033
2026
2056
2054
2051
2042
2013
2027
2038
2054
2039
2049
2026
2068
2028
2051
2014
2060
2043
2077
2024
2063
2025
2094
2039
2073
2027
2087
2053
2094
2045
2070
2037
2095
2030
2028
1981
1970
1942
1941
1890
1892
1869
1872
1902
1878
1887
1876
1901
1898
1907
1890
1938
1917
1980
1921
1953
1916
1979
1935
1976
1911
1964
1942
2006
1944
1990
1957
2024
2013
2051
1998
2046
2011
2049
2013
2008
1988
2002
1996
1999
1978
1983
1981
1964
1976
1926
1936
1915
1949
1910
1947
1887
1955
1949
1996
1958
1987
1964
2008
1958
1975
1894
1935
1905
1939
1887
1939
1900
1930
1919
1936
1910
1948
1929
1953
1959
1944
1937
1973
1981
2000
1986
1980
2004
2003
2001
1974
1970
1960
1940
1878
1878
1828
1864
1867
1880
1854
1877
1891
1972
1941
1979
1942
1998
1989
2016
1998
2032
1990
2039
1974
1986
1908
1959
1916
1961
1911
1921
1904
1965
1927
1952
1944
1950
1956
1973
1956
1975
1981
2019
2025
2001
2003
1987
2023
2002
2000
1978
1993
1958
2006
1944
1976
1937
1991
1934
1991
1933
1983
1949
2043
1986
2050
1995
2062
2029
2064
2023
2070
2050
2119
2060
2091
2085
2108
2093
2104
2068
2063
2055
2054
2066
2034
2031
2027
2055
2034
2036
2002
2018
1981
2006
1947
1977
1959
2020
1965
2018
1964
2022
1995
2076
2034
2060
2034
2083
2060
2087
2024
2061
2037
2062
2042
2033
2013
2042
2044
2068
2032
2037
2022
2037
2041
2025
2011
2030
2047
2033
2047
2014
2032
2039
2050
2022
2021
2030
2030
2012
1987
1947
1974
1976
1984
1937
1953
1914
1965
1927
1935
1891
1939
1908
1964
1916
1936
1911
1981
1957
1982
1931
1931
1897
1937
1905
1926
1885
1935
1906
1948
1937
1954
1955
2004
1979
1997
1969
1981
2001
1983
1973
1942
1935
1926
1911
1895
1897
1870
1906
1880
1919
1894
1937
1910
1962
1893
1944
1911
1988
1924
1958
1913
1952
1916
1982
1913
1956
1917
1995
1954
1972
1927
1960
1968
2025
2001
2009
1985
1965
2002
1980
1970
1958
1975
1990
2019
1986
2027
1990
2046
2011
2016
1963
1986
1944
1987
1911
1930
1910
1958
1912
1976
1928
1959
1952
1999
1939
1957
1912
1925
1906
1932
1879
1907
1908
1943
1899
1935
1919
1962
1976
1994
1971
1934
1951
1920
1928
1848
1879
1845
1875
1826
1885
1852
1908
1876
1917
1886
1919
1877
1907
1889
1872
1866
1893
1867
1867
1850
1871
1869
1836
1840
1820
1851
1857
1871
1856
1898
1863
1936
1894
1937
1887
1951
1920
1983
1913
1955
1903
1975
1915
1960
1905
1971
1935
2000
1943
1985
1957
2027
1970
2004
1975
1990
1992
2042
1988
2002
1983
2019
2053
2034
2031
2022
2038
2038
2015
1989
2002
1999
2039
2024
2042
2035
2084
2062
2088
2025
2028
2013
2064
2024
2020
1981
2026
2005
2031
1989
2020
2016
2067
2057
2094
2051
2101
2096
2131
2094
2120
2088
2132
2101
2123
2056
2074
2055
2079
2058
2073
2043
2072
2030
2029
1965
2007
1996
2027
2026
2037
2037
2077
2070
2082
2077
2063
2090
2100
2094
2076
2075
2099
2117
2089
2105
2062
2114
2092
2108
2070
2086
2018
2081
2013
2051
1986
2040
1991
2039
1956
1991
1943
2022
1959
1991
1916
1982
1985
2032
1993
2048
2012
2086
2033
2076
2049
2056
2060
2075
2024
2034
2010
1995
2017
1992
2000
1991
2021
2000
1969
1935
1959
1931
1974
1934
1954
1942
1965
1943
1989
1954
2003
1992
2027
1989
2020
1987
2027
1997
2021
1979
2007
1980
2013
1964
1981
1948
1989
1969
1997
1939
1960
1943
1996
1961
1995
1966
2028
2034
2074
2028
2043
2022
2052
2030
2046
2002
2030
1999
2001
1963
1955
1928
1941
1933
1931
1911
1883
1914
1921
1921
1899
1920
1956
1979
1932
1954
1905
1956
1935
1941
1883
1921
1877
1945
1885
1935
1882
1975
1942
2003
1937
1961
1914
1969
1905
1945
1884
1940
1940
1968
1917
1942
1939
1991
1945
1961
1947
1963
1975
1964
1935
1956
1959
1967
1994
1958
1971
1971
1986
1965
1960
1935
1940
1924
1957
1929
1933
1921
1941
1922
1948
1928
1955
1965
2000
1983
2007
1996
2066
2051
2088
2049
2079
2071
2104
2087
2112
2062
2103
2074
2098
2041
2071
2035
2093
2060
2104
2057
2107
2074
2110
2060
2075
2040
2084
2033
2039
1971
2011
1958
1961
1939
1928
1941
1993
1967
1976
1973
1962
1991
1982
1989
1977
2002
2023
2032
1966
1989
1958
2018
1985
2018
1966
2007
1975
2037
1973
2012
1966
2048
2006
2068
1991
2041
2010
2075
2013
2057
2006
2039
1999
2033
1981
2013
1997
2029
1970
2001
1993
2027
2018
2025
1996
2015
1997
1996
1987
1967
1969
1979
1980
1972
1960
1951
1976
1983
1991
1972
1979
1976
1980
1959
1972
1938
1959
1941
1949
1925
1944
1927
1978
1944
1971
1930
1976
1960
1983
1974
2002
1969
2024
2007
2036
1994
2048
2019
2076
2001
2026
1978
2035
2003
2037
2008
2021
2005
2068
2025
2058
2000
2057
2045
2054
2041
2030
2039
2062
2024
2019
2006
1966
1999
1971
1979
1951
2002
2011
2064
1994
2022
1960
2039
1993
2027
1972
2019
1996
2053
1987
2043
1996
2076
2018
2076
2031
2057
2021
2060
1996
2017
1965
1987
1979
1982
1955
1968
1967
2001
1966
1971
1994
1998
2003
1998
2003
1995
1998
2007
2037
2012
2034
2030
2045
2015
2008
1981
2003
1982
2000
1967
1969
1967
1979
1964
2003
1950
1966
1933
1944
1889
1901
1871
1931
1919
1937
1898
1945
1935
1980
1937
1960
1904
1940
1915
1955
1895
1944
1918
1975
1937
1957
1899
1944
1895
1902
1859
1831
1821
1830
1793
1784
1739
1772
1731
1693
1682
1633
1670
1680
1678
1676
1721
1675
1719
1676
1707
1650
1703
1671
1715
1633
1650
1579
1630
1563
1604
1549
1619
1611
1674
1631
1685
1661
1731
1698
1749
1726
1748
1733
1755
1714
1746
1713
1737
1753
1752
1753
1767
1786
1799
1777
1769
1778
1763
1779
1746
1747
1727
1761
1741
1788
1758
1798
1809
1863
1852
1871
1847
1893
1894
1944
1918
1945
1925
1974
1937
1966
1924
1952
1924
1954
1913
1945
1916
1963
1946
1976
1928
1972
1965
1988
1956
1953
1916
1973
1955
1984
1973
2021
2024
2068
2060
2070
2052
2088
2082
2082
2080
2055
2071
2058
2037
2001
1983
1986
1977
1934
1958
1920
1988
1975
1997
1955
2008
1969
2046
1989
2020
1964
2030
1990
2067
2000
2043
2016
2086
2014
2048
1978
2029
2015
2045
1990
2028
1988
2039
1975
2022
2030
2065
2093
2119
2110
2122
2120
2131
2163
2127
2129
2107
2137
2107
2091
2061
2101
2063
2111
2069
2100
2067
2110
2055
2097
2030
2079
2031
2068
2017
2054
2017
2037
2021
2052
2012
2034
2009
2061
2050
2075
2047
2082
2079
2092
2056
2060
2031
2061
2047
2044
2014
2046
2036
2065
2075
2080
2080
2119
2134
2125
2116
2150
2138
2138
2127
2097
2107
2110
2128
2122
2152
2094
2129
2091
2122
2086
2139
2128
2171
2120
2153
2105
2175
2131
2166
2109
2178
2143
2183
2127
2167
2103
2166
2101
2131
2096
2116
2109
2154
2097
2110
2083
2099
2123
2109
2104
2100
2127
2133
2120
2087
2109
2068
2117
2078
2107
2066
2114
2067
2120
2069
2119
2074
2145
2090
2124
2085
2128
2095
2160
2106
2132
2086
2160
2133
2139
2081
2085
2063
2085
2039
2051
2031
2027
2050
2066
2067
2075
2086
2100
2098
2070
2078
2069
2109
2090
2083
2061
2055
2042
2079
2035
2061
2052
2102
2092
2135
2100
2147
2152
2189
2159
2170
2146
2189
2176
2185
2140
2174
2163
2174
2110
2132
2117
2166
2137
2165
2133
2170
2151
2154
2155
2159
2136
2165
2154
2166
2133
2137
2140
2141
2136
2124
2124
2158
2167
2152
2172
2130
2146
2129
2126
2094
2106
2084
2152
2108
2164
2096
2157
2127
2169
2131
2178
2124
2193
2144
2203
2149
2195
2147
2186
2136
2163
2125
2185
2145
2167
2142
2134
2151
2168
2168
2169
2173
2215
2212
2165
2176
2123
2163
2143
2160
2122
2153
2114
2193
2141
2207
2153
2233
2193
2241
2172
2183
2117
2177
2146
2178
2118
2145
2148
2161
2134
2119
2102
2127
2105
2091
2103
2092
2141
2131
2142
2121
2160
2127
2183
2131
2145
2113
2157
2126
2151
2109
2136
2105
2156
2124
2159
2113
2176
2154
2183
2155
2184
2156
2195
2155
2176
2139
2144
2115
2116
2075
2069
2031
2051
2011
1997
1967
1947
1948
1944
1919
1929
1930
1935
1941
1924
1923
1924
1950
1950
1965
1901
1898
1861
1887
1831
1836
1810
1848
1827
1866
1811
1847
1831
1885
1827
1893
1848
1900
1873
1906
1839
1878
1840
1881
1867
1879
1844
1879
1865
1866
1813
1827
1838
1855
1856
1842
1843
1875
1898
1876
1918
1863
1900
1874
1890
1827
1837
1769
1841
1793
1833
1758
1810
1771
1825
1804
1861
1811
1876
1829
1855
1791
1838
1800
1834
1795
1785
1753
1786
1773
1785
1771
1755
1787
1791
1806
1789
1797
1797
1836
1817
1857
1827
1890
1874
1939
1914
1975
1925
1991
1945
1977
1921
1999
1956
1995
1949
1977
1944
1989
1953
1976
1932
1944
1953
1976
1946
1934
1921
1947
1925
1919
1928
1900
1929
1933
1958
1966
1984
1978
2038
2001
2008
1984
2036
2024
2046
2010
2028
2013
2066
2027
2063
2024
2073
2048
2073
2035
2042
2015
2067
2037
2059
2037
2067
2077
2090
2043
2036
2021
2047
2000
1970
1945
1934
1931
1910
1874
1839
1828
1819
1825
1780
1779
1781
1826
1806
1837
1802
1844
1839
1870
1805
1830
1818
1869
1829
1853
1809
1835
1817
1865
1814
1851
1815
1859
1844
1855
1805
1813
1787
1790
1777
1765
1740
1763
1776
1779
1774
1773
1796
1793
1811
1775
1798
1792
1826
1791
1833
1775
1821
1783
1838
1786
1836
1813
1893
1867
1927
1870
1934
1904
1943
1903
1915
1868
1897
1873
1887
1833
1860
1829
1818
1812
1786
1797
1816
1847
1831
1857
1805
1875
1834
1871
1829
1874
1857
1923
1880
1926
1871
1949
1914
1961
1899
1978
1961
2031
2019
2046
2025
2087
2067
2087
2076
2070
2069
2078
2065
2053
2045
2054
2096
2081
2103
2072
2107
2106
2121
2074
2095
2046
2103
2062
2096
2040
2067
2023
2054
2004
2011
1966
2010
1987
2026
2023
2048
2049
2100
2077
2107
2099
2146
2126
2123
2110
2098
2096
2097
2091
2083
2099
2100
2140
2123
2127
2114
2156
2152
2169
2142
2173
2136
2184
2139
2143
2094
2139
2130
2168
2130
2164
2148
2182
2129
2177
2151
2168
2175
2218
2179
2205
2201
2228
2234
2224
2210
2220
2237
2248
2232
2210
2217
2212
2238
2204
2194
2184
2231
2201
2235
2192
2244
2228
2263
2186
2208
2152
2204
2175
2193
2131
2171
2149
2195
2158
2165
2126
2138
2114
2130
2111
2148
2144
2161
2184
2164
2179
2190
2213
2198
2221
2180
2226
2199
2236
2182
2225
2202
2255
2213
2267
2214
2274
2242
2288
2290
2221
2289
2259
2287
2219
2260
2221
2263
2219
2236
2189
2234
2214
2233
2188
2215
2210
2214
2214
2196
2199
2202
2214
2183
2195
2123
2172
2119
2174
2120
2180
2158
2239
2217
2247
2185
2239
2225
2282
2220
2230
2185
2213
2205
2209
2182
2199
2196
2199
2222
2200
2226
2232
2271
2241
2248
2206
2270
2238
2271
2214
2249
2221
2261
2231
2261
2213
2279
2255
2285
2239
2290
2254
2286
2235
2230
2184
2202
2185
2186
2164
2155
2145
2154
2157
2153
2149
2183
2192
2177
2201
2173
2194
2185
2197
2160
2176
2123
2175
2143
2167
2120
2153
2139
2170
2139
2173
2134
2181
2155
2180
2139
2159
2157
2178
2143
2143
2109
2135
2126
2134
2125
2116
2126
2152
2149
2142
2127
2105
2147
2120
2125
2086
2112
2091
2066
2033
2060
2025
2072
2028
2048
1987
2047
2019
2054
1992
2015
2002
2079
2057
2091
2079
2084
2089
2116
2095
2107
2110
2155
2150
2124
2112
2084
2110
2104
2096
2098
2132
2099
2149
2081
2109
2055
2132
2087
2139
2083
2121
2081
2138
2071
2124
2085
2122
2111
2149
2111
2137
2135
2189
2145
2157
2155
2165
2181
2171
2168
2148
2168
2121
2169
2112
2139
2105
2170
2122
2143
2089
2125
2076
2141
2078
2134
2079
2155
2109
2142
2092
2130
2114
2163
2102
2129
2094
2094
2104
2094
2084
2071
2090
2090
2100
2055
2084
2068
2117
2056
2068
2040
2102
2066
2116
2047
2085
2041
2121
2051
2108
2049
2104
2078
2111
2049
2104
2078
2108
2115
2118
2114
2143
2158
2167
2147
2125
2151
2135
2166
2120
2128
2102
2139
2071
2109
2050
2106
2068
2122
2061
2105
2053
2109
2077
2096
2040
2089
2091
2144
2119
2128
2111
2138
2131
2132
2124
2143
2153
2139
2156
2127
2148
2132
2165
2123
2159
2110
2167
2143
2186
2149
2198
2175
2210
2173
2195
2142
2193
2174
2196
2134
2184
2159
2198
2176
2187
2151
2190
2187
2190
2197
2162
2165
2178
2176
2141
2115
2092
2136
2114
2116
2078
2114
2113
2145
2120
2146
2109
2167
2130
2148
2099
2148
2129
2165
2125
2131
2090
2138
2112
2145
2134
2137
2136
2162
2144
2146
2137
2169
2180
2163
2153
2124
2146
2142
2124
2094
2107
2057
2084
2030
2056
2021
2078
2058
2086
2043
2071
2033
2094
2054
2084
2035
2054
2031
2059
2013
2046
2021
2091
2056
2094
2084
2086
2093
2116
2117
2107
2105
2082
2119
2089
2095
2056
2089
2055
2067
2039
2072
2024
2075
2032
2070
2031
2098
2041
2068
2001
2028
1993
2054
2006
2043
2011
2015
2018
2025
2013
2042
2068
2107
2096
2071
2085
2070
2103
2061
2060
2031
2064
2043
2089
2024
2054
2018
2068
2008
2074
2010
2073
2048
2110
2073
2122
2116
2154
2133
2160
2117
2155
2136
2148
2091
2109
2113
2131
2138
2118
2118
2122
2138
2119
2166
2112
2154
2132
2181
2133
2172
2143
2203
2151
2181
2105
2164
2119
2153
2095
2115
2058
2105
2068
2105
2068
2120
2085
2099
2088
2076
2064
2069
2065
2037
2041
1985
2030
2012
2046
2003
2040
2032
2102
2057
2105
2031
2091
2054
2114
2032
2090
2058
2117
2074
2105
2059
2125
2126
2153
2152
2128
2123
2137
2159
2126
2128
2109
2158
2124
2155
2089
2116
2099
2146
2102
2134
2074
2122
2092
2134
2088
2124
2117
2171
2155
2174
2137
2163
2154
2151
2131
2113
2116
2126
2116
2104
2090
2116
2139
2119
2131
2102
2136
2138
2157
2138
2185
2152
2210
2174
2190
2145
2180
2153
2203
2172
2194
2157
2207
2193
2225
2187
2203
2192
2219
2199
2210
2197
2234
2210
2197
2187
2162
2172
2156
2151
2120
2110
2094
2143
2127
2146
2104
2129
2128
2145
2113
2145
2130
2190
2170
2205
2171
2224
2188
2221
2167
2180
2135
2186
2134
2152
2133
2135
2126
2143
2110
2094
2083
2118
2120
2096
2108
2106
2156
2142
2132
2097
2120
2081
2126
2067
2092
2041
2102
2061
2131
2091
2139
2123
2186
2134
2173
2149
2201
2206
2215
2171
2196
2193
2218
2168
2173
2187
2184
2211
2207
2198
2171
2201
2183
2236
2181
2209
2169
2237
2183
2211
2168
2203
2172
2222
2150
2180
2131
2202
2163
2183
2140
2191
2168
2193
2148
2178
2166
2191
2200
2179
2172
2157
2153
2145
2170
2139
2169
2150
2203
2178
2203
2177
2220
2185
2240
2163
2211
2184
2258
2182
2251
2184
2216
2183
2218
2152
2178
2137
2165
2158
2146
2119
2135
2147
2145
2124
2103
2125
2123
2152
2111
2129
2120
2172
2137
5835
1962
2014
2035
2054
2065
2070
2067
2054
2042
2037
2016
1995
1958
1943
1938
1949
1963
1976
1985
2009
2030
2045
2048
2052
2065
2075
2068
2061
2059
2060
2056
2048
2040
2055
2079
2083
2069
2063
2058
2068
2074
2079
2083
2090
2106
2128
2134
2139
2164
2174
2174
2177
2179
2177
2182
2180
2172
2172
2167
2157
2164
2154
2158
2160
2150
2157
2161
2155
2168
2174
2190
2184
2171
2163
2178
2187
2201
2202
2214
2226
2259
2285
2301
2294
2291
2291
2292
2300
2292
2276
2252
2231
2216
2203
2199
2207
2214
2216
2226
2231
2247
2262
2256
2261
2263
2252
2234
2225
2192
2188
2174
2181
2185
2193
2205
2213
2222
2222
2213
2229
2235
2237
2221
2227
2222
2202
2188
2180
2182
2172
2180
2176
2176
2185
2207
2220
2234
2236
2239
2245
2238
2220
2207
2198
2204
2210
2207
2200
2211
2220
2228
2224
2225
2216
2237
2242
2238
2240
2239
2248
2266
2270
2274
2263
2257
2246
2243
2243
2247
2255
2251
2253
2241
2250
2248
2242
2243
2251
2245
2242
2235
2236
2239
2246
2241
2234
2239
2240
2217
2223
2206
2210
2215
2230
2239
2241
2243
2256
2265
2287
2293
2298
2313
2313
2297
2300
2282
2282
2269
2258
2236
2235
2232
2232
2242
2242
2260
2266
2259
2249
2241
2240
2240
2240
2237
2241
2249
2236
2241
2255
2252
2246
2229
2243
2241
2245
2235
2249
2265
2272
2277
2280
2268
2273
2267
2262
2266
2275
2276
2283
2292
2292
2281
2266
2248
2236
2222
2215
2210
2203
2202
2208
2208
2208
2204
2206
2203
2221
2226
2237
2241
2239
2247
2247
2251
2234
2226
2231
2240
2228
2223
2206
2185
2178
2179
2176
2180
2157
2138
2110
2112
2101
2087
2081
2088
2094
2099
2108
2124
2144
2157
2151
2153
2161
2189
2194
2187
2195
2196
2212
2202
2188
2163
2153
2157
2154
2139
2133
2132
2141
2137
2148
2157
2165
2164
2168
2158
2154
2144
2141
2143
2137
2134
2129
2114
2108
2114
2111
2128
2135
2133
2141
2153
2147
2139
2134
2131
2126
2127
2138
2159
2182
2183
2172
2178
2164
2158
2141
2118
2094
2083
2071
2061
2065
2053
2055
2050
2046
2044
2061
2067
2082
2096
2109
2117
2120
2136
2129
2129
2117
2099
2079
2072
2057
2035
2033
2026
2033
2058
2076
2102
2097
2094
2090
2078
2072
2066
2059
2031
2031
2044
2045
2060
2055
2052
2045
2037
2022
2014
2010
2034
2043
2037
2036
2054
2065
2079
2069
2071
2071
2054
2039
2024
2010
1996
1989
1994
1991
1987
1995
1990
1989
1994
1991
1997
2003
2015
2010
2003
1995
1997
1987
1983
1984
1970
1968
1958
1966
1973
1979
1955
1952
1961
1962
1960
1963
1957
1938
1917
1898
1884
1875
1862
1863
1870
1878
1898
1905
1904
1911
1930
1945
1963
1975
1977
1970
1970
1968
1954
1926
1910
1902
1907
1907
1897
1905
1918
1938
1933
1945
1948
1966
1951
1952
1943
1956
1964
1973
1986
2012
2034
2040
2051
2076
2089
2088
2076
2066
2054
2045
2048
2054
2053
2036
2021
2027
2034
2039
2027
2016
2001
1985
1986
1986
1987
1977
1969
1945
1925
1900
1884
1872
1858
1847
1852
1857
1879
1882
1894
1895
1901
1910
1926
1933
1946
1946
1958
1952
1964
1983
1988
2001
2005
2030
2035
2025
2001
1986
1978
1978
1972
1939
1918
1904
1924
1942
1953
1967
1987
1979
1965
1967
1966
1955
1944
1932
1932
1942
1966
1992
2021
2051
2083
2108
2122
2123
2128
2130
2123
2127
2124
2115
2118
2107
2099
2095
2083
2076
2071
2096
2111
2131
2150
2162
2160
2169
2179
2186
2190
2199
2205
2194
2182
2188
2184
2187
2180
2184
2197
2202
2222
2225
2228
2224
2221
2222
2235
2223
2239
2232
2224
2228
2228
2225
2222
2209
2203
2185
2186
2181
2176
2161
2173
2169
2169
2187
2200
2210
2219
2231
2247
2253
2252
2250
2258
2259
2273
2272
2286
2286
2290
2295
2306
2302
2306
2297
2298
2288
2266
2265
2284
2288
2283
2282
2276
2284
2277
2273
2274
2275
2264
2264
2284
2283
2282
2277
2272
2269
2259
2256
2236
2236
2238
2249
2258
2253
2244
2252
2261
2300
2292
2291
2293
2289
2267
2256
2235
2222
2211
2192
2189
2188
2188
2191
2226
2232
2221
2220
2232
2235
2226
2237
2251
2255
2257
2266
2280
2271
2280
2278
2269
2251
2249
2249
2242
2237
2239
2237
2245
2250
2257
2257
2251
2240
2246
2235
2238
2252
2273
2271
2282
2291
2298
2296
2296
2287
2292
2298
2300
2294
2299
2299
2303
2297
2280
2276
2282
2274
2267
2254
2228
2206
2180
2154
2149
2141
2147
2158
2185
2195
2195
2209
2227
2237
2239
2236
2247
2237
2223
2230
2239
2261
2262
2274
2295
2287
2290
2282
2277
2282
2263
2259
2248
2236
2226
2214
2198
2201
2192
2187
2194
2198
2192
2206
2220
2234
2243
2241
2258
2260
2246
2233
2220
2216
2215
2202
2198
2201
2204
2209
2214
2219
2192
2172
2155
2137
2128
2138
2139
2126
2124
2143
2144
2153
2168
2181
2182
2192
2189
2194
2191
2184
2172
2178
2186
2188
2190
2194
2193
2171
2162
2151
2137
2134
2124
2114
2115
2121
2130
2155
2161
2161
2167
2184
2186
2195
2194
2197
2197
2193
2210
2212
2205
2208
2200
2188
2176
2189
2173
2156
2144
2145
2138
2148
2138
2126
2125
2121
2099
2109
2106
2117
2108
2106
2096
2104
2102
2104
2108
2116
2122
2123
2132
2114
2112
2089
2087
2080
2059
2055
2042
2041
2039
2056
2072
2079
2095
2114
2124
2141
2145
2154
2149
2157
2162
2160
2146
2135
2138
2129
2120
2115
2109
2114
2111
2110
2121
2136
2118
2122
2126
2121
2116
2121
2093
2082
2051
2044
2038
2044
2023
2008
2004
1998
1988
1983
1980
1997
2014
2022
2020
2021
2019
2029
2035
2042
2039
2044
2037
2038
2063
2072
2091
2100
2106
2101
2105
2102
2107
2092
2095
2089
2067
2064
2052
2062
2066
2062
2056
2067
2060
2047
2051
2067
2063
2074
2086
2117
2122
2129
2144
2154
2169
2183
2180
2165
2149
2140
2125
2105
2096
2083
2081
2084
2104
2102
2119
2125
2127
2122
2145
2151
2161
2150
2128
2117
2097
2073
2053
2052
2036
2025
2015
2019
2023
2039
2043
2049
2058
2063
2074
2075
2058
2043
2029
2033
2044
2041
2050
2066
2075
2078
2082
2083
2085
2094
2093
2101
2112
2121
2125
2140
2130
2117
2119
2119
2104
2101
2090
2092
2075
2055
2039
2046
2055
2058
2054
2035
2021
1996
1967
1956
1975
1971
1976
1988
2009
2022
2026
2025
2027
2046
2056
2057
2062
2069
2056
2055
2050
2043
2036
2043
2048
2026
2012
1998
1988
1976
1982
1978
1983
1984
2005
2017
2018
2010
2011
2013
2017
2013
2030
2031
2059
2073
2098
2096
2109
2094
2096
2078
2063
2044
2037
2029
2022
2023
2038
2041
2038
2048
2059
2062
2051
2065
2089
2098
2116
2143
2154
2155
2156
2156
2145
2136
2130
2117
2118
2117
2095
2079
2068
2071
2064
2080
2093
2095
2100
2118
2141
2133
2133
2125
2131
2140
2147
2142
2142
2153
2170
2176
2187
2180
2167
2134
2133
2134
2133
2120
2121
2113
2114
2117
2141
2143
2141
2140
2138
2131
2121
2107
2103
2104
2093
2092
2088
2087
2085
2099
2093
2100
2081
2064
2043
2033
2024
2005
2002
2004
1999
1991
1983
1969
1967
1943
1965
1974
1977
1986
1981
1987
2008
2001
1995
1998
1999
1988
1989
2000
2010
2026
2031
2026
2019
2023
2027
2030
2032
2054
2034
2043
2049
2060
2055
2062
2057
2058
2053
2051
2047
2028
2021
2029
2021
2031
2029
2038
2051
2064
2058
2075
2065
2071
2065
2071
2063
2054
2064
2058
2062
2067
2100
2112
2118
2134
2148
2161
2172
2181
2195
2181
2158
2148
2125
2126
2103
2079
2051
2055
2036
2033
2028
2036
2039
2065
2068
2072
2060
2071
2063
2059
2042
2044
2050
2043
2048
2058
2066
2069
2071
2079
2081
2085
2074
2084
2094
2102
2113
2130
2143
2144
2148
2154
2142
2128
2141
2144
2131
2131
2125
2123
2125
2132
2135
2128
2100
2091
2091
2093
2108
2117
2109
2109
2127
2141
2144
2151
2140
2151
2163
2179
2179
2180
2161
2164
2163
2160
2151
2141
2129
2131
2118
2124
2111
2102
2115
2121
2137
2141
2155
2146
2158
2164
2167
2167
2150
2148
2142
2115
2103
2095
2087
2084
2086
2098
2100
2107
2121
2127
2128
2137
2159
2158
2156
2155
2159
2152
2157
2154
2172
2176
2179
2178
2182
2186
2176
2175
2172
2187
2199
2205
2219
2231
2240
2238
2222
2218
2205
2188
2178
2179
2183
2172
2181
2188
2204
2213
2239
2249
2255
2252
2253
2259
2260
2258
2256
2257
2256
2263
2263
2272
2276
2286
2289
2282
2288
2287
2263
2266
2261
2271
2261
2268
2271
2284
2295
2301
2291
2279
2264
2262
2248
2229
2220
2223
2214
2214
2207
2217
2218
2213
2223
2220
2218
2204
2201
2200
2191
2191
2175
2160
2142
2136
2154
2153
2153
2163
2193
2201
2202
2195
2180
2168
2172
2167
2143
2134
2128
2138
2137
2118
2099
2089
2099
2115
2116
2133
2152
2162
2181
2174
2157
2165
2150
2156
2163
2180
2197
2210
2228
2230
2233
2226
2218
2211
2194
2163
2127
2092
2071
2066
2070
2072
2072
2079
2098
2109
2125
2133
2138
2140
2158
2171
2160
2164
2179
2196
2207
2212
2213
2212
2208
2210
2202
2204
2201
2197
2197
2202
2183
2191
2188
2186
2183
2168
2156
2145
2120
2119
2108
2097
2081
2060
2043
2019
1991
1959
1941
1912
1903
1906
1920
1928
1966
1983
2022
2038
2071
2090
2105
2097
2112
2106
2130
2132
2138
2126
2107
2085
2073
2069
2057
2045
2043
2027
2016
2020
2027
2040
2037
2044
2051
2053
2059
2063
2061
2067
2074
2089
2093
2101
2110
2101
2108
2122
2133
2156
2159
2166
2171
2158
2142
2124
2127
2128
2139
2158
2156
2164
2153
2156
2150
2159
2170
2178
2183
2203
2212
2218
2221
2210
2212
2209
2209
2200
2206
2209
2209
2209
2220
2209
2198
2192
2185
2166
2142
2129
2126
2109
2115
2129
2129
2134
2148
2154
2161
2171
2171
2182
2188
2205
2204
2204
2214
2213
2209
2201
2178
2156
2152
2141
2132
2122
2131
2139
2127
2119
2101
2081
2055
2031
2012
1996
1978
1972
1979
1991
2023
2061
2089
2108
2122
2118
2106
2100
2093
2099
2102
2100
2105
2122
2120
2135
2133
2120
2106
2101
2092
2081
2078
2072
2072
2062
2068
2067
2074
2078
2084
2092
2078
2061
2048
2029
2003
1971
1955
1923
1904
1899
1893
1876
1871
1863
1853
1825
1803
1789
1762
1755
1759
1765
1791
1803
1817
1828
1840
1839
1860
1853
1832
1832
1832
1824
1823
1828
1839
1867
1855
1861
1854
1848
1840
1854
1861
1884
1890
1896
1903
1897
1888
1878
1873
1884
1882
1883
1863
1859
1879
1889
1901
1907
1910
1924
1941
1947
1965
1956
1956
1953
1951
1956
1948
1953
1967
1979
1991
1984
1977
1969
1972
1968
1977
1979
1952
1957
1963
1966
1959
1961
1963
1962
1953
1955
1930
1911
1903
1911
1928
1943
1965
1987
1989
1981
1977
1980
1964
1954
1926
1919
1925
1917
1916
1917
1904
1899
1881
1859
1838
1808
1804
1785
1787
1780
1795
1811
1830
1837
1853
1873
1899
1911
1940
1947
1946
1949
1969
1970
1976
1978
1985
1990
1977
1978
1982
1973
1953
1953
1946
1943
1933
1935
1919
1891
1849
1797
1752
1724
1695
1685
1671
1656
1646
1657
1659
1692
1721
1739
1754
1771
1771
1787
1819
1841
1851
1859
1871
1871
1879
1866
1863
1865
1875
1884
1902
1898
1914
1916
1917
1927
1927
1925
1922
1938
1962
1971
1970
1998
2013
2022
2026
2029
2032
2045
2037
2032
2011
1998
1982
1954
1935
1939
1929
1926
1925
1923
1916
1924
1929
1927
1903
1891
1873
1862
1867
1885
1901
1920
1934
1944
1944
1941
1941
1942
1956
1956
1953
1943
1946
1933
1919
1899
1884
1871
1864
1836
1807
1795
1787
1789
1797
1811
1805
1814
1832
1844
1849
1865
1861
1875
1890
1886
1889
1904
1919
1926
1947
1979
1992
2002
2006
2018
2009
2010
2006
1992
1993
1989
1973
1979
1987
1976
1976
1982
1977
1964
1955
1955
1947
1929
1929
1931
1948
1948
1942
1950
1960
1963
1963
1956
1970
1976
1971
1976
1985
1972
1967
1966
1947
1950
1938
1928
1918
1914
1909
1918
1934
1952
1971
2000
2018
2023
2026
2032
2034
2039
2043
2033
2038
2033
2030
2027
2017
2019
2021
2023
2023
2035
2050
2049
2053
2039
2027
2003
2004
1989
1947
1915
1903
1897
1880
1891
1914
1924
1937
1945
1946
1940
1944
1960
1965
1977
1999
2000
1985
1977
1970
1984
1982
1984
1989
1988
1979
1988
1993
2005
2024
2034
2044
2052
2074
2065
2069
2062
2057
2046
2030
2032
2004
1990
1990
1986
1981
1970
1960
1947
1934
1938
1934
1962
1963
1973
2004
2025
2031
2043
2057
2078
2106
2119
2115
2108
2124
2128
2130
2128
2146
2141
2153
2158
2177
2178
2176
2168
2189
2201
2211
2200
2193
2188
2188
2175
2170
2154
2141
2132
2124
2113
2112
2109
2105
2098
2087
2093
2116
2142
2165
2192
2192
2194
2190
2199
2204
2208
2195
2186
2188
2202
2218
2229
2230
2230
2227
2241
2241
2243
2222
2205
2204
2206
2197
2183
2172
2174
2182
2186
2202
2189
2193
2204
2208
2206
2209
2201
2218
2202
2188
2186
2177
2179
2182
2193
2208
2221
2228
2235
2252
2255
2244
2236
2217
2220
2224
2226
2214
2231
2230
2225
2224
2233
2235
2238
2230
2223
2226
2221
2224
2226
2214
2206
2194
2194
2179
2181
2163
2166
2172
2177
2188
2196
2193
2187
2177
2165
2160
2162
2165
2163
2170
2172
2184
2190
2201
2203
2200
2203
2203
2210
2202
2193
2190
2183
2164
2181
2183
2188
2194
2191
2187
2189
2195
2204
2213
2219
2238
2234
2233
2234
2238
2225
2206
2208
2223
2228
2231
2220
2218
2222
2215
2203
2209
2204
2203
2206
2206
2187
2181
2189
2211
2228
2235
2237
2234
2237
2257
2250
2241
2240
2224
2228
2224
2240
2256
2252
2262
2265
2264
2276
2287
2295
2296
2293
2294
2284
2279
2262
2250
2234
2226
2221
2221
2219
2230
2246
2235
2247
2256
2252
2265
2248
2247
2242
2237
2230
2210
2189
2162
2152
2131
2130
2127
2151
2175
2180
2195
2202
2197
2208
2215
2223
2231
2232
2229
2237
2232
2242
2248
2242
2234
2219
2220
2211
2214
2219
2210
2221
2224
2239
2245
2242
2232
2240
2258
2250
2243
2233
2223
2208
2199
2209
2222
2226
2233
2219
2218
2209
2208
2206
2207
2224
2243
2236
2246
2237
2227
2224
2240
2232
2229
2226
2230
2222
2225
2227
2212
2206
2206
2197
2200
2212
2209
2204
2201
2204
2196
2206
2194
2186
2168
2155
2146
2140
2127
2128
2138
2145
2141
2146
2162
2161
2152
2151
2144
2143
2135
2142
2133
2125
2130
2151
2164
2169
2172
2174
2184
2194
2208
2215
2211
2205
2198
2189
2176
2166
2154
2161
2174
2158
2161
2166
2169
2150
2142
2134
2123
2110
2091
2098
2106
2105
2109
2125
2127
2124
2124
2143
2147
2162
2157
2167
2172
2169
2161
2154
2150
2145
2125
2115
2100
2097
2078
2057
2016
1980
1947
1931
1899
1895
1901
1901
1910
1936
1957
1968
1984
1969
1961
1964
1963
1950
1955
1953
1957
1958
1970
1968
1974
1983
1996
1990
1992
1992
1991
1988
1988
1982
1976
1974
1971
1980
1990
2005
2024
2052
2058
2054
2049
2037
2019
2002
1988
1996
1999
2006
2038
2049
2056
2067
2084
2088
2093
2098
2092
2090
2079
2093
2093
2098
2100
2062
2029
2008
1992
1984
1981
1968
1963
1970
1989
1995
1995
1993
2011
2020
2025
2025
2023
2026
2022
2024
2033
2061
2082
2102
2103
2120
2118
2124
2103
2100
2106
2127
2149
2161
2177
2174
2180
2177
2185
2190
2202
2192
2181
2189
2194
2190
2182
2178
2176
2176
2186
2180
2200
2213
2217
2213
2217
2210
2225
2230
2208
2190
2183
2171
2167
2148
2151
2136
2139
2151
2161
2152
2156
2159
2152
2155
2160
2174
2190
2202
2185
2172
2166
2182
2171
2156
2151
2134
2122
2104
2085
2079
2062
2059
2057
2055
2053
2057
2058
2064
2072
2099
2099
2103
2107
2123
2122
2125
2152
2158
2171
2176
2173
2166
2167
2176
2172
2172
2178
2165
2163
2158
2156
2145
2142
2137
2131
2134
2122
2124
2144
2149
2155
2144
2134
2134
2135
2135
2140
2151
2154
2151
2143
2155
2154
2149
2134
2126
2108
2089
2075
2075
2061
2054
2067
2062
2068
2083
2097
2106
2107
2114
2114
2124
2131
2138
2147
2148
2164
2171
2161
2160
2161
2168
2175
2191
2201
2201
2199
2202
2202
2198
2190
2183
2184
2174
2167
2164
2160
2163
2161
2148
2152
2156
2140
2136
2139
2149
2144
2156
2158
2162
2151
2146
2144
2147
2146
2136
2135
2131
2128
2134
2147
2152
2162
2155
2158
2152
2130
2108
2101
2080
2078
2059
2049
2038
2030
2035
2036
2030
2035
2032
2029
2024
2035
2048
2064
2072
2089
2096
2097
2104
2107
2102
2095
2097
2101
2105
2110
2112
2093
2091
2079
2068
2044
2030
2008
1996
1981
1960
1962
1972
1983
1984
2003
2003
1999
2009
2005
2005
2002
1999
2009
2004
1993
2010
2027
2047
2044
2073
2087
2092
2092
2092
2092
2083
2088
2069
2067
2069
2072
2067
2079
2088
2083
2072
2057
2049
2052
2034
2016
1999
1979
1967
1969
1977
1979
1978
1983
1995
2027
2049
2079
2090
2090
2087
2099
2085
2094
2100
2114
2113
2110
2107
2097
2097
2092
2078
2065
2068
2072
2068
2068
2071
2061
2081
2095
2101
2105
2118
2121
2111
2099
2101
2122
2123
2126
2124
2128
2135
2136
2136
2139
2135
2129
2109
2109
2111
2121
2115
2104
2106
2097
2081
2078
2082
2092
2110
2122
2135
2144
2144
2146
2146
2129
2110
2100
2077
2068
2057
2044
2032
2019
2019
2028
2024
2016
2012
2010
2015
2022
2023
2014
2023
2027
2019
2012
2015
2019
2022
2038
2059
2071
2072
2070
2086
2103
2089
2091
2100
2096
2101
2107
2097
2094
2081
2067
2069
2073
2061
2079
2083
2094
2117
2133
2128
2141
2134
2135
2126
2110
2106
2110
2107
2111
2113
2121
2125
2131
2109
2081
2070
2058
2043
2033
2031
2015
2007
1998
2010
2022
2036
2043
2052
2051
2045
2036
2032
2031
2035
2030
2036
2038
2043
2046
2049
2056
2055
2051
2038
2053
2049
2063
2079
2092
2092
2101
2095
2090
2093
2098
2095
2106
2091
2103
2118
2139
2147
2145
2140
2136
2132
2133
2118
2108
2104
2113
2110
2093
2083
2072
2058
2037
2036
2022
2027
2025
2028
2029
2044
2064
2086
2103
2101
2095
2092
2104
2120
2127
2111
2108
2113
2083
2081
2081
2082
2069
2073
2073
2083
2091
2088
2094
2098
2101
2084
2075
2071
2075
2081
2084
2069
2058
2052
2047
2045
2039
2046
2056
2065
2066
2055
2052
2051
2039
2028
2026
2029
2025
2021
2016
2025
2034
2047
2041
2046
2052
2044
2028
2018
2011
1999
1999
1999
2001
2009
2004
1997
1992
1988
1985
1991
2009
2014
2026
2043
2039
2035
2039
2039
2045
2049
2061
2067
2067
2062
2057
2056
2056
2068
2059
2064
2049
2048
2042
2049
2024
2014
2000
1999
2006
2011
2019
2027
2033
2050
2047
2063
2072
2077
2081
2080
2075
2068
2058
2040
2015
1997
1976
1943
1911
1872
1837
1813
1803
1800
1807
1811
1817
1821
1839
1846
1857
1861
1882
1897
1916
1923
1918
1926
1911
1897
1898
1903
1913
1911
1906
1924
1938
1951
1961
1989
1999
2020
2020
2014
2004
2011
2019
2022
2016
2023
2022
2011
2005
1997
1986
1972
1957
1940
1932
1926
1917
1910
1904
1917
1937
1958
1958
1956
1947
1927
1912
1903
1883
1851
1839
1847
1857
1868
1891
1899
1885
1875
1888
1894
1904
1905
1917
1921
1922
1939
1957
1960
1963
1966
1963
1974
1980
1977
1950
1917
1886
1853
1815
1790
1777
1786
1786
1799
1843
1881
1925
1945
1962
1971
1982
1988
2009
2024
2025
2022
2010
1986
1978
1969
1952
1935
1923
1931
1917
1922
1924
1923
1927
1929
1933
1956
1967
1974
1974
1976
1978
1972
1986
1981
1978
1977
1980
1987
1990
1992
1989
1976
1966
1973
1946
1944
1938
1935
1938
1938
1952
1962
1984
1994
2006
2015
2039
2040
2042
2051
2055
2060
2058
2071
2080
2075
2080
2087
2093
2079
2053
2027
2022
1997
1980
1971
1965
1957
1961
1961
1962
1978
1981
1986
1978
1972
1977
1967
1975
1970
1972
1991
2001
2024
2047
2049
2051
2054
2066
2072
2066
2056
2043
2049
2039
2035
2040
2018
1991
2001
1999
1991
1990
1997
2009
2019
2020
2010
2012
2003
2000
2010
2026
2026
2018
2002
1987
1973
1981
1972
1971
1949
1948
1934
1942
1939
1933
1940
1935
1918
1905
1910
1899
1905
1912
1917
1921
1935
1944
1938
1931
1925
1926
1931
1939
1936
1935
1926
1928
1938
1963
1981
1967
1970
1970
1982
1977
1974
1978
1977
1957
1951
1945
1925
1912
1892
1882
1858
1867
1872
1886
1895
1902
1909
1923
1928
1938
1927
1938
1939
1933
1936
1941
1940
1933
1926
1922
1934
1939
1956
1959
1954
1954
1963
1964
1955
1955
1966
1969
1979
2007
2019
2005
2011
1997
1999
1991
2008
2003
2002
2003
2007
1997
1989
1983
1969
1956
1961
1936
1939
1948
1951
1942
1943
1940
1923
1895
1889
1869
1849
1833
1826
1814
1803
1807
1824
1845
1852
1860
1885
1900
1920
1925
1932
1945
1938
1922
1923
1902
1866
1825
1791
1773
1772
1776
1845
1843
1833
1842
1863
1849
1833
1823
1818
1830
1846
1831
1844
1834
1836
1813
1819
1808
1797
1789
1800
1813
1839
1846
1854
1873
1878
1877
1880
1869
1866
1859
1859
1859
1869
1882
1895
1906
1914
1927
1936
1935
1926
1903
1890
1897
1894
1903
1897
1924
1937
1964
1974
1981
1983
1987
1985
1986
1981
1975
1987
1993
2007
2003
1995
1999
1995
2004
2021
2030
2033
2024
2026
2028
2017
2017
2024
2018
2012
2013
2001
1999
2006
2015
2015
2019
2019
2026
2038
2043
2053
2068
2072
2083
2083
2072
2059
2050
2036
2035
2033
2031
2030
2039
2037
2031
2035
2026
2025
2014
2016
1998
2007
2026
2041
2061
2072
2067
2065
2057
2041
2048
2064
2053
2055
2045
2061
2067
2084
2087
2079
2069
2063
2064
2060
2048
2042
2016
2001
1994
1984
1952
1929
1921
1916
1921
1935
1923
1931
1935
1949
1953
1961
1967
1989
2002
1993
1995
1995
2008
2004
2003
1998
2009
2010
2001
1999
1994
1986
1992
1988
1970
1978
1986
1976
1970
1960
1944
1922
1911
1926
1935
1945
1954
1965
1962
1968
1976
1971
1976
1979
1982
1992
2003
2008
1988
1981
1978
1961
1940
1933
1934
1927
1926
1931
1931
1925
1940
1963
1986
1999
2015
2043
2060
2066
2069
2059
2058
2046
2018
2011
1997
1984
1975
1968
1944
1937
1939
1928
1913
1900
1884
1887
1882
1881
1873
1893
1893
1908
1907
1911
1896
1895
1901
1909
1904
1897
1894
1887
1890
1903
1918
1925
1931
1937
1934
1939
1934
1919
1887
1883
1894
1899
1907
1902
1910
1914
1937
1929
1937
1936
1945
1929
1927
1918
1924
1926
1922
1916
1920
1930
1939
1931
1927
1912
1894
1885
1875
1870
1862
1855
1855
1866
1876
1882
1894
1918
1937
1966
1979
1976
1989
2007
2022
2032
2055
2069
2088
2091
2089
2075
2066
2068
2060
2052
2042
2038
2041
2043
2048
2056
2063
2085
2104
2095
2087
2075
2063
2046
2043
2025
2022
2013
1977
1970
1958
1945
1926
1918
1933
1943
1946
1961
1976
1994
2000
2010
2018
2024
2008
2001
1991
1979
1976
1987
1994
1997
1983
1980
1979
1987
1982
1988
1999
2016
2020
2012
2004
2010
2010
2025
2008
2003
2008
2000
2000
1998
1988
1988
1988
1980
1990
2016
2025
2029
2018
2020
2026
2000
1994
1991
1981
1985
1984
1987
1987
1982
1982
1973
1969
1973
1978
1977
1990
1983
1976
1963
1945
1921
1913
1913
1901
1900
1902
1896
1912
1932
1940
1939
1948
1946
1946
1939
1967
1979
1985
1985
2018
2025
2026
2031
2042
2053
2058
2047
2030
2028
2022
2011
2010
2006
2009
2008
2010
2002
1998
1996
1991
1997
2004
2000
1989
1997
1980
1965
1959
1967
1961
1955
1970
1964
1962
1967
1991
2005
2007
2011
2001
1985
1970
1965
1960
1969
1979
1999
2018
2024
2049
2049
2060
2051
2034
2017
2010
2001
1981
1975
1971
1971
1959
1958
1963
1947
1946
1934
1933
1937
1950
1969
1975
1979
1983
1987
1997
2004
2007
2007
1996
2001
1996
1988
1985
1976
1964
1973
1979
1977
1967
1978
1962
1948
1915
1883
1860
1847
1827
1832
1825
1839
1873
1880
1886
1897
1897
1903
1921
1919
1928
1930
1925
1926
1921
1898
1889
1883
1889
1877
1873
1867
1833
1799
1787
1759
1734
1717
1683
1671
1643
1641
1623
1625
1626
1628
1625
1640
1658
1679
1683
1681
1680
1671
1650
1617
1611
1605
1597
1595
1578
1568
1571
1587
1608
1617
1615
1632
1643
1649
1657
1666
1687
1699
1687
1686
1686
1677
1681
1708
1729
1737
1746
1756
1754
1750
1764
1759
1770
1779
1778
1759
1736
1726
1725
1733
1734
1739
1759
1772
1800
1828
1867
1884
1903
1931
1945
1944
1962
1965
1960
1965
1951
1945
1935
1921
1899
1886
1898
1901
1901
1915
1930
1947
1956
1970
1958
1956
1947
1942
1947
1960
1964
1965
1967
1994
2015
2040
2053
2074
2084
2089
2095
2103
2103
2092
2076
2054
2026
2008
1970
1960
1951
1935
1937
1956
1959
1953
1957
1966
1972
1978
1974
1994
1992
1991
1985
1993
1999
1991
1985
2005
2019
2013
2024
2031
2025
2017
2021
2017
2022
2012
2008
2018
2034
2053
2083
2117
2131
2147
2167
2164
2162
2159
2156
2158
2161
2148
2135
2121
2115
2122
2122
2111
2110
2096
2074
2069
2063
2066
2070
2057
2028
2015
2000
2005
2000
2000
1990
1987
1981
1971
1989
2001
2010
2026
2033
2044
2039
2040
2023
2017
2021
2013
2021
2026
2034
2033
2039
2033
2056
2076
2087
2096
2106
2113
2131
2145
2140
2138
2128
2118
2093
2098
2102
2103
2116
2134
2143
2142
2119
2116
2090
2102
2087
2093
2104
2105
2118
2124
2147
2157
2165
2152
2139
2138
2132
2130
2132
2127
2123
2102
2097
2089
2077
2070
2073
2088
2090
2087
2085
2079
2081
2069
2073
2079
2091
2103
2111
2105
2098
2089
2089
2075
2074
2070
2066
2077
2082
2093
2094
2090
2089
2084
2080
2087
2086
2092
2108
2109
2109
2108
2111
2117
2103
2088
2051
2028
2004
1997
2000
2013
2002
1994
2008
1993
1975
1977
1993
2005
2016
2023
2037
2039
2039
2046
2069
2087
2101
2111
2121
2122
2126
2129
2145
2166
2172
2184
2206
2207
2202
2194
2200
2189
2170
2153
2143
2133
2126
2124
2125
2126
2131
2141
2156
2179
2185
2189
2188
2191
2183
2190
2184
2175
2166
2149
2143
2142
2142
2148
2155
2166
2164
2152
2148
2141
2125
2115
2115
2114
2094
2093
2118
2137
2149
2156
2154
2150
2156
2166
2178
2186
2192
2194
2192
2188
2175
2176
2167
2163
2152
2158
2159
2172
2176
2184
2172
2182
2180
2178
2187
2205
2202
2202
2194
2196
2196
2193
2178
2177
2168
2167
2167
2167
2158
2160
2167
2162
2157
2154
2151
2142
2152
2155
2161
2163
2178
2183
2200
2202
2200
2202
2200
2182
2161
2133
2136
2132
2124
2118
2140
2152
2159
2168
2168
2171
2163
2150
2140
2135
2128
2135
2135
2141
2146
2148
2154
2145
2131
2133
2134
2148
2154
2144
2158
2160
2167
2179
2180
2176
2151
2132
2084
2055
2018
1982
1959
1950
1934
1908
1893
1896
1911
1903
1899
1913
1915
1911
1895
1905
1897
1886
1880
1867
1855
1859
1845
1815
1805
1795
1810
1830
1834
1852
1862
1853
1845
1840
1830
1843
1835
1825
1818
1807
1809
1811
1811
1818
1823
1814
1803
1796
1792
1784
1789
1781
1785
1786
1810
1821
1828
1830
1842
1838
1834
1829
1822
1799
1780
1752
1741
1736
1732
1724
1733
1743
1765
1790
1814
1806
1801
1767
1745
1739
1727
1730
1723
1733
1725
1724
1722
1739
1745
1762
1781
1781
1784
1785
1784
1794
1802
1800
1812
1853
1870
1893
1915
1922
1917
1931
1943
1946
1957
1971
1964
1952
1953
1954
1957
1965
1976
1989
1982
1979
1986
1980
1980
1965
1954
1948
1952
1956
1953
1948
1959
1954
1975
1993
2005
2023
2043
2051
2048
2058
2057
2057
2060
2034
2020
2015
2014
2018
2057
2075
2088
2107
2115
2107
2111
2103
2090
2074
2065
2053
2038
2023
2010
2023
2026
2013
1999
1980
1966
1961
1971
1961
1947
1957
1938
1908
1885
1877
1860
1834
1805
1786
1770
1780
1789
1810
1823
1836
1848
1855
1867
1871
1874
1890
1894
1899
1909
1902
1890
1892
1885
1875
1861
1851
1827
1816
1801
1789
1775
1771
1745
1741
1743
1755
1758
1771
1772
1768
1769
1777
1787
1797
1811
1810
1821
1814
1826
1813
1826
1827
1835
1835
1835
1832
1839
1845
1854
1858
1885
1890
1862
1855
1844
1836
1829
1831
1839
1841
1832
1825
1809
1793
1778
1778
1785
1790
1787
1810
1827
1848
1859
1879
1900
1914
1907
1922
1911
1915
1922
1925
1942
1947
1967
1963
1968
1969
1999
2037
2079
2073
2075
2073
2083
2085
2097
2082
2075
2064
2063
2059
2065
2063
2073
2069
2078
2063
2063
2063
2063
2063
2059
2055
2059
2045
2026
1998
1991
1967
1952
1936
1934
1952
1959
1981
2010
2039
2067
2086
2113
2107
2099
2102
2107
2106
2106
2104
2074
2068
2064
2090
2085
2081
2099
2121
2130
2156
2162
2169
2170
2171
2178
2172
2167
2177
2172
2177
2189
2180
2174
2156
2152
2143
2139
2156
2176
2193
2211
2212
2238
2243
2242
2253
2272
2278
2273
2270
2260
2249
2249
2251
2257
2262
2269
2274
2255
2257
2258
2253
2262
2256
2256
2248
2252
2235
2230
2219
2205
2178
2170
2164
2153
2147
2129
2130
2125
2135
2124
2114
2133
2152
2158
2163
2181
2183
2180
2196
2186
2195
2195
2222
2221
2231
2231
2244
2243
2255
2267
2274
2285
2309
2307
2306
2305
2306
2308
2313
2316
2324
2334
2328
2311
2287
2274
2274
2266
2240
2231
2192
2181
2197
2197
2210
2208
2193
2179
2181
2176
2173
2154
2147
2146
2150
2151
2156
2174
2183
2195
2233
2236
2243
2258
2262
2243
2228
2226
2222
2222
2214
2207
2206
2216
2217
2215
2201
2207
2224
2245
2268
2280
2273
2268
2270
2269
2263
2260
2236
2230
2228
2229
2232
2231
2238
2248
2262
2273
2296
2313
2313
2294
2270
2263
2245
2212
2201
2181
2170
2152
2167
2167
2167
2174
2194
2216
2223
2232
2238
2231
2214
2202
2198
2188
2182
2177
2169
2166
2175
2169
2171
2165
2163
2185
2204
2206
2216
2209
2207
2201
2200
2202
2190
2177
2180
2185
2172
2167
2161
2171
2160
2163
2174
2188
2182
2173
2179
2170
2164
2152
2142
2134
2116
2106
2095
2105
2094
2085
2074
2074
2067
2059
2049
2045
2054
2055
2062
2077
2079
2070
2089
2099
2110
2111
2122
2132
2153
2154
2149
2147
2154
2147
2123
2111
2101
2096
2097
2095
2099
2112
2121
2122
2131
2127
2131
2138
2132
2122
2127
2143
2146
2142
2140
2149
2161
2167
2166
2187
2193
2200
2196
2204
2197
2183
2163
2162
2158
2160
2148
2151
2142
2126
2110
2113
2102
2103
2103
2127
2127
2137
2127
2117
2113
2100
2103
2111
2127
2129
2119
2113
2107
2098
2108
2100
2096
2102
2113
2108
2120
2118
2103
2105
2107
2107
2128
2122
2115
2103
2096
2095
2091
2088
2091
2094
2102
2114
2118
2120
2120
2108
2102
2095
2094
2087
2084
2083
2088
2102
2107
2132
2134
2151
2156
2161
2166
2169
2149
2150
2138
2132
2124
2124
2116
2103
2102
2078
2074
2075
2080
2078
2082
2095
2117
2112
2114
2114
2122
2128
2142
2135
2148
2150
2152
2161
2159
2157
2148
2155
2162
2157
2138
2117
2107
2110
2111
2135
2166
2184
2196
2197
2189
2195
2200
2207
2207
2199
2196
2200
2180
2172
2171
2174
2192
2205
2211
2217
2208
2213
2208
2192
2189
2173
2167
2164
2155
2145
2129
2141
2143
2134
2127
2115
2131
2136
2148
2153
2149
2162
2169
2173
2171
2168
2157
2137
2123
2109
2103
2090
2102
2123
2137
2153
2163
2159
2167
2167
2175
2180
2175
2156
2141
2141
2147
2140
2131
2114
2095
2076
2058
2043
2034
2026
2042
2061
2076
2069
2090
2097
2101
2098
2088
2071
2068
2076
2081
2086
2090
2091
2089
2089
2079
2102
2107
2112
2122
2120
2106
2124
2131
2121
2107
2107
2086
2075
2062
2053
2046
2051
2044
2038
2032
2040
2032
2033
2027
2021
2021
2020
2003
1987
1993
2005
2000
2014
2035
2054
2073
2080
2088
2084
2093
2085
2089
2073
2066
2051
2039
2029
2023
2012
2012
2021
2023
2022
2024
2033
2050
2065
2086
2123
2135
2155
2158
2164
2177
2180
2172
2168
2153
2145
2147
2163
2167
2171
2162
2168
2172
2179
2180
2180
2183
2191
2201
2191
2195
2211
2209
2203
2202
2204
2197
2183
2172
2141
2115
2112
2099
2083
2078
2079
2071
2065
2065
2085
2104
2109
2107
2093
2094
2078
2066
2058
2055
2040
2042
2046
2067
2064
2079
2083
2104
2105
2119
2121
2113
2100
2087
2074
2076
2069
2071
2085
2100
2117
2126
2150
2154
2177
2180
2182
2182
2184
2174
2156
2152
2148
2148
2160
2134
2131
2112
2114
2116
2115
2110
2112
2119
2120
2123
2130
2142
2149
2159
2160
2156
2140
2150
2152
2146
2143
2128
2121
2114
2105
2112
2115
2120
2125
2132
2154
2171
2195
2204
2211
2198
2192
2188
2190
2192
2202
2199
2206
2224
2231
2229
2244
2260
2260
2255
2257
2252
2236
2229
2224
2213
2199
2178
2185
2185
2184
2183
2156
2143
2139
2137
2148
2144
2159
2145
2131
2132
2146
2151
2156
2187
2192
2204
2218
2223
2222
2211
2211
2195
2177
2146
2118
2110
2099
2096
2088
2092
2084
2078
2075
2091
2088
2106
2115
2131
2145
2166
2163
2142
2124
2103
2091
2089
2095
2101
2103
2128
2135
2144
2154
2174
2173
2182
2192
2202
2209
2215
2240
2252
2247
2234
2229
2222
2212
2212
2217
2209
2203
2206
2200
2215
2226
2222
2223
2226
2220
2204
2202
2209
2203
2196
2204
2198
2185
2194
2200
2207
2196
2199
2199
2195
2198
2198
2201
2197
2198
2208
2203
2207
2200
2190
2178
2181
2170
2177
2182
2197
2191
2200
2202
2215
2218
2219
2226
2238
2247
2242
2238
2245
2234
2231
2220
2221
2214
2202
2195
2178
2175
2168
2162
2171
2178
2182
2191
2189
2186
2174
2161
2152
2148
2137
2137
2146
2158
2162
2173
2185
2184
2173
2169
2160
2150
2128
2115
2123
2138
2145
2126
5835
1980
2047
2107
2143
2149
2139
2127
2094
2060
2021
1945
1883
1801
1745
1740
1769
1816
1889
1954
2022
2059
2088
2112
2140
2144
2158
2131
2106
2089
2086
2073
2081
2063
2086
2117
2127
2091
2083
2083
2108
2106
2131
2138
2170
2208
2259
2300
2340
2373
2382
2382
2372
2368
2345
2343
2324
2308
2295
2292
2275
2265
2245
2246
2240
2244
2233
2247
2247
2273
2291
2289
2277
2270
2267
2292
2311
2339
2360
2402
2455
2521
2576
2605
2615
2632
2626
2614
2588
2515
2441
2373
2335
2280
2260
2258
2277
2299
2336
2390
2443
2473
2503
2487
2483
2446
2418
2344
2284
2222
2191
2170
2188
2203
2242
2279
2320
2338
2354
2371
2387
2382
2395
2363
2340
2319
2276
2231
2199
2180
2182
2218
2230
2257
2302
2361
2388
2422
2419
2424
2401
2375
2353
2323
2298
2303
2291
2294
2308
2329
2351
2361
2344
2351
2347
2372
2395
2415
2430
2438
2455
2458
2466
2451
2434
2430
2415
2390
2370
2376
2384
2386
2372
2351
2346
2331
2339
2344
2353
2346
2339
2324
2328
2336
2357
2358
2358
2340
2324
2298
2284
2268
2286
2296
2332
2344
2370
2400
2453
2483
2525
2548
2572
2566
2554
2518
2491
2454
2422
2396
2364
2341
2326
2332
2335
2356
2374
2385
2389
2396
2368
2359
2343
2343
2348
2356
2362
2355
2362
2369
2372
2374
2370
2362
2364
2365
2379
2386
2403
2419
2430
2437
2446
2435
2442
2430
2438
2442
2466
2458
2457
2456
2442
2409
2378
2324
2287
2258
2260
2263
2247
2237
2223
2229
2258
2266
2291
2316
2336
2347
2349
2344
2352
2379
2387
2407
2386
2377
2361
2343
2288
2263
2228
2229
2228
2221
2191
2172
2126
2100
2063
2047
2022
2011
2007
2010
2029
2078
2121
2167
2193
2212
2243
2268
2298
2340
2349
2366
2368
2366
2351
2300
2237
2199
2160
2130
2131
2137
2149
2149
2156
2175
2197
2206
2213
2193
2199
2226
2239
2228
2221
2199
2191
2166
2158
2131
2114
2101
2104
2147
2168
2175
2183
2182
2154
2145
2123
2138
2174
2195
2212
2248
2285
2312
2320
2290
2235
2192
2147
2111
2051
2021
1992
1976
1961
1959
1944
1938
1944
1963
1993
2027
2087
2153
2210
2249
2271
2268
2249
2203
2158
2116
2068
2033
1986
1956
1929
1934
1972
2044
2108
2166
2166
2157
2115
2070
2020
1993
1986
1976
1964
1979
2013
2059
2059
2047
2007
1970
1932
1941
1953
1991
1999
2013
2022
2066
2100
2130
2136
2107
2069
2023
1979
1933
1886
1850
1836
1842
1864
1876
1883
1893
1892
1893
1905
1908
1927
1936
1943
1934
1927
1889
1880
1867
1883
1859
1860
1855
1880
1864
1845
1815
1815
1846
1863
1863
1863
1829
1779
1715
1669
1622
1598
1593
1628
1681
1727
1756
1784
1826
1874
1911
1938
1967
1984
1987
1994
1969
1932
1885
1824
1768
1732
1736
1750
1740
1760
1777
1813
1835
1871
1886
1892
1858
1858
1853
1873
1889
1949
2004
2063
2112
2155
2169
2194
2199
2200
2169
2142
2090
2068
2069
2074
2076
2055
2031
2035
2054
2057
2021
1976
1953
1934
1939
1936
1934
1913
1869
1807
1743
1683
1611
1571
1573
1566
1601
1642
1689
1731
1776
1795
1819
1840
1866
1871
1874
1878
1897
1936
1978
2035
2075
2093
2106
2120
2096
2065
2022
1991
1953
1910
1862
1826
1799
1800
1828
1885
1928
1970
1998
1984
1951
1917
1902
1894
1894
1892
1903
1939
2001
2069
2135
2203
2272
2315
2354
2348
2332
2327
2323
2297
2272
2229
2197
2157
2133
2115
2103
2091
2123
2154
2211
2252
2291
2320
2348
2365
2386
2394
2402
2404
2379
2348
2335
2324
2327
2335
2338
2353
2388
2407
2423
2409
2402
2382
2370
2369
2399
2381
2389
2402
2404
2393
2375
2359
2319
2279
2257
2237
2248
2229
2214
2196
2207
2205
2228
2276
2323
2347
2402
2435
2454
2448
2459
2458
2468
2483
2507
2497
2512
2518
2534
2539
2533
2525
2519
2496
2490
2459
2442
2433
2430
2443
2458
2456
2474
2484
2481
2468
2451
2440
2429
2440
2443
2435
2426
2405
2384
2378
2357
2354
2358
2355
2357
2352
2352
2350
2343
2345
2362
2512
2498
2468
2449
2430
2413
2361
2288
2240
2217
2202
2192
2208
2219
2252
2298
2329
2341
2349
2383
2392
2385
2391
2418
2436
2460
2452
2464
2456
2459
2442
2410
2368
2340
2324
2330
2337
2347
2338
2340
2346
2355
2364
2359
2333
2332
2348
2390
2421
2452
2476
2499
2500
2502
2502
2491
2477
2456
2452
2443
2440
2442
2450
2467
2470
2469
2446
2422
2386
2348
2296
2232
2164
2097
2034
2009
2011
2041
2098
2178
2227
2274
2303
2331
2341
2356
2350
2342
2320
2338
2358
2374
2401
2428
2448
2463
2481
2482
2450
2434
2416
2403
2384
2361
2318
2276
2261
2243
2234
2228
2226
2219
2239
2256
2294
2344
2368
2396
2406
2426
2403
2372
2329
2288
2258
2251
2234
2225
2230
2262
2284
2297
2290
2248
2190
2126
2091
2062
2061
2069
2079
2101
2139
2189
2229
2249
2258
2254
2263
2250
2264
2271
2282
2271
2274
2265
2264
2270
2286
2267
2237
2198
2174
2144
2120
2100
2097
2124
2138
2163
2181
2186
2211
2236
2261
2283
2292
2296
2308
2320
2323
2345
2341
2334
2339
2309
2283
2266
2251
2232
2201
2170
2152
2163
2171
2164
2140
2101
2090
2104
2117
2125
2138
2130
2138
2118
2127
2128
2139
2143
2162
2163
2176
2167
2157
2136
2111
2088
2057
2001
1961
1934
1929
1977
2014
2067
2124
2172
2226
2261
2286
2293
2298
2296
2287
2267
2256
2235
2211
2183
2177
2140
2138
2141
2148
2154
2179
2183
2192
2163
2156
2154
2153
2137
2130
2070
2028
1977
1958
1932
1915
1889
1875
1842
1824
1791
1783
1798
1828
1861
1913
1964
1993
1995
2000
2008
2010
2002
2003
2015
2059
2104
2137
2167
2180
2197
2202
2204
2177
2163
2134
2109
2085
2066
2057
2035
2031
2029
2038
2044
2055
2047
2037
2026
2057
2070
2102
2138
2214
2271
2323
2356
2383
2379
2366
2305
2257
2207
2184
2168
2146
2112
2086
2080
2094
2128
2151
2191
2200
2216
2220
2243
2249
2235
2217
2169
2123
2079
2039
1986
1952
1937
1907
1908
1935
1967
1994
2006
2036
2059
2084
2080
2065
2012
1979
1946
1957
1973
1989
2031
2056
2074
2110
2121
2122
2123
2132
2147
2157
2176
2190
2206
2218
2220
2214
2208
2191
2154
2115
2072
2030
2008
1991
2000
2003
2015
2007
2001
1959
1921
1862
1791
1780
1797
1808
1860
1933
1994
2020
2017
2028
2057
2086
2114
2135
2133
2131
2105
2091
2073
2033
2002
1994
1984
1973
1938
1911
1887
1874
1871
1875
1891
1921
1964
1996
2001
1991
1984
1972
1975
1998
2037
2065
2109
2145
2206
2236
2241
2203
2152
2095
2041
2007
1974
1964
1955
1952
1994
2006
2002
2016
2047
2075
2100
2118
2163
2192
2219
2252
2273
2272
2273
2278
2265
2256
2208
2171
2129
2102
2068
2039
2003
2000
2016
2060
2100
2127
2164
2191
2232
2252
2246
2229
2230
2228
2239
2239
2242
2265
2305
2325
2331
2298
2258
2204
2189
2165
2148
2138
2141
2131
2142
2165
2202
2233
2256
2261
2224
2186
2152
2113
2078
2075
2061
2058
2064
2080
2105
2136
2111
2093
2048
1998
1976
1965
1941
1921
1888
1884
1887
1873
1847
1819
1813
1791
1815
1831
1853
1876
1902
1929
1965
1976
1985
1986
1964
1955
1967
1992
2013
2032
2044
2050
2031
2029
2007
2009
2029
2051
2074
2077
2059
2061
2066
2074
2061
2048
2031
2017
1989
1976
1978
1978
1982
2010
2043
2079
2100
2100
2097
2101
2079
2078
2069
2062
2052
2043
2050
2074
2108
2158
2225
2256
2272
2306
2320
2335
2364
2376
2385
2351
2299
2238
2165
2134
2078
2034
1975
1962
1941
1963
1983
2008
2018
2052
2055
2060
2048
2074
2064
2060
2019
2020
2010
2008
2009
2030
2052
2076
2082
2091
2095
2110
2130
2147
2162
2194
2234
2284
2325
2334
2323
2315
2306
2279
2260
2230
2197
2178
2183
2205
2230
2220
2177
2131
2083
2067
2072
2097
2119
2130
2132
2146
2159
2195
2226
2262
2273
2294
2312
2308
2275
2273
2258
2250
2244
2234
2203
2182
2149
2122
2101
2084
2081
2076
2094
2130
2201
2244
2295
2311
2327
2307
2291
2259
2230
2186
2166
2108
2092
2050
2049
2031
2062
2086
2123
2155
2183
2206
2223
2243
2252
2241
2230
2210
2208
2212
2234
2242
2270
2314
2328
2341
2320
2303
2283
2272
2287
2305
2314
2345
2391
2409
2420
2414
2380
2344
2326
2296
2278
2270
2252
2256
2281
2317
2361
2387
2411
2420
2420
2439
2452
2442
2429
2424
2423
2416
2430
2431
2442
2456
2467
2484
2476
2460
2432
2426
2401
2405
2386
2385
2378
2402
2428
2458
2470
2485
2480
2451
2397
2345
2285
2244
2217
2215
2212
2235
2268
2291
2289
2299
2301
2304
2295
2272
2249
2227
2206
2174
2129
2088
2071
2079
2118
2149
2185
2224
2264
2292
2272
2221
2199
2175
2166
2151
2117
2090
2074
2072
2062
2056
2050
2034
2039
2069
2117
2187
2232
2251
2244
2223
2200
2194
2184
2208
2241
2295
2347
2382
2414
2405
2390
2358
2333
2295
2232
2165
2072
1994
1945
1920
1929
1940
1960
2010
2067
2123
2158
2180
2204
2219
2246
2251
2274
2310
2331
2354
2359
2390
2394
2387
2356
2348
2328
2329
2318
2313
2301
2309
2300
2292
2261
2234
2205
2171
2135
2108
2088
2086
2057
2028
1990
1941
1883
1827
1749
1680
1635
1594
1594
1599
1658
1742
1866
1931
2030
2091
2155
2203
2250
2261
2275
2275
2275
2256
2239
2196
2132
2050
2019
2017
2008
1980
1950
1919
1915
1944
1990
2015
2025
2028
2025
2043
2054
2051
2038
2046
2059
2096
2123
2148
2163
2194
2249
2292
2301
2322
2312
2304
2292
2280
2253
2233
2215
2218
2238
2257
2264
2275
2272
2274
2289
2289
2282
2296
2331
2350
2389
2394
2387
2372
2376
2350
2330
2327
2334
2345
2356
2362
2351
2333
2310
2264
2201
2152
2114
2095
2083
2074
2084
2106
2123
2163
2182
2194
2202
2226
2266
2296
2330
2345
2344
2349
2356
2344
2310
2284
2249
2192
2150
2120
2108
2100
2113
2114
2079
2041
1999
1958
1899
1836
1765
1733
1722
1741
1794
1865
1953
2039
2107
2158
2185
2188
2150
2135
2112
2115
2118
2130
2173
2200
2196
2206
2179
2140
2096
2088
2069
2057
2040
2052
2054
2043
2038
2039
2048
2053
2068
2081
2063
2022
1972
1907
1813
1758
1723
1670
1643
1613
1602
1594
1573
1561
1541
1504
1459
1401
1362
1327
1353
1403
1463
1550
1639
1693
1714
1698
1663
1631
1609
1623
1639
1659
1678
1691
1727
1743
1719
1706
1691
1699
1701
1730
1760
1807
1847
1867
1853
1839
1817
1780
1742
1738
1734
1733
1704
1710
1762
1799
1850
1875
1915
1933
1962
1947
1943
1931
1925
1903
1914
1929
1953
1978
2018
2038
2026
2007
1994
1969
1946
1919
1901
1911
1927
1959
1967
1969
1965
1956
1921
1891
1846
1803
1759
1769
1789
1818
1849
1910
1963
2008
2015
2012
1979
1961
1929
1903
1829
1776
1763
1756
1773
1791
1786
1751
1670
1592
1528
1470
1443
1421
1450
1480
1547
1592
1645
1715
1781
1851
1899
1909
1947
1988
2020
2032
2043
2019
2003
1992
2012
2023
2009
1995
1967
1949
1918
1893
1875
1867
1839
1812
1739
1658
1528
1435
1330
1278
1221
1184
1143
1138
1152
1215
1305
1400
1473
1525
1573
1645
1701
1723
1762
1788
1814
1819
1829
1811
1796
1776
1763
1764
1781
1791
1814
1815
1829
1852
1863
1866
1888
1898
1928
1954
1980
2011
2056
2082
2097
2089
2092
2110
2123
2139
2112
2073
2007
1941
1856
1790
1745
1736
1734
1765
1771
1781
1774
1771
1735
1701
1646
1619
1606
1609
1664
1726
1783
1820
1842
1841
1865
1883
1911
1927
1932
1905
1888
1875
1836
1783
1762
1727
1695
1651
1581
1508
1447
1431
1437
1459
1496
1532
1551
1589
1630
1659
1690
1723
1742
1770
1768
1794
1805
1849
1872
1930
1971
2025
2077
2089
2098
2083
2063
2041
2011
1992
1964
1950
1946
1952
1951
1947
1936
1916
1894
1895
1898
1880
1840
1793
1780
1782
1804
1833
1860
1881
1901
1906
1922
1916
1947
1974
1987
1989
1970
1947
1925
1912
1862
1836
1800
1786
1768
1797
1825
1862
1926
1975
2013
2075
2103
2107
2096
2094
2104
2110
2099
2083
2067
2053
2039
2021
2032
2027
2020
2012
2006
2018
2057
2067
2061
2049
2037
1972
1913
1817
1726
1643
1614
1622
1657
1711
1762
1805
1848
1879
1900
1887
1870
1859
1870
1899
1947
1990
1983
1969
1956
1956
1954
1947
1948
1949
1948
1933
1948
1989
2050
2115
2160
2185
2203
2187
2172
2160
2144
2102
2056
2008
1962
1925
1916
1901
1894
1868
1844
1799
1779
1790
1795
1939
1941
1983
2039
2082
2124
2179
2231
2286
2322
2336
2328
2305
2278
2251
2258
2264
2280
2290
2316
2341
2368
2372
2381
2378
2400
2391
2368
2342
2324
2314
2296
2266
2260
2239
2235
2207
2145
2110
2082
2077
2067
2075
2075
2113
2179
2240
2270
2328
2374
2384
2362
2351
2331
2333
2334
2352
2346
2359
2363
2393
2421
2439
2441
2431
2395
2359
2334
2328
2311
2287
2276
2252
2237
2232
2256
2286
2325
2313
2312
2294
2304
2284
2283
2263
2272
2254
2249
2253
2255
2276
2303
2327
2360
2382
2399
2406
2396
2390
2369
2364
2355
2342
2323
2330
2336
2367
2370
2381
2371
2363
2342
2324
2310
2310
2302
2298
2296
2292
2267
2235
2202
2172
2146
2125
2139
2158
2184
2209
2226
2237
2238
2215
2186
2158
2148
2137
2148
2160
2165
2176
2229
2266
2284
2295
2292
2294
2288
2289
2261
2225
2201
2217
2218
2239
2248
2238
2229
2255
2266
2285
2302
2323
2346
2388
2421
2422
2404
2392
2366
2341
2313
2308
2333
2355
2378
2366
2367
2344
2336
2317
2312
2306
2308
2288
2271
2252
2256
2294
2346
2361
2366
2396
2412
2415
2414
2404
2400
2391
2356
2358
2363
2391
2394
2406
2428
2462
2464
2483
2494
2513
2514
2512
2497
2470
2439
2377
2321
2275
2255
2254
2280
2315
2359
2375
2374
2364
2361
2361
2356
2351
2371
2369
2349
2308
2237
2156
2075
2026
2012
2030
2066
2123
2189
2239
2291
2295
2282
2297
2307
2341
2354
2363
2377
2391
2378
2370
2382
2384
2354
2340
2318
2307
2310
2329
2337
2340
2355
2366
2381
2392
2371
2370
2363
2337
2328
2300
2272
2259
2277
2295
2320
2344
2341
2328
2303
2300
2291
2310
2330
2337
2338
2335
2328
2333
2322
2315
2297
2291
2292
2288
2279
2278
2279
2279
2267
2255
2260
2252
2252
2254
2237
2206
2204
2214
2223
2224
2227
2226
2206
2167
2126
2092
2067
2075
2110
2138
2157
2183
2207
2194
2179
2171
2182
2175
2164
2165
2164
2167
2186
2206
2222
2233
2236
2257
2274
2304
2328
2335
2307
2293
2273
2242
2218
2191
2179
2186
2215
2227
2236
2237
2229
2203
2181
2136
2109
2084
2090
2103
2115
2119
2126
2132
2158
2201
2222
2251
2258
2257
2258
2268
2267
2267
2264
2245
2197
2164
2121
2098
2047
2005
1930
1843
1756
1677
1583
1531
1498
1526
1573
1638
1707
1784
1837
1867
1873
1865
1871
1846
1820
1815
1833
1829
1823
1837
1860
1878
1918
1969
1995
1992
1984
1978
1978
1971
1923
1884
1859
1861
1885
1923
1977
2013
2056
2110
2142
2124
2051
1991
1933
1887
1880
1922
1956
1995
2058
2099
2133
2162
2176
2186
2181
2182
2178
2172
2163
2161
2173
2161
2101
2021
1917
1842
1815
1792
1778
1763
1801
1851
1914
1938
1968
2004
2018
2017
2000
1974
1958
1980
1996
2033
2086
2115
2142
2199
2235
2233
2228
2228
2215
2211
2208
2228
2275
2323
2341
2356
2358
2352
2358
2365
2375
2378
2354
2332
2320
2295
2294
2291
2294
2292
2314
2320
2358
2384
2390
2391
2409
2407
2420
2385
2331
2265
2222
2183
2160
2125
2108
2090
2110
2147
2181
2207
2224
2239
2229
2233
2243
2276
2296
2313
2288
2283
2250
2245
2234
2200
2150
2109
2081
2073
2035
1999
1970
1962
1960
1987
2019
2033
2051
2070
2098
2129
2158
2190
2206
2222
2236
2228
2266
2297
2325
2336
2336
2333
2336
2329
2326
2306
2312
2280
2248
2216
2186
2180
2192
2183
2176
2160
2173
2193
2214
2224
2213
2198
2185
2174
2159
2175
2190
2220
2216
2246
2259
2253
2223
2210
2169
2128
2092
2059
2024
1991
1963
1978
2010
2038
2073
2096
2119
2154
2171
2191
2218
2230
2239
2228
2236
2247
2278
2293
2287
2284
2295
2297
2306
2334
2350
2369
2357
2348
2347
2316
2296
2287
2280
2252
2208
2186
2174
2161
2159
2157
2169
2172
2153
2154
2139
2141
2162
2196
2218
2221
2206
2188
2185
2169
2157
2147
2136
2138
2154
2179
2220
2236
2238
2221
2185
2143
2105
2050
2007
1950
1926
1914
1908
1892
1875
1867
1881
1893
1888
1890
1906
1928
1951
1995
2043
2075
2087
2085
2098
2116
2119
2102
2097
2084
2116
2141
2154
2135
2089
2040
1993
1956
1897
1866
1829
1798
1765
1733
1731
1736
1777
1825
1901
1921
1935
1934
1941
1935
1910
1892
1870
1873
1896
1950
1979
2002
2048
2105
2167
2195
2187
2164
2137
2094
2058
2027
2009
2024
2045
2064
2079
2071
2043
2020
2007
1975
1929
1890
1861
1839
1796
1773
1783
1807
1845
1865
1896
1936
1990
2061
2125
2151
2160
2170
2186
2190
2188
2185
2164
2166
2156
2160
2135
2113
2081
2064
2060
2050
2028
2024
2030
2051
2075
2118
2141
2143
2143
2161
2148
2154
2150
2153
2147
2146
2152
2190
2225
2228
2224
2209
2212
2199
2197
2184
2166
2159
2148
2152
2142
2108
2071
2061
2057
2071
2099
2154
2233
2263
2262
2262
2262
2241
2200
2138
2090
2041
2005
1969
1935
1901
1877
1858
1886
1914
1924
1933
1926
1931
1934
1927
1919
1928
1938
1941
1938
1947
1971
2005
2030
2058
2070
2113
2136
2166
2170
2176
2159
2151
2147
2139
2131
2123
2099
2055
2026
2042
2070
2075
2112
2137
2176
2211
2236
2232
2236
2226
2218
2195
2182
2149
2148
2149
2168
2160
2164
2161
2166
2158
2111
2044
1974
1939
1904
1882
1864
1871
1885
1944
1988
2036
2046
2046
2035
2005
2003
2021
2018
2040
2057
2076
2066
2083
2071
2097
2090
2077
2067
2070
2086
2115
2169
2192
2209
2206
2211
2195
2197
2182
2192
2185
2196
2202
2231
2242
2254
2259
2283
2268
2262
2245
2220
2178
2146
2114
2103
2067
2025
1995
1960
1933
1914
1904
1909
1931
1933
1953
1978
2037
2083
2107
2125
2144
2129
2158
2160
2163
2167
2154
2137
2129
2106
2089
2079
2072
2067
2054
2060
2064
2082
2106
2127
2143
2136
2114
2086
2060
2042
2016
1999
1985
1966
1939
1956
1957
1963
1972
1978
1987
1988
1985
1968
1968
1969
1963
1932
1906
1908
1939
1967
1984
2003
2016
2017
1999
1983
1962
1937
1909
1872
1858
1868
1889
1893
1910
1894
1869
1846
1837
1834
1857
1904
1947
2001
2014
2016
2009
2000
2008
2018
2026
2051
2066
2056
2031
2010
2005
1998
2010
2012
2008
1996
1993
1971
1938
1904
1871
1838
1869
1898
1943
1975
2017
2044
2071
2070
2084
2099
2114
2101
2089
2059
2055
2007
1949
1896
1822
1738
1665
1585
1505
1453
1422
1406
1391
1435
1471
1525
1567
1613
1635
1665
1687
1723
1769
1823
1846
1837
1818
1778
1765
1790
1795
1816
1808
1819
1844
1892
1961
2017
2079
2126
2136
2111
2087
2064
2064
2062
2044
2017
2006
2016
2011
1969
1934
1880
1835
1788
1787
1792
1778
1751
1747
1758
1808
1850
1903
1921
1918
1899
1863
1811
1746
1681
1609
1588
1605
1649
1667
1710
1736
1746
1749
1755
1761
1764
1784
1831
1845
1866
1889
1931
1957
1975
1977
1983
1987
1986
1967
1881
1754
1632
1531
1468
1447
1447
1481
1547
1624
1721
1815
1915
1996
2055
2078
2102
2119
2135
2148
2131
2117
2089
2030
1990
1946
1889
1849
1813
1802
1799
1811
1831
1849
1847
1857
1878
1913
1928
1966
1996
2016
2001
1993
1982
1978
1963
1962
1965
1975
1998
1999
1973
1940
1910
1899
1871
1871
1849
1859
1877
1893
1906
1939
1995
2044
2075
2100
2110
2122
2135
2151
2142
2145
2163
2171
2190
2175
2184
2184
2162
2116
2055
1977
1926
1865
1833
1796
1790
1807
1849
1865
1893
1900
1915
1903
1889
1856
1843
1822
1840
1863
1904
1956
2017
2060
2096
2119
2144
2150
2153
2156
2154
2137
2093
2063
2010
1979
1954
1929
1875
1851
1844
1858
1871
1901
1918
1955
1989
1993
1964
1948
1951
1937
1943
1936
1892
1880
1864
1848
1830
1829
1827
1798
1750
1701
1697
1718
1738
1738
1718
1687
1671
1681
1701
1719
1717
1748
1779
1818
1839
1845
1832
1818
1814
1832
1840
1827
1795
1787
1816
1863
1909
1927
1926
1921
1953
1954
1937
1920
1899
1879
1843
1811
1793
1755
1735
1715
1700
1655
1639
1659
1727
1775
1822
1818
1828
1841
1868
1884
1889
1884
1883
1886
1880
1880
1869
1855
1858
1878
1872
1894
1899
1907
1901
1909
1901
1922
1940
1960
1978
2001
2005
2017
2014
2005
1994
2024
2041
2043
2026
2034
2029
2027
2012
1986
1933
1888
1877
1868
1858
1874
1886
1888
1885
1858
1834
1801
1763
1714
1655
1587
1547
1526
1535
1529
1565
1615
1663
1699
1755
1797
1864
1921
1962
1953
1928
1895
1877
1842
1780
1705
1591
1525
1485
1481
1505
1745
1738
1709
1708
1729
1719
1708
1693
1689
1701
1711
1689
1668
1645
1648
1635
1610
1557
1540
1559
1618
1669
1729
1773
1821
1841
1845
1821
1791
1777
1770
1770
1773
1764
1778
1819
1859
1896
1909
1911
1908
1891
1841
1807
1781
1781
1782
1806
1842
1898
1952
2026
2046
2060
2035
2044
2038
2027
1992
1982
1998
2006
2004
2010
2009
2014
1996
2018
2052
2050
2046
2026
2042
2033
2024
2023
2023
2019
2003
1967
1961
1965
1979
1989
2008
2009
2012
2032
2068
2104
2129
2155
2173
2160
2144
2126
2107
2083
2047
2023
1995
1997
2017
2030
2032
2030
2006
1985
1955
1927
1933
1933
1960
2012
2056
2094
2110
2126
2133
2109
2092
2092
2098
2096
2098
2075
2093
2114
2132
2122
2122
2123
2117
2104
2071
2027
1974
1916
1876
1842
1810
1753
1715
1731
1743
1782
1808
1800
1807
1835
1868
1892
1905
1933
1948
1980
1993
2006
2013
2030
2028
2036
2038
2038
2009
1992
1972
1957
1923
1896
1875
1896
1913
1907
1884
1858
1818
1800
1779
1786
1778
1807
1857
1916
1939
1947
1952
1964
1975
1977
1996
2010
2018
2014
2001
1976
1938
1890
1845
1810
1794
1793
1799
1795
1799
1802
1839
1907
1956
2001
2044
2101
2137
2172
2196
2197
2176
2126
2070
2016
1971
1912
1870
1830
1801
1775
1771
1758
1734
1694
1647
1612
1615
1601
1598
1599
1643
1681
1731
1765
1765
1752
1757
1751
1755
1752
1731
1712
1707
1715
1738
1779
1823
1850
1849
1847
1821
1772
1730
1679
1673
1693
1705
1723
1728
1751
1778
1815
1823
1836
1837
1836
1813
1816
1798
1791
1789
1788
1795
1831
1845
1854
1830
1804
1775
1738
1704
1677
1645
1635
1649
1682
1713
1740
1783
1834
1903
1968
2015
2044
2050
2065
2101
2133
2175
2219
2258
2278
2263
2239
2209
2177
2135
2121
2102
2088
2071
2068
2074
2088
2103
2113
2152
2175
2164
2125
2084
2063
2025
2010
1997
1943
1906
1838
1787
1729
1713
1716
1720
1762
1827
1878
1930
1958
1984
1997
2015
2002
1999
1968
1966
1972
1965
1957
1955
1934
1923
1895
1896
1886
1904
1928
1947
1964
1968
1980
1999
2012
2003
1985
1992
1977
1963
1949
1950
1977
1961
1935
1900
1920
1950
1989
2008
2006
1998
2020
2029
2033
1997
1967
1938
1927
1928
1922
1905
1911
1918
1924
1917
1911
1921
1932
1939
1951
1964
1934
1888
1836
1793
1751
1711
1708
1717
1745
1771
1813
1868
1902
1915
1918
1920
1905
1921
1941
1957
1987
2023
2075
2118
2130
2121
2118
2129
2121
2095
2066
2053
2028
1998
1988
1986
1971
1959
1942
1922
1896
1909
1931
1970
2002
2002
1982
1952
1915
1898
1869
1856
1833
1841
1837
1868
1905
1934
1959
1993
2010
2011
1980
1945
1916
1884
1859
1861
1903
1948
2021
2081
2132
2144
2150
2110
2066
2017
1961
1913
1881
1856
1857
1843
1844
1834
1836
1817
1805
1801
1823
1826
1842
1871
1920
1952
1987
2000
1992
1984
1985
1969
1962
1972
1955
1943
1939
1928
1907
1904
1892
1883
1890
1894
1847
1779
1687
1601
1538
1510
1517
1551
1583
1620
1667
1713
1777
1823
1839
1860
1875
1874
1866
1835
1791
1774
1771
1763
1743
1728
1726
1727
1727
1688
1607
1507
1447
1393
1337
1287
1235
1211
1171
1157
1164
1201
1201
1216
1263
1349
1401
1434
1417
1411
1388
1363
1301
1261
1227
1187
1179
1191
1188
1184
1167
1185
1233
1293
1333
1376
1391
1405
1476
1526
1551
1554
1560
1542
1531
1511
1538
1584
1624
1645
1670
1669
1664
1646
1646
1650
1658
1656
1639
1582
1531
1492
1489
1515
1540
1578
1624
1699
1760
1820
1889
1929
1966
1999
2038
2054
2077
2088
2061
2036
1992
1953
1896
1837
1791
1778
1791
1830
1860
1872
1897
1912
1909
1911
1897
1891
1883
1873
1863
1873
1894
1919
1953
1989
2035
2101
2154
2212
2239
2244
2248
2242
2238
2214
2147
2069
1991
1903
1807
1783
1754
1767
1793
1822
1844
1856
1840
1857
1879
1904
1938
1960
1973
1990
1991
1995
1987
2013
2040
2037
2036
2024
2017
2008
2019
2027
2028
2009
2006
1979
1973
1992
2060
2137
2203
2262
2324
2372
2406
2383
2370
2351
2330
2285
2256
2215
2180
2166
2167
2162
2177
2141
2111
2080
2052
2061
2063
2068
2060
2011
1951
1915
1913
1924
1898
1885
1837
1814
1794
1812
1845
1916
1984
2036
2051
2066
2065
2058
2023
2023
2003
1986
1981
1986
2000
2023
2058
2078
2100
2144
2178
2208
2213
2221
2250
2267
2259
2255
2223
2205
2194
2201
2207
2225
2229
2257
2260
2240
2193
2168
2130
2124
2123
2152
2174
2207
2216
2249
2284
2297
2297
2278
2254
2243
2227
2209
2182
2150
2129
2107
2081
2041
2031
2048
2080
2088
2099
2082
2083
2072
2081
2091
2126
2126
2144
2158
2166
2167
2152
2113
2108
2098
2072
2035
2044
2066
2097
2118
2135
2134
2123
2132
2139
2144
2162
2183
2204
2228
2221
2214
2200
2162
2082
2019
1926
1882
1843
1819
1821
1850
1870
1878
1884
1879
1885
1898
1931
1985
2033
2057
2053
2067
2097
2143
2193
2231
2258
2264
2235
2219
2233
2264
2308
2357
2401
2424
2446
2459
2433
2382
2349
2303
2256
2221
2179
2164
2150
2167
2183
2203
2225
2235
2265
2297
2317
2325
2340
2333
2314
2286
2249
2223
2196
2162
2164
2160
2179
2203
2234
2259
2260
2240
2214
2167
2129
2082
2066
2059
2069
2092
2129
2172
2215
2243
2271
2288
2306
2321
2335
2324
2314
2297
2299
2294
2273
2250
2219
2207
2208
2234
2244
2268
2258
2269
2260
2262
2264
2275
2271
2286
2295
2302
2300
2304
2290
2257
2213
2184
2180
2204
2208
2222
2226
2235
2231
2210
2193
2199
2206
2217
2216
2225
2234
2253
2274
2291
2315
2319
2335
2326
2296
2244
2178
2117
2098
2084
2100
2115
2149
2166
2197
2223
2244
2232
2202
2167
2148
2137
2111
2103
2112
2137
2161
2184
2174
2168
2142
2142
2154
2197
2221
2236
2267
2300
2319
2315
2288
2246
2160
2057
1942
1847
1761
1718
1688
1642
1617
1594
1584
1613
1656
1679
1679
1680
1686
1676
1653
1653
1651
1651
1644
1605
1571
1548
1531
1529
1515
1531
1557
1621
1644
1675
1714
1692
1674
1683
1689
1689
1678
1653
1603
1582
1592
1612
1643
1662
1674
1676
1642
1609
1575
1565
1568
1569
1579
1621
1710
1756
1792
1801
1796
1772
1761
1729
1689
1613
1564
1507
1468
1449
1467
1480
1491
1527
1583
1641
1694
1707
1679
1599
1491
1465
1455
1487
1503
1542
1534
1538
1546
1563
1589
1650
1689
1711
1694
1683
1686
1709
1723
1738
1772
1847
1915
1981
2013
2022
2005
1990
1996
2027
2041
2051
2043
2013
2004
2018
2044
2045
2068
2048
2036
2014
2005
1979
1954
1921
1913
1893
1895
1885
1895
1898
1909
1939
1992
2042
2100
2153
2180
2191
2183
2182
2168
2133
2085
2052
2021
2007
2023
2076
2151
2186
2233
2249
2239
2223
2200
2172
2123
2093
2051
2006
1969
1954
1947
1954
1962
1962
1944
1908
1881
1845
1832
1824
1816
1815
1775
1711
1654
1594
1521
1447
1395
1386
1389
1434
1493
1558
1627
1689
1731
1749
1767
1786
1781
1791
1802
1831
1833
1827
1796
1778
1744
1717
1664
1599
1544
1499
1447
1423
1427
1415
1412
1421
1446
1470
1509
1527
1546
1515
1517
1550
1601
1634
1663
1659
1655
1661
1690
1694
1677
1674
1714
1688
1662
1631
1634
1657
1726
1765
1760
1736
1701
1688
1675
1663
1649
1644
1628
1661
1661
1625
1553
1531
1505
1515
1529
1564
1599
1655
1702
1754
1779
1801
1817
1840
1860
1881
1889
1916
1930
1929
1924
1917
1924
1957
1985
2034
2126
2205
2279
2288
2293
2293
2292
2272
2247
2200
2174
2148
2136
2119
2115
2120
2130
2128
2146
2139
2112
2108
2100
2085
2094
2088
2057
2008
1960
1914
1876
1847
1805
1789
1803
1850
1915
1997
2063
2132
2185
2243
2285
2287
2286
2275
2264
2234
2202
2173
2124
2086
2073
2078
2100
2128
2188
2247
2295
2333
2368
2390
2388
2373
2367
2369
2370
2372
2365
2341
2323
2293
2258
2214
2188
2170
2183
2217
2267
2324
2371
2407
2436
2454
2447
2456
2458
2464
2458
2447
2428
2410
2404
2413
2421
2429
2426
2420
2422
2418
2401
2391
2402
2404
2411
2401
2384
2342
2320
2278
2249
2199
2160
2118
2111
2100
2098
2089
2088
2090
2087
2100
2131
2169
2203
2255
2286
2310
2314
2320
2294
2300
2303
2342
2360
2374
2389
2424
2460
2482
2488
2514
2536
2575
2578
2595
2608
2617
2613
2610
2615
2612
2587
2560
2510
2468
2450
2410
2359
2311
2271
2228
2228
2256
2269
2269
2254
2235
2220
2239
2223
2201
2157
2136
2120
2130
2153
2195
2234
2291
2324
2370
2415
2436
2437
2448
2417
2384
2364
2343
2332
2306
2291
2290
2288
2263
2278
2295
2331
2362
2404
2434
2460
2455
2459
2442
2415
2372
2346
2315
2298
2303
2318
2321
2346
2356
2382
2416
2489
2544
2567
2528
2473
2402
2329
2276
2215
2190
2157
2166
2168
2172
2180
2213
2264
2318
2357
2386
2380
2383
2372
2334
2278
2240
2222
2227
2238
2221
2216
2218
2229
2259
2257
2274
2295
2333
2355
2361
2346
2335
2316
2292
2274
2265
2263
2256
2253
2231
2203
2175
2179
2194
2203
2233
2253
2256
2242
2221
2204
2194
2176
2147
2098
2070
2058
2049
2034
2006
1977
1957
1946
1950
1931
1920
1922
1927
1948
1961
2006
2028
2053
2087
2120
2148
2173
2206
2245
2256
2250
2249
2245
2233
2202
2167
2114
2090
2064
2071
2090
2146
2176
2204
2200
2203
2194
2201
2214
2228
2209
2214
2218
2225
2239
2230
2236
2246
2281
2300
2357
2366
2368
2349
2335
2310
2279
2259
2235
2225
2231
2214
2181
2131
2093
2061
2063
2064
2101
2122
2149
2141
2152
2157
2141
2115
2100
2082
2082
2115
2151
2148
2124
2117
2094
2102
2100
2110
2114
2149
2157
2149
2127
2112
2110
2127
2131
2143
2128
2111
2088
2076
2069
2083
2097
2112
2126
2146
2163
2178
2186
2164
2127
2088
2051
2008
2002
2005
2043
2090
2112
2132
2192
2229
2267
2276
2278
2262
2264
2246
2233
2219
2199
2176
2148
2110
2071
2042
2037
2035
2040
2057
2083
2100
2133
2177
2177
2188
2203
2225
2234
2245
2243
2266
2266
2275
2272
2288
2283
2255
2246
2234
2195
2149
2084
2055
2081
2145
2212
2276
2337
2352
2362
2368
2363
2357
2348
2328
2283
2259
2263
2246
2249
2258
2289
2310
2322
2313
2306
2308
2314
2310
2283
2249
2206
2198
2203
2186
2162
2143
2148
2152
2123
2108
2093
2106
2123
2163
2197
2232
2263
2270
2249
2248
2223
2197
2151
2103
2045
2029
2039
2079
2131
2181
2216
2259
2314
2338
2345
2331
2298
2258
2217
2188
2169
2163
2145
2129
2096
2052
2010
1970
1925
1920
1912
1930
1970
2018
2066
2109
2137
2132
2116
2098
2078
2073
2061
2060
2071
2071
2075
2073
2078
2093
2115
2141
2163
2170
2167
2144
2131
2116
2110
2062
2040
2000
1983
1962
1943
1925
1918
1919
1940
1939
1950
1946
1951
1922
1886
1849
1837
1865
1885
1887
1880
1883
1923
1979
2046
2107
2137
2149
2132
2124
2098
2064
2016
2008
1972
1936
1903
1895
1898
1903
1938
1978
2002
2038
2064
2092
2129
2179
2246
2275
2288
2298
2303
2308
2320
2313
2299
2263
2239
2232
2246
2252
2238
2222
2228
2228
2239
2234
2259
2267
2285
2289
2316
2339
2354
2356
2339
2315
2292
2256
2230
2198
2136
2085
2046
1996
1953
1933
1938
1956
1953
1974
2019
2074
2099
2109
2082
2049
1990
1966
1943
1936
1910
1923
1959
1987
2017
2061
2099
2140
2157
2186
2188
2165
2115
2068
2039
2012
2014
2031
2088
2151
2203
2237
2278
2298
2310
2317
2323
2315
2320
2283
2256
2219
2196
2170
2150
2133
2143
2123
2085
2053
2050
2062
2069
2094
2105
2138
2193
2235
2271
2268
2236
2209
2174
2164
2154
2160
2161
2164
2162
2156
2131
2140
2154
2175
2198
2223
2269
2312
2366
2393
2409
2387
2353
2335
2339
2336
2339
2359
2380
2391
2405
2425
2439
2454
2458
2444
2443
2421
2387
2359
2336
2299
2279
2254
2231
2233
2234
2226
2182
2155
2114
2102
2116
2140
2157
2158
2155
2158
2189
2211
2245
2286
2327
2356
2383
2384
2372
2335
2324
2262
2206
2133
2074
2024
2015
2014
2022
2016
2012
2014
2034
2049
2059
2102
2153
2216
2258
2290
2241
2174
2119
2069
2043
2043
2051
2090
2132
2174
2223
2271
2319
2348
2348
2355
2347
2344
2365
2391
2429
2453
2460
2438
2376
2318
2300
2271
2264
2267
2280
2314
2324
2326
2338
2357
2352
2320
2300
2272
2260
2252
2254
2253
2256
2252
2251
2255
2264
2285
2290
2280
2279
2273
2260
2244
2240
2245
2259
2277
2283
2286
2273
2237
2187
2177
2162
2166
2182
2218
2249
2286
2321
2357
2359
2360
2365
2388
2396
2410
2405
2405
2403
2386
2349
2333
2310
2277
2250
2235
2228
2212
2228
2234
2258
2266
2279
2259
2239
2209
2186
2161
2151
2146
2158
2185
2223
2244
2274
2296
2302
2261
2203
2152
2130
2110
2103
2108
2126
2146
2133
46.97021484
1.662890553
999
