5835
2157
2164
2119
2159
2094
2129
2085
2135
2072
2101
2035
2088
2047
2084
2032
2086
2058
2103
2074
2077
2101
2135
2126
2110
2090
2098
2121
2080
2083
2041
2091
2063
2089
2049
2101
2084
2150
2107
2157
2145
2207
2152
2205
2158
2211
2190
2228
2174
2202
2186
2190
2169
2142
2128
2137
2138
2136
2137
2124
2168
2132
2142
2119
2174
2151
2159
2110
2125
2114
2158
2124
2130
2093
2148
2117
2130
2112
2134
2136
2148
2128
2122
2142
2159
2167
2148
2161
2159
2170
2134
2151
2092
2135
2107
2147
2114
2159
2143
2201
2173
2195
2164
2207
2182
2195
2168
2182
2202
2185
2180
2161
2193
2195
2197
2170
2182
2163
2212
2158
2167
2106
2160
2123
2148
2084
2116
2093
2136
2083
2120
2096
2154
2128
2140
2113
2175
2161
2171
2148
2125
2148
2139
2129
2084
2090
2093
2110
2055
2086
2043
2111
2059
2102
2059
2132
2111
2166
2094
2124
2081
2132
2049
2081
2011
2056
2033
2060
2019
2050
2036
2056
2055
2041
2040
2056
2070
2058
2056
2041
2084
2038
2076
2020
2066
2015
2052
2005
2041
2001
2076
2025
2059
2010
2076
2033
2055
2008
2039
2035
2064
2020
2023
2019
2041
2072
2050
2051
2044
2086
2055
2086
2035
2067
2041
2071
2019
2046
2026
2066
2055
2055
2047
2063
2067
2056
2040
2013
2009
1995
1981
1911
1918
1886
1933
1899
1922
1897
1948
1939
1966
1943
1984
1983
2006
1979
1991
1990
2021
2022
2018
2030
2009
2056
2026
2041
1991
2020
1993
2036
1973
1985
1934
1984
1949
1982
1934
1968
1971
2019
2018
2044
2059
2098
2105
2094
2133
2068
2107
2072
2097
2029
2079
2032
2104
2024
2064
2028
2106
2058
2083
2039
2070
2058
2103
2067
2080
2058
2094
2089
2066
2059
2084
2120
2084
2073
2081
2071
2099
2060
2045
2003
2045
2019
2038
1988
2028
2003
2067
2008
2035
1978
2050
2009
2038
1989
2019
2008
2065
2028
2039
2029
2039
2057
2039
2026
1996
2018
1995
2003
1953
1967
1925
1984
1958
1996
1981
2010
2001
2023
2005
1998
2002
2027
2010
2014
2010
2024
2045
2028
2033
2026
2058
2036
2065
2031
2071
2063
2102
2065
2106
2093
2132
2103
2114
2068
2083
2056
2046
2025
2001
1999
2015
2015
1983
1997
1989
2010
1971
2003
1943
2006
1977
2029
1991
2049
2067
2120
2109
2123
2101
2152
2132
2143
2156
2127
2164
2155
2173
2125
2154
2119
2173
2092
2111
2048
2106
2039
2082
2043
2075
2061
2098
2073
2108
2065
2096
2078
2045
2043
2009
2056
2023
2034
1996
2034
2003
2070
2001
2043
1985
2044
1977
2031
2000
2009
1995
2023
2003
2023
1991
1978
2007
1972
1971
1926
1983
1984
2009
1969
1998
1974
2035
1991
2022
1993
2045
2001
2038
1974
2008
1989
2013
1961
1987
1970
1987
1991
1970
1966
1970
2022
2013
2024
1971
2025
2009
2019
1959
1974
1954
1974
1930
1934
1908
1965
1983
2000
1983
1987
2026
2035
2037
2004
2001
1998
2019
1971
1980
1931
1985
1965
1983
1945
1972
1967
2002
1966
1968
1958
1979
1975
1961
1976
1941
1983
1964
1973
1937
1983
1971
2022
1972
2017
1975
2048
2006
2067
2027
2067
2060
2102
2063
2080
2058
2110
2087
2095
2113
2125
2161
2143
2143
2100
2127
2061
2084
1995
2031
1984
2045
1975
2031
1994
2064
2040
2091
2032
2073
2033
2062
2020
2009
1994
2021
2029
2033
2023
2030
2043
2007
2023
1955
1984
1951
1987
1928
1982
1942
2030
1999
2049
2003
2078
2041
2067
2021
2023
2008
2016
1980
1979
1982
1987
2019
1984
1985
1976
2020
2008
2015
2008
2057
2052
2104
2061
2109
2091
2151
2117
2135
2103
2131
2120
2116
2086
2094
2096
2108
2119
2102
2141
2138
2169
2139
2167
2127
2149
2138
2164
2124
2128
2123
2158
2166
2164
2153
2165
2186
2179
2177
2165
2191
2172
2200
2164
2188
2185
2212
2177
2197
2160
2222
2199
2217
2173
2204
2181
2198
2190
2187
2184
2205
2231
2216
2226
2179
2230
2206
2221
2165
2198
2190
2230
2169
2198
2151
2227
2204
2230
2183
2205
2208
2220
2213
2195
2207
2221
2220
2185
2207
2155
2229
2190
2233
2166
2236
2190
2250
2198
2244
2194
2267
2234
2254
2224
2226
2239
2253
2239
2223
2234
2229
2256
2194
2238
2178
2244
2197
2228
2173
2219
2194
2239
2203
2227
2195
2246
2243
2245
2261
2231
2254
2244
2260
2218
2236
2197
2258
2225
2260
2203
2242
2231
2246
2225
2198
2176
2181
2198
2184
2186
2187
2202
2177
2203
2159
2201
2190
2218
2178
2211
2187
2215
2200
2188
2154
2166
2175
2160
2170
2129
2155
2161
2202
2155
2175
2151
2207
2185
2213
2163
2193
2186
2218
2216
2194
2179
2202
2221
2190
2189
2156
2175
2131
2189
2121
2175
2123
2199
2143
2199
2153
2180
2169
2204
2161
2175
2164
2166
2199
2168
2193
2180
2226
2196
2224
2187
2240
2211
2256
2196
2229
2185
2237
2189
2186
2158
2178
2194
2204
2188
2185
2199
2166
2213
2162
2190
2117
2168
2129
2195
2140
2155
2100
2144
2078
2093
2052
2060
2084
2090
2088
2094
2120
2131
2137
2114
2136
2114
2183
2133
2172
2120
2171
2151
2171
2137
2138
2135
2163
2137
2109
2106
2075
2115
2066
2083
2038
2095
2062
2116
2068
2073
2062
2098
2065
2072
2047
2052
2087
2086
2087
2059
2081
2089
2105
2104
2137
2100
2140
2110
2123
2078
2116
2114
2124
2122
2108
2101
2108
2134
2113
2121
2077
2130
2114
2155
2114
2156
2135
2171
2138
2148
2111
2137
2130
2138
2106
2109
2126
2115
2145
2118
2143
2132
2164
2125
2169
2099
2155
2130
2187
2123
2160
2130
2172
2161
2166
2130
2150
2131
2106
2097
2037
2072
2068
2122
2058
2095
2062
2124
2089
2140
2082
2124
2092
2141
2074
2090
2079
2099
2123
2104
2100
2113
2139
2106
2134
2083
2134
2101
2143
2085
2125
2089
2136
2117
2132
2096
2107
2099
2103
2099
2074
2084
2074
2121
2095
2140
2116
2155
2133
2175
2132
2138
2113
2143
2120
2107
2124
2115
2147
2148
2160
2144
2171
2136
2183
2144
2164
2123
2165
2145
2165
2122
2099
2105
2114
2115
2083
2082
2073
2083
2045
2076
2024
2080
2074
2131
2087
2142
2132
2182
2160
2170
2132
2161
2187
2171
2192
2157
2184
2167
2200
2151
2170
2126
2197
2167
2208
2144
2200
2169
2206
2190
2186
2170
2169
2182
2160
2137
2121
2146
2107
2154
2085
2140
2098
2144
2072
2128
2071
2124
2098
2117
2075
2110
2096
2106
2121
2085
2092
2073
2107
2058
2076
2023
2062
2003
2037
1964
2010
2003
2069
2029
2030
2004
2024
2022
2019
2014
2005
2006
1988
2018
1956
1987
1962
2006
1960
2022
1988
2017
2020
2053
2007
2011
1994
1990
2013
1990
1987
1958
1983
1987
1998
1981
2019
1986
2026
1976
1981
1914
1943
1902
1872
1849
1835
1867
1891
1896
1873
1875
1851
1884
1852
1895
1863
1919
1904
1937
1913
1919
1907
1936
1914
1904
1892
1883
1920
1893
1894
1839
1867
1845
1857
1803
1814
1762
1827
1777
1800
1769
1824
1822
1827
1836
1818
1834
1847
1871
1849
1896
1837
1912
1875
1939
1881
1952
1925
2001
1953
1970
1943
1999
1985
1996
1959
1940
1958
1941
1963
1916
1940
1933
1963
1934
1989
1930
1990
1957
2013
1954
1992
1924
1950
1938
1916
1874
1892
1898
1893
1899
1848
1878
1865
1929
1881
1910
1891
1939
1923
1963
1922
1963
1956
1990
1960
1970
1971
1989
2020
1991
1983
1973
2012
2001
2029
1991
2022
2024
2067
2026
2034
2004
2020
2032
2025
2005
1998
2019
2024
2032
1984
2003
1953
1996
1944
1968
1927
1965
1970
1996
1978
1979
1992
2025
2008
1994
2004
1965
2011
1962
1986
1927
1983
1953
2018
1982
2027
1997
2060
2018
2049
2011
1976
1975
1937
1932
1899
1893
1887
1907
1865
1932
1883
1981
1950
2013
1971
2049
2018
2081
2039
2059
2003
2034
2015
2011
2014
1972
2001
2005
2037
2003
2038
2004
2076
2012
2028
1951
2008
1966
2005
1961
1966
1963
1982
1960
1970
1972
1983
1994
1949
1956
1882
1901
1865
1895
1844
1896
1851
1906
1879
1905
1874
1922
1935
1949
1962
1942
1961
1969
1987
1962
1984
1952
1995
1966
1992
1959
1984
1972
2023
2009
2013
2009
2038
2060
2060
2066
2041
2043
2012
2045
2003
2034
2014
2061
2031
2057
2033
2042
2038
2060
2050
2050
2074
2068
2117
2086
2106
2074
2128
2098
2126
2115
2119
2101
2133
2091
2119
2083
2120
2122
2095
2084
2042
2073
2041
2041
2001
2022
1975
2063
2003
2027
1967
2043
1998
2044
2004
2013
1999
2035
2008
1995
1984
1973
2027
1984
2015
1967
2015
1981
2018
1973
2007
1948
2007
1942
1972
1911
1942
1893
1896
1880
1869
1870
1878
1882
1856
1871
1817
1895
1878
1932
1891
1980
1973
2038
1998
2029
1999
2074
2063
2078
2050
2029
2035
2024
2038
2007
2019
2000
2035
1993
2008
1957
1992
1960
1974
1911
1937
1923
1949
1964
1966
1970
1965
1993
1968
2002
1962
1984
1969
2001
1952
1952
1919
1937
1948
1925
1920
1897
1931
1941
1948
1896
1930
1899
1956
1912
1944
1910
1979
1947
1976
1948
1959
1964
1987
1963
1953
1948
1911
1980
1954
1987
1950
2012
1991
2031
1973
1990
1916
1962
1900
1925
1863
1860
1851
1851
1839
1813
1821
1828
1839
1818
1889
1847
1937
1913
1978
1928
1984
1938
2010
1981
2004
1957
2007
1989
2004
1994
1959
1967
1949
1978
1944
1944
1913
1958
1916
1955
1889
1936
1919
1942
1879
1909
1898
1925
1912
1914
1913
1929
1953
1938
1969
1917
1948
1914
1930
1859
1863
1826
1870
1841
1835
1796
1825
1825
1847
1844
1831
1845
1834
1859
1840
1860
1859
1903
1895
1910
1886
1928
1934
1984
1952
1983
1992
2007
2028
2020
2025
2001
2024
1999
2026
1984
2008
1981
2019
1965
1993
1980
2008
2013
2025
2021
2026
2024
2032
2034
1978
1980
1946
1996
1974
2008
1952
1980
1949
1977
1932
1947
1915
1967
1930
1947
1957
1926
1957
1944
1948
1909
1931
1879
1949
1888
1935
1888
1967
1926
1956
1921
1935
1896
1931
1886
1900
1880
1944
1979
1947
1963
1918
1952
1909
1925
1871
1908
1864
1945
1903
1964
1924
2002
1970
2000
1967
1975
1978
2001
2004
1978
1978
1962
2031
2006
2035
1983
2045
2024
2068
2045
2074
2023
2074
2046
2052
2004
2023
2002
2001
1984
1952
1975
1995
2023
2003
2075
2053
2111
2125
2069
2063
2039
2065
2038
1998
1990
1959
1998
1981
1990
1946
1976
1971
2026
2012
2044
2030
2109
2091
2104
2090
2067
2090
2097
2086
2062
2087
2056
2122
2077
2109
2045
2130
2086
2111
2059
2084
2058
2099
2060
2070
2047
2099
2100
2084
2104
2072
2105
2071
2085
2051
2097
2033
2086
2033
2089
2032
2092
2057
2091
2064
2054
2042
2072
2058
2060
2043
2018
2079
2027
2049
1960
1983
1927
1948
1896
1929
1869
1930
1909
1956
1911
1955
1960
1970
1974
1958
1962
1985
2021
2008
2056
1996
2024
2003
2022
1965
1987
1969
2004
2007
2018
1995
2022
2022
2016
1986
1952
1978
1968
1991
1927
1946
1945
2000
1968
1969
1931
1954
1946
1976
1940
1946
1952
1967
1992
1977
1992
1994
2036
2014
2059
2022
2039
2030
2072
2027
2037
2013
2004
2011
1979
1973
1980
2001
1992
1987
1937
1969
1930
2007
1971
2018
1991
2078
2062
2100
2079
2094
2090
2137
2131
2143
2171
2144
2183
2146
2167
2112
2150
2109
2145
2083
2098
2029
2075
2016
2049
1987
1986
1998
2004
1986
1963
1986
2014
2052
2044
2084
2024
2083
2037
2095
2024
2078
2030
2096
2055
2085
2051
2110
2094
2124
2137
2126
2164
2175
2194
2163
2190
2181
2225
2172
2197
2133
2191
2156
2191
2122
2150
2135
2160
2158
2163
2154
2172
2168
2139
2183
2143
2180
2155
2195
2163
2184
2152
2189
2151
2174
2123
2138
2112
2135
2117
2099
2088
2104
2135
2121
2126
2113
2138
2130
2166
2119
2139
2120
2158
2118
2135
2124
2132
2163
2152
2168
2143
2175
2147
2195
2130
2126
2076
2119
2074
2092
2063
2051
2055
2078
2087
2080
2108
2149
2179
2149
2192
2147
2228
2200
2237
2183
2236
2206
2258
2205
2225
2175
2220
2190
2171
2170
2119
2122
2109
2128
2071
2081
2022
2075
2033
2076
2011
2094
2055
2110
2093
2125
2091
2124
2098
2086
2057
2075
2091
2083
2111
2096
2138
2126
2177
2137
2189
2126
2175
2109
2143
2075
2095
2058
2077
2066
2054
2046
2065
2077
2067
2060
2030
2067
2034
2073
2040
2070
2051
2100
2064
2084
2044
2067
2056
2065
2046
2062
2063
2072
2089
2055
2065
2070
2101
2071
2112
2060
2095
2070
2075
2022
2035
2030
2023
2032
2031
2027
2042
2084
2080
2089
2061
2096
2089
2129
2078
2113
2086
2127
2119
2113
2083
2093
2091
2107
2080
2078
2103
2104
2132
2081
2110
2096
2148
2104
2141
2100
2141
2112
2149
2115
2156
2120
2132
2149
2129
2125
2104
2122
2118
2109
2064
2098
2035
2074
2009
2051
1982
2035
1988
2034
1995
2017
2009
2060
2027
2035
2036
2017
2054
2014
2019
1985
2027
2009
2054
2010
2062
2022
2096
2041
2079
2019
2057
2058
2088
2052
2062
2050
2070
2056
2038
2062
2022
2097
2053
2106
2046
2091
2030
2069
2006
2029
1985
2036
2006
2027
2009
2022
2036
2043
2031
2016
2018
2017
2034
1985
1994
1948
2017
1990
2015
1980
2010
2009
2055
2057
2065
2042
2048
2055
2059
2064
2022
2051
2028
2051
1997
2000
1991
2039
2031
2055
2030
2056
2059
2099
2091
2069
2060
2063
2075
2040
2047
2023
2061
2057
2093
2051
2086
2063
2095
2037
2071
2062
2066
2066
2043
2032
2015
2046
2004
2026
1954
1991
1963
2032
1989
2051
2027
2089
2074
2112
2055
2096
2070
2109
2098
2073
2065
2052
2092
2061
2059
2030
2056
2011
2073
2005
2057
2016
2097
2041
2078
2032
2046
2034
2062
2020
2013
1991
1962
1987
1932
1956
1921
1963
1911
1932
1893
1920
1872
1929
1877
1909
1858
1927
1932
1959
1948
1953
1957
1963
1955
1937
1961
1926
1982
1937
1959
1922
1980
1970
2023
1982
1990
1962
1992
1968
1974
1940
1940
1974
1963
1977
1951
1988
1999
2022
2024
2039
2005
2046
2014
2024
1974
2011
2000
2005
1996
1971
1986
1990
2018
1992
2020
1972
2027
2002
2024
1977
2018
1996
2017
1994
1987
1989
2014
2044
2036
2035
2027
2080
2070
2096
2044
2065
2043
2081
2047
2081
2046
2081
2058
2091
2048
2077
2092
2098
2126
2113
2131
2114
2159
2124
2169
2112
2159
2123
2190
2116
2155
2094
2121
2104
2108
2065
2083
2090
2108
2086
2096
2129
2124
2171
2128
2148
2114
2178
2143
2189
2104
2133
2084
2136
2072
2102
2053
2081
2088
2092
2069
2073
2083
2083
2099
2031
2043
2009
2076
2022
2053
1992
2037
2017
2064
2023
2065
2045
2097
2050
2070
2064
2036
2043
2013
2012
1993
2015
1993
2042
1987
2000
1958
2027
1994
2006
1982
1977
1988
2004
1975
1973
1956
1945
1954
1913
1944
1913
1966
1955
2001
1966
1985
1961
1990
1999
1993
1979
1987
2008
1993
2009
1971
2011
2016
2057
1997
2027
2002
2036
2013
2035
2002
2023
2011
2028
2038
2025
2042
2046
2077
2051
2059
2030
2054
2026
2063
1996
2027
1971
2034
1967
2018
1989
2019
2016
2036
2009
2012
2007
2006
2051
1982
1999
1983
2045
1996
2038
2002
2046
2020
2070
1997
2029
1977
2036
2004
2002
1994
1987
2000
2003
1996
1990
2014
1991
2051
1999
2052
2007
2081
2046
2099
2074
2106
2091
2145
2118
2142
2109
2112
2138
2122
2109
2071
2111
2095
2099
2070
2101
2081
2148
2121
2154
2119
2176
2172
2196
2159
2134
2124
2151
2159
2131
2154
2107
2163
2144
2165
2121
2157
2142
2169
2137
2134
2112
2152
2127
2135
2106
2099
2133
2118
2139
2118
2137
2118
2159
2143
2171
2147
2198
2184
2199
2167
2205
2206
2233
2238
2216
2223
2216
2228
2179
2183
2115
2155
2114
2149
2094
2137
2118
2154
2151
2168
2145
2183
2192
2184
2168
2146
2177
2156
2191
2138
2162
2130
2190
2151
2187
2130
2175
2156
2216
2163
2199
2154
2167
2171
2139
2131
2115
2119
2114
2141
2066
2119
2090
2172
2114
2167
2104
2138
2112
2151
2107
2132
2121
2156
2111
2120
2118
2115
2180
2164
2172
2132
2182
2145
2205
2136
2162
2137
2204
2130
2154
2118
2131
2139
2160
2128
2123
2116
2122
2126
2099
2125
2084
2156
2129
2155
2104
2152
2129
2170
2122
2118
2076
2112
2071
2062
2059
2044
2071
2074
2101
2090
2121
2118
2177
2139
2164
2118
2152
2125
2124
2078
2061
2074
2094
2096
2062
2052
2053
2047
1996
2005
1923
1962
1934
1954
1894
1949
1931
1971
1973
1996
1962
1997
2016
2012
2034
1996
2022
2002
2024
1992
2010
1971
2032
1988
2022
1959
2013
1984
2017
1967
1951
1927
1967
1984
1986
1998
2023
2063
2032
2072
2006
2044
2013
2082
2026
2109
2063
2127
2099
2133
2071
2103
2091
2117
2118
2068
2074
2087
2121
2084
2089
2019
2061
2010
2033
1970
2023
1994
2048
2029
2052
2006
2037
2039
2046
2031
2048
2056
2037
2056
2022
2048
2029
2074
2038
2102
2060
2073
2055
2092
2034
2037
1993
1973
1975
1947
1922
1899
1913
1899
1906
1880
1910
1895
1942
1903
1914
1872
1915
1886
1894
1880
1880
1880
1897
1890
1869
1867
1849
1898
1859
1892
1858
1935
1928
1983
1953
1980
1976
2024
2005
2010
1976
1960
1987
1951
1951
1932
1965
1948
1968
1926
1948
1901
1961
1921
1943
1887
1938
1917
1935
1933
1919
1910
1901
1903
1867
1889
1823
1870
1841
1892
1829
1874
1839
1875
1803
1827
1770
1805
1765
1789
1737
1742
1755
1747
1761
1716
1723
1706
1730
1677
1725
1667
1747
1720
1821
1784
1849
1853
1921
1923
1954
1941
1987
1997
2012
2029
1981
1994
1967
2010
1943
1955
1899
1950
1916
1934
1867
1904
1883
1918
1851
1889
1860
1880
1899
1873
1870
1873
1906
1898
1955
1923
1955
1929
1957
1886
1878
1827
1847
1855
1866
1847
1844
1863
1892
1895
1843
1839
1773
1791
1744
1730
1658
1658
1635
1650
1621
1643
1638
1675
1685
1694
1730
1723
1767
1759
1783
1745
1762
1723
1759
1722
1741
1699
1757
1759
1815
1810
1810
1818
1829
1851
1831
1842
1831
1863
1834
1890
1841
1907
1865
1922
1869
1942
1907
1953
1921
1939
1885
1906
1891
1864
1862
1800
1800
1784
1831
1783
1812
1802
1896
1882
1939
1882
1915
1874
1912
1855
1843
1807
1830
1838
1846
1825
1833
1855
1824
1847
1784
1820
1797
1860
1810
1873
1819
1892
1871
1894
1834
1866
1829
1848
1856
1830
1839
1864
1912
1906
1926
1935
1973
1961
2019
1990
2020
2005
2045
2015
2013
1986
1988
1977
1987
1970
1969
1968
1956
2006
1980
2017
2011
2067
2034
2071
2047
2044
2030
2061
2044
2056
2016
2034
2066
2051
2058
2056
2095
2086
2098
2064
2074
2027
2063
2001
2017
1974
2018
2001
2026
2017
2006
2018
2052
2061
2052
2076
2043
2102
2069
2083
2069
2035
2092
2074
2095
2070
2124
2091
2114
2071
2109
2078
2076
2056
2018
2025
2024
2029
1987
2016
1950
2023
1996
2055
2017
2071
2035
2094
2059
2082
2066
2109
2088
2089
2054
2019
2037
2008
2037
1992
2030
2009
2058
2031
2078
2034
2094
2058
2100
2045
2082
2055
2089
2091
2090
2068
2072
2091
2082
2088
2030
2069
2044
2092
2028
2060
2033
2067
2038
2048
1988
1999
1978
1991
1935
1893
1856
1841
1849
1827
1830
1811
1851
1850
1899
1848
1890
1883
1915
1865
1878
1843
1855
1857
1844
1831
1842
1883
1885
1918
1889
1925
1930
1984
1943
1967
1929
1951
1946
1954
1925
1932
1940
1961
1947
1950
1979
1945
1993
1969
1994
1950
2003
1990
2045
2005
2038
2008
2066
2039
2068
2030
2014
2038
2050
2055
2027
2043
2054
2098
2023
2058
1977
2053
2002
2042
1957
1998
1977
2028
1984
1992
1948
2005
1993
1998
2020
2002
2066
2067
2098
2059
2086
2052
2134
2074
2116
2033
2087
2038
2062
2003
1997
1997
2037
2024
2027
2026
2051
2064
2046
2072
2018
2083
2067
2116
2072
2114
2066
2126
2104
2113
2059
2089
2063
2082
2075
2070
2074
2086
2106
2084
2096
2076
2115
2078
2107
2051
2074
2039
2057
2023
2011
1984
1987
1963
1942
1907
1877
1817
1761
1747
1675
1683
1658
1704
1675
1747
1742
1793
1817
1855
1835
1846
1855
1864
1883
1874
1899
1898
1946
1914
1942
1938
1973
1977
2028
1986
1989
1971
2021
2022
1999
1961
1932
1956
1957
1956
1935
1972
1935
1999
1947
1983
1945
2017
1979
2020
1986
2017
2019
2062
2028
2023
1999
1994
2044
2012
2024
1970
2013
1970
2002
1962
2017
1973
2039
1997
2047
1995
2057
2021
2020
2000
2003
1995
2006
1962
1938
1934
1867
1930
1877
1903
1828
1883
1843
1895
1846
1873
1832
1892
1854
1880
1841
1869
1908
1931
1939
1923
1962
1972
2004
1986
2033
1997
2058
2026
2067
2011
2053
2019
2074
2038
2020
1979
2002
1974
1946
1932
1879
1915
1900
1952
1918
1964
1977
2027
2019
2045
2024
2042
2067
2072
2047
2060
2074
2078
2122
2104
2129
2108
2138
2115
2124
2068
2092
2077
2103
2074
2096
2096
2106
2148
2122
2127
2113
2158
2144
2176
2115
2154
2126
2181
2135
2156
2101
2107
2107
2131
2113
2093
2092
2124
2118
2089
2125
2092
2158
2129
2163
2099
2143
2116
2178
2119
2164
2126
2187
2133
2162
2138
2131
2161
2167
2160
2154
2164
2165
2171
2099
2143
2086
2167
2108
2139
2065
2122
2091
2151
2090
2119
2091
2143
2114
2105
2099
2070
2103
2087
2095
2049
2072
2030
2101
2067
2103
2062
2135
2110
2136
2097
2111
2107
2131
2104
2100
2087
2121
2111
2079
2069
2029
2085
2075
2097
2069
2119
2096
2150
2111
2129
2102
2167
2144
2134
2127
2108
2121
2133
2121
2101
2100
2083
2134
2108
2144
2113
2159
2144
2193
2166
2162
2139
2160
2161
2147
2124
2133
2132
2110
2140
2100
2123
2091
2125
2068
2100
2046
2089
2070
2092
2050
2079
2089
2112
2119
2085
2105
2104
2134
2083
2078
2030
2080
2034
2067
2015
2061
2051
2111
2099
2103
2069
2098
2107
2092
2068
2078
2109
2083
2125
2068
2102
2073
2133
2075
2157
2107
2158
2129
2176
2100
2122
2078
2089
2092
2079
2068
2061
2087
2064
2071
2025
2071
2037
2083
2023
2088
2057
2145
2124
2155
2104
2123
2088
2097
2055
2063
2040
2051
2075
2059
2067
2042
2063
2037
2082
2033
2053
2016
2067
2002
2020
1963
1978
1973
1988
1987
2001
2030
2060
2067
2064
2114
2110
2159
2128
2128
2080
2121
2062
2067
2013
2009
1998
2032
1996
1998
1978
1937
1956
1929
1925
1899
1952
1956
2009
1978
2002
1983
2045
2019
2034
1994
1987
1999
2008
2010
1994
2034
2053
2075
2033
2072
2011
2075
2028
2056
2011
2070
2044
2101
2065
2090
2075
2130
2116
2133
2145
2112
2147
2120
2130
2095
2124
2094
2144
2094
2144
2091
2157
2121
2192
2124
2154
2152
2190
2181
2175
2162
2169
2170
2131
2168
2108
2138
2090
2132
2057
2080
2015
2064
2024
2053
1991
2029
1996
2010
1999
1987
1992
2009
2029
2011
2005
2006
2046
2013
2045
1967
1998
1986
2028
1979
2008
1976
2007
2004
2026
2009
2023
2040
2043
2066
2029
2051
2039
2086
2045
2085
2061
2125
2107
2124
2071
2093
2070
2083
2068
2044
2058
2066
2098
2083
2095
2070
2084
2056
2069
2008
2022
1977
2001
1956
1957
1937
1927
1950
1952
1975
1969
1981
1955
1994
1949
1979
1931
2002
1985
2029
2006
2046
2033
2070
2050
2042
2015
2046
2057
2039
2047
2005
2059
2057
2080
2020
2072
2015
2074
2024
2052
1982
2052
2036
2078
2065
2067
2061
2072
2067
2063
2067
2040
2103
2074
2133
2079
2146
2116
2172
2132
2154
2106
2180
2127
2150
2098
2149
2139
2144
2154
2131
2169
2184
2198
2165
2214
2162
2238
2215
2260
2202
2260
2231
2264
2231
2240
2190
2223
2211
2215
2206
2188
2217
2220
2236
2201
2235
2220
2263
2245
2280
2236
2262
2225
2248
2206
2215
2188
2179
2184
2156
2144
2115
2140
2123
2148
2113
2125
2111
2177
2154
2173
2157
2169
2194
2196
2188
2174
2191
2189
2182
2167
2184
2142
2201
2174
2209
2169
2229
2214
2244
2213
2215
2204
2243
2215
2209
2201
2158
2205
2173
2198
2149
2200
2165
2216
2170
2188
2164
2217
2172
2208
2164
2191
2224
2232
2216
2188
2203
2210
2214
2177
2225
2168
2245
2205
2249
2202
2269
2227
2292
2245
2278
2229
2278
2243
2270
2263
2242
2282
2286
2304
2271
2282
2269
2313
2258
2302
2234
2288
2239
2285
2210
2243
2215
2239
2231
2231
2203
2244
2237
2222
2249
2200
2223
2198
2240
2196
2209
2155
2213
2172
2211
2162
2200
2170
2220
2211
2208
2187
2205
2223
2216
2222
2231
2250
2239
2260
2210
2250
2250
2281
2249
2275
2249
2284
2280
2276
2250
2259
2293
2285
2285
2222
2243
2229
2274
2217
2221
2193
2228
2220
2239
2209
2224
2209
2235
2215
2187
2197
2192
2228
2190
2202
2178
2207
2191
2216
2166
2186
2160
2194
2151
2181
2150
2131
2135
2135
2107
2067
2069
2018
2074
2039
2072
2029
2108
2080
2132
2092
2116
2073
2124
2087
2112
2084
2140
2136
2115
2132
2097
2127
2103
2113
2065
2106
2057
2139
2073
2114
2044
2105
2043
2077
2022
2024
2013
2060
2031
2030
2006
1989
2053
2027
2047
1999
2060
2043
2087
2049
2104
2076
2165
2114
2161
2104
2169
2141
2167
2129
2109
2101
2092
2081
2063
2100
2055
2115
2082
2110
2057
2117
2111
2147
2091
2102
2058
2100
2085
2104
2082
2073
2092
2078
2091
2060
2070
2064
2088
2075
2094
2049
2081
2049
2072
2018
2048
2032
2058
2077
2068
2054
2053
2076
2071
2104
2063
2107
2075
2094
2028
2037
1994
2003
1987
1986
1961
1991
2017
2021
2014
1998
2018
2003
2033
1979
1992
1952
1989
1960
1989
1929
1971
1954
1992
1933
1957
1930
1940
1955
1927
1939
1938
1983
1965
2002
1927
1969
1928
2001
1934
1975
1925
1990
1981
2005
1963
1987
1973
2002
1971
1962
1974
1950
2002
1965
1968
1918
1951
1930
1994
1925
1980
1928
1999
1949
1995
1965
1975
1963
1966
1945
1939
1943
1962
1974
1942
1980
1952
2015
1978
2015
1966
2027
1996
2054
2015
2048
2010
2049
2007
2000
1987
1957
1958
1939
1919
1879
1884
1867
1933
1896
1911
1873
1925
1922
1957
1944
1951
1960
1981
1979
1968
1950
1960
1983
1964
1997
1958
2007
1995
2017
1964
2005
1992
2043
2043
2057
2039
2063
2059
2051
2057
2022
2035
2027
2041
1994
2012
1979
2022
1995
1997
1930
1946
1922
1957
1942
1929
1938
1966
2005
1988
1990
1965
1969
1912
1941
1883
1923
1882
1924
1857
1914
1893
1925
1904
1907
1860
1871
1877
1874
1910
1890
1927
1907
1967
1948
1978
1947
1995
1964
2028
1973
2008
1939
2004
1975
1971
1935
1945
1971
1992
1976
1976
2016
2001
2051
1991
2031
1982
2054
1975
1998
1924
1933
1890
1927
1871
1886
1848
1859
1897
1872
1879
1848
1870
1849
1854
1815
1855
1819
1887
1851
1893
1845
1896
1873
1915
1893
1884
1876
1889
1911
1901
1928
1900
1953
1943
1971
1954
1981
1956
1986
1965
1970
1951
1981
1976
1967
1947
1923
1947
1943
1963
1923
1928
1904
1935
1905
1921
1894
1926
1927
1972
1922
1947
1940
1964
2004
1982
1988
1963
2005
1956
1962
1901
1928
1904
1965
1903
1935
1904
1936
1929
1941
1928
1943
1978
1987
1976
1969
1992
1981
2039
2005
2049
2014
2089
2056
2100
2057
2101
2082
2136
2071
2089
2124
2105
2137
2095
2130
2123
2133
2088
2095
2106
2099
2122
2079
2093
2061
2111
2059
2108
2067
2116
2076
2126
2074
2124
2101
2133
2136
2119
2091
2088
2103
2102
2092
2045
2090
2058
2116
2065
2091
2028
2054
2032
2070
2025
2046
2037
2094
2072
2086
2088
2075
2101
2103
2101
2080
2108
2085
2138
2087
2099
2066
2122
2089
2113
2103
2109
2127
2127
2115
2115
2133
2148
2152
2122
2142
2100
2161
2142
2166
2118
2142
2122
2149
2117
2121
2093
2119
2108
2096
2108
2098
2150
2147
2166
2137
2163
2150
2214
2180
2220
2157
2184
2146
2165
2156
2134
2134
2129
2130
2102
2111
2116
2139
2111
2175
2121
2196
2177
2235
2181
2240
2209
2251
2237
2267
2235
2267
2251
2250
2267
2222
2234
2217
2252
2206
2224
2180
2240
2197
2251
2192
2241
2201
2242
2191
2166
2122
2157
2163
2151
2138
2138
2165
2141
2184
2124
2152
2118
2186
2141
2188
2115
2142
2126
2162
2106
2134
2102
2120
2134
2120
2118
2128
2153
2141
2144
2129
2162
2137
2170
2112
2128
2079
2128
2103
2107
2088
2101
2114
2127
2097
2102
2111
2097
2127
2089
2112
2071
2118
2088
2119
2074
2071
2053
2103
2081
2088
2078
2098
2140
2118
2111
2055
2066
2042
2031
1952
1951
1888
1938
1899
1937
1894
1946
1935
1980
1990
1975
1990
2004
1999
1960
1976
1920
1970
1931
1971
1887
1933
1901
1987
1932
1971
1949
2013
2001
2026
1992
1997
2019
2000
2005
1951
1965
1938
1942
1877
1910
1838
1922
1899
1960
1900
1959
1938
2011
1992
1999
1985
2025
2009
2008
2011
1968
1984
1935
1952
1902
1928
1899
1966
1916
1956
1887
1947
1917
1951
1883
1901
1882
1893
1895
1883
1869
1868
1895
1861
1897
1852
1881
1856
1903
1844
1855
1803
1823
1805
1805
1763
1769
1759
1774
1755
1713
1709
1703
1733
1683
1704
1683
1755
1767
1819
1800
1833
1838
1886
1844
1860
1841
1855
1883
1875
1867
1830
1877
1878
1917
1859
1891
1873
1921
1862
1879
1854
1892
1898
1914
1903
1907
1924
1955
1979
1956
1985
1974
2035
2007
2042
2015
2065
2051
2101
2046
2074
2038
2084
2041
2056
2058
2042
2071
2064
2062
2038
2063
2023
2092
2042
2084
2017
2090
2042
2093
2057
2093
2069
2112
2084
2115
2083
2127
2153
2139
2162
2108
2143
2121
2136
2072
2127
2069
2124
2061
2112
2057
2130
2099
2128
2089
2081
2069
2100
2100
2088
2065
2052
2131
2105
2151
2096
2137
2113
2178
2123
2130
2093
2130
2122
2120
2073
2078
2056
2057
2080
2040
2058
2025
2069
2026
2060
2008
2055
2034
2072
2029
2057
2045
2074
2087
2083
2070
2054
2075
2068
2067
2040
2055
2023
2059
2016
2029
1996
2034
2022
2033
2024
2016
2037
2048
2039
2013
2028
1999
2032
2014
2042
2004
2071
2034
2089
2037
2049
2021
2071
2040
2053
2022
2030
2073
2055
2054
2015
2046
2049
2063
2025
2065
2001
2062
2011
2051
1987
2059
2032
2072
2038
2051
2028
2055
2029
2023
2019
1975
2013
1963
1982
1928
1971
1950
2020
1953
2005
1971
2077
2055
2090
2053
2076
2064
2068
2044
2023
2022
2027
2025
1974
1988
1918
1990
1971
2005
1952
2001
1973
2028
1980
2014
1980
2042
2034
2046
2035
2013
2026
2033
2038
1999
2010
1986
1996
1938
1962
1919
1938
1908
1943
1898
1949
1946
1976
1990
1991
1990
2003
2024
2000
2033
1995
2015
1985
2009
1966
1983
1961
1989
1981
1999
1979
2003
2031
2038
2064
2043
2059
2065
2119
2083
2099
2085
2119
2083
2077
2018
2024
1993
2015
1979
1973
1972
1968
2010
2013
2025
1993
2023
1978
2009
1937
1951
1899
1950
1875
1873
1837
1853
1855
1882
1881
1896
1919
1964
1979
1941
1969
1939
1994
1958
1975
1910
1950
1909
1963
1900
1937
1893
1943
1886
1904
1905
1892
1914
1954
1963
1960
1977
1942
2004
1954
1963
1878
1923
1854
1860
1790
1816
1773
1820
1783
1822
1784
1850
1861
1881
1909
1911
1959
1985
2010
1967
1982
1897
1943
1884
1895
1828
1889
1863
1889
1859
1870
1870
1899
1875
1860
1855
1843
1904
1897
1929
1896
1949
1953
1986
1960
1966
1931
1969
1939
1938
1901
1923
1890
1893
1903
1877
1897
1891
1919
1869
1922
1908
1950
1935
1948
1901
1912
1895
1892
1901
1881
1887
1894
1911
1910
1940
1900
1948
1911
1966
1899
1927
1884
1939
1927
1952
1908
1937
1929
1955
1938
1931
1937
1946
1992
1970
1983
1943
1993
1941
1964
1888
1910
1861
1919
1857
1894
1858
1922
1951
1958
1941
1940
1976
1991
1979
1959
1995
1969
2050
2017
2069
2011
2092
2041
2085
2022
2044
2020
2069
2018
2050
2033
2019
2044
2026
2023
2003
2042
2031
2079
2022
2054
2003
2071
2045
2064
2014
2059
2051
2064
2019
2027
2021
2020
1977
1949
1978
1958
2024
2000
2026
2001
2063
2058
2111
2055
2074
2036
2081
2046
2062
2052
2041
2077
2097
2110
2094
2111
2133
2182
2167
2179
2131
2164
2156
2186
2146
2172
2165
2193
2201
2171
2164
2163
2204
2166
2196
2140
2165
2149
2186
2140
2177
2154
2203
2192
2187
2150
2171
2163
2156
2155
2103
2101
2090
2111
2043
2041
2016
2049
2015
2059
2012
2062
2048
2105
2062
2101
2114
2127
2127
2111
2103
2093
2112
2085
2124
2048
2094
2061
2102
2024
2071
2034
2062
2021
2037
1975
1997
1965
1995
1969
1940
1955
1940
1973
1967
1973
1959
1984
1957
2013
1965
2012
1956
2029
1987
2023
1982
1985
1991
2005
1992
1974
1973
1943
2011
1973
1999
1947
2004
1987
2025
1988
2012
1982
2042
2012
2020
1987
2040
2046
2068
2059
2002
2023
2028
2042
2004
2018
1978
2010
1981
1990
1935
1964
1923
1917
1885
1868
1853
1872
1879
1853
1842
1834
1887
1876
1904
1848
1888
1885
1933
1899
1905
1884
1907
1913
1913
1900
1899
1894
1879
1900
1829
1838
1798
1835
1787
1818
1778
1822
1795
1844
1812
1843
1831
1854
1871
1856
1865
1866
1894
1881
1901
1876
1929
1894
1963
1899
1945
1881
1952
1912
1946
1909
1946
1941
1984
1942
1958
1959
1954
2008
1997
2015
1978
2022
1975
2016
1949
1965
1890
1929
1861
1893
1832
1863
1871
1873
1850
1849
1874
1912
1916
1895
1931
1922
1987
1942
1970
1922
1995
1964
2015
1970
1997
1980
2043
1986
1987
1973
1954
1964
1956
1931
1896
1912
1899
1930
1882
1902
1879
1943
1926
1956
1921
1942
1947
1983
1975
1977
1979
2011
2020
2009
2049
2033
2103
2096
2135
2102
2128
2099
2143
2115
2105
2071
2102
2111
2108
2107
2072
2090
2084
2102
2061
2072
2069
2095
2083
2105
2060
2104
2096
2123
2077
2091
2092
2102
2114
2081
2078
2079
2114
2070
2108
2039
2073
2045
2087
2014
2046
1990
2053
2047
2067
2025
2043
2044
2062
2059
5835
2022
2046
2055
2045
2038
2046
2052
2073
2085
2085
2063
2051
2044
2058
2049
2048
2043
2035
2034
2036
2053
2068
2063
2070
2099
2124
2150
2173
2183
2196
2202
2193
2201
2209
2216
2215
2207
2177
2172
2162
2140
2125
2142
2148
2158
2148
2166
2173
2191
2206
2195
2188
2165
2149
2140
2139
2156
2147
2149
2155
2155
2155
2151
2144
2136
2136
2128
2121
2129
2131
2126
2134
2151
2161
2149
2143
2143
2150
2140
2132
2118
2133
2139
2152
2169
2197
2217
2223
2218
2231
2228
2223
2224
2211
2210
2204
2211
2202
2204
2194
2172
2166
2173
2179
2199
2204
2194
2168
2157
2143
2121
2106
2093
2092
2097
2112
2111
2120
2117
2122
2138
2152
2166
2178
2177
2166
2170
2164
2131
2126
2122
2120
2111
2109
2100
2102
2117
2129
2129
2140
2158
2151
2154
2154
2141
2115
2104
2098
2086
2070
2061
2044
2026
2019
2019
2015
2015
2019
2011
2007
2007
2012
2026
2036
2069
2078
2083
2079
2083
2082
2066
2057
2060
2054
2054
2058
2043
2047
2049
2035
2021
2030
2043
2055
2049
2051
2054
2071
2078
2086
2093
2101
2108
2114
2099
2098
2088
2075
2059
2044
2020
2006
1983
1987
1984
1994
1997
2010
2026
2034
2044
2047
2029
2015
1997
1980
1951
1913
1870
1853
1847
1847
1843
1855
1874
1894
1924
1945
1973
1981
1987
1998
2005
2010
2006
2010
2012
2022
2031
2031
2031
2009
2001
1977
1973
1965
1962
1933
1921
1924
1931
1951
1958
1981
2003
2028
2055
2081
2094
2113
2111
2121
2129
2134
2138
2125
2113
2107
2095
2085
2067
2062
2054
2066
2064
2061
2066
2071
2080
2090
2087
2090
2100
2101
2084
2095
2094
2108
2118
2128
2123
2134
2140
2129
2108
2104
2099
2102
2086
2077
2080
2079
2052
2045
2044
2059
2064
2062
2049
2020
2020
2023
2015
2010
2004
1997
2003
2007
2022
2025
2028
2026
2018
2009
2007
1999
1987
1990
1984
1987
1997
2007
2009
2029
2039
2027
2019
2021
2009
2001
2008
2017
2038
2050
2065
2065
2060
2053
2045
2046
2042
2042
2052
2068
2079
2087
2089
2097
2102
2097
2100
2090
2074
2051
2031
2030
1997
1980
1974
1952
1941
1934
1922
1918
1936
1954
1970
1995
2017
2041
2064
2080
2105
2110
2125
2142
2152
2162
2159
2159
2166
2170
2163
2164
2160
2153
2149
2136
2141
2126
2134
2131
2107
2112
2093
2073
2070
2069
2068
2071
2065
2065
2043
2031
2011
2004
1987
1981
1988
1995
2010
2022
2023
2025
2008
2007
2012
2007
2008
2004
2007
2015
2024
2032
2041
2049
2037
2027
2012
2005
2010
2015
2032
2026
2033
2029
2034
2031
2024
2012
2011
2024
2040
2027
2012
2018
2017
2005
1978
1964
1973
1962
1964
1970
1981
1987
2005
2008
1994
1987
1987
1979
1980
1977
1967
1954
1935
1917
1910
1925
1933
1941
1950
1969
1979
1995
1996
1999
1988
1980
1984
2011
1988
1983
1985
1994
1984
1969
1964
1959
1955
1959
1960
1962
1971
1959
1961
1948
1946
1939
1926
1921
1916
1912
1925
1928
1934
1946
1945
1954
1962
1969
2002
2028
2053
2055
2055
2061
2076
2086
2084
2080
2102
2123
2138
2145
2161
2168
2138
2132
2106
2078
2058
2038
2010
1992
1971
1973
1991
2006
2027
2045
2060
2063
2041
2043
2028
2007
2002
2005
2006
2011
2008
2007
2000
1990
1966
1943
1931
1931
1925
1920
1917
1937
1970
2010
2037
2054
2061
2070
2052
2026
2015
2007
1998
1987
1965
1950
1955
1938
1943
1933
1938
1945
1955
1978
2009
2034
2058
2065
2082
2095
2107
2103
2125
2113
2097
2115
2111
2103
2118
2124
2115
2114
2128
2138
2142
2158
2174
2167
2166
2174
2181
2194
2197
2206
2193
2197
2187
2180
2193
2213
2218
2219
2227
2222
2223
2238
2232
2232
2228
2237
2225
2216
2212
2205
2216
2229
2221
2215
2226
2229
2230
2226
2226
2232
2246
2251
2267
2253
2247
2246
2235
2249
2244
2235
2226
2225
2221
2222
2213
2218
2216
2213
2216
2213
2223
2220
2206
2214
2221
2232
2229
2227
2226
2224
2238
2238
2238
2248
2257
2255
2250
2250
2252
2266
2275
2266
2267
2276
2283
2295
2286
2290
2269
2271
2251
2246
2231
2249
2235
2240
2235
2242
2245
2243
2222
2227
2231
2236
2242
2246
2259
2271
2269
2267
2268
2270
2277
2271
2277
2279
2275
2257
2268
2264
2268
2269
2277
2269
2260
2262
2264
2257
2257
2258
2255
2257
2250
2252
2234
2211
2220
2237
2216
2209
2219
2211
2206
2218
2219
2228
2235
2234
2239
2208
2203
2187
2180
2177
2181
2182
2202
2212
2213
2215
2220
2216
2210
2207
2212
2209
2223
2224
2214
2224
2228
2227
2214
2207
2197
2180
2189
2188
2192
2197
2198
2197
2194
2201
2218
2223
2232
2214
2221
2217
2220
2217
2235
2245
2250
2256
2260
2253
2268
2262
2271
2278
2279
2282
2270
2258
2243
2227
2216
2212
2205
2210
2211
2216
2223
2232
2222
2218
2229
2224
2215
2215
2207
2191
2187
2189
2172
2154
2150
2144
2145
2138
2129
2132
2141
2147
2141
2145
2140
2136
2144
2138
2139
2159
2165
2163
2164
2162
2163
2144
2125
2125
2129
2131
2127
2124
2124
2114
2125
2126
2129
2127
2116
2114
2102
2081
2081
2083
2083
2073
2082
2092
2087
2073
2094
2099
2111
2125
2138
2137
2143
2153
2142
2135
2134
2134
2130
2130
2127
2119
2126
2135
2133
2148
2168
2172
2164
2179
2196
2193
2200
2211
2224
2212
2198
2184
2171
2158
2153
2148
2138
2135
2139
2146
2148
2154
2155
2147
2156
2156
2155
2148
2140
2145
2144
2149
2143
2145
2132
2131
2140
2124
2108
2104
2095
2080
2059
2051
2053
2065
2081
2090
2099
2112
2118
2131
2118
2108
2112
2114
2101
2106
2120
2111
2139
2134
2131
2125
2131
2136
2138
2131
2126
2109
2100
2107
2112
2111
2107
2086
2083
2096
2104
2115
2118
2133
2152
2155
2153
2166
2168
2168
2152
2144
2152
2146
2131
2140
2143
2154
2162
2169
2170
2172
2172
2178
2174
2181
2180
2161
2145
2140
2120
2118
2110
2111
2105
2092
2084
2066
2075
2077
2077
2099
2117
2125
2136
2151
2139
2135
2142
2137
2146
2145
2156
2166
2185
2182
2181
2189
2184
2176
2176
2172
2172
2170
2189
2190
2192
2189
2186
2204
2208
2211
2207
2213
2217
2219
2203
2189
2169
2162
2153
2132
2120
2121
2126
2134
2127
2118
2100
2096
2106
2108
2098
2099
2106
2098
2100
2116
2118
2114
2117
2122
2114
2107
2111
2098
2075
2064
2053
2031
2023
2019
2012
2012
2020
2030
2034
2034
2019
2013
2002
2008
2012
2015
2021
2008
1986
1996
2005
2012
2007
2026
2043
2056
2056
2046
2028
2028
2027
2018
2014
1991
1990
1997
2010
2013
2009
1996
1984
1981
1965
1948
1925
1891
1869
1857
1872
1887
1908
1919
1913
1903
1895
1895
1874
1887
1905
1899
1909
1925
1939
1963
1964
1960
1967
1960
1954
1946
1937
1912
1895
1882
1834
1818
1805
1785
1770
1753
1752
1749
1761
1775
1782
1789
1807
1814
1831
1850
1878
1890
1898
1910
1904
1911
1922
1939
1954
1964
1976
1975
1979
1978
1984
1984
1989
1978
1982
1974
1966
1954
1961
1963
1967
1958
1982
1979
1988
1996
2013
2014
2022
2035
2023
2012
1996
1982
1977
1948
1919
1904
1895
1915
1910
1918
1925
1931
1941
1953
1951
1953
1936
1937
1941
1950
1960
1978
1979
1998
2007
2009
2000
1997
2007
2006
1999
1983
1975
1979
1991
1991
1986
1991
2015
2006
2001
2004
2034
2043
2043
2026
2007
1989
1969
1956
1942
1927
1913
1908
1913
1919
1920
1923
1930
1941
1952
1961
1969
1980
1982
1983
1974
1965
1951
1942
1930
1939
1942
1972
1995
2012
2010
2026
2025
2011
1984
1962
1943
1936
1907
1886
1869
1871
1862
1880
1895
1918
1957
1982
2009
2022
2039
2045
2049
2049
2036
2024
2020
2008
2022
2020
2040
2053
2068
2069
2077
2062
2056
2039
2032
2002
1985
1957
1954
1954
1977
1985
1986
1999
1998
2002
1997
1991
1976
1957
1918
1890
1852
1847
1848
1853
1843
1860
1875
1885
1911
1918
1930
1949
1965
1983
1992
1996
1983
1977
1974
1971
1972
1975
1990
2012
2006
1999
2006
2010
2038
2062
2069
2075
2077
2076
2081
2079
2071
2052
2043
2045
2069
2079
2074
2076
2084
2068
2058
2043
2042
2049
2055
2069
2075
2081
2093
2108
2116
2113
2114
2130
2128
2121
2112
2099
2081
2068
2052
2057
2072
2076
2071
2060
2055
2028
2010
2013
2008
2012
1996
2001
1994
1995
1986
1981
1972
1956
1956
1948
1946
1941
1954
1955
1956
1958
1962
1960
1961
1955
1951
1963
1964
1960
1950
1946
1923
1912
1893
1870
1850
1851
1845
1837
1828
1836
1841
1853
1847
1857
1873
1902
1934
1957
1979
1995
2020
2045
2045
2056
2065
2077
2088
2102
2099
2079
2074
2065
2055
2044
2030
2018
2013
2010
2003
1983
1984
1966
1973
1979
1986
1971
1955
1971
1970
1975
1970
1969
1982
1991
1987
1979
1966
1958
1936
1923
1905
1892
1887
1898
1913
1941
1947
1959
1967
1976
1969
1953
1927
1919
1911
1900
1911
1922
1922
1922
1930
1947
1957
1967
1967
1966
1957
1960
1978
1977
1967
1968
1963
1942
1909
1885
1865
1849
1847
1849
1844
1836
1820
1810
1826
1846
1855
1864
1884
1899
1924
1950
1981
1985
1974
1981
1983
1982
1991
1997
1993
1999
1996
1985
1967
1959
1948
1951
1936
1928
1928
1931
1925
1926
1915
1899
1894
1888
1889
1894
1897
1893
1883
1882
1883
1883
1889
1893
1902
1915
1915
1891
1881
1866
1857
1843
1827
1795
1789
1773
1772
1789
1802
1815
1823
1839
1843
1832
1838
1848
1859
1852
1861
1899
1914
1925
1948
1954
1967
1987
1990
2005
2023
2029
2031
2023
1995
1988
1985
1989
1984
1988
2000
2004
2002
1999
2010
2018
2014
2011
2014
2027
2036
2031
2016
1998
1989
1965
1955
1945
1946
1941
1927
1922
1925
1915
1928
1933
1932
1928
1943
1952
1935
1926
1917
1894
1891
1888
1908
1918
1927
1931
1930
1915
1895
1890
1890
1890
1893
1893
1888
1897
1903
1920
1928
1943
1941
1938
1924
1919
1917
1919
1913
1903
1897
1904
1925
1953
1971
1977
1971
1969
1972
1980
1992
1992
1981
1991
2005
2005
2022
2042
2075
2068
2066
2050
2046
2047
2053
2050
2054
2050
2041
2020
2003
1990
1982
1984
1991
2007
2041
2076
2083
2103
2107
2122
2135
2126
2109
2100
2072
2074
2046
2020
2027
2013
1983
1968
1955
1983
2014
2046
2078
2094
2110
2118
2114
2112
2109
2083
2077
2082
2094
2105
2103
2118
2130
2131
2132
2121
2116
2108
2110
2096
2088
2067
2053
2062
2062
2058
2060
2087
2097
2095
2089
2088
2077
2082
2075
2072
2063
2064
2075
2071
2052
2048
2055
2053
2046
2037
2029
2023
2026
2020
2019
2015
1999
1977
1953
1919
1900
1877
1877
1872
1877
1889
1900
1910
1921
1938
1955
1964
1973
1967
1945
1949
1948
1946
1932
1933
1915
1901
1886
1878
1875
1892
1904
1911
1918
1947
1957
1956
1947
1963
1978
1975
1978
1977
1973
1968
1968
1966
1964
1956
1951
1944
1942
1960
1964
1962
1964
1971
1976
1976
1999
2011
2012
2023
2039
2063
2064
2058
2035
2027
2010
2001
2000
1993
1974
1956
1953
1954
1929
1913
1904
1903
1917
1944
1977
2013
2031
2061
2087
2109
2124
2140
2142
2152
2159
2167
2173
2178
2168
2169
2158
2144
2120
2094
2086
2090
2072
2050
2018
1997
1980
1967
1963
1957
1958
1962
2009
2051
2085
2090
2101
2095
2083
2067
2043
2048
2050
2053
2067
2079
2083
2091
2119
2128
2123
2139
2146
2156
2176
2183
2192
2205
2206
2211
2214
2213
2202
2186
2164
2150
2118
2103
2104
2104
2103
2101
2115
2128
2136
2143
2148
2162
2179
2171
2197
2202
2200
2172
2168
2162
2158
2151
2129
2133
2136
2126
2127
2126
2113
2098
2113
2123
2111
2117
2119
2123
2138
2138
2115
2110
2103
2115
2114
2110
2116
2119
2146
2151
2156
2157
2149
2142
2111
2103
2121
2113
2098
2088
2085
2075
2079
2073
2101
2120
2126
2136
2153
2186
2198
2197
2225
2236
2238
2240
2244
2250
2248
2253
2230
2215
2197
2182
2169
2149
2126
2105
2099
2094
2093
2080
2068
2039
2041
2039
2046
2043
2046
2056
2071
2077
2089
2081
2088
2100
2102
2107
2111
2135
2155
2172
2176
2187
2189
2201
2198
2179
2158
2141
2116
2113
2105
2102
2091
2087
2083
2095
2122
2118
2111
2090
2081
2084
2090
2081
2087
2102
2100
2080
2069
2067
2068
2064
2065
2075
2073
2084
2096
2095
2103
2101
2109
2107
2101
2093
2093
2077
2056
2032
2019
2016
2007
2013
2022
2039
2055
2062
2087
2112
2124
2162
2172
2175
2176
2184
2180
2163
2147
2134
2139
2133
2120
2129
2132
2143
2125
2135
2127
2143
2152
2157
2174
2164
2166
2175
2190
2190
2179
2190
2188
2191
2186
2179
2184
2169
2165
2143
2127
2105
2094
2076
2049
2034
2028
2038
2047
2034
2047
2045
2051
2060
2051
2039
2037
2042
2046
2056
2068
2084
2077
2079
2087
2104
2102
2097
2089
2093
2095
2095
2097
2096
2100
2101
2100
2101
2106
2104
2106
2085
2093
2098
2101
2104
2106
2102
2110
2104
2097
2098
2102
2078
2074
2049
2017
1993
1977
1984
1995
2007
2023
2030
2030
2033
2037
2034
2008
2006
1993
1985
1973
1990
1993
2008
2016
2034
2044
2046
2050
2035
2033
2020
2019
2008
1995
2002
2019
2025
2033
2040
2033
2038
2063
2066
2078
2082
2078
2077
2084
2099
2105
2094
2077
2072
2058
2046
2051
2057
2077
2093
2095
2104
2099
2099
2095
2080
2077
2068
2070
2061
2055
2052
2032
2022
2021
2028
2028
2039
2046
2071
2090
2102
2110
2126
2129
2123
2115
2106
2091
2088
2091
2095
2087
2086
2074
2060
2066
2048
2052
2062
2065
2059
2042
2044
2043
2041
2038
2051
2050
2041
2028
2013
1996
1999
1989
1977
1974
1958
1946
1938
1918
1889
1872
1839
1845
1847
1847
1865
1883
1913
1926
1939
1949
1950
1941
1960
1971
1973
1963
1962
1953
1957
1966
1969
1965
1958
1957
1953
1939
1944
1943
1956
1961
1955
1953
1964
1977
1989
1999
1998
2007
2018
2013
2004
1994
1979
1964
1963
1964
1959
1961
1955
1986
1999
1995
2001
1996
1983
1983
1987
1981
1986
1992
2000
2002
2005
2013
2014
2035
2024
2050
2069
2078
2089
2085
2083
2079
2072
2061
2066
2067
2070
2060
2066
2068
2074
2083
2096
2110
2115
2115
2107
2120
2120
2128
2143
2149
2157
2155
2170
2155
2156
2145
2135
2136
2123
2113
2096
2098
2108
2114
2117
2122
2133
2154
2168
2181
2169
2168
2170
2162
2158
2142
2123
2116
2122
2110
2105
2091
2079
2077
2073
2083
2071
2058
2053
2053
2045
2041
2032
1999
2007
2010
2025
2031
2050
2054
2040
2056
2069
2068
2067
2056
2042
2037
2025
2033
2015
2015
2009
2009
1998
1985
1980
1986
1967
1951
1957
1983
1974
1967
1955
1930
1923
1914
1891
1883
1898
1899
1905
1926
1929
1944
1960
1954
1953
1943
1935
1927
1916
1914
1924
1939
1938
1940
1941
1946
1958
1965
1984
2003
2011
1999
1990
1984
1993
1997
2013
2030
2022
2029
2038
2039
2037
2024
2015
2012
2007
1994
1999
2001
1990
1984
1990
1986
1990
1993
1987
1988
1987
1975
1968
1967
1967
1982
1987
1995
2008
2026
2025
2022
2014
1997
1985
1969
1952
1935
1931
1945
1929
1934
1935
1929
1933
1941
1961
1975
1990
1991
2005
2017
2043
2056
2080
2100
2122
2129
2121
2132
2119
2116
2096
2097
2084
2069
2069
2075
2070
2063
2075
2082
2088
2094
2099
2120
2124
2134
2148
2144
2150
2142
2137
2136
2135
2135
2133
2137
2156
2158
2153
2150
2158
2146
2164
2157
2163
2163
2165
2137
2130
2125
2134
2136
2143
2137
2148
2164
2167
2173
2166
2179
2192
2205
2209
2219
2211
2207
2209
2217
2220
2211
2211
2202
2209
2192
2186
2161
2145
2136
2127
2135
2134
2134
2134
2139
2151
2154
2157
2162
2160
2160
2157
2163
2174
2180
2181
2185
2187
2190
2178
2183
2193
2199
2186
2158
2145
2142
2146
2145
2140
2126
2115
2113
2114
2122
2138
2150
2145
2137
2144
2158
2159
2167
2171
2164
2167
2163
2162
2144
2127
2123
2133
2162
2169
2181
2181
2188
2183
2190
2178
2174
2151
2145
2152
2156
2156
2148
2153
2161
2161
2157
2160
2152
2144
2147
2142
2132
2131
2120
2124
2144
2153
2152
2158
2153
2144
2123
2115
2104
2106
2079
2062
2063
2066
2074
2095
2128
2143
2164
2167
2178
2184
2182
2168
2155
2137
2116
2094
2079
2069
2073
2076
2072
2072
2055
2034
2012
1989
1961
1947
1914
1891
1890
1903
1929
1949
1969
1998
2022
2035
2031
2021
2005
1992
1983
1973
1985
2000
2013
2016
2008
2007
2006
1987
1963
1966
1952
1947
1947
1958
1984
2009
2041
2046
2049
2064
2062
2070
2065
2063
2060
2054
2049
2067
2076
2085
2090
2106
2109
2090
2078
2075
2069
2071
2085
2094
2103
2095
2090
2089
2078
2050
2031
2018
2007
1994
1990
1983
2007
2022
2036
2043
2058
2065
2066
2069
2064
2065
2059
2071
2065
2058
2055
2054
2062
2072
2057
2069
2048
2035
2019
2007
1990
1947
1922
1893
1871
1872
1862
1865
1869
1881
1895
1900
1913
1911
1909
1908
1914
1913
1913
1896
1899
1895
1875
1871
1855
1861
1862
1867
1874
1881
1892
1899
1919
1930
1942
1954
1963
1970
1967
1942
1935
1916
1914
1899
1876
1884
1893
1889
1891
1905
1900
1889
1888
1889
1886
1899
1922
1932
1930
1917
1894
1876
1867
1861
1858
1849
1855
1869
1865
1857
1851
1851
1837
1832
1808
1774
1743
1722
1706
1701
1697
1690
1683
1677
1693
1693
1699
1702
1713
1722
1733
1746
1768
1787
1806
1831
1854
1901
1932
1956
1993
2012
2021
2034
2031
2026
2010
2011
1980
1956
1931
1914
1904
1889
1869
1859
1827
1812
1814
1814
1809
1813
1830
1831
1849
1859
1870
1886
1902
1897
1896
1889
1879
1862
1836
1814
1795
1768
1764
1763
1781
1813
1830
1847
1851
1825
1795
1761
1734
1713
1679
1645
1617
1590
1579
1593
1607
1610
1621
1628
1656
1693
1714
1734
1737
1746
1717
1704
1691
1683
1687
1692
1704
1709
1715
1725
1755
1789
1815
1805
1827
1824
1823
1835
1840
1833
1833
1845
1874
1891
1905
1916
1928
1934
1939
1938
1915
1886
1862
1830
1825
1823
1803
1757
1720
1719
1739
1743
1751
1766
1783
1796
1823
1826
1815
1803
1789
1770
1771
1768
1781
1800
1812
1825
1832
1824
1804
1813
1816
1812
1815
1830
1831
1831
1827
1824
1824
1829
1824
1811
1801
1811
1814
1835
1875
1896
1912
1937
1961
1971
1980
1985
2012
2016
1998
1991
1998
1993
1988
1987
1969
1952
1943
1941
1929
1943
1960
1978
1988
2004
2023
2041
2047
2045
2049
2042
2025
2028
2028
2025
2027
2033
2038
2037
2044
2054
2056
2054
2031
2024
2018
2002
1986
1978
1975
1975
1982
1985
1983
2008
2044
2041
2039
2038
2040
2044
2048
2048
2056
2062
2060
2074
2091
2099
2106
2107
2109
2102
2089
2060
2051
2030
2023
2029
2044
2044
2045
2040
2036
2031
2036
2049
2057
2073
2088
2098
2097
2101
2103
2101
2092
2084
2080
2065
2054
2058
2051
2044
2038
2034
2036
2035
2059
2069
2072
2072
2077
2073
2068
2062
2065
2063
2074
2068
2070
2057
2050
2060
2053
2053
2048
2051
2033
2030
2035
2044
2038
2041
2028
2007
1977
1946
1922
1887
1878
1854
1826
1810
1811
1811
1819
1828
1844
1855
1867
1882
1896
1894
1892
1868
1858
1844
1839
1837
1847
1850
1869
1905
1929
1950
1959
1963
1950
1955
1955
1950
1940
1926
1910
1908
1913
1917
1931
1948
1955
1973
2004
2014
2018
2013
2007
2011
2020
2039
2046
2048
2030
2023
2035
2032
2042
2053
2039
2036
2043
2042
2036
2041
2041
2019
1993
2009
1987
1983
1969
1953
1958
1975
1976
1976
1981
1984
2004
2004
2029
2035
2039
2043
2059
2063
2075
2070
2072
2067
2064
2043
2027
2000
1978
1964
1955
1949
1951
1970
1980
2007
2021
2041
2054
2053
2050
2064
2079
2069
2053
2056
2062
2054
2052
2044
2032
2014
1994
1994
1982
1987
2002
2006
2031
2046
2063
2082
2092
2089
2085
2074
2060
2038
2022
1980
1953
1924
1899
1867
1833
1799
1749
1713
1687
1665
1658
1644
1649
1662
1681
1701
1729
1763
1782
1791
1815
1822
1829
1835
1864
1881
1886
1908
1929
1952
1968
1976
1983
1991
1997
1993
1987
1970
1968
1954
1955
1949
1943
1935
1938
1948
1949
1947
1935
1931
1940
1971
1989
1990
1985
1976
1984
2001
2011
2020
2030
2036
2028
2019
2004
1995
1991
2001
1997
1990
1988
1989
2006
1992
2002
2017
2026
2034
2038
2042
2042
2034
2004
1979
1947
1930
1896
1877
1869
1860
1850
1841
1821
1821
1814
1817
1816
1835
1839
1853
1863
1863
1871
1889
1914
1939
1957
1975
1992
2007
2031
2040
2069
2073
2082
2083
2104
2100
2091
2080
2072
2062
2038
2014
1981
1947
1935
1926
1934
1947
1958
1969
1980
2005
2026
2046
2061
2080
2091
2096
2100
2101
2110
2128
2154
2155
2144
2146
2140
2143
2138
2120
2115
2123
2132
2125
2123
2131
2139
2169
2180
2175
2179
2166
2176
2186
2185
2196
2203
2203
2207
2214
2204
2197
2193
2179
2158
2147
2134
2118
2104
2104
2122
2146
2180
2195
2195
2180
2169
2165
2157
2142
2149
2156
2168
2171
2179
2181
2179
2191
2192
2208
2206
2208
2203
2197
2191
2192
2194
2196
2172
2172
2170
2157
2147
2136
2118
2117
2098
2096
2088
2096
2106
2116
2116
2115
2129
2140
2133
2121
2123
2111
2115
2107
2111
2114
2111
2114
2115
2118
2125
2147
2152
2144
2140
2138
2117
2116
2127
2133
2136
2134
2132
2126
2125
2129
2133
2145
2167
2174
2173
2169
2150
2153
2142
2113
2092
2089
2091
2099
2107
2112
2130
2140
2158
2166
2165
2156
2161
2179
2185
2176
2180
2164
2162
2152
2132
2112
2105
2104
2111
2114
2111
2105
2101
2079
2064
2052
2022
2009
2006
2009
2018
2033
2042
2051
2052
2044
2038
2028
2008
1999
1998
2002
2003
1999
2016
2035
2067
2090
2100
2112
2121
2118
2107
2115
2118
2111
2112
2111
2107
2094
2098
2108
2091
2094
2098
2115
2120
2117
2115
2100
2094
2093
2083
2079
2075
2086
2094
2095
2086
2089
2090
2080
2075
2077
2100
2103
2108
2109
2108
2103
2116
2109
2104
2092
2085
2067
2046
2027
2009
1999
1979
1968
1975
1978
1983
1981
1996
2001
1991
1994
1989
1978
1957
1962
1961
1975
1987
2010
2032
2054
2086
2111
2124
2134
2141
2124
2118
2110
2091
2075
2046
2028
2005
2001
2005
2007
2006
1977
1969
1951
1934
1923
1921
1928
1943
1968
1990
2022
2047
2055
2053
2044
2053
2049
2042
2045
2055
2064
2073
2071
2056
2050
2039
2018
1996
1993
2003
2015
2031
2042
2051
2067
2085
2094
2090
2098
2114
2125
2131
2134
2117
2110
2095
2089
2099
2102
2097
2120
2121
2147
2157
2165
2168
2166
2171
2172
2164
2153
2142
2119
2105
2097
2110
2086
2088
2071
2067
2047
2034
2016
1989
1977
1945
1941
1931
1947
1974
1970
1963
1966
1957
1961
1961
1961
1953
1972
1990
1999
1995
1995
1980
1982
1983
1991
1999
2014
2003
2012
2011
2017
2031
2035
2043
2041
2032
2045
2055
2053
2077
2090
2089
2077
2078
2064
2058
2060
2059
2065
2065
2072
2055
2064
2054
2058
2055
2044
2018
2002
1977
1960
1954
1964
1950
1964
1984
1991
2015
2028
2021
2010
2001
1999
1988
1978
1979
1995
2001
2004
2021
2020
2032
2031
2036
2031
2010
2018
2023
2024
2023
2034
2030
2026
2016
1996
1998
2000
1995
1998
2009
2026
2031
2025
2029
2025
2022
2029
2024
2008
2025
2041
2046
2046
2054
2079
2111
2117
2133
2137
2131
2114
2116
2115
2105
2114
2112
2109
2101
2118
2129
2155
2194
2196
2189
2210
2203
2209
2198
2207
2220
2223
2225
2222
2219
2225
2219
2220
2209
2213
2212
2212
2200
2192
2194
2205
2214
2228
2224
2232
2239
2240
2240
2232
2228
2220
2212
2179
2159
2141
2134
2118
2103
2101
2110
2120
2121
2131
2139
2144
2154
2174
2181
2189
2204
2219
2223
2227
2216
2204
2188
2174
2181
2181
2191
2202
2209
2212
2201
2198
2214
2215
2224
2216
2204
2188
2181
2173
2184
2181
2176
2186
2193
2199
2196
2196
2184
2164
2161
2171
2180
2192
2211
2214
2224
2248
2257
2244
2245
2234
2234
2237
2244
2248
2243
2238
2256
2244
2252
2260
2275
2295
2294
2295
2296
2313
2311
2307
2297
2284
2292
2295
2295
2307
2308
2300
2287
2289
2297
2298
2301
2294
2291
2286
2281
2274
2261
2268
2273
2271
2285
2275
2274
2260
2257
2247
2246
2236
2225
2214
2210
2217
2225
2221
2235
2248
2243
2238
2231
2223
2228
2231
2221
2225
2228
2232
2245
2257
2258
2266
2284
2291
2279
2281
2285
2290
2279
2293
2289
2296
2304
2305
2289
2283
2278
2270
2252
2248
2245
2238
2240
2237
2234
2227
2219
2223
2215
2206
2199
2188
2173
2173
2178
2179
2191
2193
2197
2188
2201
2203
2191
2185
2170
2150
2133
2115
2103
2074
2045
2026
1997
1988
1990
2001
2005
2003
2023
2046
2052
2075
2088
2100
2089
2085
2069
2066
2061
2076
2079
2092
2092
2110
2107
2114
2106
2120
2103
2097
2085
2081
2072
2066
2060
2053
2037
2030
2032
2037
2023
2020
2025
2014
2029
2025
2034
2037
2044
2049
2066
2086
2120
2130
2125
2140
2154
2159
2158
2163
2167
2165
2150
2144
2130
2130
2131
2135
2131
2145
2151
2159
2170
2181
2167
2160
2152
2149
2150
2135
2118
2126
2128
2129
2123
2124
2119
2117
2106
2092
2075
2062
2060
2057
2059
2056
2053
2036
2038
2034
2040
2042
2056
2063
2084
2104
2112
2131
2121
2119
2116
2103
2078
2067
2065
2056
2040
2021
2006
1998
2005
2004
2004
2007
2015
2011
2010
1994
1977
1960
1940
1928
1922
1910
1904
1900
1909
1905
1906
1915
1917
1926
1947
1955
1959
1962
1961
1953
1960
1949
1943
1937
1935
1942
1939
1952
1960
1964
1963
1964
1962
1962
1969
1967
1970
1985
1983
1980
1981
1974
1976
1974
1983
1991
1969
1961
1943
1949
1950
1943
1940
1939
1945
1952
1958
1966
1976
1988
1985
1987
1991
1998
1985
1981
1982
1996
1995
2014
2028
2038
2040
2037
2021
2016
2002
1986
1970
1944
1914
1898
1888
1879
1896
1893
1893
1892
1893
1890
1891
1905
1911
1915
1929
1930
1940
1944
1945
1946
1953
1961
1984
2006
2014
2025
2036
2048
2051
2067
2059
2064
2066
2074
2079
2090
2094
2078
2058
2046
2040
2037
2037
2042
2041
2038
2031
2019
1986
1954
1931
1921
1930
1931
1932
1947
1961
1979
1969
1940
1928
1908
1881
1867
1839
1839
1837
1835
1847
1868
1885
1891
1885
1877
1878
1870
1858
1848
1842
1863
1894
1910
1934
1959
1980
1988
2007
2014
2012
2017
2002
1980
1961
1959
1952
1950
1957
1958
1968
1984
1991
1998
1999
2015
2024
2027
2015
1995
1973
1950
1912
1888
1833
1808
1800
1803
1814
1823
1830
1842
1845
1839
1847
1843
1857
1839
1836
1853
1873
1876
1876
1880
1875
1857
1854
1855
1859
1867
1867
1880
1884
1894
1921
1938
1953
1970
1970
1980
1971
1982
1983
1971
1952
1929
1919
1917
1898
1894
1886
1878
1860
1852
1845
1867
1882
1902
1907
1922
1923
1928
1938
1940
1961
1976
1975
1973
1967
1960
1964
1956
1956
1961
1945
1940
1947
1943
1944
1938
1935
1937
1942
1951
1977
1996
2012
2014
2028
2044
2044
2052
2064
2065
2087
2087
2085
2102
2091
2104
2099
2083
2075
2064
2059
2068
2078
2091
2102
2112
2128
2129
2131
2131
2113
2094
2081
2100
2109
2113
2106
2095
2110
2136
2159
2168
2176
2165
2156
2148
2140
2129
2107
2110
2096
2095
2089
2083
2069
2071
2065
2065
2055
2063
2064
2076
2078
2075
2078
2092
2118
2134
2140
2125
2108
2094
2096
2079
2080
2085
2095
2098
2109
2119
2146
2137
2143
2138
2137
2139
2158
2135
2135
2136
2152
2175
2180
2184
2188
2193
2180
2172
2172
2181
2182
2156
2138
2139
2126
2119
2117
2142
2135
2153
2166
2192
2202
2198
2198
2199
2206
2210
2213
2205
2186
2160
2141
2130
2137
2134
2138
2125
2148
2165
2176
2186
2186
2197
2200
2211
2232
2248
2267
2270
2278
2282
2303
2311
2322
2322
2310
2306
2310
2298
2305
2296
2283
2284
2288
2288
2288
2299
2289
2289
2286
2267
2252
2224
2196
2184
2168
2160
2160
2170
2172
2184
2170
2178
2166
2162
2165
2170
2167
2175
2168
2154
2149
2138
2137
2134
2148
2165
2179
2199
2206
2216
2221
2202
2190
2192
2194
2176
2164
2146
2128
2124
2127
2099
2109
2114
2120
2116
2129
2138
2136
2128
2118
2111
2103
2093
2095
2102
2098
2081
2078
2054
2057
2062
2061
2080
2082
2086
2092
2111
2104
2087
2049
2014
1981
1956
1928
1904
1887
1876
1871
1892
1906
1935
1959
1982
1996
2011
2012
2001
2004
2012
2001
1986
1974
1949
1921
1903
1896
1898
1916
1935
1948
1966
2007
2012
2009
2010
2003
1985
1972
1948
1944
1908
1883
1866
1854
1861
1890
1910
1938
1958
1970
1971
1983
1988
1984
1981
1988
1983
1973
1983
1983
1979
1967
1953
1937
1950
1943
1938
1939
1933
1924
1927
1926
1927
1916
1899
1893
1878
1865
1877
1888
1893
1903
1891
1905
1908
1909
1905
1905
1894
1878
1859
1839
1807
1790
1763
1749
1733
1720
1704
1698
1695
1698
1702
1686
1691
1708
1738
1752
1787
1797
1818
1849
1858
1863
1887
1891
1881
1877
1877
1890
1890
1899
1905
1907
1908
1901
1874
1859
1857
1855
1854
1860
1871
1885
1897
1914
1934
1938
1950
1963
1979
2000
2016
2013
2039
2045
2056
2052
2061
2067
2070
2089
2090
2092
2087
2090
2074
2062
2052
2043
2048
2051
2034
2040
2051
2066
2081
2090
2096
2101
2105
2122
2131
2130
2132
2132
2135
2132
2139
2153
2164
2160
2171
2150
2140
2115
2096
2073
2073
2080
2102
2109
2114
2112
2109
2111
2115
2117
2132
2144
2140
2137
2125
2129
2139
2154
2151
2162
2159
2147
2139
2152
2147
2137
2134
2118
2114
2100
2106
2088
2089
2082
2091
2084
2076
2073
2065
2058
2058
2069
2069
2072
2089
2091
2099
2108
2104
2102
2092
2095
2083
2074
2084
2097
2083
2085
2076
2065
2045
2041
2036
2027
2023
2010
2000
2002
1992
1995
2000
1996
2001
2000
2003
2017
2024
2030
2030
2027
2027
2038
2038
2043
2042
2031
2011
2010
2018
2030
2034
2044
2053
2058
2068
2079
2072
2065
2044
2027
2024
2036
2040
2036
2026
2032
2040
2052
2051
2018
2003
1983
1980
1971
1975
1973
1968
1963
1968
1979
1999
2017
2033
2042
2062
2065
2089
2102
2112
2115
2101
2096
2075
2077
2052
2029
2017
2015
2004
2023
2029
2031
2036
2041
2049
2050
2042
2054
2067
2066
2058
2060
2056
2042
2028
2032
2030
2005
1984
1967
1956
1942
1930
1926
1913
1906
1916
1924
1942
1955
1967
1980
1980
1983
1990
1989
1971
1965
1965
1967
1954
1934
1911
1900
1897
1912
1920
1938
1946
1962
1971
1998
2017
2036
2047
2057
2080
2095
2090
2061
2031
2011
1992
1979
1954
1951
1947
1955
1963
1968
1985
1985
1978
1953
1924
1887
1849
1829
1805
1771
1757
1729
1727
1731
1768
1787
1805
1850
1886
1900
1918
1914
1905
1893
1889
1894
1903
1899
1896
1905
1928
1938
1943
1939
1925
1912
1912
1905
1896
1905
1912
1928
1957
1973
1983
1986
1979
1970
1929
1884
1845
1811
1780
1764
1743
1731
1740
1745
1760
1775
1795
1822
1852
1885
1916
1937
1974
1984
1970
1949
1927
1903
1893
1873
1875
1859
1863
1860
1875
1877
1872
1874
1874
1879
1895
1910
1927
1938
1945
1961
1958
1957
1941
1931
1920
1917
1918
1916
1925
1917
1887
1872
1877
1877
1867
1876
1869
1869
1883
1896
1896
1901
1899
1894
1892
1880
1875
1870
1874
1885
1898
1930
1954
1962
1969
1957
1950
1933
1924
1929
1943
1944
1950
1954
1947
1940
1948
1940
1942
1962
1961
1973
1965
1947
1943
1925
1926
1923
1919
1886
1857
1860
1868
1884
1892
1904
1916
1932
1941
1959
1973
1986
2003
2012
2027
2035
2044
2060
2059
2075
2074
2073
2066
2079
2085
2081
2079
2073
2069
2062
2063
2059
2065
2057
2057
2071
2099
2094
2107
2102
2113
2109
2116
2095
2073
2055
2040
2031
2005
1971
1959
1958
1946
1956
1971
1985
2021
2046
2069
2085
2094
2115
2118
2130
2132
2127
2121
2103
2086
2068
2061
2062
2076
2090
2107
2143
2175
2170
2180
2196
2203
2194
2182
2161
2168
2173
2176
2176
2173
2181
2191
2182
2190
2176
2186
2185
2174
2171
2177
2169
2173
2177
2183
2179
2166
2166
2164
2150
2141
2115
2111
2120
2116
2099
2090
2068
2051
2027
2021
2004
1994
2000
1999
2005
2014
2025
2038
2066
2079
2090
2098
2116
2105
2092
2082
2069
2046
2039
2045
2035
2033
2045
2033
2013
1996
1986
1981
1971
1955
1930
1931
1921
1921
1912
1923
1936
1940
1951
1955
1952
1975
1981
1994
2013
2017
2012
2004
1988
1990
1974
1965
1955
1953
1950
1936
1936
1933
1922
1932
1944
1956
1981
1999
2020
2036
2037
2045
2047
2051
2044
2049
2028
2025
2016
2019
2008
2023
2031
2026
2019
2029
2025
2015
1984
1954
1914
1876
1842
1810
1788
1776
1767
1771
1776
1789
1811
1823
1840
1851
1850
1842
1845
1847
1844
1857
1859
1849
1845
1838
1843
1832
1828
1799
1771
1751
1727
1721
1722
1729
1749
1751
1771
1790
1811
1826
1838
1843
1863
1890
1901
1912
1927
1939
1943
1935
1923
1914
1905
1884
1893
1886
1898
1915
1932
1938
1955
1967
1977
1991
2001
2009
2027
2040
2043
2053
2051
2045
2028
2001
1975
1952
1921
1884
1854
1859
1853
1853
1839
1846
1851
1847
1873
1879
1890
1900
1905
1927
1953
1962
1985
2000
1998
2009
2014
2015
2010
2000
1998
1981
1959
1952
1946
1929
1914
1902
1886
1890
1883
1868
1862
1865
1880
1895
1921
1953
1965
1984
1978
1986
1987
2000
2003
2013
2018
2042
2076
2101
2111
2131
2142
2139
2140
2139
2135
2130
2109
2089
2075
2064
2059
2067
2080
2087
2104
2111
2124
2128
2122
2101
2097
2095
2095
2101
2104
2101
2109
2109
2113
2117
2107
2093
2087
2089
2076
2075
2089
2092
2080
2071
2077
2064
2033
2025
2021
2032
2036
2051
2042
2042
2037
2031
2030
2016
1993
1985
1964
1964
1955
1942
1926
1925
1918
1912
1914
5835
1962
1976
1998
1992
1977
1985
2036
2074
2106
2117
2079
2052
2008
2016
2011
1999
1972
1960
1968
1991
1998
2028
2052
2110
2183
2264
2324
2373
2401
2447
2461
2445
2413
2381
2360
2328
2298
2263
2228
2191
2158
2150
2163
2186
2223
2231
2271
2299
2327
2333
2326
2290
2252
2207
2172
2144
2150
2163
2203
2224
2227
2215
2202
2164
2137
2115
2115
2124
2144
2161
2194
2212
2231
2226
2195
2168
2151
2155
2140
2129
2129
2159
2215
2267
2300
2330
2361
2372
2395
2389
2361
2337
2324
2324
2323
2316
2330
2320
2299
2266
2248
2256
2280
2297
2306
2296
2276
2246
2198
2138
2086
2038
2017
2025
2050
2084
2109
2125
2137
2165
2209
2264
2280
2285
2270
2250
2219
2184
2138
2107
2094
2093
2071
2048
2043
2058
2079
2109
2128
2151
2179
2183
2196
2195
2159
2122
2073
2029
1995
1966
1953
1920
1879
1849
1845
1853
1863
1875
1896
1915
1930
1953
2030
2071
2128
2139
2148
2146
2144
2108
2085
2057
2048
2030
2033
2025
2003
1993
1997
1986
1982
1994
2005
2009
2012
2035
2065
2094
2119
2139
2158
2172
2184
2185
2181
2162
2135
2107
2046
2003
1942
1905
1870
1875
1884
1924
1955
2004
2040
2060
2064
2051
2040
2001
1929
1823
1705
1611
1540
1535
1539
1556
1595
1651
1691
1752
1857
1947
2016
2036
2054
2063
2049
2046
2027
2040
2068
2095
2102
2079
2036
2001
1984
1956
1929
1887
1849
1821
1817
1823
1878
1903
1946
1979
2026
2100
2185
2260
2325
2347
2360
2371
2372
2350
2318
2258
2218
2206
2181
2132
2093
2072
2050
2054
2049
2062
2066
2094
2122
2140
2168
2190
2182
2170
2131
2136
2141
2167
2191
2214
2226
2251
2246
2239
2195
2158
2114
2096
2067
2049
2042
2026
1959
1943
1951
1964
1975
1951
1926
1900
1889
1881
1884
1870
1865
1867
1869
1888
1920
1942
1967
1987
1959
1941
1915
1874
1839
1832
1837
1865
1907
1973
2020
2061
2067
2055
2021
1990
1952
1951
1947
1995
2038
2063
2076
2091
2091
2078
2047
2015
2015
2050
2075
2099
2132
2160
2190
2185
2177
2151
2119
2093
2058
2031
1999
1954
1905
1866
1827
1798
1778
1744
1729
1755
1812
1863
1917
1972
2069
2142
2192
2240
2254
2273
2290
2302
2338
2351
2365
2374
2375
2345
2306
2272
2254
2243
2224
2211
2210
2216
2208
2160
2104
2060
2007
1989
1996
2012
2011
1996
1986
1990
1960
1929
1889
1850
1811
1818
1861
1903
1941
1975
1988
2010
1997
1985
1960
1942
1941
1954
1965
1981
2012
2047
2061
2051
2035
2001
1973
1949
1955
1962
1995
2008
2021
2015
2000
1977
1976
1972
1981
1975
1983
1991
1987
1965
1949
1894
1855
1838
1832
1823
1816
1821
1845
1887
1943
1970
1955
1942
1913
1888
1866
1859
1867
1855
1781
1737
1729
1772
1813
1835
1847
1891
1936
1950
1958
1963
1972
1983
1963
1962
1944
1949
1941
1935
1922
1891
1851
1820
1806
1811
1830
1860
1890
1889
1857
1833
1818
1800
1782
1767
1756
1772
1827
1853
1866
1898
1917
1933
1963
1998
2062
2121
2168
2195
2216
2213
2204
2213
2220
2238
2282
2321
2364
2378
2381
2355
2299
2250
2196
2115
2035
1944
1859
1811
1784
1797
1844
1908
1981
2029
2055
2059
2024
2001
1966
1931
1911
1909
1915
1929
1915
1899
1869
1839
1795
1773
1740
1730
1758
1782
1810
1863
1935
2033
2116
2184
2198
2180
2135
2075
2017
1968
1922
1890
1866
1836
1815
1789
1782
1763
1782
1801
1868
1938
2017
2077
2128
2165
2202
2224
2246
2257
2278
2262
2260
2249
2256
2241
2227
2213
2212
2224
2243
2275
2304
2327
2356
2371
2389
2397
2394
2387
2377
2358
2342
2351
2331
2346
2372
2414
2430
2439
2434
2426
2428
2430
2424
2402
2382
2378
2354
2338
2319
2313
2325
2337
2358
2380
2394
2383
2360
2356
2367
2401
2421
2416
2426
2416
2397
2404
2402
2398
2374
2354
2343
2338
2314
2291
2282
2302
2322
2343
2340
2328
2320
2309
2293
2299
2343
2372
2400
2392
2388
2386
2382
2384
2388
2378
2420
2446
2446
2446
2458
2458
2458
2452
2454
2451
2464
2459
2437
2425
2395
2381
2346
2338
2314
2311
2303
2316
2312
2321
2322
2321
2309
2308
2317
2352
2371
2403
2423
2451
2477
2484
2482
2464
2450
2432
2423
2420
2431
2427
2430
2425
2426
2408
2433
2420
2412
2406
2415
2413
2406
2394
2372
2362
2341
2329
2291
2267
2255
2251
2259
2253
2268
2288
2285
2300
2307
2312
2304
2286
2281
2274
2259
2222
2202
2200
2200
2207
2249
2287
2301
2299
2297
2300
2312
2317
2316
2331
2340
2340
2335
2338
2324
2307
2294
2273
2222
2179
2177
2193
2235
2251
2252
2288
2299
2304
2309
2311
2309
2302
2304
2303
2316
2329
2354
2360
2397
2397
2426
2437
2454
2444
2450
2453
2450
2421
2382
2343
2323
2292
2263
2243
2240
2273
2297
2318
2344
2363
2336
2334
2325
2320
2303
2284
2252
2230
2204
2192
2171
2147
2121
2114
2101
2100
2088
2107
2155
2159
2172
2161
2149
2125
2135
2145
2157
2164
2183
2203
2237
2220
2201
2168
2133
2122
2116
2118
2119
2127
2119
2128
2151
2144
2137
2136
2112
2074
2025
2008
2028
2049
2055
2046
2025
2023
2049
2053
2090
2123
2161
2207
2227
2219
2204
2180
2186
2199
2206
2203
2186
2167
2153
2146
2184
2216
2236
2259
2264
2271
2293
2326
2350
2343
2341
2322
2332
2325
2304
2273
2246
2231
2215
2179
2155
2145
2167
2195
2215
2198
2182
2174
2182
2194
2195
2193
2193
2184
2182
2200
2195
2181
2158
2141
2119
2104
2053
2013
1966
1931
1910
1909
1922
1966
2014
2072
2107
2132
2142
2160
2143
2119
2116
2102
2101
2101
2117
2129
2163
2169
2181
2167
2186
2177
2192
2155
2128
2104
2120
2125
2137
2143
2149
2137
2127
2122
2122
2148
2192
2232
2261
2283
2291
2298
2279
2258
2228
2204
2189
2179
2176
2197
2186
2217
2234
2259
2280
2285
2288
2292
2272
2255
2235
2199
2173
2133
2103
2089
2079
2068
2074
2073
2044
1998
1993
2017
2072
2133
2195
2231
2229
2225
2218
2218
2215
2214
2224
2235
2261
2279
2292
2288
2285
2272
2263
2242
2232
2224
2251
2259
2281
2273
2287
2305
2306
2316
2331
2328
2331
2333
2327
2304
2262
2238
2205
2179
2144
2105
2067
2079
2072
2085
2096
2083
2061
2039
2035
2038
2041
2063
2074
2095
2119
2111
2122
2115
2139
2155
2160
2129
2104
2055
2011
1950
1908
1871
1876
1878
1885
1904
1925
1912
1917
1923
1905
1881
1875
1894
1902
1909
1918
1909
1890
1911
1908
1942
1955
1990
2045
2084
2089
2068
2021
1993
1972
1946
1927
1910
1918
1946
1985
1991
1959
1918
1881
1857
1823
1776
1718
1637
1602
1602
1644
1702
1768
1805
1796
1768
1729
1720
1709
1726
1767
1794
1813
1839
1879
1934
1968
1974
1948
1929
1899
1866
1826
1763
1703
1637
1556
1511
1475
1425
1389
1377
1385
1409
1483
1529
1546
1573
1616
1683
1754
1810
1878
1915
1907
1894
1897
1907
1927
1966
2023
2038
2053
2059
2050
2052
2048
2049
2041
2022
2013
1970
1948
1906
1886
1879
1906
1938
1965
1960
1970
2004
2060
2093
2109
2090
2048
1995
1963
1912
1858
1777
1703
1696
1689
1721
1734
1773
1783
1810
1839
1875
1870
1871
1863
1855
1861
1897
1955
1995
2018
2031
2017
2001
1990
1987
2006
1990
1987
1973
1943
1909
1908
1920
1964
1982
1993
1988
2013
2055
2100
2081
2045
1989
1926
1873
1843
1804
1756
1712
1700
1711
1726
1739
1763
1793
1828
1871
1915
1955
1968
1970
1952
1918
1897
1894
1871
1849
1846
1849
1896
1952
2019
2064
2075
2058
2026
1988
1931
1853
1804
1761
1673
1624
1586
1597
1641
1688
1750
1839
1931
1990
2049
2107
2154
2163
2164
2145
2081
2026
2004
1986
2009
2031
2082
2100
2134
2139
2139
2104
2089
2036
1992
1918
1858
1822
1822
1843
1869
1907
1945
1976
1978
2000
1992
1950
1867
1784
1691
1628
1550
1541
1537
1551
1556
1598
1639
1719
1803
1840
1876
1922
1961
1985
2003
2020
1991
1943
1922
1926
1939
1941
1962
1985
2007
2017
2035
2071
2123
2165
2197
2212
2223
2212
2178
2147
2126
2107
2101
2089
2093
2111
2125
2119
2106
2090
2074
2070
2059
2051
2073
2103
2141
2168
2183
2196
2209
2207
2223
2235
2232
2208
2161
2113
2054
2026
1993
1998
2034
2064
2058
2028
1970
1931
1906
1882
1856
1852
1853
1873
1890
1887
1863
1814
1778
1754
1753
1760
1768
1782
1814
1839
1859
1872
1902
1889
1883
1859
1843
1829
1836
1837
1837
1821
1765
1719
1659
1614
1580
1593
1601
1594
1615
1628
1619
1648
1669
1715
1764
1832
1906
1965
2037
2095
2140
2188
2196
2206
2234
2265
2276
2283
2263
2216
2155
2104
2073
2043
2024
1990
1982
1978
1969
1928
1906
1881
1900
1912
1910
1879
1874
1889
1899
1907
1913
1938
1955
1958
1955
1956
1889
1843
1762
1708
1653
1648
1643
1671
1753
1826
1894
1945
1962
1955
1924
1873
1800
1757
1727
1720
1736
1762
1772
1794
1837
1899
1935
1928
1894
1879
1885
1922
1939
1953
1941
1933
1881
1803
1730
1675
1617
1599
1625
1648
1645
1619
1573
1555
1614
1657
1704
1744
1804
1861
1923
1963
2010
2019
2015
2003
1988
1985
1994
1991
1995
1974
1936
1891
1841
1827
1821
1816
1816
1836
1818
1815
1793
1777
1737
1719
1693
1679
1679
1696
1725
1741
1724
1733
1723
1724
1767
1797
1842
1855
1824
1763
1717
1690
1659
1586
1522
1461
1449
1452
1466
1508
1554
1612
1654
1659
1656
1646
1646
1669
1714
1737
1765
1822
1868
1895
1934
1979
2020
2065
2103
2119
2121
2118
2084
2057
2018
1990
1986
1967
1962
1978
1995
2004
2034
2040
2044
2046
2038
2051
2054
2046
2029
2019
1995
1950
1899
1849
1819
1803
1794
1788
1765
1749
1750
1755
1807
1829
1824
1809
1796
1801
1782
1751
1737
1732
1727
1742
1770
1777
1794
1807
1822
1797
1755
1732
1714
1719
1725
1733
1727
1761
1796
1852
1893
1949
1953
1939
1898
1859
1812
1775
1729
1711
1732
1791
1866
1922
1969
2001
2001
1964
1956
1960
1967
1986
2006
2003
2019
2049
2105
2128
2158
2150
2133
2101
2081
2059
2069
2083
2066
2045
2008
1976
1924
1887
1845
1857
1933
2029
2101
2186
2252
2287
2285
2300
2292
2252
2197
2154
2099
2070
2028
1994
1916
1842
1792
1861
1872
1931
2014
2095
2183
2222
2235
2239
2235
2194
2166
2145
2134
2131
2135
2158
2197
2227
2233
2244
2243
2231
2191
2157
2122
2077
2038
2013
2005
2014
2013
2029
2045
2087
2116
2111
2103
2093
2072
2071
2040
2031
2000
1992
1978
1969
1943
1939
1949
1962
1975
1961
1977
1964
1933
1901
1896
1861
1814
1753
1682
1591
1525
1489
1504
1528
1587
1647
1726
1771
1795
1821
1833
1845
1835
1830
1819
1851
1845
1837
1811
1791
1729
1689
1667
1672
1698
1742
1776
1814
1840
1876
1928
1943
1949
1965
1955
1951
1942
1934
1901
1881
1877
1873
1878
1857
1849
1859
1867
1882
1888
1906
1907
1935
1954
1960
2011
2049
2088
2127
2160
2183
2174
2122
2034
1986
1953
1923
1899
1865
1829
1809
1790
1747
1711
1705
1715
1743
1791
1867
1969
2058
2139
2213
2281
2338
2357
2388
2404
2407
2396
2392
2394
2399
2384
2358
2294
2248
2192
2146
2113
2071
2002
1931
1858
1813
1768
1745
1737
1745
1782
1853
1995
2101
2178
2191
2173
2151
2117
2086
2067
2074
2080
2089
2103
2114
2145
2176
2194
2227
2250
2276
2286
2314
2329
2370
2408
2440
2431
2426
2395
2374
2332
2297
2220
2181
2129
2109
2083
2090
2090
2119
2149
2174
2209
2227
2267
2297
2324
2339
2371
2360
2341
2306
2273
2240
2219
2196
2171
2162
2160
2155
2163
2162
2148
2127
2119
2125
2123
2132
2159
2202
2216
2204
2166
2132
2113
2115
2112
2119
2117
2157
2219
2254
2268
2275
2247
2190
2151
2109
2080
2064
2055
2038
2030
2016
2039
2054
2113
2179
2220
2266
2316
2370
2419
2465
2493
2497
2491
2494
2491
2488
2484
2462
2387
2299
2262
2223
2183
2130
2081
2023
2009
1996
1973
1931
1922
1914
1925
1926
1960
1981
2000
2035
2082
2100
2111
2108
2112
2134
2148
2172
2183
2219
2236
2276
2327
2369
2400
2417
2380
2320
2235
2180
2112
2075
2040
2023
2018
2039
2064
2094
2122
2111
2100
2066
2056
2045
2055
2059
2088
2110
2123
2093
2082
2078
2072
2068
2061
2061
2080
2099
2127
2135
2139
2139
2134
2127
2116
2112
2091
2045
1979
1933
1891
1888
1901
1947
1973
2025
2078
2123
2183
2238
2302
2354
2393
2393
2381
2371
2327
2264
2223
2178
2159
2153
2138
2134
2137
2141
2126
2136
2162
2187
2204
2224
2257
2264
2256
2260
2252
2270
2275
2268
2275
2270
2253
2242
2244
2222
2184
2132
2062
2000
1955
1925
1887
1856
1853
1872
1877
1893
1905
1943
1977
2000
1992
1969
1957
1961
1983
2016
2046
2088
2106
2115
2105
2111
2097
2110
2114
2118
2108
2113
2147
2167
2174
2168
2157
2127
2125
2128
2138
2120
2116
2111
2119
2121
2122
2112
2117
2107
2100
2079
2073
2019
1966
1889
1820
1777
1747
1769
1800
1861
1929
1973
1976
1971
1965
1964
1932
1920
1867
1814
1798
1834
1875
1930
1978
2022
2036
2063
2058
2048
2034
2003
1972
1949
1944
1968
1997
2012
2031
2035
2047
2074
2102
2112
2151
2158
2154
2155
2150
2148
2150
2124
2083
2055
2040
2041
2052
2091
2119
2137
2151
2156
2162
2180
2164
2149
2131
2109
2081
2040
1992
1968
1952
1928
1929
1948
1990
2018
2068
2124
2174
2203
2242
2264
2256
2248
2206
2169
2131
2116
2105
2119
2124
2108
2062
2040
2034
2024
2010
2008
1987
1991
1973
1991
2003
2011
2011
2012
1998
1976
1934
1879
1851
1829
1833
1829
1836
1793
1761
1726
1684
1619
1570
1528
1527
1557
1620
1697
1790
1844
1871
1879
1897
1901
1903
1920
1917
1931
1928
1900
1874
1873
1898
1924
1935
1915
1883
1853
1842
1861
1881
1903
1917
1942
1948
1959
1970
1999
2032
2046
2057
2053
2044
2008
1963
1920
1893
1882
1890
1878
1870
1880
1929
1962
1983
2008
1988
1959
1931
1917
1919
1918
1903
1905
1924
1942
1964
1986
2029
2066
2123
2164
2169
2159
2152
2135
2120
2097
2059
2042
2031
2037
2051
2065
2079
2096
2126
2144
2158
2188
2207
2204
2208
2235
2252
2288
2298
2307
2294
2293
2274
2263
2232
2176
2133
2096
2081
2063
2055
2060
2087
2115
2149
2186
2244
2281
2303
2290
2281
2260
2257
2216
2176
2127
2108
2103
2099
2094
2079
2066
2065
2072
2049
2031
2005
1968
1932
1915
1896
1881
1871
1905
1920
1957
1967
1995
2025
2040
2058
2058
2048
2036
2003
1972
1938
1927
1930
1935
1939
1906
1883
1836
1821
1785
1771
1763
1776
1795
1827
1844
1855
1832
1765
1703
1648
1632
1646
1672
1693
1736
1796
1817
1854
1867
1848
1831
1809
1802
1796
1788
1776
1777
1806
1831
1847
1859
1872
1897
1929
1968
2007
2021
2014
2001
1984
1983
2010
2049
2078
2090
2082
2092
2093
2076
2040
1996
1947
1930
1931
1954
1964
1951
1946
1949
1941
1925
1919
1912
1901
1895
1896
1879
1864
1859
1888
1913
1973
2016
2059
2050
2026
1978
1923
1870
1844
1814
1794
1788
1778
1769
1769
1795
1796
1818
1845
1885
1937
1996
2039
2088
2124
2178
2221
2281
2317
2326
2315
2295
2257
2239
2223
2205
2189
2161
2126
2091
2084
2084
2105
2123
2156
2177
2194
2210
2253
2259
2267
2268
2272
2277
2279
2267
2263
2255
2259
2266
2272
2278
2271
2279
2282
2295
2291
2286
2290
2301
2287
2261
2213
2191
2174
2169
2186
2204
2216
2219
2238
2268
2293
2301
2321
2352
2378
2387
2397
2391
2386
2392
2404
2392
2381
2355
2320
2294
2254
2204
2156
2129
2105
2120
2147
2166
2171
2162
2167
2189
2217
2239
2274
2285
2296
2296
2296
2271
2266
2260
2282
2291
2299
2288
2296
2294
2278
2268
2228
2194
2179
2202
2190
2178
2146
2122
2112
2108
2133
2171
2185
2192
2202
2241
2281
2310
2303
2287
2253
2239
2220
2212
2215
2210
2211
2222
2246
2275
2319
2330
2332
2292
2263
2220
2222
2214
2216
2202
2210
2210
2211
2213
2228
2230
2236
2246
2222
2203
2172
2137
2118
2112
2112
2138
2168
2208
2239
2271
2256
2208
2140
2088
2029
2005
1966
1946
1949
1990
2063
2134
2215
2272
2304
2324
2343
2337
2320
2265
2205
2140
2079
2038
2014
2010
2023
2053
2051
2025
1961
1885
1818
1748
1687
1649
1630
1634
1659
1708
1760
1829
1911
1970
2036
2038
2025
1973
1936
1904
1889
1892
1934
1989
2028
2012
1997
1973
1955
1915
1869
1842
1819
1815
1830
1874
1945
2026
2088
2130
2139
2150
2160
2180
2179
2163
2117
2112
2088
2099
2116
2155
2177
2184
2176
2171
2162
2133
2129
2134
2160
2169
2190
2163
2135
2079
2040
1992
1954
1908
1877
1852
1856
1894
1969
1998
2021
2039
2069
2066
2060
2050
2042
2029
2043
2066
2075
2075
2075
2072
2041
2046
2038
2029
1993
1964
1899
1837
1746
1667
1596
1535
1510
1508
1521
1552
1587
1634
1660
1688
1719
1717
1707
1718
1762
1789
1775
1737
1699
1675
1649
1630
1632
1635
1653
1667
1718
1757
1786
1823
1856
1886
1912
1926
1940
1954
1924
1864
1809
1775
1750
1724
1682
1685
1719
1755
1765
1774
1767
1761
1751
1735
1733
1748
1784
1830
1832
1791
1718
1677
1653
1659
1655
1667
1669
1688
1699
1701
1655
1611
1571
1528
1476
1418
1356
1309
1288
1272
1269
1273
1281
1302
1353
1379
1407
1419
1455
1479
1517
1543
1593
1655
1720
1804
1885
1969
2053
2132
2206
2240
2232
2230
2199
2171
2106
2059
1952
1905
1827
1775
1721
1689
1655
1626
1579
1541
1515
1541
1555
1598
1649
1691
1735
1743
1774
1802
1828
1818
1830
1810
1779
1718
1657
1585
1519
1471
1455
1480
1573
1637
1682
1714
1720
1646
1560
1475
1397
1335
1255
1142
1035
995
1007
1043
1072
1121
1197
1275
1375
1455
1496
1496
1491
1489
1474
1445
1413
1388
1386
1407
1456
1511
1566
1625
1677
1715
1734
1751
1771
1772
1762
1762
1740
1727
1749
1790
1842
1880
1926
1942
1962
1962
1947
1918
1847
1773
1713
1660
1608
1537
1467
1384
1315
1305
1343
1388
1460
1534
1620
1675
1723
1716
1675
1635
1579
1553
1541
1547
1574
1629
1673
1719
1721
1717
1682
1662
1658
1686
1695
1730
1743
1744
1726
1720
1709
1698
1672
1644
1642
1645
1679
1745
1858
1945
2019
2069
2098
2109
2123
2135
2153
2135
2124
2100
2067
2021
1991
1951
1917
1899
1878
1869
1861
1897
1951
1999
2057
2105
2142
2162
2143
2129
2119
2123
2073
2055
2036
2029
2053
2080
2083
2101
2127
2134
2113
2094
2058
2007
1961
1909
1885
1879
1872
1873
1880
1908
1945
2003
2059
2066
2074
2071
2067
2075
2091
2124
2142
2143
2159
2183
2206
2236
2224
2210
2171
2128
2099
2067
2034
2034
2039
2054
2086
2079
2074
2068
2043
2044
2063
2094
2118
2154
2178
2201
2214
2222
2223
2197
2166
2134
2108
2063
2042
2018
2030
2027
2012
1988
1977
2000
2062
2091
2106
2097
2100
2104
2106
2113
2128
2117
2102
2086
2074
2053
2057
2067
2048
2047
2011
2014
2009
2020
2015
2017
2000
1982
1951
1901
1828
1765
1701
1652
1609
1552
1496
1455
1453
1468
1526
1593
1682
1737
1757
1766
1770
1752
1734
1696
1647
1617
1617
1634
1664
1716
1783
1844
1902
1923
1951
1966
1974
1960
1949
1919
1879
1868
1861
1845
1839
1866
1884
1928
1980
2023
2077
2108
2109
2100
2093
2096
2105
2124
2135
2116
2098
2084
2093
2114
2109
2104
2077
2078
2071
2074
2064
2044
2013
1985
1950
1921
1862
1818
1793
1801
1836
1877
1914
1926
1960
1998
2057
2070
2080
2071
2076
2091
2127
2157
2193
2172
2160
2125
2091
2026
1959
1883
1839
1827
1834
1842
1842
1852
1929
2006
2061
2114
2136
2147
2130
2117
2103
2105
2087
2083
2055
2054
2040
2018
1949
1891
1835
1830
1851
1890
1944
2019
2104
2162
2214
2233
2233
2201
2173
2122
2066
1985
1909
1822
1727
1651
1609
1547
1443
1355
1265
1203
1165
1131
1091
1088
1133
1179
1238
1333
1461
1567
1635
1692
1732
1745
1742
1767
1814
1858
1893
1943
2015
2048
2083
2104
2101
2088
2074
2055
2035
1998
1966
1933
1914
1891
1861
1867
1883
1887
1891
1877
1879
1916
1981
2020
2060
2053
2054
2049
2052
2060
2076
2087
2081
2054
2027
2014
2025
1999
1973
1939
1927
1921
1946
1966
1983
1982
2011
2030
2041
2073
2077
2089
2089
2067
1979
1877
1761
1696
1634
1609
1601
1619
1609
1599
1566
1566
1572
1602
1626
1664
1701
1740
1769
1790
1843
1897
1958
1993
2046
2096
2165
2198
2230
2237
2283
2283
2310
2302
2313
2314
2294
2249
2192
2113
2038
1963
1887
1826
1783
1766
1794
1843
1906
1980
2050
2094
2139
2203
2230
2264
2279
2282
2276
2296
2322
2342
2370
2373
2340
2322
2311
2303
2279
2243
2236
2235
2245
2227
2254
2256
2286
2313
2325
2331
2337
2333
2326
2331
2348
2388
2408
2416
2402
2386
2375
2352
2315
2249
2204
2159
2117
2085
2062
2064
2131
2201
2269
2320
2355
2329
2266
2228
2201
2192
2203
2227
2258
2278
2302
2313
2330
2358
2357
2370
2382
2378
2366
2360
2335
2311
2285
2267
2213
2192
2159
2153
2136
2128
2105
2073
2006
1992
2002
2041
2076
2089
2115
2118
2134
2136
2123
2113
2117
2102
2108
2096
2074
2066
2100
2124
2126
2145
2174
2198
2195
2179
2161
2157
2144
2129
2129
2127
2137
2153
2139
2135
2142
2172
2210
2260
2284
2289
2279
2254
2211
2160
2106
2060
2022
2025
2068
2107
2132
2143
2170
2217
2258
2280
2273
2276
2281
2289
2302
2288
2270
2226
2174
2148
2103
2062
2048
2037
2061
2061
2059
2046
2008
1969
1928
1899
1890
1886
1907
1913
1925
1949
1972
1991
2026
2024
2000
1951
1926
1910
1912
1901
1909
1918
1974
2041
2119
2170
2217
2250
2249
2242
2192
2167
2145
2145
2144
2152
2140
2127
2127
2144
2159
2195
2218
2225
2222
2180
2147
2101
2079
2054
2060
2077
2076
2096
2107
2104
2101
2084
2070
2036
2045
2055
2095
2120
2143
2140
2150
2143
2158
2141
2120
2094
2057
2018
1951
1895
1853
1839
1821
1823
1830
1867
1894
1917
1928
1940
1937
1936
1895
1858
1829
1837
1836
1877
1969
2047
2128
2199
2261
2308
2342
2354
2334
2297
2252
2168
2097
2038
1985
1925
1867
1852
1874
1871
1838
1813
1779
1752
1717
1719
1734
1787
1857
1946
2019
2078
2117
2136
2131
2121
2092
2064
2070
2093
2124
2150
2163
2147
2120
2072
2019
1943
1913
1910
1929
1964
2016
2058
2083
2124
2148
2178
2207
2253
2275
2292
2265
2250
2176
2149
2117
2135
2155
2186
2204
2233
2270
2297
2324
2340
2347
2339
2331
2307
2265
2215
2169
2142
2120
2074
2077
2064
2059
2015
1997
1971
1946
1889
1829
1773
1755
1763
1774
1807
1825
1852
1864
1871
1861
1872
1883
1900
1924
1947
1941
1951
1971
1979
1959
1951
1923
1930
1935
1950
1937
1941
1954
1984
2037
2068
2094
2093
2107
2138
2178
2182
2196
2195
2193
2178
2172
2141
2107
2082
2086
2084
2088
2086
2072
2075
2073
2087
2065
2024
1970
1900
1847
1824
1803
1813
1821
1846
1899
1959
2013
2021
2000
1985
1959
1957
1919
1882
1871
1907
1952
1989
1990
1993
1994
1996
1986
1984
1981
2005
2009
2024
2019
2018
1989
1988
1982
1979
1955
1929
1915
1944
1998
2051
2085
2083
2056
2030
1994
1950
1938
1961
2006
2033
2062
2085
2141
2186
2267
2319
2354
2338
2306
2257
2216
2183
2170
2154
2139
2131
2149
2193
2252
2323
2385
2400
2396
2405
2392
2390
2374
2378
2377
2372
2379
2372
2382
2379
2362
2358
2338
2325
2323
2311
2287
2278
2287
2291
2315
2326
2348
2374
2399
2394
2394
2376
2332
2285
2231
2155
2112
2062
2035
2013
2003
2007
2042
2086
2118
2165
2198
2246
2274
2312
2315
2326
2336
2349
2364
2366
2347
2327
2288
2265
2239
2248
2253
2266
2300
2319
2322
2324
2340
2350
2349
2325
2274
2251
2244
2238
2258
2272
2283
2313
2310
2298
2263
2225
2190
2178
2186
2215
2255
2279
2298
2308
2338
2365
2393
2381
2378
2374
2369
2363
2364
2363
2371
2379
2399
2406
2435
2463
2490
2513
2523
2518
2529
2522
2505
2491
2464
2454
2440
2464
2488
2524
2518
2510
2470
2474
2455
2456
2457
2455
2447
2434
2420
2391
2363
2362
2367
2362
2376
2372
2373
2358
2348
2309
2312
2295
2289
2281
2283
2261
2278
2285
2312
2335
2354
2348
2335
2316
2309
2321
2315
2322
2330
2345
2373
2429
2450
2459
2453
2459
2469
2481
2484
2496
2484
2515
2513
2524
2514
2515
2494
2470
2436
2412
2376
2360
2343
2312
2299
2294
2287
2272
2263
2260
2262
2228
2208
2204
2179
2148
2144
2163
2200
2250
2266
2282
2296
2289
2237
2186
2156
2129
2091
2038
1986
1893
1810
1771
1738
1729
1736
1759
1806
1858
1972
2042
2098
2137
2144
2123
2094
2073
2058
2055
2042
2066
2103
2147
2157
2187
2187
2197
2177
2188
2160
2149
2123
2096
2060
2053
2039
2016
1988
1967
1958
1971
1987
1983
1985
1977
2002
2008
2028
2035
2061
2100
2151
2200
2266
2298
2319
2320
2347
2359
2352
2352
2333
2304
2258
2241
2182
2163
2132
2142
2157
2210
2228
2260
2265
2286
2252
2243
2220
2200
2176
2184
2188
2186
2186
2163
2146
2141
2148
2154
2123
2071
2040
2043
2049
2033
2016
1979
1952
1941
1975
2008
2031
2054
2085
2109
2176
2222
2247
2272
2264
2230
2183
2150
2088
2044
2004
1985
1934
1904
1891
1879
1911
1945
1950
1946
1941
1910
1868
1829
1810
1800
1751
1704
1690
1706
1724
1747
1754
1743
1739
1766
1789
1851
1920
1955
1958
1949
1930
1918
1886
1873
1855
1839
1820
1830
1837
1866
1892
1929
1935
1925
1913
1900
1898
1914
1952
1957
1943
1933
1927
1908
1897
1899
1924
1931
1918
1891
1863
1849
1837
1836
1844
1840
1849
1857
1882
1927
1960
1982
1992
1991
1977
1973
1964
1968
1963
1975
1995
2033
2070
2096
2085
2070
2046
2034
1988
1926
1843
1750
1661
1600
1599
1610
1637
1649
1664
1659
1689
1709
1740
1773
1799
1806
1814
1821
1855
1888
1899
1900
1909
1930
1986
2046
2085
2103
2144
2163
2184
2188
2179
2162
2135
2140
2147
2142
2123
2108
2083
2043
2034
2047
2052
2058
2063
2039
2008
1943
1853
1797
1755
1719
1704
1722
1733
1763
1843
1907
1886
1843
1777
1703
1645
1608
1561
1547
1559
1596
1650
1713
1780
1805
1793
1761
1741
1699
1669
1631
1629
1686
1800
1858
1939
1994
2048
2065
2102
2116
2107
2076
2011
1955
1921
1901
1885
1871
1857
1896
1939
1971
2014
2071
2091
2115
2117
2094
2026
1959
1877
1808
1719
1612
1509
1469
1471
1515
1562
1598
1636
1658
1673
1658
1666
1671
1683
1676
1680
1707
1729
1728
1737
1736
1728
1707
1711
1719
1727
1748
1760
1785
1831
1885
1919
1960
1995
2030
2057
2062
2041
2034
2017
1979
1885
1843
1820
1808
1818
1819
1799
1771
1723
1715
1725
1740
1771
1807
1856
1894
1923
1939
1958
1983
2024
2050
2049
2024
1998
1965
1935
1910
1904
1903
1904
1905
1897
1898
1907
1898
1879
1874
1899
1918
1995
2034
2085
2107
2117
2122
2131
2146
2181
2203
2211
2219
2225
2242
2246
2247
2220
2173
2140
2133
2126
2109
2108
2137
2196
2260
2282
2316
2314
2307
2264
2137
2133
2148
2160
2159
2166
2171
2194
2238
2305
2326
2330
2322
2299
2247
2185
2154
2119
2113
2111
2105
2078
2064
2044
2033
2008
2011
2009
2038
2049
2066
2066
2080
2117
2147
2195
2245
2261
2221
2164
2116
2119
2107
2103
2106
2134
2148
2166
2191
2205
2198
2227
2245
2241
2240
2239
2225
2250
2285
2318
2352
2375
2367
2351
2335
2303
2280
2277
2266
2250
2214
2170
2134
2115
2119
2134
2170
2202
2238
2281
2308
2318
2322
2329
2354
2389
2387
2365
2327
2259
2205
2163
2137
2143
2146
2153
2145
2187
2226
2250
2281
2291
2306
2330
2363
2420
2458
2489
2513
2534
2542
2556
2567
2578
2567
2555
2530
2528
2512
2488
2460
2434
2418
2436
2422
2429
2424
2416
2390
2359
2331
2280
2225
2159
2107
2082
2091
2106
2146
2159
2178
2173
2171
2157
2159
2151
2156
2153
2155
2160
2190
2184
2171
2152
2163
2191
2237
2287
2324
2345
2358
2354
2311
2276
2254
2236
2194
2175
2124
2068
2040
2029
2034
2068
2073
2105
2125
2161
2172
2172
2161
2122
2082
2039
2019
2031
2054
2053
2018
1991
1966
1968
1994
2033
2078
2093
2089
2101
2115
2104
2071
1965
1874
1780
1689
1618
1574
1545
1551
1615
1702
1795
1885
1942
1979
1996
2012
1997
1991
1985
1983
1968
1944
1901
1856
1764
1717
1708
1759
1838
1908
1962
2003
2023
2021
2036
2041
2020
1975
1925
1853
1786
1709
1641
1579
1589
1632
1728
1825
1921
1959
1983
1994
2000
2003
2011
2007
1967
1943
1932
1929
1919
1929
1894
1868
1846
1871
1863
1876
1855
1850
1821
1814
1799
1818
1792
1766
1743
1731
1727
1735
1767
1789
1813
1817
1845
1862
1878
1851
1837
1778
1723
1647
1583
1511
1463
1409
1370
1321
1286
1254
1235
1238
1233
1245
1295
1361
1426
1502
1571
1659
1715
1762
1811
1848
1863
1893
1877
1856
1844
1833
1882
1908
1921
1923
1903
1873
1807
1757
1724
1714
1688
1680
1716
1775
1821
1860
1904
1926
1935
1955
1996
2050
2079
2100
2112
2135
2142
2166
2190
2200
2188
2180
2200
2204
2205
2182
2149
2106
2069
2037
2016
2013
2022
2015
2036
2064
2092
2117
2149
2167
2188
2204
2215
2218
2211
2214
2214
2230
2224
2237
2233
2250
2255
2258
2190
2140
2089
2042
2013
2017
2035
2086
2134
2119
2100
2098
2100
2124
2132
2161
2180
2176
2189
2192
2213
2232
2270
2249
2256
2239
2236
2211
2206
2183
2175
2166
2143
2108
2078
2066
2049
2044
2024
2020
1987
1981
1972
1983
1969
1972
1974
1999
2018
2065
2071
2103
2110
2129
2116
2085
2067
2043
2039
2054
2070
2060
2034
1992
1965
1922
1907
1891
1880
1874
1875
1883
1889
1883
1857
1839
1826
1844
1871
1897
1930
1951
1960
1958
1967
1977
1989
2007
2011
2013
1993
1971
1969
1973
1994
2007
2043
2069
2108
2120
2099
2072
2039
1996
1989
1998
1973
1973
1973
1982
1996
2024
2022
2002
1942
1901
1852
1844
1827
1825
1822
1839
1845
1864
1902
1950
1977
2024
2083
2152
2187
2228
2254
2254
2224
2186
2126
2071
2036
1981
1948
1897
1887
1901
1950
1984
2005
2019
2040
2048
2059
2051
2078
2093
2097
2098
2080
2045
2009
1980
1962
1953
1912
1873
1821
1791
1742
1725
1692
1673
1671
1709
1755
1822
1854
1886
1918
1913
1912
1918
1903
1876
1850
1827
1821
1800
1758
1716
1702
1710
1736
1768
1831
1878
1928
1998
2063
2103
2141
2182
2224
2249
2241
2210
2129
2035
1954
1888
1856
1830
1799
1799
1819
1859
1904
1935
1901
1862
1790
1722
1619
1525
1448
1360
1277
1251
1258
1294
1366
1466
1571
1662
1764
1824
1844
1859
1844
1834
1802
1770
1776
1807
1816
1821
1846
1859
1861
1864
1835
1802
1775
1764
1769
1768
1786
1823
1881
1934
1985
2007
2004
1957
1884
1773
1653
1564
1476
1384
1345
1324
1329
1355
1413
1475
1527
1597
1685
1796
1890
1978
2048
2090
2065
2010
1917
1858
1783
1745
1708
1683
1653
1657
1682
1727
1734
1730
1736
1740
1750
1783
1827
1888
1946
1963
1968
1959
1952
1913
1882
1845
1824
1815
1811
1814
1788
1751
1721
1703
1694
1687
1695
1707
1745
1781
1816
1843
1838
1811
1784
1777
1753
1739
1729
1756
1791
1835
1928
1971
2009
2013
1994
1956
1903
1868
1869
1903
1931
1937
1944
1932
1923
1928
1925
1945
1950
1962
1937
1922
1904
1907
1877
1852
1823
1792
1747
1705
1665
1670
1729
1785
1853
1899
1937
1963
1991
2017
2052
2080
2102
2132
2173
2198
2232
2244
2251
2222
2207
2187
2187
2178
2170
2158
2148
2140
2135
2130
2113
2094
2088
2114
2145
2197
2221
2238
2242
2243
2244
2231
2188
2120
2019
1933
1873
1841
1814
1814
1803
1794
1817
1878
1944
2018
2087
2152
2231
2274
2308
2312
2314
2287
2259
2195
2119
2073
2053
2044
2058
2093
2162
2244
2331
2390
2420
2436
2434
2433
2392
2354
2295
2267
2276
2282
2295
2308
2303
2301
2289
2291
2285
2299
2294
2284
2276
2284
2323
2343
2329
2312
2282
2255
2233
2221
2177
2133
2079
2056
2053
2046
2009
1975
1920
1884
1843
1813
1794
1793
1809
1833
1891
1922
1956
2017
2081
2120
2146
2159
2157
2144
2107
2050
1998
1959
1943
1930
1956
1955
1955
1946
1918
1866
1820
1798
1779
1743
1709
1705
1716
1727
1734
1767
1796
1822
1832
1858
1875
1923
1933
1946
1973
1975
1953
1934
1894
1867
1834
1829
1811
1801
1795
1786
1777
1758
1786
1811
1883
1941
1995
2035
2064
2085
2090
2083
2072
2092
2104
2102
2061
2007
1962
1957
1966
1987
1996
2005
2009
2016
2004
1964
1845
1748
1627
1491
1398
1348
1313
1312
1337
1383
1421
1436
1475
1539
1596
1634
1670
1675
1679
1689
1691
1700
1711
1708
1715
1735
1732
1700
1649
1575
1515
1436
1370
1355
1369
1417
1457
1508
1546
1609
1671
1726
1771
1787
1798
1838
1883
1934
1994
1995
1980
1927
1889
1835
1815
1786
1783
1781
1812
1873
1929
1965
2001
2026
2058
2073
2101
2135
2129
2126
2115
2140
2135
2109
2039
1950
1849
1769
1674
1609
1550
1555
1561
1564
1556
1558
1579
1624
1718
1758
1808
1849
1890
1942
1980
2006
2046
2063
2067
2063
2078
2075
2058
2025
1993
1960
1916
1869
1819
1797
1761
1730
1732
1741
1725
1689
1678
1706
1728
1775
1889
1963
2006
2022
2009
2031
2029
2034
2036
2075
2128
2194
2255
2306
2333
2345
2348
2346
2338
2299
2264
2231
2199
2145
2099
2085
2098
2123
2154
2190
2223
2243
2251
2247
2210
2163
2120
2107
2118
2124
2154
2170
2181
2174
2178
2145
2111
2089
2077
2094
2101
2112
2106
2093
2063
2037
2036
2009
1961
1940
1950
1978
2011
2041
2021
2023
1999
1973
1929
1884
1838
1824
1795
1799
1765
1736
1696
1690
1697
1719
1757
46.97021484
1.664501905
999
