5835
2117
2102
2106
2136
2142
2120
2110
2135
2151
2139
2142
2123
2154
2152
2155
2130
2136
2134
2126
2093
2069
2052
2065
2039
2025
2002
2016
1998
2014
1996
2012
2010
2031
2002
2025
1995
2040
2006
2004
1966
1992
1974
1988
1928
1947
1917
1984
1954
1984
1958
2026
2031
2051
1994
2012
1983
2007
1969
2005
1937
1966
1921
1930
1869
1896
1869
1904
1868
1884
1863
1917
1896
1939
1902
1939
1920
1944
1872
1908
1879
1919
1859
1875
1834
1895
1869
1888
1837
1868
1850
1871
1837
1834
1819
1868
1852
1879
1837
1889
1908
1931
1906
1911
1900
1911
1864
1870
1868
1875
1889
1883
1876
1878
1892
1867
1866
1855
1869
1882
1911
1905
1913
1936
1989
1983
2016
2001
2034
2024
2017
1975
2012
1975
2021
1973
1992
1946
1969
1924
1973
1914
1951
1927
1978
1925
1968
1936
2021
1965
2017
1969
2034
2005
2058
2007
2051
2011
2059
2000
2017
1934
1977
1895
1900
1780
1791
1716
1735
1654
1688
1631
1701
1674
1719
1695
1791
1817
1896
1878
1930
1935
2016
1986
2010
1948
1994
1960
1975
1935
1938
1924
1943
1893
1893
1887
1911
1952
1941
1933
1952
1982
1984
2015
1967
1981
1953
2005
1965
1990
1962
1997
1958
1990
1927
1954
1927
1959
1889
1894
1836
1872
1829
1832
1787
1810
1782
1829
1818
1867
1868
1923
1931
1962
1943
1980
1985
2033
2011
2024
1999
2035
2005
2004
1978
1971
1980
2007
1993
2008
2009
2046
2075
2078
2087
2119
2169
2187
2178
2184
2208
2213
2249
2227
2227
2229
2257
2243
2259
2236
2266
2277
2309
2303
2313
2291
2345
2338
2367
2329
2360
2346
2375
2340
2351
2303
2344
2314
2316
2262
2310
2300
2332
2279
2298
2278
2317
2265
2296
2270
2320
2305
2342
2293
2324
2303
2356
2322
2349
2335
2386
2346
2369
2333
2387
2346
2362
2313
2314
2287
2306
2284
2310
2291
2266
2265
2260
2244
2239
2239
2254
2248
2201
2215
2178
2204
2170
2196
2166
2215
2189
2242
2189
2217
2188
2269
2246
2295
2249
2282
2248
2293
2244
2263
2193
2216
2178
2205
2145
2169
2140
2194
2147
2185
2182
2190
2212
2203
2177
2178
2188
2195
2197
2166
2154
2158
2168
2146
2118
2078
2103
2081
2085
2047
2078
2090
2110
2083
2120
2096
2160
2115
2123
2066
2100
2038
2100
2030
2068
2010
2079
2025
2070
2019
2087
2062
2121
2071
2128
2114
2189
2132
2161
2095
2158
2120
2150
2078
2118
2073
2103
2047
2054
2020
2083
2058
2084
2062
2050
2041
2035
2012
2009
1990
2033
2045
2025
2046
2056
2094
2083
2087
2076
2090
2052
2099
2049
2064
2019
2066
2048
2081
2043
2099
2068
2106
2050
2068
2004
2020
1970
1980
1914
1915
1879
1909
1850
1888
1845
1888
1876
1912
1877
1926
1920
1953
1924
1946
1917
1970
1961
1988
1961
1979
1992
2033
2018
2054
2052
2095
2071
2076
2048
2028
2030
2047
2015
1997
1987
1990
2035
2020
2019
1986
1997
1989
1959
1918
1941
1934
1957
1927
1914
1887
1918
1902
1920
1875
1917
1915
1962
1930
1941
1913
1959
1910
1922
1878
1911
1865
1889
1843
1876
1848
1909
1862
1910
1895
1956
1927
1978
1920
1963
1925
1961
1911
1953
1916
1969
1946
2012
1982
2038
2014
2078
2040
2055
1985
2021
1997
2048
2006
2062
2038
2080
2075
2094
2099
2155
2129
2135
2112
2084
2085
2056
2013
2000
1979
1974
1948
1893
1907
1870
1911
1889
1893
1856
1896
1839
1910
1858
1917
1887
1983
1953
2033
1991
2044
2033
2108
2053
2104
2052
2106
2081
2096
2042
2067
2055
2100
2060
2080
2067
2080
2095
2102
2076
2075
2088
2089
2123
2097
2125
2122
2173
2143
2144
2116
2149
2107
2155
2088
2117
2083
2143
2070
2102
2025
2049
2012
2050
1969
1991
1932
1976
1961
1984
1944
1986
1983
2007
1990
2005
1995
2049
2043
2063
2030
2043
2022
2026
2016
2019
2016
2052
2044
2050
2066
2077
2118
2129
2132
2097
2097
2113
2114
2065
2070
2060
2106
2099
2116
2105
2131
2138
2184
2168
2181
2174
2212
2196
2203
2145
2167
2142
2152
2103
2099
2090
2109
2081
2093
2056
2099
2073
2098
2037
2054
2013
2065
2014
2044
1996
2053
2041
2076
2027
2052
2017
2059
2007
2040
1989
2009
2013
2037
1995
2023
2001
2044
2014
2045
2037
2071
2107
2124
2111
2096
2097
2071
2094
2039
2027
1999
2019
1989
1993
1963
2022
2003
2059
1978
1997
1942
1981
1944
1973
1900
1944
1903
1962
1899
1938
1898
1953
1925
1967
1921
1967
1942
1983
1957
1971
1946
1977
1975
1977
1935
1950
1932
1945
1953
1930
1936
1941
1959
1947
1970
1936
1950
1895
1912
1871
1885
1857
1904
1860
1912
1872
1957
1952
2025
1968
2031
2010
2068
2038
2074
2016
2066
2023
2059
2030
2050
2007
2035
1997
1990
1936
1934
1919
1931
1909
1901
1894
1934
1935
1933
1948
1942
1990
2003
2018
2013
2039
2023
2060
2028
2046
2001
2040
2025
2014
1946
1935
1861
1869
1800
1802
1759
1797
1792
1865
1856
1910
1903
1971
1927
1946
1924
1937
1920
1958
1926
1946
1933
2001
2011
2029
2024
2056
2080
2110
2076
2094
2068
2063
2069
2049
2041
2043
2057
2062
2058
2040
2060
2063
2074
2056
2046
2031
2044
2035
2064
2018
2046
2055
2107
2098
2147
2113
2166
2148
2182
2146
2193
2171
2232
2214
2265
2238
2290
2260
2293
2247
2275
2233
2268
2248
2264
2228
2271
2246
2258
2251
2258
2249
2271
2271
2273
2242
2241
2271
2256
2254
2229
2231
2226
2237
2217
2236
2179
2237
2199
2235
2200
2227
2197
2261
2207
2247
2172
2226
2163
2201
2147
2179
2125
2182
2138
2189
2164
2238
2205
2243
2197
2209
2188
2229
2185
2202
2206
2201
2239
2243
2232
2223
2224
2240
2234
2186
2209
2165
2195
2162
2176
2150
2192
2173
2226
2181
2214
2182
2237
2207
2239
2197
2229
2200
2260
2208
2229
2184
2228
2216
2245
2204
2226
2215
2271
2240
2258
2260
2259
2287
2299
2284
2282
2279
2277
2315
2298
2278
2265
2285
2292
2287
2278
2290
2284
2344
2336
2345
2338
2373
2354
2375
2328
2352
2343
2376
2324
2326
2305
2338
2321
2345
2309
2336
2336
2387
2355
2379
2328
2370
2343
2374
2311
2332
2310
2369
2333
2346
2306
2342
2320
2340
2322
2316
2313
2329
2311
2299
2285
2317
2305
2275
2252
2197
2171
2144
2126
2100
2083
2013
2052
2026
2039
2001
2041
2031
2084
2033
2074
2007
2059
2002
2028
1952
1988
1937
2003
1952
2002
1964
2037
2006
2062
2055
2065
2046
2083
2059
2091
2035
2043
2060
2055
2034
2031
2038
2068
2072
2073
2102
2094
2130
2116
2120
2090
2119
2063
2119
2059
2091
2052
2122
2096
2138
2117
2173
2137
2203
2159
2209
2164
2233
2196
2228
2185
2232
2219
2295
2259
2306
2298
2327
2331
2338
2296
2325
2301
2327
2320
2299
2272
2259
2272
2269
2268
2286
2316
2325
2344
2306
2326
2317
2350
2327
2358
2313
2346
2329
2360
2338
2357
2345
2396
2370
2400
2355
2411
2400
2433
2386
2440
2403
2435
2408
2422
2394
2425
2403
2415
2394
2391
2338
2380
2352
2367
2330
2342
2362
2377
2368
2369
2355
2385
2366
2367
2368
2348
2359
2371
2374
2373
2372
2364
2383
2354
2380
2364
2381
2361
2370
2343
2357
2323
2387
2360
2381
2337
2385
2352
2396
2329
2347
2318
2371
2310
2334
2270
2291
2260
2293
2237
2249
2191
2235
2195
2206
2160
2181
2176
2204
2152
2167
2161
2152
2155
2147
2144
2159
2180
2182
2185
2146
2187
2180
2218
2173
2183
2182
2225
2189
2218
2217
2207
2186
2163
2124
2066
2106
2054
2049
1996
2028
1994
1993
1935
1987
1925
1993
1956
2008
1955
2031
2007
2059
2018
2052
2004
2060
2024
2051
2021
2040
2012
2047
2007
2039
1993
2026
1998
2004
1982
1963
1951
1958
1928
1934
1921
1918
1948
1942
1952
1937
1980
1989
2005
1959
1957
1929
1963
1918
1906
1854
1855
1821
1861
1810
1833
1822
1887
1863
1902
1886
1922
1912
1945
1912
1951
1947
1989
1972
1983
1930
1966
1953
1986
1943
1928
1906
1929
1898
1894
1863
1883
1883
1905
1916
1918
1908
1937
1937
1922
1896
1903
1935
1942
1939
1919
1918
1932
1954
1942
1962
1925
1947
1940
1929
1873
1854
1810
1857
1811
1843
1806
1855
1838
1875
1861
1892
1854
1898
1840
1851
1790
1826
1777
1817
1771
1780
1755
1801
1784
1818
1803
1794
1771
1776
1742
1735
1699
1715
1699
1673
1664
1626
1661
1680
1698
1711
1759
1757
1848
1824
1861
1830
1911
1897
1941
1867
1890
1855
1930
1860
1895
1829
1874
1833
1890
1838
1867
1829
1883
1822
1863
1833
1844
1853
1892
1871
1900
1895
1898
1906
1863
1837
1835
1844
1838
1811
1781
1808
1795
1840
1817
1850
1832
1871
1828
1858
1814
1860
1840
1887
1837
1857
1806
1849
1815
1838
1788
1848
1836
1893
1859
1863
1802
1843
1817
1841
1793
1798
1754
1774
1779
1787
1774
1791
1796
1804
1811
1791
1799
1797
1832
1791
1768
1726
1705
1669
1667
1613
1605
1593
1611
1592
1609
1572
1618
1615
1642
1603
1617
1601
1631
1608
1637
1601
1649
1644
1681
1671
1713
1703
1763
1739
1769
1742
1789
1746
1771
1728
1727
1711
1756
1726
1726
1689
1723
1768
1791
1792
1816
1853
1901
1894
1885
1922
1924
1985
1998
1998
1973
1992
1952
1987
1926
1948
1880
1924
1870
1900
1850
1883
1853
1919
1872
1921
1881
1956
1943
2016
1985
2048
2016
2083
2050
2100
2072
2082
2069
2088
2038
2055
2021
2032
2009
1982
1942
1927
1946
1941
1941
1945
1973
1976
2030
2003
2012
1973
1982
1951
1970
1885
1939
1910
1958
1890
1912
1882
1937
1885
1919
1865
1926
1884
1935
1897
1992
1970
2073
2060
2109
2080
2149
2115
2150
2123
2135
2106
2140
2121
2128
2095
2113
2141
2132
2130
2129
2139
2165
2153
2133
2146
2104
2150
2122
2125
2090
2099
2053
2104
2045
2075
2021
2078
2037
2075
2048
2105
2069
2127
2090
2129
2069
2117
2094
2120
2076
2089
2065
2105
2063
2085
2072
2075
2078
2093
2063
2070
2051
2075
2054
2027
2006
1992
2005
2007
2000
1995
1995
1980
1983
1954
1947
1911
1919
1898
1890
1839
1862
1849
1887
1860
1878
1868
1907
1898
1924
1877
1905
1894
1942
1906
1953
1921
1955
1939
1939
1877
1895
1853
1861
1830
1843
1800
1846
1834
1853
1813
1839
1853
1895
1907
1923
1917
1959
1962
1943
1943
1916
1909
1893
1887
1846
1827
1790
1840
1813
1833
1785
1817
1805
1848
1831
1898
1861
1941
1912
1956
1909
1978
1960
2036
1977
2013
1951
2024
1978
2032
1992
1998
1950
1982
1926
1953
1910
1966
1936
1944
1923
1910
1909
1925
1914
1921
1920
1895
1931
1907
1913
1869
1894
1884
1911
1847
1882
1849
1914
1873
1899
1869
1913
1869
1911
1851
1897
1848
1901
1825
1868
1813
1849
1833
1859
1794
1806
1777
1804
1814
1823
1791
1818
1829
1850
1822
1850
1872
1897
1918
1894
1880
1886
1899
1860
1868
1807
1811
1806
1833
1795
1807
1734
1778
1736
1762
1745
1791
1797
1832
1816
1852
1820
1889
1862
1891
1843
1876
1859
1917
1903
1918
1885
1925
1901
1915
1897
1889
1872
1907
1894
1905
1873
1874
1849
1845
1848
1833
1824
1825
1819
1816
1819
1776
1796
1775
1775
1762
1780
1787
1811
1791
1814
1781
1825
1803
1823
1792
1807
1784
1843
1814
1842
1807
1863
1864
1926
1915
1970
1959
2024
1992
2027
1991
2026
2035
2039
1992
1981
1980
2013
1993
2039
2040
2048
2072
2077
2073
2072
2083
2091
2097
2063
2070
2087
2111
2095
2093
2059
2090
2050
2072
2002
2033
2008
2053
2013
2042
1995
2060
2032
2066
1988
2013
1934
1973
1917
1945
1904
1957
1936
2005
1980
1999
1957
1994
1978
1984
1954
1979
1987
2012
2030
2034
2038
2058
2066
2052
2085
2039
2076
2049
2088
2071
2100
2086
2138
2076
2113
2048
2106
2063
2104
2022
2078
2030
2089
2067
2095
2042
2094
2056
2090
2092
2075
2052
2072
2088
2104
2094
2117
2137
2130
2160
2153
2178
2193
2213
2154
2166
2112
2142
2120
2131
2085
2107
2059
2126
2102
2131
2074
2152
2124
2154
2139
2154
2119
2168
2134
2152
2091
2122
2076
2099
2075
2088
2081
2123
2092
2100
2087
2070
2080
2062
2036
2017
2003
2006
1991
1966
1979
1955
1987
1982
1989
1991
2012
1993
2037
2003
2012
1983
2022
2006
2008
1943
1950
1925
1967
1943
1975
1947
2009
2009
2038
2003
2031
2023
2060
2024
2018
1976
1973
1957
1970
1911
1913
1900
1903
1901
1889
1868
1875
1889
1891
1869
1859
1864
1881
1920
1921
1920
1928
1955
1931
1953
1902
1928
1901
1914
1849
1831
1800
1836
1801
1818
1778
1817
1811
1858
1840
1881
1838
1913
1909
1951
1906
1962
1942
1978
1953
1960
1944
2003
2000
2035
2031
2021
2036
2059
2049
2026
1999
2003
2000
1974
1985
1949
1985
1976
1987
1967
2009
1957
2006
1939
1954
1894
1941
1907
1956
1909
1967
1930
2005
1964
2019
1975
2043
2057
2120
2103
2136
2086
2132
2072
2063
2044
2025
2051
2083
2075
2079
2068
2046
2074
2036
2036
1982
1996
1970
1973
1929
1967
1917
1986
1935
1975
1938
2001
1965
2012
1941
1978
1931
1989
1920
1961
1929
1958
1930
1963
1914
1928
1896
1934
1896
1892
1877
1903
1932
1956
1955
1997
2064
2073
2127
2126
2134
2111
2121
2081
2075
2011
2011
1989
2022
1986
2000
1984
2003
1970
2009
1970
1991
1955
1993
1927
1983
1951
2002
1991
2033
2025
2073
2075
2097
2072
2060
2030
2063
2053
2058
2035
2058
2058
2100
2111
2138
2132
2153
2158
2170
2179
2190
2225
2235
2239
2248
2243
2206
2253
2236
2253
2227
2252
2258
2268
2235
2265
2233
2300
2294
2328
2302
2352
2343
2395
2348
2377
2335
2376
2347
2350
2311
2316
2294
2333
2301
2314
2288
2346
2318
2328
2314
2301
2307
2327
2302
2296
2294
2284
2331
2317
2304
2263
2276
2268
2264
2192
2214
2189
2244
2217
2252
2214
2268
2254
2317
2282
2347
2319
2375
2323
2370
2324
2360
2341
2397
2327
2347
2308
2330
2330
2329
2295
2315
2319
2330
2274
2264
2267
2275
2275
2245
2239
2214
2222
2168
2200
2152
2185
2167
2214
2163
2192
2148
2179
2133
2184
2131
2164
2106
2140
2086
2121
2067
2098
2071
2119
2087
2137
2136
2187
2178
2204
2169
2209
2196
2222
2219
2199
2209
2201
2220
2194
2189
2184
2188
2163
2175
2117
2126
2096
2115
2065
2102
2034
2106
2076
2140
2081
2137
2109
2166
2128
2152
2095
2147
2123
2162
2110
2139
2140
2186
2171
2178
2155
2213
2212
2229
2239
2239
2265
2283
2300
2279
2268
2239
2268
2227
2233
2209
2243
2244
2262
2235
2268
2231
2290
2261
2279
2241
2282
2245
2288
2240
2259
2212
2266
2217
2225
2164
2135
2082
2099
2058
2063
2019
2041
2013
2011
1999
2016
2050
2103
2111
2152
2186
2195
2240
2242
2241
2224
2241
2247
2258
2224
2219
2174
2193
2162
2171
2146
2188
2161
2206
2186
2219
2195
2271
2262
2312
2262
2269
2252
2289
2242
2266
2224
2254
2255
2281
2249
2261
2259
2296
2268
2280
2270
2253
2265
2255
2238
2224
2228
2198
2226
2205
2221
2231
2273
2264
2268
2228
2256
2210
2247
2168
2179
2133
2179
2125
2148
2080
2134
2120
2180
2122
2147
2122
2170
2163
2207
2179
2209
2195
2240
2223
2189
2167
2171
2173
2170
2156
2171
2186
2181
2208
2174
2189
2192
2219
2183
2211
2135
2163
2103
2117
2043
2072
2025
2072
2015
2052
1994
2043
1997
2024
1942
1949
1877
1904
1854
1863
1809
1834
1800
1808
1801
1793
1777
1806
1802
1808
1807
1827
1902
1904
1936
1930
1990
2015
2047
1995
2032
1955
2007
1965
1997
1931
1967
1927
2000
1956
1996
1948
2032
2007
2059
2025
2064
2064
2121
2085
2105
2053
2097
2037
2023
1988
1964
1964
1964
1923
1909
1893
1864
1909
1898
1910
1898
1927
1911
1928
1871
1900
1854
1903
1857
1885
1850
1899
1881
1939
1887
1932
1912
1980
1940
1990
1945
1972
1955
1986
1933
1947
1915
1933
1940
1955
1951
1967
1981
2023
2013
2040
2068
2066
2079
2010
1986
1983
2005
2010
1993
1985
1985
2007
1981
1960
1951
1962
1972
2003
1979
2000
2012
2045
2027
2025
1961
1980
1968
1982
1928
1932
1900
1915
1869
1873
1807
1821
1794
1809
1754
1793
1774
1836
1850
1898
1906
1983
1987
2037
2020
2021
2019
2056
2044
2054
2018
2026
2070
2069
2073
2058
2070
2067
2068
2071
2120
2108
2165
2151
2167
2119
2139
2099
2142
2077
2094
2041
2110
2083
2133
2121
2158
2112
2181
2133
2160
2089
2143
2106
2129
2111
2125
2116
2159
2150
2179
2177
2166
2187
2173
2177
2154
2149
2147
2143
2103
2139
2097
2157
2132
2165
2147
2209
2173
2255
2202
2243
2200
2285
2250
2307
2246
2273
2219
2268
2207
2218
2150
2160
2154
2149
2120
2138
2135
2181
2153
2190
2192
2180
2188
2144
2115
2083
2105
2071
2123
2065
2089
2059
2091
2039
2045
1991
2051
1999
2055
1996
2052
2028
2096
2062
2091
2041
2101
2075
2112
2065
2114
2078
2115
2103
2121
2079
2102
2102
2128
2108
2095
2100
2106
2128
2134
2147
2150
2155
2137
2155
2107
2114
2093
2112
2087
2104
2039
2075
2023
2054
1977
2022
1998
2041
2014
2041
1985
2011
1973
2007
1933
1949
1933
1986
1971
2004
1987
2034
2017
2032
2021
2001
1995
1993
1984
1964
1926
1898
1937
1921
1918
1867
1891
1883
1903
1878
1906
1867
1912
1885
1900
1849
1874
1841
1876
1818
1823
1787
1836
1811
1825
1823
1853
1843
1892
1867
1896
1886
1945
1948
1973
1969
1992
2019
2049
2032
2038
2030
2029
2039
2027
2025
2016
2025
2014
2006
1967
1980
1953
1999
1972
1974
1956
1985
1986
2060
2048
2087
2070
2122
2072
2088
2040
2053
2030
2052
2021
2051
2021
2072
2060
2101
2071
2117
2111
2164
2130
2173
2170
2188
2205
2216
2207
2233
2255
2265
2287
2269
2277
2284
2325
2285
2281
2232
2258
2212
2229
2152
2173
2122
2174
2119
2145
2083
2120
2085
2123
2066
2097
2055
2084
2080
2103
2075
2107
2099
2128
2132
2117
2119
2143
2181
2188
2197
2223
2239
2229
2258
2202
2206
2184
2215
2164
2213
2140
2184
2145
2180
2115
2155
2128
2207
2175
2214
2164
2230
2187
2211
2158
2199
2187
2244
2187
2202
2166
2215
2187
2184
2168
2143
2123
2131
2104
2082
2063
2029
2072
2031
2059
2029
2063
2057
2072
2030
2080
2048
2136
2107
2167
2132
2192
2169
2223
2183
2227
2190
2241
2171
2185
2147
2143
2087
2111
2052
2069
2029
2065
2037
2029
2007
1994
1993
2012
2003
2010
2000
1993
2031
2013
2025
2026
2067
2068
2065
2036
2045
2044
2087
2051
2044
2024
2046
2019
2055
2001
2035
2019
2062
2023
2044
2010
2059
2045
2081
2044
2067
2056
2089
2073
2069
2024
2045
2019
2021
1967
1983
1971
1991
1986
1985
1966
1979
1973
1972
1965
1953
1957
1959
1958
1934
1928
1911
1945
1923
1912
1870
1877
1863
1881
1884
1920
1892
1956
1943
1969
1939
1978
1963
1988
1945
1967
1932
1985
1952
1971
1946
1947
1919
1938
1893
1896
1854
1893
1892
1917
1909
1902
1921
1963
1965
1987
1999
1993
2020
2010
2008
1972
1992
2003
1997
1927
1942
1910
1978
1936
1965
1917
1976
1963
2021
1982
2040
2019
2086
2044
2101
2065
2105
2079
2110
2062
2102
2090
2113
2104
2116
2070
2105
2107
2134
2095
2112
2115
2131
2146
2136
2126
2126
2139
2110
2150
2101
2116
2097
2135
2104
2140
2110
2166
2128
2180
2109
2148
2107
2163
2115
2154
2111
2194
2179
2242
2196
2241
2193
2214
2183
2174
2112
2127
2098
2116
2105
2098
2111
2124
2145
2140
2147
2169
2177
2156
2203
2175
2216
2206
2248
2209
2242
2181
2253
2200
2235
2179
2225
2183
2216
2170
2205
2152
2207
2183
2218
2167
2193
2169
2207
2183
2186
2142
2190
2169
2186
2168
2145
2155
2157
2142
2138
2144
2158
2200
2179
2199
2176
2230
2222
2221
2186
2224
2205
2244
2196
2206
2168
2232
2176
2214
2148
2171
2141
2184
2127
2131
2097
2099
2093
2110
2071
2102
2078
2116
2104
2095
2086
2097
2088
2077
2030
2017
1994
1994
1989
1961
1930
1919
1940
1937
1962
1945
1964
1967
2013
2001
2006
2002
2027
2002
2030
1988
1997
1959
1984
1940
1974
1948
1986
1959
1988
1950
1969
1942
1957
1913
1912
1851
1863
1833
1863
1818
1852
1851
1884
1873
1876
1853
1879
1892
1914
1919
1915
1907
1916
1912
1884
1862
1810
1846
1817
1816
1779
1814
1813
1834
1837
1886
1846
1904
1888
1928
1880
1935
1930
1992
1951
1975
1929
1993
1965
1997
1959
1985
1982
2031
2009
2043
2023
2072
2073
2105
2097
2104
2112
2141
2144
2156
2158
2123
2162
2140
2146
2122
2168
2159
2193
2130
2186
2139
2202
2151
2211
2159
2223
2196
2250
2186
2228
2168
2216
2164
2218
2180
2205
2168
2193
2138
2162
2113
2125
2131
2135
2142
2131
2151
2170
2194
2184
2223
2191
2257
2231
2256
2212
2250
2193
2235
2151
2186
2101
2157
2104
2129
2080
2099
2068
2124
2081
2121
2092
2178
2167
2200
2196
2223
2244
2294
2264
2283
2281
2296
2325
2301
2290
2275
2308
2314
2331
2296
2311
2287
2317
2268
2272
2242
2244
2203
2229
2180
2215
2202
2228
2164
2189
2119
2127
2083
2084
2011
1999
1957
1971
1949
1931
1894
1904
1901
1932
1914
1931
1917
1942
1942
1958
1943
1969
1970
1973
1973
1967
1961
1981
1999
1995
1995
2016
2066
2051
2074
2060
2068
2077
2098
2078
2111
2054
2094
2070
2087
2045
2081
2055
2105
2074
2098
2066
2119
2106
2119
2083
2098
2047
2081
2021
2014
1953
1975
1937
1953
1931
1947
1975
2037
2038
2074
2071
2074
2102
2111
2091
2057
2048
2049
2039
1998
2006
1996
2032
2022
2007
2003
2036
2036
2116
2096
2141
2126
2191
2152
2213
2170
2209
2177
2233
2171
2204
2163
2214
2205
2238
2190
2224
2199
2259
2206
2234
2199
2198
2189
2192
2156
2156
2150
2153
2165
2139
2144
2130
2182
2180
2200
2190
2240
2230
2296
2269
2326
2323
2379
2344
2388
2332
2372
2313
2352
2265
2274
2186
2220
2156
2169
2086
2119
2091
2156
2134
2150
2126
2167
2151
2183
2146
2190
2196
2196
2198
2167
2152
2155
2169
2153
2182
2141
2182
2163
2197
2158
2169
2141
2147
2086
2115
2053
2113
2080
2137
2090
2167
2154
2228
2185
2211
2168
2230
2198
2233
2191
2181
2146
2190
2152
2160
2125
2154
2177
2188
2188
2179
2173
2188
2187
2183
2200
2196
2240
2239
2245
2223
2233
2191
2242
2185
2177
2130
2163
2145
2160
2145
2185
2181
2248
2218
2258
2223
2284
2266
2288
2246
2244
2209
2218
2160
2164
2110
2127
2123
2139
2111
2129
2116
2173
2158
2158
2137
2133
2141
2165
2131
2128
2131
2145
2176
2175
2179
2191
2224
2236
2251
2218
2227
2226
2247
2208
2215
2208
2239
2224
2246
2191
2208
2176
2203
2144
2178
2127
2168
2143
2174
2129
2163
2149
2186
2168
2186
2144
2208
2176
2197
2141
2168
2179
2216
2209
2195
2159
2180
2159
2149
2152
2120
2120
2115
2108
2090
2090
2053
2111
2051
2064
1997
2032
2022
2063
2043
2086
2040
2119
2099
2160
2108
2189
2164
2230
2180
2216
2152
2211
2152
2199
2169
2188
2180
2217
2181
2201
2164
2220
2202
2194
2177
2139
2138
2128
2109
2079
2083
2046
2100
2073
2095
2047
2098
2106
2164
2115
2151
2081
2153
2095
2114
2027
2070
2030
2081
2014
2049
1994
2033
1965
1994
1948
1966
1958
2002
1970
2010
2002
2051
2082
2079
2081
2088
2105
2126
2109
2113
2126
2113
2150
2106
2082
2041
2076
2035
2062
1993
2010
1997
2052
2015
2051
2034
2087
2061
2113
2074
2120
2119
2181
2165
2178
2143
2171
2152
2163
2105
2111
2094
2110
2076
2082
2068
2098
2099
2131
2132
2149
2157
2183
2183
2185
2165
2166
2149
2151
2156
2132
2114
2111
2094
2090
2100
2042
2056
2031
2038
1979
1997
1962
1995
1983
2035
1995
2031
2029
2077
2064
2097
2062
2108
2091
2108
2055
2082
2050
2062
2036
2020
1975
2004
2000
2002
1940
1940
1923
1923
1906
1894
1873
1881
1858
1807
1804
1760
1791
1775
1785
1752
1778
1768
1837
1803
1841
1789
1837
1776
1786
1725
1745
1691
1747
1691
1724
1659
1717
1685
1736
1674
1703
1671
1743
1692
1720
1705
1709
1728
1751
1739
1753
1766
1804
1824
1802
1824
1798
1848
1838
1855
1844
1870
1829
1872
1811
1840
1792
1863
1830
1888
1832
1886
1869
1960
1927
1987
1917
1989
1984
2040
1985
2022
1982
2045
1985
2013
1989
1998
2001
2015
1975
1980
1962
1974
2004
1990
1998
2018
2054
1996
2007
2015
2057
2079
2069
2047
2062
2069
2062
2054
2004
2013
2002
2023
1991
1992
1987
1983
1961
1969
1924
1958
1930
1940
1886
1916
1873
1910
1892
1907
1852
1888
1887
1944
1925
1953
1922
1975
1951
1987
1971
2023
2021
2069
2058
2088
2059
2087
2054
2058
2040
2006
1973
1984
1963
1970
1949
1951
1983
1983
1989
1985
2005
2000
1986
1970
1975
1952
1964
1943
1931
1899
1913
1898
1961
1921
1965
1943
2026
2019
2067
2062
2105
2091
2136
2078
2108
2052
2082
2027
2022
1951
1945
1902
1938
1888
1919
1889
1907
1905
1907
1867
1870
1860
1886
1857
1815
1810
1814
1849
1849
1857
1871
1915
1921
1974
1941
1967
1949
1980
1930
1961
1892
1938
1868
1893
1818
1846
1795
1847
1822
1873
1823
1891
1888
1945
1898
1967
1954
2004
2014
2045
2013
2044
2015
2021
2013
1994
1969
1964
1948
1935
1921
1904
1949
1944
1975
1930
1955
1947
1993
1978
2042
1970
2014
1955
1981
1911
1929
1857
1899
1864
1898
1849
1904
1889
1943
1923
1951
1914
1979
1943
1943
1875
1906
1873
1885
1857
1861
1846
1897
1903
1915
1912
1874
1912
1919
1917
1894
1900
1902
1901
1866
1878
1857
1898
1901
1912
1877
1896
1871
1937
1896
1921
1910
1978
1969
2001
1955
1972
1938
1972
1911
1926
1883
1914
1908
1923
1875
1880
1840
1857
1802
1790
1759
1760
1734
1731
1699
1704
1679
1687
1693
1674
1661
1666
1662
1655
1640
1646
1643
1641
1669
1648
1640
1621
1642
1611
1639
1608
1639
1624
1644
1593
1617
1590
1636
1615
1665
1621
1647
1628
1679
1648
1694
1667
1719
1698
1731
1660
1678
1623
1657
1627
1633
1588
1627
1611
1623
1611
1613
1618
1645
1657
1665
1662
1696
1725
1727
1743
1743
1779
1795
1825
1813
1843
1797
1871
1842
1885
1839
1903
1877
1938
1884
1923
1876
1948
1904
1940
1884
1933
1888
1920
1843
1875
1799
1844
1781
1795
1764
1777
1785
1816
1793
1808
1799
1823
1852
1853
1868
1845
1874
1894
1921
1899
1942
1891
1938
1909
1925
1877
1906
1862
1926
1873
1922
1872
1938
1888
1927
1891
1912
1887
1944
1898
1928
1896
1968
1937
1947
1898
1901
1884
1925
1903
1947
1945
1949
1978
1977
1980
1966
1984
2000
2006
1966
1997
1998
2038
2003
2016
1987
2021
2004
2054
1996
2019
1979
2035
1970
2007
1966
1997
1997
2049
2006
2021
1988
2024
2031
2060
2049
2088
2103
2133
2095
2117
2115
2143
2156
2163
2153
2146
2145
2165
2179
2160
2168
2181
2195
2180
2162
2148
2148
2122
2119
2093
2091
2088
2108
2086
2114
2067
2073
2046
2078
2044
2065
2046
2109
2090
2110
2064
2115
2098
2127
2087
2101
2040
2075
2049
2082
2023
2073
2046
2085
2077
2104
2084
2133
2122
2142
2131
2119
2123
2151
2150
2137
2135
2175
2180
2172
2184
2148
2202
2206
2232
2211
2250
2208
2276
2214
2226
2147
2196
2139
2183
2106
2145
2102
2167
2100
2124
2058
2112
2090
2122
2068
2111
2091
2158
2116
2156
2138
2153
2165
2181
2149
2146
2129
2141
2166
2131
2153
2146
2176
2151
2138
2102
2132
2090
2133
2077
2097
2044
2095
2021
2067
2007
2059
2017
2085
2050
2103
2075
2122
2098
2154
2115
2166
2136
2194
2165
2164
2133
2152
2138
2161
2117
2131
2122
2120
2148
2135
2134
2144
2174
2180
2227
2215
2268
2286
2330
2295
2309
2302
2327
2288
2317
2246
2260
2231
2268
2207
2234
2173
2201
2142
2147
2094
2116
2089
2117
2083
2079
2026
2080
2083
2091
2050
2090
2120
2154
2156
2168
2162
2212
2206
2200
2194
2163
2174
2176
2171
2152
2159
2147
2188
2181
2196
2187
2220
2221
2231
2205
2227
2182
2216
2173
2184
2139
2157
2130
2163
2117
2135
2113
2166
2126
2151
2118
2141
2110
2130
2086
2104
2073
2119
2107
2119
2103
2131
2133
2175
2147
2152
2122
2113
2110
2097
2075
2046
2040
2039
2025
1993
2006
1987
2049
2023
2046
2038
2090
2094
2160
2121
2158
2137
2190
2109
2132
2061
2102
2077
2116
2059
2082
2047
2101
2085
2078
2016
2056
2031
2041
1986
2006
2013
2039
2048
2054
2043
2072
2082
2063
2075
2030
2034
2011
2024
1980
1983
1955
2041
2018
2069
2027
2084
2061
2113
2065
2093
2045
2093
2049
2081
2017
2038
1989
2041
2000
2026
1993
2048
2020
2062
2067
2062
2065
2075
2059
2043
2010
2015
2025
1991
2014
1982
2024
2022
2055
2031
2068
1992
2038
1962
1976
1890
1921
1885
1907
1831
1858
1801
1879
1871
1942
1911
1985
1979
2059
2035
2077
2037
2091
2057
2058
2042
2019
2034
2051
2025
2002
1978
1957
2006
1994
2016
1986
2027
1996
2010
1958
1989
1941
1993
1933
1943
1889
1943
1921
1970
1911
1944
1905
1972
1936
1994
1977
2001
2009
2055
2033
2056
2048
2098
2087
2074
2069
2058
2082
2103
2100
2078
2101
2071
2111
2084
2102
2064
2103
2068
2079
2014
2041
2004
2064
2023
2049
1995
2038
2029
2050
2006
2028
1993
2028
1992
2019
2004
2020
2031
2056
2049
2065
2052
2078
2108
2103
2129
2146
2164
2160
2150
2111
2119
2107
2136
2118
2126
2119
2165
2159
2204
2174
2192
2169
2213
2169
2185
2152
2179
2168
2187
2147
2165
2154
2187
2175
2176
2155
2185
2191
2193
2172
2180
2164
2180
2177
2140
2123
2100
2104
2090
2101
2054
2076
2061
2119
2071
2100
2060
2106
2099
2143
2089
2145
2147
2206
2181
2209
2168
2208
2199
2200
2166
2187
2183
2206
2235
2223
2233
2232
2247
2232
2224
2173
2207
2181
2214
2173
2203
2181
2236
2205
2255
2205
2252
2229
2263
2203
2241
2204
2227
2192
2228
2186
2194
2179
2236
2227
2222
2236
2256
2267
2270
2273
2261
2262
2234
2262
2193
2206
2166
2213
2154
2203
2132
2175
2139
2167
2106
2136
2096
2142
2131
2167
2134
2195
2205
2233
2183
2197
2205
2224
2235
2211
2191
2206
2216
2174
2191
2138
2166
2133
2155
2096
2114
2069
2138
2098
2149
2106
2174
2154
2217
2187
2203
2158
2213
2198
2221
2175
2219
2196
2204
2202
2182
2191
2220
2219
2203
2209
2148
2204
2192
2234
2198
2242
2233
2319
2284
2329
2279
2355
2334
2367
2282
2286
2235
2268
2244
2265
2244
2299
2294
2288
2287
2250
2237
2218
2201
2160
2146
2105
2167
2127
2174
2115
2168
2139
2203
2194
2249
2208
2283
2264
2290
2222
2272
2228
2258
2223
2224
2184
2219
2214
2223
2215
2191
2233
2240
2255
2234
2248
2247
2278
2227
2261
2198
2260
2226
2259
2192
2248
2201
2264
2230
2274
2234
2294
2283
2327
2320
2300
2294
2298
2299
2286
2277
2259
2317
2289
2320
2293
2352
2318
2360
2325
2370
2299
2346
2300
2321
2254
2297
2241
2273
2235
2248
2227
2285
2284
2312
2324
2298
2331
2348
2367
2329
2335
2319
2333
2269
2294
2223
2284
2251
2319
2266
2326
2287
2343
2295
2326
2283
2334
2316
2329
2319
2287
2282
2300
2330
2321
2316
2278
2319
2268
2263
2157
2172
2106
2137
2096
2142
2076
2135
2115
2172
2136
2198
2197
2233
2229
2213
2200
2226
2240
2231
2244
2189
2240
2211
2241
2184
2220
2195
2244
2171
2185
2122
2160
2097
2101
2007
2026
1996
2015
1986
1985
1976
2009
2024
2016
2028
1999
2043
2048
2075
2041
2059
2019
2071
2038
2069
2019
2063
2035
2082
2083
2109
2099
2141
2138
2152
2144
2160
2152
2134
2122
2092
2104
2086
2112
2086
2131
2080
2134
2114
2156
2124
2157
2132
2155
2148
2153
2108
2127
2128
2139
2122
2119
2143
2128
2146
2107
2108
2097
2156
2135
2149
2087
2128
2120
2148
2112
2137
2136
2175
2184
2186
2169
2183
2206
2198
2196
2153
2163
2160
2202
2170
2195
2183
2218
2201
2202
2153
2185
2190
2227
2195
2185
2194
2215
2241
2214
2214
2202
2241
2193
2203
2135
2158
2133
2175
2126
2145
2108
2141
2130
2144
2122
2136
2127
2155
2149
2123
2147
2134
2175
2132
2145
2112
2139
2082
2111
2040
2071
2027
2078
2010
2054
2032
2049
2060
2074
2050
2054
2036
2018
2045
2008
2039
2005
2070
2040
2097
2101
2144
2107
2149
2083
2122
2062
2114
2075
2082
2061
2059
2058
2071
2066
2067
2083
2055
2117
2073
2114
2068
2132
2106
2170
2103
2142
2102
2174
2114
2159
2114
2150
2179
2177
2175
2160
2163
2179
2152
2085
2092
2022
2079
2039
2069
2015
2059
2020
2045
2012
2005
1966
1984
1971
1948
1944
1907
1969
1974
2014
1972
2013
1993
2045
2024
2052
2002
2031
2016
2033
1991
2000
1986
1993
1995
1969
1963
1969
1992
1974
2008
1988
2010
1997
2036
2012
2040
2065
2013
2005
1990
2014
2015
2006
1986
1987
1994
1991
2011
1966
1980
1943
1979
1941
1966
1946
1987
1999
2055
2039
2060
2048
2054
2091
2066
2074
2036
2072
2054
2065
2004
2041
2016
2073
2031
2061
2027
2085
2104
2130
2110
2122
2139
2174
2173
2160
2195
2169
2228
2168
2198
2141
2212
2160
2215
2150
2167
2129
2172
2108
2121
2079
2049
2050
2027
2019
1996
2029
2029
2073
2030
2096
2071
2150
2137
2184
2135
2183
2174
2202
2182
2182
2164
2192
2171
2129
2141
2089
2123
2090
2115
2084
2118
2101
2145
2131
2141
2136
2184
2180
2184
2178
2151
2167
2151
2163
2121
2127
2101
2125
2091
2099
2057
2103
2095
2100
2079
2092
2117
2124
2161
2120
2151
2150
2210
2199
2230
2181
2220
2198
2247
2203
2226
2201
2197
2199
2164
2145
2123
2148
2122
2144
2088
2129
2094
2164
2106
2153
2127
2179
2185
2192
2167
2187
2207
2224
2204
2193
2232
2207
2278
2224
2269
2229
2266
2222
2240
2166
2178
2144
2157
2087
2083
2061
5835
2162
2136
2131
2145
2122
2102
2072
2057
2035
2027
2017
2002
2000
1997
1996
1991
1999
2017
2031
2018
2014
2024
2024
2036
2007
1988
1957
1967
1969
1962
1957
1953
1943
1959
1983
1981
1988
2000
2004
2007
2010
2005
2025
2026
2017
2016
2009
1983
1951
1927
1918
1913
1907
1911
1898
1890
1881
1887
1891
1896
1907
1925
1916
1917
1918
1918
1906
1906
1902
1910
1898
1885
1881
1880
1876
1870
1876
1881
1883
1881
1884
1879
1889
1893
1919
1941
1963
1973
1973
1963
1957
1941
1925
1914
1915
1892
1883
1875
1893
1892
1903
1902
1886
1891
1891
1882
1895
1896
1908
1914
1936
1958
1994
2017
2022
2010
2008
1987
1987
1994
1986
1970
1956
1945
1948
1943
1945
1939
1951
1950
1953
1967
1987
2005
2014
2031
2039
2034
2045
2055
2049
2040
2041
2049
2034
2017
1998
1977
1933
1884
1844
1803
1761
1727
1707
1687
1669
1660
1675
1703
1742
1784
1830
1871
1893
1929
1958
1979
1995
2012
2022
2031
2028
2022
2019
2001
1968
1956
1932
1929
1923
1917
1916
1913
1907
1915
1921
1929
1948
1950
1958
1978
1976
1973
1997
2015
2010
1990
1969
1946
1926
1906
1890
1878
1865
1857
1865
1863
1847
1820
1807
1789
1790
1801
1821
1855
1900
1930
1959
1987
2008
2026
2040
2036
2035
2039
2054
2042
2046
2037
2035
2049
2051
2056
2066
2076
2093
2106
2131
2149
2162
2183
2197
2210
2224
2246
2246
2249
2242
2243
2248
2245
2262
2286
2314
2327
2340
2349
2350
2348
2354
2368
2372
2373
2388
2399
2416
2416
2416
2418
2427
2406
2404
2385
2368
2367
2356
2332
2326
2321
2314
2292
2276
2281
2287
2302
2323
2334
2346
2357
2360
2384
2396
2394
2390
2381
2390
2392
2391
2397
2407
2408
2404
2422
2405
2393
2379
2364
2354
2339
2321
2317
2319
2306
2268
2276
2270
2271
2267
2260
2274
2270
2259
2230
2224
2229
2219
2225
2239
2252
2252
2264
2272
2288
2296
2299
2301
2277
2277
2251
2232
2199
2180
2181
2180
2166
2167
2173
2172
2174
2179
2169
2174
2167
2166
2164
2167
2164
2160
2151
2143
2102
2083
2072
2075
2066
2060
2055
2054
2062
2083
2086
2086
2079
2078
2081
2078
2073
2067
2059
2045
2023
2016
2013
2018
2042
2071
2086
2074
2075
2081
2095
2108
2112
2131
2141
2130
2130
2126
2116
2113
2112
2115
2120
2088
2076
2066
2050
2031
2052
2070
2065
2056
2039
2018
2008
2021
2021
2019
2037
2031
2028
2028
2022
2010
2002
2018
2028
2046
2045
2036
2029
2017
2011
2021
2024
2028
2050
2057
2058
2042
2018
1998
1994
1982
1966
1946
1926
1920
1916
1888
1881
1861
1843
1855
1843
1842
1839
1857
1868
1857
1858
1871
1881
1903
1914
1939
1966
1993
2002
2016
2047
2073
2096
2091
2084
2078
2057
2033
2008
1983
1965
1929
1910
1900
1899
1896
1881
1868
1864
1843
1829
1838
1846
1852
1851
1839
1848
1856
1880
1907
1910
1922
1934
1952
1948
1963
1985
1993
1987
1979
1961
1949
1935
1927
1894
1869
1843
1830
1836
1839
1835
1838
1858
1879
1899
1926
1950
1951
1937
1924
1911
1908
1915
1918
1921
1938
1951
1961
1982
1987
2001
1994
1994
1979
1975
1966
1967
1970
1983
2019
2053
2086
2120
2129
2136
2134
2119
2096
2086
2047
2015
1980
1956
1935
1918
1907
1906
1887
1897
1891
1881
1868
1870
1875
1884
1902
1912
1916
1937
1949
1959
1985
2012
2024
2043
2057
2069
2077
2081
2077
2073
2076
2068
2076
2075
2082
2072
2067
2062
2068
2073
2074
2067
2068
2068
2088
2102
2130
2147
2163
2169
2154
2132
2142
2126
2117
2099
2087
2081
2073
2068
2059
2036
2014
1992
1963
1943
1924
1926
1920
1911
1918
1935
1962
1981
1987
1992
2010
2039
2056
2067
2063
2052
2033
2020
1996
1988
1986
1994
2014
2029
2043
2065
2089
2104
2128
2139
2166
2162
2169
2160
2139
2125
2106
2089
2073
2079
2096
2107
2125
2142
2145
2156
2163
2163
2157
2166
2175
2169
2162
2152
2119
2090
2063
2052
2032
2026
2021
2022
2023
2014
2005
1997
2000
1996
1983
1982
1979
1970
1957
1948
1951
1963
1965
1971
1978
1990
1995
1977
1978
1983
1983
1991
2002
2037
2066
2087
2122
2119
2135
2136
2129
2127
2116
2107
2099
2069
2054
2023
2002
1992
1990
1984
2001
1995
1990
1981
1955
1953
1934
1921
1926
1917
1915
1915
1910
1909
1895
1888
1885
1889
1886
1878
1879
1883
1892
1907
1931
1938
1932
1934
1916
1911
1889
1876
1867
1869
1866
1877
1886
1897
1903
1898
1899
1895
1878
1867
1864
1881
1884
1886
1899
1922
1948
1961
1992
2003
1992
1989
1999
2016
2028
2035
2050
2042
2033
2031
2032
2023
2037
2033
2001
1980
1949
1921
1900
1890
1890
1881
1881
1896
1895
1909
1943
1952
1974
1988
2014
2029
2036
2044
2043
2036
2026
2006
1988
1966
1933
1908
1871
1831
1800
1773
1766
1775
1797
1838
1864
1897
1924
1927
1949
1959
1944
1921
1918
1928
1951
1952
1961
2000
2030
2064
2092
2111
2124
2143
2135
2114
2099
2088
2062
2045
2036
2023
2023
2021
2019
2022
2034
2049
2060
2065
2064
2070
2056
2053
2078
2094
2105
2107
2116
2140
2151
2182
2191
2194
2212
2227
2232
2235
2228
2227
2234
2240
2251
2257
2265
2275
2278
2289
2281
2288
2306
2307
2289
2275
2285
2287
2289
2284
2272
2279
2289
2288
2294
2280
2279
2264
2240
2232
2233
2228
2236
2241
2252
2256
2271
2271
2266
2268
2277
2283
2272
2260
2256
2256
2253
2254
2241
2222
2209
2186
2177
2166
2193
2210
2214
2235
2260
2269
2276
2294
2278
2278
2272
2271
2267
2256
2262
2270
2247
2245
2230
2229
2219
2206
2207
2189
2172
2163
2166
2188
2207
2223
2227
2222
2230
2234
2239
2243
2242
2238
2236
2222
2215
2222
2233
2230
2233
2227
2228
2233
2251
2270
2278
2288
2304
2309
2310
2293
2296
2291
2297
2290
2296
2289
2291
2304
2306
2310
2305
2325
2339
2349
2339
2340
2338
2345
2353
2364
2364
2368
2370
2355
2357
2353
2337
2323
2327
2328
2326
2318
2304
2291
2279
2281
2295
2286
2286
2299
2301
2294
2317
2326
2319
2334
2348
2345
2341
2335
2318
2306
2296
2295
2290
2282
2267
2271
2259
2253
2221
2202
2160
2109
2059
2032
2007
1995
1988
1993
1975
1991
2033
2055
2065
2070
2062
2052
2038
2017
1988
1973
1974
1974
1975
1986
2003
2017
2032
2038
2051
2053
2058
2057
2059
2067
2073
2068
2065
2058
2065
2052
2060
2064
2102
2133
2162
2174
2202
2223
2230
2217
2203
2191
2176
2158
2145
2142
2141
2156
2167
2164
2188
2209
2229
2244
2252
2262
2251
2255
2243
2248
2256
2249
2269
2286
2295
2309
2306
2300
2312
2316
2317
2329
2325
2319
2308
2296
2293
2308
2318
2325
2342
2345
2359
2373
2385
2393
2404
2401
2386
2378
2375
2359
2372
2396
2386
2385
2398
2408
2411
2412
2423
2416
2434
2435
2442
2457
2462
2475
2482
2479
2465
2463
2456
2456
2449
2439
2448
2436
2421
2421
2417
2411
2405
2414
2415
2413
2408
2405
2406
2404
2418
2412
2420
2407
2395
2387
2374
2379
2383
2396
2399
2411
2421
2428
2430
2427
2423
2422
2430
2426
2427
2421
2424
2418
2423
2420
2414
2413
2410
2398
2401
2391
2375
2358
2334
2301
2288
2275
2249
2235
2217
2205
2208
2206
2216
2205
2204
2186
2183
2186
2185
2189
2185
2190
2198
2201
2192
2203
2202
2222
2220
2235
2231
2222
2202
2201
2215
2237
2246
2250
2253
2241
2245
2238
2213
2200
2169
2130
2104
2083
1977
1941
1952
1959
1970
1980
1994
2016
2040
2072
2098
2094
2091
2081
2069
2072
2071
2058
2037
2021
2005
1997
1971
1963
1960
1947
1939
1928
1934
1946
1944
1949
1953
1952
1927
1923
1907
1910
1926
1941
1955
1967
1980
1975
1970
1958
1925
1889
1877
1863
1845
1821
1821
1809
1828
1835
1855
1871
1895
1907
1904
1904
1908
1919
1937
1933
1939
1943
1935
1939
1943
1936
1933
1924
1919
1908
1894
1869
1842
1847
1856
1863
1885
1898
1902
1908
1923
1936
1937
1953
1955
1957
1959
1969
1976
1981
1982
1964
1957
1933
1903
1880
1865
1849
1849
1847
1838
1829
1833
1850
1858
1857
1859
1859
1878
1883
1882
1879
1865
1860
1849
1842
1842
1811
1775
1751
1728
1711
1710
1713
1734
1748
1759
1767
1761
1755
1755
1740
1716
1707
1716
1731
1759
1784
1795
1811
1825
1861
1886
1911
1944
1965
1974
1964
1966
1951
1923
1891
1881
1865
1871
1873
1879
1873
1871
1871
1857
1828
1828
1827
1805
1805
1810
1827
1862
1878
1886
1888
1879
1869
1857
1842
1847
1845
1833
1836
1832
1824
1835
1858
1877
1896
1887
1882
1878
1871
1879
1882
1882
1876
1858
1839
1825
1814
1801
1786
1791
1815
1825
1833
1837
1856
1839
1827
1795
1781
1770
1762
1759
1768
1783
1799
1816
1815
1816
1821
1817
1834
1828
1821
1783
1765
1738
1717
1693
1678
1651
1644
1638
1637
1629
1629
1642
1655
1653
1641
1636
1623
1612
1612
1610
1623
1629
1619
1634
1665
1677
1697
1727
1750
1769
1792
1807
1796
1773
1754
1720
1704
1688
1690
1713
1739
1753
1763
1782
1801
1812
1813
1822
1835
1838
1856
1881
1906
1935
1938
1951
1966
1980
1975
1983
1971
1959
1935
1916
1907
1898
1884
1871
1861
1855
1864
1896
1931
1947
1978
2007
2056
2071
2082
2089
2084
2074
2065
2068
2060
2060
2061
2044
2035
1994
1962
1940
1929
1917
1922
1935
1942
1968
1987
1992
2002
1988
1975
1952
1954
1933
1926
1924
1922
1901
1889
1869
1864
1862
1866
1887
1893
1885
1880
1891
1893
1914
1940
1974
2016
2038
2070
2101
2113
2125
2112
2118
2117
2113
2104
2097
2076
2081
2090
2095
2106
2129
2144
2161
2158
2150
2152
2150
2144
2156
2153
2137
2121
2113
2088
2069
2050
2037
2023
2031
2021
2028
2044
2052
2054
2037
2030
2041
2023
2017
2027
2038
2042
2049
2047
2061
2068
2063
2064
2048
2066
2060
2047
2041
2028
2013
1999
1992
1973
1930
1915
1900
1883
1877
1880
1871
1869
1857
1843
1823
1816
1817
1813
1809
1810
1813
1817
1809
1814
1822
1826
1826
1855
1858
1848
1859
1855
1863
1881
1899
1917
1918
1921
1869
1819
1775
1740
1723
1707
1699
1717
1735
1747
1761
1794
1843
1886
1898
1906
1924
1933
1950
1947
1928
1897
1868
1842
1806
1774
1743
1709
1696
1687
1697
1727
1758
1784
1800
1821
1847
1852
1869
1875
1886
1896
1912
1920
1931
1944
1956
1963
1962
1964
1970
1983
1992
1988
1972
1956
1951
1926
1914
1917
1884
1883
1880
1897
1922
1939
1941
1936
1914
1909
1898
1886
1874
1862
1871
1889
1901
1911
1903
1893
1888
1901
1897
1887
1891
1893
1899
1903
1867
1849
1820
1779
1750
1731
1718
1727
1744
1745
1743
1748
1746
1731
1731
1718
1733
1751
1772
1786
1815
1839
1834
1831
1839
1850
1844
1829
1817
1796
1779
1744
1728
1720
1719
1707
1707
1706
1723
1742
1753
1763
1789
1822
1849
1876
1886
1900
1881
1880
1860
1846
1833
1828
1832
1819
1825
1834
1830
1828
1826
1819
1816
1835
1844
1849
1856
1831
1831
1837
1843
1834
1828
1828
1818
1793
1784
1769
1762
1741
1732
1727
1734
1744
1761
1785
1805
1813
1826
1816
1807
1809
1802
1794
1793
1798
1811
1829
1854
1891
1923
1955
1979
2006
2035
2034
2043
2040
2035
2029
2031
2038
2020
2009
2021
2048
2082
2102
2117
2124
2143
2132
2125
2123
2125
2117
2119
2126
2129
2131
2134
2139
2134
2126
2125
2095
2066
2056
2038
2031
2022
2011
2007
2009
2006
1991
1980
1975
1948
1927
1920
1931
1927
1941
1959
1973
1984
1992
1999
2003
2009
2030
2021
2018
2020
2037
2029
2045
2062
2070
2070
2075
2081
2070
2077
2086
2089
2107
2126
2144
2143
2151
2153
2142
2128
2120
2116
2117
2135
2133
2118
2109
2106
2104
2093
2085
2096
2091
2096
2107
2134
2144
2148
2158
2165
2170
2197
2205
2206
2207
2216
2215
2208
2200
2180
2147
2122
2098
2079
2061
2073
2072
2074
2075
2107
2114
2131
2153
2166
2179
2174
2158
2132
2128
2111
2120
2127
2122
2130
2115
2115
2115
2106
2107
2098
2083
2073
2040
2019
2009
1994
1966
1957
1946
1952
1961
1991
1992
1983
1974
1966
1971
1974
1992
2001
2007
1997
2000
2001
2009
2014
2016
2009
2025
2047
2063
2065
2073
2080
2081
2063
2061
2047
2022
2018
2009
1998
1988
1971
1947
1916
1899
1891
1893
1881
1882
1889
1905
1900
1911
1932
1945
1948
1955
1983
1977
1966
1952
1945
1934
1911
1892
1869
1845
1828
1821
1833
1816
1796
1799
1797
1810
1821
1831
1858
1880
1891
1916
1958
1986
1991
1997
2018
2016
2024
2018
2031
2046
2051
2071
2069
2081
2073
2071
2060
2054
2039
2034
2035
2029
2008
1998
1994
2010
2020
2015
2007
1991
1953
1941
1918
1910
1903
1915
1928
1943
1959
1992
2020
2037
2050
2078
2105
2121
2128
2131
2126
2105
2089
2065
2063
2054
2050
2045
2045
2056
2068
2074
2079
2054
2033
2014
1990
1978
1971
1971
1975
1971
1988
2001
2013
2003
2005
2002
1987
1972
1970
1961
1953
1955
1950
1943
1927
1911
1915
1904
1903
1902
1913
1924
1944
1975
1995
2020
2068
2093
2113
2135
2156
2172
2185
2178
2142
2136
2101
2069
2052
2043
2042
2052
2039
2044
2061
2067
2072
2075
2068
2066
2051
2041
2041
2048
2053
2064
2098
2124
2149
2159
2164
2157
2154
2132
2133
2124
2131
2132
2145
2164
2191
2206
2220
2239
2253
2251
2251
2263
2279
2286
2292
2297
2295
2293
2284
2270
2268
2261
2266
2261
2245
2249
2248
2258
2271
2292
2332
2356
2376
2395
2403
2398
2387
2384
2390
2395
2395
2369
2348
2342
2330
2340
2350
2353
2358
2353
2339
2334
2338
2343
2354
2369
2367
2370
2357
2349
2340
2338
2326
2308
2277
2259
2246
2240
2230
2216
2218
2236
2242
2268
2296
2315
2325
2340
2357
2372
2371
2380
2378
2388
2387
2386
2379
2380
2367
2368
2363
2362
2358
2357
2342
2347
2353
2347
2346
2323
2305
2282
2279
2265
2236
2230
2219
2193
2186
2193
2193
2184
2177
2168
2178
2177
2186
2182
2173
2170
2141
2138
2110
2107
2098
2090
2103
2114
2115
2127
2148
2170
2176
2184
2198
2199
2222
2238
2253
2251
2246
2229
2218
2214
2220
2224
2203
2177
2148
2136
2114
2079
2068
2068
2059
2062
2069
2089
2111
2127
2131
2132
2123
2127
2112
2113
2111
2103
2124
2148
2161
2148
2163
2185
2201
2205
2209
2221
2226
2229
2241
2271
2284
2291
2282
2272
2246
2229
2216
2211
2208
2202
2200
2193
2204
2216
2215
2222
2233
2232
2232
2223
2219
2201
2195
2198
2212
2216
2194
2180
2159
2142
2136
2122
2079
2052
2016
1992
1979
1991
2009
2035
2051
2073
2096
2126
2155
2184
2214
2239
2261
2279
2265
2249
2240
2233
2221
2227
2219
2206
2195
2195
2193
2190
2194
2203
2202
2200
2217
2237
2257
2263
2270
2294
2298
2302
2305
2303
2289
2267
2256
2236
2225
2227
2246
2254
2279
2285
2286
2296
2289
2282
2273
2250
2227
2212
2219
2219
2219
2206
2233
2238
2246
2250
2253
2248
2222
2202
2174
2144
2117
2105
2090
2088
2095
2088
2089
2104
2123
2132
2127
2133
2153
2170
2188
2210
2216
2227
2218
2191
2174
2164
2153
2152
2143
2145
2142
2141
2150
2158
2176
2175
2177
2185
2177
2163
2127
2114
2103
2089
2084
2085
2062
2064
2042
2035
2012
1983
1954
1916
1892
1859
1833
1809
1799
1773
1763
1741
1747
1763
1764
1768
1788
1794
1824
1836
1861
1877
1901
1951
2003
2021
2038
2037
2021
2004
1986
1949
1922
1914
1918
1922
1918
1925
1924
1943
1957
1977
1990
2018
2038
2064
2079
2077
2071
2047
2001
1972
1937
1910
1867
1830
1795
1764
1749
1740
1739
1757
1786
1845
1892
1900
1889
1875
1877
1878
1878
1874
1875
1871
1872
1879
1865
1863
1886
1910
1917
1910
1909
1905
1910
1905
1907
1904
1902
1903
1910
1919
1932
1948
1960
1970
1973
1975
2000
2027
2052
2054
2060
2064
2054
2051
2025
2002
1982
1970
1971
1961
1971
1952
1949
1957
1949
1940
1955
1981
1988
1991
1987
1978
1981
1988
1978
1959
1915
1894
1888
1884
1881
1860
1841
1828
1817
1811
1791
1801
1809
1824
1835
1857
1895
1921
1939
1962
1980
1996
2010
2020
2023
2025
2030
2025
2032
2039
2044
2054
2064
2054
2053
2062
2093
2108
2134
2139
2143
2142
2139
2145
2137
2108
2088
2081
2095
2112
2135
2132
2124
2123
2125
2118
2112
2091
2087
2080
2091
2105
2117
2131
2139
2145
2140
2139
2142
2136
2105
2106
2093
2069
2060
2045
2039
2053
2073
2104
2124
2145
2160
2182
2207
2226
2243
2253
2260
2272
2277
2284
2287
2278
2262
2242
2219
2204
2189
2165
2152
2151
2162
2164
2182
2197
2208
2220
2222
2209
2177
2142
2114
2105
2086
2073
2078
2087
2097
2089
2085
2067
2063
2055
2038
2019
2005
2013
2042
2076
2096
2109
2118
2125
2129
2122
2117
2117
2117
2122
2138
2140
2141
2136
2150
2139
2119
2125
2127
2134
2131
2139
2157
2169
2160
2147
2134
2129
2109
2103
2082
2091
2083
2074
2055
2060
2072
2071
2061
2053
2042
2027
2026
2039
2030
2023
1999
1995
1996
1989
2003
2017
2027
2026
2020
2008
1990
1968
1952
1945
1951
1939
1920
1909
1912
1923
1937
1950
1945
1925
1923
1935
1930
1915
1891
1875
1861
1850
1842
1853
1850
1844
1844
1848
1838
1825
1794
1788
1782
1781
1801
1814
1839
1855
1893
1925
1947
1966
1981
1979
1986
1988
2007
2040
2056
2056
2058
2049
2045
2035
1999
1987
1960
1941
1936
1934
1940
1938
1939
1942
1939
1960
1993
2016
2039
2051
2051
2039
2040
2037
2042
2031
2026
2038
2044
2055
2084
2107
2117
2140
2151
2162
2174
2171
2166
2168
2184
2192
2204
2216
2232
2239
2252
2274
2290
2305
2330
2329
2337
2326
2297
2282
2249
2219
2189
2163
2112
2085
2067
2036
2043
2050
2049
2034
2045
2030
2001
1987
1983
1996
2003
2022
2050
2068
2069
2088
2102
2125
2143
2158
2179
2203
2220
2219
2214
2215
2221
2214
2183
2162
2155
2155
2152
2148
2149
2152
2156
2150
2148
2144
2167
2183
2199
2203
2207
2193
2195
2191
2183
2180
2176
2165
2175
2163
2156
2132
2131
2100
2073
2048
2034
2029
2013
1993
1988
1982
1980
1976
1989
2015
2046
2064
2091
2107
2126
2133
2153
2172
2191
2203
2214
2231
2239
2244
2245
2243
2218
2196
2160
2138
2110
2085
2052
2020
1998
1981
1966
1950
1945
1947
1964
1973
1988
1994
2000
2016
2032
2028
2027
2027
2027
2032
2046
2045
2060
2080
2078
2077
2080
2073
2068
2065
2063
2051
2046
2044
2030
2023
2045
2064
2062
2057
2065
2064
2071
2066
2077
2066
2042
2023
1978
1970
1971
1959
1951
1967
1963
1976
1969
1964
1965
1962
1965
1978
1981
1984
1993
1977
1954
1941
1939
1938
1937
1922
1903
1889
1882
1889
1912
1935
1956
1974
1977
1975
1993
2003
2011
2000
2004
1986
1952
1907
1878
1855
1835
1814
1815
1803
1799
1791
1796
1805
1824
1846
1881
1904
1941
1964
1979
1997
1998
1996
2004
2010
2008
2007
1988
1979
1960
1946
1950
1964
1966
1975
1973
1992
2011
2035
2059
2085
2086
2087
2090
2082
2084
2078
2071
2064
2072
2093
2094
2106
2106
2107
2102
2094
2103
2109
2114
2106
2113
2111
2108
2119
2125
2120
2112
2115
2109
2122
2118
2107
2109
2115
2121
2135
2156
2148
2146
2156
2146
2126
2130
2129
2144
2160
2185
2210
2234
2253
2264
2257
2235
2218
2194
2170
2141
2131
2104
2109
2107
2120
2120
2126
2152
2170
2177
2181
2182
2192
2197
2201
2218
2222
2226
2219
2218
2221
2206
2189
2175
2176
2178
2172
2172
2165
2186
2184
2209
2230
2239
2233
2230
2221
2220
2207
2187
2179
2182
2156
2154
2155
2138
2125
2120
2107
2100
2094
2105
2137
2164
2173
2192
2191
2194
2210
2226
2244
2227
2223
2229
2236
2236
2230
2234
2231
2225
2202
2169
2148
2137
2137
2121
2120
2105
2101
2106
2105
2114
2122
2108
2098
2098
2088
2086
2068
2055
2037
2033
2021
2019
2002
1978
1978
1988
1986
1995
2007
2026
2043
2057
2066
2063
2051
2040
2046
2054
2045
2032
2015
1987
1979
1963
1959
1964
1962
1965
1953
1946
1937
1930
1895
1880
1850
1814
1808
1813
1821
1853
1867
1883
1897
1928
1934
1947
1942
1935
1920
1901
1897
1902
1895
1887
1861
1855
1853
1835
1818
1817
1826
1843
1854
1867
1864
1875
1883
1905
1915
1904
1913
1914
1919
1928
1928
1932
1940
1945
1958
1973
1991
2005
2020
2045
2061
2073
2095
2105
2121
2129
2138
2140
2148
2160
2152
2148
2153
2140
2130
2125
2124
2129
2138
2144
2160
2164
2161
2165
2189
2202
2215
2231
2236
2232
2213
2174
2156
2153
2151
2159
2165
2167
2163
2155
2163
2155
2135
2126
2131
2128
2133
2138
2138
2162
2179
2193
2202
2215
2223
2220
2223
2201
2182
2153
2143
2137
2117
2099
2087
2097
2106
2108
2117
2119
2114
2110
2114
2105
2125
2140
2177
2202
2239
2263
2282
2283
2294
2285
2282
2286
2275
2270
2267
2269
2290
2309
2330
2337
2350
2342
2323
2315
2288
2280
2260
2257
2238
2220
2195
2183
2167
2147
2121
2082
2037
2003
1977
1942
1906
1903
1900
1895
1882
1910
1923
1922
1932
1962
1975
1987
2021
2041
2030
2009
1998
1992
1984
1974
1977
1995
2007
2021
2031
2037
2037
2057
2076
2080
2091
2088
2078
2063
2058
2056
2075
2075
2073
2072
2074
2076
2080
2092
2115
2130
2126
2121
2102
2098
2080
2049
2027
1990
1967
1941
1912
1915
1926
1937
1963
2005
2034
2043
2053
2070
2082
2071
2061
2044
2032
2016
1999
1971
1962
1957
1957
1983
2034
2060
2097
2127
2153
2160
2173
2206
2221
2226
2243
2244
2240
2226
2214
2212
2227
2239
2235
2242
2256
2263
2267
2274
2262
2251
2242
2239
2217
2208
2178
2166
2173
2180
2176
2185
2194
2208
2219
2224
2235
2235
2239
2266
2276
2297
2301
2341
2356
2368
2380
2375
2360
2349
2322
2303
2266
2226
2193
2156
2137
2116
2102
2099
2107
2114
2122
2127
2145
2152
2153
2161
2186
2192
2190
2175
2169
2163
2183
2203
2212
2211
2215
2214
2219
2223
2226
2200
2185
2156
2145
2121
2102
2092
2097
2092
2095
2110
2136
2159
2169
2194
2203
2214
2215
2210
2201
2198
2192
2191
2164
2140
2136
2140
2137
2144
2152
2171
2167
2180
2193
2202
2213
2217
2226
2258
2263
2265
2263
2254
2247
2231
2218
2199
2182
2160
2149
2147
2143
2165
2185
2205
2216
2239
2270
2275
2281
2270
2249
2238
2213
2177
2152
2142
2135
2120
2101
2076
2065
2070
2085
2093
2094
2104
2114
2126
2123
2118
2120
2112
2101
2115
2125
2134
2151
2178
2187
2190
2190
2185
2169
2151
2143
2137
2128
2135
2145
2153
2155
2166
2179
2157
2158
2147
2146
2138
2131
2130
2121
2090
2080
2072
2069
2081
2090
2102
2119
2135
2134
2128
2132
2142
2145
2134
2119
2111
2093
2089
2090
2101
2088
2086
2073
2076
2064
2045
2021
2011
2005
2011
2013
2022
2038
2048
2064
2091
2098
2120
2140
2166
2199
2192
2206
2227
2243
2255
2243
2235
2213
2188
2171
2154
2152
2152
2181
2187
2186
2182
2190
2167
2152
2129
2116
2082
2082
2066
2059
2049
2043
2038
2043
2057
2079
2095
2100
2093
2086
2087
2070
2066
2074
2064
2055
2042
2035
2030
2023
2034
2039
2029
2008
1997
1987
1998
1980
1994
2016
2042
2055
2085
2108
2124
2144
2167
2188
2195
2198
2194
2182
2166
2137
2095
2062
2039
2040
2029
2006
1996
1999
2009
2035
2048
2055
2058
2064
2075
2101
2129
2137
2154
2148
2148
2143
2131
2113
2100
2101
2087
2091
2081
2084
2084
2104
2124
2131
2152
2160
2171
2183
2215
2219
2216
2217
2195
2188
2182
2173
2151
2121
2077
2057
2046
2033
2027
2021
2013
1999
1976
1957
1947
1951
1954
1969
1972
1988
2012
2031
2051
2073
2088
2108
2116
2126
2122
2099
2082
2063
2039
2027
2007
1992
1977
1953
1926
1910
1897
1904
1905
1901
1897
1871
1845
1823
1817
1804
1800
1788
1774
1758
1780
1793
1798
1778
1778
1758
1731
1702
1685
1685
1681
1687
1697
1704
1705
1710
1729
1755
1766
1757
1752
1743
1719
1717
1679
1654
1647
1660
1677
1705
1741
1772
1779
1790
1800
1812
1826
1837
1857
1868
1856
1856
1844
1843
1840
1845
1854
1866
1856
1859
1864
1881
1905
1928
1946
1950
1949
1963
1969
1961
1958
1957
1961
1963
1979
1984
1989
1985
1967
1938
1939
1931
1937
1948
1973
1997
2030
2052
2070
2085
2071
2061
2058
2045
2047
2044
2039
2031
2029
2033
2045
2052
1987
1977
1971
1996
1996
1978
1949
1928
1922
1910
1903
1872
1850
1849
1851
1863
1881
1893
1888
1892
1906
1921
1919
1935
1940
1939
1965
1970
1985
2007
2019
2044
2071
2092
2097
2108
2090
2063
2056
2048
2018
1989
1970
1966
1956
1964
1978
1998
2007
1990
1978
1968
1953
1933
1935
1929
1937
1935
1932
1924
1923
1918
1927
1937
1956
1982
2027
2056
2097
2114
2120
2116
2118
2097
2072
2055
2035
2008
1981
1957
1941
1922
1893
1890
1895
1909
1915
1922
1911
1885
1869
1859
1843
1842
1826
1825
1829
1843
1863
1871
1889
1917
1939
1945
1954
1965
1966
1967
1941
1939
1919
1896
1885
1868
1833
1818
1802
1797
1799
1817
1844
1862
1880
1884
1916
1933
1944
1970
1982
1995
2036
2049
2067
2067
2061
2051
2031
1995
1983
1977
1975
1967
1968
1958
1962
1964
1974
1997
2017
2046
2049
2043
2028
2004
1967
1941
1922
1902
1876
1873
1886
1902
1916
1932
1955
1963
1968
1978
1955
1938
1927
1926
1920
1919
1901
1875
1861
1853
1880
1898
1910
1931
1928
1930
1920
1915
1911
1899
1884
1859
1841
1829
1820
1831
1839
1838
1859
1881
1886
1901
1915
1928
1950
1962
1959
1947
1952
1957
1947
1935
1916
1904
1895
1888
1888
1889
1891
1899
1880
1861
1841
1831
1818
1807
1780
1768
1761
1757
1743
1724
1696
1681
1651
1629
1613
1619
1627
1616
1597
1601
1591
1588
1595
1609
1607
1615
1618
1617
1624
1617
1639
1633
1628
1629
1628
1633
1638
1632
1629
1641
1645
1654
1655
1641
1653
1652
1667
1688
1689
1675
1673
1674
1669
1647
1631
1630
1624
1621
1628
1637
1647
1670
1687
1700
1705
1719
1719
1745
1763
1793
1826
1860
1869
1886
1888
1898
1895
1898
1892
1894
1893
1909
1928
1947
1958
1971
1963
1961
1957
1941
1926
1896
1864
1834
1809
1777
1754
1747
1765
1756
1755
1752
1763
1765
1775
1788
1815
1832
1855
1853
1870
1876
1892
1900
1913
1929
1917
1895
1880
1878
1871
1863
1858
1867
1867
1849
1863
1884
1893
1905
1916
1910
1896
1899
1918
1932
1921
1924
1925
1918
1902
1881
1871
1865
1875
1888
1902
1913
1929
1942
1965
1982
2002
2013
2018
2016
2003
2010
2034
2042
2038
2035
2019
2011
2013
2012
2010
2000
2000
2006
2014
2019
2005
2020
2031
2038
2044
2034
2045
2059
2085
2094
2111
2127
2133
2140
2174
2188
2184
2194
2207
2216
2220
2224
2238
2246
2249
2232
2225
2208
2192
2186
2172
2144
2151
2165
2166
2161
2151
2136
2131
2123
2124
2099
2094
2087
2101
2105
2110
2116
2111
2099
2094
2084
2062
2044
2025
2022
2019
2023
2041
2050
2060
2079
2102
2115
2113
2130
2142
2159
2155
2155
2162
2163
2147
2143
2139
2142
2149
2155
2175
2207
2222
2245
2280
2300
2286
2277
2243
2229
2194
2173
2158
2137
2120
2119
2123
2125
2139
2147
2133
2120
2115
2107
2097
2099
2102
2116
2145
2158
2170
2173
2183
2169
2177
2181
2192
2190
2196
2184
2175
2155
2145
2134
2149
2118
2101
2097
2091
2078
2069
2063
2057
2035
2040
2054
2071
2084
2098
2090
2088
2104
2114
2118
2132
2146
2150
2154
2158
2155
2157
2155
2133
2125
2113
2093
2111
2115
2103
2106
2105
2118
2134
2158
2188
2219
2246
2274
2293
2310
2329
2348
2360
2375
2375
2374
2365
2352
2332
2311
2295
2266
2233
2225
2199
2171
2147
2132
2122
2121
2119
2105
2094
2089
2099
2107
2114
2125
2129
2139
2141
2169
2200
2227
2253
2256
2272
2277
2275
2279
2259
2238
2235
2237
2228
2235
2240
2258
2265
2272
2273
2257
2261
2264
2266
2250
2237
2226
2212
2202
2189
2168
2150
2152
2171
2170
2173
2162
2151
2156
2143
2131
2110
2103
2071
2066
2060
2057
2083
2098
2099
2097
2115
2130
2137
2140
2139
2125
2101
2073
2047
2028
2001
1994
1984
1983
1987
1997
2015
2051
2076
2120
2144
2169
2190
2186
2189
2180
2167
2151
2129
2109
2086
2087
2072
2077
2079
2089
2087
2061
2032
2010
1988
1990
1980
1978
1980
1990
2012
2036
2056
2075
2079
2079
2070
2053
2041
2004
1988
1963
1954
1947
1954
1957
1978
2013
2036
2052
2057
2060
2063
2052
2050
2030
2013
2007
1997
1991
1987
1989
1990
2002
2013
2041
2043
2053
2055
2052
2031
2018
2017
2032
2018
2019
2020
2023
2025
2039
2034
2018
2001
1999
1983
1959
1928
1907
1884
1861
1840
1829
1812
1814
1812
1830
1856
1884
1913
1945
1974
2004
2038
2061
2074
2064
2062
2062
2060
2068
2068
2059
2056
2055
2040
2013
2011
2011
2008
1995
1987
1979
1971
1979
1970
1947
1946
1933
1917
1925
1934
1936
1928
1926
1927
1949
1972
1997
2007
2031
2051
2063
2085
2094
2104
2106
2095
2108
2106
2112
2127
2136
2132
2129
2120
2117
2102
2097
2086
2079
2062
2059
2065
2062
2069
2081
2076
2076
2071
2075
2073
2065
2065
2051
2029
2011
1982
1989
2001
2004
2009
2008
2010
2008
2024
2035
2042
2072
2092
2107
2121
2154
2166
2180
2169
2167
2154
2140
2141
2137
2131
2137
2142
2155
2165
2173
2171
2172
2164
2155
2147
2132
2129
2129
2144
2142
2133
2146
2150
2169
2171
2179
2190
2199
2192
2176
2161
2150
2133
2107
2080
2065
2051
2050
2048
2054
2068
2079
2094
2095
2095
2100
2103
2108
2109
2114
2122
2138
2172
2176
2187
2200
2223
2227
2242
2234
2243
2253
2269
2287
2306
2305
2303
2300
2282
2267
2261
2242
2218
2198
2191
2180
2190
2193
2200
2212
2233
2248
2256
2255
2264
2267
2248
2246
2217
2195
2179
2184
2182
2194
2202
2222
2254
2277
2299
2314
2322
2326
2317
2326
2322
2307
2301
2278
2245
2231
2209
2200
2168
2154
2132
2110
2085
2079
2081
2082
2097
2112
2133
2148
2189
2195
2196
2198
2201
2204
2194
2188
2185
2179
2179
2154
2142
2129
2133
2121
2115
2091
2072
2071
2067
2064
2078
2098
2131
2149
2164
2176
2190
2195
2185
2184
2175
2153
2123
2105
2091
2095
2091
2097
2111
2130
2129
2149
2166
2185
2188
2203
2218
2235
2246
2261
2281
2306
2318
2330
2348
2336
2310
2285
2276
2262
2268
2256
2254
2253
2255
2235
2228
2209
2189
2163
2148
2124
2112
2091
2080
2071
2080
2071
2084
2097
2115
2146
2183
2207
2214
2222
2227
2222
2209
2211
2192
2184
2180
2182
2189
2195
2213
2219
2223
2237
2244
2257
2254
2245
2224
2217
2207
2209
2203
2201
2211
2224
2228
2233
2245
2254
2264
2262
2278
2280
2299
2306
2311
2318
2319
2311
2308
2289
2284
2290
2303
2303
2319
2321
2348
2352
2359
2352
2357
2367
2358
2346
2331
2327
2317
2297
2265
2246
2236
2237
2238
2262
2278
2294
2311
2331
2352
2364
2366
2362
2342
2339
2317
2293
2290
2288
2287
2307
2305
2315
2332
2349
2345
2350
2350
2335
2334
2326
2322
2316
2320
2313
2315
2310
2308
2300
2297
2293
2280
2247
2206
2154
2116
2069
2047
2052
2074
2103
2131
2163
2184
2190
2197
2222
2246
2266
2272
2281
2271
2272
2274
2285
2273
2273
2261
2260
2227
2203
2186
2175
2139
2115
2071
2036
2022
2011
2004
1981
1973
1969
1982
1995
1989
1991
1994
1995
1992
1985
1996
1995
2008
2026
2043
2049
2052
2043
2054
2068
2072
2065
2071
2080
2104
2124
2142
2153
2163
2150
2147
2140
2138
2133
2124
2124
2124
2121
2125
2131
2123
2120
2119
2122
2109
2123
2145
2156
2162
2179
2178
2165
2158
2144
2121
2108
2110
2120
2126
2130
2145
2136
2134
2124
2118
2116
2105
2112
2129
2136
2146
2144
2158
2180
2207
2215
2209
2207
2197
2196
2200
2199
2203
2197
2216
2233
2241
2237
2223
2210
2196
2194
2187
2192
2201
2201
2213
2232
2241
2247
2239
2245
2247
2218
2194
2178
2180
2176
2169
2173
2187
2184
2174
2166
2164
2144
2120
2098
2102
2106
2094
2091
2083
2098
2109
2112
2104
2093
2083
2062
2041
2030
2033
2019
2022
2005
1994
1993
2025
2040
2038
2038
2040
2035
2050
2056
2079
2096
2101
2107
2109
2110
2109
2099
2068
2040
2019
2007
1990
1975
1960
1963
1973
1987
1997
2033
2067
2086
2084
2111
2114
2111
2092
2086
2083
2081
2084
2093
2107
2121
2134
2155
2163
2165
2180
2176
2174
2162
2134
2095
2073
2052
2032
2001
1986
1984
1983
1978
1973
1967
1963
1955
1930
1919
1915
1937
1963
1977
1974
1981
1983
1991
2001
1999
1985
1969
1946
1934
1910
1897
1897
1906
1912
1929
1936
1948
1976
1990
1996
1991
1993
1993
1982
1990
1992
1990
2013
2027
2049
2054
2060
2063
2064
2048
2020
2002
1996
1973
1969
1963
1885
1872
1883
1926
1969
1995
2002
2009
2043
2047
2056
2063
2073
2078
2082
2073
2051
2029
2019
2013
2014
2013
2011
2025
2042
2064
2073
2078
2080
2078
2083
2104
2128
2149
2161
2169
2189
2205
2215
2213
2223
2229
2214
2183
2173
2161
2141
2123
2093
2090
2061
2063
2051
2049
2043
2037
2013
2005
2007
2012
2022
2043
2060
2083
2124
2145
2159
2180
2175
2169
2158
2135
2125
2117
2133
2145
2163
2162
2150
2105
2080
2084
2098
2096
2116
2134
2151
2150
2166
2175
2194
2197
2192
2189
2182
2170
2162
2144
2115
2098
2084
2085
2068
2063
2074
2084
2085
2099
2107
2108
2125
2157
2185
2203
2208
2215
2220
2238
2268
2283
2279
2290
2275
2247
2228
2209
2190
2168
2145
2136
2128
2133
2139
2161
2183
2200
2214
2230
2226
2222
2204
2202
2198
2209
2218
2243
2263
2251
2268
2279
2282
2286
2292
2288
2283
2275
2273
2263
2238
2213
2189
2167
2126
2100
2086
2078
2079
2072
2080
2080
2059
2064
2081
2094
2092
2095
2107
5835
2234
2185
2145
2115
2064
2013
1950
1911
1866
1847
1825
1831
1835
1848
1878
1885
1902
1934
1948
1960
1958
1970
1955
1940
1902
1865
1847
1850
1834
1818
1797
1807
1803
1821
1842
1872
1900
1933
1965
1993
1992
1977
1963
1971
1979
1982
1946
1896
1814
1740
1696
1681
1657
1638
1623
1623
1649
1688
1729
1764
1807
1829
1824
1834
1839
1824
1805
1804
1789
1781
1759
1710
1677
1671
1697
1717
1738
1728
1731
1727
1733
1721
1750
1786
1836
1878
1923
1948
1956
1914
1852
1798
1774
1757
1755
1707
1677
1680
1713
1747
1770
1758
1753
1742
1742
1751
1798
1838
1883
1909
1952
2026
2109
2148
2161
2135
2097
2066
2045
2008
1955
1884
1837
1829
1854
1875
1881
1867
1875
1900
1971
2019
2058
2082
2091
2090
2104
2122
2132
2142
2135
2121
2099
2075
2033
1975
1907
1849
1738
1612
1471
1366
1270
1201
1141
1129
1134
1145
1218
1353
1513
1662
1783
1880
1939
2013
2067
2108
2142
2174
2176
2185
2154
2124
2084
2032
1957
1883
1799
1766
1764
1774
1780
1777
1786
1812
1823
1848
1869
1917
1955
1965
1954
1968
2003
2016
1972
1914
1851
1799
1732
1693
1670
1649
1635
1623
1592
1573
1553
1521
1505
1510
1547
1597
1688
1794
1895
1976
2062
2110
2156
2192
2216
2208
2185
2173
2152
2123
2093
2085
2092
2098
2109
2115
2135
2171
2192
2243
2292
2345
2399
2440
2480
2503
2527
2545
2533
2512
2504
2503
2497
2519
2572
2621
2661
2682
2678
2674
2661
2669
2706
2734
2758
2783
2793
2801
2806
2784
2772
2739
2726
2718
2688
2623
2550
2498
2466
2447
2418
2378
2346
2317
2305
2296
2318
2361
2428
2484
2523
2549
2590
2603
2592
2612
2621
2611
2626
2637
2646
2658
2674
2680
2652
2635
2592
2557
2517
2474
2446
2419
2404
2407
2380
2358
2336
2319
2291
2316
2326
2329
2316
2312
2286
2251
2219
2223
2235
2243
2252
2288
2324
2360
2406
2454
2482
2484
2458
2402
2336
2274
2198
2126
2075
2048
2069
2093
2147
2184
2205
2191
2179
2165
2159
2135
2130
2128
2147
2147
2137
2099
2069
2025
1979
1960
1966
1949
1957
1948
1961
1982
2022
2044
2064
2066
2057
2034
2036
2037
2041
2037
1991
1944
1921
1924
1966
1993
2030
2055
2077
2096
2119
2155
2190
2224
2249
2253
2249
2246
2211
2186
2159
2131
2088
2087
2056
2036
1990
1959
1940
1970
2011
2014
1975
1942
1912
1917
1939
1967
1976
1982
1971
1973
1973
1992
1999
2014
2047
2057
2068
2070
2052
2041
2020
2026
2028
2038
2069
2112
2103
2054
1992
1931
1887
1887
1878
1846
1802
1736
1695
1648
1607
1590
1565
1543
1548
1563
1582
1593
1649
1670
1675
1674
1701
1737
1803
1849
1925
1989
2050
2098
2144
2203
2274
2317
2330
2293
2223
2126
2049
1972
1899
1840
1746
1683
1646
1645
1661
1667
1665
1637
1624
1633
1652
1687
1701
1703
1704
1726
1791
1839
1888
1934
1984
2004
2018
2028
2062
2078
2083
2054
2022
1955
1903
1835
1770
1721
1659
1600
1561
1566
1597
1629
1683
1754
1844
1916
1967
1983
1961
1918
1867
1834
1801
1807
1842
1892
1947
1999
2030
2060
2076
2087
2062
2020
1965
1932
1907
1943
1987
2051
2119
2211
2285
2357
2398
2391
2350
2291
2200
2112
1990
1910
1812
1747
1677
1640
1625
1623
1611
1629
1643
1660
1672
1695
1709
1739
1735
1761
1813
1853
1918
1983
2045
2108
2151
2190
2214
2215
2211
2196
2189
2175
2186
2173
2170
2168
2148
2121
2110
2106
2124
2136
2152
2135
2139
2130
2180
2243
2313
2344
2353
2312
2256
2209
2186
2154
2133
2084
2022
1989
1987
1981
1972
1918
1830
1755
1674
1643
1643
1668
1673
1685
1710
1768
1847
1919
1967
2040
2107
2143
2132
2120
2066
2016
1955
1922
1904
1897
1902
1916
1956
2010
2059
2131
2186
2234
2285
2324
2337
2308
2274
2215
2142
2069
1998
1975
1991
2034
2080
2122
2165
2202
2227
2250
2263
2262
2265
2268
2252
2231
2216
2196
2127
2072
2019
1970
1929
1900
1880
1876
1859
1873
1888
1909
1919
1913
1884
1853
1795
1779
1780
1813
1864
1902
1908
1914
1913
1911
1904
1886
1864
1859
1883
1937
2007
2068
2140
2203
2248
2276
2295
2312
2314
2284
2236
2174
2123
2070
2023
1964
1918
1893
1914
1925
1946
1929
1908
1887
1859
1839
1814
1788
1764
1745
1728
1709
1740
1785
1789
1760
1742
1728
1705
1681
1676
1702
1736
1800
1846
1863
1843
1833
1826
1825
1774
1743
1707
1695
1699
1722
1764
1816
1857
1879
1855
1811
1759
1750
1780
1838
1858
1872
1894
1952
2001
2043
2063
2092
2116
2142
2169
2177
2165
2130
2121
2113
2123
2118
2116
2102
2089
2054
1974
1884
1807
1729
1692
1668
1684
1693
1715
1728
1775
1824
1879
1927
1973
2012
2094
2133
2134
2121
2102
2078
2052
2003
1937
1871
1786
1695
1587
1489
1409
1395
1414
1463
1539
1670
1795
1891
1950
1976
1973
1945
1897
1866
1859
1870
1904
1964
2059
2134
2204
2280
2341
2374
2375
2350
2281
2230
2176
2141
2092
2042
2022
2019
2032
2027
2028
2055
2096
2131
2145
2158
2128
2111
2116
2139
2165
2181
2186
2206
2258
2316
2360
2405
2428
2444
2452
2478
2495
2484
2454
2448
2434
2449
2465
2513
2564
2576
2564
2551
2538
2538
2541
2532
2499
2476
2483
2483
2476
2458
2447
2421
2401
2386
2394
2379
2382
2352
2327
2295
2297
2305
2335
2352
2365
2366
2375
2369
2407
2434
2466
2482
2466
2432
2387
2360
2356
2325
2271
2204
2155
2123
2145
2170
2232
2278
2319
2387
2435
2473
2482
2475
2444
2429
2399
2384
2350
2346
2339
2352
2335
2333
2322
2309
2289
2266
2205
2186
2171
2181
2186
2231
2279
2316
2347
2366
2370
2355
2351
2354
2355
2349
2338
2337
2334
2338
2348
2355
2363
2357
2358
2385
2416
2449
2472
2473
2478
2480
2480
2460
2436
2426
2441
2449
2440
2442
2454
2462
2480
2483
2480
2498
2527
2564
2570
2578
2604
2598
2600
2602
2614
2614
2607
2580
2551
2511
2486
2467
2463
2459
2452
2438
2421
2414
2409
2408
2406
2436
2456
2464
2488
2511
2538
2545
2537
2536
2555
2552
2530
2504
2466
2434
2414
2416
2404
2389
2372
2351
2317
2293
2247
2171
2042
1901
1778
1722
1674
1660
1646
1676
1726
1829
1951
2028
2072
2080
2048
2020
1979
1936
1896
1886
1887
1902
1898
1908
1938
1974
2028
2066
2104
2129
2136
2126
2119
2099
2097
2089
2082
2060
2053
2048
2065
2104
2202
2280
2359
2407
2439
2453
2447
2408
2363
2313
2252
2177
2148
2159
2175
2214
2272
2341
2410
2450
2471
2482
2501
2487
2469
2448
2429
2424
2428
2460
2512
2547
2596
2617
2619
2612
2608
2616
2614
2614
2613
2609
2562
2521
2508
2521
2530
2574
2617
2654
2679
2708
2724
2728
2721
2716
2686
2663
2626
2630
2628
2629
2641
2666
2704
2736
2748
2750
2754
2757
2754
2750
2768
2780
2798
2812
2832
2836
2815
2810
2788
2770
2746
2740
2728
2696
2658
2627
2606
2609
2610
2605
2587
2583
2604
2616
2642
2641
2636
2622
2612
2578
2551
2542
2536
2542
2534
2563
2605
2642
2680
2704
2711
2688
2676
2658
2649
2625
2615
2607
2616
2622
2624
2612
2597
2570
2556
2548
2535
2505
2458
2394
2331
2276
2243
2205
2160
2139
2105
2072
2082
2107
2126
2147
2180
2206
2216
2212
2197
2186
2163
2163
2159
2187
2210
2264
2286
2318
2332
2329
2305
2280
2249
2251
2268
2330
2365
2401
2417
2393
2364
2324
2253
2152
2042
1987
1922
1893
1647
1613
1644
1662
1695
1740
1816
1911
1992
2053
2116
2140
2137
2109
2079
2059
2024
2011
1962
1922
1855
1819
1787
1769
1757
1774
1770
1763
1759
1785
1815
1828
1814
1786
1740
1723
1709
1720
1763
1804
1824
1853
1867
1864
1836
1800
1727
1664
1603
1563
1522
1497
1499
1491
1519
1572
1647
1716
1768
1778
1779
1784
1820
1867
1892
1889
1875
1882
1909
1913
1918
1880
1829
1785
1744
1705
1660
1629
1633
1652
1674
1703
1757
1784
1794
1798
1812
1830
1832
1849
1852
1867
1879
1894
1912
1934
1912
1880
1854
1776
1691
1599
1530
1507
1513
1518
1535
1561
1580
1606
1643
1662
1683
1704
1731
1736
1748
1722
1674
1627
1577
1549
1517
1467
1399
1314
1276
1274
1291
1343
1391
1450
1497
1538
1543
1519
1472
1414
1375
1361
1361
1415
1491
1564
1615
1678
1730
1812
1865
1925
1976
2019
2039
2033
2007
1943
1849
1776
1733
1721
1713
1724
1727
1709
1688
1668
1635
1609
1606
1607
1587
1570
1585
1628
1733
1793
1847
1838
1828
1784
1738
1696
1655
1642
1634
1599
1609
1620
1655
1698
1762
1784
1772
1741
1728
1725
1748
1767
1779
1722
1650
1581
1519
1480
1463
1468
1519
1596
1655
1683
1687
1682
1631
1579
1507
1473
1436
1425
1429
1475
1517
1555
1561
1585
1607
1642
1670
1672
1648
1620
1528
1446
1348
1273
1209
1163
1119
1103
1089
1109
1143
1193
1254
1275
1265
1231
1192
1155
1139
1151
1171
1203
1243
1303
1377
1433
1498
1553
1599
1668
1715
1762
1782
1741
1656
1566
1493
1441
1415
1431
1512
1597
1666
1704
1707
1689
1673
1662
1685
1701
1722
1762
1835
1923
2011
2062
2104
2116
2107
2084
2040
1977
1928
1875
1851
1815
1773
1745
1725
1702
1733
1788
1864
1961
2057
2126
2204
2281
2326
2332
2306
2266
2235
2204
2179
2155
2142
2121
2034
1971
1869
1791
1730
1710
1701
1707
1735
1798
1868
1925
1954
1956
1935
1903
1862
1837
1815
1831
1803
1756
1697
1654
1617
1639
1677
1689
1691
1705
1701
1691
1724
1771
1865
1958
2061
2157
2223
2277
2316
2327
2336
2319
2303
2278
2264
2229
2198
2154
2172
2191
2226
2255
2296
2291
2316
2311
2323
2301
2287
2245
2218
2190
2161
2140
2111
2062
2023
1981
1934
1902
1911
1937
1960
1984
1993
1986
1979
1972
1970
1993
2011
2040
2055
2070
2064
2074
2078
2097
2103
2108
2098
2085
2035
2005
1980
1949
1909
1874
1845
1785
1719
1688
1662
1648
1638
1630
1614
1597
1566
1532
1502
1489
1493
1489
1488
1501
1527
1557
1567
1592
1599
1603
1622
1648
1668
1710
1743
1764
1798
1843
1875
1900
1880
1821
1676
1543
1423
1354
1307
1309
1333
1367
1431
1482
1573
1693
1799
1920
1983
1995
1977
1962
1945
1903
1834
1740
1641
1545
1451
1384
1328
1261
1233
1235
1293
1375
1491
1595
1695
1740
1764
1769
1771
1762
1798
1832
1882
1916
1936
1953
1968
1979
2005
2010
2002
2000
1995
1984
1953
1919
1866
1819
1769
1725
1674
1676
1697
1752
1806
1838
1843
1834
1797
1769
1726
1694
1666
1666
1675
1716
1742
1740
1712
1713
1697
1702
1709
1704
1729
1733
1733
1703
1630
1563
1474
1385
1329
1308
1307
1343
1373
1385
1419
1416
1387
1369
1365
1371
1454
1505
1566
1609
1655
1699
1726
1735
1762
1764
1742
1689
1641
1563
1485
1407
1366
1361
1356
1355
1354
1386
1443
1496
1582
1671
1723
1782
1845
1903
1943
1958
1900
1859
1789
1737
1692
1673
1676
1675
1693
1708
1703
1694
1694
1733
1782
1819
1830
1822
1797
1763
1756
1748
1741
1729
1704
1660
1611
1573
1528
1493
1465
1451
1438
1451
1477
1561
1647
1737
1784
1782
1769
1737
1707
1671
1648
1635
1632
1644
1695
1751
1838
1934
2026
2109
2175
2229
2262
2251
2238
2209
2166
2120
2083
2046
2036
2079
2128
2171
2227
2278
2324
2334
2341
2339
2318
2287
2268
2259
2265
2255
2261
2255
2262
2262
2266
2232
2184
2132
2080
2031
1995
1941
1931
1897
1892
1902
1919
1913
1900
1837
1771
1708
1676
1700
1782
1847
1896
1922
1940
1961
1977
2013
2032
2052
2032
2020
2015
2042
2055
2093
2131
2144
2131
2144
2144
2152
2169
2204
2218
2256
2289
2315
2307
2312
2308
2293
2236
2195
2196
2206
2212
2214
2203
2185
2164
2129
2106
2093
2118
2127
2143
2155
2199
2221
2250
2267
2299
2330
2373
2395
2406
2389
2344
2304
2281
2251
2205
2141
2071
2004
1948
1923
1935
1967
2005
2063
2151
2224
2282
2313
2307
2303
2284
2252
2169
2129
2103
2119
2107
2121
2111
2126
2152
2156
2129
2097
2056
2017
1966
1911
1857
1816
1767
1724
1718
1738
1779
1815
1890
1927
1910
1873
1850
1849
1871
1913
1948
1950
1945
1945
1943
1948
1944
1962
2014
2069
2116
2148
2138
2126
2122
2118
2088
2057
1999
1968
1950
1929
1904
1874
1797
1745
1706
1687
1675
1667
1662
1684
1723
1751
1778
1803
1851
1894
1923
1934
1942
1929
1909
1866
1818
1761
1723
1696
1648
1587
1529
1503
1516
1510
1509
1509
1535
1576
1636
1699
1750
1795
1855
1922
2004
2060
2085
2113
2136
2125
2110
2095
2122
2158
2193
2237
2251
2244
2218
2191
2124
2104
2053
2016
1976
1966
1939
1974
2022
2051
2034
1990
1898
1821
1751
1723
1711
1751
1770
1789
1818
1880
1933
2009
2088
2145
2200
2261
2315
2330
2318
2273
2223
2179
2155
2123
2108
2087
2092
2098
2149
2162
2193
2178
2158
2102
2054
1980
1906
1862
1839
1820
1843
1891
1960
2007
2036
2034
2030
2000
1945
1878
1838
1822
1837
1837
1817
1790
1751
1730
1730
1744
1768
1797
1829
1880
1946
2011
2063
2133
2204
2276
2349
2410
2435
2444
2423
2386
2292
2220
2133
2088
2048
2040
2046
2047
2045
2070
2100
2119
2143
2124
2102
2079
2069
2041
2031
2060
2093
2142
2204
2267
2319
2323
2314
2290
2262
2262
2267
2244
2227
2209
2235
2269
2310
2360
2419
2457
2494
2500
2504
2528
2547
2570
2578
2590
2585
2564
2527
2473
2440
2423
2420
2391
2355
2357
2381
2416
2472
2563
2658
2718
2768
2781
2786
2769
2744
2711
2672
2619
2603
2576
2539
2506
2498
2504
2523
2523
2522
2535
2536
2542
2567
2576
2588
2606
2604
2595
2557
2562
2548
2536
2493
2447
2379
2327
2265
2240
2226
2264
2288
2327
2386
2448
2507
2578
2621
2662
2678
2692
2697
2708
2682
2676
2676
2677
2670
2657
2613
2576
2574
2561
2554
2540
2536
2529
2537
2521
2490
2444
2416
2357
2314
2259
2224
2198
2183
2168
2158
2155
2152
2133
2122
2117
2162
2160
2183
2170
2159
2132
2096
2069
2056
2043
2032
2019
2009
2019
2058
2113
2165
2236
2294
2346
2390
2390
2388
2391
2398
2420
2409
2383
2361
2358
2335
2322
2278
2219
2141
2083
2003
1945
1914
1930
1958
2004
2058
2127
2169
2211
2222
2211
2169
2119
2083
2081
2084
2115
2188
2215
2254
2268
2300
2310
2328
2309
2332
2360
2417
2444
2499
2542
2575
2563
2490
2421
2386
2347
2327
2288
2257
2241
2250
2284
2328
2362
2380
2370
2366
2358
2323
2309
2296
2291
2308
2332
2349
2348
2297
2247
2191
2146
2071
1989
1908
1837
1763
1744
1749
1781
1844
1943
2033
2118
2210
2264
2331
2413
2483
2551
2580
2606
2584
2535
2480
2446
2421
2395
2356
2316
2281
2260
2261
2247
2265
2272
2282
2317
2376
2432
2467
2500
2519
2544
2539
2520
2514
2483
2445
2401
2352
2302
2274
2288
2341
2394
2446
2465
2480
2479
2463
2424
2374
2315
2268
2224
2212
2197
2217
2247
2314
2350
2385
2404
2409
2382
2314
2205
2085
1994
1940
1903
1892
1897
1930
1952
1988
2026
2067
2105
2133
2151
2182
2222
2278
2326
2352
2356
2304
2236
2186
2148
2142
2142
2126
2133
2107
2102
2115
2150
2206
2224
2232
2238
2207
2160
2102
2038
1979
1978
1956
1911
1871
1864
1845
1809
1738
1662
1595
1516
1445
1397
1367
1345
1300
1265
1261
1267
1312
1368
1407
1429
1497
1528
1572
1621
1705
1793
1897
1989
2111
2164
2191
2154
2090
1987
1900
1804
1755
1738
1728
1742
1774
1805
1827
1852
1911
1983
2045
2131
2174
2201
2211
2199
2127
2033
1912
1820
1723
1638
1549
1442
1332
1302
1282
1310
1363
1474
1607
1759
1848
1852
1803
1756
1740
1735
1723
1705
1693
1706
1722
1733
1742
1752
1772
1769
1792
1799
1806
1802
1813
1813
1807
1786
1765
1763
1785
1811
1881
1960
1996
2017
2044
2071
2115
2163
2206
2203
2191
2184
2147
2091
2023
1960
1914
1881
1846
1828
1831
1848
1871
1869
1864
1852
1872
1912
1975
2006
2010
2002
1991
1947
1903
1861
1805
1772
1727
1703
1683
1683
1669
1647
1604
1566
1534
1549
1576
1619
1686
1777
1903
1987
2062
2090
2120
2156
2155
2160
2151
2142
2146
2147
2154
2141
2143
2137
2130
2125
2141
2173
2236
2298
2347
2360
2374
2362
2331
2270
2211
2159
2139
2122
2152
2210
2279
2316
2315
2286
2268
2252
2196
2143
2128
2121
2155
2224
2268
2314
2341
2348
2334
2302
2241
2202
2164
2170
2133
2100
2059
2019
1987
2005
2067
2153
2251
2329
2365
2402
2432
2467
2494
2521
2533
2542
2548
2552
2554
2525
2465
2407
2329
2268
2199
2153
2116
2110
2152
2210
2291
2345
2385
2384
2352
2276
2203
2136
2079
2023
1991
1962
1990
2019
2067
2065
2057
2017
1979
1936
1910
1888
1891
1922
2002
2085
2143
2188
2224
2227
2197
2169
2161
2172
2169
2184
2212
2231
2226
2213
2190
2168
2164
2200
2194
2188
2183
2231
2269
2268
2247
2206
2164
2127
2087
2062
2041
2038
2034
2038
2027
2019
2015
2008
1981
1960
1950
1959
1951
1939
1909
1851
1812
1810
1832
1853
1901
1939
1959
1950
1937
1910
1858
1776
1747
1722
1709
1687
1651
1633
1650
1698
1753
1774
1763
1723
1706
1689
1663
1623
1583
1564
1550
1554
1561
1593
1597
1606
1604
1592
1576
1543
1483
1465
1460
1471
1503
1545
1601
1685
1799
1883
1940
1979
2010
2025
2059
2090
2125
2129
2129
2127
2125
2096
2057
2004
1935
1887
1835
1785
1770
1787
1803
1792
1771
1785
1828
1894
1965
2027
2075
2079
2076
2068
2061
2062
2079
2081
2068
2084
2105
2143
2196
2246
2285
2318
2322
2331
2339
2347
2351
2356
2356
2358
2402
2442
2471
2484
2529
2564
2602
2638
2670
2652
2650
2600
2515
2411
2317
2212
2137
2067
1974
1884
1864
1854
1871
1897
1922
1905
1889
1892
1880
1855
1856
1899
1954
2034
2107
2151
2167
2194
2227
2272
2314
2375
2453
2498
2490
2453
2416
2388
2348
2311
2254
2219
2190
2190
2173
2170
2160
2167
2168
2174
2183
2201
2248
2300
2332
2346
2342
2311
2306
2278
2267
2255
2253
2249
2245
2221
2211
2162
2127
2065
2010
1935
1902
1887
1888
1861
1852
1846
1870
1891
1954
2000
2060
2119
2186
2241
2302
2354
2397
2415
2420
2434
2458
2491
2500
2515
2485
2436
2370
2304
2204
2111
2011
1940
1860
1823
1795
1787
1775
1759
1763
1786
1809
1844
1896
1949
1970
2003
2014
2021
2033
2034
2038
2052
2069
2088
2110
2150
2163
2151
2138
2122
2096
2075
2054
2044
2016
1991
2002
2030
2065
2082
2086
2068
2055
2064
2086
2099
2102
2073
2016
1949
1865
1835
1839
1855
1867
1874
1885
1901
1907
1901
1907
1919
1932
1949
1967
1973
1974
1947
1898
1865
1853
1850
1830
1773
1713
1686
1691
1752
1839
1906
1951
1997
2030
2040
2036
2030
2033
2010
1970
1924
1824
1725
1628
1560
1543
1546
1550
1549
1563
1589
1643
1681
1742
1795
1839
1897
1970
2042
2068
2122
2117
2099
2090
2096
2089
2052
1981
1928
1888
1873
1877
1907
1934
1975
2024
2067
2116
2151
2182
2230
2248
2236
2198
2163
2141
2119
2116
2125
2139
2156
2192
2222
2246
2234
2200
2162
2122
2120
2144
2150
2166
2168
2185
2188
2178
2164
2158
2145
2151
2143
2147
2127
2128
2131
2170
2209
2256
2256
2253
2228
2194
2174
2181
2197
2236
2289
2352
2407
2449
2483
2488
2462
2395
2330
2257
2184
2087
2038
1997
2008
2029
2055
2079
2128
2177
2212
2224
2256
2285
2324
2337
2358
2356
2350
2343
2340
2336
2317
2287
2255
2225
2192
2186
2204
2228
2260
2294
2313
2348
2365
2379
2390
2366
2339
2328
2304
2273
2252
2236
2204
2176
2127
2088
2046
2053
2059
2072
2105
2160
2217
2286
2330
2356
2366
2376
2395
2426
2464
2468
2460
2446
2446
2423
2410
2386
2363
2324
2279
2213
2164
2130
2103
2091
2090
2077
2089
2113
2124
2123
2113
2095
2089
2066
2032
2020
1987
1948
1917
1911
1899
1870
1809
1778
1792
1837
1879
1923
1953
1977
2014
2020
2037
2031
2017
2006
2026
2043
2029
1987
1935
1880
1825
1797
1800
1812
1824
1826
1816
1810
1802
1743
1654
1551
1480
1438
1444
1470
1533
1606
1684
1739
1787
1830
1831
1829
1797
1787
1775
1739
1711
1706
1689
1658
1604
1573
1573
1588
1571
1599
1622
1671
1699
1730
1733
1756
1779
1817
1831
1833
1847
1877
1893
1904
1895
1921
1940
1973
2009
2056
2088
2133
2177
2218
2249
2284
2316
2337
2337
2336
2345
2349
2358
2363
2349
2326
2301
2255
2258
2241
2262
2258
2275
2277
2298
2322
2350
2399
2435
2473
2492
2488
2485
2454
2378
2257
2211
2220
2265
2298
2303
2296
2277
2271
2262
2262
2231
2226
2208
2192
2180
2209
2220
2242
2271
2319
2360
2402
2413
2415
2372
2336
2279
2236
2186
2145
2096
2061
2063
2095
2117
2145
2155
2141
2140
2104
2106
2142
2223
2288
2365
2425
2520
2569
2580
2566
2560
2530
2519
2503
2493
2491
2513
2522
2542
2583
2630
2644
2646
2596
2527
2439
2372
2332
2286
2248
2200
2162
2128
2110
2082
2032
1959
1862
1747
1631
1557
1491
1473
1472
1485
1499
1510
1596
1647
1696
1740
1791
1851
1920
1980
2002
1985
1957
1937
1902
1867
1833
1838
1882
1942
1989
2000
1998
2016
2046
2083
2124
2134
2122
2107
2092
2078
2059
2044
2072
2091
2089
2076
2083
2122
2155
2205
2261
2268
2251
2212
2154
2074
1982
1902
1783
1722
1683
1670
1685
1736
1821
1916
2039
2098
2133
2167
2177
2159
2115
2082
2024
1987
1923
1880
1843
1843
1843
1880
1967
2066
2166
2257
2314
2375
2439
2492
2553
2583
2579
2554
2512
2482
2432
2420
2405
2400
2394
2413
2445
2474
2514
2522
2502
2465
2435
2392
2350
2302
2259
2220
2196
2203
2231
2262
2299
2335
2363
2356
2366
2364
2371
2397
2448
2503
2573
2628
2718
2736
2745
2746
2725
2675
2603
2518
2403
2302
2213
2106
2035
1973
1935
1917
1946
1993
2020
2064
2092
2124
2146
2196
2228
2246
2231
2222
2210
2230
2243
2272
2297
2309
2298
2305
2312
2311
2300
2306
2260
2215
2152
2096
2039
1995
1977
1991
2042
2089
2147
2205
2246
2270
2293
2340
2379
2384
2375
2356
2321
2255
2195
2150
2109
2094
2110
2113
2121
2142
2189
2230
2309
2330
2352
2369
2407
2442
2480
2499
2498
2484
2423
2358
2304
2271
2219
2164
2130
2120
2116
2140
2187
2247
2324
2408
2462
2491
2479
2483
2485
2451
2375
2279
2151
2065
2010
1967
1933
1907
1883
1883
1914
1978
2032
2083
2115
2121
2122
2119
2115
2116
2134
2157
2187
2199
2231
2260
2300
2310
2307
2318
2312
2301
2288
2275
2223
2188
2169
2193
2226
2276
2301
2318
2290
2267
2251
2238
2196
2152
2088
2046
2017
2015
2001
2005
2022
2053
2079
2107
2160
2167
2183
2206
2228
2240
2194
2142
2074
2030
2030
2033
2062
2055
2066
2042
2019
2007
1976
1924
1884
1857
1865
1915
1981
2037
2101
2158
2201
2212
2255
2279
2339
2387
2429
2460
2495
2529
2536
2500
2429
2335
2250
2207
2185
2182
2192
2237
2260
2298
2295
2291
2224
2173
2090
2027
1949
1920
1893
1903
1913
1927
1941
1995
2064
2101
2112
2114
2094
2076
2056
2036
2021
2027
2012
1988
1974
1972
1986
1989
1998
1972
1952
1913
1877
1823
1811
1817
1892
1984
2062
2117
2198
2259
2332
2393
2461
2465
2426
2386
2343
2273
2213
2151
2067
1985
1917
1873
1846
1855
1851
1858
1909
1960
2000
2029
2039
2081
2147
2204
2255
2274
2287
2276
2248
2200
2151
2121
2101
2102
2088
2079
2050
2050
2062
2111
2172
2209
2253
2287
2332
2382
2419
2426
2413
2383
2338
2302
2252
2183
2118
2054
1974
1928
1869
1856
1844
1825
1813
1791
1750
1727
1709
1714
1727
1754
1791
1860
1953
2032
2096
2154
2203
2217
2221
2209
2170
2127
2069
1993
1916
1885
1849
1822
1775
1708
1651
1619
1613
1636
1665
1671
1647
1575
1487
1432
1410
1399
1410
1402
1402
1395
1421
1447
1492
1493
1493
1440
1355
1286
1235
1261
1283
1309
1369
1398
1410
1441
1501
1556
1565
1542
1519
1483
1418
1379
1333
1289
1272
1319
1392
1485
1583
1656
1688
1741
1787
1826
1837
1879
1901
1904
1868
1825
1783
1767
1763
1780
1801
1812
1822
1840
1881
1929
1975
2022
2046
2051
2042
2023
2018
2026
2033
2021
2027
2020
2030
2031
2035
2023
2015
1990
1973
1941
1924
1917
1970
2053
2159
2239
2307
2285
2230
2150
2103
2078
2074
2049
2039
2029
2042
2075
2114
2128
1918
1891
1896
1926
1917
1896
1843
1799
1744
1694
1641
1595
1566
1567
1605
1641
1688
1727
1760
1765
1779
1813
1859
1890
1914
1939
1975
1999
2049
2082
2119
2174
2242
2294
2310
2290
2217
2133
2058
1975
1911
1867
1833
1836
1835
1849
1912
1975
1992
1970
1936
1905
1870
1851
1845
1866
1877
1887
1873
1863
1838
1817
1801
1848
1928
2019
2141
2226
2315
2341
2347
2313
2277
2219
2139
2068
1980
1906
1833
1760
1716
1674
1633
1650
1668
1691
1705
1697
1645
1609
1591
1577
1550
1549
1565
1608
1634
1659
1717
1780
1834
1893
1939
1974
1986
1997
1982
1967
1908
1833
1763
1722
1679
1647
1578
1537
1503
1526
1568
1625
1687
1752
1822
1855
1897
1933
1980
2031
2073
2110
2183
2210
2221
2178
2137
2071
2008
1929
1892
1878
1869
1852
1845
1814
1843
1899
1996
2069
2130
2155
2137
2090
2016
1913
1792
1710
1641
1577
1550
1555
1599
1662
1745
1809
1875
1927
1930
1913
1849
1792
1727
1709
1689
1665
1645
1632
1624
1636
1697
1746
1783
1830
1833
1813
1799
1791
1781
1733
1663
1585
1550
1542
1555
1563
1587
1641
1707
1769
1824
1860
1891
1911
1955
1970
1963
1923
1908
1905
1878
1847
1811
1786
1748
1712
1707
1711
1719
1729
1708
1669
1631
1585
1547
1503
1459
1423
1375
1340
1293
1238
1187
1143
1135
1131
1147
1151
1157
1147
1147
1167
1176
1185
1198
1217
1247
1253
1267
1272
1288
1297
1321
1309
1314
1327
1344
1336
1329
1325
1333
1351
1368
1376
1383
1385
1409
1440
1473
1471
1461
1441
1439
1413
1385
1346
1294
1277
1270
1292
1319
1357
1385
1435
1489
1539
1563
1579
1601
1645
1699
1775
1873
1931
1936
1942
1928
1914
1891
1886
1861
1855
1864
1894
1936
1994
2043
2106
2083
2035
1988
1911
1837
1758
1661
1570
1471
1410
1384
1391
1425
1432
1433
1435
1473
1499
1560
1608
1695
1761
1817
1824
1851
1887
1924
1933
1938
1906
1863
1829
1813
1786
1754
1721
1719
1746
1765
1743
1770
1816
1852
1880
1892
1889
1875
1880
1930
1977
1966
1941
1921
1896
1850
1805
1776
1776
1797
1836
1871
1913
1943
1978
2011
2051
2082
2098
2101
2088
2078
2084
2091
2104
2105
2079
2058
2033
2021
2022
2027
2041
2054
2063
2068
2075
2058
2060
2057
2080
2077
2090
2121
2157
2216
2272
2340
2361
2369
2368
2398
2416
2437
2470
2495
2501
2496
2478
2472
2487
2488
2475
2430
2367
2295
2224
2160
2129
2137
2156
2166
2162
2159
2139
2125
2084
2039
2016
2023
1999
2027
2053
2103
2141
2155
2121
2074
2034
1989
1946
1927
1904
1915
1941
2001
2045
2078
2134
2177
2216
2253
2263
2294
2301
2300
2304
2309
2300
2272
2249
2204
2189
2197
2255
2300
2386
2446
2516
2553
2580
2562
2510
2426
2345
2270
2243
2187
2144
2108
2111
2155
2202
2244
2250
2221
2175
2120
2088
2090
2109
2144
2190
2250
2274
2300
2320
2339
2343
2342
2328
2335
2318
2303
2258
2233
2208
2214
2211
2217
2174
2114
2049
2019
1982
1959
1947
1946
1944
1982
2015
2061
2103
2121
2129
2140
2152
2168
2178
2199
2233
2248
2256
2261
2267
2251
2248
2208
2164
2112
2083
2068
2074
2051
2062
2095
2165
2236
2333
2437
2504
2562
2613
2658
2705
2732
2773
2772
2754
2717
2671
2620
2580
2527
2461
2393
2326
2260
2210
2168
2136
2100
2037
1998
1991
1992
1978
1978
2010
2062
2087
2117
2127
2153
2199
2263
2328
2377
2425
2475
2502
2538
2532
2508
2468
2402
2353
2327
2336
2335
2349
2348
2372
2404
2395
2380
2368
2361
2368
2379
2368
2324
2276
2208
2185
2161
2111
2113
2120
2130
2145
2156
2151
2146
2136
2107
2066
2020
1964
1905
1913
1940
1987
2037
2075
2110
2128
2166
2199
2206
2201
2176
2136
2083
2022
1951
1892
1832
1815
1807
1827
1839
1885
1969
2092
2193
2286
2354
2379
2378
2368
2328
2293
2237
2201
2131
2063
2019
2002
1998
2013
2038
2051
2026
1971
1914
1876
1837
1824
1816
1823
1828
1877
1949
2030
2110
2116
2126
2130
2103
2039
1975
1908
1839
1777
1755
1743
1769
1801
1881
1939
2020
2056
2075
2073
2067
2021
1987
1932
1868
1848
1835
1831
1851
1890
1921
1940
1959
1989
2022
2055
2057
2051
2016
1994
1974
1995
1996
2011
1972
1949
1936
1961
1960
1940
1904
1886
1827
1754
1708
1679
1591
1509
1445
1409
1416
1453
1510
1598
1690
1760
1835
1927
2026
2126
2203
2229
2226
2185
2156
2130
2135
2122
2113
2091
2073
2025
1981
1943
1927
1918
1923
1889
1857
1837
1818
1807
1824
1815
1787
1737
1738
1771
1785
1798
1811
1833
1835
1875
1942
1992
2016
2075
2103
2130
2163
2200
2220
2236
2223
2224
2220
2224
2216
2223
2204
2194
2172
2163
2139
2106
2089
2067
2056
2056
2060
2042
2052
2069
2072
2086
2111
2115
2102
2064
2030
1987
1941
1888
1861
1863
1889
1926
1962
1959
1963
1971
2012
2041
2080
2136
2185
2234
2273
2326
2367
2365
2343
2321
2282
2249
2227
2209
2191
2202
2229
2273
2304
2326
2335
2326
2298
2262
2215
2173
2138
2132
2146
2162
2220
2264
2291
2312
2337
2369
2404
2407
2389
2351
2308
2245
2164
2073
1984
1916
1891
1907
1928
1974
1991
2030
2062
2085
2098
2103
2121
2122
2121
2130
2147
2190
2276
2330
2364
2402
2422
2422
2424
2414
2420
2448
2484
2533
2582
2590
2564
2521
2470
2415
2366
2297
2257
2237
2213
2193
2199
2216
2264
2321
2403
2441
2460
2443
2421
2384
2328
2252
2191
2162
2167
2172
2211
2250
2303
2352
2405
2451
2500
2542
2565
2576
2540
2504
2463
2430
2379
2340
2238
2162
2105
2060
2007
1955
1900
1866
1865
1859
1885
1942
2018
2095
2153
2203
2248
2271
2286
2294
2281
2266
2250
2233
2215
2176
2162
2107
2070
2029
2028
2001
1975
1943
1915
1894
1896
1923
1981
2041
2103
2172
2228
2258
2272
2264
2244
2199
2137
2079
2001
1965
1946
1973
2016
2058
2131
2164
2191
2238
2250
2276
2296
2359
2404
2463
2509
2564
2614
2664
2688
2697
2655
2602
2526
2437
2349
2303
2305
2336
2378
2366
2343
2294
2248
2170
2101
2051
2044
2021
1982
1941
1930
1912
1919
1921
1956
2016
2096
2183
2275
2342
2376
2394
2390
2390
2360
2315
2269
2237
2218
2214
2248
2275
2328
2387
2431
2454
2442
2426
2388
2369
2329
2321
2293
2287
2270
2266
2266
2281
2297
2334
2350
2364
2375
2390
2418
2446
2480
2504
2541
2558
2558
2529
2496
2449
2410
2378
2383
2410
2460
2500
2592
2630
2655
2655
2664
2635
2608
2547
2492
2448
2387
2330
2285
2275
2268
2256
2272
2321
2374
2450
2517
2594
2634
2669
2651
2632
2571
2519
2453
2412
2380
2365
2367
2407
2448
2490
2544
2579
2593
2600
2566
2532
2491
2450
2443
2430
2455
2482
2523
2509
2498
2458
2447
2390
2326
2258
2166
2027
1914
1828
1794
1831
1943
2061
2185
2272
2320
2362
2385
2413
2451
2482
2493
2511
2493
2475
2464
2459
2460
2462
2403
2360
2297
2236
2174
2112
2015
1944
1861
1834
1814
1799
1774
1731
1718
1739
1766
1791
1827
1841
1861
1880
1904
1892
1943
1975
2001
2019
2048
2056
2066
2052
2074
2091
2086
2081
2088
2105
2164
2228
2309
2338
2340
2312
2257
2212
2191
2166
2150
2166
2179
2200
2182
2177
2150
2133
2131
2154
2167
2187
2216
2264
2269
2263
2257
2234
2220
2171
2116
2080
2085
2104
2143
2153
2151
2145
2146
2139
2133
2125
2131
2152
2189
2209
2239
2268
2292
2316
2365
2372
2356
2343
2313
2303
2308
2311
2348
2376
2394
2419
2427
2406
2366
2312
2260
2230
2213
2259
2293
2331
2378
2415
2434
2452
2438
2408
2372
2327
2278
2232
2196
2186
2177
2176
2182
2189
2188
2185
2128
2090
2050
2032
2027
2040
2033
2034
2050
2091
2123
2140
2116
2080
2022
1966
1896
1875
1881
1869
1869
1864
1885
1922
1981
2006
2017
1985
1966
1964
1993
2019
2087
2121
2157
2199
2222
2226
2190
2132
2044
1997
1950
1889
1810
1754
1742
1769
1827
1910
1967
2028
2079
2151
2184
2215
2213
2185
2138
2121
2117
2111
2111
2128
2155
2195
2237
2277
2308
2311
2337
2332
2290
2198
2109
2020
1954
1874
1837
1797
1764
1746
1765
1775
1784
1775
1771
1749
1709
1705
1741
1816
1860
1902
1916
1939
1973
1992
1988
1967
1913
1863
1793
1742
1673
1670
1687
1715
1750
1785
1821
1889
1970
2004
2009
2002
1975
1951
1930
1912
1940
1996
2069
2120
2155
2153
2165
2156
2138
2092
2024
1953
1909
1890
1893
1895
1751
1765
1819
1912
2020
2091
2118
2133
2141
2158
2174
2195
2196
2196
2180
2131
2062
2020
1995
1963
1961
1956
1957
1988
2031
2064
2094
2106
2114
2138
2176
2220
2282
2311
2366
2392
2426
2449
2469
2479
2496
2478
2395
2310
2244
2183
2148
2105
2050
2013
1975
1963
1958
1952
1927
1894
1866
1848
1840
1875
1953
2041
2104
2178
2255
2324
2345
2346
2300
2250
2200
2152
2129
2163
2195
2223
2248
2226
2152
2071
2020
2018
2073
2129
2208
2261
2293
2309
2343
2375
2392
2394
2378
2359
2325
2288
2252
2224
2167
2121
2082
2043
2013
2019
2067
2094
2118
2112
2121
2150
2192
2258
2334
2384
2410
2433
2457
2474
2499
2522
2500
2457
2414
2365
2277
2204
2124
2074
2063
2057
2052
2088
2126
2197
2267
2338
2376
2397
2393
2381
2368
2351
2334
2355
2390
2420
2468
2491
2521
2510
2527
2538
2564
2556
2551
2513
2451
2379
2314
2242
2151
2070
1998
1939
1916
1913
1922
1927
1948
1964
1980
2002
2020
2046
2050
2066
2068
46.97021484
1.662890553
999
