5835
2057
2088
2063
2106
2038
2079
2026
2084
2032
2059
1995
2044
2022
2082
2037
2088
2065
2134
2101
2146
2100
2155
2113
2157
2090
2122
2066
2099
2023
2034
1965
2026
1969
2003
1961
2000
2011
2043
2004
2042
2045
2124
2088
2081
2048
2077
2064
2054
2010
2036
2033
2053
2040
2025
2032
2056
2026
2010
2007
1988
2004
1989
1983
1969
1982
1975
1979
1950
1979
2003
2031
1998
2014
2003
2015
1998
2017
1998
2044
2055
2087
2075
2097
2083
2120
2103
2117
2097
2118
2106
2109
2067
2060
2038
2063
2026
2018
1983
1993
1970
1973
1934
1947
1939
1958
1924
1947
1907
1959
1946
1951
1905
1942
1934
1962
1920
1930
1901
1956
1916
1926
1890
1945
1935
1967
1919
1958
1937
1958
1895
1945
1888
1951
1900
1937
1893
1962
1934
1992
1945
1996
1950
1982
1892
1907
1821
1865
1826
1871
1836
1893
1848
1917
1870
1941
1896
1966
1933
1965
1913
1969
1928
1947
1879
1893
1840
1879
1826
1873
1828
1891
1900
1950
1938
1981
1969
2000
1966
1984
1956
1985
1969
1966
1926
1956
1947
1965
1954
1944
1953
1978
1974
1967
1947
1950
1962
1934
1931
1910
1910
1908
1871
1855
1873
1861
1897
1890
1914
1916
1963
1963
1994
1965
1979
1972
1997
1963
1954
1909
1949
1921
1928
1872
1886
1861
1870
1839
1868
1834
1878
1864
1887
1844
1883
1857
1900
1857
1878
1841
1888
1850
1881
1866
1915
1903
1947
1927
1971
1960
1997
1962
1993
1950
1991
1972
1997
1940
1974
1939
1976
1953
1961
1926
1962
1946
1975
1947
1943
1948
1978
1950
1962
1932
1986
1979
1986
2002
1988
2009
2030
2044
2042
2069
2042
2096
2061
2085
2066
2115
2113
2134
2086
2118
2101
2145
2094
2118
2078
2109
2041
2057
1971
1998
1934
1943
1850
1856
1796
1864
1791
1814
1742
1821
1791
1859
1831
1883
1859
1939
1893
1927
1875
1921
1915
1954
1899
1947
1921
1962
1915
1934
1906
1902
1909
1919
1910
1921
1913
1925
1937
1901
1908
1894
1931
1929
1948
1940
1962
1957
2012
2005
2031
2020
2056
2037
2062
2032
2050
2026
2027
1982
1967
1923
1968
1960
1983
1936
1983
1990
2035
2009
2041
2024
2071
2055
2093
2053
2109
2081
2118
2057
2049
2011
2062
2007
2023
1967
1998
1978
2015
1946
1986
1979
2041
2023
2053
2017
2077
2058
2081
2038
2087
2077
2112
2123
2131
2127
2155
2166
2174
2179
2161
2197
2211
2221
2175
2171
2172
2185
2119
2152
2085
2135
2095
2119
2072
2137
2092
2165
2098
2142
2067
2148
2111
2192
2145
2208
2188
2253
2187
2228
2162
2171
2161
2157
2106
2057
2034
2027
2043
2099
2102
2118
2090
2115
2120
2147
2111
2122
2077
2127
2125
2142
2100
2137
2141
2161
2132
2150
2134
2171
2132
2139
2116
2133
2104
2118
2056
2070
2050
2098
2063
2090
2027
2063
2058
2098
2066
2097
2085
2140
2112
2137
2095
2159
2158
2191
2152
2197
2174
2228
2178
2195
2150
2197
2173
2187
2139
2170
2156
2201
2182
2217
2192
2235
2235
2239
2222
2246
2243
2272
2233
2248
2240
2260
2279
2280
2256
2265
2271
2282
2279
2269
2270
2277
2285
2271
2259
2226
2237
2188
2178
2115
2104
2082
2077
2042
2066
2040
2103
2064
2090
2046
2080
2053
2116
2049
2081
2025
2095
2037
2083
2041
2112
2068
2124
2051
2087
2046
2095
2035
2074
2013
2071
2031
2073
2015
2075
2033
2083
2031
2083
2039
2105
2068
2087
2060
2087
2075
2087
2050
2068
2068
2116
2099
2074
2050
2060
2067
2072
2053
2072
2077
2093
2102
2091
2111
2119
2137
2117
2111
2083
2112
2106
2097
2075
2072
2070
2063
2012
2014
1981
1999
1994
2002
1985
1990
1948
1986
1963
2005
1965
1985
1954
1990
1959
1995
1977
2023
1983
2021
1976
2019
2004
2034
1961
1977
1929
1971
1911
1942
1885
1951
1913
1962
1910
1970
1960
2014
1964
1994
1944
1990
1928
1952
1883
1899
1899
1928
1901
1910
1909
1947
1915
1935
1943
1963
1999
2002
1991
1986
2001
2002
2041
2024
2053
2048
2093
2082
2091
2050
2107
2085
2128
2080
2132
2104
2159
2119
2165
2104
2149
2111
2160
2109
2146
2097
2160
2106
2144
2110
2164
2132
2160
2127
2154
2112
2146
2100
2091
2043
2070
2049
2043
2017
2006
2007
2043
2054
2051
2036
1985
2010
2003
2003
1970
1973
1980
1981
1960
1969
1924
1952
1949
1964
1928
1976
1938
1994
1977
2005
1985
2059
2051
2095
2068
2096
2075
2104
2040
2039
1987
2005
1983
2001
1935
1947
1922
1980
1944
1983
1957
1958
1973
2013
1985
2000
1990
2010
2034
2014
2003
2009
2026
2021
1997
2000
2037
2046
2091
2073
2093
2060
2081
2036
2074
2006
2043
1995
2044
1983
2025
1992
2043
1991
2048
1973
2009
1969
2019
1976
1997
1954
2002
1978
2026
1976
1998
1971
1996
2007
2005
1988
2013
2011
2025
2019
1972
1995
1983
1993
1946
1945
1936
1957
1915
1940
1867
1891
1869
1890
1825
1849
1776
1823
1785
1837
1783
1845
1829
1879
1836
1855
1818
1873
1859
1893
1839
1869
1885
1931
1911
1919
1895
1954
1930
1941
1935
1916
1945
1959
1935
1924
1903
1906
1939
1928
1940
1936
1986
1996
2015
2014
2042
2024
2067
2039
2055
2025
2060
2053
2085
2061
2087
2059
2119
2077
2076
2038
2075
2046
2090
2053
2114
2079
2133
2101
2139
2125
2161
2148
2197
2155
2191
2151
2173
2162
2178
2140
2146
2128
2146
2120
2113
2119
2121
2126
2111
2097
2084
2083
2056
2065
1987
1982
1958
1972
1918
1939
1876
1934
1889
1935
1883
1948
1927
1994
1952
2001
1954
2018
1999
2045
1981
2020
1994
2043
2012
2036
1992
2023
1994
2011
2019
2002
2023
2057
2052
2042
2040
2020
2062
2022
2023
1975
1990
1980
1978
1967
2025
1998
2076
2073
2135
2095
2155
2132
2191
2142
2156
2091
2130
2086
2109
2076
2091
2056
2083
2048
2057
2022
2055
2045
2058
2011
1989
1962
1962
1918
1903
1879
1848
1867
1875
1885
1871
1891
1911
1929
1917
1937
1926
1968
1972
1984
1961
1987
1944
1967
1909
1912
1848
1891
1852
1890
1831
1844
1823
1876
1816
1831
1785
1815
1785
1817
1767
1795
1768
1807
1749
1772
1756
1810
1822
1843
1816
1839
1825
1831
1836
1823
1825
1821
1838
1821
1811
1768
1797
1789
1834
1811
1850
1850
1911
1885
1952
1888
1928
1874
1899
1816
1846
1784
1832
1768
1805
1741
1790
1755
1811
1759
1758
1725
1781
1759
1780
1747
1801
1810
1824
1846
1851
1871
1905
1911
1881
1860
1793
1814
1778
1788
1726
1727
1720
1772
1761
1832
1802
1880
1879
1911
1874
1909
1858
1898
1837
1837
1765
1801
1763
1787
1736
1753
1737
1781
1752
1763
1734
1750
1768
1803
1798
1821
1827
1879
1861
1881
1870
1863
1873
1884
1860
1863
1866
1858
1889
1871
1865
1853
1886
1876
1859
1824
1844
1806
1840
1795
1812
1798
1848
1843
1896
1868
1938
1923
1986
1933
1958
1908
1951
1902
1937
1875
1910
1847
1891
1861
1881
1845
1890
1886
1914
1884
1906
1889
1918
1940
1933
1931
1948
1968
1971
1999
1956
1974
1965
2018
1991
2022
2011
2051
2021
2071
2009
2068
2036
2086
2023
2066
1996
2066
2031
2056
1999
2055
2046
2092
2082
2101
2084
2159
2150
2186
2147
2170
2190
2202
2186
2185
2170
2180
2171
2165
2187
2155
2191
2207
2217
2200
2213
2172
2228
2207
2216
2183
2216
2203
2207
2160
2178
2125
2151
2100
2118
2054
2090
2073
2117
2071
2090
2063
2128
2114
2153
2172
2199
2195
2228
2211
2244
2232
2279
2250
2243
2194
2181
2184
2205
2165
2166
2159
2177
2218
2227
2236
2231
2259
2268
2280
2243
2253
2238
2282
2242
2243
2217
2249
2228
2266
2203
2237
2213
2271
2224
2277
2197
2234
2191
2229
2165
2214
2183
2215
2191
2206
2151
2186
2171
2213
2160
2154
2151
2176
2182
2165
2158
2181
2177
2187
2207
2163
2177
2160
2162
2117
2112
2050
2110
2059
2084
2025
2066
2037
2086
2043
2073
2006
2070
2028
2083
2024
2075
2030
2081
2060
2111
2074
2129
2112
2126
2104
2093
2087
2102
2087
2083
2037
2049
2054
2040
2041
2023
2071
2081
2093
2083
2089
2059
2111
2103
2128
2120
2154
2139
2166
2124
2143
2100
2161
2125
2150
2108
2145
2135
2172
2123
2122
2084
2128
2099
2121
2069
2085
2068
2120
2082
2120
2099
2114
2111
2124
2086
2084
2086
2120
2088
2093
2074
2052
2063
2042
2026
2021
2016
1959
1957
1891
1902
1893
1941
1929
1940
1907
1956
1949
2008
1982
2035
1997
2049
2002
2014
1943
1980
1940
1974
1917
1967
1936
1981
1967
2022
1995
2044
2026
2086
2078
2067
2036
2039
2044
2053
2035
2025
2050
2041
2077
2033
2052
2032
2063
2028
2046
1968
2022
1987
2026
1965
2003
1971
2033
2011
2066
2024
2103
2084
2128
2072
2143
2123
2174
2150
2156
2109
2139
2108
2119
2099
2073
2051
2068
2046
2048
2032
2041
2083
2079
2080
2046
2059
2044
2057
2025
2044
2009
2048
2019
2030
1973
1966
1897
1918
1872
1873
1829
1848
1818
1842
1821
1843
1809
1862
1840
1847
1804
1834
1801
1813
1793
1812
1800
1843
1843
1871
1877
1882
1893
1908
1896
1883
1851
1853
1821
1780
1748
1700
1707
1704
1700
1673
1708
1688
1754
1729
1763
1714
1796
1795
1834
1779
1810
1770
1829
1786
1804
1753
1787
1767
1811
1756
1793
1755
1821
1764
1797
1757
1755
1735
1743
1705
1716
1699
1713
1758
1747
1761
1765
1816
1824
1829
1817
1842
1806
1849
1796
1802
1736
1766
1681
1692
1611
1634
1603
1674
1632
1693
1689
1751
1756
1819
1798
1843
1829
1885
1863
1869
1830
1859
1843
1847
1802
1819
1807
1797
1804
1779
1774
1781
1787
1775
1804
1770
1781
1779
1793
1750
1755
1766
1802
1779
1795
1742
1769
1768
1787
1738
1778
1737
1775
1768
1790
1751
1793
1769
1789
1740
1744
1709
1768
1742
1777
1755
1798
1811
1866
1846
1869
1832
1870
1838
1863
1847
1836
1822
1830
1783
1774
1760
1754
1794
1789
1810
1817
1867
1883
1906
1884
1919
1869
1932
1889
1916
1850
1888
1827
1871
1797
1834
1769
1827
1769
1804
1773
1817
1798
1839
1794
1826
1779
1829
1803
1799
1737
1735
1720
1721
1669
1666
1651
1636
1674
1658
1656
1637
1694
1703
1737
1707
1769
1764
1840
1807
1840
1807
1855
1833
1883
1833
1885
1858
1935
1874
1920
1870
1929
1902
1937
1880
1930
1926
1958
1968
1975
1932
1943
1934
1949
1908
1908
1923
1943
1973
1971
1993
2014
2050
2044
2063
2022
2040
2037
2067
2042
2061
2020
2040
1986
2010
1959
1982
1951
1960
1919
1944
1915
1967
1965
1993
1968
2016
2007
2057
2044
2083
2042
2097
2090
2106
2091
2096
2083
2105
2080
2088
2043
2076
2053
2065
2030
1999
1988
2021
1995
1985
1984
1967
1989
1980
1965
1939
1961
1964
1973
1896
1903
1847
1903
1867
1899
1864
1929
1911
1980
1938
1975
1937
1990
1930
1959
1896
1922
1899
1953
1888
1925
1863
1914
1933
1952
1927
1939
1921
1951
1903
1900
1896
1885
1910
1913
1912
1910
1942
1915
1960
1910
1951
1927
2005
1973
2001
1958
2007
1981
2042
1991
2051
2018
2088
2060
2090
2046
2090
2071
2138
2081
2113
2104
2146
2146
2148
2134
2127
2141
2116
2086
2098
2054
2098
2105
2126
2114
2128
2103
2160
2142
2151
2118
2179
2179
2192
2157
2171
2140
2170
2117
2124
2080
2139
2109
2151
2109
2128
2122
2183
2158
2179
2143
2171
2159
2177
2116
2115
2063
2090
2080
2076
2059
2070
2086
2101
2080
2098
2106
2106
2137
2137
2149
2130
2168
2165
2166
2126
2149
2115
2153
2110
2136
2102
2166
2142
2180
2112
2139
2099
2152
2091
2143
2080
2102
2070
2116
2061
2086
2047
2092
2086
2092
2072
2099
2092
2130
2106
2126
2145
2163
2186
2171
2161
2155
2172
2130
2169
2121
2166
2154
2199
2150
2149
2067
2131
2077
2119
2066
2131
2099
2175
2170
2216
2179
2239
2210
2238
2183
2222
2216
2233
2239
2214
2202
2215
2224
2224
2231
2197
2216
2204
2220
2202
2231
2229
2259
2234
2252
2207
2234
2210
2231
2192
2222
2175
2230
2189
2232
2185
2228
2211
2247
2234
2251
2194
2214
2189
2201
2158
2179
2174
2191
2165
2184
2173
2218
2213
2239
2232
2207
2192
2215
2203
2189
2151
2132
2155
2141
2136
2124
2153
2179
2177
2139
2153
2096
2131
2106
2111
2078
2098
2075
2136
2099
2131
2104
2171
2141
2172
2160
2200
2189
2247
2211
2236
2204
2255
2218
2230
2180
2195
2176
2209
2143
2182
2162
2182
2169
2168
2152
2162
2170
2203
2216
2187
2200
2178
2204
2176
2191
2160
2178
2140
2191
2141
2207
2164
2225
2180
2238
2168
2195
2149
2179
2091
2125
2071
2102
2085
2108
2061
2114
2095
2145
2087
2094
2068
2087
2083
2069
2028
2034
2046
2046
2076
2043
2040
2021
2043
2023
2025
1974
2031
1993
2008
1958
1987
1982
2016
1966
1986
1941
1984
1956
1978
1914
1951
1935
1994
1968
1975
1939
2006
1983
2011
1995
1998
1967
2002
1963
1960
1920
1948
1931
1940
1925
1918
1933
1966
1963
1979
1987
1969
2007
2023
2022
2001
2001
2029
2059
2032
2053
2023
2061
2037
2043
1992
1992
1958
1999
1938
1946
1879
1923
1882
1921
1864
1904
1863
1912
1853
1882
1841
1879
1881
1931
1905
1962
1962
2007
1967
1987
1971
1980
1988
1971
1930
1927
1928
1893
1914
1877
1865
1832
1837
1798
1785
1743
1771
1730
1782
1698
1731
1692
1733
1683
1715
1655
1712
1693
1767
1710
1776
1765
1861
1865
1929
1895
1965
1966
2030
2027
2031
2030
2057
2061
2055
2030
2049
2029
2023
2028
1989
1982
1974
1987
1944
1937
1873
1908
1899
1937
1915
1963
1966
2003
1968
1997
1938
1973
1931
1969
1897
1931
1899
1968
1983
2028
1991
2040
2031
2087
2064
2085
2062
2110
2079
2083
2022
2040
2037
2059
2036
2046
2031
2075
2024
2012
1955
1935
1913
1907
1848
1835
1838
1848
1874
1867
1860
1886
1893
1871
1841
1813
1822
1834
1862
1831
1832
1828
1855
1838
1863
1801
1822
1791
1805
1735
1757
1739
1803
1772
1831
1805
1876
1867
1922
1899
1944
1907
1959
1901
1923
1853
1891
1836
1862
1851
1878
1862
1902
1877
1874
1851
1818
1838
1844
1850
1861
1892
1913
1936
1903
1927
1870
1911
1855
1874
1821
1854
1801
1864
1818
1874
1819
1906
1880
1962
1940
1979
1944
2003
1970
1991
1942
1970
1981
2003
2001
2007
2014
2061
2074
2081
2078
2034
2062
2034
2023
1955
1946
1883
1912
1862
1873
1840
1888
1892
1916
1895
1950
1946
1999
1957
1983
1945
2003
2003
2046
2024
2065
2056
2106
2074
2094
2070
2103
2089
2125
2090
2110
2101
2162
2126
2105
2101
2105
2096
2112
2070
2074
2062
2066
2077
2069
2050
2044
2065
2079
2096
2055
2083
2067
2105
2063
2068
2027
2056
2042
2082
2030
2067
2019
2089
2023
2063
2000
2045
2020
2056
1995
2037
1995
2035
2014
2027
1994
2017
2021
2037
1989
1995
2004
2020
2060
2043
2044
2036
2076
2045
2095
2036
2066
2059
2114
2052
2078
2015
2074
2030
2069
1987
2028
1986
2045
2011
2064
2010
2081
2058
2103
2044
2097
2084
2137
2120
2141
2107
2142
2139
2170
2165
2131
2116
2120
2141
2135
2136
2153
2174
2152
2164
2115
2144
2137
2156
2130
2151
2090
2150
2130
2155
2121
2174
2153
2183
2165
2188
2148
2193
2163
2195
2145
2188
2163
2214
2200
2231
2209
2263
2253
2281
2264
2265
2247
2275
2254
2272
2244
2266
2305
2311
2313
2312
2332
2355
2349
2344
2350
2344
2383
2375
2366
2348
2362
2319
2358
2310
2340
2322
2366
2331
2335
2308
2350
2336
2381
2339
2383
2349
2415
2373
2400
2338
2380
2339
2388
2334
2387
2358
2403
2383
2401
2377
2418
2399
2419
2405
2393
2387
2389
2412
2405
2394
2395
2395
2383
2416
2360
2371
2349
2396
2365
2402
2331
2377
2343
2406
2349
2399
2363
2437
2412
2448
2406
2458
2423
2471
2417
2452
2387
2433
2401
2426
2373
2408
2394
2416
2417
2400
2393
2424
2426
2424
2410
2390
2422
2414
2414
2384
2389
2393
2404
2384
2402
2363
2402
2394
2414
2380
2378
2343
2389
2363
2383
2329
2362
2324
2328
2304
2325
2298
2332
2294
2308
2274
2329
2319
2359
2318
2335
2309
2339
2282
2312
2272
2290
2308
2332
2295
2295
2270
2317
2330
2335
2335
2335
2345
2348
2327
2330
2335
2321
2347
2328
2346
2337
2376
2344
2375
2305
2334
2290
2347
2279
2293
2231
2251
2207
2246
2177
2218
2181
2244
2181
2219
2170
2214
2199
2242
2177
2190
2161
2159
2152
2148
2123
2136
2132
2125
2095
2080
2103
2081
2098
2060
2066
2059
2081
2029
2068
2019
2064
2042
2077
2033
2077
2052
2127
2108
2159
2107
2177
2155
2222
2181
2190
2147
2203
2171
2206
2163
2204
2183
2208
2182
2201
2181
2212
2195
2189
2173
2139
2158
2159
2142
2128
2120
2137
2145
2148
2159
2122
2142
2145
2155
2136
2151
2111
2152
2126
2153
2119
2161
2174
2227
2191
2208
2168
2218
2173
2182
2125
2150
2144
2170
2125
2152
2142
2202
2176
2197
2165
2167
2158
2199
2158
2178
2145
2152
2148
2126
2088
2094
2094
2098
2065
2054
2056
2066
2096
2095
2097
2114
2152
2132
2183
2128
2147
2113
2140
2097
2105
2043
2099
2070
2125
2073
2130
2089
2146
2078
2100
2032
2087
2067
2112
2066
2110
2096
2151
2153
2181
2153
2180
2173
2200
2191
2172
2188
2199
2224
2190
2187
2172
2190
2174
2209
2154
2173
2150
2191
2135
2146
2076
2121
2088
2141
2114
2167
2156
2219
2188
2205
2149
2190
2164
2179
2137
2153
2108
2147
2119
2119
2079
2126
2097
2093
2041
2026
2025
2051
2029
2031
1995
1985
2019
2017
2013
1998
2018
2044
2049
2029
2025
1992
2033
2040
2036
2010
2032
2005
2047
1998
2026
1997
2051
2024
2037
2004
2039
2014
2060
2003
2044
1998
2048
2007
2046
2002
2034
1984
2029
1981
2030
2001
2005
1986
1996
1978
1983
1968
2004
2017
2006
2034
2035
2106
2121
2142
2134
2163
2124
2167
2104
2122
2054
2093
2048
2099
2025
2081
2048
2116
2067
2114
2044
2085
2044
2074
2003
2027
1986
2027
1981
2026
2013
2059
2063
2090
2076
2092
2083
2087
2107
2055
2027
2003
2030
2013
1991
1957
2002
2004
2053
2016
2055
2044
2084
2052
2101
2049
2096
2081
2150
2105
2151
2131
2173
2152
2170
2138
2172
2159
2190
2165
2178
2144
2177
2168
2187
2142
2152
2113
2152
2132
2131
2109
2137
2125
2132
2113
2099
2098
2103
2103
2083
2062
2091
2100
2090
2089
2066
2067
2086
2086
2052
2058
2002
2052
2029
2050
1999
2038
2030
2060
2017
2059
2025
2100
2071
2112
2065
2129
2104
2167
2096
2118
2058
2124
2054
2071
2038
2060
2061
2129
2095
2126
2094
2112
2138
2117
2090
2080
2076
2070
2032
1985
1981
1923
1935
1881
1893
1849
1873
1828
1886
1818
1871
1827
1917
1869
1931
1892
1941
1921
1988
1944
1982
1948
1992
1953
1960
1940
1974
1982
2021
1980
2011
1994
2007
2019
2023
2014
2023
2021
2025
2033
2006
2005
2003
2021
2003
2001
1997
2002
1990
1997
1977
1999
1983
1998
1973
1994
1959
2004
2009
2051
1995
2000
1995
2043
2016
2042
1997
2031
2024
2043
1976
2008
1958
2011
1963
1979
1926
1977
1967
2001
1969
1984
1984
2037
2005
2038
2022
2071
2107
2129
2114
2119
2119
2141
2123
2100
2091
2054
2088
2077
2090
2070
2094
2063
2142
2099
2149
2091
2154
2144
2177
2156
2189
2144
2218
2162
2213
2153
2220
2167
2205
2150
2196
2157
2220
2194
2243
2224
2231
2242
2265
2238
2239
2221
2242
2220
2171
2173
2131
2156
2136
2128
2090
2100
2069
2111
2050
2063
2026
2081
2050
2093
2033
2080
2057
2118
2056
2086
2046
2107
2105
2138
2095
2073
2088
2054
2069
2015
2059
2016
2041
1993
2040
2006
2027
2011
2043
2024
2085
2063
2087
2067
2118
2104
2147
2115
2139
2116
2166
2145
2180
2171
2180
2188
2221
2196
2206
2192
2231
2207
2200
2176
2171
2173
2186
2155
2133
2095
2058
2072
2042
2046
2003
2005
1992
1998
1945
1964
1922
1979
1950
1990
1951
2032
2015
2081
2027
2073
2034
2119
2067
2119
2056
2079
2044
2077
2009
2030
1969
1983
1987
1989
1957
1975
1982
2000
1958
1971
1990
2010
2047
2025
2012
1994
2024
1979
2002
1924
1945
1891
1920
1869
1885
1831
1856
1790
1824
1774
1829
1799
1864
1834
1881
1840
1890
1899
1939
1897
1918
1908
1939
1932
1955
1928
1945
1941
1970
1956
1934
1915
1917
1922
1932
1919
1938
1925
1924
1944
1951
1971
1992
2011
2011
2023
1993
2018
1993
1983
1953
1975
1987
2024
1974
1997
1958
1995
1968
1979
1918
1970
1933
1977
1935
1948
1896
1966
1936
1992
1937
1959
1923
1984
1943
1980
1945
1975
1987
2009
1981
1975
1955
1982
1933
1913
1904
1883
1897
1867
1847
1819
1820
1782
1847
1817
1852
1822
1876
1826
1842
1814
1865
1827
1900
1849
1911
1871
1947
1905
1949
1913
1947
1918
1972
1921
1936
1885
1870
1860
1856
1843
1854
1873
1925
1938
1921
1933
1911
1940
1934
1949
1941
1971
1929
1979
1912
1950
1907
1949
1906
1934
1882
1910
1855
1907
1831
1855
1808
1839
1835
1871
1834
1880
1890
1944
1904
1935
1905
1935
1921
1941
1901
1899
1876
1863
1843
1805
1783
1790
1793
1793
1779
1784
1801
1820
1845
1827
1846
1882
1905
1882
1898
1862
1886
1877
1875
1841
1850
1841
1920
1922
1964
1944
1998
1989
2012
1983
2003
1966
2011
1973
1987
1927
1974
1941
1986
1936
1935
1896
1934
1884
1906
1854
1846
1814
1839
1792
1800
1779
1824
1811
1827
1835
1847
1888
1931
1920
1936
1947
1924
1977
1946
1952
1939
1983
1980
2012
1946
1977
1919
1990
1928
1964
1908
1977
1951
2001
1947
1998
1969
2028
1971
2031
1989
2039
2034
2094
2049
2101
2092
2123
2138
2132
2123
2140
2140
2137
2103
2080
2080
2055
2058
2031
2037
2024
2034
1975
1992
1924
1924
1898
1926
1889
1900
1850
1897
1887
1947
1935
1973
1964
2005
1992
2010
1969
2002
1959
1980
1924
1940
1925
1977
1950
1984
1959
2005
2007
2051
2043
2051
2034
2069
2068
2088
2071
2115
2103
2130
2130
2142
2150
2171
2171
2175
2175
2146
2196
2208
2213
2173
2179
2164
2161
2077
2073
1994
2036
1992
2020
1962
2020
2011
2080
2033
2072
2032
2118
2079
2125
2074
2111
2080
2125
2066
2095
2020
2040
2036
2032
2019
2049
2056
2100
2082
2083
2093
2071
2098
2076
2077
2058
2095
2060
2088
2033
2054
2029
2080
2058
2096
2064
2134
2098
2165
2091
2133
2090
2144
2090
2116
2035
2076
2047
2106
2050
2082
2056
2110
2109
2130
2103
2141
2138
2163
2169
2152
2164
2196
2203
2202
2189
2202
2208
2195
2194
2170
2176
2177
2178
2146
2155
2076
2101
2079
2087
2047
2070
2070
2104
2082
2103
2076
2140
2143
2194
2172
2232
2220
2274
2249
2251
2221
2260
2246
2264
2219
2237
2211
2240
2200
2211
2169
2182
2187
2214
2197
2225
2212
2236
2194
2194
2186
2155
2172
2166
2144
2121
2110
2080
2112
2077
2079
2038
2072
2054
2042
1999
2001
1954
2013
1947
1975
1913
1979
1947
2002
1932
1959
1926
1987
1929
1962
1931
1964
1939
1983
1932
1972
1949
1991
1959
1951
1948
1947
1957
1950
1938
1948
1954
1950
1985
1956
1976
1971
2021
1999
2036
1974
2012
1962
2019
1957
1999
1961
2031
2025
2056
2000
2052
2032
2083
2035
2103
2072
2107
2099
2120
2089
2123
2100
2114
2093
2086
2058
2075
2076
2076
2078
2078
2118
2143
2154
2160
2172
2178
2180
2173
2186
2148
2172
2157
2158
2140
2136
2102
2132
2083
2075
2010
2036
2015
2017
1997
2024
1994
2057
2031
2071
2034
2096
2067
2102
2056
2083
2045
2088
2043
2063
2004
2023
2014
2053
2025
2057
2048
2113
2098
2106
2088
2089
2108
2136
2122
2129
2140
2145
2192
2178
2186
2169
2204
2167
2189
2129
2162
2111
2179
2125
2183
2136
2211
2183
2248
2200
2264
2232
2304
2253
2314
2284
2298
2305
2351
2325
2356
2329
2342
2378
2341
2334
2313
2314
2317
2308
2282
2300
2262
2314
2275
2295
2262
2306
2273
2335
2279
2314
2276
2343
2304
2349
2312
2358
2318
2354
2293
2333
2302
2344
2325
2343
2310
2341
2346
2368
2335
2348
2321
2334
2330
2315
2287
2294
2302
2307
2308
2278
2282
2303
2323
2310
2308
2323
2334
2324
2331
2306
2311
2307
2324
2298
2314
2269
2308
2286
2308
2264
2304
2288
2322
2281
2286
2235
2261
2227
2228
2169
2213
2186
2235
2201
2238
2208
2273
2259
2301
2275
2291
2274
2311
2287
2302
2260
2266
2286
2278
2272
2276
2273
2294
2296
2268
2278
2241
2276
2249
2260
2222
2235
2179
2222
2174
2213
2182
2261
2218
2272
2241
2284
2234
2294
2231
2264
2191
2255
2212
2243
2212
2240
2224
2272
2214
2235
2194
2190
2195
2184
2178
2166
2196
2208
2223
2188
2213
2194
2247
2223
2240
2204
2230
2205
2261
2198
2226
2198
2234
2171
2207
2142
2178
2161
2180
2114
2143
2110
2160
2152
2185
2143
2166
2158
2188
2154
2178
2150
2166
2153
2157
2145
2174
2191
2218
2217
2196
2196
2220
2219
2203
2205
2200
2233
2235
2248
2232
2224
2222
2227
2207
2238
2195
2221
2183
2201
2176
2216
2194
2252
2220
2240
2167
2214
2197
2228
2195
2218
2172
2233
2189
2223
2149
2187
2143
2156
2110
2119
2094
2131
2093
2101
2084
2075
2097
2114
2114
2115
2119
2138
2146
2099
2115
2072
2096
2062
2069
2035
2075
2034
2099
2034
2068
2022
2105
2062
2135
2075
2128
2086
2166
2109
2147
2098
2151
2140
2170
2111
2116
2075
2101
2032
2031
2008
1991
1998
2001
1990
1985
2008
2016
2052
2012
2040
2030
2062
2045
2038
1969
1993
1945
1973
1915
1928
1877
1922
1872
1915
1864
1904
1885
1941
1895
1943
1925
1976
1979
2011
1979
2009
1999
2024
1974
1930
1879
1891
1892
1875
1836
1860
1855
1871
1888
1889
1893
1921
1936
1922
1939
1930
1980
2005
2034
2022
2052
2083
2115
2084
2092
2060
2123
2106
2128
2086
2119
2077
2104
2067
2076
2027
2084
2061
2102
2059
2088
2051
2113
2070
2102
2072
2097
2071
2111
2079
2087
2068
2115
2072
2085
2069
2055
2055
2041
2008
1988
1991
1965
2006
1992
2029
1999
2059
2065
2089
2066
2115
2056
2116
2062
2092
2029
2096
2046
2109
2052
2075
2034
2110
2065
2111
2095
2116
2111
2144
2102
2133
2105
2147
2128
2090
2049
2028
2043
2027
2007
1989
2018
2019
2054
2004
2027
2004
2060
2037
2086
2026
2067
2027
2063
2012
2043
2005
2066
2054
2077
2025
2075
2065
2115
2051
2078
2046
2087
2081
2100
2063
2084
2052
2074
2067
2057
2034
2054
2063
2067
2045
2059
2072
2087
2098
2072
2048
2048
2031
1996
2008
1972
1969
1963
1984
1977
1991
2005
2051
2039
2068
2033
2080
2061
2089
2058
2078
1992
2016
1955
1958
1883
1888
1810
1839
1791
1807
1771
1810
1791
1831
1822
1835
1837
1883
1911
1933
1922
1961
1983
1983
2018
1995
2006
1999
2001
1953
1978
1924
2013
1989
2035
1977
2022
1987
2049
1987
2026
1985
2063
2027
2072
2024
2078
2043
2092
2050
2081
2020
2073
2038
2062
2058
2060
2069
2099
2089
2102
2092
2096
2143
2119
2139
2125
2149
2130
2133
2083
2116
2080
2154
2122
2159
2115
2170
2119
2184
2127
2160
2106
2160
2097
2145
2123
2164
2139
2188
2150
2191
2149
2199
2169
2164
2120
2102
2083
2080
2039
2027
2002
1973
1987
1940
1915
1885
1914
1920
1947
1915
1931
1935
1992
1978
1983
1985
2030
2042
2086
2031
2056
2035
2088
2058
2098
2066
2112
2094
2128
2084
2120
2105
2123
2077
2090
2040
2080
2060
2082
2027
2046
2011
2042
2024
2049
2021
2044
2019
2024
2002
1978
1939
1937
1923
1915
1901
1878
1901
1868
1883
1846
1854
1856
1889
1841
1881
1830
1889
1869
1916
1857
1914
1888
1966
1925
1970
1911
1985
1957
2003
1963
1987
1965
2042
2006
2045
1995
2056
2045
2075
2063
2085
2100
2131
2110
2119
2138
2098
2149
2125
2138
2092
2103
2093
2118
2059
2089
2031
2092
2054
2065
2018
2054
2018
2077
2039
2084
2050
2135
2103
2168
2116
2146
2123
2154
2113
2129
2095
2141
2146
2164
2151
2162
2168
2191
2138
2160
2165
2149
2159
2148
2074
2044
2088
2082
2079
2054
2057
2074
2092
2099
2103
2104
2115
2149
2143
2127
2123
2137
2118
2107
2071
2086
2070
2111
2080
2110
2090
2120
2109
2139
2080
2106
2075
2115
2044
2074
2002
2053
2023
2074
2028
2092
2089
2154
2135
2158
2116
2163
2137
2155
2107
2123
2148
2166
2170
2162
2147
2176
2186
2166
2175
2116
2142
2123
2128
2090
2116
2077
2156
2088
2119
2050
2092
2034
2066
2015
2072
2010
2076
2027
2070
2039
2116
2093
2144
2111
2145
2106
2161
2115
2125
2089
2058
2055
2062
2059
2062
2057
2072
2094
2084
2104
2063
2106
2092
2094
2047
2067
2023
2076
2031
2082
2057
2117
2107
2168
2125
2166
2123
2186
2115
2138
2078
2105
2092
2120
2075
2079
2067
2090
2019
2024
1999
2000
2000
2007
1980
1991
1993
1990
2012
1997
1993
2018
2053
2052
2030
2014
2013
2017
2033
2005
2007
2006
2017
1991
2019
1980
2027
2031
2063
2013
2008
1955
2003
1966
1979
1926
1953
1937
1980
1957
2000
1951
2012
1988
2034
1980
2012
1973
2007
1991
2014
2006
2057
2043
2059
2008
1966
1937
1925
1919
1891
1879
1903
1934
1916
1943
1891
1929
1915
1953
1909
1950
1879
1931
1883
1919
1860
1913
1880
1953
1904
1954
1878
1939
1886
1893
1807
1829
1805
1859
1823
1841
1800
1864
1837
1855
1855
1841
1859
1875
1875
1860
1838
1826
1855
1811
1813
1795
1850
1864
1886
1860
1896
1858
1921
1903
1943
1912
1968
1941
1994
1938
1984
1947
2009
1958
1999
1985
2000
1991
2009
1962
1964
1947
1986
1974
1987
1976
1995
1987
2004
1969
1992
1999
2011
2025
2027
2040
2043
2064
2085
2114
2071
2084
2051
2093
2069
2072
2040
2056
2015
2057
1998
1991
1930
1966
1912
1927
1848
1863
1817
1866
1808
1836
1789
1838
1839
1891
1850
1894
1907
1965
1925
1958
1950
1985
2024
2032
2001
2009
2009
2004
2014
1976
1970
1945
1955
1911
1891
1850
1891
1867
1921
1847
1891
1863
1924
1881
1902
1840
1913
1868
1945
1887
1943
1905
1962
1906
1925
1858
1902
1858
1884
1848
1857
1826
1879
1891
1931
1919
1978
1993
1995
2018
2023
2028
2033
2051
2035
2033
1986
2017
1974
2000
1941
1943
1918
1931
1880
1913
1861
1912
1867
1905
1839
1862
1799
1833
1775
1792
1731
1800
1778
1823
1798
1837
1848
1910
1880
1905
1862
1865
1858
1858
1826
1811
1794
1825
1791
1810
1804
1823
1839
1840
1847
1875
1898
1899
1943
1924
1926
1929
1954
1937
1934
1912
1935
1914
1930
1883
1893
1885
1911
1875
1875
1812
1827
1791
1811
1762
1796
1760
1811
1784
1821
1765
1795
1773
1824
1789
1824
1787
1845
1836
1862
1822
1850
1825
1838
1833
1827
1805
1821
1820
1825
1830
1803
1835
1821
1844
1814
1834
1830
1868
1824
1862
1803
1857
1819
1862
1793
1826
1743
1802
1747
1775
1701
1764
1727
1769
1731
1769
1748
1822
1804
1853
1806
1807
1819
1831
1802
1789
1777
1783
1753
1713
1715
1683
1726
1720
1734
1731
1763
1774
1844
1812
1854
1818
1863
1822
1818
1775
1787
1747
1810
1772
1820
1791
1840
1796
1815
1764
1781
1764
1797
1749
1775
1758
1777
1752
1770
1742
1761
1765
1817
1790
1788
1745
1730
1707
1701
1661
1649
1626
1620
1628
1622
1621
1656
1702
1728
1772
1756
1781
1796
1838
1830
1847
1867
1924
1922
1964
1918
1949
1941
1978
1911
1949
1891
1956
1924
1966
1912
1964
1960
2004
1962
1995
1951
2025
2010
2054
2023
2071
2058
2070
2029
2008
1976
2013
1986
1970
1963
1965
2003
2045
2056
2062
2094
2093
2162
2119
2140
2087
2130
2095
2125
2078
2113
2057
2130
2080
2127
2075
2142
2081
2113
2051
2090
2035
2105
2064
2110
2075
2098
2110
2176
2155
2184
2158
2214
2205
2175
2158
2130
2138
2126
2104
2084
2081
2044
2097
2066
2097
2070
2111
2102
2135
2085
2113
2093
2172
2129
2150
2111
2163
2163
2218
2176
2198
2183
2247
2217
2271
2248
2280
2269
2297
2246
2267
2265
2298
2296
2291
2262
2291
2281
2307
2262
2271
2270
2284
2299
2294
2274
2274
2284
2279
2271
2241
2251
2258
2263
2234
2219
2178
2203
2169
2167
2111
2130
2101
2127
2080
2101
2046
2096
2067
2117
2072
2138
2132
2223
2204
2247
2196
2266
2245
2301
2260
2271
2240
2273
2258
2287
2248
2280
2292
2286
2272
2231
2236
2251
2261
2237
2263
2217
2264
2252
2272
2239
2300
2295
2330
2272
2301
2229
2305
2266
2303
2218
2262
2230
2292
2232
2252
2202
2256
2205
2231
2183
2173
2140
2169
2134
2148
2103
2106
2127
2125
2116
2128
2150
2175
2160
2155
2178
2159
2190
2159
2165
2142
2163
2148
2207
2168
2183
2134
2170
2139
2133
2087
2070
2009
2028
1977
1985
1934
1979
1946
1983
1957
1989
1979
2032
2011
2038
2021
2025
2033
2073
2062
2071
2045
2086
2084
2081
2065
2077
2084
2096
2071
2064
2065
2056
2079
2064
2066
2059
2097
2089
2111
2045
2067
2051
2110
2052
2070
2053
2105
2080
2137
2097
2153
2129
2200
2134
2172
2102
2139
2081
2101
2023
2059
2011
2022
1980
1970
1919
1923
1889
1880
1834
1810
1824
1832
1845
1830
1837
1857
1886
1875
1923
1896
1946
1931
1959
1906
1931
1890
1959
1928
1984
1934
1988
1965
2022
1979
2014
1974
2031
1990
2008
1940
1975
1940
1963
1936
1954
1923
1995
1981
2024
2012
2018
2032
2061
2062
2048
2034
2036
2023
1987
1960
1914
1943
1946
1936
1915
1942
1922
1964
1943
1946
1910
1930
1911
1924
1863
1879
1860
1898
1861
1885
1851
1904
1905
1951
1925
1960
1957
2013
1968
1997
1979
2024
2022
2034
1974
2012
1981
2019
2012
2011
1988
2014
1997
2004
1942
1939
1933
1952
1950
1931
1900
1883
1882
1835
1859
1825
1861
1866
1908
1880
1907
1860
1910
1867
1928
1860
1902
1888
1953
1908
1945
1893
1965
1945
2011
1959
2019
1987
2038
2003
2017
1962
2006
1968
1979
1918
5835
2065
2091
2114
2132
2123
2125
2126
2135
2147
2153
2143
2135
2120
2101
2077
2060
2037
2022
2003
2003
1993
1991
1991
2002
2007
2037
2042
2060
2069
2082
2086
2089
2080
2084
2080
2067
2043
2038
2045
2044
2035
2041
2033
2025
2003
1992
1984
1969
1958
1945
1951
1964
1979
1990
2011
2005
2005
2011
2017
2009
1994
2007
2014
2011
2014
2031
2067
2091
2098
2109
2122
2133
2133
2135
2141
2132
2101
2088
2082
2069
2055
2056
2041
2022
1994
1978
1952
1922
1911
1899
1890
1879
1870
1883
1887
1881
1875
1883
1899
1926
1947
1956
1951
1944
1931
1937
1950
1955
1965
1975
1974
1977
1979
1970
1967
1958
1947
1936
1914
1925
1929
1931
1933
1932
1926
1915
1904
1886
1850
1827
1809
1789
1766
1765
1781
1804
1828
1847
1888
1916
1942
1955
1972
1987
2001
2009
2004
1999
1985
1963
1945
1918
1888
1854
1853
1835
1845
1863
1892
1912
1937
1966
1986
1985
1985
1977
1972
1969
1988
1970
1970
1980
1983
1979
1988
2003
2003
1989
1983
1968
1972
1963
1951
1946
1937
1935
1937
1953
1949
1943
1951
1959
1969
1971
1977
1965
1963
1974
1980
1979
1981
1980
1975
1978
1979
1973
1955
1928
1909
1887
1881
1869
1854
1835
1834
1848
1865
1879
1889
1906
1908
1907
1900
1886
1875
1868
1867
1881
1879
1884
1901
1915
1938
1953
1972
1972
1969
1956
1959
1955
1950
1944
1947
1952
1954
1958
1963
1958
1970
1979
1984
1966
1969
1963
1953
1943
1933
1942
1960
1972
1967
1976
1979
1987
2011
2027
2046
2064
2076
2079
2085
2102
2107
2129
2135
2135
2134
2136
2135
2148
2146
2150
2147
2138
2123
2100
2086
2068
2024
1988
1944
1907
1881
1873
1861
1853
1857
1860
1849
1838
1851
1871
1883
1891
1912
1940
1959
1967
1972
1975
1977
1975
1977
1970
1964
1967
1959
1946
1942
1939
1945
1949
1962
1978
1982
1979
1992
1987
1990
1988
1985
1999
1993
1997
2012
2025
2054
2085
2104
2109
2102
2088
2083
2078
2058
2034
2028
2003
1989
1978
1984
1985
1987
1979
2003
2007
2010
2033
2056
2078
2087
2094
2112
2114
2120
2098
2067
2034
2023
2008
1994
1995
1993
1968
1971
1973
1979
1995
2005
2015
2037
2059
2066
2055
2058
2071
2077
2088
2105
2124
2135
2155
2163
2179
2200
2217
2231
2242
2256
2263
2242
2240
2217
2197
2191
2181
2170
2159
2142
2142
2115
2099
2077
2074
2069
2081
2086
2109
2151
2169
2193
2220
2245
2259
2263
2258
2247
2221
2189
2151
2131
2104
2093
2085
2084
2078
2071
2062
2074
2086
2099
2104
2110
2112
2129
2151
2156
2150
2151
2170
2195
2192
2173
2170
2185
2192
2201
2200
2206
2190
2165
2146
2128
2111
2107
2101
2102
2092
2093
2097
2110
2127
2151
2164
2178
2198
2198
2193
2187
2172
2158
2164
2168
2174
2183
2188
2188
2184
2185
2182
2187
2172
2163
2156
2159
2167
2165
2157
2192
2208
2233
2249
2274
2280
2274
2273
2295
2305
2316
2322
2317
2322
2327
2331
2335
2342
2357
2364
2355
2346
2340
2320
2324
2314
2296
2266
2255
2240
2210
2181
2145
2119
2103
2095
2078
2065
2066
2062
2069
2084
2104
2106
2111
2102
2077
2060
2065
2060
2045
2049
2037
2052
2067
2068
2067
2060
2046
2046
2048
2038
2037
2040
2031
2043
2034
2040
2029
2032
2044
2059
2060
2061
2044
2050
2045
2042
2039
2046
2061
2076
2064
2070
2070
2089
2098
2090
2089
2100
2114
2108
2111
2110
2109
2108
2113
2109
2100
2090
2067
2049
2045
2043
2036
2027
2002
1982
1979
1986
1991
1992
1999
1995
1986
1987
1977
1985
1986
1987
1986
1991
1991
1989
1992
2008
2026
2029
2024
2018
2017
2016
1997
1987
1972
1965
1944
1939
1933
1932
1931
1943
1953
1967
1987
2008
2021
2014
2003
1991
1978
1973
1976
1970
1962
1946
1943
1940
1943
1944
1935
1938
1937
1943
1951
1954
1970
1975
2008
2030
2054
2062
2074
2099
2104
2112
2118
2119
2111
2111
2130
2131
2139
2139
2142
2148
2163
2177
2181
2194
2188
2186
2180
2172
2170
2162
2157
2158
2154
2158
2155
2155
2155
2162
2160
2154
2128
2120
2090
2083
2082
2076
2064
2052
2043
2025
2012
2005
1999
1988
1984
1974
1967
1956
1926
1939
1939
1939
1939
1947
1956
1966
1960
1967
1973
1971
1964
1972
1987
1999
2008
2017
2026
2027
2052
2050
2040
2029
1999
1974
1943
1924
1916
1901
1882
1899
1905
1925
1932
1950
1955
1976
1982
1990
1986
1967
1963
1939
1925
1914
1935
1936
1943
1949
1962
1966
2004
2029
2053
2069
2059
2053
2035
2030
2024
2004
1988
1970
1977
1978
1978
1952
1931
1917
1888
1873
1852
1845
1855
1874
1886
1900
1907
1913
1921
1930
1920
1920
1923
1939
1957
1978
1996
2010
1989
1986
1983
1992
1984
1967
1959
1971
1967
1949
1929
1908
1872
1836
1800
1779
1758
1749
1762
1780
1798
1808
1817
1819
1836
1830
1841
1831
1834
1833
1830
1851
1870
1872
1879
1895
1910
1927
1944
1951
1947
1944
1931
1917
1897
1884
1874
1871
1858
1858
1871
1868
1897
1903
1911
1928
1947
1972
1983
1997
2003
2016
2037
2039
2029
2039
2044
2059
2066
2078
2090
2082
2064
2058
2048
2041
2047
2054
2055
2057
2073
2075
2093
2110
2141
2144
2161
2169
2150
2139
2127
2135
2127
2115
2108
2096
2084
2079
2087
2091
2101
2105
2087
2077
2058
2057
2033
2015
1980
1955
1939
1942
1941
1939
1904
1893
1876
1873
1879
1882
1883
1901
1914
1926
1931
1943
1953
1960
1975
1989
1982
1978
1978
1976
1992
2004
2002
2018
2025
2021
2013
2007
2019
2023
2016
2001
1993
1975
1975
1966
1944
1948
1949
1978
2006
2027
2056
2073
2107
2139
2151
2158
2155
2144
2134
2111
2097
2079
2054
2045
2049
2048
2043
2059
2058
2046
2031
2020
2016
2003
1971
1936
1906
1888
1867
1858
1848
1855
1857
1872
1885
1899
1912
1928
1932
1951
1957
1960
1971
1991
1992
1986
1963
1934
1909
1889
1874
1869
1852
1838
1836
1840
1838
1841
1826
1822
1818
1810
1811
1819
1840
1821
1810
1809
1795
1789
1782
1794
1805
1815
1818
1811
1821
1817
1815
1799
1787
1784
1787
1775
1778
1771
1782
1792
1792
1811
1842
1855
1865
1885
1912
1916
1911
1887
1848
1816
1779
1751
1722
1717
1713
1715
1733
1736
1729
1727
1735
1741
1750
1752
1742
1753
1769
1785
1797
1825
1839
1862
1883
1870
1840
1810
1779
1759
1733
1721
1708
1720
1729
1761
1797
1838
1864
1869
1867
1879
1876
1848
1835
1810
1789
1765
1734
1701
1706
1704
1716
1710
1708
1709
1705
1711
1723
1743
1747
1772
1791
1820
1831
1825
1838
1852
1843
1849
1852
1854
1836
1849
1861
1852
1849
1843
1847
1862
1856
1837
1825
1820
1816
1799
1800
1803
1824
1829
1842
1871
1902
1930
1942
1952
1969
1949
1937
1927
1923
1899
1876
1869
1862
1859
1864
1870
1876
1873
1875
1867
1881
1889
1889
1899
1906
1923
1939
1955
1953
1964
1953
1962
1962
1986
1993
2013
2023
2050
2068
2080
2095
2106
2102
2098
2094
2083
2063
2053
2069
2066
2052
2044
2035
2047
2059
2077
2093
2106
2134
2147
2151
2160
2180
2188
2181
2184
2198
2207
2211
2191
2187
2193
2195
2205
2204
2204
2221
2235
2231
2227
2228
2218
2202
2206
2186
2161
2151
2161
2172
2164
2154
2136
2117
2111
2101
2095
2090
2090
2098
2102
2119
2143
2151
2180
2204
2236
2253
2265
2276
2268
2272
2274
2261
2243
2241
2238
2235
2231
2228
2224
2226
2245
2258
2278
2284
2307
2320
2327
2329
2326
2330
2317
2299
2288
2275
2268
2260
2254
2262
2268
2265
2262
2265
2256
2247
2235
2212
2191
2168
2168
2174
2180
2186
2192
2183
2172
2186
2187
2196
2210
2223
2219
2213
2206
2206
2209
2197
2180
2174
2162
2137
2113
2089
2073
2053
2027
2018
2012
2009
2012
2028
2031
2039
2055
2059
2048
2045
2035
2034
2038
2049
2068
2067
2083
2099
2105
2109
2125
2115
2114
2108
2102
2094
2084
2051
2030
2021
2003
2000
1997
2029
2036
2048
2053
2060
2064
2085
2110
2140
2166
2197
2195
2200
2190
2178
2177
2177
2163
2163
2160
2141
2137
2120
2105
2095
2101
2108
2097
2095
2096
2100
2103
2109
2111
2113
2116
2105
2107
2102
2094
2099
2124
2123
2122
2118
2114
2107
2096
2079
2054
2015
1981
1956
1939
1933
1938
1946
1943
1966
1957
1951
1947
1953
1956
1952
1960
1987
1987
1983
1970
1961
1942
1933
1916
1904
1909
1924
1948
1966
1985
1990
2000
2029
2048
2046
2054
2066
2070
2075
2074
2072
2092
2093
2097
2105
2123
2142
2147
2146
2146
2142
2137
2120
2087
2056
2031
2023
2016
2010
2011
2019
2040
2067
2088
2129
2146
2170
2175
2185
2189
2188
2178
2169
2171
2158
2130
2104
2098
2081
2066
2055
2063
2080
2092
2101
2101
2104
2100
2095
2073
2055
2032
2022
2003
1981
1978
1970
1965
1956
1935
1914
1895
1867
1831
1789
1789
1790
1808
1818
1836
1849
1848
1850
1860
1866
1873
1864
1845
1831
1838
1859
1858
1861
1881
1895
1896
1901
1903
1886
1857
1839
1806
1778
1742
1696
1664
1635
1642
1664
1696
1733
1765
1782
1812
1844
1859
1857
1858
1845
1822
1816
1811
1801
1788
1797
1788
1779
1773
1776
1775
1766
1759
1740
1757
1771
1783
1772
1754
1720
1705
1705
1714
1739
1771
1801
1826
1858
1873
1886
1902
1913
1901
1870
1851
1805
1772
1722
1668
1636
1611
1606
1615
1639
1632
1645
1662
1705
1753
1796
1839
1851
1869
1888
1904
1915
1927
1927
1919
1914
1902
1898
1878
1869
1853
1833
1817
1803
1787
1774
1754
1755
1750
1735
1727
1749
1760
1776
1797
1802
1805
1808
1804
1805
1809
1788
1769
1759
1749
1733
1740
1755
1756
1762
1758
1774
1791
1799
1786
1796
1813
1822
1844
1855
1871
1879
1885
1908
1928
1922
1915
1907
1886
1872
1840
1819
1813
1811
1813
1827
1842
1875
1893
1927
1943
1965
1972
1987
1981
1963
1947
1938
1921
1899
1887
1881
1876
1865
1848
1825
1817
1810
1821
1843
1848
1850
1851
1844
1837
1829
1825
1789
1758
1730
1707
1679
1678
1661
1654
1649
1658
1658
1656
1664
1685
1684
1699
1731
1774
1801
1845
1877
1890
1890
1896
1901
1915
1925
1924
1930
1922
1921
1905
1908
1903
1905
1917
1930
1940
1940
1946
1961
1965
1971
1969
1973
1964
1971
1962
1979
1979
2006
2023
2040
2056
2061
2074
2091
2095
2108
2117
2116
2113
2092
2081
2045
2021
2007
1983
1962
1941
1935
1923
1941
1955
1984
2005
2023
2034
2022
2027
2023
2029
2038
2063
2088
2109
2134
2137
2134
2121
2111
2100
2091
2082
2053
2027
2023
2019
2018
2003
2000
1989
1987
1982
1977
1955
1937
1922
1924
1935
1902
1879
1856
1833
1815
1826
1850
1858
1870
1901
1923
1942
1965
1969
1969
1968
1945
1927
1916
1897
1877
1859
1836
1832
1832
1845
1866
1867
1877
1865
1857
1855
1863
1874
1887
1887
1893
1895
1906
1892
1898
1894
1921
1932
1945
1950
1956
1965
1984
1987
1988
1978
1991
1996
2004
2012
2020
2039
2041
2049
2056
2045
2029
2027
2034
2042
2049
2075
2085
2089
2104
2123
2115
2100
2092
2083
2077
2069
2046
2071
2062
2069
2100
2115
2123
2127
2123
2129
2140
2138
2116
2115
2107
2102
2101
2092
2085
2084
2099
2107
2123
2123
2145
2152
2156
2148
2141
2132
2110
2086
2068
2060
2050
2044
2062
2061
2060
2059
2047
2060
2078
2110
2119
2116
2136
2148
2160
2164
2157
2142
2130
2121
2116
2123
2123
2142
2144
2162
2154
2153
2147
2140
2132
2132
2125
2122
2114
2109
2104
2101
2098
2097
2103
2107
2106
2108
2110
2103
2134
2136
2155
2161
2171
2180
2178
2160
2148
2135
2117
2104
2109
2111
2122
2140
2156
2152
2143
2134
2133
2126
2131
2134
2133
2168
2196
2217
2235
2234
2234
2230
2211
2207
2200
2205
2202
2209
2213
2206
2194
2198
2205
2218
2219
2214
2216
2222
2244
2241
2240
2226
2218
2214
2195
2193
2182
2168
2173
2167
2173
2178
2186
2187
2188
2198
2193
2187
2178
2179
2157
2149
2150
2142
2146
2151
2156
2151
2151
2151
2166
2169
2171
2169
2177
2180
2179
2166
2152
2152
2143
2134
2126
2118
2117
2124
2132
2132
2121
2106
2108
2113
2114
2096
2092
2088
2078
2069
2061
2054
2048
2055
2078
2103
2119
2146
2178
2183
2187
2188
2194
2205
2212
2198
2190
2190
2182
2184
2187
2179
2164
2159
2170
2183
2194
2189
2189
2185
2195
2195
2193
2195
2179
2182
2172
2168
2153
2166
2186
2189
2191
2200
2206
2206
2210
2208
2205
2192
2167
2150
2120
2094
2086
2081
2077
2079
2096
2115
2140
2144
2141
2131
2131
2125
2126
2114
2077
2051
2047
2042
2039
2034
2027
2022
2040
2056
2060
2064
2058
2066
2062
2054
2044
2042
2025
2009
1996
1983
1969
1965
1959
1976
1978
1977
1978
1980
1983
1998
2020
2028
2035
2046
2053
2045
2041
2035
2023
1987
1963
1950
1955
1961
1976
1986
1999
2014
2023
2043
2060
2073
2091
2097
2088
2079
2076
2063
2060
2083
2100
2107
2106
2101
2083
2077
2060
2031
1995
1962
1923
1890
1874
1877
1875
1891
1886
1886
1883
1897
1899
1886
1903
1932
1958
1977
1993
1996
2001
1993
1997
1993
1994
1987
1974
1966
1974
1974
1961
1931
1898
1859
1809
1762
1745
1725
1721
1694
1686
1691
1676
1686
1700
1704
1711
1702
1694
1687
1711
1746
1778
1822
1857
1899
1931
1953
1988
2014
2030
2044
2057
2052
2061
2054
2062
2061
2063
2062
2036
2031
2019
2004
1966
1934
1903
1890
1871
1862
1873
1878
1905
1937
1963
1979
1977
1982
1995
1978
1968
1949
1925
1909
1912
1929
1972
1990
2008
2025
2028
2062
2095
2086
2069
2052
2050
2046
2053
2066
2068
2072
2065
2044
2031
2027
2010
1977
1921
1874
1838
1796
1751
1743
1735
1736
1760
1781
1789
1803
1812
1807
1814
1810
1809
1804
1809
1810
1804
1797
1799
1778
1755
1730
1719
1727
1737
1729
1735
1737
1749
1774
1793
1816
1842
1856
1857
1866
1877
1881
1874
1869
1863
1844
1829
1833
1833
1830
1854
1863
1870
1867
1846
1841
1840
1842
1847
1854
1846
1853
1863
1859
1845
1854
1849
1833
1816
1814
1808
1806
1796
1808
1803
1816
1830
1855
1896
1910
1917
1919
1948
1955
1958
1937
1919
1919
1929
1945
1959
1975
2015
2023
2047
2059
2071
2059
2029
2005
1992
1967
1941
1917
1906
1889
1885
1890
1903
1929
1943
1957
1972
1966
1972
1989
1994
1998
1997
2020
2035
2052
2050
2062
2079
2092
2102
2104
2120
2128
2145
2149
2147
2148
2141
2122
2129
2124
2121
2125
2119
2118
2107
2103
2095
2095
2096
2107
2110
2114
2118
2122
2122
2124
2098
2082
2051
2045
2033
2044
2056
2062
2047
2050
2059
2059
2052
2053
2049
2036
2021
2019
2023
2029
2011
2006
2008
1997
1999
1990
1987
1980
1996
2008
2021
2040
2057
2067
2080
2075
2092
2108
2128
2125
2123
2111
2118
2101
2084
2071
2057
2035
2029
2028
2028
2015
2000
1996
2003
2019
2021
2033
2036
2050
2047
2058
2073
2080
2089
2091
2080
2098
2116
2146
2141
2146
2140
2162
2151
2167
2172
2181
2169
2155
2132
2139
2129
2126
2117
2126
2133
2154
2157
2163
2174
2160
2172
2174
2177
2177
2165
2175
2168
2174
2174
2189
2221
2221
2235
2254
2266
2264
2267
2278
2275
2268
2271
2280
2292
2286
2284
2294
2307
2323
2348
2358
2362
2370
2363
2369
2380
2391
2388
2382
2391
2396
2390
2375
2377
2363
2348
2331
2332
2325
2337
2346
2362
2375
2380
2378
2395
2404
2405
2398
2392
2398
2388
2387
2402
2412
2414
2428
2442
2451
2460
2455
2453
2440
2446
2460
2456
2458
2461
2458
2472
2480
2468
2470
2466
2464
2449
2442
2436
2412
2398
2393
2396
2419
2423
2435
2438
2452
2464
2452
2471
2476
2487
2492
2492
2491
2472
2464
2462
2435
2434
2449
2470
2468
2453
2448
2462
2468
2470
2454
2450
2439
2426
2426
2419
2414
2409
2401
2410
2408
2399
2409
2424
2419
2418
2418
2408
2408
2400
2403
2399
2382
2372
2352
2324
2331
2325
2319
2318
2312
2314
2302
2308
2308
2320
2311
2315
2323
2319
2311
2308
2311
2311
2314
2312
2310
2296
2295
2282
2303
2335
2352
2365
2369
2361
2368
2370
2363
2356
2342
2327
2343
2350
2345
2326
2313
2317
2336
2347
2327
2308
2292
2265
2267
2226
2204
2176
2172
2171
2168
2184
2184
2192
2203
2219
2224
2210
2208
2215
2201
2200
2188
2196
2185
2174
2159
2145
2139
2130
2119
2125
2121
2112
2093
2061
2046
2030
2016
2032
2040
2052
2070
2102
2105
2124
2141
2162
2178
2188
2196
2213
2230
2239
2244
2267
2262
2254
2244
2229
2216
2197
2193
2190
2196
2191
2203
2192
2195
2193
2200
2192
2195
2171
2154
2115
2105
2076
2068
2063
2068
2067
2075
2085
2077
2073
2075
2095
2122
2124
2137
2147
2148
2134
2134
2153
2157
2149
2153
2154
2155
2140
2144
2149
2143
2142
2149
2140
2140
2135
2144
2146
2163
2158
2135
2140
2147
2143
2154
2155
2147
2131
2115
2088
2066
2030
2025
2034
2038
2046
2064
2099
2114
2126
2144
2160
2171
2178
2170
2148
2141
2146
2146
2132
2120
2120
2111
2099
2105
2106
2107
2112
2105
2108
2111
2118
2116
2124
2120
2130
2134
2156
2196
2206
2230
2239
2266
2276
2274
2274
2261
2259
2254
2241
2245
2239
2232
2224
2208
2189
2175
2148
2130
2123
2122
2119
2129
2146
2162
2180
2207
2225
2230
2237
2226
2203
2203
2179
2169
2167
2152
2139
2128
2133
2132
2119
2109
2075
2043
2043
2031
2040
2030
2022
2009
2015
2028
2055
2063
2076
2091
2086
2067
2061
2056
2041
2035
2023
2016
2031
2043
2074
2080
2081
2070
2055
2044
2035
2033
2038
2038
2042
2039
2038
2032
2023
2021
2006
2002
2001
2002
1989
1994
2006
2001
1992
1998
1994
2003
2009
2010
2011
2018
2024
2054
2072
2109
2148
2173
2196
2205
2207
2208
2188
2164
2128
2108
2084
2070
2059
2057
2042
2037
2044
2045
2030
2025
2013
1998
1989
1971
1978
1991
2001
2013
2031
2040
2064
2072
2096
2089
2079
2073
2070
2062
2057
2049
2030
2029
2040
2041
2043
2062
2068
2075
2074
2075
2067
2074
2080
2094
2096
2094
2107
2131
2144
2149
2151
2162
2177
2172
2178
2185
2172
2181
2174
2193
2195
2188
2168
2159
2133
2104
2086
2068
2063
2062
2063
2054
2060
2062
2065
2064
2052
2050
2037
2049
2067
2069
2074
2084
2083
2075
2073
2070
2040
2017
2010
2000
1994
2011
2017
2006
2010
2034
2050
2082
2106
2119
2115
2115
2122
2119
2121
2108
2098
2089
2062
2037
2035
2041
2061
2074
2082
2099
2119
2135
2144
2146
2148
2122
2108
2092
2060
2026
1999
1984
1974
1945
1918
1898
1870
1841
1828
1808
1812
1810
1835
1833
1851
1869
1880
1903
1929
1943
1943
1946
1950
1963
1963
1969
1977
1990
1977
2001
2013
2010
2007
2029
2025
2033
2055
2052
2052
2039
2031
2025
2017
2009
2000
1990
1986
1998
1998
1996
1995
1993
1985
1974
1949
1964
1977
1991
1996
2002
2013
2006
1992
1977
1973
1985
1981
1999
2007
2009
1989
2001
1999
2004
1996
1978
1973
1984
1980
1977
1972
1977
1995
2014
2032
2042
2052
2065
2081
2082
2102
2116
2131
2134
2134
2117
2097
2081
2077
2064
2047
2046
2048
2055
2072
2078
2093
2110
2126
2141
2169
2173
2187
2194
2213
2208
2209
2215
2233
2246
2234
2234
2222
2220
2218
2210
2220
2229
2228
2240
2231
2234
2234
2243
2241
2227
2212
2200
2191
2187
2167
2156
2129
2118
2104
2092
2079
2076
2073
2082
2072
2063
2071
2064
2070
2068
2059
2058
2051
2048
2054
2066
2088
2102
2111
2113
2125
2115
2115
2102
2084
2073
2070
2035
2030
2036
2025
2030
2025
2028
2043
2073
2092
2110
2122
2134
2147
2171
2164
2178
2195
2201
2216
2220
2230
2235
2231
2219
2214
2210
2200
2189
2188
2201
2199
2175
2148
2126
2092
2074
2052
2031
1999
1986
1975
1977
1978
1975
1971
1970
1968
1979
1994
2017
2034
2044
2053
2060
2070
2078
2073
2075
2089
2098
2085
2064
2054
2029
2000
1981
1959
1955
1967
1962
1963
1963
1978
1998
2008
2017
2024
2019
2041
2042
2040
2034
2011
1979
1961
1943
1922
1891
1871
1851
1841
1827
1827
1821
1811
1813
1805
1801
1803
1827
1846
1856
1867
1883
1904
1922
1933
1937
1939
1958
1955
1954
1976
1994
1984
1980
1986
1977
1970
1976
1958
1954
1932
1917
1914
1935
1960
1984
1993
1998
2007
2015
2027
2034
2012
2015
1993
1990
1988
1987
1987
1998
1980
1969
1968
1991
1993
1987
1979
1976
1971
1978
1980
1984
1985
1979
1974
1971
1966
1971
1992
1991
1986
1985
1978
1961
1938
1930
1915
1899
1886
1876
1877
1850
1829
1820
1824
1831
1832
1851
1852
1848
1857
1846
1843
1837
1840
1844
1854
1859
1875
1903
1927
1940
1957
1975
1974
1967
1959
1955
1930
1903
1883
1864
1855
1850
1846
1855
1866
1869
1858
1872
1878
1879
1868
1883
1898
1903
1917
1923
1918
1931
1925
1915
1904
1886
1855
1831
1826
1827
1808
1795
1785
1792
1791
1792
1808
1806
1809
1819
1831
1844
1864
1880
1901
1914
1934
1935
1913
1902
1870
1831
1805
1782
1757
1721
1705
1702
1706
1702
1703
1706
1733
1755
1775
1797
1815
1832
1840
1839
1846
1832
1849
1846
1850
1847
1844
1862
1894
1918
1947
1973
1983
1982
1987
1988
1972
1948
1934
1925
1915
1907
1904
1892
1886
1881
1881
1869
1876
1863
1833
1831
1810
1795
1795
1789
1807
1829
1855
1874
1878
1904
1925
1942
1960
1975
1971
1975
1963
1973
1986
1978
1970
1965
1950
1963
1954
1961
1957
1958
1963
1944
1934
1939
1946
1965
1989
1992
2002
2003
2012
2029
2036
2042
2081
2099
2126
2130
2134
2143
2151
2160
2155
2148
2130
2083
2067
2035
2025
2020
2011
2005
1995
1981
1975
1963
1957
1951
1943
1940
1930
1935
1932
1944
1953
1971
1991
2003
2002
1997
1998
1990
1980
1958
1930
1910
1896
1907
1912
1903
1904
1925
1948
1956
1970
1992
2017
2025
2031
2041
2073
2094
2109
2121
2142
2155
2154
2154
2155
2151
2145
2154
2153
2152
2147
2151
2151
2135
2118
2095
2054
2004
1981
1966
1971
1983
1984
1995
2012
2044
2070
2080
2092
2097
2089
2076
2072
2088
2089
2082
2065
2059
2048
2044
2040
2051
2062
2066
2072
2073
2078
2091
2107
2105
2107
2086
2093
2087
2081
2069
2070
2072
2074
2074
2071
2074
2081
2087
2092
2099
2103
2111
2090
2093
2093
2087
2087
2097
2098
2089
2089
2094
2099
2112
2128
2132
2149
2148
2165
2179
2179
2184
2200
2207
2198
2205
2194
2188
2182
2177
2178
2172
2172
2169
2175
2155
2117
2085
2062
2042
2016
2006
2006
2016
2033
2054
2068
2095
2125
2134
2167
2189
2213
2221
2238
2256
2253
2258
2262
2248
2227
2190
2172
2172
2164
2158
2161
2170
2158
2162
2158
2177
2190
2199
2217
2207
2210
2208
2196
2191
2182
2166
2143
2122
2089
2075
2056
2028
2017
2003
1971
1944
1931
1936
1917
1894
1898
1890
1900
1905
1911
1914
1903
1880
1863
1858
1873
1876
1873
1875
1875
1875
1885
1897
1911
1937
1948
1944
1947
1955
1953
1958
1963
1983
1983
1983
1967
1963
1962
1967
1965
1973
1984
1996
2011
2014
2019
2030
2037
2045
2038
2048
2044
2067
2078
2077
2078
2064
2057
2051
2060
2056
2069
2079
2090
2096
2101
2087
2056
2035
2033
2038
2045
2042
2055
2081
2106
2138
2152
2145
2138
2132
2125
2132
2134
2141
2131
2123
2120
2117
2117
2116
2092
2065
2044
2041
2041
2043
2030
2030
2028
2031
2038
2040
2055
2054
2056
2056
2056
2062
2062
2047
2036
2020
2014
2010
2004
2008
2010
2015
2041
2062
2075
2087
2089
2088
2093
2111
2121
2125
2122
2139
2170
2191
2201
2208
2221
2221
2200
2191
2168
2155
2140
2141
2148
2173
2186
2208
2206
2218
2229
2234
2253
2276
2278
2287
2305
2316
2323
2327
2337
2328
2327
2326
2334
2332
2326
2320
2306
2289
2268
2251
2240
2229
2237
2246
2239
2228
2235
2240
2243
2261
2274
2288
2298
2301
2294
2286
2276
2270
2273
2274
2290
2290
2279
2293
2294
2293
2301
2304
2308
2312
2320
2323
2322
2322
2324
2323
2304
2281
2267
2265
2265
2266
2279
2306
2325
2337
2312
2320
2338
2344
2335
2314
2295
2284
2278
2269
2263
2268
2274
2286
2287
2305
2301
2305
2303
2320
2300
2283
2272
2260
2252
2243
2256
2258
2242
2246
2257
2270
2273
2283
2295
2314
2306
2302
2312
2312
2319
2314
2297
2299
2315
2326
2347
2343
2348
2336
2329
2318
2306
2292
2279
2257
2243
2236
2233
2220
2225
2222
2238
2239
2258
2271
2289
2285
2278
2263
2243
2212
2200
2205
2214
2214
2212
2209
2184
2183
2176
2183
2171
2168
2151
2148
2140
2154
2168
2177
2187
2198
2196
2204
2201
2212
2206
2216
2220
2224
2219
2205
2207
2216
2198
2184
2180
2168
2163
2152
2150
2139
2143
2128
2137
2141
2163
2157
2170
2173
2173
2168
2163
2158
2159
2157
2181
2182
2186
2195
2213
2208
2206
2190
2189
2188
2191
2195
2207
2232
2257
2263
2279
2278
2256
2251
2244
2228
2212
2205
2231
2239
2239
2226
2234
2226
2215
2199
2182
2175
2180
2188
2198
2209
2212
2218
2246
2250
2235
2209
2171
2155
2127
2114
2121
2137
2140
2128
2104
2100
2085
2096
2116
2133
2139
2147
2151
2150
2135
2107
2072
2070
2071
2075
2066
2055
2058
2069
2052
2051
2052
2043
2049
2051
2064
2084
2100
2114
2132
2137
2146
2141
2136
2106
2085
2055
2038
1990
1970
1960
1961
1957
1965
1977
2007
2016
2037
2048
2057
2055
2051
2053
2038
2010
1998
1972
1945
1937
1920
1906
1894
1891
1886
1894
1903
1905
1901
1919
1934
1953
1960
1965
1970
1971
1963
1957
1940
1913
1888
1865
1863
1865
1860
1860
1860
1861
1880
1903
1934
1955
1959
1953
1958
1944
1971
1991
2019
2036
2037
2066
2078
2101
2115
2127
2121
2114
2112
2118
2105
2088
2072
2073
2041
2043
2058
2082
2059
2059
2061
2068
2060
2056
2074
2087
2085
2104
2118
2132
2129
2127
2127
2121
2123
2113
2117
2112
2098
2078
2041
2019
2011
1988
1995
1985
1987
1999
2013
2015
2033
2049
2062
2047
2038
2041
2034
2035
2027
2026
2040
2044
2058
2078
2089
2097
2097
2113
2115
2129
2137
2157
2151
2149
2146
2124
2111
2087
2065
2042
2035
2029
2027
2020
2011
2022
2021
2051
2060
2066
2084
2090
2090
2085
2072
2073
2075
2063
2062
2050
2060
2078
2094
2098
2093
2084
2076
2067
2068
2059
2061
2055
2045
2055
2063
2069
2072
2076
2081
2075
2070
2065
2075
2091
2102
2108
2104
2091
2049
2014
1985
1959
1935
1939
1938
1940
1979
2008
2024
2044
2045
2051
2052
2050
2039
2026
2002
1969
1940
1913
1889
1865
1844
1825
1800
1765
1746
1755
1766
1790
1801
1809
1803
1816
1830
1849
1886
1904
1933
1962
1995
2015
2036
2048
2051
2057
2062
2066
2056
2059
2039
2025
2020
2028
2033
2046
2051
2054
2067
2084
2089
2090
2106
2107
2106
2104
2114
2118
2102
2088
2082
2075
2060
2050
2060
2069
2090
2107
2130
2137
2162
2174
2175
2170
2164
2140
2141
2126
2101
2103
2114
2121
2133
2150
2162
2161
2169
2169
2173
2181
2194
2187
2175
2176
2163
2156
2167
2188
2200
2205
2212
2210
2205
2200
2164
2133
2101
2083
2042
2019
1995
1963
1921
1896
1881
1876
1869
1884
1890
1914
1932
1952
1957
1970
2009
2036
2060
2073
2081
2092
2098
2089
2099
2106
2110
2116
2112
2131
2140
2148
2157
2147
2123
2106
2095
2071
2050
2041
2029
2021
2016
2026
2031
2051
2062
2063
2033
2017
1994
1967
1940
1905
1887
1874
1852
1838
1830
1835
1843
1850
1856
1844
1851
1837
1839
1835
1841
1844
1840
1830
1849
1865
1883
1903
1913
1916
1932
1932
1951
1963
1966
1971
1978
1988
1991
2001
2011
2032
2039
2058
2077
2102
2116
2116
2130
2141
2137
2139
2124
2120
2102
2091
2074
2067
2056
2054
2056
2070
2066
2057
2060
2046
2045
2045
2052
2052
2061
2087
2105
2122
2130
2125
2122
2134
2132
2140
2135
2145
2144
2147
2150
2152
2161
2149
2156
2147
2157
2154
2148
2143
2127
2117
2093
2073
2060
2054
2051
2041
2034
2017
2013
2012
2026
2018
2033
2153
2143
2155
2143
2150
2124
2102
2088
2099
2098
2104
2095
2102
2109
2118
2111
2105
2085
2085
2073
2073
2049
2031
2020
2030
2047
2080
2089
2103
2118
2142
2152
2157
2151
2151
2168
2180
2167
2147
2140
2134
2140
2135
2146
2134
2129
2115
2118
2120
2113
2125
2132
2123
2118
2121
2123
2114
2107
2084
2080
2066
2060
2054
2067
2072
2071
2072
2085
2106
2119
2130
2134
2140
2138
2138
2122
2122
2115
2093
2078
2061
2057
2056
2055
2069
2075
2087
2089
2089
2080
2077
2043
2015
1998
1977
1981
1987
1995
2017
2057
2083
2117
2143
2141
2147
2146
2137
2126
2116
2088
2076
2065
2067
2065
2074
2087
2084
2068
2067
2054
2041
2019
2003
1987
1983
1979
1992
2008
2034
2024
2019
2032
2026
2026
2038
2048
2043
2037
2022
2028
2034
2023
2015
2012
2016
2025
2019
2000
1993
1985
1963
1951
1938
1933
1916
1890
1883
1881
1899
1916
1913
1934
1952
1974
1969
1981
1994
2005
2020
2035
2032
2033
2029
2012
2006
1999
1975
1963
1944
1921
1914
1913
1910
1918
1928
1933
1932
1919
1898
1878
1863
1846
1829
1795
1780
1767
1779
1796
1813
1846
1863
1864
1860
1871
1858
1841
1831
1832
1819
1830
1827
1832
1832
1844
1835
1844
1852
1876
1899
1894
1871
1863
1839
1822
1793
1802
1808
1837
1855
1869
1870
1876
1885
1899
1910
1930
1955
1970
1990
2006
2021
2014
2014
2021
2028
2019
2009
2015
2014
2005
2002
1974
1959
1964
1959
1953
1969
1978
1975
1987
1999
2008
2008
2012
2004
1997
1982
2001
2027
2040
2043
2041
2025
2016
2007
2003
1998
2003
1988
1980
1965
1950
1930
1916
1885
1864
1841
1823
1807
1801
1805
1821
1824
1842
1865
1883
1899
1931
1947
1946
1945
1933
1923
1948
1940
1925
1912
1917
1913
1928
1920
1936
1939
1938
1912
1884
1862
1871
1875
1883
1874
1873
1875
1885
1887
1890
1874
1863
1871
1873
1871
1896
1910
1895
1896
1880
1881
1865
1857
1841
1821
1807
1798
1799
1818
1839
1851
1880
1895
1917
1939
1961
1981
2001
2009
2019
2018
2017
2011
2012
2012
1996
1981
1940
1915
1899
1881
1860
1849
1831
1816
1780
1759
1763
1764
1753
1753
1746
1737
1742
1733
1739
1761
1777
1805
1836
1848
1875
1887
1868
1867
1857
1855
1842
1831
1810
1793
1806
1815
1804
1815
1808
1799
1809
1831
1851
1879
1899
1905
1923
1919
1929
1929
1943
1952
1960
1948
1925
1906
1893
1888
1871
1851
1840
1815
1792
1786
1775
1777
1773
1771
1768
1768
1752
1747
1746
1752
1758
1762
1783
1795
1809
1824
1842
1852
1838
1839
1829
1830
1816
1806
1791
1789
1786
1799
1815
1824
1833
1838
1833
1838
1828
1825
1819
1829
1845
1860
1868
1858
1837
1821
1801
1790
1762
1743
1752
1756
1755
1767
1792
1803
1820
1828
1837
1837
1837
1810
1799
1783
1779
1764
1751
1747
1751
1749
1752
1755
1772
1781
1792
1802
1822
1843
1844
1858
1864
1874
1871
1861
1831
1812
1805
1805
1805
1809
1816
1812
1804
1794
1797
1779
1763
1755
1729
1737
1727
1738
1761
1781
1808
1819
1830
1817
1825
1827
1809
1775
1737
1706
1687
1662
1635
1615
1607
1616
1620
1624
1653
1666
1686
1718
1747
1785
1806
1830
1867
1894
1904
1907
1912
1930
1926
1918
1899
1909
1891
1883
1882
1883
1883
1901
1924
1930
1934
1938
1937
1941
1952
1950
1966
1970
1985
1983
1986
1973
1972
1970
1960
1938
1921
1907
1918
1935
1974
2005
2048
2074
2103
2125
2154
2154
2141
2129
2143
2131
2114
2090
2078
2062
2061
2061
2056
2048
2053
2051
2029
2019
2012
2016
2019
2026
2022
2028
2042
2068
2071
2079
2102
2104
2113
2118
2113
2111
2093
2092
2079
2082
2072
2074
2074
2075
2091
2088
2099
2102
2115
2135
2139
2142
2149
2146
2147
2154
2160
2164
2176
2189
2188
2193
2205
2209
2214
2217
2219
2223
2228
2230
2246
2260
2261
2265
2262
2260
2269
2278
2279
2286
2280
2280
2270
2268
2265
2254
2250
2263
2251
2236
2227
2220
2226
2219
2206
2194
2175
2150
2128
2105
2099
2078
2074
2067
2070
2071
2079
2083
2099
2106
2126
2147
2160
2170
2191
2216
2220
2219
2230
2239
2235
2230
2241
2239
2238
2234
2242
2255
2248
2255
2253
2270
2255
2249
2247
2272
2266
2265
2274
2292
2292
2311
2328
2334
2338
2340
2338
2336
2327
2310
2298
2289
2284
2297
2292
2292
2285
2277
2269
2254
2234
2207
2195
2163
2138
2116
2114
2118
2120
2112
2103
2096
2100
2102
2111
2117
2126
2116
2127
2116
2120
2126
2132
2162
2181
2192
2211
2224
2219
2215
2198
2180
2168
2137
2088
2045
2016
1990
1977
1965
1959
1961
1968
1979
1994
2015
2043
2052
2051
2042
2047
2043
2049
2050
2064
2063
2065
2079
2095
2111
2107
2091
2091
2078
2077
2067
2060
2070
2075
2091
2101
2124
2113
2108
2105
2111
2104
2107
2106
2112
2121
2124
2135
2150
2162
2178
2193
2204
2206
2212
2201
2183
2162
2145
2106
2086
2054
2033
2024
2018
1988
1971
1956
1937
1921
1915
1911
1901
1910
1909
1915
1915
1918
1899
1889
1886
1883
1870
1893
1907
1928
1939
1960
1957
1976
1988
1998
2007
2000
2004
2029
2039
2031
2007
2003
2006
2012
2014
2023
2043
2030
2035
2031
2048
2070
2087
2089
2087
2084
2072
2071
2062
2049
2043
2022
2013
1988
1978
1966
1962
1953
1960
1979
1984
1980
1966
1971
1966
1945
1931
1912
1905
1905
1903
1912
1919
1939
1940
1945
1953
1953
1963
1976
1988
1985
2002
2032
2063
2071
2057
2035
2018
2002
1999
1999
2009
2003
1990
1971
1956
1945
1939
1934
1930
1939
1941
1926
1911
1908
1906
1905
1893
1879
1882
1897
1891
1898
1903
1913
1924
1929
1921
1944
1963
1966
1979
1998
2005
2019
2049
2065
2081
2078
2086
2085
2076
2077
2067
2045
2022
1996
1971
1930
1903
1881
1860
1850
1863
1857
1860
1866
1873
1867
1864
1868
5835
2102
2124
2138
2143
2139
2164
2195
2230
2256
2259
2223
2184
2126
2069
1994
1937
1884
1832
1780
1758
1742
1771
1810
1863
1911
1981
2025
2086
2128
2186
2199
2202
2147
2095
2044
2028
2004
1990
1967
1972
1965
1995
1941
1869
1815
1783
1779
1775
1758
1761
1786
1825
1863
1911
1953
1995
2005
2010
2011
1998
1990
1975
1981
1999
2027
2071
2139
2203
2258
2277
2295
2309
2322
2304
2270
2219
2154
2110
2086
2073
2040
2005
1938
1876
1825
1757
1696
1644
1597
1579
1595
1612
1618
1629
1631
1639
1653
1702
1779
1842
1867
1884
1880
1859
1838
1845
1878
1916
1941
1955
1938
1917
1891
1865
1837
1818
1789
1771
1753
1759
1789
1821
1819
1819
1806
1776
1721
1653
1571
1515
1462
1427
1437
1476
1519
1581
1640
1715
1843
1922
1989
2058
2079
2101
2116
2086
2051
1996
1935
1877
1814
1746
1686
1610
1593
1592
1642
1701
1800
1883
1959
2024
2067
2048
2026
1994
1983
1977
1992
1968
1966
1951
1949
1962
2006
2013
1988
1935
1914
1884
1870
1862
1853
1839
1848
1842
1842
1849
1851
1853
1870
1903
1923
1926
1928
1923
1915
1930
1942
1959
1961
1963
1949
1935
1917
1906
1880
1828
1763
1717
1680
1661
1632
1623
1636
1673
1727
1773
1825
1865
1881
1871
1851
1820
1770
1720
1706
1732
1767
1803
1847
1876
1934
1989
2021
2033
2016
1996
1984
1972
1977
1988
1994
1990
1988
1999
1993
1985
1997
1991
1980
1964
1945
1943
1931
1913
1886
1886
1904
1938
1952
1967
1972
2004
2051
2094
2120
2152
2183
2220
2238
2275
2279
2287
2305
2317
2309
2312
2320
2352
2352
2343
2301
2260
2203
2134
2068
2000
1918
1815
1670
1576
1527
1507
1493
1499
1520
1545
1549
1557
1593
1647
1724
1785
1864
1936
1976
1997
1989
1968
1946
1915
1914
1897
1894
1903
1909
1896
1892
1879
1886
1876
1879
1892
1926
1945
1970
1968
1975
1967
1959
1959
1978
2022
2069
2112
2156
2196
2220
2234
2228
2215
2195
2154
2091
2037
1971
1914
1860
1841
1849
1879
1915
1947
1992
2016
2033
2080
2134
2183
2217
2238
2264
2250
2210
2133
2051
1988
1963
1934
1927
1907
1891
1862
1865
1880
1909
1939
1972
1994
2043
2088
2128
2146
2152
2167
2171
2190
2203
2232
2261
2303
2348
2392
2436
2475
2494
2527
2528
2518
2458
2412
2356
2329
2306
2287
2255
2205
2145
2094
2026
2007
1985
1987
1978
2007
2067
2155
2265
2343
2405
2442
2474
2497
2491
2486
2452
2372
2271
2157
2087
2018
1995
1958
1966
1967
1990
2017
2047
2075
2109
2122
2114
2118
2153
2193
2236
2229
2215
2241
2273
2262
2241
2244
2270
2297
2305
2307
2287
2243
2206
2164
2107
2085
2082
2059
2063
2047
2045
2070
2111
2174
2224
2275
2308
2314
2312
2292
2254
2222
2210
2197
2196
2215
2227
2240
2254
2257
2254
2253
2239
2209
2178
2157
2167
2176
2191
2254
2323
2377
2427
2458
2501
2530
2571
2572
2566
2570
2569
2565
2569
2565
2564
2566
2587
2620
2621
2608
2585
2586
2571
2528
2499
2460
2439
2398
2319
2211
2118
2025
1931
1878
1865
1878
1901
1905
1917
1934
1996
2049
2089
2092
2073
2025
1985
1955
1937
1918
1927
1938
1950
1979
2020
2051
2055
2030
2015
2011
2005
1992
1964
1970
1972
2003
1991
1997
2006
2036
2075
2094
2096
2081
2057
2061
2058
2054
2047
2074
2109
2137
2130
2143
2147
2178
2186
2202
2212
2243
2236
2225
2197
2184
2177
2178
2167
2159
2131
2101
2052
2003
1991
1994
1968
1923
1874
1848
1837
1854
1893
1910
1920
1914
1903
1890
1895
1901
1905
1908
1907
1902
1907
1941
1977
2004
2026
2033
2033
2054
2031
1986
1928
1885
1855
1833
1824
1799
1786
1800
1823
1882
1918
1965
2005
2018
2011
1997
1976
1938
1908
1879
1847
1825
1838
1830
1818
1800
1781
1785
1807
1818
1840
1864
1900
1899
1949
1979
2068
2124
2177
2200
2232
2256
2273
2271
2285
2274
2262
2258
2254
2254
2259
2287
2318
2330
2351
2375
2386
2379
2342
2319
2303
2286
2274
2238
2236
2241
2225
2217
2199
2193
2176
2200
2206
2193
2145
2111
2061
2031
1988
1965
1927
1925
1898
1870
1838
1838
1831
1828
1807
1784
1759
1753
1744
1752
1760
1754
1766
1791
1819
1836
1842
1848
1829
1818
1820
1826
1874
1944
2011
2039
2038
2036
2058
2061
2035
1983
1852
1734
1648
1609
1596
1602
1627
1671
1718
1775
1825
1873
1911
1936
1941
1918
1895
1859
1831
1794
1779
1780
1796
1809
1864
1897
1939
1998
2081
2135
2166
2167
2160
2124
2084
2039
2012
1962
1903
1851
1845
1838
1843
1785
1721
1656
1599
1545
1506
1542
1581
1650
1711
1755
1781
1795
1795
1818
1823
1856
1870
1924
1976
2017
2037
2038
2013
1997
1975
1967
1939
1917
1867
1867
1828
1811
1755
1679
1575
1495
1422
1395
1394
1399
1417
1466
1526
1587
1649
1669
1687
1672
1659
1638
1652
1693
1736
1759
1785
1798
1818
1843
1901
1944
1979
1954
1933
1895
1858
1818
1767
1705
1667
1623
1627
1662
1731
1781
1813
1841
1874
1915
1948
1988
2021
2055
2079
2082
2090
2101
2105
2113
2129
2162
2189
2207
2220
2192
2154
2096
2058
2041
2043
2060
2078
2116
2156
2209
2250
2283
2310
2343
2368
2355
2314
2276
2254
2259
2209
2152
2092
2078
2079
2107
2138
2151
2152
2142
2106
2075
2007
1950
1892
1846
1797
1771
1747
1746
1735
1723
1671
1619
1546
1548
1595
1647
1699
1762
1801
1838
1869
1916
1960
1959
1955
1952
1968
1977
1984
1984
1976
1976
1992
2028
2061
2057
2037
2019
2033
2034
2031
1997
1961
1916
1882
1843
1828
1827
1860
1913
1984
2078
2189
2298
2382
2409
2409
2383
2344
2303
2254
2183
2090
2050
2014
1991
1982
1983
1980
1968
1957
1937
1918
1909
1893
1840
1750
1670
1593
1552
1544
1536
1533
1546
1593
1630
1688
1749
1794
1839
1832
1844
1846
1875
1911
1933
1926
1886
1819
1742
1677
1628
1579
1563
1531
1528
1529
1548
1555
1572
1575
1579
1564
1544
1520
1527
1523
1495
1483
1471
1452
1447
1466
1504
1553
1597
1613
1590
1577
1563
1561
1547
1533
1516
1489
1468
1477
1482
1516
1548
1612
1656
1747
1778
1809
1854
1902
1891
1856
1803
1680
1571
1470
1387
1343
1336
1338
1369
1435
1483
1504
1497
1496
1496
1486
1498
1504
1534
1547
1599
1653
1730
1789
1839
1838
1799
1718
1627
1513
1450
1401
1390
1403
1440
1509
1583
1670
1763
1840
1881
1901
1894
1875
1824
1750
1670
1606
1513
1427
1371
1355
1371
1423
1451
1450
1448
1455
1505
1558
1600
1635
1663
1699
1726
1782
1815
1842
1853
1847
1849
1833
1806
1759
1760
1775
1779
1761
1753
1752
1737
1731
1717
1693
1661
1637
1606
1597
1598
1630
1679
1758
1847
1938
1991
2032
2034
2019
1980
1958
1924
1886
1823
1787
1735
1716
1752
1782
1801
1806
1804
1782
1774
1800
1841
1869
1903
1931
1950
1953
1983
2009
2012
1993
1999
1994
2015
2028
2073
2139
2205
2248
2285
2306
2322
2298
2273
2201
2157
2111
2097
2098
2093
2079
2073
2063
2076
2116
2152
2195
2240
2290
2318
2366
2390
2414
2419
2428
2416
2410
2386
2352
2338
2354
2358
2379
2382
2383
2384
2395
2401
2399
2388
2371
2347
2310
2270
2212
2196
2200
2205
2202
2181
2143
2100
2046
2036
2039
2027
2014
2023
2053
2091
2153
2214
2283
2352
2411
2469
2509
2537
2547
2542
2534
2516
2497
2462
2428
2397
2371
2369
2368
2365
2374
2401
2464
2526
2567
2584
2588
2605
2591
2568
2542
2514
2448
2420
2391
2388
2384
2371
2356
2358
2384
2398
2390
2369
2328
2285
2216
2164
2135
2157
2185
2204
2211
2217
2214
2211
2246
2260
2286
2289
2293
2290
2286
2274
2280
2274
2268
2238
2202
2147
2070
1996
1924
1879
1858
1829
1808
1806
1837
1839
1903
1939
1972
2004
2009
1987
1973
1978
1970
1981
1991
2019
2058
2089
2118
2135
2164
2168
2156
2169
2145
2127
2093
2073
1996
1955
1909
1879
1889
1947
2009
2059
2089
2113
2139
2172
2204
2248
2288
2348
2420
2439
2446
2423
2386
2340
2297
2263
2236
2200
2176
2169
2132
2091
2067
2046
2041
2064
2082
2090
2112
2120
2126
2142
2175
2167
2141
2122
2101
2111
2129
2130
2153
2159
2161
2141
2114
2084
2012
1925
1815
1763
1723
1692
1697
1729
1755
1777
1795
1803
1812
1793
1800
1822
1877
1927
1960
1958
1926
1868
1829
1781
1765
1756
1758
1795
1860
1924
1991
2062
2088
2112
2147
2178
2183
2203
2223
2254
2238
2223
2193
2180
2175
2220
2264
2315
2332
2360
2339
2313
2278
2249
2150
2046
1960
1906
1861
1843
1850
1885
1935
2046
2154
2235
2336
2383
2408
2399
2397
2371
2346
2321
2287
2239
2193
2138
2105
2069
2033
2014
2047
2073
2113
2146
2158
2145
2139
2122
2104
2069
2017
1950
1901
1862
1848
1827
1815
1820
1787
1729
1661
1577
1507
1438
1400
1416
1445
1482
1515
1569
1631
1677
1723
1729
1732
1713
1693
1667
1641
1646
1667
1716
1761
1811
1850
1872
1879
1852
1807
1741
1669
1593
1500
1389
1290
1226
1231
1287
1376
1470
1580
1680
1745
1817
1868
1898
1875
1851
1819
1781
1720
1688
1655
1640
1619
1593
1578
1564
1565
1557
1549
1535
1550
1601
1621
1632
1597
1537
1471
1443
1443
1479
1538
1617
1715
1786
1875
1901
1926
1911
1898
1841
1782
1701
1581
1483
1375
1263
1181
1133
1144
1174
1246
1277
1342
1431
1581
1729
1830
1891
1946
1987
2009
2028
2031
2021
1989
1964
1920
1898
1877
1824
1759
1697
1651
1623
1582
1546
1503
1485
1467
1455
1421
1427
1476
1551
1614
1663
1675
1660
1643
1637
1632
1620
1568
1514
1475
1471
1482
1505
1566
1579
1586
1587
1606
1631
1623
1597
1635
1669
1706
1754
1788
1829
1851
1891
1970
1984
1963
1926
1863
1792
1715
1636
1589
1585
1583
1610
1679
1724
1786
1853
1944
1987
2021
2026
2031
2010
1979
1937
1904
1844
1799
1751
1713
1662
1618
1561
1531
1523
1543
1571
1614
1636
1646
1657
1633
1611
1587
1563
1493
1424
1352
1289
1245
1231
1223
1251
1254
1283
1303
1311
1325
1373
1400
1462
1545
1649
1738
1819
1908
1948
1937
1929
1937
1958
1971
1972
1957
1933
1917
1895
1893
1881
1888
1888
1892
1901
1933
1962
2004
2030
2033
2007
1964
1935
1935
1939
1979
2030
2095
2133
2175
2182
2188
2207
2248
2275
2293
2280
2268
2229
2169
2093
2019
1959
1920
1879
1811
1751
1717
1724
1768
1835
1886
1926
1969
2020
2022
2023
2038
2074
2092
2124
2186
2235
2269
2270
2267
2236
2199
2145
2081
2028
1958
1915
1901
1907
1915
1887
1879
1873
1861
1839
1822
1803
1774
1764
1767
1763
1724
1662
1597
1550
1535
1565
1611
1647
1700
1781
1867
1957
2015
2023
1981
1938
1868
1823
1775
1724
1668
1616
1563
1572
1617
1652
1684
1709
1735
1725
1726
1719
1738
1754
1792
1799
1817
1795
1787
1767
1778
1805
1863
1888
1933
1957
1986
1985
1989
1988
2009
1999
2012
2008
2026
2066
2101
2122
2123
2108
2105
2098
2093
2091
2084
2085
2088
2130
2174
2236
2263
2272
2258
2251
2210
2166
2112
2057
1988
2100
2125
2147
2182
2207
2223
2245
2264
2274
2258
2236
2206
2186
2163
2141
2111
2086
2071
2073
2097
2152
2206
2247
2281
2293
2273
2235
2205
2177
2108
2053
1985
1958
1951
1974
1992
1988
1992
1993
2025
2066
2130
2189
2207
2220
2246
2274
2285
2269
2238
2206
2161
2119
2090
2107
2133
2191
2231
2262
2270
2251
2227
2215
2180
2164
2153
2152
2134
2114
2077
2077
2078
2091
2091
2081
2091
2110
2143
2165
2228
2237
2254
2268
2280
2279
2271
2245
2195
2143
2107
2088
2108
2132
2178
2206
2212
2186
2159
2124
2099
2094
2140
2183
2256
2311
2351
2403
2436
2432
2410
2374
2320
2292
2268
2286
2294
2314
2302
2293
2269
2260
2270
2283
2304
2312
2306
2332
2374
2372
2347
2321
2292
2259
2225
2208
2178
2152
2148
2162
2187
2209
2235
2242
2237
2243
2228
2197
2172
2148
2148
2157
2179
2166
2167
2154
2147
2153
2165
2178
2194
2223
2250
2284
2304
2288
2254
2223
2186
2164
2144
2121
2119
2119
2128
2138
2139
2115
2086
2062
2068
2075
2081
2058
2038
2008
1962
1933
1914
1918
1952
1998
2092
2165
2230
2286
2322
2340
2357
2351
2367
2348
2315
2303
2291
2298
2286
2271
2251
2237
2240
2234
2242
2266
2290
2300
2316
2309
2311
2321
2304
2295
2284
2270
2244
2235
2202
2204
2228
2265
2306
2339
2342
2330
2310
2301
2266
2213
2150
2084
2002
1955
1933
1899
1903
1956
2018
2078
2124
2118
2107
2093
2098
2091
2077
2033
1954
1909
1892
1877
1886
1884
1895
1902
1973
1999
1997
2013
2035
2051
2047
2016
1961
1909
1869
1835
1812
1770
1753
1775
1795
1816
1829
1843
1866
1887
1939
1985
2019
2049
2063
2092
2085
2053
2003
1950
1894
1867
1837
1813
1785
1787
1815
1868
1934
1988
2044
2114
2149
2174
2165
2147
2116
2104
2073
2093
2133
2173
2183
2176
2178
2159
2121
2060
1977
1883
1785
1699
1615
1574
1549
1572
1613
1658
1664
1665
1679
1706
1710
1725
1762
1827
1909
1963
1988
1979
1952
1928
1914
1891
1897
1913
1931
1920
1909
1880
1837
1774
1681
1560
1433
1352
1293
1249
1211
1170
1167
1185
1266
1322
1363
1366
1365
1359
1361
1384
1467
1558
1640
1744
1846
1954
2025
2105
2189
2241
2266
2282
2254
2228
2212
2196
2189
2198
2174
2135
2096
2071
2009
1927
1798
1729
1671
1642
1628
1625
1649
1719
1833
1921
1970
1982
1963
1947
1947
1911
1867
1810
1764
1738
1784
1849
1940
1995
2018
2042
2100
2151
2189
2206
2176
2135
2092
2052
2022
2027
2046
2039
2032
2032
2026
1980
1883
1768
1657
1539
1442
1348
1283
1263
1290
1367
1440
1515
1563
1593
1609
1614
1618
1598
1576
1574
1578
1583
1597
1587
1539
1442
1389
1358
1343
1363
1418
1447
1482
1495
1542
1599
1674
1732
1795
1809
1817
1833
1860
1844
1830
1809
1780
1739
1691
1683
1672
1692
1734
1771
1787
1778
1755
1761
1745
1741
1710
1721
1731
1740
1729
1741
1726
1715
1677
1639
1621
1638
1638
1643
1630
1619
1611
1675
1790
1857
1906
1944
1986
2000
2016
2007
1976
1937
1906
1888
1892
1930
2003
2065
2156
2212
2245
2243
2224
2171
2107
2031
1937
1881
1820
1754
1733
1720
1735
1763
1808
1863
1925
1978
2012
2026
2017
2007
2022
2044
2067
2117
2172
2216
2230
2235
2245
2253
2280
2309
2307
2309
2315
2314
2330
2326
2304
2270
2248
2233
2231
2235
2216
2190
2182
2149
2125
2119
2137
2186
2189
2171
2170
2198
2191
2159
2099
2045
1971
1936
1923
1963
2008
2028
2014
2007
1994
2001
1992
1992
1964
1960
1936
1920
1929
1950
1932
1897
1891
1881
1877
1853
1870
1875
1908
1941
1988
2019
2072
2131
2218
2227
2251
2255
2268
2255
2254
2234
2239
2222
2180
2121
2055
1995
1955
1945
1955
1961
1970
1981
2012
2038
2047
2053
2048
2059
2056
2096
2148
2214
2235
2261
2262
2269
2276
2312
2318
2330
2320
2326
2326
2348
2332
2330
2315
2295
2276
2254
2203
2156
2125
2150
2213
2285
2328
2358
2375
2365
2355
2338
2335
2335
2316
2315
2329
2323
2334
2365
2405
2437
2460
2485
2512
2519
2544
2535
2539
2545
2545
2530
2498
2482
2492
2532
2561
2607
2629
2664
2681
2674
2667
2670
2681
2674
2691
2695
2682
2651
2631
2609
2581
2538
2497
2466
2471
2467
2489
2530
2555
2583
2606
2619
2660
2672
2657
2643
2625
2620
2627
2634
2661
2682
2704
2712
2738
2750
2763
2758
2758
2755
2737
2760
2769
2786
2786
2783
2779
2778
2742
2711
2678
2660
2637
2626
2578
2543
2518
2533
2551
2586
2615
2650
2675
2703
2741
2742
2758
2777
2779
2780
2778
2752
2727
2697
2696
2691
2706
2705
2712
2720
2726
2722
2724
2703
2688
2656
2641
2632
2638
2630
2613
2567
2550
2562
2562
2556
2550
2566
2590
2601
2608
2606
2617
2610
2597
2575
2543
2512
2472
2420
2376
2377
2376
2376
2375
2383
2376
2387
2407
2403
2416
2433
2451
2470
2464
2430
2418
2424
2435
2437
2434
2426
2411
2406
2412
2430
2490
2557
2620
2644
2644
2635
2591
2581
2538
2516
2482
2475
2466
2458
2469
2490
2503
2514
2505
2480
2428
2382
2295
2236
2165
2121
2086
2064
2057
2066
2118
2160
2199
2239
2261
2264
2254
2254
2246
2207
2184
2162
2184
2179
2154
2113
2068
2039
2045
2045
2046
2035
2030
2008
1945
1885
1852
1844
1901
1954
1999
2031
2088
2145
2216
2265
2303
2317
2335
2352
2397
2454
2474
2500
2510
2470
2418
2371
2319
2292
2251
2231
2218
2255
2269
2279
2277
2281
2262
2252
2223
2218
2174
2135
2029
1976
1944
1936
1931
1953
1975
1999
2025
2037
2040
2048
2090
2146
2188
2223
2247
2234
2220
2207
2217
2226
2246
2256
2261
2255
2226
2210
2204
2211
2214
2222
2224
2214
2204
2211
2221
2218
2188
2163
2163
2183
2190
2199
2200
2188
2125
2046
1941
1903
1871
1859
1869
1909
1977
2041
2135
2189
2261
2301
2340
2346
2332
2289
2258
2218
2197
2166
2145
2119
2102
2095
2100
2098
2093
2109
2103
2079
2083
2092
2127
2146
2165
2174
2196
2249
2298
2354
2410
2448
2472
2514
2514
2516
2492
2483
2463
2451
2416
2391
2358
2335
2290
2258
2186
2122
2076
2057
2037
2031
2055
2104
2162
2219
2268
2322
2380
2396
2399
2370
2330
2279
2250
2210
2178
2143
2122
2117
2106
2080
2040
1986
1927
1870
1847
1846
1860
1866
1867
1849
1871
1924
1998
2055
2092
2081
2054
2032
1997
1973
1956
1945
1921
1936
1974
2018
2043
2058
2080
2064
2030
1995
1983
1986
1989
1970
1952
1937
1950
1948
1925
1914
1910
1919
1924
1915
1909
1907
1933
1931
1930
1937
1925
1923
1913
1915
1922
1951
2020
2124
2214
2306
2390
2450
2466
2473
2450
2416
2323
2246
2131
2082
2035
1993
1973
1970
1976
1987
1979
1973
1958
1923
1877
1834
1806
1787
1829
1856
1910
1954
2016
2064
2122
2149
2186
2177
2175
2157
2141
2101
2059
2015
1989
1982
1991
2000
2020
2052
2074
2097
2122
2125
2118
2123
2148
2159
2169
2200
2255
2288
2296
2310
2306
2331
2374
2395
2369
2346
2331
2318
2317
2331
2318
2297
2252
2197
2136
2060
1996
1963
1956
1956
1968
1966
1944
1951
1966
1991
2005
2008
2007
2027
2029
2052
2088
2116
2115
2095
2041
1991
1929
1890
1864
1875
1908
1940
1951
1979
2016
2078
2152
2219
2251
2260
2245
2247
2252
2254
2232
2192
2152
2106
2035
1991
1973
1976
2015
2069
2128
2169
2239
2284
2310
2282
2242
2178
2114
2041
1967
1901
1854
1806
1746
1670
1626
1569
1527
1471
1439
1427
1448
1485
1547
1615
1703
1765
1817
1844
1874
1902
1912
1927
1951
1951
1955
1965
1977
2013
2030
2053
2038
2052
2050
2075
2101
2134
2141
2139
2117
2095
2068
2044
2017
1986
1938
1901
1907
1940
1963
1961
1951
1944
1905
1871
1869
1883
1904
1941
1981
2008
2012
1980
1939
1932
1926
1940
1968
1990
2010
2006
1975
1968
1974
1971
1967
1965
1941
1944
1931
1928
1942
1983
2023
2054
2077
2101
2154
2180
2207
2223
2263
2282
2306
2284
2245
2204
2152
2094
2062
2018
1997
1992
2015
2043
2079
2112
2159
2197
2249
2299
2356
2374
2390
2395
2404
2405
2423
2433
2459
2452
2411
2390
2366
2364
2356
2371
2395
2421
2429
2443
2438
2435
2432
2403
2355
2329
2290
2259
2220
2180
2134
2127
2109
2062
2003
1971
1947
1941
1938
1960
1953
1958
1998
2034
2029
2018
2000
1999
1990
1991
2014
2045
2102
2129
2143
2146
2174
2170
2157
2118
2079
2045
2001
1976
1952
1923
1892
1979
1976
2010
2064
2127
2199
2248
2275
2307
2323
2358
2368
2387
2406
2404
2415
2435
2455
2451
2435
2410
2365
2344
2330
2319
2316
2318
2311
2267
2157
2078
2029
1965
1885
1820
1788
1765
1727
1737
1751
1769
1775
1784
1786
1841
1909
1985
2059
2076
2084
2108
2126
2132
2132
2125
2122
2110
2097
2056
1995
1946
1869
1823
1794
1773
1769
1784
1807
1839
1907
1943
1972
2011
2055
2086
2117
2103
2046
1976
1924
1851
1791
1728
1686
1643
1583
1565
1546
1526
1524
1529
1535
1542
1565
1598
1618
1662
1699
1737
1762
1786
1834
1867
1901
1925
1939
1961
1974
1982
1992
2018
2016
1999
1985
1975
1954
1933
1903
1877
1838
1811
1822
1877
1946
2010
2055
2058
2067
2071
2055
2038
2018
1992
1959
1945
1922
1937
1958
1947
1919
1895
1872
1890
1888
1897
1891
1877
1878
1892
1881
1876
1859
1849
1841
1839
1845
1872
1941
1961
1950
1925
1895
1843
1807
1791
1786
1747
1709
1649
1631
1604
1592
1575
1591
1605
1633
1658
1690
1693
1698
1677
1683
1675
1695
1730
1758
1792
1853
1887
1934
1958
1976
2007
2028
2033
2014
1965
1843
1755
1697
1673
1651
1651
1647
1683
1712
1738
1741
1770
1768
1761
1763
1813
1851
1899
1943
1961
1969
1957
1908
1866
1803
1729
1654
1605
1570
1561
1566
1593
1566
1525
1520
1537
1568
1579
1610
1640
1685
1723
1787
1838
1898
1934
1951
1934
1863
1775
1664
1564
1475
1401
1333
1282
1269
1277
1298
1317
1361
1415
1482
1551
1624
1681
1725
1776
1811
1821
1811
1795
1785
1778
1780
1805
1852
1912
1977
2035
2109
2140
2150
2131
2098
2055
2014
1953
1884
1833
1802
1779
1765
1746
1744
1725
1723
1696
1666
1645
1619
1602
1571
1542
1508
1545
1611
1671
1738
1803
1857
1892
1917
1975
2014
2030
2010
2006
2012
2023
2040
2026
1974
1938
1922
1917
1901
1907
1893
1899
1902
1891
1883
1913
1936
1973
1999
2004
2016
2032
2065
2103
2133
2167
2231
2266
2301
2324
2342
2361
2372
2354
2317
2246
2157
2043
1977
1908
1877
1872
1853
1840
1822
1790
1797
1816
1823
1816
1807
1780
1760
1759
1792
1837
1894
1945
2005
2036
2027
2003
1983
1945
1903
1836
1726
1687
1667
1688
1703
1718
1747
1779
1831
1883
1950
2021
2074
2111
2142
2173
2247
2280
2316
2336
2358
2380
2374
2367
2332
2306
2284
2290
2281
2273
2269
2278
2248
2220
2147
2062
1952
1855
1789
1773
1795
1838
1895
1960
2023
2102
2148
2171
2204
2196
2163
2127
2092
2085
2098
2107
2098
2063
2023
1994
2006
2031
2078
2091
2124
2145
2163
2142
2139
2119
2123
2095
2112
2127
2118
2084
2071
2056
2058
2036
2061
2076
2113
2116
2130
2147
2151
2155
2135
2136
2134
2126
2129
2119
2099
2087
2088
2112
2115
2141
2153
2194
2230
2271
2295
2315
2303
2344
2370
2375
2349
2310
2281
2281
2263
2259
2256
2253
2219
2199
2176
2129
2059
1986
1918
1862
1809
1782
1784
1842
1907
1979
2055
2113
2180
2260
2355
2403
2467
2496
2502
2508
2510
2490
2444
2386
2315
2246
2201
2169
2166
2168
2199
2218
2215
2212
2217
2249
2279
2301
2321
2317
2312
2292
2280
2252
2213
2165
2097
2046
1970
1895
1845
1808
1779
1739
1707
1687
1695
1674
1640
1595
1599
1625
1674
1716
1755
1737
1695
1632
1587
1553
1593
1643
1674
1684
1687
1702
1737
1769
1819
1855
1859
1851
1866
1902
1920
1950
1945
1937
1911
1903
1891
1900
1897
1904
1907
1937
1971
2003
2029
2037
2045
2063
2078
2102
2113
2132
2157
2168
2171
2150
2130
2119
2136
2140
2153
2136
2157
2180
2182
2160
2132
2078
2026
1984
1972
1956
1976
2010
2085
2154
2224
2259
2276
2258
2231
2204
2202
2194
2196
2185
2168
2162
2169
2160
2129
2087
2035
1976
1943
1950
1966
1952
1930
1919
1916
1921
1921
1932
2014
2061
2094
2103
2105
2103
2089
2030
1952
1915
1907
1905
1905
1913
1942
1997
2074
2118
2156
2172
2170
2161
2158
2165
2183
2230
2273
2309
2358
2406
2399
2401
2381
2367
2304
2245
2192
2159
2127
2157
2191
2254
2289
2313
2331
2362
2390
2434
2473
2507
2551
2571
2594
2616
2614
2603
2609
2595
2600
2605
2625
2622
2604
2554
2498
2440
2383
2328
2306
2300
2316
2319
2310
2289
2272
2281
2321
2370
2434
2491
2514
2516
2499
2478
2447
2415
2397
2401
2401
2404
2398
2408
2423
2454
2482
2493
2498
2501
2495
2500
2512
2548
2540
2509
2453
2393
2347
2346
2352
2387
2413
2458
2502
2535
2549
2553
2548
2530
2496
2450
2408
2366
2351
2333
2315
2308
2335
2373
2411
2467
2487
2503
2490
2468
2415
2375
2315
2287
2272
2259
2266
2273
2280
2292
2312
2361
2394
2411
2431
2446
2437
2436
2470
2478
2483
2463
2456
2478
2506
2531
2546
2532
2518
2494
2471
2442
2396
2325
2278
2241
2214
2176
2164
2156
2158
2175
2253
2322
2373
2404
2413
2399
2374
2323
2274
2230
2180
2155
2160
2194
2215
2221
2199
2186
2164
2141
2095
2074
2071
2105
2143
2180
2208
2250
2251
2247
2235
2248
2276
2317
2317
2316
2294
2273
2270
2275
2279
2239
2207
2187
2183
2161
2136
2116
2112
2110
2108
2114
2149
2178
2186
2199
2234
2233
2226
2206
2190
2175
2163
2168
2226
2270
2324
2351
2349
2332
2323
2300
2288
2290
2311
2328
2360
2416
2474
2497
2487
2456
2423
2386
2361
2328
2324
2330
2362
2384
2379
2358
2331
2292
2254
2203
2172
2176
2201
2242
2275
2291
2315
2329
2348
2340
2295
2222
2145
2080
2034
2018
2034
2069
2083
2076
2033
2022
2010
2051
2113
2171
2181
2169
2166
2170
2135
2095
2021
1972
1937
1931
1931
1941
1934
1958
1957
1962
1949
1954
1971
2012
2057
2122
2173
2212
2230
2229
2235
2217
2166
2071
1983
1902
1839
1772
1743
1708
1727
1782
1831
1865
1918
1971
2028
2072
2099
2087
2097
2078
2030
1942
1877
1825
1789
1749
1719
1691
1683
1683
1697
1731
1739
1731
1750
1820
1891
1939
1959
1963
1960
1970
1923
1867
1790
1730
1686
1667
1664
1680
1694
1706
1707
1744
1783
1847
1920
1982
2011
1987
1975
1987
2004
2035
2081
2144
2219
2280
2332
2364
2356
2345
2317
2284
2241
2215
2183
2169
2118
2067
2021
2014
2027
2056
2065
2079
2090
2093
2071
2077
2106
2144
2180
2202
2207
2219
2234
2232
2215
2195
2166
2140
2132
2127
2099
2047
1954
1877
1834
1808
1831
1845
1860
1887
1963
2028
2089
2104
2079
2042
2030
2006
1984
1982
1990
1997
2021
2033
2079
2106
2120
2141
2141
2173
2192
2223
2244
2268
2294
2285
2229
2157
2099
2049
1986
1939
1907
1918
1934
1932
1943
1987
2026
2069
2096
2110
2115
2134
2144
2138
2135
2129
2107
2080
2048
2038
2057
2089
2136
2169
2159
2098
2059
2042
2042
2037
2034
2034
1992
1985
2016
2046
2063
2071
2056
2042
2030
2026
2046
2105
2162
2173
2144
2089
1964
1879
1810
1751
1713
1729
1777
1828
1917
1990
2041
2088
2114
2136
2142
2101
2052
2000
1934
1839
1750
1677
1637
1611
1579
1505
1433
1377
1355
1385
1440
1491
1540
1584
1601
1643
1713
1782
1867
1954
2032
2077
2107
2160
2190
2226
2217
2236
2229
2212
2181
2138
2079
2042
2031
2051
2091
2132
2153
2182
2207
2248
2275
2298
2302
2287
2278
2269
2278
2270
2258
2211
2155
2119
2102
2121
2162
2193
2222
2245
2310
2336
2362
2342
2339
2316
2295
2243
2183
2147
2126
2123
2132
2158
2210
2233
2261
2283
2300
2300
2305
2304
2294
2279
2258
2247
2230
2232
2268
2303
2346
2379
2362
2334
2286
2241
2171
2095
2002
1928
1828
1769
1715
1655
1595
1549
1514
1504
1534
1590
1662
1740
1805
1855
1907
1969
2036
2098
2151
2186
2216
2214
2214
2202
2213
2197
2193
2212
2234
2267
2286
2303
2295
2241
2172
2102
2044
2003
2000
1994
1965
1935
1914
1931
1956
2001
2035
2036
1963
1878
1803
1727
1674
1626
1590
1559
1549
1557
1587
1584
1572
1569
1581
1595
1618
1619
1619
1609
1603
1590
1588
1608
1659
1717
1763
1811
1842
1848
1864
1879
1890
1914
1937
1955
1974
2003
2033
2046
2073
2111
2140
2169
2203
2254
2297
2330
2348
2349
2293
2265
2199
2172
2153
2164
2112
2086
2041
2048
2062
2079
2062
2063
2056
2047
2036
2024
2028
2051
2093
2143
2214
2234
2243
2226
2228
2242
2250
2273
2285
2281
2275
2252
2255
2264
2284
2262
2244
2232
2232
2224
2203
2187
2160
2126
2054
1998
1959
1950
1942
1936
1909
1885
1875
1883
1911
1959
2034
2300
2285
2275
2224
2208
2162
2131
2105
2092
2094
2108
2116
2120
2124
2136
2135
2135
2107
2074
2006
1971
1922
1917
1922
1961
2011
2089
2171
2216
2246
2275
2291
2304
2305
2312
2306
2291
2268
2221
2203
2193
2178
2185
2216
2206
2200
2174
2158
2141
2143
2148
2189
2191
2206
2198
2196
2166
2131
2066
2031
1995
1987
1987
2001
2010
2036
2071
2103
2151
2177
2207
2221
2248
2245
2244
2212
2176
2135
2091
2031
1987
1956
1968
2012
2055
2055
2083
2101
2113
2064
2006
1939
1910
1881
1857
1855
1882
1933
2021
2146
2231
2318
2380
2398
2384
2360
2313
2233
2176
2108
2056
2040
2053
2079
2108
2128
2113
2093
2090
2075
2022
1970
1901
1858
1842
1878
1923
1977
2015
2020
2026
2064
2091
2099
2080
2066
2052
2043
2028
1980
1967
1965
1982
1988
1995
1983
1961
1904
1870
1839
1789
1761
1739
1719
1696
1690
1675
1688
1709
1752
1786
1837
1866
1901
1933
1971
2005
2043
2085
2104
2079
2047
2013
1981
1958
1898
1841
1804
1789
1776
1791
1783
1789
1791
1810
1831
1833
1771
1729
1682
1646
1581
1534
1473
1461
1467
1515
1587
1667
1757
1811
1811
1795
1759
1709
1684
1663
1635
1610
1623
1615
1627
1649
1683
1700
1752
1773
1789
1785
1768
1714
1653
1580
1531
1497
1515
1547
1636
1697
1746
1775
1805
1833
1846
1876
1941
1996
2049
2100
2147
2162
2144
2101
2059
2049
2045
2046
2034
2001
1957
1935
1870
1834
1812
1820
1851
1888
1898
1911
1918
1935
1954
1944
1931
1937
1947
1968
1999
2021
2027
2045
2044
1994
1962
1937
1936
1941
1931
1891
1850
1814
1777
1731
1681
1627
1575
1537
1514
1498
1496
1521
1563
1601
1644
1704
1765
1810
1861
1907
1941
1932
1910
1905
1901
1894
1891
1876
1871
1862
1901
1899
1910
1871
1840
1777
1719
1695
1721
1733
1722
1693
1687
1704
1739
1745
1731
1693
1686
1669
1685
1715
1779
1815
1801
1793
1763
1737
1718
1685
1636
1598
1548
1529
1550
1611
1673
1743
1825
1888
1929
1993
2027
2079
2113
2132
2132
2135
2120
2119
2102
2072
2001
1905
1783
1719
1672
1638
1603
1574
1541
1520
1468
1445
1441
1423
1417
1427
1429
1411
1409
1431
1492
1558
1634
1703
1761
1778
1805
1829
1839
1795
1749
1694
1655
1639
1652
1643
1630
1618
1616
1607
1608
1629
1672
1706
1760
1832
1910
1955
1967
1960
1963
1950
1955
1950
1932
1888
1833
1797
1766
1731
1685
1644
1612
1555
1519
1497
1491
1503
1490
1485
1499
1495
1496
1482
1483
1493
1523
1572
1635
1685
1712
1734
1777
1791
1755
1733
1697
1664
1646
1653
1643
1626
1629
1655
1684
1727
1733
1723
1694
1715
1715
1717
1703
1722
1730
1759
1770
1757
1700
1631
1567
1515
1455
1434
1427
1431
1452
1489
1573
1634
1709
1742
1727
1666
1623
1574
1544
1526
1531
1534
1515
1476
1462
1467
1517
1535
1571
1609
1671
1747
1807
1838
1865
1860
1848
1840
1802
1764
1705
1670
1640
1619
1626
1645
1625
1611
1584
1593
1598
1611
1596
1558
1483
1458
1460
1511
1589
1663
1736
1767
1778
1756
1725
1683
1625
1535
1431
1336
1249
1187
1137
1101
1105
1139
1175
1237
1315
1374
1444
1531
1623
1727
1811
1855
1893
1948
1996
2035
2024
2010
1966
1933
1891
1863
1830
1822
1809
1814
1849
1914
1950
1930
1903
1883
1883
1897
1914
1927
1966
2005
2015
2010
2033
2013
1980
1933
1854
1785
1755
1758
1812
1881
1978
2050
2180
2254
2320
2352
2382
2386
2374
2334
2316
2280
2223
2162
2110
2067
2061
2054
2045
2013
1994
1988
1992
1989
1987
1986
1999
2007
2020
2057
2095
2133
2164
2201
2258
2287
2292
2276
2238
2195
2156
2129
2085
2070
2068
2085
2104
2120
2099
2120
2147
2175
2191
2215
2243
2252
2254
2257
2262
2254
2258
2268
2285
2308
2333
2353
2385
2390
2403
2424
2432
2421
2410
2411
2431
2445
2464
2476
2481
2480
2479
2460
2458
2438
2422
2408
2390
2399
2400
2403
2388
2354
2311
2279
2276
2271
2252
2229
2204
2188
2137
2067
2006
1934
1893
1861
1883
1921
1974
2010
2059
2085
2111
2133
2171
2232
2304
2369
2414
2441
2447
2433
2400
2387
2374
2364
2370
2388
2426
2463
2486
2491
2460
2441
2424
2438
2419
2422
2426
2427
2429
2448
2454
2495
2503
2524
2533
2543
2554
2577
2589
2576
2543
2504
2448
2418
2415
2409
2407
2398
2382
2355
2328
2290
2238
2165
2102
2047
2025
1989
1996
1992
2008
1991
1989
1969
1971
1991
2024
2051
2077
2102
2134
2140
2150
2171
2208
2234
2261
2302
2341
2381
2374
2345
2294
2234
2160
2055
1927
1795
1713
1667
1636
1638
1651
1683
1749
1813
1883
1955
2012
2032
2030
2020
2010
2009
2033
2070
2071
2062
2058
2098
2138
2162
2164
2161
2144
2125
2091
2043
2021
2039
2068
2117
2159
2173
2148
2129
2105
2112
2117
2117
2107
2129
2157
2212
2241
2259
2272
2305
2339
2378
2398
2401
2367
2294
2209
2111
2009
1952
1905
1865
1841
1805
1761
1707
1664
1609
1590
1570
1580
1587
1618
1615
1630
1620
1628
1623
1646
1646
1672
1692
1723
1765
1809
1837
1886
1935
1983
2006
2008
2003
2021
2048
2086
2108
2107
2060
1992
1981
1992
2042
2062
2068
2038
2035
2042
2089
2139
2175
2180
2171
2157
2136
2089
2055
2018
1962
1901
1868
1826
1792
1777
1795
1818
1823
1851
1864
1861
1849
1822
1800
1760
1731
1717
1703
1691
1693
1719
1777
1838
1879
1886
1881
1895
1929
1969
1990
2008
2050
2103
2145
2167
2160
2115
2073
2027
1975
1922
1886
1874
1875
1840
1812
1798
1777
1765
1770
1799
1802
1780
1739
1703
1680
1698
1709
1716
1705
1732
1738
1768
1793
1833
1851
1893
1919
1959
1970
1983
1993
2028
2069
2127
2176
2206
2215
2218
2208
2185
2146
2102
2048
1972
1914
1839
1763
1661
1587
1523
1496
1527
1575
1591
1632
1635
1661
1671
1676
1645
47.05078125
1.659667969
999
