5835
1959
1967
1962
2023
2026
2052
2018
2052
2054
2089
2054
2087
2026
2076
2048
2057
2003
2035
2001
2066
2022
2067
2018
2074
2001
2024
1965
2003
1960
1992
1929
1972
1929
2005
1982
2046
2010
2085
2076
2147
2095
2168
2150
2208
2118
2144
2095
2159
2091
2095
2008
2064
2044
2084
2015
2049
2014
2076
2028
2064
2023
2099
2088
2107
2055
2099
2059
2105
2042
2049
2028
2084
2049
2080
2068
2092
2092
2112
2080
2112
2109
2144
2119
2106
2079
2089
2109
2099
2053
2055
2046
2049
2036
2020
2010
2006
1986
1976
1970
1955
1982
1981
1993
1976
1995
2013
2042
2022
2039
2041
2083
2060
2043
2014
2019
2006
2011
1984
1981
1969
1971
1948
1965
1948
2000
2008
2010
1980
1993
1995
1993
1966
1968
1952
1999
1985
1997
1994
2035
2035
2055
2012
2023
2033
2059
2015
2043
2010
2079
2059
2102
2050
2096
2081
2117
2074
2125
2093
2155
2093
2121
2075
2131
2094
2123
2060
2095
2049
2090
2011
2076
2011
2081
2020
2056
1989
2068
2037
2100
2040
2095
2036
2094
2040
2095
2045
2103
2064
2097
2034
2044
2005
2053
1986
2006
1959
1983
1977
1998
1975
2000
1990
2007
2045
2029
2033
2030
2065
2042
2049
2015
2052
2038
2059
2035
2072
2071
2097
2057
2096
2061
2126
2114
2162
2103
2126
2082
2140
2126
2155
2112
2168
2151
2182
2157
2166
2154
2195
2158
2192
2166
2213
2197
2216
2143
2152
2111
2104
2020
2013
1952
1948
1927
1941
1915
1931
1919
1924
1875
1852
1827
1837
1831
1826
1919
1893
1940
1969
2020
2008
2036
2017
2077
2063
2079
2085
2059
2046
2064
2061
2062
2042
2033
2072
2057
2059
2042
2055
2071
2070
2068
2100
2084
2123
2085
2101
2073
2116
2075
2096
2057
2104
2110
2132
2086
2110
2098
2164
2100
2144
2084
2149
2125
2163
2137
2197
2158
2231
2174
2228
2169
2225
2170
2207
2119
2153
2127
2183
2114
2148
2090
2151
2108
2142
2095
2150
2114
2145
2094
2107
2083
2114
2062
2051
1990
2019
2011
2023
2031
2044
2084
2107
2103
2107
2130
2134
2180
2170
2164
2142
2177
2170
2182
2155
2165
2138
2156
2121
2126
2078
2097
2094
2135
2133
2162
2171
2207
2195
2228
2197
2231
2229
2246
2218
2245
2235
2231
2181
2194
2164
2196
2154
2156
2116
2143
2146
2200
2164
2181
2154
2218
2181
2221
2177
2212
2202
2228
2164
2192
2167
2200
2150
2173
2126
2185
2153
2172
2108
2121
2105
2137
2108
2113
2075
2108
2087
2115
2115
2106
2134
2155
2156
2148
2143
2127
2164
2134
2134
2104
2128
2114
2104
2060
2110
2052
2137
2103
2159
2098
2175
2141
2209
2155
2207
2161
2238
2167
2214
2160
2211
2168
2207
2132
2169
2117
2150
2095
2107
2038
2070
2042
2049
1995
2026
1988
2010
1983
1990
1971
2017
2034
2069
2050
2055
2073
2079
2054
2059
2054
2081
2053
2034
2019
2002
2027
2026
2025
1993
1987
1978
2006
1966
1959
1926
1960
1941
1947
1894
1925
1926
1955
1910
1915
1914
1960
1933
1953
1907
1957
1943
1963
1922
1960
1941
1992
1955
1972
1937
1990
1983
2029
1983
2018
2005
2046
1998
2021
1980
2038
2033
2078
2031
2075
2062
2118
2079
2117
2092
2159
2134
2166
2123
2176
2144
2185
2156
2178
2146
2191
2159
2173
2122
2150
2145
2165
2152
2164
2162
2210
2192
2200
2205
2196
2214
2205
2184
2155
2162
2137
2143
2071
2063
2047
2071
2027
2039
2001
2069
2058
2115
2091
2151
2166
2220
2184
2238
2186
2272
2227
2266
2206
2276
2219
2266
2192
2214
2164
2219
2165
2205
2151
2181
2162
2210
2161
2219
2205
2258
2226
2258
2227
2268
2238
2260
2211
2222
2196
2221
2207
2216
2197
2227
2235
2247
2243
2219
2209
2193
2168
2132
2092
2091
2099
2085
2089
2075
2107
2092
2085
2062
2059
2052
2077
2056
2050
2029
2050
2041
2048
2018
2046
2076
2108
2081
2093
2098
2123
2119
2155
2106
2139
2119
2154
2101
2120
2063
2115
2068
2081
2020
2059
2023
2063
2007
2043
2000
2073
2032
2063
2001
2044
2055
2110
2066
2100
2070
2120
2078
2119
2105
2112
2118
2143
2114
2127
2124
2133
2161
2130
2138
2129
2154
2142
2143
2107
2131
2108
2158
2121
2178
2149
2202
2161
2203
2128
2163
2111
2163
2097
2134
2089
2141
2114
2167
2114
2147
2134
2176
2134
2147
2117
2149
2157
2166
2139
2153
2156
2161
2182
2164
2168
2171
2201
2195
2204
2150
2159
2130
2162
2110
2118
2106
2140
2130
2167
2138
2173
2175
2203
2157
2194
2144
2185
2149
2165
2114
2147
2135
2193
2159
2189
2175
2222
2190
2194
2150
2153
2132
2151
2121
2126
2088
2119
2091
2106
2106
2103
2127
2143
2127
2142
2136
2134
2179
2168
2178
2176
2222
2230
2222
2193
2221
2208
2259
2227
2255
2214
2244
2210
2232
2168
2197
2151
2183
2110
2152
2115
2135
2109
2148
2094
2140
2114
2170
2127
2135
2102
2114
2101
2130
2091
2118
2118
2137
2166
2174
2167
2165
2188
2205
2210
2151
2166
2142
2186
2155
2181
2144
2175
2124
2177
2115
2160
2119
2187
2128
2185
2126
2185
2152
2205
2151
2186
2149
2199
2191
2212
2181
2240
2227
2262
2219
2223
2227
2233
2245
2234
2224
2237
2247
2229
2239
2194
2220
2215
2227
2188
2186
2136
2200
2159
2178
2133
2167
2132
2166
2147
2170
2128
2185
2157
2179
2154
2190
2167
2213
2190
2204
2166
2196
2151
2154
2146
2158
2142
2191
2186
2200
2165
2210
2199
2212
2200
2193
2200
2215
2189
2177
2170
2154
2171
2157
2146
2127
2122
2116
2124
2066
2082
2042
2104
2091
2107
2075
2120
2102
2157
2104
2132
2108
2189
2140
2204
2161
2191
2160
2221
2151
2190
2141
2176
2168
2177
2124
2151
2153
2177
2130
2144
2141
2127
2138
2117
2098
2092
2112
2083
2130
2072
2093
2076
2124
2087
2105
2062
2123
2083
2135
2059
2104
2061
2120
2082
2115
2058
2109
2090
2148
2109
2151
2128
2130
2140
2150
2146
2148
2148
2143
2118
2080
2067
2042
2062
2030
2025
2005
2046
2051
2107
2081
2101
2087
2144
2116
2145
2100
2139
2123
2179
2144
2174
2157
2198
2181
2211
2174
2181
2167
2183
2123
2135
2097
2128
2127
2134
2084
2104
2102
2116
2101
2085
2075
2110
2112
2118
2108
2123
2150
2169
2171
2152
2149
2175
2192
2182
2180
2170
2194
2206
2216
2191
2196
2172
2226
2197
2219
2181
2235
2218
2227
2214
2244
2207
2260
2210
2237
2189
2242
2193
2243
2191
2231
2198
2262
2231
2263
2238
2234
2222
2235
2198
2206
2179
2208
2201
2182
2172
2137
2151
2141
2155
2150
2171
2116
2199
2160
2203
2165
2205
2181
2221
2153
2186
2129
2206
2148
2186
2110
2181
2176
2229
2155
2202
2201
2280
2226
2235
2204
2202
2202
2214
2190
2191
2183
2187
2219
2190
2192
2180
2190
2156
2138
2109
2144
2135
2185
2150
2189
2164
2220
2192
2224
2164
2190
2162
2195
2127
2165
2142
2176
2152
2155
2125
2157
2146
2192
2162
2165
2121
2141
2107
2100
2041
2060
2039
2072
2066
2058
2037
2067
2056
2080
2076
2060
2077
2100
2124
2120
2115
2135
2164
2174
2198
2169
2183
2165
2175
2143
2162
2104
2146
2105
2123
2070
2111
2069
2127
2075
2087
2026
2100
2055
2091
2024
2066
2051
2096
2052
2058
1994
2046
1986
2002
1973
1970
1977
1999
1981
2005
2013
2056
2136
2131
2151
2122
2147
2135
2123
2063
2072
2004
2077
2025
2067
2022
2089
2066
2131
2079
2132
2082
2141
2054
2073
2023
2050
2012
2048
1991
2020
1986
2037
2023
2041
2015
2023
2022
2031
1997
2003
1993
1971
1996
1968
1976
1965
1993
1985
1981
1945
1951
1928
1981
1961
1972
1960
2005
1990
2060
2041
2085
2064
2130
2097
2150
2117
2154
2140
2169
2128
2150
2116
2150
2133
2153
2126
2168
2151
2162
2102
2108
2086
2098
2096
2093
2068
2099
2093
2095
2084
2066
2056
2059
2051
2049
2031
2009
2041
2039
2054
2050
2091
2106
2141
2122
2145
2102
2152
2123
2143
2113
2149
2101
2162
2112
2126
2078
2126
2095
2134
2125
2156
2126
2194
2156
2199
2140
2190
2129
2139
2097
2083
2043
2070
2043
2058
2049
2041
2084
2103
2107
2116
2134
2168
2197
2168
2199
2135
2203
2187
2219
2183
2240
2208
2293
2247
2288
2228
2310
2260
2328
2276
2310
2293
2361
2293
2311
2262
2270
2266
2270
2229
2210
2201
2241
2223
2238
2247
2228
2251
2226
2220
2198
2210
2184
2205
2151
2180
2162
2214
2175
2186
2140
2191
2178
2220
2161
2202
2182
2228
2225
2250
2216
2239
2227
2245
2201
2220
2198
2233
2228
2245
2224
2241
2229
2254
2214
2209
2169
2179
2168
2174
2137
2154
2128
2137
2140
2142
2123
2140
2141
2142
2167
2140
2171
2175
2188
2174
2167
2176
2201
2186
2235
2169
2220
2207
2245
2176
2218
2148
2219
2173
2195
2122
2177
2118
2159
2102
2120
2070
2121
2076
2102
2037
2051
2059
2064
2050
2035
2027
2045
2050
2008
2026
1963
2004
1984
1993
1941
1957
1916
1985
1921
1949
1884
1949
1909
1970
1946
2010
1978
2045
1999
2057
2005
2064
2041
2096
2040
2069
2045
2109
2084
2125
2092
2063
2078
2084
2074
2038
2010
2026
2039
1998
2009
1982
2034
2035
2040
2017
2039
2003
2042
1996
1998
1925
1951
1927
1959
1913
1937
1916
1976
1933
1947
1902
1927
1926
1967
1937
1976
1970
2040
1999
2021
1978
1975
1945
1969
1917
1915
1898
1901
1930
1929
1907
1915
1941
1975
1958
1954
1950
1950
1961
1933
1920
1901
1927
1892
1916
1883
1911
1923
1968
1918
1932
1894
1933
1900
1930
1886
1918
1880
1933
1897
1922
1871
1943
1926
1975
1923
1980
1941
1982
1958
1979
1935
1983
1959
1981
1954
1939
1937
1944
1921
1910
1900
1918
1927
1913
1931
1883
1902
1885
1911
1885
1911
1850
1917
1892
1952
1895
1954
1935
2016
1952
1976
1923
1993
1965
1990
1923
1979
1950
1991
1936
1941
1890
1950
1907
1914
1897
1899
1919
1946
1939
1940
1938
1954
2012
2003
2023
2004
2037
2032
2031
2005
2035
1996
2052
2018
2025
1974
1997
1922
1936
1859
1871
1833
1887
1839
1877
1883
1925
1942
1999
1985
2037
2046
2016
2031
2010
1993
1955
1971
1955
1972
1935
1941
1941
1945
1948
1956
1962
1988
2007
2012
2023
2000
2030
2027
2031
1981
1967
1921
1982
1939
1964
1906
1955
1928
1969
1938
1990
1946
2032
1983
2014
1956
2018
1969
2017
1947
1967
1927
1978
1935
1979
1974
1984
1997
2028
2013
2021
2022
2044
2045
2011
2011
1986
2019
2009
2016
2005
2049
2014
2101
2048
2101
2070
2147
2104
2157
2121
2167
2141
2210
2157
2207
2137
2172
2142
2162
2106
2131
2100
2140
2097
2135
2121
2116
2125
2137
2095
2071
2046
2016
2036
1982
1978
1955
1985
1990
1983
1980
2017
2002
2051
2022
2048
2033
2067
2024
2057
1996
2012
2006
2053
2012
2053
2030
2070
2066
2104
2073
2112
2104
2133
2122
2132
2088
2108
2084
2080
2026
2037
2007
2026
2000
1974
1959
1985
1988
1978
1964
1955
1962
1973
1973
1960
1954
1968
1993
1978
1995
1965
2007
2020
2050
2039
2078
2036
2099
2064
2097
2051
2101
2095
2164
2121
2142
2083
2144
2090
2114
2043
2065
2043
2069
2003
1992
1932
1958
1921
1936
1945
1938
1965
2006
2025
2045
2057
2082
2158
2142
2165
2126
2158
2142
2148
2103
2144
2085
2163
2114
2171
2102
2159
2113
2183
2125
2145
2089
2160
2106
2133
2108
2126
2127
2165
2136
2140
2114
2165
2148
2115
2116
2094
2118
2093
2086
2078
2107
2088
2153
2107
2159
2122
2197
2186
2238
2188
2234
2191
2242
2193
2234
2196
2243
2234
2258
2221
2226
2196
2231
2187
2194
2191
2206
2214
2216
2186
2178
2179
2174
2203
2181
2186
2197
2229
2228
2228
2202
2213
2200
2226
2191
2205
2177
2218
2194
2221
2171
2177
2164
2221
2179
2205
2203
2250
2241
2275
2227
2246
2242
2275
2243
2235
2191
2207
2204
2205
2195
2193
2207
2206
2252
2241
2243
2234
2264
2238
2262
2205
2235
2203
2262
2206
2230
2208
2261
2243
2280
2247
2303
2270
2322
2268
2296
2260
2280
2268
2277
2244
2260
2250
2271
2275
2257
2255
2250
2271
2251
2215
2162
2197
2160
2217
2159
2186
2153
2204
2181
2230
2170
2217
2180
2231
2159
2190
2141
2190
2156
2188
2154
2204
2202
2246
2234
2215
2213
2232
2234
2222
2203
2216
2230
2225
2257
2212
2245
2246
2286
2241
2294
2244
2303
2263
2306
2226
2271
2212
2260
2217
2255
2209
2258
2230
2255
2193
2221
2243
2259
2258
2242
2228
2254
2268
2245
2258
2207
2234
2218
2232
2191
2203
2160
2217
2157
2197
2122
2177
2128
2163
2108
2131
2087
2151
2101
2133
2080
2145
2121
2140
2121
2118
2126
2159
2159
2180
2194
2164
2224
2216
2228
2194
2216
2220
2239
2195
2224
2160
2223
2198
2240
2184
2213
2188
2253
2203
2202
2143
2177
2122
2094
2054
2027
2019
2043
2022
2030
2042
2071
2125
2134
2131
2120
2152
2141
2138
2100
2116
2087
2144
2107
2121
2094
2155
2144
2175
2132
2146
2136
2176
2142
2163
2149
2157
2166
2191
2162
2173
2179
2219
2207
2179
2182
2156
2182
2151
2125
2088
2102
2079
2105
2066
2104
2069
2112
2079
2141
2103
2126
2109
2155
2119
2154
2113
2143
2144
2160
2134
2142
2141
2175
2150
2149
2156
2164
2200
2190
2204
2188
2216
2170
2211
2166
2187
2150
2219
2173
2194
2176
2203
2184
2225
2170
2181
2152
2196
2165
2151
2123
2120
2126
2130
2111
2121
2131
2118
2138
2109
2116
2086
2122
2090
2113
2054
2083
2046
2086
2020
2040
1986
2011
2014
2039
2010
2040
2047
2077
2037
2048
2045
2034
2027
1990
1967
1948
1971
1941
2003
1965
2012
1995
2062
2028
2064
2045
2079
2050
2078
2011
2028
1992
2020
1989
1976
1955
1959
1983
1988
1980
1995
2026
2017
2077
2056
2074
2024
2079
2060
2111
2064
2087
2062
2135
2101
2134
2105
2105
2099
2087
2038
2006
1997
2006
1969
1947
1945
1928
1973
1968
1982
1963
2006
1985
2037
1991
2034
2011
2045
1995
2012
1961
1973
1975
2001
1948
1940
1913
1914
1906
1871
1888
1883
1923
1913
1938
1935
2003
2011
2075
2033
2066
2047
2118
2082
2118
2085
2081
2059
2065
2036
2063
2048
2059
2084
2065
2063
2042
2077
2074
2085
2069
2089
2048
2091
2040
2046
1979
2008
1969
1992
1962
1974
1972
2008
1993
2008
2016
1995
2022
2007
2008
1958
1973
1961
1968
1931
1948
1912
1971
1953
1983
1952
1980
1981
2017
1997
1995
1971
2007
2007
2012
2028
2019
2064
2057
2056
2043
2062
2039
2084
2043
2049
2006
2060
2043
2054
2049
2048
2032
2045
2037
2018
1993
2016
2013
1985
1990
1959
2002
2002
2033
1989
2040
2008
2045
2022
2034
1991
2027
1999
2002
1990
1977
1971
1987
1987
1982
1973
1930
1959
1935
1965
1918
1939
1930
1961
1919
1925
1868
1878
1869
1888
1851
1868
1858
1873
1891
1866
1901
1895
1935
1913
1959
1915
1928
1929
1976
1943
1961
1930
1943
1958
1935
1931
1926
1951
1964
1966
1947
1975
1957
2006
1966
1997
1971
2038
2017
2054
1991
2001
1998
2027
1995
2008
2004
1981
2006
1970
1966
1925
1946
1921
1978
1921
1969
1939
2016
1981
2023
1983
2036
2035
2069
2067
2067
2068
2093
2068
2057
2087
2060
2124
2089
2129
2083
2127
2097
2171
2131
2158
2107
2166
2128
2149
2102
2083
2091
2112
2111
2084
2076
2098
2144
2101
2132
2066
2137
2101
2147
2094
2160
2133
2191
2153
2176
2127
2177
2150
2161
2163
2134
2180
2173
2198
2152
2180
2148
2225
2166
2183
2112
2164
2145
2202
2168
2169
2144
2175
2167
2174
2168
2178
2198
2170
2195
2142
2187
2161
2194
2143
2183
2135
2183
2163
2194
2157
2187
2173
2174
2181
2149
2150
2148
2180
2153
2180
2166
2203
2168
2195
2151
2188
2155
2197
2167
2174
2157
2146
2147
2132
2125
2106
2108
2086
2125
2083
2102
2097
2154
2117
2144
2135
2145
2174
2205
2191
2186
2187
2181
2245
2222
2235
2200
2260
2238
2253
2223
2224
2199
2215
2163
2179
2160
2194
2192
2174
2194
2150
2200
2189
2199
2149
2199
2169
2215
2178
2185
2157
2192
2156
2157
2160
2150
2174
2174
2178
2140
2157
2103
2166
2117
2142
2090
2143
2123
2164
2125
2143
2123
2163
2169
2169
2170
2185
2223
2198
2230
2172
2215
2156
2207
2151
2221
2170
2232
2213
2258
2223
2252
2249
2244
2263
2213
2217
2196
2234
2184
2192
2141
2186
2152
2201
2153
2191
2157
2215
2194
2197
2200
2209
2261
2242
2225
2207
2223
2206
2255
2198
2221
2208
2263
2215
2254
2236
2240
2240
2251
2231
2227
2244
2214
2243
2198
2203
2179
2226
2182
2186
2162
2174
2170
2179
2174
2165
2163
2176
2189
2155
2164
2122
2172
2139
2157
2119
2156
2143
2186
2165
2171
2140
2149
2146
2154
2172
2130
2177
2152
2185
2122
2154
2117
2155
2127
2135
2088
2111
2096
2113
2133
2086
2103
2087
2133
2098
2122
2103
2172
2143
2199
2141
2174
2154
2196
2128
2124
2110
2093
2106
2068
2072
2035
2035
1967
2000
1918
1953
1939
2013
1971
2012
2001
2040
2062
2074
2068
2064
2106
2100
2115
2058
2081
2061
2118
2063
2088
2045
2078
2082
2086
2067
2078
2086
2096
2100
2076
2114
2085
2140
2119
2148
2110
2145
2143
2143
2116
2098
2121
2123
2111
2080
2091
2043
2100
2092
2113
2086
2111
2086
2094
2087
2063
2044
2050
2072
2042
2046
1990
2020
1978
2025
1979
2015
1981
2029
1985
1963
1938
1938
1959
1940
1938
1913
1957
1944
2000
1924
1952
1893
1937
1856
1880
1853
1850
1866
1878
1869
1852
1857
1816
1887
1838
1891
1854
1923
1881
1915
1875
1909
1898
1937
1906
1902
1885
1919
1939
1913
1934
1894
1941
1897
1928
1894
1945
1931
1960
1911
1916
1888
1930
1930
1917
1942
1902
1933
1915
1931
1891
1911
1896
1949
1931
1932
1903
1920
1918
1912
1907
1863
1886
1865
1911
1894
1926
1919
1917
1917
1917
1895
1863
1891
1893
1883
1850
1888
1860
1937
1919
1967
1922
1977
1971
1998
1982
1970
1990
2008
2016
1987
2031
1953
2012
1941
1967
1886
1944
1904
1935
1898
1909
1892
1937
1942
1928
1922
1882
1947
1919
1952
1888
1940
1916
1961
1923
1910
1879
1909
1915
1914
1901
1903
1939
1947
1978
1949
1968
1951
1969
1912
1911
1894
1891
1890
1858
1842
1821
1832
1783
1824
1786
1813
1791
1846
1818
1858
1883
1888
1937
1934
1946
1924
1957
1956
2006
1969
2002
1963
2029
1993
2041
2000
2019
2025
2038
2040
2017
2042
2043
2076
2045
2088
2032
2106
2076
2101
2039
2072
2022
2059
2052
2037
2033
2056
2085
2071
2082
2035
2070
2037
2055
1974
1999
1998
1979
1971
1992
1998
2025
2004
2001
1977
2005
1981
2023
1966
1982
1980
2016
1995
2002
2023
2005
2060
2055
2075
2040
2083
2080
2130
2085
2109
2085
2115
2108
2120
2132
2098
2127
2108
2127
2074
2099
2054
2110
2072
2091
2042
2075
2072
2095
2079
2081
2121
2107
2159
2111
2150
2107
2164
2126
2168
2108
2138
2104
2136
2104
2112
2121
2117
2177
2129
2161
2142
2191
2147
2214
2167
2195
2174
2215
2160
2159
2139
2123
2150
2115
2118
2088
2144
2109
2132
2110
2139
2115
2138
2105
2077
2050
2078
2063
2023
2017
1975
2015
1985
2002
1975
2011
2007
2043
2042
2043
2041
2048
2064
2040
2071
2029
2079
2049
2085
2024
2042
2006
2030
2016
2019
2014
2029
2045
2027
2063
2009
2072
2049
2131
2089
2134
2075
2092
2086
2077
2035
2026
2033
2018
1999
1964
1997
1965
2028
2000
2024
1976
2044
2007
2030
2004
2002
1998
2019
2003
1997
2023
2007
2067
2024
2040
2000
2058
2036
2071
2050
2028
2017
2024
2009
1985
1974
1938
1998
1955
1987
1947
1997
2002
2031
2005
1984
1991
1995
2022
1997
2018
2018
2063
2041
2081
2021
2053
1998
2007
1935
1925
1905
1879
1875
1827
1838
1822
1875
1854
1923
1888
1942
1899
1947
1886
1927
1913
1925
1963
1971
1978
1981
2023
2023
2069
2019
2045
2012
2085
2035
2047
2003
2028
2050
2058
2058
2053
2082
2105
2127
2127
2169
2157
2218
2193
2207
2168
2205
2204
2214
2211
2172
2188
2202
2210
2173
2203
2145
2174
2154
2169
2126
2151
2149
2139
2165
2120
2142
2129
2165
2105
2122
2091
2127
2089
2119
2075
2086
2074
2112
2128
2088
2115
2084
2148
2116
2146
2093
2165
2151
2201
2159
2187
2158
2185
2128
2110
2091
2038
2057
2012
2024
1995
2050
2021
2080
2034
2071
2029
2094
2060
2075
2058
2036
2065
2049
2067
2037
2063
2051
2086
2037
2049
2003
2041
2018
2011
1983
1977
2012
2022
2032
2009
2065
2059
2103
2103
2115
2087
2121
2142
2131
2106
2112
2123
2113
2150
2105
2140
2125
2178
2125
2159
2120
2144
2118
2099
2057
2037
2035
2021
2052
1994
2033
2001
2076
2013
2066
2051
2080
2082
2129
2110
2128
2117
2129
2131
2073
2113
2035
2101
2069
2116
2063
2121
2104
2140
2119
2137
2114
2131
2143
2116
2149
2074
2112
2086
2127
2079
2100
2071
2110
2100
2103
2088
2107
2114
2113
2119
2069
2087
2095
2136
2097
2127
2111
2125
2140
2129
2104
2075
2097
2088
2074
2027
2054
2029
2077
2048
2088
2050
2106
2110
2115
2103
2081
2104
2097
2088
2049
2070
2018
2080
2025
2071
2029
2112
2070
2099
2077
2087
2088
2099
2093
2079
2077
2050
2128
2076
2119
2072
2138
2089
2117
2087
2110
2079
2101
2071
2068
2054
2073
2089
2079
2131
2083
2139
2130
2170
2138
2186
2162
2203
2200
2204
2168
2173
2176
2155
2177
2140
2160
2131
2181
2140
2170
2151
2178
2171
2158
2129
2123
2125
2115
2133
2095
2101
2079
2138
2079
2101
2065
2110
2109
2115
2093
2099
2123
2120
2097
2075
2097
2080
2132
2066
2094
2030
2097
2066
2086
2033
2051
2071
2113
2091
2096
2126
2107
2161
2118
2140
2081
2138
2091
2159
2097
2117
2074
2132
2104
2117
2093
2109
2126
2084
2096
2044
2070
2025
2043
1999
2031
1970
2040
2013
2057
2019
2053
2054
2057
2062
2039
2041
2026
2039
1981
1999
1936
1971
1934
1975
1953
1971
1972
1998
2020
2011
1997
1981
1999
1963
1967
1954
1996
1975
1997
1967
1978
1978
2024
2027
2001
1999
1991
2025
1994
1988
1936
1951
1948
1989
1945
1949
1946
1979
1936
1930
1924
1909
1951
1913
1915
1873
1911
1873
1940
1887
1915
1895
1969
1931
1974
1957
1953
1981
1987
1981
1940
1945
1928
1950
1866
1873
1791
1829
1767
1792
1715
1722
1709
1735
1700
1696
1678
1684
1664
1608
1630
1539
1575
1507
1526
1449
1479
1443
1491
1473
1509
1508
1571
1606
1638
1677
1660
1700
1681
1715
1679
1693
1668
1718
1703
1727
1695
1733
1761
1794
1783
1806
1832
1834
1868
1842
1889
1885
1958
1960
1968
1935
1944
1941
1957
1912
1903
1887
1859
1869
1824
1816
1780
1819
1784
1837
1791
1806
1792
1831
1796
1803
1777
1803
1853
1840
1860
1831
1898
1886
1916
1874
1911
1859
1905
1828
1847
1791
1842
1802
1783
1762
1730
1750
1755
1777
1759
1810
1753
1827
1765
1804
1760
1824
1790
1834
1810
1839
1839
1895
1909
1921
1925
1924
1991
1973
2014
1963
2008
1963
1977
1910
1927
1868
1906
1886
1895
1868
1892
1896
1896
1895
1845
1859
1837
1869
1826
1864
1828
1877
1856
1862
1814
1807
1798
1782
1781
1734
1712
1695
1712
1677
1700
1693
1718
1713
1736
1689
1713
1715
1765
1771
1760
1776
1774
1811
1790
1802
1747
1760
1733
1739
1667
1669
1633
1677
1645
1664
1670
1673
1720
1707
1723
1711
1735
1688
1739
1685
1709
1650
1702
1663
1683
1646
1657
1663
1692
1681
1677
1669
1695
1741
1725
1784
1747
1826
1802
1867
1839
1913
1883
1948
1920
1948
1912
1954
1940
1942
1972
1936
1977
1964
1994
1944
1973
1943
2016
1981
2020
1943
1992
1953
1989
1953
1941
1925
1939
1959
1925
1902
1893
1911
1873
1902
1835
1879
1848
1906
1834
1855
1830
1836
1845
1861
1851
1856
1884
1878
1945
1898
1944
1926
1997
1961
2010
1971
1991
1978
2010
1966
1976
1956
1987
1971
1945
1957
1937
1989
1961
1971
1945
1983
1943
1971
1921
1956
1937
1973
1919
1889
1855
1828
1839
1830
1850
1845
1864
1862
1920
1920
1953
1921
1969
1947
1960
1936
1930
1914
1922
1912
1879
1863
1871
1902
1877
1909
1869
1919
1892
1913
1867
1893
1850
1865
1855
1852
1815
1833
1865
1865
1886
1841
1882
1867
1899
1862
1877
1858
1922
1905
1919
1873
1928
1902
1933
1933
1921
1934
1945
1981
1972
2009
1999
2049
2029
2085
2014
2078
2043
2102
2033
2079
2049
2086
2074
2091
2070
2084
2096
2063
2108
2072
2094
2068
2119
2058
2076
2012
2039
1991
2026
1966
2011
1971
1997
1924
1899
1873
1866
1867
1839
1814
1792
1812
1784
1844
1786
1819
1766
1835
1775
1814
1787
1815
1815
1873
1861
1895
1903
1923
1981
1986
2021
2001
2054
2026
2051
2029
2064
2026
2061
1991
2015
1966
2035
2013
2022
1997
1984
1985
1996
1995
1993
2011
1972
2025
2007
2040
1998
2067
2024
2039
1999
1997
1967
1992
1981
1980
1952
1927
1944
1918
1898
1852
1877
1862
1880
1879
1910
1897
1971
1960
2012
2002
2064
2068
2104
2090
2090
2092
2100
2102
2073
2057
1998
2009
1962
1961
1903
1927
1892
1926
1903
1918
1902
1947
1964
1978
1990
2015
2042
2046
2067
2038
2045
2040
2078
2071
2104
2087
2131
2140
2173
2124
2148
2132
2139
2127
2106
2098
2110
2110
2086
2090
2039
2072
2045
2073
2034
2060
2041
2083
2066
2077
2031
2063
2070
2086
2071
2087
2103
2109
2147
2122
2144
2148
2194
2168
2192
2128
2169
2147
2187
2114
2146
2121
2138
2136
2135
2122
2134
2134
2123
2118
2055
2075
2046
2077
1997
1999
1939
1967
1926
1964
1907
1935
1889
1930
1885
1927
1929
1937
1945
1942
1945
1940
1950
1903
1949
1859
1903
1862
1925
1849
1909
1886
1941
1898
1947
1899
1944
1911
1966
1950
1943
1933
1921
1958
1973
1987
1983
2020
1979
2036
1970
2014
1964
2050
2002
2049
1994
2020
2007
2058
2033
2065
2040
2053
2092
2062
2066
2033
2068
2049
2041
1990
2030
1988
2066
1993
2001
1928
1971
1908
1917
1838
1821
1796
1809
1775
1771
1747
1707
1749
1747
1783
1765
1821
1808
1868
1832
1886
1861
1940
1905
1945
1893
1931
1934
1953
1937
1941
1934
1960
1956
1945
1988
1944
2006
1997
2036
1990
2044
2016
2080
2009
2013
1938
1971
1928
1940
1910
1881
1882
1896
1903
1888
1896
1920
1938
1883
1887
1820
1838
1812
1839
1788
1826
1806
1878
1862
1894
1880
1931
1925
1931
1924
1896
1913
1918
1911
1882
1889
1880
1941
1906
1944
1905
1966
1972
2016
1993
1999
1973
1999
1962
1955
1910
1909
1869
1865
1838
1791
1789
1779
1794
1747
1774
1741
1792
1796
1838
1808
1862
1871
1915
1905
1937
1921
1951
1943
1947
1929
1905
1911
1899
1934
1912
1934
1894
1939
1895
1908
1863
1884
1883
1911
1873
1875
1855
1856
1877
1861
1861
1845
1867
1864
1873
1828
1843
1828
1864
1824
1856
1828
1866
1866
1881
1842
1848
1843
1879
1853
1853
1860
1847
1866
1837
1831
1809
1842
1812
1858
1813
1858
1851
1916
1898
1925
1996
1977
1982
1989
1955
1927
1886
1883
1838
1867
1823
1851
1836
1875
1836
1872
1884
1928
1931
1947
1922
1939
1931
1947
1938
1919
1920
1909
1943
1937
1954
1949
2003
1995
2047
2005
2035
2006
2051
2001
2031
1995
2025
2025
2046
2022
2042
2032
2026
2054
2023
2009
1975
2005
1968
1975
1920
1934
1930
1991
1940
1986
1964
2037
2032
2063
2044
2067
2063
2082
2031
2025
2030
2022
2044
2015
2038
2018
2063
2037
2075
2021
2063
2041
2090
2023
2057
1988
2003
1982
1995
1961
1967
1952
1973
1936
1945
1973
1976
2025
1987
2008
1991
2039
2008
2054
2014
2059
2041
2110
2056
2091
2044
2054
2033
2037
2010
2012
1995
2004
1979
1949
1957
1928
1983
1949
1962
1926
1953
1919
1998
1943
1980
1943
2016
1979
2032
2008
2023
2027
2055
2026
2035
2035
2027
2074
2032
2031
1974
2012
1999
2031
2003
2046
2024
2099
2053
2098
2038
2087
2048
2066
2022
2035
2036
2068
2057
2062
2085
2083
2136
2105
2116
2087
2120
2086
2125
2055
2098
2067
2139
2095
2133
2081
2135
2128
2159
2123
2135
2118
2156
2136
2134
2145
2130
2171
2152
2185
2144
2174
2127
2206
2166
2223
2164
2233
2207
2244
2222
2232
2198
2225
2196
2202
2180
2222
2228
2203
2224
2196
2224
2224
2250
2222
2264
2217
2290
2248
2294
2234
2298
2265
2305
2267
2280
2256
2296
2260
2263
2220
2225
2262
2235
2244
2200
2223
2213
2231
2175
2203
2150
2218
2167
2201
2142
2199
2167
2221
2188
2222
2207
2258
2247
2266
2267
2249
2274
2249
2259
2208
2206
2190
2225
2162
2204
2142
2214
2164
2212
2155
2211
2182
2235
2214
2242
2209
2262
2233
2238
2250
2222
2248
2242
2264
2244
2247
2205
2292
2252
2310
2263
2320
2276
2320
2252
2278
2222
2266
2223
2245
2197
2239
2230
2235
2239
2220
2231
2256
2286
2267
2282
2210
2275
2239
2279
2197
2220
2172
2229
2167
2183
2134
2209
2178
2206
2143
2160
2176
2182
2175
2168
2176
2186
2206
2170
2208
2115
2168
2128
2173
2094
2136
2095
2146
2087
2099
2052
2114
2100
2133
2122
2126
2146
2165
2174
2170
2183
2182
2192
2160
2194
2127
2179
2135
2174
2108
2175
2131
2186
2136
2182
2128
2173
2129
2150
2139
2128
2108
2125
2114
2102
2087
2064
2108
2079
2125
2074
2115
2094
2145
2096
2127
2053
2116
2078
2131
2088
2135
2115
2153
2154
2137
2110
2126
2135
2120
2129
2072
2114
2091
2142
2085
2118
2084
2147
2098
2116
2040
2095
2062
2092
2020
2056
2042
2093
2106
2105
2096
2116
2131
2119
2147
2078
2120
2108
2156
2094
2117
2058
2108
2077
2107
2022
2039
2005
2043
1998
1984
1998
2020
2045
2038
2042
2003
2014
1990
2040
1967
1996
1950
1999
1938
1985
1939
1963
1945
1991
1939
1949
1907
1929
1979
1967
1961
1934
1962
1970
1964
1908
1955
1924
2011
1978
2027
1968
2046
2010
2066
2017
2055
2032
2077
2023
2046
2031
2023
2041
2036
2047
2047
2092
2111
2143
2095
2119
2078
2138
2094
2111
2049
2089
2066
2101
2040
2048
1997
2020
1964
1983
1978
1969
1980
1974
1978
1979
1992
1962
2018
1962
1999
1962
2033
2011
2049
2026
2059
2028
2067
2013
2029
1992
2039
2041
2031
2034
2022
2044
2051
2059
2032
2033
2010
2066
2038
2079
2054
2115
2112
2163
2120
2129
2088
2134
2106
2125
2079
2098
2106
2109
2106
2069
2073
2081
2096
2071
2100
2052
2097
2069
2089
2046
2098
2094
2136
2103
2106
2080
2135
2127
2129
2108
2078
2085
2070
2061
2029
2025
2028
2053
2019
2031
2003
2055
2043
2078
2053
2075
2054
2096
2083
2093
2070
2094
2086
2060
2055
2032
2047
2038
2052
2048
2075
2067
2111
2082
2086
2034
2040
2008
2017
1973
1981
1975
2024
2037
2050
2033
2058
2054
2050
2067
2048
2057
2067
2088
2073
2111
2090
2121
2113
2142
2084
2091
2088
2111
2113
2125
2116
2137
2150
2154
2131
2100
2115
2095
2099
2042
2048
2029
2042
2019
2047
1990
2028
2045
2075
2050
2082
2089
2122
2130
2133
2114
2132
2153
2131
2117
2077
2084
2076
2085
2048
2058
2053
2084
2060
2056
2014
2038
2007
2036
1983
1985
1984
2008
2022
2038
2044
2058
2090
2079
2107
2070
2095
2068
2095
2036
2057
2026
2050
2021
2049
2019
2037
2010
2030
2024
2013
2004
1991
2025
2005
2004
1978
1999
1970
2024
1978
1992
1956
1996
1939
1964
1929
1941
1930
1969
1948
1981
1982
2004
2042
2017
2018
1984
2026
2003
1996
1933
1945
1899
1943
1886
1917
1876
1958
1944
1978
1946
1964
1959
1998
1978
1992
2014
2017
2072
2043
2056
2034
2082
2074
2116
2067
2112
2088
2149
2102
2153
2118
2163
2164
2183
2144
2132
2127
2155
2131
2114
2139
2104
2145
2120
2152
2113
2155
2119
2180
2114
2156
2106
2180
2144
2197
2177
2173
2168
2187
2163
2151
2120
2124
2128
2086
2103
2052
2120
2109
2151
2117
2184
2130
2203
2142
2162
2100
2161
2123
2154
2135
2120
2118
2150
2152
2154
2131
2103
2164
2122
2141
2092
2150
2121
2162
2136
2167
2113
2184
2136
2160
2094
2141
2113
2123
2095
2067
2078
2096
2111
2098
2121
2034
2091
2074
2124
2075
2137
2106
2173
2152
2203
2164
2216
2178
2189
2137
2130
2116
2125
2116
2081
2083
2083
2112
2075
2122
2051
2098
2053
2111
2052
2084
2061
2105
2086
2126
2098
2128
2135
2175
2163
2136
2149
2149
2209
2175
2177
2150
2198
2155
2193
2145
2191
2172
2211
2143
2133
2089
2112
2118
2132
2102
2116
2127
2111
2145
2085
2096
2070
2123
2071
2098
2059
2091
2055
2107
2056
2088
2056
2117
2110
2107
2089
2098
2123
2147
2146
2152
2193
2178
2224
2170
2206
2146
2190
2155
2169
2126
2135
2131
2174
2150
2159
2125
2135
2184
2176
2180
2162
2194
2185
2218
2206
2235
2199
2251
2230
2257
2211
2247
2223
2254
2226
2227
2225
2258
2278
2273
2284
2251
2295
2272
2297
2245
2271
2250
2279
2255
2274
2234
2269
2271
2294
2274
2285
2287
2300
2329
2311
2315
2314
2338
2314
2344
2291
2321
2305
2319
2260
2258
2217
2248
2222
2203
2179
2180
2201
2190
2200
2158
2175
2157
2198
2149
2168
2144
2212
2189
2200
2159
2202
2194
2219
2169
2191
2194
2194
2221
2192
2193
2162
2192
2139
2175
2119
2134
2093
2153
2103
2136
2102
2117
2102
2118
2086
2099
2102
2135
2132
2121
2153
2136
2175
2163
2178
2132
2173
2105
2160
2109
2142
2093
2169
2119
2151
2147
2167
2182
2214
2205
2203
2208
2187
2245
2194
2205
2154
2221
2181
2213
2178
2215
2194
2247
2184
2214
2164
2216
2177
2165
2129
2104
2130
2126
2118
2095
2114
2060
2126
2061
2114
2068
2153
2116
2178
2127
2166
2146
2208
2172
2196
2147
2148
2190
2175
2194
2174
2212
2208
2232
2215
2277
2231
2309
2263
2304
2244
2306
2268
2295
2262
2271
2250
2264
2247
2243
2248
2191
2245
2242
2279
2237
2286
2263
2316
2275
2294
2243
2300
2266
2286
2245
2241
5835
2087
2079
2079
2055
2042
2030
2052
2048
2046
2033
2012
1993
1971
1977
1980
1983
1978
1976
1993
2010
2022
2051
2074
2104
2118
2134
2162
2174
2181
2186
2193
2181
2164
2145
2124
2108
2093
2072
2058
2056
2068
2068
2064
2074
2074
2078
2072
2068
2069
2069
2078
2085
2078
2075
2080
2089
2102
2112
2109
2108
2097
2104
2111
2107
2104
2111
2119
2127
2116
2122
2111
2095
2077
2068
2047
2032
2023
2023
1999
2004
1990
1988
1973
1968
1959
1955
1954
1948
1948
1956
1981
1989
1997
2004
2024
2044
2062
2067
2061
2044
2038
2025
2013
1999
1982
1968
1947
1945
1926
1931
1933
1929
1923
1913
1890
1879
1863
1864
1860
1862
1861
1868
1873
1895
1927
1938
1949
1955
1962
1979
1999
2026
2027
2026
2020
2034
2032
2031
2045
2051
2057
2072
2078
2076
2080
2086
2065
2060
2052
2046
2063
2062
2072
2056
2037
2023
2018
2002
1992
1994
1984
1989
2019
2025
2052
2066
2084
2094
2094
2086
2087
2080
2072
2061
2054
2033
2035
2032
2003
1980
1974
1973
1973
1980
1987
1980
1988
1982
1990
1998
2006
2014
2013
2018
2045
2052
2063
2063
2065
2086
2098
2102
2092
2086
2089
2095
2093
2103
2118
2129
2134
2143
2148
2148
2155
2171
2179
2187
2192
2183
2180
2195
2188
2201
2201
2208
2212
2218
2200
2190
2181
2150
2121
2078
2040
2002
1979
1949
1913
1884
1865
1851
1858
1860
1842
1836
1830
1815
1818
1816
1828
1854
1879
1898
1921
1928
1952
1987
2004
2040
2060
2082
2094
2079
2101
2077
2088
2098
2097
2084
2070
2062
2072
2076
2083
2073
2082
2095
2125
2123
2125
2125
2114
2112
2105
2088
2074
2075
2084
2081
2110
2115
2118
2128
2127
2131
2146
2158
2165
2184
2195
2227
2243
2252
2254
2243
2231
2241
2242
2237
2222
2216
2201
2190
2179
2164
2139
2140
2140
2133
2146
2154
2155
2171
2154
2140
2134
2119
2087
2053
2021
2015
2000
2006
2011
2045
2068
2084
2102
2128
2147
2168
2187
2191
2195
2202
2212
2205
2194
2188
2189
2167
2147
2119
2104
2090
2105
2126
2143
2156
2175
2186
2204
2217
2223
2243
2253
2254
2259
2256
2257
2241
2206
2178
2159
2154
2149
2138
2126
2116
2117
2130
2143
2162
2169
2181
2194
2214
2227
2240
2243
2239
2223
2218
2216
2195
2173
2168
2165
2150
2141
2123
2113
2104
2099
2097
2087
2086
2088
2081
2082
2075
2082
2079
2088
2085
2096
2116
2147
2155
2162
2155
2159
2145
2138
2125
2119
2099
2087
2091
2100
2089
2100
2108
2120
2128
2135
2138
2162
2178
2186
2189
2180
2181
2179
2180
2174
2184
2170
2165
2139
2133
2114
2083
2058
2036
2025
2022
2010
2003
1983
1991
1992
2003
2000
2009
2026
2039
2042
2042
2062
2071
2068
2068
2070
2063
2053
2027
2013
2006
2005
2006
1991
2001
1998
1986
1976
1972
1974
1973
1964
1969
1976
1971
1966
1970
1959
1947
1931
1925
1917
1919
1931
1941
1947
1948
1958
1953
1951
1962
1978
1999
2004
2020
2033
2024
2013
2023
2029
2044
2040
2037
2038
2038
2036
2041
2044
2058
2054
2059
2075
2074
2092
2108
2122
2128
2165
2174
2196
2202
2192
2179
2174
2153
2147
2142
2134
2141
2148
2152
2168
2178
2187
2188
2217
2215
2216
2220
2227
2236
2231
2214
2190
2162
2142
2115
2101
2077
2060
2036
2040
2034
2038
2052
2070
2092
2113
2137
2175
2187
2196
2216
2236
2256
2273
2270
2262
2269
2263
2260
2267
2237
2217
2203
2190
2181
2180
2193
2192
2203
2216
2223
2219
2227
2249
2254
2254
2238
2230
2224
2208
2202
2202
2195
2193
2208
2207
2213
2215
2222
2211
2207
2203
2194
2173
2165
2147
2129
2098
2073
2057
2054
2054
2053
2058
2055
2067
2074
2074
2072
2051
2039
2031
2036
2042
2050
2060
2065
2074
2082
2088
2115
2139
2161
2165
2168
2170
2186
2186
2164
2161
2156
2125
2122
2108
2106
2101
2090
2066
2056
2054
2053
2052
2049
2058
2062
2062
2060
2075
2069
2074
2079
2087
2094
2117
2124
2136
2135
2140
2129
2130
2141
2154
2155
2158
2154
2167
2171
2176
2169
2178
2164
2152
2146
2149
2164
2172
2173
2169
2169
2150
2156
2157
2148
2153
2139
2135
2139
2158
2166
2174
2179
2178
2173
2166
2165
2159
2151
2149
2152
2169
2191
2202
2222
2232
2245
2250
2243
2248
2252
2234
2222
2211
2186
2172
2151
2140
2151
2146
2165
2185
2201
2207
2216
2215
2217
2211
2201
2193
2170
2147
2147
2138
2136
2147
2171
2187
2215
2224
2205
2191
2166
2136
2113
2105
2102
2105
2096
2096
2092
2089
2093
2103
2107
2121
2149
2166
2173
2181
2185
2201
2210
2212
2216
2237
2246
2234
2223
2235
2243
2252
2254
2251
2247
2245
2228
2204
2191
2172
2145
2126
2123
2137
2130
2134
2129
2107
2096
2100
2113
2101
2108
2121
2113
2114
2115
2109
2127
2124
2126
2128
2137
2146
2147
2160
2176
2185
2177
2167
2158
2151
2146
2151
2157
2160
2167
2173
2178
2166
2166
2156
2154
2169
2180
2195
2188
2181
2179
2171
2163
2168
2172
2179
2193
2210
2230
2243
2248
2246
2246
2248
2248
2250
2252
2254
2242
2249
2245
2247
2245
2237
2236
2227
2227
2223
2192
2183
2186
2184
2184
2185
2178
2183
2196
2199
2207
2189
2174
2178
2178
2181
2190
2196
2203
2208
2217
2222
2189
2181
2176
2173
2164
2165
2166
2175
2189
2193
2196
2206
2211
2195
2192
2192
2181
2168
2166
2181
2177
2178
2182
2179
2165
2130
2103
2082
2073
2063
2070
2078
2092
2100
2112
2106
2116
2129
2130
2123
2124
2127
2131
2154
2159
2164
2171
2170
2155
2132
2121
2108
2104
2095
2087
2095
2102
2118
2112
2127
2118
2112
2099
2095
2085
2095
2090
2091
2091
2105
2108
2110
2111
2090
2087
2097
2097
2090
2072
2079
2078
2067
2076
2090
2095
2091
2089
2095
2102
2090
2092
2083
2092
2099
2103
2120
2129
2109
2103
2067
2034
1998
1970
1959
1964
1989
2018
2038
2052
2074
2080
2093
2111
2112
2113
2130
2150
2175
2177
2183
2196
2198
2213
2220
2221
2236
2216
2200
2182
2156
2141
2126
2118
2116
2119
2122
2109
2104
2110
2109
2121
2120
2142
2136
2152
2166
2178
2181
2196
2196
2195
2192
2195
2204
2203
2211
2209
2216
2230
2240
2244
2253
2248
2258
2262
2270
2269
2256
2239
2243
2244
2260
2260
2260
2242
2236
2238
2239
2245
2258
2252
2264
2266
2286
2290
2276
2258
2256
2252
2232
2204
2197
2192
2180
2188
2177
2173
2178
2178
2186
2191
2194
2201
2197
2209
2214
2220
2224
2235
2220
2226
2219
2207
2211
2226
2227
2235
2235
2223
2215
2215
2214
2214
2208
2219
2238
2271
2280
2262
2258
2244
2227
2229
2233
2218
2220
2217
2223
2209
2201
2205
2215
2202
2204
2204
2201
2209
2212
2235
2236
2236
2245
2238
2226
2215
2183
2180
2185
2174
2176
2168
2164
2167
2163
2165
2162
2164
2157
2154
2155
2169
2155
2133
2110
2093
2073
2078
2080
2074
2059
2035
2033
2021
2027
2028
2034
2063
2086
2112
2131
2153
2155
2165
2169
2172
2180
2185
2179
2185
2162
2144
2135
2126
2103
2091
2082
2061
2036
2035
2044
2054
2063
2070
2063
2050
2056
2072
2073
2066
2057
2040
2026
2010
2011
1985
1987
1996
2012
2034
2048
2084
2113
2117
2143
2146
2134
2117
2102
2078
2056
2030
2033
2044
2053
2064
2079
2107
2115
2124
2120
2109
2104
2099
2089
2085
2076
2055
2044
2023
2007
2007
2010
2010
2006
2003
2005
2004
2025
2026
2006
2003
1999
2004
2020
2018
2014
2004
1989
1964
1962
1962
1958
1965
1971
1987
2002
2004
2022
2054
2076
2092
2124
2137
2156
2162
2167
2157
2144
2135
2130
2122
2136
2139
2147
2160
2183
2178
2160
2144
2129
2126
2116
2111
2101
2083
2070
2065
2070
2079
2076
2082
2083
2084
2075
2059
2053
2060
2072
2077
2090
2096
2111
2116
2124
2129
2133
2140
2148
2147
2159
2161
2173
2163
2155
2147
2160
2150
2163
2164
2156
2149
2162
2176
2190
2179
2177
2156
2131
2107
2093
2077
2059
2065
2067
2066
2065
2077
2088
2110
2137
2166
2191
2213
2218
2237
2242
2252
2257
2270
2281
2286
2288
2297
2295
2301
2314
2330
2335
2327
2330
2323
2345
2345
2339
2332
2313
2308
2312
2296
2287
2286
2289
2267
2264
2251
2253
2257
2266
2264
2261
2259
2273
2263
2254
2244
2220
2221
2220
2220
2214
2211
2205
2217
2204
2209
2207
2221
2246
2257
2268
2279
2287
2293
2290
2279
2284
2277
2277
2258
2248
2249
2260
2257
2262
2255
2239
2223
2205
2186
2174
2155
2142
2143
2138
2130
2124
2130
2141
2153
2180
2201
2207
2209
2208
2203
2204
2194
2185
2190
2183
2184
2184
2200
2203
2198
2191
2206
2203
2201
2190
2195
2182
2172
2148
2161
2161
2133
2115
2113
2108
2089
2088
2071
2071
2062
2045
2049
2040
2021
2025
2007
1988
1952
1957
1951
1952
1944
1939
1946
1942
1941
1933
1928
1919
1912
1908
1919
1917
1936
1976
1998
2025
2054
2074
2092
2089
2091
2081
2074
2075
2086
2089
2101
2080
2092
2091
2079
2069
2065
2065
2058
2035
2034
2019
2013
2005
2018
2017
2041
2045
2052
2054
2038
2026
2011
1985
1970
1961
1957
1961
1967
1947
1938
1939
1947
1941
1941
1943
1945
1948
1953
1946
1965
1978
1982
1976
1969
1964
1953
1927
1908
1887
1885
1892
1875
1882
1889
1895
1886
1894
1910
1917
1923
1930
1924
1921
1923
1929
1915
1907
1896
1897
1909
1926
1929
1936
1916
1907
1897
1902
1905
1894
1900
1903
1916
1922
1939
1938
1955
1987
2014
2023
2023
2008
1995
1984
1982
1979
1973
1971
1975
1967
1973
1963
1965
1963
1969
1962
1949
1945
1952
1927
1908
1889
1875
1872
1889
1906
1917
1912
1923
1932
1953
1967
1960
1945
1956
1957
1959
1970
1983
1991
1977
1975
1955
1958
1948
1927
1915
1905
1902
1909
1905
1920
1930
1958
1955
1978
1989
2008
2025
2048
2069
2082
2083
2079
2076
2070
2064
2052
2039
2017
1987
1956
1935
1898
1880
1868
1848
1837
1851
1859
1892
1919
1955
1994
2010
2029
2053
2058
2065
2075
2084
2078
2083
2063
2054
2041
2030
2027
1969
1961
1976
1993
2007
2008
2020
2049
2062
2072
2072
2043
2021
1994
1950
1934
1905
1891
1879
1886
1890
1899
1909
1947
1965
1985
1997
2007
2011
2002
1988
1985
1980
1967
1963
1963
1953
1954
1977
1976
1982
1999
1999
1985
1993
1994
1997
1997
2008
2009
2011
2023
2030
2028
2051
2068
2090
2102
2106
2118
2130
2126
2138
2149
2160
2170
2176
2187
2182
2165
2146
2143
2131
2126
2116
2097
2089
2094
2097
2105
2112
2138
2133
2105
2078
2034
2015
2003
1996
1990
1988
2000
2010
2021
2027
2042
2049
2044
2051
2046
2051
2056
2052
2037
2035
2037
2042
2052
2068
2067
2078
2104
2119
2134
2136
2142
2142
2142
2136
2128
2119
2112
2114
2078
2066
2045
2021
2008
1999
1978
1961
1962
1969
1965
1967
1960
1953
1944
1950
1967
1969
1961
1960
1969
1980
1988
2003
2026
2030
2043
2045
2056
2079
2089
2106
2124
2133
2133
2138
2144
2146
2123
2116
2115
2114
2088
2058
2033
2004
1982
1964
1931
1902
1897
1895
1916
1942
1986
2014
2070
2111
2151
2155
2168
2174
2189
2184
2169
2162
2161
2155
2144
2133
2124
2112
2123
2149
2155
2160
2166
2180
2168
2151
2124
2120
2110
2104
2093
2099
2092
2099
2113
2131
2131
2145
2154
2149
2131
2110
2105
2091
2085
2087
2107
2118
2133
2158
2188
2202
2225
2214
2212
2205
2201
2214
2210
2200
2204
2208
2237
2242
2248
2227
2222
2194
2170
2176
2189
2200
2203
2204
2212
2205
2195
2186
2182
2194
2203
2213
2212
2207
2213
2231
2240
2254
2241
2244
2252
2236
2218
2210
2206
2196
2181
2190
2200
2217
2234
2233
2244
2268
2269
2259
2265
2266
2260
2244
2225
2202
2202
2201
2207
2224
2233
2224
2236
2236
2244
2239
2226
2233
2214
2219
2219
2228
2226
2225
2238
2241
2250
2261
2264
2258
2251
2249
2260
2286
2293
2291
2290
2296
2293
2292
2300
2298
2302
2298
2299
2288
2283
2270
2250
2228
2205
2194
2183
2165
2163
2178
2189
2194
2207
2210
2211
2210
2221
2220
2204
2184
2170
2172
2169
2173
2177
2184
2189
2201
2215
2226
2230
2247
2252
2257
2245
2222
2198
2222
2237
2254
2258
2256
2256
2268
2268
2277
2286
2284
2280
2289
2275
2278
2259
2248
2244
2232
2224
2215
2207
2213
2217
2234
2234
2228
2227
2231
2251
2265
2265
2265
2258
2242
2239
2215
2206
2188
2187
2181
2175
2149
2136
2136
2130
2125
2128
2123
2113
2105
2102
2089
2088
2095
2083
2088
2092
2104
2128
2143
2150
2163
2183
2191
2208
2217
2214
2219
2221
2229
2239
2239
2243
2257
2253
2240
2228
2217
2207
2205
2196
2190
2168
2151
2118
2087
2049
2015
1996
1975
1976
1977
2010
2029
2055
2075
2084
2101
2111
2113
2102
2098
2095
2095
2088
2105
2119
2127
2147
2157
2152
2146
2152
2157
2151
2146
2144
2148
2134
2129
2133
2131
2143
2148
2154
2159
2186
2176
2192
2191
2189
2179
2161
2139
2119
2106
2097
2097
2092
2087
2080
2090
2110
2124
2136
2147
2154
2160
2148
2146
2154
2155
2140
2130
2124
2133
2153
2162
2155
2172
2186
2184
2182
2190
2192
2196
2204
2191
2185
2189
2198
2176
2180
2190
2208
2217
2227
2224
2215
2210
2191
2179
2157
2140
2141
2136
2135
2128
2139
2132
2131
2131
2117
2112
2103
2095
2076
2066
2036
2022
2003
1993
1987
1991
1987
1992
2003
2014
2014
2029
2042
2051
2063
2064
2062
2066
2072
2067
2051
2023
2002
1986
1977
1967
1965
1964
1971
1985
2014
2024
2039
2049
2063
2057
2047
2031
2025
2018
1994
1964
1949
1938
1938
1933
1935
1958
1969
1991
2013
2021
2034
2045
2055
2067
2064
2081
2078
2077
2085
2110
2097
2106
2113
2104
2094
2075
2060
2057
2038
2019
1995
1962
1948
1935
1939
1957
1970
1973
1987
2010
2013
2031
2048
2061
2062
2040
2028
2011
2008
1980
1961
1929
1911
1908
1903
1895
1890
1870
1882
1895
1909
1935
1961
1988
2026
2047
2050
2071
2076
2093
2098
2110
2115
2118
2109
2090
2072
2067
2055
2054
2062
2079
2084
2084
2072
2070
2072
2072
2080
2090
2089
2070
2033
2005
1988
1966
1953
1954
1973
1979
1997
2011
2014
2018
2019
2001
1985
1967
1942
1930
1911
1909
1905
1895
1888
1882
1883
1892
1899
1907
1923
1936
1932
1934
1934
1929
1937
1951
1961
1984
1995
2006
2035
2045
2063
2068
2070
2061
2046
2053
2051
2067
2075
2068
2073
2058
2056
2034
2025
2011
2002
1985
1981
1966
1985
1982
1990
1989
1990
1999
2009
2014
2005
2015
2018
2012
2011
1998
2000
1989
1977
1975
1967
1974
1966
1962
1954
1939
1932
1938
1925
1907
1896
1883
1872
1869
1845
1828
1807
1810
1814
1802
1809
1816
1822
1849
1861
1878
1883
1899
1924
1934
1931
1924
1921
1921
1911
1908
1896
1880
1878
1893
1900
1899
1893
1910
1929
1940
1942
1947
1974
1999
2003
2014
2013
2012
1997
1968
1957
1953
1953
1956
1954
1959
1953
1945
1942
1943
1951
1965
1969
1963
1966
1978
1999
2004
2009
2026
2035
2032
2035
2044
2067
2064
2069
2083
2092
2106
2115
2118
2123
2128
2133
2148
2161
2162
2152
2141
2130
2117
2114
2119
2106
2098
2100
2091
2106
2116
2117
2112
2121
2121
2110
2103
2106
2112
2098
2094
2100
2111
2117
2132
2147
2152
2152
2154
2168
2165
2169
2154
2184
2180
2180
2161
2166
2169
2183
2190
2195
2193
2195
2194
2192
2202
2194
2191
2192
2195
2199
2202
2192
2182
2180
2176
2179
2178
2167
2171
2169
2172
2175
2181
2178
2170
2166
2167
2170
2163
2166
2173
2182
2178
2173
2187
2193
2176
2174
2176
2174
2163
2168
2165
2170
2164
2160
2171
2166
2155
2148
2128
2102
2092
2097
2111
2108
2123
2130
2141
2158
2170
2185
2194
2217
2219
2227
2240
2254
2259
2265
2258
2254
2232
2223
2207
2194
2174
2158
2153
2150
2159
2167
2157
2151
2155
2144
2146
2169
2181
2182
2188
2189
2200
2198
2199
2189
2186
2180
2173
2164
2159
2155
2140
2137
2137
2132
2120
2112
2122
2140
2144
2138
2141
2145
2153
2166
2162
2171
2188
2200
2214
2221
2225
2221
2217
2207
2202
2219
2232
2225
2236
2239
2246
2256
2265
2270
2265
2257
2247
2244
2229
2207
2180
2184
2184
2178
2171
2182
2196
2201
2197
2204
2208
2219
2217
2232
2226
2220
2220
2232
2233
2246
2243
2247
2249
2246
2252
2255
2253
2253
2252
2264
2255
2248
2255
2262
2256
2262
2256
2243
2237
2214
2208
2214
2205
2189
2174
2177
2162
2166
2172
2169
2181
2180
2191
2194
2182
2168
2156
2151
2141
2136
2136
2135
2145
2164
2160
2168
2179
2179
2174
2184
2193
2204
2214
2227
2222
2223
2212
2212
2207
2195
2179
2171
2171
2146
2152
2140
2139
2128
2139
2140
2131
2133
2147
2147
2158
2178
2187
2195
2191
2186
2193
2193
2170
2137
2107
2069
2041
2019
1999
1981
1963
1968
1960
1978
1979
1998
2015
2055
2076
2084
2086
2084
2078
2076
2078
2095
2095
2104
2121
2122
2118
2114
2114
2108
2107
2089
2079
2069
2062
2080
2089
2075
2080
2077
2078
2090
2096
2088
2092
2108
2121
2129
2136
2147
2126
2109
2090
2089
2078
2087
2092
2087
2092
2096
2095
2090
2087
2076
2070
2071
2057
2067
2064
2063
2069
2061
2047
2036
2022
1987
1972
1970
1960
1937
1933
1927
1927
1934
1951
1967
1967
1958
1935
1908
1889
1842
1835
1830
1831
1834
1855
1871
1882
1892
1888
1892
1880
1884
1889
1885
1885
1889
1903
1908
1916
1926
1919
1895
1886
1880
1883
1885
1893
1895
1895
1899
1907
1920
1921
1909
1911
1896
1906
1909
1915
1915
1912
1926
1941
1934
1926
1917
1904
1903
1884
1886
1879
1891
1902
1912
1917
1916
1913
1909
1901
1885
1873
1871
1884
1885
1889
1888
1893
1892
1882
1879
1880
1880
1881
1878
1891
1893
1906
1914
1927
1921
1937
1956
1979
1997
1995
1995
2005
2009
1999
2010
2015
2005
1976
1950
1937
1925
1920
1923
1938
1937
1929
1946
1962
1976
1977
1982
1987
1987
1972
1960
1955
1951
1929
1924
1910
1903
1897
1899
1905
1904
1898
1908
1918
1934
1925
1929
1911
1901
1891
1867
1843
1827
1812
1809
1813
1804
1810
1825
1831
1839
1839
1841
1856
1867
1889
1907
1905
1907
1908
1927
1944
1957
1959
1967
1998
2019
2023
2018
2003
1996
1994
1997
1997
2002
2016
2059
2076
2072
2076
2074
2070
2075
2073
2089
2065
2053
2040
2038
2031
2036
2033
2038
2052
2058
2072
2082
2060
2048
2032
2005
1995
1994
1999
1986
1968
1945
1941
1942
1944
1965
1976
1990
2004
2014
1953
1948
1968
1987
1994
1995
2003
2011
2031
2047
2066
2066
2053
2069
2075
2069
2058
2076
2073
2066
2061
2051
2060
2060
2043
2060
2065
2063
2073
2082
2089
2093
2096
2107
2107
2115
2128
2137
2140
2166
2172
2166
2151
2146
2141
2154
2147
2134
2118
2106
2103
2089
2080
2090
2106
2115
2128
2149
2154
2142
2158
2162
2176
2173
2166
2154
2157
2155
2158
2152
2132
2111
2110
2108
2099
2090
2095
2090
2058
2042
2032
2018
2012
1991
1979
1970
1960
1953
1965
1988
1992
1986
1974
1988
1999
2011
2023
2049
2064
2054
2065
2086
2088
2093
2089
2063
2046
2016
1981
1959
1948
1937
1940
1943
1962
1964
1984
2020
2041
2065
2084
2073
2085
2087
2083
2065
2042
2008
1992
1978
1961
1970
1985
2002
2007
2017
2015
2009
2012
2019
2019
2024
2017
2003
1982
1976
1980
1988
2007
2005
2006
2011
2020
2015
2027
2032
2022
2011
2006
2007
2008
1999
1982
1950
1927
1912
1912
1914
1922
1924
1926
1915
1925
1936
1933
1956
1963
1970
1972
1973
1993
1997
1995
1985
1964
1918
1866
1825
1808
1787
1768
1764
1746
1757
1776
1803
1831
1848
1864
1880
1887
1906
1911
1923
1916
1910
1913
1919
1946
1984
2015
2029
2045
2055
2053
2041
2028
2011
2015
1992
1985
1988
2012
2044
2065
2090
2104
2122
2144
2173
2188
2206
2208
2214
2221
2225
2216
2219
2218
2223
2202
2207
2207
2203
2192
2187
2185
2170
2157
2142
2133
2118
2115
2112
2118
2110
2092
2084
2081
2066
2063
2072
2074
2080
2086
2094
2095
2081
2071
2080
2069
2071
2089
2113
2119
2126
2141
2153
2163
2188
2197
2199
2177
2144
2117
2094
2064
2035
2010
1995
1980
1987
1995
2022
2033
2036
2040
2054
2056
2056
2056
2068
2071
2082
2101
2098
2092
2062
2045
2027
2015
1996
1990
1983
1985
1991
1993
1996
2019
2050
2063
2081
2071
2073
2089
2101
2107
2112
2115
2114
2115
2128
2135
2127
2133
2134
2146
2159
2139
2119
2114
2109
2104
2091
2057
2020
2002
1987
1981
1973
1963
1967
1963
1982
1997
2013
2035
2052
2070
2084
2102
2116
2096
2072
2073
2069
2055
2040
2038
2019
2037
2055
2088
2115
2141
2171
2181
2167
2135
2132
2110
2109
2116
2119
2101
2104
2099
2083
2079
2094
2100
2104
2110
2111
2094
2089
2098
2101
2099
2101
2105
2115
2143
2154
2162
2168
2168
2153
2132
2107
2087
2064
2041
2048
2055
2060
2076
2092
2112
2109
2103
2110
2100
2086
2081
2067
2069
2065
2058
2064
2073
2083
2090
2093
2097
2098
2099
2095
2082
2074
2075
2064
2075
2087
2078
2085
2085
2087
2089
2098
2090
2087
2073
2078
2078
2084
2074
2080
2087
2090
2106
2141
2156
2161
2160
2192
2213
2203
2198
2191
2186
2172
2165
2166
2166
2156
2165
2170
2179
2184
2193
2202
2195
2195
2196
2207
2199
2187
2154
2126
2106
2098
2093
2094
2088
2075
2079
2086
2096
2096
2097
2106
2100
2097
2087
2081
2084
2102
2099
2098
2097
2102
2098
2104
2109
2129
2133
2126
2126
2129
2123
2127
2112
2110
2132
2155
2174
2174
2175
2168
2160
2144
2134
2122
2115
2105
2102
2100
2106
2119
2130
2137
2113
2097
2080
2075
2058
2059
2048
2036
2038
2036
2043
2044
2035
2031
2016
2007
2003
2012
2009
1997
1992
1983
1992
1989
1984
1976
1966
1963
1965
1944
1946
1937
1955
1966
1970
1973
1971
1966
1945
1945
1927
1920
1910
1913
1923
1948
1966
1978
1969
1967
1968
1956
1945
1931
1923
1923
1931
1923
1926
1924
1914
1916
1921
1936
1943
1924
1902
1893
1886
1883
1883
1877
1906
1912
1922
1939
1949
1952
1965
1979
1984
1986
1981
1959
1943
1911
1881
1849
1831
1801
1791
1750
1727
1701
1695
1699
1697
1686
1678
1648
1636
1618
1591
1571
1561
1544
1521
1496
1485
1474
1463
1478
1491
1517
1537
1556
1592
1623
1654
1675
1708
1727
1740
1718
1716
1717
1715
1717
1731
1744
1753
1778
1800
1824
1843
1856
1873
1874
1878
1906
1925
1948
1960
1986
1966
1938
1923
1912
1882
1857
1836
1823
1801
1793
1778
1770
1767
1772
1765
1767
1784
1798
1812
1813
1819
1812
1821
1837
1848
1855
1879
1891
1902
1914
1931
1935
1913
1893
1866
1824
1805
1792
1784
1769
1766
1761
1758
1773
1778
1769
1770
1774
1781
1773
1785
1794
1802
1795
1807
1825
1826
1842
1862
1900
1927
1959
1989
2016
2028
2038
2028
2009
2007
1996
1979
1974
1959
1934
1901
1884
1864
1852
1846
1842
1846
1845
1845
1847
1843
1835
1839
1833
1841
1824
1822
1812
1806
1765
1741
1719
1707
1708
1695
1695
1706
1703
1711
1716
1711
1681
1689
1694
1705
1719
1725
1745
1757
1778
1793
1808
1815
1794
1770
1727
1687
1669
1652
1659
1656
1652
1657
1654
1654
1646
1655
1664
1663
1643
1643
1634
1630
1629
1622
1623
1625
1619
1614
1604
1599
1612
1587
1581
1601
1613
1650
1669
1699
1732
1761
1780
1792
1811
1850
1879
1901
1913
1920
1940
1941
1932
1930
1945
1961
1967
1976
1983
1991
2004
2003
2003
2004
2002
1991
1974
1976
1965
1953
1941
1935
1933
1930
1919
1916
1907
1901
1890
1891
1895
1905
1916
1917
1903
1889
1883
1887
1889
1895
1900
1914
1924
1944
1962
1980
1993
2003
2029
2048
2051
2050
2045
2036
2038
2030
2010
1998
1991
1986
1976
1984
1977
1975
1969
1973
1969
1974
1973
1982
1989
1987
1958
1938
1929
1909
1890
1872
1870
1867
1865
1872
1892
1891
1915
1926
1942
1934
1928
1931
1932
1929
1930
1926
1923
1902
1901
1907
1913
1915
1930
1948
1953
1946
1940
1932
1934
1925
1915
1915
1899
1885
1860
1851
1853
1864
1856
1849
1860
1870
1875
1884
1900
1903
1900
1890
1883
1878
1876
1884
1884
1889
1907
1933
1958
1980
2011
2026
2040
2051
2071
2101
2089
2089
2101
2089
2080
2080
2077
2066
2076
2078
2079
2080
2090
2090
2095
2105
2111
2100
2098
2085
2074
2049
2032
1997
1978
1962
1932
1917
1914
1908
1900
1902
1885
1866
1858
1844
1829
1806
1779
1772
1757
1741
1736
1741
1743
1751
1764
1787
1818
1842
1878
1910
1930
1951
1972
1998
2011
2023
2042
2060
2060
2048
2040
2017
1999
1985
1988
1974
1963
1952
1959
1956
1966
1967
1986
1991
2011
2021
2018
2018
2013
2017
2014
2018
2000
1999
2000
1998
1973
1968
1970
1971
1968
1953
1926
1898
1871
1861
1854
1854
1846
1857
1889
1922
1952
1981
2005
2036
2080
2087
2086
2100
2105
2099
2071
2043
2011
1978
1963
1941
1911
1901
1894
1910
1906
1908
1913
1926
1933
1943
1963
1982
2007
2044
2054
2067
2075
2071
2080
2089
2089
2101
2115
2128
2142
2153
2171
2175
2172
2174
2180
2185
2184
2168
2138
2127
2128
2119
2110
2107
2094
2090
2074
2063
2054
2058
2062
2076
2071
2076
2077
2080
2105
2117
2132
2155
2170
2188
2218
2231
2234
2229
2219
2226
2230
2221
2221
2204
2190
2174
2167
2163
2163
2146
2135
2120
2093
2080
2069
2077
2068
2061
2041
2000
1973
1948
1947
1935
1931
1917
1920
1920
1927
1933
1937
1943
1949
1958
1947
1955
1954
1941
1951
1940
1925
1917
1939
1943
1947
1965
1975
1982
1971
1974
1967
1960
1947
1944
1938
1949
1933
1941
1936
1947
1946
1952
1952
1972
1976
1980
1990
2002
1995
1999
2002
2004
2013
2025
2056
2074
2081
2087
2103
2089
2085
2067
2058
2040
2023
2001
1997
1992
1994
1982
1976
1947
1925
1903
1894
1851
1834
1800
1782
1759
1725
1721
1725
1723
1729
1753
1782
1813
1835
1839
1846
1863
1880
1892
1893
1906
1918
1941
1932
1932
1927
1923
1940
1938
1934
1941
1961
1988
2011
2028
2053
2065
2063
2049
2043
2014
1993
1984
1972
1952
1927
1892
1891
1891
1886
1887
1884
1887
1886
1889
1882
1885
1874
1852
1822
1825
1829
1840
1850
1859
1863
1880
1904
1916
1933
1943
1934
1943
1939
1936
1922
1919
1901
1887
1897
1908
1907
1904
1922
1931
1949
1944
1954
1947
1944
1934
1921
1894
1867
1843
1829
1817
1799
1778
1770
1761
1758
1773
1784
1794
1794
1793
1821
1847
1859
1880
1910
1927
1943
1957
1942
1936
1914
1906
1907
1909
1907
1907
1905
1893
1879
1871
1862
1856
1869
1882
1901
1905
1918
1916
1919
1931
1925
1927
1924
1916
1920
1904
1899
1890
1879
1864
1858
1863
1860
1858
1865
1870
1861
1870
1869
1861
1858
1854
1845
1850
1832
1819
1815
1826
1833
1841
1834
1832
1827
1848
1862
1887
1907
1925
1950
1967
1983
1989
2000
1977
1959
1931
1903
1871
1857
1832
1786
1787
1810
1842
1874
1897
1909
1927
1931
1934
1922
1917
1903
1883
1881
1882
1906
1932
1960
1992
2014
2022
2017
2012
2001
1996
1978
1963
1954
1949
1971
1982
2000
1999
2002
2004
1999
1988
1965
1956
1955
1940
1938
1922
1915
1912
1915
1918
1941
1975
1994
2015
2027
2038
2058
2068
2072
2073
2061
2042
2033
2036
2036
2040
2056
2062
2080
2088
2087
2096
2105
2092
2067
2041
2032
2005
1995
1989
1977
1969
1961
1950
1947
1962
1981
1987
1989
1991
2021
2045
2067
2066
2083
2082
2085
2088
2086
2085
2070
2059
2050
2043
2037
2034
2021
2012
1992
1966
1962
1945
1920
1911
1893
1893
1889
1900
1907
1931
1948
1959
1979
1993
2004
2010
1999
1998
1999
2007
1996
1987
1994
1993
2008
2008
2002
2000
2041
2048
2054
2070
2080
2088
2086
2074
2065
2067
2073
2072
2068
2077
2074
2083
2074
2081
2076
2082
2084
2092
2100
2089
2079
2085
2100
2104
2108
2118
2133
2144
2154
2163
2166
2158
2148
2149
2146
2136
2141
2135
2127
2128
2143
2156
2152
2152
2168
2170
2187
2201
2218
2220
2215
2239
2248
2239
2243
2237
2235
2222
2208
2206
2205
2205
2202
2207
2210
2233
2243
2248
2254
2266
2285
2310
2315
2308
2317
2323
2325
2324
2313
2285
2266
2265
2255
2242
2226
2213
2213
2216
2220
2216
2205
2215
2198
2193
2190
2187
2187
2177
2175
2161
2155
2166
2162
2169
2192
2224
2247
2251
2265
2269
2264
2255
2246
2215
2211
2181
2164
2160
2144
2137
2140
2156
2160
2162
2174
2194
2192
2194
2205
2208
2207
2213
2224
2223
2229
2230
2226
2248
2268
2266
2251
2250
2239
2240
2254
2259
2270
2274
2263
2268
2245
2237
2225
2215
2205
2202
2192
2193
2186
2200
2217
2221
2218
2224
2233
2242
2239
2248
2239
2234
2223
2212
2213
2205
2182
2165
2159
2149
2144
2159
2174
2192
2191
2187
2202
2201
2206
2197
2198
2179
2179
2162
2152
2139
2129
2118
2117
2106
2110
2103
2108
2105
2103
2109
2099
2099
2081
2077
2090
2102
2109
2107
2124
2147
2154
2153
2151
2150
2151
2147
2134
2126
2110
2113
2118
2119
2121
2139
2146
2147
2144
2129
2127
2110
2103
2094
2102
2090
2087
2069
2072
2072
2090
2079
2092
2101
2101
2096
2104
2088
2082
2072
2052
2054
2052
2077
2100
2113
2123
2141
2145
2145
2134
2140
2137
2133
2126
2136
2138
2140
2143
2137
2120
2099
2076
2068
2036
2032
2033
2043
2056
2068
2075
2085
2116
2115
2128
2129
2147
2148
2155
2148
2146
2136
2122
2079
2067
2055
2037
2039
2033
2021
1996
1994
1995
1998
2010
2022
2029
2039
2040
2044
2043
2038
2024
2014
2000
1987
1977
1965
1949
1932
1922
1918
1905
1896
1891
1900
1921
1937
1937
1930
1944
1938
1933
1932
1933
1945
1969
1997
2017
2035
2038
2050
2056
2062
2074
2066
2050
2047
2031
2035
2036
2040
2038
2049
2061
2086
2114
2126
2129
2138
2129
2128
2116
2118
2100
2082
2066
2061
2059
2064
2046
2026
2005
1985
1975
1977
1979
1972
1983
1987
1987
1989
1983
1991
1990
1972
1999
2027
2047
2074
2091
2099
2094
2079
2043
2031
2024
2028
2053
2077
2099
2110
2111
2103
2096
2095
2070
2066
2062
2092
2104
2116
2116
2107
2106
2115
2136
2131
2110
2095
2102
2090
2088
2078
2069
2063
2078
2078
2070
2062
2074
2075
2075
2081
2071
2059
2070
2075
2083
2084
2094
2103
2131
2138
2133
2125
2104
2075
2062
2051
2029
2020
2004
2006
2015
2023
2024
2037
2038
2043
2046
2057
2063
2064
2050
2061
2060
2055
2060
2077
2081
2085
2082
2082
2088
2098
2112
2129
2135
2132
2133
2134
2107
2075
2063
2055
2046
2049
2039
2019
2007
2005
2020
2018
2016
2024
2055
2053
2075
2096
2104
2129
2154
2165
2150
2144
2145
2135
2115
2102
2102
2102
2108
2112
2122
2141
2142
2148
2127
2112
2109
2100
2065
2041
2024
2024
2030
2037
2048
2056
2074
2083
2088
2105
2119
2124
2132
2126
2120
2127
2133
2133
2129
2103
2084
2065
2029
2023
2014
2017
2009
2013
1994
1982
1977
1979
1985
1990
2006
2025
2043
2062
2080
2090
2080
2095
2109
2111
2113
2099
2086
2086
2076
2063
2054
2043
2033
2022
2010
2015
2014
2017
2029
2038
2033
2025
2006
1996
1982
1983
1984
1992
1989
1986
1978
1971
1960
1954
1963
1966
1966
1977
1997
2004
2014
2017
2019
2015
2006
1999
1978
1960
1939
1938
1919
1902
1891
1882
1879
1894
1890
1889
1909
1935
1943
1937
1931
1945
1946
1957
1984
2020
2044
2063
2080
2086
2098
2107
2111
2116
2123
2131
2121
2122
2139
2146
2144
2131
2126
2122
2107
2101
2110
2102
2099
2102
2099
2103
2113
2135
2140
2144
2145
2123
2131
2135
2139
2144
2141
2143
2134
2139
2135
2122
2104
2092
2071
2075
2077
2096
2110
2128
2151
2156
2144
2153
2150
2144
2137
2146
2146
2135
2125
2121
2117
2121
2132
2130
2137
2138
2142
2135
2127
2136
2136
2144
2123
2122
2138
2162
2191
2183
2171
2160
2152
2135
2128
2110
2101
2100
2091
2090
2084
2082
2069
2076
2071
2079
2085
2119
2149
2172
2200
2213
2216
2237
2222
2214
2191
2175
2174
2170
2171
2164
2153
2138
2124
2117
2116
2095
2076
2061
2045
2035
2044
2046
2058
2052
2075
2087
2098
2106
2113
2142
2145
2149
2146
2140
2143
2148
2150
2163
2176
2191
2182
2193
2199
2201
2171
2152
2135
2128
2112
2112
2105
2103
2110
2116
2127
2130
2124
2120
2121
2116
2103
2097
2101
2091
2082
2078
2070
2068
2056
2056
2049
2071
2088
2098
2127
2130
2158
2176
2184
2195
2211
2210
2217
2215
2212
2211
2202
2198
2183
2161
2154
2165
2170
2183
2191
2191
2199
2216
2218
2214
2209
2211
2214
2233
2257
2253
2261
2267
2259
2257
2254
2239
2239
2236
2236
2244
2264
2272
2267
2288
2297
2306
2298
2300
2282
2276
2253
2259
2257
2263
2266
2274
2286
2300
2303
2308
2307
2325
2353
2360
2364
2365
2357
2364
2365
2349
2310
2298
2290
2274
2262
2255
2226
2213
2212
2211
2207
2199
2195
2206
2211
2225
2240
2232
2224
2223
2230
2232
2218
2209
2209
2201
2204
2192
2197
2199
2207
2206
2206
2196
2194
2181
2175
2161
2159
2139
2146
2142
2130
2128
2132
2126
2126
2123
2123
2127
2109
2112
2109
2116
2120
2118
2116
2123
2128
2131
2122
2124
2136
2160
2170
2174
2183
2197
2195
2202
2212
2230
2237
2225
2216
2219
2222
2219
2219
2211
2215
2220
2218
2219
2223
2224
2231
2219
2218
2223
2203
2194
2179
2178
2149
2128
2126
2109
2090
2077
2060
2047
2029
2051
2066
2099
2132
2151
2150
2154
2180
2189
2189
2200
2201
2188
2181
2164
2158
2166
2187
2205
2224
2230
2249
2265
2277
2281
2294
2297
2314
2310
2312
2310
2308
2310
2299
2278
2265
2267
2256
2250
2246
2260
2259
2270
2305
2333
2331
2334
2325
2320
2308
2300
2315
2308
2299
2288
2294
2315
2317
2318
2318
2300
2291
2264
2247
2244
2236
2237
2228
5835
2161
2121
2063
1998
1962
1937
1958
1968
1985
1947
1889
1850
1828
1815
1815
1827
1846
1867
1921
1949
2009
2081
2123
2180
2231
2281
2334
2372
2386
2381
2347
2310
2254
2194
2131
2081
2031
2002
1966
1963
1973
2016
2030
2020
1990
1994
1997
2007
1999
2034
2062
2094
2090
2112
2131
2148
2145
2141
2140
2170
2164
2175
2166
2169
2171
2208
2210
2216
2190
2181
2135
2092
2006
1951
1921
1915
1903
1884
1862
1872
1873
1862
1817
1814
1809
1806
1795
1779
1794
1832
1892
1915
1947
1997
2059
2109
2133
2127
2107
2084
2049
1965
1900
1844
1811
1789
1757
1728
1719
1723
1735
1753
1753
1725
1691
1649
1623
1610
1609
1614
1628
1661
1712
1790
1845
1868
1883
1916
1950
2006
2062
2096
2080
2076
2066
2073
2076
2078
2100
2122
2128
2134
2116
2119
2112
2117
2100
2106
2092
2092
2114
2113
2086
2052
2007
1964
1941
1910
1899
1909
1927
1975
2041
2090
2117
2158
2194
2211
2206
2175
2141
2094
2059
2024
1975
1926
1917
1885
1866
1848
1854
1835
1835
1828
1855
1881
1920
1905
1908
1919
1964
1995
2016
2041
2083
2087
2093
2096
2117
2124
2131
2128
2115
2112
2111
2121
2148
2193
2219
2233
2258
2285
2304
2322
2319
2334
2356
2352
2345
2332
2327
2340
2330
2330
2346
2366
2373
2346
2310
2284
2231
2154
2065
1979
1877
1778
1701
1623
1543
1484
1443
1443
1484
1504
1516
1519
1489
1460
1468
1501
1557
1613
1665
1727
1809
1895
1980
2059
2131
2198
2242
2282
2316
2331
2266
2225
2205
2209
2207
2165
2131
2111
2130
2121
2136
2149
2167
2207
2261
2277
2258
2207
2163
2135
2119
2104
2105
2101
2132
2147
2172
2181
2191
2205
2226
2238
2273
2303
2335
2387
2409
2448
2486
2500
2495
2470
2451
2443
2423
2399
2372
2364
2330
2275
2196
2154
2148
2153
2151
2161
2165
2175
2180
2188
2146
2116
2083
2036
1957
1878
1783
1773
1762
1814
1875
1981
2067
2154
2224
2281
2315
2339
2337
2341
2342
2354
2360
2359
2324
2282
2239
2193
2153
2122
2103
2089
2105
2134
2186
2242
2283
2335
2389
2426
2455
2480
2500
2508
2506
2494
2439
2356
2262
2213
2165
2137
2105
2068
2043
2056
2075
2114
2177
2233
2271
2314
2366
2403
2422
2418
2391
2358
2311
2288
2244
2217
2188
2170
2145
2130
2107
2068
2035
1994
1961
1958
1981
1995
1996
1984
1987
1996
2008
2012
2042
2066
2120
2184
2244
2262
2259
2243
2227
2183
2152
2115
2104
2078
2051
2030
2039
2039
2059
2071
2105
2127
2173
2223
2287
2338
2361
2331
2282
2255
2231
2244
2242
2252
2233
2204
2128
2087
2042
2013
1955
1893
1841
1839
1832
1829
1807
1836
1858
1899
1911
1935
1979
2003
2022
2053
2091
2116
2129
2115
2083
2060
2000
1938
1885
1878
1875
1887
1900
1907
1896
1866
1836
1827
1842
1848
1831
1837
1817
1830
1856
1854
1814
1786
1751
1732
1735
1747
1789
1830
1868
1886
1891
1875
1877
1921
1973
2038
2070
2105
2094
2057
2044
2028
2035
2072
2087
2081
2041
2026
2029
2035
2044
2071
2081
2095
2122
2142
2183
2227
2257
2291
2344
2388
2419
2429
2426
2388
2334
2264
2205
2171
2165
2181
2210
2238
2276
2290
2303
2321
2365
2383
2407
2421
2435
2431
2404
2341
2251
2155
2077
2005
1963
1925
1906
1885
1895
1899
1937
1987
2063
2131
2190
2251
2299
2349
2403
2436
2482
2509
2544
2560
2538
2507
2464
2413
2388
2348
2309
2266
2228
2218
2223
2244
2260
2274
2285
2321
2348
2376
2390
2391
2383
2371
2334
2301
2262
2263
2240
2230
2236
2265
2280
2287
2289
2300
2291
2284
2261
2247
2205
2154
2091
2045
1971
1911
1879
1877
1889
1914
1954
1993
2039
2051
2023
1985
1954
1929
1933
1952
1975
1986
2006
2027
2051
2104
2144
2207
2251
2302
2327
2348
2350
2347
2311
2263
2203
2179
2161
2155
2141
2107
2053
2038
2035
2023
2008
2005
1989
1991
1991
2004
2040
2070
2091
2090
2073
2070
2096
2129
2160
2183
2219
2225
2241
2246
2256
2258
2275
2287
2305
2301
2303
2284
2288
2270
2268
2246
2234
2222
2225
2240
2272
2272
2263
2252
2262
2246
2228
2201
2186
2169
2174
2188
2224
2246
2276
2295
2298
2282
2247
2218
2186
2170
2177
2208
2252
2325
2366
2412
2433
2446
2458
2454
2442
2407
2343
2294
2237
2198
2167
2143
2113
2124
2170
2218
2281
2351
2365
2369
2368
2374
2378
2330
2270
2204
2170
2137
2140
2160
2219
2284
2337
2365
2355
2316
2255
2189
2123
2058
2015
2021
2045
2064
2058
2041
2067
2097
2130
2181
2220
2259
2313
2342
2362
2394
2436
2444
2455
2452
2442
2443
2445
2431
2420
2415
2418
2412
2420
2420
2401
2359
2303
2235
2163
2084
2044
2038
2057
2070
2080
2083
2088
2075
2091
2105
2119
2127
2135
2147
2153
2168
2178
2188
2192
2198
2204
2218
2230
2246
2270
2292
2308
2309
2288
2282
2258
2257
2263
2278
2258
2253
2257
2265
2256
2246
2234
2219
2219
2235
2251
2245
2237
2224
2210
2211
2243
2252
2287
2333
2369
2389
2391
2389
2410
2422
2435
2424
2417
2407
2401
2395
2403
2404
2406
2388
2367
2344
2350
2304
2267
2225
2201
2199
2214
2219
2224
2219
2208
2242
2256
2231
2208
2196
2196
2217
2236
2253
2263
2283
2297
2308
2278
2232
2191
2166
2163
2174
2190
2224
2241
2249
2273
2302
2313
2311
2283
2247
2202
2174
2172
2180
2188
2201
2216
2207
2161
2100
2025
1988
1966
1954
1954
1973
2011
2054
2085
2107
2117
2149
2156
2152
2149
2171
2211
2242
2274
2300
2293
2280
2256
2218
2167
2128
2081
2049
2036
2048
2075
2106
2142
2167
2177
2139
2114
2087
2089
2089
2084
2076
2094
2110
2145
2155
2147
2124
2093
2063
2067
2066
2069
2060
2050
2052
2055
2075
2109
2111
2135
2158
2155
2135
2115
2101
2092
2117
2163
2207
2228
2212
2152
2082
1976
1867
1773
1729
1741
1790
1878
1970
2055
2111
2154
2184
2215
2233
2260
2276
2305
2323
2348
2367
2389
2410
2442
2462
2466
2455
2436
2376
2316
2257
2211
2147
2117
2100
2112
2124
2122
2106
2084
2080
2082
2099
2126
2168
2234
2273
2324
2378
2394
2389
2380
2371
2347
2338
2329
2324
2347
2384
2418
2448
2468
2473
2482
2473
2465
2448
2441
2431
2425
2402
2420
2417
2445
2430
2417
2377
2376
2380
2370
2380
2400
2432
2446
2470
2502
2504
2479
2433
2378
2314
2264
2235
2208
2186
2158
2137
2149
2182
2198
2226
2228
2238
2252
2269
2263
2287
2298
2321
2323
2331
2324
2329
2321
2327
2333
2340
2335
2322
2324
2314
2311
2308
2307
2319
2342
2358
2386
2401
2427
2414
2392
2350
2315
2295
2302
2292
2305
2302
2313
2304
2313
2281
2277
2249
2238
2215
2246
2265
2280
2311
2336
2366
2343
2313
2263
2220
2182
2179
2172
2194
2189
2174
2154
2130
2115
2124
2148
2161
2169
2177
2162
2161
2104
2039
1986
1949
1933
1932
1959
1956
1912
1868
1829
1820
1834
1878
1947
2023
2125
2205
2261
2318
2340
2358
2354
2344
2328
2318
2294
2263
2213
2171
2134
2111
2065
2019
1973
1929
1901
1897
1927
1974
1992
1991
1995
2001
2017
2030
2044
2029
1995
1962
1932
1917
1909
1865
1845
1854
1918
1989
2094
2188
2275
2320
2342
2330
2281
2190
2100
2024
1975
1952
1954
1968
2012
2066
2111
2147
2173
2196
2209
2197
2153
2128
2086
2044
2001
1950
1915
1902
1880
1878
1875
1893
1915
1941
1954
1983
1986
1983
1956
1936
1929
1943
1948
1939
1930
1898
1873
1854
1842
1836
1841
1883
1916
1947
1979
2017
2074
2136
2195
2249
2320
2363
2391
2391
2376
2351
2334
2312
2296
2291
2290
2294
2314
2334
2331
2311
2258
2218
2171
2134
2116
2110
2089
2062
2050
2074
2090
2110
2119
2123
2112
2101
2069
2050
2029
2055
2089
2120
2151
2179
2209
2235
2249
2246
2249
2248
2256
2261
2277
2303
2319
2308
2307
2286
2257
2235
2232
2230
2240
2271
2300
2326
2339
2312
2236
2167
2092
2047
2017
1997
1978
1955
1962
1988
2017
2084
2138
2211
2270
2361
2412
2446
2466
2495
2506
2513
2517
2551
2562
2573
2561
2568
2574
2600
2615
2631
2636
2635
2640
2624
2624
2616
2600
2585
2555
2527
2501
2448
2422
2399
2374
2336
2342
2340
2364
2372
2392
2392
2405
2387
2388
2361
2343
2301
2270
2260
2263
2253
2247
2253
2251
2251
2252
2264
2289
2321
2376
2416
2436
2453
2467
2480
2466
2442
2418
2404
2378
2359
2347
2352
2351
2353
2351
2333
2301
2237
2177
2119
2073
2048
2059
2068
2063
2079
2084
2106
2140
2171
2244
2287
2318
2344
2344
2309
2286
2280
2256
2256
2241
2251
2259
2275
2262
2267
2267
2280
2271
2271
2231
2198
2162
2138
2104
2085
2063
2025
1996
1992
1980
1967
1963
1964
1983
1960
1940
1917
1901
1863
1818
1747
1702
1667
1682
1687
1701
1703
1737
1741
1746
1749
1740
1725
1722
1710
1695
1721
1778
1848
1919
1982
2032
2078
2132
2169
2170
2155
2135
2128
2127
2111
2075
2088
2091
2095
2086
2083
2051
2030
2006
1994
1946
1893
1851
1844
1846
1899
1955
2004
2036
2040
2018
1983
1937
1879
1802
1750
1729
1729
1734
1768
1778
1790
1808
1804
1805
1806
1817
1812
1798
1795
1831
1862
1897
1915
1904
1858
1790
1734
1675
1645
1624
1620
1628
1632
1655
1667
1705
1741
1775
1802
1819
1837
1860
1863
1850
1830
1820
1793
1766
1766
1783
1819
1871
1884
1881
1859
1839
1799
1795
1795
1788
1779
1785
1784
1825
1858
1902
1967
2039
2087
2090
2053
2006
1960
1943
1935
1918
1916
1901
1898
1878
1867
1840
1837
1855
1891
1880
1861
1829
1806
1743
1701
1645
1657
1682
1751
1783
1818
1839
1863
1881
1892
1884
1877
1878
1903
1936
1970
1987
1981
1974
1949
1925
1890
1880
1831
1790
1775
1775
1766
1777
1794
1834
1853
1905
1935
1992
2050
2117
2160
2209
2218
2224
2231
2214
2210
2207
2190
2147
2094
1984
1899
1793
1717
1644
1602
1566
1567
1586
1638
1709
1810
1896
1984
2079
2147
2204
2224
2222
2229
2242
2247
2230
2202
2162
2111
2048
1990
1954
1861
1886
1947
2007
2032
2061
2089
2132
2173
2183
2155
2070
1984
1883
1779
1717
1659
1659
1663
1705
1744
1798
1858
1927
1970
2011
2030
2050
2065
2031
1995
1937
1892
1858
1837
1862
1899
1912
1956
1983
2018
2025
2026
2003
1993
1987
2005
2018
2041
2052
2071
2070
2082
2097
2144
2189
2234
2262
2289
2306
2314
2308
2314
2319
2338
2351
2368
2359
2320
2298
2262
2235
2188
2149
2106
2085
2094
2123
2136
2164
2166
2180
2155
2089
2011
1929
1861
1835
1823
1829
1849
1897
1924
1961
2011
2044
2048
2059
2072
2076
2072
2037
2024
2020
2024
2020
2022
2039
2069
2096
2135
2176
2208
2237
2267
2283
2293
2272
2236
2214
2189
2137
2088
2016
1975
1925
1878
1839
1798
1774
1729
1715
1738
1761
1806
1808
1807
1781
1775
1800
1807
1817
1840
1893
1943
1971
1976
2002
2034
2048
2083
2113
2164
2205
2261
2303
2324
2327
2320
2313
2302
2260
2211
2184
2139
2074
1997
1929
1864
1792
1740
1683
1645
1656
1691
1775
1881
1995
2104
2253
2350
2436
2480
2511
2501
2489
2433
2392
2340
2296
2250
2223
2180
2194
2214
2258
2261
2264
2280
2302
2299
2285
2255
2183
2128
2092
2081
2081
2107
2096
2109
2138
2184
2200
2216
2205
2186
2134
2088
2035
2023
2035
2061
2108
2164
2225
2285
2342
2384
2417
2443
2453
2439
2414
2405
2377
2369
2385
2405
2440
2443
2423
2372
2322
2270
2267
2263
2287
2302
2319
2316
2318
2302
2290
2279
2282
2294
2307
2322
2330
2349
2374
2398
2408
2427
2427
2428
2416
2383
2330
2280
2252
2253
2267
2266
2302
2344
2391
2408
2443
2460
2465
2463
2466
2463
2440
2397
2353
2324
2290
2246
2245
2285
2315
2352
2372
2379
2385
2360
2332
2332
2320
2324
2329
2340
2359
2366
2363
2371
2378
2390
2387
2409
2441
2459
2472
2492
2490
2479
2491
2494
2489
2485
2476
2467
2460
2450
2432
2419
2412
2399
2368
2304
2266
2223
2193
2164
2172
2187
2223
2238
2257
2290
2322
2327
2321
2281
2213
2184
2170
2159
2163
2193
2229
2268
2303
2326
2343
2373
2398
2406
2395
2368
2320
2319
2303
2313
2307
2334
2371
2409
2442
2448
2456
2475
2478
2490
2486
2483
2430
2397
2343
2313
2283
2262
2218
2204
2192
2214
2255
2284
2313
2340
2358
2378
2407
2395
2378
2338
2325
2301
2284
2252
2249
2213
2194
2152
2138
2113
2089
2069
2035
2008
1998
2011
2036
2035
2012
1991
1977
1997
2007
2050
2080
2121
2157
2205
2260
2311
2343
2373
2380
2386
2386
2400
2413
2438
2442
2458
2461
2474
2446
2396
2350
2315
2283
2274
2264
2258
2231
2160
2033
1928
1852
1778
1752
1732
1752
1793
1881
1979
2061
2115
2147
2159
2168
2163
2137
2110
2086
2102
2132
2155
2185
2232
2268
2270
2269
2260
2252
2251
2246
2235
2223
2232
2232
2236
2219
2201
2202
2236
2311
2330
2344
2335
2338
2327
2291
2251
2203
2156
2117
2070
2027
2023
2012
2010
2046
2083
2112
2146
2174
2193
2212
2227
2198
2181
2188
2194
2191
2189
2196
2201
2219
2233
2247
2277
2302
2309
2318
2305
2316
2321
2318
2296
2262
2254
2270
2265
2290
2317
2352
2362
2380
2381
2375
2340
2269
2216
2178
2160
2169
2163
2140
2130
2108
2113
2103
2101
2086
2071
2040
1995
1934
1905
1847
1799
1759
1748
1746
1764
1784
1825
1846
1895
1930
1970
1979
2004
2029
2053
2062
2054
2029
1990
1960
1929
1870
1831
1795
1755
1763
1787
1822
1857
1937
1991
2046
2080
2122
2109
2083
2032
1958
1916
1863
1820
1806
1779
1755
1751
1789
1855
1917
1976
2021
2051
2069
2084
2100
2133
2144
2158
2151
2160
2165
2207
2227
2237
2221
2195
2158
2115
2073
2022
1971
1927
1860
1783
1735
1711
1741
1799
1862
1892
1925
1964
2019
2066
2106
2103
2096
2046
2005
1949
1903
1850
1816
1748
1708
1687
1679
1679
1683
1676
1669
1687
1747
1845
1927
2014
2080
2120
2139
2161
2197
2244
2276
2290
2263
2224
2180
2135
2099
2077
2055
2049
2058
2082
2105
2107
2126
2144
2145
2131
2118
2097
2072
2027
1950
1888
1856
1810
1799
1819
1853
1900
1963
1984
2002
1999
1986
1956
1905
1847
1781
1735
1695
1678
1675
1683
1665
1683
1703
1745
1787
1802
1821
1825
1820
1823
1827
1849
1876
1917
1957
1994
2026
2074
2119
2132
2151
2157
2154
2133
2111
2085
2120
2136
2149
2144
2142
2108
2063
2002
1979
1940
1903
1855
1816
1803
1842
1872
1921
1937
1950
1962
1967
1977
1990
2006
1986
1984
1976
1976
1974
1954
1920
1899
1863
1830
1796
1762
1753
1756
1751
1735
1713
1709
1677
1647
1620
1590
1557
1538
1533
1548
1520
1506
1551
1614
1667
1722
1786
1822
1847
1884
1908
1922
1913
1902
1868
1844
1812
1799
1793
1761
1755
1765
1772
1801
1821
1860
1888
1904
1903
1938
2014
2066
2075
2081
2074
2060
1997
1930
1859
1855
1886
1902
1905
1912
1887
1866
1849
1856
1900
1938
1971
1991
2008
2022
2040
2069
2109
2133
2123
2111
2120
2136
2161
2167
2178
2190
2203
2210
2244
2258
2270
2277
2288
2302
2310
2316
2304
2252
2193
2167
2159
2161
2149
2151
2156
2168
2173
2189
2177
2192
2185
2178
2167
2158
2137
2117
2119
2140
2160
2178
2195
2233
2275
2282
2293
2283
2304
2285
2278
2277
2295
2286
2306
2295
2293
2286
2299
2292
2326
2325
2320
2322
2323
2324
2313
2314
2310
2310
2289
2272
2252
2248
2239
2234
2203
2211
2204
2221
2211
2217
2216
2224
2221
2212
2221
2213
2206
2207
2221
2253
2280
2285
2302
2308
2297
2254
2247
2238
2219
2196
2200
2200
2212
2225
2238
2222
2152
2107
2057
2029
2013
2011
2019
2042
2083
2142
2181
2207
2228
2263
2300
2336
2367
2381
2397
2422
2447
2471
2488
2485
2448
2385
2308
2248
2201
2173
2153
2136
2139
2159
2183
2187
2199
2189
2177
2201
2250
2279
2306
2325
2336
2335
2319
2308
2302
2266
2238
2216
2206
2178
2150
2139
2141
2135
2132
2132
2144
2151
2176
2185
2195
2196
2204
2231
2270
2298
2316
2332
2341
2370
2375
2377
2368
2365
2369
2363
2358
2363
2383
2418
2436
2453
2457
2461
2450
2431
2408
2367
2337
2300
2278
2231
2219
2211
2218
2242
2273
2293
2309
2285
2285
2284
2310
2330
2344
2343
2342
2339
2351
2369
2384
2401
2388
2381
2364
2371
2351
2365
2364
2385
2393
2403
2406
2397
2382
2379
2367
2354
2318
2296
2265
2247
2214
2197
2192
2194
2205
2186
2176
2183
2219
2255
2246
2230
2221
2204
2184
2170
2159
2152
2150
2158
2185
2213
2237
2257
2280
2300
2318
2325
2342
2339
2339
2335
2344
2355
2367
2339
2301
2240
2199
2172
2162
2142
2128
2126
2134
2149
2127
2126
2126
2129
2140
2172
2216
2251
2267
2294
2322
2331
2332
2322
2265
2199
2119
2032
1917
1812
1754
1715
1723
1721
1723
1724
1759
1792
1871
1966
2075
2120
2177
2181
2160
2122
2088
2083
2103
2138
2148
2162
2167
2176
2165
2142
2117
2101
2099
2103
2080
2075
2083
2101
2120
2112
2090
2083
2112
2146
2186
2192
2208
2221
2227
2219
2210
2196
2151
2104
2069
2048
2054
2073
2133
2146
2128
2110
2113
2084
2058
2033
2009
1990
1989
1991
2000
2014
2002
1975
1920
1883
1848
1814
1787
1752
1716
1706
1713
1755
1769
1806
1842
1864
1846
1789
1667
1582
1528
1500
1485
1495
1515
1569
1650
1702
1735
1724
1698
1677
1685
1691
1712
1731
1763
1788
1804
1815
1827
1824
1795
1759
1723
1720
1739
1770
1795
1795
1798
1809
1838
1852
1814
1784
1748
1757
1800
1827
1839
1871
1878
1870
1862
1852
1819
1810
1798
1770
1755
1753
1780
1814
1849
1854
1840
1817
1788
1756
1756
1769
1803
1818
1811
1817
1817
1800
1767
1751
1727
1716
1716
1734
1762
1797
1821
1843
1867
1888
1898
1915
1934
1964
1995
2030
2062
2079
2090
2100
2077
2033
1957
1899
1821
1791
1785
1802
1812
1808
1828
1869
1923
1971
2013
2017
2014
1998
1999
1969
1921
1875
1856
1813
1789
1757
1727
1693
1700
1735
1752
1761
1781
1817
1835
1837
1831
1799
1741
1686
1647
1613
1580
1566
1562
1576
1590
1595
1601
1609
1637
1677
1729
1788
1833
1866
1882
1888
1887
1895
1934
1951
1974
2005
2049
2081
2095
2099
2095
2067
2031
2017
2019
2019
2030
2055
2110
2148
2165
2192
2207
2197
2197
2177
2149
2110
2075
2030
2009
1991
2001
2024
2066
2110
2134
2123
2081
2029
1991
1965
1891
1871
1859
1857
1840
1824
1775
1763
1749
1778
1841
1899
1957
1974
1968
1862
1857
1888
1916
1951
1982
2009
2037
2085
2136
2169
2177
2136
2125
2117
2114
2112
2117
2102
2074
2058
2044
2037
2055
2065
2080
2098
2115
2127
2145
2161
2156
2176
2193
2193
2207
2208
2235
2258
2286
2293
2305
2262
2259
2247
2243
2236
2225
2207
2151
2104
2067
2051
2061
2094
2161
2195
2229
2267
2280
2302
2304
2310
2288
2269
2246
2248
2236
2221
2193
2151
2113
2077
2046
2040
2047
2041
2047
2020
1988
1946
1904
1865
1830
1810
1788
1779
1785
1814
1877
1915
1946
1947
1960
1989
2017
2026
2039
2056
2070
2125
2169
2194
2191
2160
2095
2020
1923
1831
1775
1752
1760
1786
1807
1864
1926
2000
2076
2160
2226
2259
2244
2212
2167
2125
2073
2012
1933
1887
1841
1838
1869
1904
1959
1982
2011
2009
2019
2026
2026
1984
1976
1949
1925
1902
1896
1910
1934
1968
2000
2016
2011
2016
2007
2020
2017
2011
1996
1970
1951
1946
1915
1871
1809
1762
1725
1719
1740
1765
1804
1830
1838
1849
1865
1879
1911
1948
1969
1978
1973
1976
1969
1959
1916
1859
1731
1611
1515
1441
1391
1358
1372
1395
1464
1534
1606
1675
1759
1823
1877
1899
1904
1879
1862
1857
1863
1890
1935
1983
2059
2144
2185
2219
2208
2189
2142
2080
1992
1961
1959
1966
1995
2052
2112
2170
2252
2310
2355
2403
2460
2486
2496
2502
2508
2492
2460
2427
2397
2375
2372
2365
2345
2326
2305
2297
2266
2228
2187
2160
2123
2107
2108
2108
2103
2111
2115
2102
2076
2045
2033
2019
2008
2007
2021
2042
2078
2079
2055
2046
2038
2053
2070
2101
2130
2172
2208
2241
2292
2340
2357
2365
2339
2267
2149
2042
1949
1861
1792
1714
1685
1697
1766
1827
1903
1948
1975
1985
2016
2024
2020
2022
2055
2091
2115
2114
2090
2043
1965
1936
1891
1870
1851
1855
1831
1826
1838
1900
1973
2033
2070
2087
2109
2120
2118
2134
2156
2167
2182
2181
2184
2171
2155
2148
2159
2190
2217
2224
2228
2212
2153
2109
2066
2016
1954
1882
1818
1771
1731
1712
1722
1715
1738
1763
1831
1900
1971
2018
2062
2106
2149
2175
2185
2161
2116
2092
2053
2016
1975
1963
2000
2062
2131
2225
2286
2330
2347
2352
2300
2244
2217
2176
2189
2177
2163
2138
2113
2104
2109
2115
2143
2170
2209
2199
2142
2117
2091
2105
2109
2111
2130
2166
2238
2286
2276
2252
2227
2212
2184
2150
2107
2051
1986
1965
1975
2001
2038
2080
2142
2197
2208
2184
2152
2123
2094
2069
2042
2055
2055
2054
2065
2090
2112
2155
2174
2166
2150
2135
2124
2098
2100
2100
2112
2131
2148
2150
2155
2145
2148
2139
2133
2111
2112
2096
2088
2081
2087
2069
2090
2120
2146
2196
2229
2277
2318
2355
2389
2416
2406
2390
2361
2342
2311
2300
2286
2295
2305
2308
2311
2318
2323
2343
2347
2334
2340
2326
2301
2275
2247
2197
2126
2075
2037
2022
2021
2036
2045
2064
2079
2070
2062
2055
2039
2022
2035
2051
2073
2099
2109
2111
2110
2098
2098
2101
2128
2164
2186
2195
2185
2187
2166
2145
2148
2167
2206
2250
2287
2330
2339
2337
2325
2297
2240
2186
2134
2097
2084
2084
2096
2109
2117
2123
2119
2100
2074
2044
2006
1971
1961
1943
1938
1927
1934
1932
1919
1904
1895
1882
1890
1887
1895
1880
1868
1879
1867
1865
1837
1821
1804
1801
1770
1761
1737
1738
1763
1822
1869
1906
1926
1906
1886
1838
1797
1758
1747
1747
1794
1813
1856
1891
1933
1937
1914
1887
1835
1802
1777
1765
1773
1792
1797
1782
1749
1734
1748
1787
1815
1809
1758
1711
1678
1668
1680
1704
1737
1783
1803
1823
1864
1896
1918
1959
1993
2010
2003
1979
1886
1808
1724
1667
1593
1523
1451
1406
1329
1288
1263
1275
1268
1256
1237
1218
1217
1170
1105
1038
1003
977
973
955
925
885
861
890
957
1024
1101
1175
1255
1330
1421
1519
1604
1667
1670
1643
1601
1605
1595
1611
1615
1660
1704
1739
1798
1861
1894
1905
1916
1934
1965
1997
2047
2086
2109
2134
2143
2099
2033
1955
1869
1795
1741
1697
1639
1592
1551
1547
1555
1563
1567
1567
1597
1637
1671
1701
1695
1691
1683
1701
1723
1766
1799
1841
1909
1956
1972
1964
1938
1881
1827
1765
1665
1600
1546
1509
1498
1489
1463
1483
1511
1539
1544
1568
1559
1570
1547
1556
1582
1611
1630
1660
1700
1746
1782
1832
1947
2018
2116
2184
2244
2265
2240
2193
2134
2064
2000
1937
1893
1829
1770
1713
1672
1667
1642
1615
1613
1631
1644
1661
1655
1649
1626
1634
1627
1617
1589
1592
1571
1555
1486
1427
1368
1327
1287
1269
1300
1342
1397
1429
1445
1425
1391
1371
1391
1436
1493
1554
1606
1634
1665
1706
1725
1704
1631
1549
1462
1385
1325
1293
1287
1294
1301
1314
1328
1345
1363
1368
1371
1361
1353
1344
1334
1327
1304
1291
1297
1289
1273
1251
1235
1214
1215
1223
1247
1305
1353
1427
1501
1583
1642
1699
1774
1823
1867
1931
1962
1990
2016
2058
2083
2051
2039
2023
2049
2063
2071
2062
2084
2103
2138
2134
2127
2107
2074
2026
1974
1949
1925
1908
1904
1890
1858
1833
1813
1804
1776
1748
1716
1739
1749
1781
1810
1839
1823
1804
1761
1735
1725
1742
1804
1848
1888
1930
1986
2035
2080
2086
2114
2133
2139
2127
2113
2081
2069
2041
1995
1944
1910
1891
1896
1919
1923
1905
1923
1936
1942
1959
1962
1975
1979
1955
1879
1831
1746
1678
1632
1617
1614
1621
1675
1729
1781
1811
1844
1899
1944
1935
1905
1879
1861
1834
1799
1773
1729
1716
1727
1760
1814
1847
1876
1890
1889
1876
1842
1809
1797
1799
1785
1739
1684
1637
1629
1629
1640
1655
1654
1667
1669
1673
1723
1770
1787
1778
1757
1716
1711
1714
1731
1769
1803
1855
1903
1958
2014
2076
2139
2199
2214
2232
2254
2283
2278
2267
2242
2236
2216
2199
2193
2157
2138
2138
2132
2139
2165
2167
2169
2165
2168
2154
2109
2064
2032
1997
1968
1898
1839
1778
1710
1667
1659
1655
1665
1665
1653
1622
1581
1542
1481
1444
1409
1387
1357
1336
1342
1373
1417
1493
1567
1642
1695
1766
1851
1924
1991
2044
2101
2141
2173
2203
2240
2244
2231
2176
2114
2060
2009
1963
1919
1890
1889
1901
1916
1914
1934
1926
1943
1985
2032
2056
2051
2046
2036
2023
2015
2019
1998
1984
1966
1948
1914
1911
1923
1907
1860
1805
1748
1685
1626
1587
1575
1588
1623
1687
1782
1900
1995
2062
2130
2185
2248
2294
2303
2291
2232
2162
2079
1995
1915
1839
1777
1730
1697
1691
1688
1678
1673
1692
1715
1740
1772
1833
1927
1995
2052
2107
2155
2177
2184
2192
2207
2227
2233
2241
2278
2303
2326
2358
2401
2411
2397
2379
2355
2322
2298
2254
2210
2193
2170
2129
2115
2094
2076
2051
1996
1967
1972
1986
1997
2026
2059
2099
2129
2139
2158
2198
2233
2289
2339
2382
2432
2454
2457
2430
2431
2436
2435
2418
2371
2309
2261
2217
2189
2169
2166
2150
2104
2071
2041
2023
2017
2018
1999
1967
1868
1807
1761
1718
1686
1644
1625
1640
1691
1728
1729
1728
1731
1745
1790
1827
1843
1831
1807
1769
1746
1749
1775
1805
1845
1851
1858
1886
1912
1896
1877
1847
1818
1805
1783
1769
1767
1765
1775
1813
1843
1858
1846
1845
1863
1915
1959
1998
2001
1997
1967
1952
1940
1970
2010
2066
2110
2154
2193
2209
2229
2222
2184
2111
2043
1979
1937
1886
1877
1861
1869
1834
1807
1772
1728
1652
1565
1477
1413
1362
1303
1279
1245
1239
1251
1305
1400
1503
1599
1653
1685
1718
1765
1807
1828
1857
1882
1900
1899
1904
1892
1880
1873
1883
1918
1929
1945
1972
2018
2052
2112
2161
2221
2234
2212
2154
2101
2015
1952
1900
1835
1788
1735
1689
1665
1641
1661
1691
1707
1725
1749
1754
1721
1696
1645
1610
1580
1585
1614
1657
1688
1747
1798
1851
1871
1897
1906
1912
1902
1907
1887
1866
1849
1819
1775
1738
1738
1760
1794
1818
1864
1884
1916
1931
1951
1945
1909
1856
1787
1720
1664
1624
1573
1507
1429
1371
1355
1391
1433
1472
1488
1521
1550
1599
1659
1729
1801
1873
1926
1979
2029
2048
2013
1947
1897
1859
1852
1855
1857
1859
1833
1812
1791
1748
1720
1728
1760
1807
1856
1863
1876
1883
1892
1894
1904
1905
1879
1831
1790
1763
1723
1700
1667
1632
1576
1603
1636
1677
1715
1738
1732
1719
1711
1719
1717
1699
1658
1624
1598
1608
1624
1626
1621
1639
1642
1655
1677
1707
1777
1844
1906
1966
2032
2071
2080
2073
2055
2014
1961
1867
1760
1666
1606
1567
1555
1625
1686
1731
1780
1830
1875
1923
1934
1911
1859
1803
1759
1733
1735
1761
1827
1905
1980
2057
2116
2131
2111
2060
2001
1967
1930
1891
1859
1866
1895
1944
2011
2043
2058
2047
2011
1984
1942
1891
1827
1815
1825
1814
1812
1816
1837
1865
1923
2001
2067
2108
2159
2192
2201
2197
2181
2154
2107
2081
2053
2056
2054
2074
2121
2158
2196
2222
2226
2227
2194
2159
2100
2036
1959
1884
1857
1853
1840
1813
1799
1781
1801
1839
1879
1912
1971
2011
2039
2074
2108
2140
2173
2179
2186
2167
2157
2147
2127
2119
2092
2055
2016
1984
1971
1955
1907
1846
1818
1787
1737
1705
1691
1707
1736
1785
1824
1880
1914
1946
1965
1984
2006
2025
2039
2052
2051
2018
2010
1997
2013
2006
2039
2058
2070
2076
2111
2124
2147
2159
2188
2214
2214
2195
2158
2138
2101
2095
2083
2078
2069
2075
2103
2141
2164
2192
2177
2165
2151
2150
2141
2151
2155
2177
2204
2251
2286
2304
2321
2335
2333
2316
2302
2264
2244
2223
2205
2191
2206
2225
2277
2301
2313
2312
2340
2344
2362
2370
2422
2454
2486
2501
2499
2479
2440
2408
2376
2350
2344
2330
2303
2306
2304
2319
2339
2382
2421
2471
2507
2556
2586
2607
2604
2602
2590
2576
2561
2540
2516
2492
2466
2450
2401
2354
2327
2300
2298
2293
2305
2285
2272
2243
2264
2252
2262
2264
2267
2238
2202
2153
2124
2119
2158
2218
2284
2350
2385
2416
2450
2472
2440
2387
2325
2271
2210
2154
2103
2092
2074
2097
2123
2167
2196
2219
2262
2267
2273
2281
2302
2323
2332
2341
2352
2345
2366
2364
2387
2386
2415
2426
2434
2419
2413
2384
2391
2404
2424
2414
2395
2373
2343
2312
2287
2264
2252
2240
2221
2228
2240
2260
2262
2275
2282
2314
2345
2379
2377
2370
2346
2331
2311
2313
2281
2244
2191
2152
2141
2161
2180
2218
2260
2277
2298
2311
2315
2319
2316
2295
2278
2230
2208
2172
2152
2091
2074
2055
2042
2035
2049
2043
2053
2062
2082
2071
2062
2057
2046
2046
2060
2101
2138
2193
2249
2284
2271
2266
2247
2250
2214
2181
2145
2129
2113
2119
2117
2152
2173
2215
2236
2229
2183
2154
2114
2085
2072
2066
2051
2029
2018
2003
2025
2045
2079
2089
2081
2082
2087
2080
2073
2054
2038
2014
1985
1989
2024
2089
2150
2202
2244
2267
2258
2233
2208
2189
2170
2159
2139
2145
2170
2213
2221
2219
2167
2116
2025
1965
1911
1909
1923
1965
2021
2071
2116
2164
2216
2233
2222
2215
2246
2271
2294
2278
2232
2154
2091
2004
1936
1909
1909
1906
1886
1858
1806
1786
1822
1891
1935
1971
2001
2030
2033
2047
2019
2004
1976
1944
1900
1878
1839
1816
1794
1771
1741
1721
1695
1701
1716
1738
1765
1789
1792
1783
1806
1803
1816
1824
1863
1906
1972
2004
2058
2082
2091
2104
2142
2155
2164
2141
2117
2101
2105
2093
2063
2045
2047
2079
2144
2212
2258
2289
2291
2299
2294
2269
2215
2175
2135
2103
2058
2053
2040
2019
1955
1911
1877
1851
1853
1856
1843
1850
1870
1868
1875
1873
1897
1900
1901
1903
1959
2009
2080
2129
2155
2156
2143
2107
2041
2007
1994
2023
2066
2145
2194
2203
2195
2173
2122
2098
2079
2086
2098
2117
2135
2159
2175
2206
2225
2223
2224
2231
2217
2188
2146
2124
2090
2068
2076
2091
2133
2131
2129
2118
2111
2093
2095
2097
2080
2069
2080
2096
2105
2114
2162
2214
2274
2280
2253
2200
2144
2086
2031
1979
1923
1919
1893
1886
1898
1933
1974
2016
2052
2053
2061
2083
2100
2096
2100
2118
2131
2122
2114
2120
2121
2130
2157
2180
2197
2220
2244
2265
2277
2277
2251
2212
2153
2068
2020
1976
1965
1943
1902
1880
1875
1891
1915
1943
1979
1990
2028
2064
2138
2196
2237
2298
2356
2373
2357
2326
2264
2209
2147
2109
2101
2121
2152
2187
2220
2246
2238
2225
2194
2173
2122
2070
1994
1934
1886
1886
1943
1969
2002
2031
2089
2130
2157
2169
2206
2220
2228
2220
2205
2183
2170
2161
2149
2119
2073
2026
1969
1927
1890
1879
1885
1895
1901
1878
1867
1883
1911
1950
1994
2046
2082
2144
2204
2239
2242
2244
2237
2219
2197
2174
2137
2102
2063
2004
1980
1952
1940
1923
1911
1924
1938
1967
1993
1976
1951
1933
1875
1833
1816
1828
1843
1848
1863
1859
1863
1844
1841
1834
1835
1848
1863
1883
1952
2012
2045
2060
2076
2053
2017
1964
1884
1824
1772
1755
1721
1671
1654
1653
1665
1682
1704
1742
1785
1823
1811
1785
1768
1813
1869
1959
2042
2124
2165
2201
2226
2243
2245
2259
2251
2258
2260
2272
2287
2278
2293
2303
2302
2252
2214
2175
2146
2129
2128
2115
2119
2123
2160
2201
2259
2278
2265
2233
2226
2211
2210
2211
2248
2259
2267
2262
2250
2224
2171
2126
2075
2049
2007
2019
2049
2110
2151
2203
2238
2243
2231
2232
2214
2206
2215
2230
2206
2182
2149
2116
2120
2122
2146
2179
2220
2237
2246
2220
2225
2221
2223
2194
2182
2191
2221
2264
2295
2276
2264
2244
2218
2172
2106
2023
1995
2002
2013
2041
2032
2003
1985
2013
2037
2083
2118
2196
2306
2386
2430
2471
2478
2490
2458
2418
2343
2284
2259
2236
2211
2185
2179
2151
2111
2069
2041
2007
1993
1964
1934
1930
1944
1953
1982
2008
2071
2100
2131
2165
2211
2254
2247
2246
2242
2259
2275
2281
2290
2317
2327
2339
2329
2350
2328
2295
2232
2170
2106
2081
2064
2045
2027
2052
2106
2164
2189
2196
2214
2209
2176
2143
2112
2095
2098
2091
2069
2044
2039
2037
2049
2051
2079
2129
2147
2148
2166
2215
2295
2342
2359
2375
2391
2408
2396
2373
2369
2356
2318
2283
2234
2222
2209
2229
2263
2290
2294
2288
2303
2323
2316
2318
2338
2337
2370
2400
2430
2446
2462
2467
2454
2427
2408
2396
2392
2382
2394
2411
2441
2462
2484
2528
2555
2550
2521
2492
2440
2404
2381
2388
2387
2407
2430
2455
2481
2518
2529
2538
2550
2576
2594
2616
2625
2619
2605
2600
2572
2520
2449
2398
2378
2355
2324
2300
2271
2246
2237
2221
2206
2196
2198
2229
2258
2280
2297
2314
2330
2337
2313
2296
2276
2258
2250
2227
2227
2223
2225
2242
2284
2292
2283
2256
2234
2206
2184
2146
2134
2136
2132
2131
2121
2124
2109
2088
2077
2073
2067
2075
2084
2093
2098
2114
2117
2144
2175
2211
2228
2246
2239
2251
2263
2270
2277
2293
2314
2335
2363
2399
2432
2443
2427
2396
2383
2383
2387
2374
2376
2377
2396
2396
2405
2394
2371
2368
2379
2371
2362
2347
2332
2300
2234
2168
2118
2081
2041
2018
1967
1931
1916
1913
1937
2012
2077
2156
2222
2277
2289
2308
2338
2359
2358
2364
2339
2301
2284
2248
2244
2270
2311
2342
2404
2436
2481
2501
2540
2556
2579
2573
2576
2564
2544
2522
2524
2495
2475
2453
2407
2383
2343
2324
2311
2328
2368
2446
2515
2555
2563
2574
2544
2510
2466
2439
2439
2433
2445
2451
2460
2483
2491
2475
2453
2424
2387
2350
2336
2318
2303
2273
2260
47.05078125
1.658862233
999
