5835
1820
1785
1751
1764
1733
1793
1796
1822
1784
1810
1789
1795
1786
1794
1811
1830
1843
1846
1883
1869
1943
1903
1936
1889
1958
1945
1983
1958
1970
1975
2002
1985
1978
1982
1979
2012
1966
1975
1938
1991
1936
1962
1892
1944
1913
1931
1883
1928
1903
1932
1900
1895
1896
1930
1947
1943
1960
1957
1986
1951
1985
1933
1977
1946
1998
1965
2024
1995
2041
1986
2019
2004
2036
2026
2033
2035
2010
2029
2012
2035
2001
2035
2018
2065
2054
2099
2089
2140
2115
2125
2111
2103
2113
2087
2085
2049
2068
2053
2069
2026
2053
2040
2093
2055
2077
2059
2085
2104
2115
2110
2110
2137
2115
2119
2085
2127
2102
2141
2090
2140
2126
2192
2143
2185
2129
2187
2155
2161
2110
2137
2133
2119
2114
2071
2102
2105
2130
2089
2129
2106
2170
2135
2174
2125
2187
2143
2176
2139
2165
2182
2198
2170
2163
2186
2173
2202
2148
2164
2129
2153
2098
2111
2056
2058
2045
2042
2023
2019
2028
2023
2026
1990
2014
2006
2039
1986
2030
1989
2034
1983
2003
1954
1998
2011
2048
2024
2041
2077
2085
2112
2080
2083
2060
2112
2051
2077
1981
2042
2006
2039
1985
2031
2004
2045
2031
2024
2026
2044
2050
2021
2033
1989
2039
2002
2030
1982
2024
2024
2046
2020
2010
1995
2024
2037
2019
2011
1998
2049
2036
2057
2025
2059
2070
2100
2075
2058
2043
2037
2036
1993
1989
1981
2009
1947
1985
1920
1997
1973
2033
1998
2036
2048
2080
2076
2059
2058
2057
2059
2020
2050
1998
2057
2025
2059
1998
2052
2038
2082
2039
2075
2070
2115
2112
2125
2142
2107
2157
2133
2158
2108
2140
2108
2148
2108
2105
2079
2107
2109
2107
2091
2075
2112
2084
2088
2035
2032
2011
2031
1991
1996
1976
1993
1976
1966
1958
1963
1978
1954
1982
1934
2001
1990
2027
1978
2034
2009
2051
2012
2029
2001
2025
2023
2007
2023
1971
2022
2006
2027
1944
1986
1936
1974
1921
1914
1855
1888
1877
1877
1868
1819
1862
1859
1932
1896
1937
1915
1951
1943
1955
1934
1965
1978
1981
1945
1929
1951
1927
1925
1861
1869
1827
1847
1819
1839
1828
1850
1883
1892
1887
1899
1930
1946
1989
1946
1971
1959
2006
1971
1996
1958
1970
1951
1933
1901
1891
1915
1891
1906
1871
1897
1863
1916
1865
1927
1899
1943
1923
1930
1904
1932
1939
1943
1952
1924
1939
1919
1964
1915
1947
1905
1968
1925
1958
1915
1978
1947
1983
1946
1954
1940
1941
1962
1950
1973
1970
2035
2025
2061
2026
2068
2067
2100
2076
2090
2090
2108
2115
2090
2100
2110
2152
2117
2168
2145
2145
2171
2178
2139
2113
2125
2099
2136
2073
2075
2029
2094
2036
2076
2034
2088
2080
2115
2061
2074
2058
2075
2051
2026
2035
2028
2058
2035
2071
2043
2093
2051
2070
1995
2025
1983
2016
1960
1984
1968
1990
2005
1990
1984
1973
1985
1932
1958
1901
1913
1884
1941
1908
1922
1922
1922
1963
1945
1954
1919
1978
1957
2009
1989
2006
1993
2041
2030
2028
2005
2000
2016
1992
2006
1978
2026
1997
2011
1973
2007
1974
2026
1957
1978
1939
1977
1964
1952
1961
1937
1973
1959
1979
1945
1997
1965
2029
1962
2012
1970
2035
1987
2025
1998
2029
2040
2050
2035
2017
2033
2021
2044
2003
2029
2022
2085
2047
2082
2066
2115
2105
2118
2087
2086
2107
2123
2113
2078
2099
2097
2125
2078
2076
2054
2091
2099
2091
2060
2071
2076
2067
2062
2029
2059
2026
2079
2023
2063
2023
2097
2087
2089
2073
2062
2064
2053
2050
2003
2014
1957
2015
1973
2010
1970
2024
1991
2019
1990
1987
1998
2004
2016
1981
1997
1962
2032
1995
2054
2008
2062
2026
2073
2039
2032
2011
2027
2047
2042
2049
2030
2051
2020
2063
2014
2059
2049
2091
2060
2074
2072
2087
2118
2127
2139
2118
2156
2150
2181
2137
2151
2124
2162
2131
2139
2117
2112
2111
2086
2090
2063
2097
2070
2094
2051
2075
2051
2093
2060
2099
2076
2116
2130
2115
2115
2091
2119
2101
2100
2068
2112
2085
2158
2102
2153
2108
2192
2151
2145
2107
2157
2167
2189
2112
2142
2118
2184
2142
2174
2110
2141
2115
2132
2110
2080
2067
2065
2072
2031
2035
2009
2045
2025
2072
2036
2080
2079
2111
2084
2085
2074
2053
2080
2031
2020
1969
1991
1971
2006
1978
1994
1995
2049
2046
2049
2066
2040
2065
2030
2060
2018
2058
2031
2058
2007
2018
1987
2038
2031
2042
2010
2005
2041
2016
2046
2001
2049
2021
2075
2027
2069
2009
2064
2033
2047
2003
2033
1999
1987
2007
1955
1980
1977
2030
1984
2048
1985
2040
2044
2090
2050
2085
2080
2082
2094
2062
2060
2054
2083
2047
2048
2011
2037
2009
2040
1999
2024
2027
2080
2076
2063
2078
2067
2102
2081
2096
2057
2088
2076
2109
2077
2080
2059
2091
2087
2085
2094
2059
2100
2056
2070
2032
2079
2040
2075
2008
2020
1993
2008
1976
1967
1965
1943
1991
1990
2031
1994
2033
2005
2074
2025
2050
1994
2006
1958
1973
1911
1894
1889
1859
1879
1841
1870
1869
1904
1892
1945
1890
1943
1921
1983
1940
1971
1965
1971
1997
1989
1999
1978
2018
1996
2032
1968
1997
1967
2025
1979
1995
1966
1979
1977
1941
1912
1897
1910
1888
1865
1812
1835
1807
1856
1827
1876
1851
1903
1894
1916
1893
1876
1887
1905
1887
1843
1849
1801
1827
1785
1773
1736
1775
1758
1756
1761
1753
1789
1807
1838
1813
1839
1805
1858
1835
1855
1811
1834
1812
1831
1815
1808
1819
1827
1856
1835
1873
1871
1920
1895
1935
1884
1944
1938
2011
1970
2007
2014
2033
2051
2058
2059
2057
2091
2045
2079
2008
2040
1984
2034
1987
2043
2005
2009
1981
1995
1967
1953
1954
1982
1996
1957
1979
1927
1981
1945
1971
1906
1935
1926
1963
1922
1924
1919
1969
1958
1952
1959
1949
2004
1987
2004
1961
2006
1988
2049
2016
2039
2012
2045
2021
2009
1990
1934
1924
1883
1895
1831
1845
1823
1863
1855
1848
1817
1845
1888
1914
1915
1919
1947
1912
1951
1897
1935
1887
1936
1888
1901
1853
1880
1873
1893
1856
1855
1865
1857
1903
1872
1893
1850
1909
1872
1939
1885
1936
1913
1988
1952
2007
1969
1981
2004
1999
1981
1939
1959
1933
1946
1901
1950
1895
1970
1931
1969
1901
1963
1942
1973
1954
1962
1957
1988
1996
1989
1977
1927
1992
1981
2026
1975
2026
1997
2041
1980
1975
1931
1974
1967
1986
1969
1975
1999
2006
2032
1995
2028
2021
2077
2054
2080
2033
2078
2047
2065
2031
2034
2032
2041
2032
2017
2030
2033
2075
2031
2059
2024
2066
2050
2081
2061
2091
2102
2141
2160
2147
2142
2148
2172
2159
2151
2111
2132
2107
2123
2060
2091
2061
2117
2098
2106
2095
2101
2108
2119
2115
2124
2147
2140
2174
2120
2165
2138
2195
2137
2182
2152
2159
2139
2176
2148
2156
2131
2126
2166
2130
2146
2108
2153
2112
2139
2099
2146
2118
2179
2144
2180
2148
2217
2202
2188
2171
2160
2176
2183
2184
2157
2172
2107
2169
2122
2170
2126
2193
2153
2175
2115
2116
2094
2143
2123
2126
2106
2101
2160
2136
2158
2135
2178
2161
2191
2142
2194
2138
2208
2177
2202
2144
2210
2189
2194
2183
2169
2161
2178
2184
2180
2195
2151
2217
2182
2206
2142
2187
2173
2193
2166
2150
2128
2165
2171
2186
2188
2178
2209
2211
2236
2201
2236
2233
2262
2237
2241
2187
2212
2183
2178
2129
2142
2135
2132
2146
2127
2153
2168
2204
2182
2220
2189
2217
2196
2218
2185
2196
2160
2133
2138
2114
2105
2092
2116
2086
2090
2067
2096
2055
2091
2042
2074
2039
2091
2071
2085
2058
2063
2066
2089
2069
2048
2046
2033
2073
2034
2071
2045
2109
2080
2131
2075
2099
2061
2117
2073
2095
2042
2044
2064
2043
2040
2003
2048
2048
2049
1998
2031
1968
2033
1982
2012
1941
2023
1998
2047
2013
2031
2019
2067
2053
2055
2057
2018
2064
2024
2032
1999
2056
2034
2108
2055
2089
2060
2127
2083
2123
2075
2096
2110
2129
2114
2106
2117
2124
2123
2088
2132
2085
2154
2106
2135
2058
2106
2065
2114
2062
2087
2044
2093
2084
2089
2086
2068
2079
2069
2082
2029
2014
1977
2002
1930
1957
1899
1940
1917
1975
1941
1996
1997
2025
2018
2021
2019
2043
2065
2043
2062
2014
2038
2031
2083
2049
2090
2043
2070
2044
2065
2013
2031
2025
2058
2057
2040
2050
2052
2113
2108
2113
2081
2111
2090
2119
2067
2092
2079
2121
2088
2131
2125
2156
2184
2192
2179
2174
2194
2144
2166
2119
2123
2082
2128
2087
2107
2080
2073
2066
2081
2050
2055
2045
2066
2060
2028
2024
1998
2038
2020
2033
2014
2035
2004
2031
1992
2002
1969
2005
1981
1976
1967
1938
1962
1968
1962
1957
1961
1907
1953
1909
1944
1904
1976
1962
2016
2018
2048
2027
2071
2040
2062
2030
2060
2064
2055
2062
2022
2034
2008
2006
1957
1983
1922
1997
1970
2018
1961
2014
1985
2021
2011
2030
2027
2058
2081
2074
2072
2030
2066
2017
2075
2017
2054
2013
2078
2041
2058
1998
2030
2020
2050
2007
2026
2031
2027
2052
2030
2023
1990
2013
1959
1973
1899
1950
1922
1970
1910
1950
1904
1935
1919
1928
1887
1912
1927
1968
1944
1947
1971
1953
1983
1927
1931
1884
1926
1888
1934
1876
1935
1936
2008
1987
2052
2042
2074
2076
2079
2060
2065
2072
2089
2112
2053
2068
2022
2077
2026
2050
1991
2047
2031
2074
2048
2086
2059
2118
2078
2107
2104
2092
2121
2123
2114
2096
2099
2067
2133
2072
2089
2030
2094
2055
2082
2024
2040
2002
2039
1992
1984
1960
2009
2010
1995
1985
1974
2002
1988
1995
1965
1986
1933
1987
1935
1970
1929
1997
1988
2016
1998
1998
1991
2025
2003
1975
1926
1879
1912
1884
1883
1833
1877
1870
1898
1876
1923
1889
1978
1962
1996
1954
2006
1995
2015
1995
1976
1953
1947
1941
1913
1915
1882
1942
1938
1979
1957
1992
1976
1973
1925
1918
1873
1895
1876
1885
1851
1842
1853
1871
1875
1865
1877
1887
1908
1899
1923
1881
1891
1864
1883
1837
1855
1860
1895
1922
1941
1939
1974
1999
2002
2018
1996
2021
2016
2063
2031
2038
2016
2053
2027
2028
2001
2035
2047
2091
2068
2080
2084
2080
2109
2098
2106
2111
2154
2116
2148
2096
2115
2081
2127
2076
2118
2089
2119
2102
2131
2110
2113
2115
2145
2154
2123
2123
2106
2137
2108
2121
2071
2091
2065
2114
2065
2100
2081
2140
2093
2109
2055
2045
2034
2046
2011
2024
2021
2010
2051
2009
2037
2014
2068
2039
2064
2024
2076
2045
2097
2051
2103
2083
2139
2121
2128
2111
2127
2149
2180
2187
2195
2210
2178
2229
2184
2208
2160
2197
2159
2206
2138
2174
2114
2172
2121
2154
2089
2094
2111
2108
2105
2099
2105
2120
2103
2067
2113
2061
2148
2110
2165
2113
2186
2155
2234
2203
2252
2225
2298
2257
2278
2256
2219
2226
2220
2208
2164
2153
2141
2153
2085
2116
2053
2130
2117
2161
2109
2183
2155
2234
2190
2222
2172
2229
2202
2203
2202
2171
2192
2202
2218
2207
2227
2201
2270
2221
2248
2185
2249
2200
2221
2160
2176
2146
2188
2149
2142
2088
2121
2084
2066
2072
2050
2077
2070
2099
2075
2146
2094
2176
2129
2165
2110
2171
2129
2166
2147
2177
2162
2205
2189
2200
2184
2181
2218
2207
2242
2212
2246
2240
2274
2255
2305
2249
2311
2286
2344
2288
2311
2277
2296
2294
2286
2239
2244
2251
2249
2252
2207
2246
2226
2269
2222
2273
2246
2305
2279
2327
2269
2292
2278
2325
2273
2298
2268
2266
2272
2274
2275
2282
2306
2269
2305
2257
2278
2238
2295
2238
2251
2201
2238
2214
2225
2179
2196
2181
2223
2208
2197
2205
2216
2246
2234
2235
2224
2264
2253
2289
2254
2286
2256
2314
2289
2304
2268
2284
2273
2278
2239
2232
2214
2232
2260
2228
2231
2215
2257
2226
2238
2222
2243
2221
2259
2227
2240
2216
2250
2220
2230
2202
2189
2190
2192
2170
2170
2183
2150
2183
2159
2169
2115
2148
2123
2145
2122
2132
2103
2157
2152
2152
2129
2118
2141
2142
2169
2137
2148
2151
2183
2155
2179
2128
2175
2149
2167
2118
2132
2132
2174
2170
2162
2149
2159
2168
2163
2166
2129
2137
2114
2131
2071
2077
2057
2092
2054
2071
2009
2047
2037
2063
2016
2052
2065
2094
2105
2099
2100
2085
2105
2049
2073
2006
2029
2011
2065
2008
2041
2001
2040
2020
2028
1979
1992
1966
1991
1986
1976
1987
1992
2025
1998
2000
1967
1984
1949
1988
1930
1976
1945
2006
1953
1996
1964
1993
1979
2010
1961
1982
1989
1984
2013
1994
2019
2000
2039
2031
2081
2072
2132
2101
2165
2120
2180
2136
2183
2151
2160
2093
2073
2102
2113
2116
2111
2069
2105
2069
2099
2043
2088
2063
2100
2059
2074
1987
2031
1984
2014
1949
1983
1955
1964
1961
1955
1965
1991
2016
2005
2035
1974
2062
2034
2081
2015
2058
2027
2075
2031
2067
2017
2068
2038
2052
2014
2031
2051
2051
2068
2049
2054
2050
2088
2036
2086
2001
2053
2005
2054
2006
2062
2037
2083
2061
2093
2062
2095
2075
2078
2088
2053
2049
2015
2013
1971
1984
1955
1996
1947
1982
1934
1977
1947
2009
1966
2022
2008
2060
2053
2074
2048
2063
2077
2044
2062
2016
2035
2017
2080
2045
2086
2071
2124
2100
2152
2100
2144
2109
2163
2140
2137
2103
2110
2121
2113
2090
2071
2065
2037
2065
2004
2017
1987
2051
2012
2035
1992
2014
1991
2024
1986
2012
1999
2027
2055
2046
2044
2053
2076
2072
2064
2029
2048
2023
2069
2027
2047
2024
2079
2075
2104
2088
2110
2125
2146
2125
2119
2120
2107
2135
2106
2123
2077
2083
2046
2075
2037
2046
2046
2094
2071
2102
2078
2105
2135
2151
2144
2113
2130
2112
2113
2075
2084
2026
2056
2021
2051
2027
2080
2098
2149
2139
2163
2152
2186
2184
2192
2202
2154
2174
2176
2195
2157
2180
2163
2168
2122
2125
2067
2106
2084
2102
2059
2079
2085
2114
2116
2106
2107
2131
2134
2119
2151
2099
2142
2142
2181
2119
2154
2126
2203
2184
2202
2160
2195
2159
2157
2130
2088
2083
2082
2099
2059
2069
2080
2109
2078
2106
2046
2109
2086
2135
2075
2121
2107
2157
2155
2173
2157
2183
2178
2171
2191
2143
2149
2134
2162
2113
2128
2091
2138
2111
2150
2098
2138
2120
2177
2150
2139
2107
2116
2122
2107
2087
2067
2054
2010
2048
1995
2009
1948
1999
1936
2000
1937
1962
1933
1980
1940
1973
1962
1996
2034
2018
2020
2008
2032
2014
2015
1951
1983
1938
1999
1938
1978
1932
2006
1986
2027
1974
2006
2010
2066
2032
2054
2054
2066
2108
2065
2057
2026
2072
2046
2093
2033
2075
2032
2069
2003
2042
2002
2051
2059
2072
2039
2057
2075
2095
2073
2044
2071
2028
2084
2049
2080
2046
2122
2090
2135
2077
2086
2032
2048
1972
1970
1932
1919
1939
1934
1920
1908
1921
1927
1955
1937
1971
1943
1992
1974
2018
1997
2050
2057
2100
2077
2084
2084
2115
2126
2120
2137
2090
2133
2113
2135
2090
2099
2050
2069
2059
2061
2031
2049
2076
2098
2124
2114
2140
2137
2175
2143
2143
2100
2117
2092
2091
2042
2020
2002
2037
1993
2002
2011
2035
2071
2066
2075
2055
2097
2070
2107
2052
2072
2037
2091
2036
2066
2064
2097
2103
2123
2122
2138
2150
2165
2167
2123
2131
2097
2146
2110
2148
2120
2176
2157
2217
2162
2199
2158
2203
2140
2141
2122
2096
2091
2074
2055
2032
2048
2013
2082
2016
2074
2051
2131
2085
2144
2104
2127
2115
2161
2127
2148
2116
2152
2148
2119
2134
2093
2154
2137
2174
2133
2181
2145
2200
2145
2203
2154
2222
2166
2194
2154
2150
2139
2148
2128
2112
2090
2066
2118
2083
2120
2066
2132
2099
2139
2111
2130
2076
2136
2105
2133
2073
2125
2103
2095
2075
2045
2060
2074
2091
2060
2110
2071
2151
2126
2158
2097
2143
2114
2139
2106
2107
2086
2126
2136
2124
2096
2086
2151
2146
2187
2144
2176
2146
2174
2133
2138
2079
2118
2083
2079
2027
2030
2013
2023
2019
2002
2012
2012
2023
2004
2029
1991
2032
2015
2026
1995
2019
1995
2008
2009
2010
2015
2024
2037
2040
2054
2035
2071
2068
2113
2075
2115
2115
2162
2134
2139
2113
2125
2123
2140
2112
2106
2103
2076
2116
2085
2098
2060
2114
2083
2117
2079
2095
2068
2103
2070
2102
2083
2103
2141
2120
2133
2094
2132
2121
2121
2059
2088
2034
2077
2009
2045
1976
2039
1995
2028
2002
2017
2026
2073
2082
2096
2116
2073
2132
2093
2118
2068
2127
2099
2153
2079
2104
2046
2108
2055
2085
2048
2076
2114
2113
2094
2068
2086
2072
2058
2003
2025
1951
2001
1950
1979
1930
1979
1971
2019
2011
2032
2017
2057
2068
2089
2107
2082
2125
2110
2156
2130
2166
2149
2188
2144
2168
2104
2132
2092
2103
2074
2093
2099
2097
2091
2068
2093
2094
2125
2114
2142
2088
2109
2105
2132
2094
2131
2122
2147
2176
2176
2179
2194
2217
2219
2255
2219
2234
2213
2269
2223
2221
2180
2188
2180
2156
2128
2111
2118
2118
2098
2091
2112
2099
2140
2099
2127
2084
2148
2128
2154
2116
2139
2133
2175
2135
2138
2138
2125
2165
2134
2142
2094
2136
2109
2140
2073
2096
2070
2120
2071
2088
2035
2040
2074
2075
2055
2024
2037
2034
2031
1982
2010
1941
2020
1972
2018
1953
2015
1971
1996
1945
1951
1937
1969
1961
1967
1998
1978
2026
2018
2048
2003
2056
2024
2087
2031
2054
1995
2060
2036
2071
2041
2058
2068
2074
2084
2054
2071
2071
2102
2066
2122
2068
2120
2095
2140
2071
2104
2080
2113
2108
2102
2079
2099
2128
2117
2111
2059
2079
2056
2103
2042
2052
2011
2023
1992
2004
1951
1962
1954
1985
1953
1969
1984
1973
2017
1984
2002
1952
1996
1953
1969
1925
1941
1956
2019
1989
1995
1998
2001
2044
2028
2042
2023
2072
2075
2100
2051
2053
2034
2062
2014
2026
1984
1991
2009
1994
1978
1945
1971
1950
1938
1900
1940
1896
1963
1931
1963
1927
1989
1969
1984
1969
1949
1955
1950
1960
1917
1933
1855
1894
1830
1872
1813
1857
1839
1899
1899
1907
1903
1932
1954
1959
1940
1903
1935
1910
1976
1931
1981
1954
2025
2004
2045
2005
2053
2043
2073
2022
2021
1980
1962
1974
1932
1918
1878
1928
1898
1932
1870
1896
1860
1925
1855
1886
1847
1888
1937
1950
1965
1969
2007
2010
2016
2000
2029
1982
2028
1964
1975
1929
1981
1961
1992
1979
1986
1994
2026
2037
2030
2043
2013
2070
2042
2061
2010
2039
2023
2036
2015
2035
2020
2063
2055
2045
2027
2031
2089
2090
2108
2080
2119
2106
2132
2103
2119
2093
2126
2095
2085
2069
2087
2065
2033
2028
1967
1975
1947
1983
1927
1975
1942
2006
2005
2065
2049
2082
2074
2097
2125
2108
2117
2095
2119
2073
2082
2022
2064
2035
2087
2040
2082
2048
2114
2101
2115
2099
2103
2119
2118
2130
2100
2107
2068
2134
2085
2132
2094
2170
2110
2148
2103
2118
2119
2164
2125
2126
2111
2102
2139
2104
2120
2069
2139
2107
2142
2104
2141
2122
2202
2163
2192
2148
2208
2187
2187
2169
2142
2163
2160
2161
2128
2182
2143
2187
2160
2182
2130
2191
2162
2176
2162
2155
2150
2162
2156
2102
2081
2041
2086
2065
2087
2062
2094
2071
2088
2071
2082
2077
2087
2093
2068
2054
2044
2055
2029
2047
1998
2034
2016
2055
2018
2071
2067
2107
2121
2117
2113
2117
2132
2118
2160
2115
2137
2122
2183
2115
2144
2097
2120
2108
2116
2071
2059
2055
2068
2068
2027
2048
2026
2090
2078
2124
2099
2159
2116
2161
2096
2122
2067
2118
2057
2032
2014
1966
1979
1944
1949
1905
1933
1886
1945
1889
1947
1910
1989
1969
2019
1984
1996
2005
2035
2029
2031
2031
2055
2084
2045
2095
2071
2151
2118
2152
2122
2155
2134
2167
2136
2140
2114
2141
2133
2109
2135
2102
2144
2130
2157
2119
2158
2153
2200
2171
2180
2157
2178
2181
2174
2170
2152
2164
2157
2184
2152
2157
2110
2132
2090
2076
2034
2060
2050
2079
2067
2076
2099
2096
2132
2102
2143
2126
2164
2128
2151
2111
2127
2109
2145
2099
2129
2135
2151
2188
2159
2181
2151
2190
2166
2194
2136
2154
2099
2154
2088
2117
2059
2089
2098
2093
2078
2057
2068
2073
2067
2003
2043
1990
2062
2014
2046
1981
2053
2014
2074
2026
2033
2000
2038
2015
2030
2030
1991
2051
2035
2076
2037
2101
2081
2158
2132
2150
2097
2146
2110
2110
2040
2017
2027
2000
1996
1944
1962
1938
1965
1931
1967
1911
1967
1948
1990
1936
1962
1937
1971
1985
1967
2000
2023
2071
2051
2085
2067
2116
2101
2141
2105
2127
2110
2122
2118
2100
2072
2035
2045
1990
1964
1931
1939
1914
1947
1925
1964
1944
2002
2008
2013
2005
1979
1996
1998
2005
1976
1998
1976
2038
1995
2037
1989
2055
2036
2050
2014
1993
1977
1992
1974
1962
1971
1947
2019
1989
2023
1979
2068
2043
2083
2070
2109
2078
2142
2124
2156
2112
2139
2119
2102
2122
2077
2105
2078
2088
2018
2074
2007
2066
2046
2096
2055
2085
2090
2086
2105
2044
2031
1999
2040
1980
2008
1990
2031
2006
2051
2006
2055
2035
2103
2096
2095
2099
2105
2141
2130
2136
2100
2096
2067
2103
2053
2066
2020
2045
2014
2027
2019
2025
2049
2041
1994
2001
2024
2051
1997
2023
2002
2072
2049
2086
2049
2079
2080
2104
2098
2087
2094
2104
2126
2093
2107
2041
2092
2054
2118
2060
2107
2075
2134
2111
2117
2091
2114
2093
2070
2068
2015
2043
2021
2059
1995
2049
2021
2108
2090
2121
2068
2133
2110
2139
2098
2100
2116
2118
2141
2107
2123
2099
2126
2079
2111
2022
2062
2034
2069
2001
2037
2007
2024
2028
2014
2001
2004
2030
2030
2077
2028
2070
2049
2129
2072
2103
2062
2086
2064
2055
2017
2017
2021
2016
1997
1984
2010
1999
2051
2025
2056
2023
2073
2039
2052
2021
2032
2029
2047
2031
2024
2029
2008
2053
2036
2064
2032
2076
2056
2107
2091
2123
2113
2167
2157
2150
2122
2090
2121
2110
2115
2075
2098
2088
2125
2117
2119
2059
2093
2070
2056
2006
2027
2015
2008
2011
1975
1980
1979
2026
1998
2063
2035
2092
2087
2140
2117
2161
2157
2181
2183
2156
2144
2145
2172
2133
2121
2052
2111
2064
2102
2030
2077
2032
2096
2040
2049
2015
2027
2029
2015
1992
1987
1998
1975
2037
1977
2025
1991
2072
2010
2072
2035
2062
2034
2075
2037
2045
2013
2013
2034
2003
2011
1968
2016
1977
2004
1972
2008
1970
2027
1983
1991
1949
2000
2000
2001
1989
1961
1983
1978
1976
1947
1965
1923
1978
1951
1973
1944
1999
1986
2010
2010
2008
2019
2038
2036
2013
2010
1966
2014
1988
2017
1988
2016
1999
2017
2011
2004
2010
2031
2058
2036
2048
2030
2025
1982
2007
1942
1982
1967
2012
1955
2004
1984
2023
2039
2044
2023
2045
2073
2060
2084
2034
2063
2043
2110
2054
2090
2038
2085
2063
2111
2060
2072
2067
2092
2106
2073
2086
2064
2099
2047
2047
1984
2011
1973
2015
1939
1964
1922
1990
1930
1951
1977
1994
2020
2028
2029
2010
2042
2016
2060
2001
2032
1976
2043
1988
2021
1991
2004
2023
2056
2045
2066
2079
2087
2108
2072
2095
2051
2099
2060
2071
2015
2034
1991
2017
1983
1984
1952
1980
1985
1997
2021
2002
2023
2013
2038
2006
2037
2019
2057
2025
2016
1985
2013
2011
2005
2008
1990
2010
2017
2033
2009
2033
2036
2087
2076
2111
2071
2095
2080
2092
2037
2024
2024
2028
2050
2012
2018
2009
2066
2061
2112
2074
2131
2115
2166
2117
2150
2127
2140
2137
2114
2113
2114
2139
2123
2138
2063
2112
2072
2135
2070
2119
2074
2116
2111
2122
2087
2106
2106
2118
2074
2040
2062
2028
2076
2039
2088
2045
2122
2085
2137
2088
2128
2121
2182
2141
2168
2151
2147
2161
2163
2164
2144
2153
2147
2175
2115
2163
2115
2176
2137
2175
2135
2145
2128
2136
2116
2102
2080
2088
2074
2046
2065
2038
2115
2105
2128
2091
2134
2102
2137
2115
2098
2066
2088
2082
2061
2084
2072
2120
2123
2158
2123
2143
2144
2167
2176
2165
2129
2131
2143
2114
2100
2069
2095
2084
2119
2075
2108
2088
2143
2144
2151
2137
2169
2184
2199
2168
2160
2163
2135
2190
2132
2160
2121
2191
2148
2194
2144
2167
2134
2164
2104
2110
2067
2070
2102
2060
2070
2025
2055
2029
2038
1988
2039
1995
2064
2016
2081
2027
2095
2058
2065
2047
2024
2018
2027
2027
1992
1993
1917
1968
1921
1962
1899
1946
1913
1947
1917
1921
1881
1932
1937
1944
1916
1911
1953
1937
1967
1914
1953
1948
1979
1960
1991
1947
2010
1991
2021
1970
2005
1985
1999
2002
1969
1979
1981
2002
1967
1995
1931
1950
1939
1968
1915
1934
1941
1963
1974
1968
1967
1955
1972
1916
1879
1803
1819
1783
1779
1718
1731
1710
1753
1760
1774
1783
1810
1856
1866
1878
1873
1895
1883
1931
1882
1910
1888
1965
1943
2002
2001
2015
2026
2040
2024
2013
2017
1997
2034
1972
1986
1910
1948
1880
1889
1834
1835
1795
1822
1778
1794
1767
1822
1825
1803
1824
1786
1824
1811
1848
1804
1865
1827
1869
1820
1840
1796
1845
1823
1843
1835
1821
1814
1820
1827
1804
1811
1758
1827
1780
1829
1779
1831
1807
1839
1789
1791
1753
1794
1797
1809
1790
1826
1843
1844
1862
1801
1833
1806
1864
1801
1878
1820
1859
1831
1867
1820
1869
1850
1883
1886
1859
1849
1852
1865
1837
1844
1818
1855
1824
1847
1805
1853
1839
1861
1825
1810
1773
1787
1810
1803
1809
1793
1795
1785
1823
1783
1807
1787
1842
1806
1828
1820
1839
1854
1861
1854
1847
1839
1811
1832
1793
1814
1788
1856
1824
1858
1849
1886
1889
1911
1871
1863
1848
1874
1867
1826
1832
1786
1827
1797
1824
1768
1810
1779
1845
1802
1831
1809
1882
1861
1896
1898
1882
1878
1869
1873
1831
1854
1815
1884
1841
1881
1823
1886
1847
1875
1827
1823
1790
1835
1837
1855
1849
1890
1910
1885
1912
1858
1917
1882
1934
1875
1934
1883
1951
1925
1959
1900
1950
1931
1934
1931
1910
1926
1942
1973
1938
1946
1902
1966
1936
1983
1933
1977
1962
2017
1989
1984
1964
1983
1999
1983
1969
1959
1959
1934
1967
1920
1962
1929
1968
1921
1963
1943
1980
1982
1991
1960
1951
1944
1922
1916
1867
1866
1834
1879
1851
1861
1842
1856
1852
1898
1877
1901
1903
1966
1993
1994
2003
1998
2039
2044
2046
2014
2058
2041
2087
2049
2076
2055
2102
2078
2085
2079
2051
2059
2049
2041
2002
2002
1969
2035
1993
2020
1971
2008
1985
2014
1997
2005
2015
2050
2064
2063
2067
2097
2118
2118
2165
2099
2136
2088
2112
2027
2073
2031
2090
2081
2094
2061
2085
2067
2053
2056
1998
2019
2022
2067
2021
2056
2013
2067
2025
2054
2007
2048
2013
2042
1997
1982
1971
1986
2014
2008
2007
1983
2027
1998
2045
1990
2017
1976
2047
1986
2024
1986
2023
2013
2052
2022
2039
2039
2038
2078
2053
2096
2091
2144
2092
2095
2052
2092
2045
2096
2033
2065
2014
2045
2015
2020
2015
2015
2063
2065
2070
2040
2083
2057
2117
2090
2123
2071
2106
2092
2115
2088
2077
2090
2103
2106
2073
2052
2008
2057
2026
2047
2007
2059
2052
2069
2035
2015
2004
2030
2028
2005
1993
2007
2016
2030
2062
2026
2072
2068
2112
2062
2107
2075
2103
2101
2114
2075
2072
2070
2076
2099
2063
2068
2055
2089
2035
2071
2019
2047
2021
2066
2035
2086
2077
2121
2114
2094
2101
2094
2119
2101
2099
2065
2120
2097
2161
2096
2138
2086
2134
2068
2086
2046
2054
2048
2078
2075
2094
2114
2114
2165
2135
2181
2154
2221
2198
2247
2208
2250
2205
2262
2202
2235
2199
2262
2232
2226
2217
2187
2200
2190
2200
2165
2187
2140
2208
2149
2173
2123
2190
2144
2190
2155
2172
2175
2213
2190
2215
2211
2203
2256
2218
2239
2187
2237
2210
2241
2195
2220
2191
2259
2219
2257
2226
2286
2273
2275
2265
2248
2264
2261
2251
2210
2205
2138
2165
2115
2139
2096
2136
2098
2127
2091
2077
2069
2109
2123
2130
2131
2131
2188
2179
2210
2172
2204
2206
2240
2223
2233
2198
2224
2216
2223
2214
2203
2187
2176
2176
2136
2133
2122
2171
2144
2174
2155
2184
2179
2212
2188
2201
2195
2198
2211
2184
2181
2169
2202
2182
2194
2172
2213
2182
2236
2201
2243
2227
2275
2255
2254
2243
2241
2247
2239
2227
2208
2222
2166
2212
2158
2181
2112
2183
2131
2174
2113
2119
2088
2131
2087
2097
2067
2054
2098
2064
2059
2007
2057
2034
2063
2041
2076
2042
2128
2077
2105
2037
2099
2046
2043
2019
2005
2011
2029
2021
2017
2045
2010
2077
2021
2050
1978
2023
1962
1994
1918
1933
1908
1956
1919
1959
1943
1963
2017
2022
2039
2030
2048
2043
2068
2034
2068
2002
2042
1992
2012
1945
1986
1944
1957
1946
1947
1941
1952
1970
1965
1984
1963
2018
2012
2058
2020
2049
2033
2077
2057
2060
2046
2078
2095
2102
2072
2063
2077
2087
2111
2096
2099
2059
2080
2046
2047
1988
2015
2004
2027
1993
2005
1985
1991
2011
1992
1990
1984
2012
1991
2019
1967
1995
2009
2063
2048
2089
2080
2120
2131
2118
2103
2106
2154
2159
2149
2113
2131
2095
2140
2074
2101
2063
2127
2101
2135
2100
2126
2141
2173
2126
2131
2124
2085
2101
2038
2031
1989
2022
1986
2017
1971
1995
1949
1997
1952
1979
1924
1939
1948
1956
1973
1979
2018
2036
2038
2011
2055
1981
2038
1965
2012
1940
1987
1951
1992
1960
1977
1956
2016
2019
2037
2052
2024
2071
2061
2083
2035
2071
2055
2098
2048
2096
2031
2104
2072
2118
2061
2095
2088
2101
2093
2075
2060
2040
2062
2029
2079
2031
2072
2024
2072
2019
2062
2018
2052
2016
2013
1955
1984
1968
1969
1960
1927
1920
1925
1972
1951
1979
1971
2029
2016
2054
1992
2041
2039
2059
2075
2030
2052
2046
2025
1991
1997
2020
2012
2033
1991
2029
2020
2075
2044
2082
2060
2104
2094
2085
2030
2032
2023
2018
1982
1971
1989
1972
2006
1973
1977
1942
1966
1932
1940
1889
1894
1863
1897
1881
1886
1890
1859
1904
1900
1931
1899
1920
1902
1926
1890
1891
1862
1909
1912
1953
1929
1955
1974
1985
2022
2007
2023
2022
2043
1987
2022
1955
1983
1935
1975
1911
1921
1859
1889
1871
1862
1852
1877
1886
1895
1931
1879
1893
1891
1957
1909
1945
1907
1961
1920
1943
1891
1927
1888
1919
1849
1859
1848
1849
1858
1809
1805
1795
1830
1800
1852
1782
1828
1803
1876
1840
1902
1882
1914
1888
1911
1881
1897
1907
1947
1962
1922
1940
1907
1957
1919
1940
1876
1933
1915
1977
1946
1999
1984
2048
2011
2051
2048
2041
2051
2051
2039
2022
2041
2021
2075
2026
2063
2015
2076
2030
2063
2031
2042
2027
2058
2035
2042
2029
2053
2047
2024
2050
2020
2076
2075
2106
2053
2088
2061
2108
2065
2073
2012
2036
2007
1996
1997
1971
2008
2040
2057
2040
2040
2035
2096
2057
2056
2010
2034
2002
2012
2002
1992
1992
2030
2060
2069
2061
2053
2042
2025
2039
1981
2025
2018
2051
2012
2041
2027
2055
2062
2072
2062
2071
2072
2026
2025
1972
1969
1932
1947
1886
1900
1880
1939
1930
1972
1956
1990
1961
1995
1985
1969
1971
1958
1992
1951
1949
1905
1927
1899
1948
1900
1948
1919
1986
1942
1960
1934
1942
1935
1957
1934
1925
1923
1900
1951
1905
1941
1913
2005
1992
2055
2058
2106
2091
2150
2103
2145
2120
2189
2200
2202
2202
2187
2220
2212
2219
2182
2214
2168
2233
2184
2219
2158
2219
2160
2181
2127
2123
2116
2143
2110
2118
2082
2055
2111
2083
2096
2059
2126
2103
2142
2135
2188
2147
2214
2182
2207
2156
2205
2189
2191
2172
2154
2165
2177
2182
2163
2201
2161
2200
2166
2172
2126
2176
2163
2174
2145
2152
2146
2169
2180
2174
2175
2154
2200
2194
2214
2173
2190
2167
2207
2184
2206
2174
2188
2186
2197
2171
2169
2179
2182
2198
2157
2163
2151
2192
2148
2162
2115
2137
2138
2167
2149
2173
2160
2183
2209
2185
2192
2182
2229
2204
2210
2172
2210
2170
2224
2175
2203
2168
2211
2169
2165
2135
2108
2110
2113
2094
2083
2086
2043
2100
2057
2075
1998
2051
2006
2057
1994
2007
1978
2044
1987
2007
1975
1987
2037
2029
2030
1997
2041
2030
2042
2011
2060
2007
2079
2027
2085
2041
2117
2096
2121
2075
2079
2064
2084
2068
2060
2082
2024
2081
2030
2066
2016
2085
2047
2108
2055
2082
2031
2084
2046
2077
2027
2048
2074
2079
2109
2094
2120
2123
2141
2121
2158
2104
2165
2126
2164
2099
2135
2100
2135
2102
2112
2081
2116
2112
2106
2082
2026
2029
1980
1988
1937
1942
1921
1961
1934
1961
1920
1984
1974
1993
1946
1950
1938
1933
1935
1895
1861
1837
1838
1804
1823
1765
1798
1794
1841
1811
1848
1842
1897
1931
1920
1921
1938
1969
1961
1986
1947
1971
1966
2019
1983
1999
1970
2000
1991
1986
1957
1966
1988
2014
1982
1948
1964
1928
1958
1902
1903
1848
1879
1836
1868
1821
1849
1844
1891
1866
1884
1908
1902
1946
1938
1968
1958
1994
1975
2016
1986
2030
1982
2032
2003
2042
2001
2019
2018
2000
2012
1986
2011
2010
2038
1983
2008
1937
2011
1988
2051
1989
2029
1988
2042
2022
2026
1995
2026
2026
2033
2042
2005
2031
2020
2055
2019
2042
2011
2085
2042
2063
1993
2041
2019
2073
2011
2010
1983
1993
2016
1992
2001
2008
2053
2030
2082
2039
2076
2035
2081
2027
2059
2005
2035
2028
2002
1944
1928
1905
1900
1868
1824
1835
1835
1901
1884
1938
1921
1973
1976
2035
1997
2017
1993
2013
1963
1937
1913
1894
1932
1928
1939
1939
1971
1974
2010
1968
1990
1988
2042
2017
2043
2030
2031
2051
2058
2052
2035
2043
2032
2026
1981
1989
1920
1954
1930
1954
1905
1932
1922
1951
1942
1949
1934
1954
1967
1954
1981
1931
1968
1960
2011
1970
2009
1990
2036
2020
2015
1963
1958
1930
1930
1902
1849
1839
1824
1843
1808
1846
1833
1874
1867
1925
1879
1918
1907
1965
1922
1960
1946
1963
1973
1943
1927
1915
1930
1864
1896
1793
1807
1762
1790
1708
1736
1675
1725
1729
1777
1751
1798
1805
1852
1842
1806
1807
1760
1775
1727
1759
1723
1792
1786
1837
1776
1835
1798
1871
1804
1825
1811
1821
1847
1859
1846
1827
1839
1807
1869
1824
1856
1809
1863
1825
1854
1831
5835
1758
1776
1792
1811
1836
1861
1889
1901
1904
1904
1909
1923
1939
1956
1965
1953
1938
1949
1964
1966
1977
1981
1978
1971
1963
1966
1970
1956
1940
1926
1916
1913
1907
1893
1889
1879
1864
1870
1882
1894
1898
1899
1896
1899
1910
1898
1907
1917
1921
1947
1968
1978
1990
2017
2017
2023
2021
2029
2026
2021
2031
2041
2043
2043
2046
2043
2040
2039
2038
2043
2067
2066
2077
2094
2112
2128
2123
2124
2121
2102
2095
2086
2083
2087
2096
2097
2095
2078
2082
2089
2103
2098
2090
2097
2107
2122
2128
2135
2158
2142
2139
2128
2118
2132
2133
2142
2141
2152
2153
2156
2148
2148
2144
2143
2132
2130
2125
2123
2113
2108
2102
2111
2112
2125
2129
2130
2135
2137
2151
2162
2166
2171
2162
2189
2204
2206
2186
2189
2193
2194
2196
2182
2168
2173
2168
2154
2136
2118
2102
2073
2058
2033
2013
2005
1988
1990
1979
1965
1957
1955
1947
1951
1954
1949
1942
1927
1925
1934
1942
1956
1960
1984
2000
2017
2024
2041
2058
2072
2065
2056
2066
2072
2065
2047
2018
1997
1985
1983
1991
1992
2010
2024
2045
2041
2052
2060
2055
2044
2048
2051
2042
2037
2037
2044
2033
2033
2020
2014
2006
2001
2008
2016
2026
2035
2052
2063
2063
2081
2104
2093
2068
2043
2035
2005
1989
1981
1984
1981
1986
1984
1995
2008
2032
2044
2051
2063
2078
2087
2082
2093
2110
2114
2093
2076
2057
2035
2041
2043
2050
2057
2064
2078
2073
2066
2072
2089
2096
2085
2096
2106
2108
2132
2139
2138
2125
2121
2109
2109
2099
2071
2062
2063
2063
2067
2076
2080
2095
2107
2107
2096
2083
2068
2053
2026
2005
1998
1987
1983
1989
1984
1979
1971
1965
1963
1966
1973
1979
2000
2048
2068
2075
2075
2063
2065
2068
2049
2043
2033
2027
2015
2025
2020
2030
2032
2042
2043
2029
1992
1972
1944
1918
1903
1884
1868
1872
1871
1865
1873
1879
1883
1876
1894
1891
1906
1914
1922
1927
1940
1936
1923
1900
1891
1887
1867
1857
1833
1833
1817
1809
1807
1818
1834
1861
1878
1902
1917
1935
1960
1978
1978
1967
1963
1951
1942
1939
1941
1942
1925
1902
1902
1884
1882
1876
1871
1878
1894
1907
1911
1936
1950
1968
1972
1964
1959
1945
1942
1952
1941
1917
1918
1920
1930
1930
1935
1915
1914
1909
1900
1906
1907
1910
1908
1911
1921
1911
1919
1922
1927
1948
1968
1983
1991
2012
2036
2057
2068
2091
2109
2126
2116
2102
2100
2093
2080
2081
2085
2087
2089
2089
2108
2120
2131
2146
2139
2152
2153
2154
2139
2119
2113
2096
2078
2069
2065
2054
2048
2038
2050
2056
2067
2073
2070
2058
2048
2048
2057
2050
2044
2032
2027
2007
1999
1987
1974
1957
1970
1977
1983
1981
1991
2002
2002
2001
2002
1996
1977
1962
1938
1944
1941
1933
1907
1904
1905
1926
1944
1957
1976
1969
1961
1974
1980
1991
2001
2017
2031
2029
2049
2055
2068
2073
2078
2062
2067
2076
2063
2035
2018
1996
1969
1961
1951
1951
1952
1945
1914
1901
1908
1915
1924
1941
1963
1985
1996
1999
2010
2017
2023
2014
2017
2017
2017
2032
2054
2070
2067
2061
2042
2022
2008
2010
2007
2028
2042
2057
2061
2072
2100
2113
2118
2129
2136
2140
2131
2134
2140
2135
2140
2135
2135
2136
2117
2105
2101
2109
2105
2102
2093
2103
2119
2115
2134
2123
2111
2099
2112
2111
2111
2097
2103
2096
2095
2104
2102
2084
2069
2052
2033
2023
2016
2006
2019
2024
2049
2043
2049
2035
2024
2026
2029
2040
2054
2075
2071
2077
2056
2037
2038
2039
2043
2051
2035
2037
2046
2057
2059
2052
2051
2052
2060
2060
2074
2076
2078
2069
2074
2083
2104
2110
2123
2123
2133
2154
2171
2189
2186
2199
2216
2202
2204
2200
2201
2191
2181
2161
2118
2125
2118
2125
2130
2144
2140
2152
2155
2157
2151
2162
2151
2142
2138
2131
2127
2107
2099
2095
2098
2094
2100
2098
2120
2142
2150
2174
2190
2207
2219
2225
2231
2226
2227
2216
2210
2198
2188
2180
2182
2187
2186
2174
2171
2174
2149
2141
2127
2136
2120
2095
2072
2056
2052
2040
2036
2037
2038
2029
2046
2050
2053
2050
2062
2039
2029
2025
2008
2024
2031
2021
2001
1993
1986
1972
1968
1988
1999
2020
2034
2034
2033
2034
2028
2030
2038
2033
2029
2025
2019
2026
2031
2032
2022
2015
2007
2027
2037
2016
2000
2009
2004
1994
1991
1991
2001
2015
2021
2029
2038
2023
2009
1998
1991
1977
1979
1984
1996
2007
2023
2027
2038
2059
2070
2092
2107
2109
2105
2097
2103
2092
2073
2072
2062
2059
2057
2040
2032
2017
2020
2034
2019
2019
2007
2023
2040
2050
2054
2062
2060
2052
2059
2069
2081
2082
2083
2069
2085
2086
2087
2093
2091
2080
2065
2062
2066
2065
2059
2040
2035
2021
2003
1976
1957
1927
1909
1908
1931
1939
1949
1961
1966
1968
1987
1989
1975
1958
1955
1949
1932
1911
1882
1847
1828
1797
1789
1811
1817
1825
1826
1845
1847
1868
1889
1925
1948
1969
1963
1966
1977
1992
2000
2010
1994
2001
1989
1983
1993
1990
1984
1971
1961
1949
1932
1920
1915
1902
1891
1865
1844
1821
1825
1824
1811
1803
1801
1783
1797
1811
1821
1828
1829
1839
1837
1823
1803
1785
1780
1758
1746
1720
1711
1714
1719
1712
1733
1752
1762
1783
1806
1827
1843
1851
1868
1864
1847
1823
1804
1770
1760
1753
1739
1750
1757
1768
1801
1840
1864
1884
1891
1901
1904
1912
1934
1946
1950
1958
1966
2001
2024
2045
2059
2075
2060
2053
2054
2041
2053
2046
2028
2023
2007
2012
2008
2010
2010
2013
1997
1985
1980
1975
1958
1958
1981
1981
1981
2000
1997
1968
1953
1946
1929
1923
1919
1923
1936
1942
1946
1971
1984
1998
2003
2027
2045
2047
2051
2047
2057
2056
2059
2062
2044
2022
2007
1978
1934
1888
1852
1807
1782
1771
1780
1791
1818
1828
1843
1851
1887
1888
1887
1901
1919
1912
1910
1898
1878
1854
1841
1841
1850
1854
1860
1851
1855
1857
1888
1885
1883
1875
1882
1887
1903
1907
1920
1933
1945
1953
1955
1978
1977
1986
1996
1992
1993
1993
1971
1940
1927
1918
1912
1928
1939
1950
1943
1925
1933
1931
1925
1923
1918
1934
1912
1919
1950
1972
1979
1987
2005
2024
2039
2033
2029
2017
2005
1999
1995
1980
1974
1964
1980
1983
1990
1999
2021
2035
2057
2061
2048
2043
2022
2041
2032
2020
2013
2023
2010
2004
1984
1999
2001
2006
2022
2030
2045
2046
2061
2045
2045
2055
2070
2092
2104
2125
2138
2147
2161
2179
2176
2174
2168
2165
2157
2155
2142
2120
2109
2115
2100
2079
2088
2096
2097
2099
2101
2111
2121
2118
2126
2136
2158
2162
2161
2171
2182
2182
2187
2196
2187
2180
2178
2158
2149
2135
2108
2110
2114
2128
2127
2124
2131
2142
2149
2146
2155
2166
2173
2194
2210
2200
2181
2163
2158
2156
2160
2153
2146
2146
2137
2148
2141
2156
2166
2162
2165
2143
2148
2135
2131
2105
2110
2114
2130
2140
2152
2163
2180
2189
2193
2194
2175
2154
2143
2146
2141
2146
2136
2144
2155
2163
2170
2168
2158
2153
2167
2156
2155
2143
2159
2168
2168
2170
2174
2154
2166
2169
2168
2167
2178
2170
2185
2199
2199
2208
2218
2233
2243
2260
2274
2283
2275
2259
2243
2240
2233
2224
2205
2197
2181
2160
2148
2139
2141
2147
2167
2183
2209
2232
2229
2230
2242
2244
2238
2233
2210
2170
2147
2134
2133
2132
2137
2123
2110
2105
2118
2116
2096
2085
2081
2080
2069
2064
2073
2080
2077
2064
2061
2040
2034
2024
2022
2039
2043
2045
2042
2070
2074
2086
2084
2109
2119
2107
2111
2118
2109
2089
2066
2054
2054
2054
2047
2038
2019
1995
1988
1978
1965
1967
1959
1944
1941
1946
1962
1991
2007
2005
1993
2005
2022
2036
2040
2036
2030
2026
2031
2028
2043
2041
2054
2065
2070
2068
2077
2074
2072
2069
2073
2070
2073
2080
2081
2086
2072
2048
2046
2060
2065
2062
2046
2035
2048
2041
2030
2023
2021
2030
2039
2034
2062
2079
2095
2095
2087
2068
2056
2037
2012
1985
1965
1928
1906
1897
1873
1842
1851
1882
1915
1951
1995
2029
2064
2102
2103
2103
2100
2098
2085
2078
2053
2051
2062
2078
2079
2092
2102
2109
2091
2081
2074
2068
2056
2070
2080
2100
2124
2131
2142
2138
2130
2111
2106
2111
2099
2100
2100
2119
2135
2157
2165
2178
2187
2228
2242
2243
2216
2210
2197
2185
2171
2157
2135
2110
2078
2055
2048
2053
2046
2038
2031
2025
2031
2022
2009
2005
1999
2001
2002
2005
2020
2033
2046
2040
2036
2017
1999
1975
1947
1935
1921
1908
1907
1914
1936
1948
1956
1957
1956
1967
1991
2000
2011
2021
2031
2032
2054
2078
2084
2078
2067
2053
2035
2026
2027
2038
2019
1996
1974
1944
1937
1938
1935
1939
1953
1969
1978
1984
2001
2013
2027
2039
2054
2061
2059
2065
2072
2072
2066
2072
2076
2069
2046
2045
2048
2058
2051
2042
2028
2030
2036
2030
2026
2004
2000
1994
1977
1945
1930
1907
1895
1893
1900
1894
1903
1911
1918
1925
1925
1938
1947
1952
1954
1972
1983
1991
2003
2024
2014
2006
1979
1959
1929
1905
1891
1893
1912
1942
1977
2014
2033
2041
2063
2083
2096
2111
2122
2120
2114
2116
2100
2088
2076
2075
2069
2066
2053
2042
2059
2068
2090
2093
2095
2113
2119
2123
2126
2137
2127
2127
2134
2127
2131
2134
2121
2126
2115
2103
2078
2069
2046
2036
2049
2049
2044
2046
2044
2027
2032
2009
1992
1991
1995
2004
1995
1989
1987
1982
1984
1964
1961
1970
1981
1981
1993
2013
2011
2004
2000
1979
1982
1965
1948
1920
1916
1899
1869
1852
1846
1847
1848
1870
1885
1916
1936
1947
1955
1970
1983
1984
1978
1975
1981
1982
1967
1937
1934
1914
1921
1935
1949
1937
1954
1974
1983
1965
1978
1969
1949
1914
1895
1857
1835
1834
1843
1852
1855
1845
1855
1843
1853
1853
1851
1851
1859
1853
1851
1827
1834
1824
1819
1831
1848
1856
1869
1891
1913
1962
1985
2011
2012
2020
2028
2035
2032
2034
2025
2027
2033
2046
2058
2074
2082
2095
2098
2096
2085
2084
2090
2094
2094
2093
2101
2105
2120
2123
2112
2105
2110
2101
2100
2102
2109
2113
2124
2131
2148
2143
2150
2154
2135
2133
2132
2119
2118
2105
2104
2112
2103
2102
2097
2106
2100
2091
2082
2072
2054
2048
2038
2035
2017
2007
2003
2002
2005
2015
2026
2035
2049
2060
2046
2033
2021
2013
2038
2059
2068
2092
2099
2117
2131
2149
2160
2178
2179
2190
2203
2227
2246
2231
2217
2207
2202
2186
2165
2143
2137
2118
2110
2090
2086
2078
2079
2075
2081
2094
2093
2083
2085
2097
2111
2125
2116
2126
2154
2186
2218
2210
2206
2224
2233
2238
2246
2261
2257
2234
2229
2204
2186
2165
2157
2133
2107
2089
2095
2091
2087
2088
2098
2130
2145
2162
2180
2164
2171
2174
2182
2184
2171
2167
2181
2197
2191
2186
2188
2194
2206
2212
2210
2214
2200
2194
2174
2156
2144
2140
2147
2160
2147
2137
2125
2131
2126
2113
2107
2094
2091
2075
2086
2089
2099
2106
2114
2124
2130
2115
2102
2109
2114
2112
2122
2126
2140
2152
2161
2175
2176
2191
2209
2233
2238
2261
2266
2267
2275
2294
2298
2303
2312
2321
2317
2334
2347
2348
2340
2329
2309
2305
2288
2276
2265
2258
2276
2276
2293
2303
2297
2280
2293
2301
2312
2316
2323
2323
2324
2316
2311
2304
2310
2313
2318
2323
2334
2338
2340
2334
2326
2341
2354
2358
2366
2330
2302
2285
2265
2258
2236
2225
2217
2217
2214
2210
2201
2198
2210
2219
2238
2241
2244
2259
2273
2274
2283
2287
2290
2308
2317
2311
2325
2326
2315
2304
2294
2260
2240
2240
2237
2232
2233
2232
2240
2241
2228
2225
2217
2231
2233
2228
2230
2246
2230
2237
2241
2247
2246
2246
2223
2227
2199
2188
2179
2186
2186
2198
2207
2189
2182
2162
2144
2132
2106
2095
2076
2073
2086
2104
2117
2125
2140
2142
2144
2127
2128
2134
2126
2141
2148
2143
2157
2174
2183
2174
2185
2189
2196
2202
2209
2232
2225
2216
2218
2215
2211
2206
2195
2178
2151
2114
2102
2092
2074
2067
2078
2060
2048
2043
2038
2038
2046
2065
2072
2087
2089
2094
2092
2082
2073
2058
2054
2069
2060
2063
2072
2065
2060
2047
2035
2019
1996
1982
1966
1948
1953
1950
1965
1956
1949
1954
1958
1975
1991
1998
2009
2014
2011
2006
2012
2002
1991
1985
1985
1971
1958
1963
1973
1978
1982
1995
1999
2024
2040
2067
2088
2111
2115
2127
2136
2144
2153
2152
2161
2160
2147
2141
2126
2108
2107
2112
2113
2093
2085
2078
2078
2063
2065
2035
2021
2038
2048
2044
2017
1983
1968
1965
1962
1958
1945
1939
1941
1944
1956
1951
1954
1948
1961
1977
1995
2016
2032
2035
2040
2046
2038
2019
2010
2006
2008
2011
2005
2009
2009
2000
2004
2002
1999
2001
2007
2007
1998
1986
1973
1974
1976
1973
1992
2022
2043
2059
2083
2097
2098
2075
2066
2046
2038
2020
1995
1978
1970
1955
1962
1957
1943
1926
1914
1905
1924
1944
1958
1970
1991
2002
2029
2039
2039
2037
2037
2039
2028
2018
2008
2011
2019
2027
2023
2035
2048
2074
2088
2094
2105
2100
2104
2107
2106
2089
2072
2063
2071
2069
2065
2035
2019
1995
1969
1966
1968
1958
1960
1977
1983
1985
1980
1986
2010
2013
2021
2016
2031
2042
2051
2065
2066
2069
2060
2062
2053
2055
2044
2039
2037
2042
2039
2068
2092
2120
2134
2155
2157
2151
2151
2139
2122
2127
2125
2135
2125
2107
2096
2090
2079
2076
2086
2098
2116
2123
2142
2151
2158
2151
2146
2133
2126
2110
2091
2078
2071
2074
2056
2061
2056
2057
2090
2113
2148
2166
2171
2188
2188
2186
2177
2179
2176
2186
2178
2154
2139
2124
2121
2110
2097
2088
2087
2085
2084
2081
2086
2109
2110
2116
2132
2137
2137
2134
2123
2113
2111
2107
2115
2133
2136
2143
2154
2167
2173
2179
2164
2138
2119
2099
2080
2081
2083
2072
2056
2066
2080
2078
2101
2102
2107
2096
2103
2109
2110
2107
2106
2115
2135
2152
2169
2177
2186
2189
2178
2176
2159
2150
2137
2125
2131
2129
2126
2111
2112
2107
2109
2119
2122
2139
2140
2142
2134
2126
2116
2098
2094
2072
2057
2048
2038
2023
2011
1983
1971
1972
1981
1970
1957
1964
1974
2003
2021
2030
2033
2032
2029
2045
2041
2035
2012
1991
1973
1959
1949
1946
1950
1961
1965
1968
1977
1997
2007
2014
2023
2050
2065
2090
2118
2122
2123
2111
2100
2091
2084
2073
2060
2044
2039
2023
2020
2007
1998
2011
2015
2015
2043
2053
2068
2078
2074
2085
2093
2088
2087
2085
2095
2100
2104
2114
2109
2108
2115
2107
2066
2050
2026
1999
1979
1961
1923
1914
1905
1881
1877
1879
1885
1899
1922
1920
1931
1971
2001
2013
2033
2052
2080
2094
2099
2113
2118
2122
2127
2127
2131
2124
2108
2085
2067
2059
2041
2040
2038
2026
2024
2030
2042
2051
2106
2130
2150
2168
2184
2198
2184
2152
2117
2082
2037
2008
1982
1957
1951
1957
1975
1993
2022
2042
2059
2067
2066
2054
2062
2063
2067
2083
2082
2094
2098
2107
2118
2120
2138
2147
2157
2147
2143
2133
2126
2115
2105
2096
2101
2114
2110
2123
2151
2165
2175
2170
2166
2164
2161
2141
2127
2110
2078
2052
2042
2027
2027
2035
2050
2050
2062
2084
2098
2126
2151
2152
2155
2162
2179
2165
2156
2134
2135
2118
2123
2120
2129
2134
2145
2143
2154
2159
2169
2176
2178
2177
2179
2182
2183
2173
2165
2150
2131
2114
2100
2100
2105
2101
2096
2094
2091
2109
2111
2122
2129
2140
2143
2141
2155
2158
2141
2104
2103
2091
2084
2090
2093
2097
2108
2119
2129
2130
2132
2127
2132
2132
2144
2161
2164
2141
2115
2114
2103
2099
2108
2123
2119
2134
2148
2166
2173
2172
2172
2160
2134
2124
2097
2075
2046
2033
2027
2026
2032
2016
2022
2014
2013
2016
2015
2014
2007
2017
2021
2031
2048
2048
2046
2046
2046
2046
2052
2053
2060
2064
2071
2079
2094
2103
2114
2124
2149
2167
2157
2145
2141
2134
2130
2122
2128
2125
2132
2149
2143
2131
2125
2094
2073
2067
2063
2046
2031
2024
2028
2026
2028
2031
2039
2049
2062
2075
2094
2097
2115
2136
2162
2185
2192
2192
2180
2165
2134
2113
2085
2056
2018
1996
1999
2008
2018
2031
2052
2087
2120
2137
2152
2153
2155
2141
2153
2140
2136
2134
2130
2135
2134
2133
2123
2105
2119
2118
2119
2119
2119
2111
2094
2079
2073
2068
2048
2022
1997
1984
1973
1979
1988
2003
2024
2054
2077
2088
2102
2118
2114
2114
2133
2155
2182
2197
2208
2218
2214
2214
2207
2209
2200
2196
2195
2190
2183
2159
2146
2149
2147
2151
2157
2166
2173
2162
2153
2137
2137
2128
2129
2132
2132
2126
2147
2162
2185
2199
2212
2223
2227
2242
2259
2280
2276
2267
2263
2253
2246
2238
2219
2200
2186
2178
2157
2125
2118
2112
2120
2137
2142
2140
2139
2135
2143
2152
2154
2152
2159
2163
2160
2162
2167
2173
2167
2167
2163
2147
2159
2149
2134
2112
2101
2102
2102
2076
2069
2057
2050
2061
2071
2065
2056
2034
1998
1972
1955
1960
1961
1965
1977
1990
2009
2027
2039
2034
2031
2008
1995
1994
1982
1971
1984
1983
1997
2011
2028
2038
2044
2052
2056
2056
2068
2074
2071
2072
2089
2103
2110
2116
2123
2120
2114
2120
2112
2116
2095
2083
2064
2071
2081
2084
2092
2100
2100
2107
2112
2115
2112
2123
2117
2124
2116
2116
2103
2095
2073
2058
2051
2035
2029
2023
2026
2016
2011
2003
1997
1979
1970
1979
1991
2004
2011
2021
2026
2020
2016
2004
1975
1968
1951
1946
1930
1940
1966
1991
1999
2018
2026
2022
2027
2054
2053
2067
2072
2068
2065
2042
2030
2031
2019
2002
1994
1976
1981
1970
1959
1954
1945
1910
1894
1880
1888
1896
1890
1898
1923
1927
1931
1946
1966
1962
1952
1937
1915
1896
1888
1853
1828
1819
1799
1797
1810
1828
1857
1885
1916
1928
1939
1947
1929
1905
1889
1885
1879
1892
1902
1930
1938
1939
1959
1980
1991
2004
2007
1995
1979
1969
1963
1933
1905
1879
1863
1839
1836
1824
1814
1823
1830
1837
1834
1821
1808
1793
1804
1808
1830
1847
1874
1905
1919
1945
1963
1969
1955
1946
1948
1920
1904
1911
1917
1935
1944
1962
1965
1984
2003
2016
2044
2061
2067
2046
2039
2034
2019
2011
2018
2010
2028
2049
2063
2064
2064
2070
2069
2075
2074
2068
2070
2060
2056
2059
2074
2087
2096
2105
2117
2105
2094
2092
2067
2048
2031
2014
1991
1960
1946
1926
1911
1905
1918
1928
1947
1973
1989
2021
2038
2038
2038
2038
2033
2032
2014
2005
2009
2016
2026
2028
2026
2050
2041
2040
2041
2053
2074
2083
2073
2065
2075
2078
2072
2062
2088
2108
2117
2117
2138
2146
2142
2137
2149
2141
2135
2134
2133
2131
2128
2127
2133
2128
2122
2129
2110
2100
2088
2111
2132
2146
2151
2171
2167
2159
2151
2141
2138
2126
2136
2136
2138
2134
2148
2146
2151
2150
2167
2161
2181
2178
2167
2171
2165
2145
2119
2092
2078
2052
2053
2043
2019
2024
2015
2017
2022
2029
2019
2031
2035
2027
2006
2025
2028
2021
2017
2034
2044
2031
2031
2039
2054
2079
2102
2112
2120
2138
2152
2142
2149
2155
2152
2138
2139
2136
2140
2131
2133
2135
2147
2152
2149
2129
2110
2108
2089
2073
2069
2055
2054
2068
2096
2106
2111
2101
2108
2105
2109
2107
2099
2077
2063
2050
2035
2022
1991
1967
1957
1939
1912
1896
1886
1897
1885
1889
1889
1912
1920
1916
1931
1941
1959
1989
2017
2044
2061
2075
2083
2092
2095
2109
2122
2136
2152
2153
2145
2147
2170
2169
2151
2124
2113
2097
2092
2100
2094
2107
2116
2136
2148
2158
2160
2164
2173
2181
2182
2176
2170
2164
2144
2137
2139
2143
2142
2135
2133
2108
2088
2062
2051
2043
2022
2018
2032
2042
2062
2077
2108
2127
2134
2152
2165
2150
2149
2153
2144
2131
2138
2133
2127
2132
2139
2153
2165
2198
2214
2222
2219
2223
2201
2192
2181
2146
2097
2046
2027
2022
2014
2028
2038
2044
2047
2051
2054
2044
2015
2012
1989
1996
1999
2006
2004
2008
2011
1999
1993
1988
1994
2001
2013
2025
2048
2060
2065
2045
2037
2041
2064
2063
2077
2078
2087
2103
2124
2100
2084
2058
2027
2019
2000
1980
1950
1939
1926
1924
1931
1948
1969
2010
2004
1989
1975
1962
1959
1957
1952
1953
1976
2007
2026
2040
2063
2082
2085
2100
2109
2111
2130
2133
2130
2122
2105
2083
2064
2027
2003
1983
1954
1934
1923
1915
1918
1925
1947
1958
1968
1967
1979
1979
1972
1976
1979
1967
1959
1965
1983
1990
1994
1997
1997
1999
1991
1991
1995
1995
1984
1979
1974
1961
1962
1979
1969
1963
1978
2000
2011
2031
2056
2082
2093
2099
2119
2136
2141
2137
2125
2117
2122
2117
2115
2087
2086
2076
2074
2053
2037
2026
2042
2059
2057
2058
2074
2083
2083
2062
2049
2039
2019
1996
1973
1985
1988
1994
2012
2038
2061
2071
2075
2089
2118
2130
2127
2125
2124
2116
2112
2095
2091
2085
2086
2076
2067
2047
2029
2023
2021
2014
2031
2038
2040
2031
2033
2033
2039
2044
2033
2037
2039
2041
2049
2096
2079
2081
2111
2126
2126
2119
2116
2128
2133
2123
2113
2097
2103
2103
2114
2130
2147
2138
2113
2101
2096
2075
2078
2062
2077
2062
2051
2056
2083
2089
2095
2094
2111
2111
2123
2117
2137
2149
2147
2148
2153
2161
2160
2180
2173
2177
2145
2142
2114
2081
2050
2026
2013
2008
1992
1983
1985
1996
1990
1986
2004
2004
2005
2021
2038
2048
2052
2035
2029
2015
2009
1993
1976
1969
1969
1960
1955
1950
1955
1972
1985
2006
2011
2007
1994
1982
1957
1952
1960
1973
1976
1983
1980
1977
1990
1995
2008
2004
2013
2029
2040
2040
2053
2065
2086
2106
2118
2139
2151
2148
2137
2131
2123
2111
2097
2095
2077
2073
2061
2070
2049
2032
2012
1997
1980
1972
1963
1952
1947
1961
1971
1987
2006
2026
2051
2059
2077
2095
2114
2122
2148
2154
2143
2146
2157
2154
2152
2142
2131
2119
2125
2117
2105
2094
2067
2074
2057
2023
2024
2028
2032
2028
2007
1982
1979
1961
1968
1964
1978
1986
2002
2033
2045
2049
2060
2057
2049
2032
2026
2024
2011
2006
2000
1999
1976
1962
1945
1951
1953
1961
1963
1968
1972
1978
1990
2017
2022
2019
2012
2014
1992
1976
1988
1989
1979
1968
1947
1933
1924
1914
1923
1936
1959
1975
1983
1994
1993
2002
2007
2011
2004
1999
1990
1996
1996
1983
1977
1991
2007
2009
2013
2034
2045
2049
2045
2029
2022
2025
2011
1993
1981
1994
1994
1974
1970
1963
1953
1968
1986
2002
1998
2005
2015
2022
2030
2042
2045
2056
2059
2048
2044
2046
2050
2042
2042
2037
2044
2065
2080
2086
2091
2090
2092
2094
2095
2069
2071
2043
2022
2004
1981
1964
1968
1960
1970
1988
2012
2045
2058
2067
2062
2058
2065
2071
2075
2079
2073
2078
2054
2038
2021
2018
2021
2035
2049
2063
2084
2102
2112
2115
2111
2115
2124
2121
2122
2114
2109
2093
2082
2074
2055
2028
2009
2005
2001
2004
2024
2059
2083
2092
2088
2074
2058
2042
2031
2016
1990
1986
1978
1970
1966
1988
1986
2000
2007
2016
2033
2044
2059
2073
2077
2070
2068
2078
2083
2093
2102
2095
2089
2079
2074
2065
2063
2062
2088
2103
2115
2131
2143
2157
2156
2169
2170
2173
2176
2162
2155
2167
2171
2167
2156
2146
2145
2142
2135
2128
2129
2091
2083
2082
2076
2088
2087
2102
2102
2091
2085
2096
2098
2104
2094
2091
2083
2073
2070
2069
2083
2122
2149
2170
2183
2195
2207
2211
2210
2200
2214
2215
2223
2204
2194
2173
2167
2153
2160
2163
2159
2146
2155
2156
2167
2169
2158
2145
2133
2104
2104
2090
2077
2069
2072
2081
2093
2120
2128
2124
2111
2104
2105
2110
2093
2096
2098
2105
2117
2125
2128
2132
2141
2171
2181
2183
2185
2182
2174
2165
2160
2136
2125
2111
2107
2076
2075
2065
2075
2082
2117
2129
2139
2156
2164
2168
2170
2171
2179
2179
2177
2167
2157
2154
2148
2167
2171
2175
2167
2173
2173
2162
2130
2111
2111
2091
2080
2066
2046
2038
2021
2013
2005
2005
2005
2012
2031
2043
2055
2078
2100
2100
2105
2106
2109
2096
2073
2040
2016
1986
1963
1939
1936
1934
1935
1918
1922
1917
1926
1938
1940
1937
1946
1955
1969
1979
1976
1977
1963
1950
1952
1957
1965
1982
1979
1983
1987
1994
2001
2001
1985
1973
1964
1967
1975
1986
1977
1971
1970
1968
1971
1958
1957
1960
1956
1957
1974
1973
1974
1972
1974
1959
1949
1916
1860
1816
1771
1746
1718
1685
1658
1651
1642
1648
1669
1681
1704
1730
1770
1822
1848
1861
1883
1883
1898
1909
1913
1929
1944
1959
1964
1985
2008
2016
2005
2017
2028
2027
2021
2012
1987
1968
1945
1920
1898
1883
1863
1854
1845
1825
1825
1823
1830
1839
1843
1828
1826
1818
1817
1810
1821
1825
1828
1821
1833
1832
1846
1852
1846
1834
1836
1827
1810
1794
1775
1781
1784
1788
1773
1760
1753
1753
1763
1786
1785
1777
1775
1771
1760
1746
1745
1761
1771
1779
1798
1806
1820
1822
1825
1836
1837
1826
1827
1838
1859
1867
1879
1893
1902
1890
1890
1891
1876
1876
1870
1875
1847
1821
1798
1793
1779
1779
1771
1790
1801
1802
1800
1808
1806
1803
1794
1799
1800
1793
1789
1784
1781
1779
1787
1792
1782
1771
1759
1765
1761
1767
1772
1774
1787
1769
1755
1749
1759
1761
1759
1763
1766
1771
1792
1801
1823
1829
1834
1844
1844
1839
1836
1818
1806
1785
1779
1760
1745
1748
1756
1760
1775
1764
1767
1763
1779
1775
1769
1798
1821
1835
1830
1839
1831
1811
1791
1799
1813
1833
1837
1850
1855
1843
1825
1823
1804
1795
1801
1828
1844
1849
1851
1869
1871
1874
1879
1894
1895
1900
1906
1899
1904
1912
1916
1904
1908
1913
1918
1929
1921
1913
1917
1932
1947
1956
1959
1983
1989
2004
2013
2027
2013
2016
2008
2014
2023
2032
2033
2022
2013
2007
2007
2008
2001
1997
2001
1992
1997
2002
2004
2003
2017
2015
2015
1995
1991
1971
1934
1897
1862
1841
1816
1791
1795
1809
1813
1824
1826
1827
1836
1865
1877
1902
1911
1946
1986
2029
2058
2080
2080
2085
2091
2086
2088
2093
2091
2108
2118
2100
2080
2079
2080
2063
2063
2047
2026
2026
2021
2016
2009
2002
1997
1993
1994
1998
2002
2032
2055
2066
2059
2091
2114
2123
2134
2129
2137
2130
2118
2083
2066
2060
2046
2040
2043
2040
2023
2034
2044
2036
2032
2052
2040
2030
2020
2014
2003
2007
2018
2030
2022
2029
2034
2036
2028
2011
1995
1985
1983
1992
1988
1987
2005
2014
2024
2029
2042
2045
2044
2033
2025
2021
2029
2040
2037
2027
2024
2008
1996
1995
1995
2009
2026
2045
2061
2071
2075
2077
2068
2068
2040
2025
2004
2000
1998
1996
2003
2021
2026
2027
2031
2051
2060
2066
2068
2052
2056
2049
2052
2035
2024
2017
2035
2042
2050
2051
2030
2015
2014
1990
1975
1977
1974
1978
1982
1994
2008
2015
2024
2036
2033
2032
2019
2017
2010
2023
2032
2036
2041
2062
2080
2089
2106
2108
2104
2114
2117
2123
2123
2117
2117
2108
2099
2093
2092
2092
2084
2098
2103
2105
2099
2099
2098
2101
2114
2119
2123
2125
2115
2119
2130
2130
2125
2125
2147
2145
2177
2172
2172
2164
2157
2152
2146
2126
2110
2102
2089
2087
2083
2101
2106
2131
2145
2148
2167
2183
2199
2222
2239
2257
2250
2266
2265
2260
2248
2231
2225
2229
2225
2215
2212
2205
2184
2173
2176
2175
2186
2174
2171
2158
2154
2149
2156
2156
2157
2174
2186
2188
2193
2222
2224
2244
2250
2244
2247
2246
2238
2233
2218
2227
2222
2237
2242
2260
2273
2271
2286
2292
2290
2279
2281
2282
2278
2238
2216
2194
2181
2152
2151
2127
2120
2112
2117
2119
2125
2113
2127
2133
2133
2155
2165
2178
2187
2197
2218
2210
2214
2226
2226
2224
2218
2213
2226
2230
2239
2242
2238
2243
2232
2220
2212
2207
2173
2162
2146
2148
2162
2166
2189
2209
2211
2228
2247
2257
2255
2259
2250
2237
2217
2191
2191
2202
2198
2210
2222
2230
2243
2274
2291
2289
2294
2310
2310
2303
2290
2284
2268
2234
2224
2203
2179
2164
2152
2130
2140
2146
2155
2158
2158
2135
2106
2111
2103
2081
2076
2075
2067
2079
2070
2064
2058
2067
2080
2099
2110
2131
2128
2126
2094
2067
2040
2026
2002
1983
1979
1982
1999
2015
2020
2021
2023
2012
2002
1975
1968
1957
1929
1913
1905
1904
1909
1931
1946
1972
1999
2024
2039
2036
2041
2058
2065
2070
2053
2040
2010
1998
1988
1965
1946
1926
1907
1913
1918
1935
1937
1966
1967
1975
1991
1995
2006
2028
2043
2043
2063
2065
2067
2085
2098
2088
2075
2072
2067
2065
2071
2067
2049
2030
2033
2026
2022
2021
2027
2024
2020
2021
2024
2029
2025
2017
2003
1995
2003
1996
1980
1980
1973
1955
1978
1994
2019
2033
2054
2064
2076
2093
2109
2116
2127
2144
2167
2188
2199
2177
2175
2164
2165
2167
2170
2162
2142
2137
2142
2146
2151
2158
2142
2135
2130
2122
2119
2101
2076
2051
2040
1999
1970
1946
1935
1938
1950
1960
1966
1951
1953
1948
1953
1955
1956
1967
1991
2022
2037
2036
2035
2031
2023
2006
2003
1977
1957
1942
1926
1936
1955
1967
1957
1953
1960
1964
1989
2010
2048
2055
2071
2083
2084
2081
2083
2083
2076
2083
2091
2087
2088
2097
2118
2126
2145
2150
2148
2134
2114
2109
2100
2094
2079
2080
2044
2039
2039
2057
2053
2050
2042
2034
2011
2002
1974
1957
1952
1954
1959
1966
1964
1948
1943
1944
1962
1972
2000
2012
2022
2058
2083
2097
2100
2100
2113
2095
2079
2067
2051
2024
1995
1967
1958
2041
2037
2038
2049
2056
2073
2074
2083
2088
2073
2043
2007
1979
1973
1972
1979
1976
1984
1987
1975
1971
1952
1928
1901
1893
1883
1869
1864
1865
1867
1883
1882
1892
1896
1895
1905
1897
1900
1910
1925
1921
1913
1931
1954
1971
1987
1998
2009
2024
2041
2042
2032
2021
2017
2017
2008
2000
1990
1976
1960
1923
1885
1872
1872
1864
1851
1842
1841
1850
1854
1849
1857
1866
1887
1903
1917
1909
1923
1931
1949
1943
1929
1901
1889
1864
1844
1841
1836
1829
1822
1827
1821
1824
1815
1816
1814
1815
1814
1825
1829
1839
1859
1868
1882
1889
1893
1911
1919
1915
1924
1921
1936
1950
1946
1935
1930
1924
1923
1920
1935
1949
1988
2014
2034
2039
2051
2061
2070
2060
2056
2061
2053
2052
2059
2049
2036
2037
2034
2028
2017
2019
2030
2038
2040
2057
2065
2065
2039
2033
2028
2024
2024
2019
2011
2021
2020
2018
2018
2030
2051
2049
2042
2038
2012
1995
1979
1957
1961
1972
1988
1999
2006
2027
2019
2032
2034
2030
2024
2022
2011
2008
2002
2010
2013
2027
2027
2036
2056
2058
2056
2055
2051
2031
2023
2025
2022
2012
2017
2013
2021
2018
2019
2017
2015
2002
1976
1957
1934
1913
1903
1884
1870
1848
1845
1874
1890
1903
1919
1928
1930
1938
1947
1967
1967
1952
1929
1928
1931
1920
1914
1918
1925
1933
1938
1955
1945
1947
1935
1938
1939
1937
1929
1923
1917
1907
1902
1897
1922
1953
1971
2001
2017
2036
2055
2070
2082
2102
2114
2132
2154
2170
2187
2199
2208
2212
2229
2233
2243
2237
2235
2230
2236
2244
2233
2193
2176
2162
2144
2136
2136
2135
2108
2086
2063
2051
2071
2083
2096
2103
2106
2114
2136
2155
2176
2175
2178
2195
2189
2191
2189
2185
2175
2176
2178
2178
2181
2203
2222
2211
2202
2200
2199
2192
2197
2196
2200
2183
2165
2170
2160
2146
2155
2163
2165
2170
2176
2182
2195
2188
2189
2199
2201
2198
2195
2199
2211
2209
2200
2180
2179
2180
2181
2186
2181
2175
2184
2189
2185
2174
2166
2173
2158
2151
2161
2163
2179
2180
2194
2196
2223
2220
2219
2219
2210
2195
2190
2197
2202
2202
2196
2189
2174
2167
2150
2140
2138
2120
2104
2086
2078
2053
2053
2046
2040
2049
2040
2051
2026
2007
1994
1981
1983
1973
1969
1971
1981
1994
2000
2008
2008
2017
2028
2041
2049
2060
2070
2076
2076
2077
2069
2088
2101
2105
2113
2116
2113
2106
2101
2065
2065
2067
2071
2057
2062
2059
2057
2039
2062
2072
2078
2070
2071
2057
2056
2036
2032
2037
2035
2041
2050
2086
2116
2145
2156
2163
2165
2168
2172
2176
2159
2141
2135
2131
2138
2139
2143
2155
2141
2153
2136
2130
2103
2062
2010
1967
1944
1922
1923
1930
1929
1912
1919
1937
1954
1963
1965
1943
1929
1913
1898
1869
1841
1813
1810
1808
1807
1798
1803
1801
1808
1827
1856
1877
1902
1940
1943
1964
1977
1995
2010
2011
2001
2001
1989
1973
1975
1980
1986
1984
1977
1970
1979
1982
1988
1983
1973
1932
1911
1896
1882
1851
1815
1797
1778
1760
1764
1788
1821
1855
1888
1922
1947
1952
1964
1968
1973
1989
1998
2014
2018
2015
2010
2022
2032
2027
2032
2020
2011
2004
2022
2040
2043
2048
2053
2046
2045
2055
2061
2070
2080
2090
2099
2087
2085
2076
2081
2072
2064
2058
2058
2056
2055
2051
2055
2035
2032
2025
2025
2022
2027
2010
2016
2033
2050
2066
2063
2044
2037
2026
2015
2008
2011
2005
2005
2018
2020
2041
2051
2070
2082
2094
2088
2084
2072
2058
2033
2021
1998
1979
1965
1932
1907
1887
1870
1850
1845
1863
1891
1914
1950
1959
1979
1988
2015
2030
2032
2011
1980
1947
1922
1916
1905
1894
1884
1891
1905
1931
1937
1956
1945
1950
1958
1967
1982
2003
2022
2043
2050
2050
2043
2040
2015
1992
1964
1941
1919
1900
1889
1874
1886
1882
1892
1902
1920
1917
1916
1924
1946
1946
1931
1937
1938
1939
1934
1948
1965
1975
1968
1964
1963
1954
1951
1946
1929
1906
1892
1869
1854
1841
1838
1834
1843
1849
1847
1855
1866
1884
1895
1930
1937
1953
1969
1982
1999
2006
1976
1962
1941
1899
1860
1839
1815
1802
1782
1772
1764
1751
1725
1731
1731
1754
1780
1787
1795
1787
1787
1780
1759
1731
1716
1702
1705
1714
1728
1742
1760
1767
1800
1798
1824
1825
1824
1815
1817
1822
1819
1827
1829
1832
1834
1842
1835
1844
1834
1828
1820
1831
1821
1832
1820
1826
1816
1795
1789
1774
1770
1766
1782
1782
1782
1801
5835
1565
1614
1709
1780
1832
1883
1931
1940
1952
1954
1957
1988
2008
2022
2028
2030
2014
2005
2012
2028
2054
2067
2071
2038
2003
1977
1950
1900
1858
1834
1811
1790
1772
1747
1735
1745
1759
1774
1780
1801
1811
1817
1824
1837
1840
1846
1867
1895
1929
1972
2013
2040
2077
2115
2129
2153
2155
2165
2132
2111
2093
2095
2110
2124
2117
2091
2083
2069
2087
2087
2118
2144
2207
2241
2274
2273
2262
2242
2219
2171
2135
2121
2130
2153
2176
2179
2166
2158
2145
2140
2158
2153
2157
2164
2185
2237
2276
2291
2299
2263
2260
2247
2240
2239
2245
2250
2273
2275
2264
2251
2235
2239
2251
2247
2239
2214
2181
2171
2167
2166
2169
2170
2177
2203
2199
2220
2240
2270
2280
2298
2299
2312
2319
2332
2347
2354
2335
2315
2292
2295
2291
2279
2263
2237
2221
2179
2131
2080
2034
1969
1914
1854
1827
1819
1815
1812
1792
1781
1766
1763
1751
1775
1801
1803
1784
1764
1784
1829
1887
1929
1947
1969
2014
2066
2115
2139
2154
2169
2170
2142
2129
2100
2080
2020
1954
1895
1878
1879
1892
1926
1985
2049
2098
2121
2119
2116
2084
2067
2050
2031
2015
2014
2016
2027
2026
2031
2016
2007
1977
1953
1946
1950
1971
2010
2042
2070
2101
2133
2144
2109
2062
1985
1907
1853
1816
1809
1810
1829
1835
1855
1895
1946
2001
2048
2085
2107
2131
2157
2164
2151
2163
2147
2107
2051
2035
1999
2000
2005
2027
2053
2095
2088
2099
2102
2093
2077
2090
2100
2150
2194
2232
2249
2248
2241
2223
2187
2147
2121
2093
2063
2015
2021
2032
2060
2069
2086
2116
2130
2129
2097
2051
1995
1942
1873
1831
1807
1806
1818
1832
1827
1833
1827
1837
1859
1887
1923
1972
2012
2069
2116
2140
2162
2158
2140
2106
2053
2007
1978
1986
1979
1978
1975
2003
2025
2018
1996
1954
1878
1816
1759
1708
1647
1594
1583
1587
1592
1594
1610
1633
1644
1661
1694
1713
1755
1794
1827
1814
1835
1824
1811
1789
1763
1730
1667
1602
1553
1512
1495
1522
1563
1627
1677
1742
1790
1859
1912
1940
1966
2002
2003
1991
1963
1923
1914
1911
1890
1874
1856
1813
1764
1715
1689
1673
1685
1723
1763
1825
1883
1937
1976
2007
1999
1968
1924
1897
1883
1886
1877
1864
1884
1878
1876
1852
1843
1794
1791
1791
1792
1795
1811
1824
1849
1873
1896
1896
1918
1918
1924
1949
1983
2043
2076
2128
2178
2230
2266
2312
2325
2346
2313
2287
2224
2185
2151
2142
2135
2146
2163
2181
2203
2255
2296
2318
2318
2332
2340
2323
2294
2241
2203
2137
2097
2074
2064
2051
2045
2034
2059
2081
2107
2134
2133
2109
2082
2060
2069
2013
1972
1926
1920
1898
1910
1903
1895
1887
1878
1871
1876
1902
1934
1962
1985
1998
2009
1979
1940
1896
1838
1802
1777
1772
1755
1777
1791
1849
1892
1921
1943
1962
1956
1951
1960
1980
2011
2053
2099
2130
2169
2202
2207
2203
2175
2146
2120
2116
2069
2014
1953
1893
1855
1848
1841
1833
1832
1787
1750
1746
1787
1835
1887
1939
1989
2024
2045
2048
2061
2055
2054
2048
2058
2084
2098
2116
2143
2163
2148
2104
2058
2013
1995
2005
2015
2056
2098
2143
2166
2215
2239
2262
2278
2324
2342
2344
2313
2283
2272
2256
2247
2245
2225
2215
2192
2180
2185
2169
2163
2154
2167
2181
2181
2194
2207
2202
2186
2162
2139
2123
2133
2140
2162
2172
2181
2158
2130
2073
2016
1962
1922
1896
1902
1897
1935
1960
2008
2020
2017
2014
2007
1998
2010
2046
2080
2118
2098
2071
2043
2042
2041
2057
2039
2058
2070
2080
2101
2131
2130
2119
2091
2085
2078
2085
2101
2100
2110
2125
2165
2195
2207
2220
2253
2282
2344
2372
2410
2425
2424
2415
2420
2406
2383
2351
2314
2262
2234
2215
2181
2175
2171
2192
2221
2246
2249
2249
2245
2243
2236
2221
2214
2192
2179
2153
2111
2079
2064
2077
2087
2093
2124
2149
2184
2232
2260
2302
2365
2425
2464
2467
2443
2416
2398
2371
2317
2261
2236
2228
2233
2228
2213
2190
2195
2205
2161
2132
2099
2072
2040
1988
1947
1912
1934
1935
1948
1946
1968
1965
1966
1964
1973
1967
1981
1968
1972
1964
1969
1972
1969
1956
1898
1850
1816
1821
1833
1893
1966
2035
2079
2081
2071
2045
2019
2012
2013
2018
2033
2035
2043
2031
2022
2004
1994
2000
1985
1963
1950
1939
1929
1948
1930
1927
1952
1978
1981
1973
1971
2000
2003
1981
1958
1925
1890
1850
1846
1875
1930
1968
2037
2078
2107
2147
2204
2242
2258
2258
2245
2222
2183
2131
2087
2072
2048
2037
2016
1993
1948
1927
1916
1929
1931
1945
1956
1990
2003
2034
2053
2070
2087
2076
2074
2090
2108
2103
2108
2115
2107
2097
2112
2107
2092
2076
2067
2070
2086
2090
2058
2003
1968
1923
1869
1795
1746
1693
1662
1655
1705
1766
1828
1865
1882
1887
1906
1919
1907
1858
1821
1752
1680
1605
1519
1451
1398
1388
1381
1419
1461
1509
1551
1589
1605
1662
1737
1851
1907
1944
1941
1952
1956
1986
1994
2011
1998
1974
1968
1939
1941
1898
1883
1866
1851
1824
1793
1749
1708
1670
1645
1587
1550
1542
1555
1562
1516
1475
1453
1470
1499
1555
1598
1640
1646
1662
1651
1625
1599
1557
1499
1445
1394
1346
1331
1337
1371
1391
1427
1474
1543
1614
1697
1770
1810
1831
1837
1792
1715
1621
1543
1482
1481
1462
1441
1450
1501
1588
1684
1758
1818
1843
1879
1898
1922
1944
1950
1948
1963
2011
2076
2138
2199
2228
2239
2239
2222
2192
2143
2113
2078
2038
2000
1975
1973
1983
1953
1947
1942
1951
1921
1866
1857
1840
1858
1876
1900
1895
1903
1896
1873
1828
1789
1743
1691
1667
1683
1732
1782
1826
1875
1926
1987
2062
2103
2120
2109
2091
2070
2081
2101
2105
2091
2066
2033
1991
1915
1800
1665
1537
1428
1325
1295
1305
1358
1417
1493
1579
1637
1702
1755
1772
1794
1823
1845
1828
1792
1749
1705
1673
1647
1650
1680
1689
1690
1695
1702
1711
1759
1781
1795
1787
1796
1795
1815
1829
1871
1904
1928
1944
1973
2017
2042
2060
2046
2027
1988
1934
1865
1794
1753
1741
1755
1809
1849
1894
1877
1827
1798
1763
1755
1774
1797
1813
1809
1854
1900
1954
2000
2040
2075
2080
2115
2136
2130
2080
2031
1967
1921
1890
1892
1910
1929
1947
1958
1983
2027
2072
2103
2095
2063
2040
2025
2036
2037
2040
2022
1979
1931
1901
1883
1908
1942
1979
2021
2066
2097
2089
2092
2074
2071
2083
2128
2178
2243
2295
2336
2367
2378
2378
2366
2352
2337
2317
2285
2251
2199
2161
2136
2089
2057
2053
2047
2060
2079
2116
2154
2189
2209
2217
2214
2226
2258
2275
2286
2335
2358
2365
2348
2331
2307
2278
2255
2221
2170
2139
2116
2122
2138
2161
2163
2176
2194
2219
2262
2305
2329
2337
2356
2367
2358
2316
2272
2244
2225
2206
2203
2209
2217
2202
2189
2194
2209
2233
2245
2253
2237
2194
2166
2139
2135
2111
2097
2099
2118
2173
2229
2309
2370
2381
2352
2307
2244
2213
2187
2193
2173
2180
2187
2207
2232
2250
2270
2278
2268
2267
2241
2209
2203
2180
2192
2216
2244
2242
2246
2224
2225
2204
2214
2215
2231
2231
2254
2275
2316
2348
2368
2399
2420
2461
2489
2512
2496
2445
2406
2368
2326
2285
2247
2202
2160
2127
2120
2123
2137
2189
2244
2322
2388
2431
2436
2434
2450
2438
2410
2323
2254
2182
2130
2104
2109
2120
2116
2098
2077
2056
2035
2019
2003
1989
1979
1975
1973
1981
1995
1996
1997
1994
1983
1960
1946
1940
1942
1962
1983
2005
2042
2095
2131
2147
2181
2209
2217
2200
2172
2148
2098
2064
2037
2022
2015
2025
2006
1949
1899
1863
1837
1818
1805
1810
1795
1813
1812
1820
1847
1883
1921
1941
1947
1981
2025
2059
2078
2070
2058
2045
2055
2045
2050
2049
2066
2073
2086
2085
2105
2094
2099
2096
2093
2091
2105
2111
2116
2111
2096
2100
2102
2120
2106
2076
2044
2035
2029
2024
2017
2024
2035
2058
2063
2081
2115
2148
2171
2182
2154
2095
2036
1954
1913
1829
1753
1659
1580
1521
1483
1507
1583
1685
1822
1932
2043
2145
2233
2288
2265
2242
2213
2186
2126
2098
2075
2089
2115
2165
2192
2200
2207
2217
2193
2159
2119
2121
2125
2154
2174
2214
2254
2273
2280
2246
2212
2167
2149
2133
2131
2140
2161
2200
2265
2325
2366
2387
2420
2456
2465
2445
2394
2326
2284
2244
2200
2145
2079
2010
1946
1919
1906
1927
1930
1921
1909
1907
1909
1898
1894
1889
1893
1925
1940
1957
1977
2000
2011
1995
1959
1889
1833
1778
1711
1682
1663
1666
1668
1703
1747
1784
1811
1833
1865
1890
1915
1949
1989
2036
2083
2100
2122
2118
2119
2123
2112
2064
2044
2018
2011
1995
1953
1873
1801
1756
1745
1754
1769
1819
1885
1934
1982
2009
2014
2031
2053
2070
2092
2127
2131
2148
2173
2178
2158
2140
2126
2079
2061
2051
2045
2040
2024
2008
1990
1978
1988
1977
1973
1943
1911
1889
1875
1819
1779
1729
1720
1726
1743
1775
1806
1801
1819
1827
1873
1886
1896
1878
1873
1917
1979
2029
2047
2046
2005
1942
1884
1807
1756
1731
1717
1742
1799
1880
1968
2085
2157
2212
2251
2299
2323
2354
2363
2355
2315
2252
2208
2176
2147
2127
2116
2100
2103
2098
2119
2121
2153
2173
2208
2238
2253
2259
2275
2276
2252
2234
2232
2229
2218
2214
2197
2186
2141
2116
2066
2021
1981
1969
1975
1976
1952
1942
1920
1903
1897
1895
1891
1877
1868
1843
1840
1848
1857
1856
1845
1828
1818
1823
1861
1906
1939
1961
1981
1979
1958
1930
1893
1822
1767
1733
1675
1635
1586
1568
1571
1589
1632
1691
1750
1827
1887
1945
1985
2037
2059
2068
2038
1989
1926
1901
1870
1843
1843
1832
1859
1875
1894
1910
1956
1988
1998
1966
1944
1897
1832
1730
1651
1570
1559
1595
1639
1645
1627
1626
1636
1661
1681
1687
1691
1699
1682
1668
1663
1625
1605
1604
1617
1644
1676
1718
1766
1870
1969
2071
2144
2185
2184
2178
2163
2174
2161
2141
2119
2112
2134
2163
2194
2212
2229
2243
2247
2246
2232
2236
2233
2237
2242
2248
2252
2252
2248
2227
2222
2207
2189
2147
2133
2141
2174
2213
2234
2256
2281
2289
2295
2267
2219
2170
2128
2097
2084
2060
2065
2067
2071
2075
2103
2142
2126
2091
2052
2028
1998
1970
1938
1899
1883
1885
1887
1905
1950
2006
2043
2078
2080
2072
2015
1982
1946
1957
2006
2091
2126
2161
2191
2217
2248
2284
2312
2332
2346
2362
2376
2398
2418
2419
2398
2354
2303
2234
2177
2155
2142
2091
2052
2003
1989
2000
2021
2045
2071
2103
2101
2090
2085
2122
2143
2204
2245
2279
2306
2368
2419
2454
2471
2498
2494
2505
2510
2505
2479
2432
2378
2310
2256
2194
2150
2084
2036
2001
1998
2022
2064
2065
2090
2143
2205
2248
2280
2271
2273
2270
2277
2274
2258
2251
2238
2248
2251
2282
2302
2338
2348
2380
2379
2376
2328
2290
2233
2198
2151
2114
2119
2144
2149
2153
2135
2098
2079
2047
2017
1984
1974
1988
2011
2038
2071
2116
2159
2167
2156
2127
2110
2056
2057
2089
2138
2165
2213
2235
2241
2269
2289
2317
2350
2405
2439
2486
2504
2553
2571
2581
2571
2596
2623
2648
2669
2700
2683
2652
2600
2551
2496
2455
2397
2374
2368
2367
2382
2394
2412
2434
2464
2481
2500
2518
2530
2521
2535
2536
2530
2490
2458
2444
2458
2485
2486
2496
2525
2551
2546
2542
2544
2548
2554
2557
2525
2459
2390
2339
2286
2252
2219
2195
2159
2128
2126
2144
2182
2229
2274
2327
2364
2398
2403
2402
2418
2427
2438
2452
2475
2508
2540
2538
2544
2523
2492
2432
2377
2317
2269
2231
2205
2199
2229
2247
2270
2256
2250
2229
2227
2238
2238
2248
2258
2288
2300
2326
2345
2348
2348
2317
2265
2200
2145
2131
2133
2153
2175
2202
2223
2218
2173
2110
2057
2028
1973
1924
1906
1934
1985
2043
2114
2161
2204
2214
2194
2161
2151
2156
2152
2151
2164
2190
2225
2279
2305
2315
2318
2325
2336
2348
2354
2377
2383
2376
2385
2374
2348
2299
2242
2154
2104
2054
2016
1988
1957
1944
1934
1925
1911
1917
1934
1961
1989
2020
2037
2067
2081
2086
2079
2079
2064
2041
2025
2044
2052
2038
2022
1999
1984
1963
1914
1842
1794
1766
1769
1770
1796
1794
1787
1797
1803
1822
1864
1901
1954
1991
2002
1974
1952
1941
1935
1914
1910
1911
1908
1890
1876
1883
1883
1886
1897
1939
1980
2059
2114
2184
2236
2282
2291
2305
2315
2325
2350
2337
2336
2317
2290
2252
2214
2172
2164
2133
2106
2082
2070
2054
2046
2034
2040
1975
1947
1940
1957
1961
1923
1881
1860
1817
1788
1769
1773
1789
1785
1809
1834
1830
1839
1848
1898
1954
2009
2054
2072
2069
2067
2050
2033
2003
1980
1955
1954
1976
1973
1964
1948
1957
1980
2000
1990
1979
1958
1945
1903
1884
1866
1886
1924
1967
2021
2079
2138
2196
2225
2225
2215
2154
2102
2038
1993
1937
1888
1821
1792
1745
1763
1767
1763
1732
1715
1744
1791
1837
1885
1911
1959
2016
2084
2120
2109
2082
2049
2029
1993
1968
1943
1944
1964
2008
2027
2060
2089
2126
2139
2172
2192
2210
2211
2192
2143
2094
2080
2082
2092
2091
2064
1982
1908
1837
1798
1773
1766
1767
1804
1839
1886
1927
1971
1995
2019
2030
2030
2048
2075
2095
2111
2139
2143
2147
2116
2070
2024
2000
1973
1970
1962
1995
2043
2118
2191
2236
2260
2287
2270
2251
2233
2234
2210
2201
2191
2156
2121
2086
2059
2042
2046
2055
2081
2114
2161
2204
2246
2272
2259
2248
2224
2206
2190
2120
2080
2031
1992
1956
1925
1944
1982
2044
2122
2212
2292
2330
2358
2370
2352
2328
2307
2296
2280
2275
2256
2212
2170
2129
2107
2084
2060
2035
2020
2023
2014
2024
2052
2074
2112
2154
2195
2219
2192
2157
2139
2132
2126
2129
2137
2183
2222
2267
2300
2310
2330
2323
2275
2206
2152
2100
2060
2037
2017
2021
2027
2055
2083
2089
2111
2122
2138
2153
2163
2134
2113
2104
2123
2176
2245
2301
2331
2341
2327
2317
2294
2280
2236
2200
2164
2146
2143
2121
2101
2106
2118
2138
2150
2167
2195
2207
2221
2218
2205
2163
2106
2040
2009
1989
1970
1936
1913
1861
1813
1769
1743
1743
1767
1791
1832
1861
1895
1925
1951
1957
1972
1993
2015
2051
2057
2018
1963
1930
1869
1827
1782
1779
1795
1834
1857
1880
1908
1960
1998
2019
2039
2093
2161
2203
2244
2257
2248
2219
2189
2144
2123
2081
2065
2041
2020
1971
1962
1951
1959
1963
1989
2033
2077
2103
2143
2159
2169
2152
2140
2125
2125
2132
2138
2165
2195
2220
2227
2221
2177
2115
2021
1929
1859
1784
1724
1645
1586
1539
1545
1560
1581
1595
1626
1663
1728
1776
1836
1915
1976
2042
2091
2132
2163
2194
2237
2249
2258
2275
2280
2275
2260
2236
2186
2120
2071
2031
1980
1952
1930
1927
1931
1985
2041
2129
2226
2304
2358
2388
2402
2369
2305
2193
2074
1954
1861
1795
1741
1715
1741
1781
1847
1922
1989
2043
2096
2116
2106
2100
2093
2093
2115
2137
2157
2186
2196
2203
2219
2255
2298
2312
2306
2268
2235
2210
2195
2168
2144
2132
2133
2148
2199
2243
2270
2286
2306
2304
2305
2278
2246
2194
2123
2046
1983
1941
1905
1884
1887
1923
1947
1988
2036
2102
2147
2213
2231
2261
2268
2287
2305
2304
2277
2218
2187
2154
2133
2119
2154
2180
2207
2228
2249
2262
2292
2306
2320
2327
2325
2308
2279
2243
2208
2190
2147
2095
2075
2091
2107
2118
2097
2093
2085
2114
2136
2178
2210
2241
2243
2234
2210
2195
2151
2105
2075
2046
2044
2060
2079
2095
2104
2134
2176
2209
2235
2235
2245
2252
2278
2282
2254
2207
2167
2140
2122
2118
2115
2138
2174
2225
2272
2322
2345
2352
2335
2283
2226
2163
2098
2065
2003
1972
1954
1949
1967
1973
1970
1960
1943
1938
1939
1967
1986
1988
2010
2040
2069
2051
2047
2030
2034
2021
2030
2052
2088
2097
2095
2132
2175
2226
2265
2290
2305
2309
2311
2303
2280
2258
2232
2223
2207
2188
2193
2219
2216
2194
2131
2062
2007
1964
1942
1916
1918
1928
1947
1953
1957
1984
2014
2049
2087
2137
2194
2241
2295
2336
2364
2383
2361
2322
2284
2240
2184
2119
2028
1912
1836
1796
1811
1853
1929
1997
2077
2160
2237
2292
2337
2332
2331
2315
2308
2274
2268
2233
2232
2219
2210
2190
2189
2166
2168
2171
2195
2210
2195
2160
2103
2028
1964
1931
1885
1853
1801
1771
1752
1784
1827
1884
1960
2034
2105
2168
2193
2221
2245
2266
2316
2362
2397
2437
2459
2460
2435
2408
2386
2347
2328
2316
2298
2231
2224
2207
2197
2195
2214
2226
2242
2248
2224
2216
2201
2200
2152
2117
2105
2120
2147
2193
2231
2274
2324
2370
2406
2443
2463
2461
2475
2491
2494
2493
2480
2442
2400
2359
2304
2258
2224
2176
2131
2082
2084
2114
2159
2189
2217
2203
2186
2165
2170
2178
2213
2227
2233
2238
2221
2213
2236
2265
2275
2276
2264
2247
2239
2170
2107
2062
2036
2043
2035
2005
1995
1971
1959
1971
1987
1997
1969
1936
1872
1798
1756
1757
1771
1815
1867
1914
1981
2039
2063
2038
1989
1950
1927
1891
1839
1811
1843
1895
1960
2003
2047
2074
2094
2085
2081
2072
2090
2093
2124
2140
2166
2184
2202
2226
2243
2251
2231
2204
2154
2140
2116
2094
2060
2062
2070
2097
2110
2135
2144
2156
2158
2170
2174
2200
2188
2176
2165
2127
2100
2085
2059
2024
2014
1984
1967
1937
1906
1884
1895
1879
1870
1844
1843
1851
1891
1941
1996
2038
2051
2036
1982
1922
1843
1797
1779
1791
1797
1842
1897
1944
1982
2021
2045
2053
2065
2109
2151
2175
2175
2186
2172
2143
2097
2029
1972
1919
1890
1877
1878
1884
1873
1819
1762
1703
1656
1649
1653
1676
1711
1768
1811
1821
1858
1900
1925
1917
1879
1823
1763
1678
1645
1586
1547
1502
1513
1538
1605
1678
1758
1818
1877
1938
1951
1938
1876
1814
1759
1727
1742
1798
1849
1882
1920
1960
2001
2053
2079
2113
2119
2076
2025
1956
1885
1807
1739
1676
1620
1547
1529
1514
1529
1528
1542
1544
1559
1563
1549
1537
1545
1571
1637
1717
1800
1895
1955
1998
2014
2026
1995
1963
1927
1878
1851
1855
1867
1871
1894
1915
1951
2013
2080
2131
2165
2194
2188
2149
2102
2054
2032
2028
2042
2048
2090
2128
2156
2167
2164
2161
2173
2190
2187
2155
2131
2104
2106
2141
2176
2219
2232
2226
2197
2151
2128
2098
2034
1962
1898
1828
1767
1710
1668
1622
1613
1628
1667
1729
1814
1916
1993
2059
2098
2118
2110
2082
2046
2029
2010
1993
1982
1989
2002
2016
2031
2066
2079
2082
2095
2123
2144
2142
2147
2150
2161
2137
2144
2140
2174
2217
2252
2272
2308
2318
2306
2271
2251
2231
2219
2218
2231
2229
2209
2196
2174
2143
2116
2134
2126
2131
2120
2144
2165
2192
2216
2252
2237
2231
2210
2176
2151
2144
2160
2189
2193
2203
2215
2204
2226
2236
2263
2262
2262
2255
2248
2227
2212
2164
2094
2006
1987
1976
1970
1945
1908
1891
1879
1873
1897
1954
1981
1996
1976
1955
1944
1947
1953
1955
1941
1944
1941
1956
1994
2059
2113
2170
2210
2230
2262
2298
2338
2327
2321
2300
2269
2262
2236
2229
2222
2237
2244
2268
2287
2277
2248
2202
2157
2094
2056
2026
2023
2020
2032
2051
2114
2183
2208
2201
2197
2186
2181
2180
2164
2122
2074
2008
1962
1918
1873
1818
1758
1694
1626
1597
1583
1603
1638
1693
1714
1762
1769
1788
1815
1867
1953
2038
2098
2151
2187
2223
2253
2270
2291
2311
2332
2338
2327
2321
2337
2325
2310
2294
2280
2235
2203
2167
2149
2155
2159
2187
2214
2249
2271
2311
2329
2332
2332
2323
2305
2279
2251
2233
2216
2220
2222
2231
2230
2208
2157
2084
2012
1940
1890
1876
1868
1870
1926
1992
2072
2135
2198
2238
2266
2281
2260
2233
2207
2196
2182
2171
2171
2180
2203
2222
2259
2316
2363
2401
2428
2441
2433
2421
2377
2308
2193
2062
1934
1831
1787
1783
1792
1830
1878
1939
1977
1999
1996
1967
1930
1911
1882
1903
1907
1927
1923
1913
1892
1890
1904
1911
1934
1976
2004
2007
2036
2053
2051
2022
2003
1994
2030
2046
2080
2109
2153
2187
2200
2142
2064
1985
1905
1834
1768
1700
1644
1615
1597
1629
1687
1787
1861
1915
1915
1895
1863
1825
1803
1796
1812
1846
1887
1962
2051
2126
2188
2197
2195
2181
2197
2206
2214
2206
2192
2167
2125
2054
1961
1864
1787
1708
1623
1578
1553
1564
1598
1636
1682
1727
1784
1824
1852
1880
1882
1850
1827
1812
1811
1835
1861
1886
1892
1888
1892
1901
1902
1928
1927
1896
1866
1824
1818
1838
1845
1863
1882
1920
1951
2018
2069
2123
2168
2219
2250
2270
2295
2315
2323
2315
2276
2225
2206
2169
2136
2071
2055
2027
1997
1960
1947
1915
1940
1971
2008
2054
2098
2114
2115
2065
1995
1905
1846
1810
1803
1836
1862
1929
1986
2069
2108
2135
2162
2217
2251
2270
2269
2255
2244
2215
2187
2143
2122
2093
2071
2016
1983
1948
1911
1907
1902
1894
1915
1959
2005
2018
2010
2007
1991
1969
1942
1951
1985
2038
2073
2141
2122
2136
2156
2186
2184
2179
2170
2176
2192
2201
2188
2170
2164
2152
2182
2216
2232
2227
2202
2160
2112
2067
2040
2006
1997
1979
1988
1994
2027
2043
2078
2111
2162
2198
2224
2240
2232
2239
2240
2248
2235
2245
2276
2293
2280
2253
2174
2126
2066
1992
1914
1856
1841
1849
1844
1831
1806
1791
1807
1848
1883
1917
1963
2005
2034
2052
2059
2036
2004
1943
1902
1854
1849
1848
1863
1855
1841
1828
1850
1873
1897
1937
1946
1920
1900
1890
1875
1875
1861
1855
1869
1895
1907
1918
1946
1973
1994
2013
2024
2047
2065
2078
2097
2159
2225
2281
2322
2349
2339
2302
2266
2226
2202
2184
2144
2079
2027
2017
2027
2036
2002
1948
1898
1850
1822
1785
1759
1754
1759
1788
1824
1895
1947
2001
2061
2105
2149
2198
2240
2268
2303
2331
2348
2346
2330
2297
2275
2230
2203
2186
2149
2110
2051
2015
1993
1974
1928
1875
1870
1885
1895
1879
1859
1826
1799
1766
1762
1771
1809
1841
1893
1973
2039
2058
2053
2024
2014
2001
1993
1954
1913
1884
1872
1864
1825
1795
1769
1795
1791
1824
1840
1858
1870
1918
1969
2045
2065
2053
2023
2016
1998
1967
1926
1878
1855
1816
1789
1743
1717
1721
1760
1823
1893
1934
1969
2002
2027
2043
2040
2019
2008
1981
1949
1937
1925
1937
1947
1989
2020
2053
2064
2082
2086
2115
2111
2103
2081
2027
1964
1917
1888
1905
1924
1919
1904
1899
1891
1898
1919
1943
1978
2046
2076
2093
2095
2111
2119
2137
2132
2110
2099
2082
2054
2065
2075
2096
2110
2133
2132
2132
2144
2157
2167
2148
2136
2077
2045
1987
1921
1844
1795
1758
1751
1772
1829
1901
1999
2084
2147
2186
2202
2168
2149
2143
2118
2122
2121
2096
2042
2000
1958
1962
1988
2035
2084
2128
2169
2206
2230
2242
2247
2243
2260
2259
2245
2202
2174
2131
2098
2040
2008
1953
1916
1900
1913
1959
2033
2084
2120
2130
2127
2060
1993
1933
1908
1899
1864
1850
1828
1831
1849
1883
1909
1940
1968
1986
2046
2103
2146
2178
2206
2230
2257
2267
2246
2212
2197
2192
2176
2142
2117
2088
2095
2123
2166
2199
2251
2302
2339
2357
2364
2361
2351
2336
2324
2311
2291
2285
2276
2252
2263
2258
2241
2232
2201
2151
2110
2061
2040
2026
2033
2053
2086
2120
2120
2132
2137
2142
2111
2096
2053
2038
2037
2067
2095
2130
2183
2238
2287
2341
2362
2396
2403
2416
2415
2379
2361
2351
2335
2293
2261
2226
2205
2179
2174
2167
2163
2170
2207
2226
2234
2223
2201
2160
2123
2042
1989
1941
1922
1935
1980
2030
2090
2163
2188
2198
2172
2139
2090
2077
2062
2089
2117
2137
2148
2169
2210
2247
2274
2322
2343
2353
2340
2300
2264
2220
2172
2129
2101
2070
2031
1979
1979
1965
1999
2048
2115
2197
2258
2298
2314
2310
2295
2262
2246
2233
2204
2201
2215
2227
2225
2252
2259
2243
2249
2262
2241
2209
2176
2128
2075
2026
1960
1916
1886
1861
1851
1841
1828
1840
1870
1921
1957
2015
2059
2119
2160
2175
2190
2186
2156
2095
2023
1931
1868
1798
1745
1692
1675
1651
1656
1653
1683
1727
1771
1785
1810
1825
1849
1885
1902
1931
1914
1897
1866
1858
1862
1877
1877
1910
1920
1945
1947
1967
1970
1950
1927
1918
1896
1899
1913
1918
1916
1894
1879
1869
1859
1831
1819
1821
1853
1916
1951
1955
1946
1920
1916
1868
1811
1704
1593
1474
1372
1288
1219
1151
1097
1081
1124
1199
1285
1390
1498
1597
1691
1783
1837
1872
1896
1914
1918
1934
1956
2023
2074
2108
2140
2151
2167
2165
2154
2149
2135
2110
2072
2027
1979
1935
1866
1780
1738
1695
1659
1632
1632
1637
1651
1655
1677
1691
1693
1676
1659
1617
1591
1583
1614
1652
1680
1682
1696
1685
1713
1723
1738
1732
1711
1675
1631
1603
1571
1581
1587
1571
1537
1505
1482
1502
1539
1586
1592
1589
1579
1540
1509
1495
1499
1532
1598
1628
1670
1689
1696
1716
1730
1738
1744
1738
1766
1800
1838
1863
1888
1879
1863
1840
1826
1801
1798
1806
1784
1743
1686
1619
1547
1524
1509
1539
1559
1587
1601
1610
1607
1601
1561
1551
1546
1528
1510
1507
1523
1537
1545
1568
1581
1578
1557
1504
1478
1478
1499
1513
1531
1555
1564
1542
1499
1487
1503
1548
1574
1603
1637
1644
1675
1709
1766
1784
1790
1784
1779
1747
1725
1692
1666
1601
1550
1487
1458
1464
1495
1529
1566
1573
1573
1578
1570
1554
1578
1641
1690
1742
1762
1737
1666
1606
1579
1610
1667
1759
1800
1791
1760
1721
1679
1649
1615
1615
1631
1677
1743
1789
1827
1831
1838
1835
1846
1861
1858
1848
1846
1816
1819
1824
1850
1855
1859
1854
1854
1865
1863
1863
1881
1902
1920
1961
1983
2017
2039
2050
2036
2026
2022
2038
2041
2069
2079
2076
2060
2040
2037
2027
2026
2016
2006
1993
1975
1933
1929
1933
1978
2009
2035
2042
2031
1970
1912
1845
1775
1691
1601
1517
1458
1433
1451
1497
1533
1557
1583
1595
1628
1691
1742
1808
1898
2004
2085
2163
2223
2277
2294
2264
2246
2248
2257
2256
2265
2266
2239
2198
2172
2144
2119
2080
2053
2005
1973
1943
1929
1929
1924
1933
1931
1932
1952
1991
2033
2067
2079
2088
2118
2200
2263
2297
2313
2304
2294
2259
2208
2113
2034
1985
1954
1957
1989
1999
2017
2031
2032
2023
1999
1983
1963
1953
1927
1931
1947
1970
1985
2019
2037
2058
2038
1996
1962
1908
1880
1870
1863
1859
1874
1897
1940
1984
2030
2050
2080
2087
2079
2042
2023
2008
2029
1998
1981
1980
1975
1963
1938
1919
1912
1936
1995
2079
2152
2194
2156
2122
2062
2037
2005
1974
1931
1913
1914
1922
1940
1964
1973
1982
1992
2035
2062
2068
2073
2067
2091
2090
2083
2045
2033
2007
1999
2003
2020
2038
2033
2008
1969
1896
1835
1815
1831
1851
1877
1952
1993
2023
2032
2030
2004
1983
1977
1955
1963
1981
2002
2033
2082
2123
2173
2194
2187
2205
2197
2195
2189
2181
2184
2182
2178
2149
2119
2109
2110
2108
2124
2175
2188
2162
2120
2116
2119
2155
2196
2210
2198
2177
2169
2177
2198
2192
2195
2235
2278
2306
2336
2335
2339
2325
2285
2213
2158
2110
2075
2044
2033
2041
2056
2106
2166
2216
2261
2306
2351
2394
2428
2468
2487
2531
2552
2561
2520
2492
2468
2445
2410
2382
2366
2352
2340
2297
2269
2256
2282
2293
2289
2262
2250
2223
2211
2193
2216
2240
2266
2293
2318
2350
2369
2413
2435
2446
2454
2453
2435
2427
2408
2406
2374
2362
2348
2369
2394
2448
2495
2528
2537
2535
2512
2495
2470
2447
2410
2337
2268
2191
2151
2100
2067
2029
2023
2018
2042
2058
2065
2076
2110
2129
2157
2211
2256
2309
2347
2376
2392
2408
2423
2428
2406
2397
2386
2385
2384
2380
2389
2407
2408
2386
2342
2308
2266
2223
2168
2129
2119
2127
2161
2218
2275
2328
2371
2402
2424
2431
2421
2417
2382
2323
2278
2244
2242
2258
2300
2359
2418
2458
2489
2512
2533
2548
2560
2552
2541
2507
2473
2417
2378
2320
2263
2190
2134
2084
2063
2059
2078
2100
2117
2120
2082
2052
2046
2051
2040
2004
1966
1934
1895
1900
1908
1946
1983
2036
2072
2122
2155
2176
2152
2102
2022
1938
1866
1812
1762
1742
1768
1805
1862
1910
1951
1957
1953
1925
1889
1833
1795
1741
1699
1673
1671
1690
1729
1786
1847
1918
1975
2027
2062
2082
2087
2111
2115
2099
2059
2023
1950
1896
1832
1780
1750
1729
1715
1734
1752
1803
1844
1914
1949
1963
1984
1998
2039
2057
2100
2143
2186
2204
2207
2199
2188
2164
2123
2103
2104
2123
2089
2049
2023
2003
1993
1993
2011
2025
2021
2015
2004
2014
2030
2062
2042
2007
1950
1935
1922
1928
1912
1890
1885
1891
1944
2017
2082
2133
2167
2187
2214
2243
2294
2322
2357
2390
2412
2423
2399
2359
2323
2298
2291
2280
2266
2251
2224
2209
2224
2226
2226
2202
2188
2185
2171
2143
2117
2038
1963
1883
1819
1749
1690
1657
1648
1669
1706
1740
1775
1779
1763
1773
1792
1801
1822
1879
1945
2029
2049
2059
2051
2023
1959
1913
1870
1816
1753
1711
1697
1729
1784
1854
1878
1907
1926
1945
1997
2027
2076
2125
2186
2224
2229
2204
2173
2138
2119
2104
2124
2171
2213
2230
2249
2271
2300
2299
2275
2219
2183
2150
2115
2094
2043
2015
1967
1980
2007
2029
2015
2009
1979
1939
1900
1853
1838
1806
1777
1757
1773
1783
1781
1778
1791
1788
1811
1857
1926
1997
2077
2162
2220
2241
2264
2261
2243
2171
2107
2029
1964
1909
1861
1823
1802
2035
2045
2050
2093
2127
2172
2164
2152
2093
2023
1946
1879
1819
1796
1798
1825
1824
1842
1886
1880
1846
1770
1681
1613
1567
1533
1522
1533
1561
1602
1653
1685
1718
1744
1740
1738
1758
1802
1824
1834
1803
1790
1830
1869
1925
1985
2032
2085
2127
2148
2143
2116
2064
2030
2008
1982
1945
1896
1820
1761
1710
1651
1622
1583
1526
1525
1542
1571
1596
1626
1632
1664
1707
1755
1771
1806
1812
1832
1856
1869
1868
1823
1761
1723
1671
1636
1626
1593
1579
1573
1612
1609
1609
1599
1607
1589
1585
1575
1613
1643
1696
1743
1791
1811
1832
1842
1850
1861
1874
1880
1899
1918
1919
1918
1897
1886
1855
1843
1849
1890
1936
2034
2103
2168
2212
2241
2248
2227
2187
2147
2122
2113
2113
2095
2072
2046
2032
2031
2056
2043
2048
2057
2069
2068
2080
2075
2060
2046
2032
2010
1993
1975
1958
1955
1945
1963
1978
2006
2031
2061
2059
2033
1966
1901
1833
1785
1771
1786
1823
1882
1930
1959
1996
2018
2030
2011
2007
1971
1935
1921
1921
1930
1961
1973
2010
2024
2054
2087
2098
2104
2066
2015
1961
1948
1961
1966
1969
1981
1989
1991
1977
1991
1996
1968
1898
1822
1760
1710
1676
1653
1613
1583
1571
1598
1659
1742
1795
1822
1824
1811
1830
1876
1913
1929
1916
1898
1864
1833
1817
1802
1786
1801
1819
1849
1873
1897
1893
1877
1853
1830
1812
1820
1828
1816
1807
1791
1815
1864
1939
2000
2072
2130
2186
2224
2263
2287
2314
2347
2391
2427
2452
2469
2484
2490
2501
2524
2552
2567
2530
2501
2461
2460
2424
2381
2304
2246
2184
2166
2162
2160
2140
2094
2008
1977
1990
2014
2058
2083
2111
2140
2208
2235
2272
2312
2346
2346
2372
2359
2342
2314
2293
2268
2259
2278
2302
2327
2352
2372
2382
2382
2347
2330
2295
2303
2317
2295
2240
2198
2153
2140
2145
2181
2211
2246
2265
2270
2274
2280
2296
2311
2311
2306
2312
2323
2338
2334
2329
2307
2272
2254
2244
2240
2241
2227
2235
2252
2262
2267
2254
2235
2224
2222
2223
2235
2264
2280
2276
2306
2324
2355
2370
2375
2366
2344
2322
2315
2312
2307
2307
2303
2278
2215
2149
2112
2087
2067
2039
2007
1950
1929
1909
1916
1919
1926
1923
1911
1864
1844
1806
1789
1779
1771
1776
1777
1796
1829
1882
1922
1952
1984
2024
2038
2052
2044
2050
2071
2098
2115
2151
2187
2230
2238
2245
2247
2244
2226
2164
2107
2050
2039
2024
2030
2026
2036
2055
2075
2038
2050
2055
2096
2092
2079
2023
1996
1972
1963
1975
1995
2042
2115
2205
2268
2327
2343
2350
2337
2339
2311
2302
2284
2264
2267
2255
2252
2256
2270
2275
2264
2259
2242
2162
2047
1916
1793
1691
1644
1596
1601
1628
1662
1687
1730
1781
1837
1841
1838
1807
1768
1723
1667
1601
1545
1509
1474
1465
1456
1495
1523
1537
1569
1658
1743
1845
1902
1954
1990
2013
2047
2088
2102
2101
2092
2066
2024
2004
1987
1975
1967
1946
1926
1923
1944
1991
2018
2021
1997
1908
1821
1739
1657
1580
1521
1488
1475
1486
1527
1609
1713
1803
1887
1955
1979
1988
2004
2029
2037
2069
2083
2095
2105
2099
2097
2106
2115
2108
2082
2029
2023
2032
2047
2073
2089
2079
2056
2052
2056
2081
2095
2126
2147
2162
2159
2165
2160
2138
2104
2070
2049
2034
2018
2017
2034
2015
1999
1957
1934
1932
1938
1922
1922
1917
1951
1983
2025
2039
2036
1990
1972
1940
1921
1913
1917
1902
1896
1921
1948
1994
2022
2058
2096
2132
2143
2119
2069
2015
1960
1935
1895
1854
1788
1691
1610
1544
1512
1501
1513
1575
1673
1763
1853
1899
1952
1994
2047
2058
2055
2002
1927
1817
1739
1683
1636
1627
1647
1679
1723
1763
1799
1849
1862
1897
1919
1953
1997
2059
2111
2144
2155
2135
2110
2047
1968
1886
1788
1740
1704
1677
1666
1650
1662
1681
1706
1752
1787
1807
1810
1818
1834
1844
1833
1844
1837
1833
1850
1898
1940
1962
1966
1958
1941
1906
1876
1835
1785
1740
1711
1658
1607
1576
1572
1568
1599
1634
1664
1688
1710
1758
1812
1875
1931
1966
2017
2051
2071
2046
1977
1866
1775
1697
1623
1568
1521
1493
1465
1439
1391
1357
1335
1365
1412
1497
1564
1597
1596
1559
1540
1501
1459
1399
1353
1311
1360
1423
1493
1540
1595
1642
1702
1733
1757
1739
1730
1715
1711
1729
1743
1745
1749
1741
1738
1743
1715
1722
1721
1719
1706
1716
1726
1733
1700
1655
1617
1571
1550
1530
1512
1514
1545
1573
1601
1623
46.97021484
1.663696289
999
