5835
2291
2309
2286
2311
2264
2290
2272
2299
2249
2264
2213
2261
2211
2226
2180
2234
2203
2222
2173
2204
2189
2228
2184
2211
2175
2224
2200
2216
2189
2215
2194
2235
2208
2234
2240
2280
2264
2290
2269
2313
2287
2306
2274
2270
2256
2267
2225
2215
2164
2195
2168
2170
2151
2157
2166
2197
2172
2197
2195
2234
2230
2230
2208
2219
2222
2209
2182
2151
2151
2165
2150
2128
2115
2143
2143
2125
2111
2101
2119
2104
2089
2062
2086
2089
2103
2065
2078
2076
2098
2080
2097
2055
2105
2093
2124
2100
2133
2136
2155
2087
2126
2081
2154
2112
2120
2087
2135
2098
2161
2115
2171
2136
2202
2155
2226
2172
2236
2208
2254
2196
2224
2181
2230
2150
2172
2103
2172
2150
2204
2150
2208
2163
2214
2159
2198
2132
2200
2155
2198
2163
2169
2149
2186
2125
2124
2070
2067
2039
2020
1969
1968
1986
2020
1979
1973
1975
1983
2000
1981
1987
1991
2027
2033
2075
2040
2068
2069
2117
2075
2095
2039
2104
2062
2103
2042
2105
2087
2148
2114
2182
2126
2205
2172
2218
2155
2201
2139
2185
2130
2151
2092
2152
2115
2124
2074
2090
2079
2108
2075
2078
2042
2073
2075
2059
2044
2027
2060
2078
2081
2095
2116
2111
2174
2145
2164
2115
2146
2122
2142
2085
2135
2083
2151
2114
2177
2125
2207
2176
2217
2156
2190
2135
2186
2128
2169
2104
2159
2147
2210
2157
2194
2160
2208
2174
2182
2132
2182
2149
2173
2131
2179
2203
2243
2251
2264
2242
2276
2275
2267
2253
2215
2224
2223
2221
2197
2210
2226
2276
2246
2256
2235
2266
2254
2265
2245
2269
2242
2297
2250
2274
2234
2278
2244
2277
2212
2226
2189
2209
2148
2172
2127
2159
2110
2145
2104
2152
2139
2191
2156
2205
2186
2242
2198
2219
2170
2208
2194
2202
2154
2172
2159
2209
2183
2214
2183
2215
2170
2194
2162
2208
2205
2235
2217
2238
2206
2237
2222
2233
2192
2214
2186
2210
2189
2166
2147
2178
2169
2171
2176
2173
2193
2197
2193
2171
2161
2155
2159
2126
2133
2087
2139
2148
2161
2139
2177
2159
2213
2159
2170
2124
2174
2151
2174
2128
2146
2128
2169
2128
2128
2063
2087
2087
2116
2056
2079
2078
2142
2110
2147
2120
2146
2137
2143
2091
2097
2088
2107
2089
2074
2047
2082
2078
2073
2045
2042
2041
2051
2040
2039
2042
2073
2082
2077
2074
2050
2063
2054
2026
2003
1999
1982
2006
1977
1985
1978
2003
1984
1985
1966
1997
1999
2054
2009
2036
2014
2062
2030
2041
1987
2009
1979
1999
1950
1969
1931
1976
1951
1994
1962
2007
1979
2009
1962
1970
1931
1969
1947
1972
1906
1937
1911
1942
1911
1927
1913
1950
1931
1942
1929
1955
1970
1984
1965
1971
1988
2026
2011
1985
1957
1959
1957
1949
1919
1929
1931
1951
1955
1916
1897
1898
1909
1886
1875
1831
1867
1845
1853
1829
1864
1857
1898
1861
1911
1874
1953
1946
2004
1968
2025
1991
2069
2027
2055
1983
2036
1975
1987
1913
1909
1858
1882
1817
1831
1763
1803
1792
1825
1805
1853
1851
1914
1883
1914
1925
1958
1956
1972
1956
1969
1964
1976
1970
1937
1932
1903
1912
1893
1893
1877
1931
1909
1950
1926
1951
1957
1986
1934
1971
1928
1983
1946
2002
1971
2031
1998
2058
2005
2043
2010
2083
2033
2071
2036
2101
2070
2120
2060
2104
2060
2138
2112
2151
2102
2170
2133
2160
2082
2126
2078
2117
2073
2096
2036
2098
2053
2078
2052
2069
2089
2122
2096
2107
2103
2153
2146
2119
2094
2057
2095
2094
2100
2087
2085
2041
2090
2034
2042
1970
2004
1957
2004
1961
2007
1977
2066
2022
2073
2026
2102
2098
2150
2093
2125
2096
2152
2106
2130
2116
2135
2125
2146
2126
2138
2110
2109
2119
2085
2087
2050
2072
2042
2044
2027
2064
2061
2115
2076
2114
2074
2132
2085
2135
2076
2117
2088
2128
2064
2090
2035
2089
2040
2068
1983
2026
1986
2038
2015
2058
2015
2059
2042
2068
2018
2069
2024
2064
2031
2050
2009
2059
2017
2034
1994
1986
2004
2009
2000
2002
2014
2055
2048
2017
2014
2008
2052
2059
2042
2019
2052
2040
2088
2053
2047
2027
2054
1998
2024
1983
2048
2035
2072
2019
2061
2045
2090
2045
2081
2027
2075
2040
2063
2004
2065
2030
2069
2028
2042
2020
2051
2028
2053
2044
2045
2048
2074
2056
2035
2000
1958
1979
1976
1998
1981
1981
1994
2018
1990
2034
1982
2030
2003
2013
1951
1993
1969
2034
1998
2030
1995
2058
2032
2075
2056
2065
2042
2067
2010
2009
1966
1978
1933
1923
1899
1875
1878
1885
1868
1852
1852
1838
1868
1851
1865
1842
1869
1870
1883
1827
1855
1817
1876
1840
1863
1802
1834
1810
1846
1830
1888
1894
1967
1956
1987
1965
1970
1974
1996
1962
1977
1980
1977
2006
1978
1961
1951
1976
1968
1935
1898
1900
1889
1921
1879
1903
1886
1931
1918
1941
1905
1934
1913
1963
1936
1983
1972
1989
1966
1985
1948
1954
1931
1970
1962
1959
1967
1986
2003
1989
1959
1944
1931
1916
1911
1856
1856
1842
1880
1854
1894
1858
1904
1913
1949
1912
1925
1901
1944
1931
1961
1939
1966
1968
2013
1981
2013
2011
2050
2057
2069
2059
2079
2099
2102
2111
2070
2062
2050
2084
2058
2060
2019
2066
2039
2079
2034
2049
2039
2086
2067
2086
2058
2083
2077
2092
2055
2082
2077
2106
2094
2085
2066
2056
2064
2050
2037
1995
1999
1993
2023
1992
1998
1989
2004
1971
1995
1963
2003
2007
2056
2023
2089
2051
2111
2097
2100
2056
2072
2053
2051
2044
2017
2002
2001
1971
1926
1888
1844
1856
1827
1823
1794
1820
1819
1864
1836
1881
1829
1893
1881
1925
1889
1943
1935
1991
1979
2019
1979
2025
2025
2060
2067
2060
2052
2067
2063
2047
2032
2044
2061
2034
2065
2031
2062
2052
2080
2029
2053
1970
2019
1990
2023
1977
2027
1989
2029
2004
2013
1965
1990
1960
1979
1938
1950
1966
1971
2001
1975
1999
2009
2062
2021
2062
1994
2015
1979
2024
1949
1973
1931
1987
1962
1998
1963
2000
1993
2048
2050
2042
2049
2071
2095
2062
2025
2000
1998
1957
1965
1875
1900
1865
1904
1847
1908
1879
1957
1948
1987
1932
1972
1937
1955
1927
1923
1894
1929
1929
1940
1903
1905
1928
1926
1938
1885
1880
1860
1886
1832
1894
1855
1926
1883
1921
1847
1880
1817
1853
1799
1825
1766
1822
1797
1852
1858
1872
1883
1901
1926
1928
1934
1937
1970
1946
1982
1930
1962
1923
1958
1875
1928
1857
1896
1853
1886
1811
1843
1793
1831
1820
1839
1821
1854
1865
1894
1870
1877
1922
1929
1979
1972
2013
2008
2049
2006
2030
1967
1995
1966
2016
1954
1990
1948
1984
1953
1971
1924
1952
1945
1950
1941
1920
1921
1946
1973
1956
1970
1974
2033
2024
2050
1996
2022
1995
2012
1935
1944
1896
1931
1923
1949
1936
1982
1999
2007
2017
2005
2018
2011
2025
2001
2003
2003
2040
2019
2056
2038
2086
2076
2114
2086
2084
2044
2043
2033
2028
2009
2014
2014
2013
2029
1996
2004
2000
2040
2008
2030
1988
2014
2007
2070
2040
2082
2079
2125
2158
2172
2158
2169
2195
2222
2215
2204
2237
2219
2266
2231
2261
2228
2279
2229
2262
2191
2223
2204
2266
2205
2235
2213
2223
2224
2213
2190
2190
2212
2232
2247
2205
2238
2236
2294
2235
2263
2204
2253
2203
2245
2164
2193
2153
2214
2149
2207
2189
2204
2224
2253
2239
2244
2275
2258
2311
2258
2286
2250
2322
2268
2289
2216
2247
2185
2231
2182
2209
2177
2246
2244
2254
2253
2270
2301
2306
2286
2273
2280
2251
2294
2227
2260
2196
2230
2174
2211
2173
2191
2173
2214
2168
2180
2148
2152
2158
2136
2131
2106
2120
2122
2125
2116
2138
2120
2174
2155
2167
2121
2162
2134
2153
2135
2170
2194
2172
2180
2166
2161
2169
2150
2150
2141
2190
2181
2208
2191
2244
2226
2292
2247
2278
2222
2291
2274
2299
2259
2274
2273
2298
2269
2268
2284
2254
2288
2254
2270
2223
2275
2230
2258
2191
2225
2183
2233
2176
2223
2171
2197
2193
2203
2182
2188
2200
2222
2222
2199
2237
2198
2266
2214
2255
2191
2242
2208
2239
2181
2216
2177
2227
2177
2202
2156
2132
2147
2142
2151
2137
2168
2174
2202
2177
2209
2172
2230
2213
2239
2208
2208
2200
2208
2199
2186
2170
2198
2217
2200
2228
2171
2208
2208
2248
2191
2220
2216
2244
2229
2233
2211
2232
2243
2222
2231
2175
2194
2156
2182
2105
2121
2093
2139
2111
2148
2101
2144
2128
2161
2116
2119
2135
2129
2146
2100
2096
2088
2105
2036
2079
2017
2084
2061
2127
2083
2151
2123
2169
2168
2182
2165
2181
2192
2195
2195
2144
2169
2141
2178
2127
2161
2119
2143
2110
2127
2072
2082
2073
2126
2107
2092
2087
2073
2097
2062
2058
2021
2049
2010
2030
2006
2028
2003
2070
2064
2100
2124
2135
2183
2178
2206
2177
2206
2178
2183
2126
2131
2082
2140
2112
2149
2115
2146
2180
2207
2221
2199
2228
2214
2243
2184
2214
2133
2173
2131
2187
2123
2160
2153
2201
2225
2233
2226
2246
2271
2247
2248
2166
2206
2187
2239
2182
2212
2177
2226
2217
2238
2205
2234
2240
2272
2245
2251
2280
2273
2321
2300
2324
2285
2332
2305
2327
2277
2290
2287
2306
2276
2290
2298
2288
2334
2306
2325
2283
2310
2287
2333
2291
2293
2276
2316
2276
2271
2242
2233
2280
2259
2291
2258
2306
2282
2304
2270
2314
2262
2308
2267
2299
2253
2316
2300
2314
2329
2310
2329
2335
2360
2300
2333
2275
2325
2278
2321
2257
2299
2263
2297
2289
2283
2275
2317
2330
2322
2323
2315
2377
2375
2410
2357
2375
2370
2409
2388
2384
2338
2358
2359
2339
2300
2295
2285
2251
2249
2197
2227
2214
2264
2216
2260
2249
2284
2288
2290
2279
2285
2290
2279
2327
2280
2302
2260
2331
2277
2321
2278
2316
2299
2340
2289
2305
2295
2335
2352
2310
2330
2311
2364
2329
2359
2306
2358
2330
2380
2339
2364
2324
2377
2345
2358
2353
2324
2355
2353
2376
2359
2374
2369
2409
2387
2402
2377
2424
2395
2399
2404
2362
2380
2370
2378
2332
2349
2324
2343
2302
2323
2292
2330
2303
2322
2272
2268
2290
2277
2299
2251
2271
2248
2308
2264
2306
2225
2275
2234
2288
2233
2270
2254
2278
2300
2282
2298
2309
2358
2337
2366
2310
2336
2325
2365
2306
2320
2283
2304
2307
2285
2278
2277
2294
2280
2277
2240
2262
2242
2274
2231
2246
2216
2254
2245
2226
2239
2222
2265
2265
2291
2252
2296
2263
2317
2276
2317
2278
2321
2292
2308
2313
2284
2308
2296
2314
2284
2310
2272
2324
2259
2287
2219
2281
2240
2270
2232
2235
2218
2225
2223
2207
2195
2180
2200
2183
2206
2145
2186
2164
2209
2172
2179
2157
2175
2188
2175
2163
2153
2183
2156
2191
2151
2164
2161
2197
2149
2159
2151
2157
2187
2162
2172
2145
2193
2174
2196
2149
2187
2154
2214
2160
2191
2144
2155
2174
2137
2125
2096
2154
2153
2173
2140
2186
2153
2226
2170
2204
2151
2211
2180
2187
2162
2150
2148
2141
2129
2105
2135
2096
2140
2100
2121
2082
2122
2102
2129
2119
2108
2118
2123
2126
2096
2092
2047
2069
2045
2050
2002
2014
1996
2020
2021
2005
2013
1996
2032
1989
2022
1963
2006
1969
2000
1935
1951
1907
1941
1891
1894
1897
1877
1909
1879
1885
1840
1893
1870
1930
1883
1923
1881
1952
1920
1958
1946
1938
1965
1965
1972
1941
1966
1958
2011
2000
2024
2001
2051
2051
2061
2058
2053
2085
2062
2067
2021
2027
1985
2027
1996
2013
1978
2025
2025
2047
2048
2077
2092
2088
2117
2088
2115
2104
2162
2106
2182
2140
2193
2165
2192
2127
2146
2116
2093
2073
2027
2026
1983
2007
1959
1970
1953
1978
1944
1959
1903
1904
1871
1874
1839
1821
1845
1845
1911
1874
1909
1874
1912
1905
1937
1912
1906
1891
1906
1910
1885
1928
1875
1921
1880
1924
1858
1918
1866
1909
1871
1873
1851
1884
1889
1889
1907
1837
1883
1849
1917
1858
1900
1871
1908
1905
1904
1878
1869
1891
1891
1877
1870
1885
1859
1912
1880
1908
1889
1942
1941
1953
1930
1916
1935
1942
1943
1910
1935
1919
1978
1941
1957
1925
1972
1956
1983
1989
1967
1989
1991
2028
1986
2023
1991
2056
2004
2027
1959
1996
1953
1961
1922
1905
1926
1923
1953
1930
1941
1913
1964
1918
1943
1881
1919
1888
1938
1912
1939
1924
1927
1935
1904
1912
1896
1932
1897
1938
1882
1894
1888
1927
1908
1913
1923
1917
1956
1935
1950
1917
1962
1932
1977
1943
1965
1941
1976
1958
1951
1927
1906
1963
1911
1924
1852
1884
1835
1863
1811
1840
1811
1875
1862
1900
1866
1931
1964
1949
1949
1889
1917
1894
1919
1858
1919
1882
1952
1939
1966
1953
1991
1999
2002
2006
1972
1991
1991
2023
1982
2006
1979
1986
1995
1982
1990
1998
2010
1988
2000
1939
1984
1954
2033
1985
2045
2014
2079
2101
2119
2105
2100
2110
2109
2087
2032
2074
2030
2083
2020
2068
1998
2060
2026
2059
2027
2040
2042
2078
2076
2084
2110
2085
2148
2135
2157
2101
2125
2103
2122
2106
2098
2069
2072
2067
2023
2011
1971
2020
1997
2016
1978
2010
2011
2053
2060
2059
2063
2065
2105
2069
2085
2058
2086
2046
2091
2030
2072
2032
2077
2006
2028
2017
2039
2067
2061
2066
2070
2112
2077
2126
2058
2080
2041
2086
2035
2045
1964
1946
1950
1951
1941
1932
1953
1971
1984
1945
1966
1954
2016
2014
2044
2015
2031
2068
2072
2077
2048
2062
2057
2064
2025
2064
2019
2085
2059
2088
2041
2086
2073
2069
2064
2032
2050
2035
2076
2032
2071
2006
2070
2039
2102
2041
2065
2027
2036
2033
2023
2010
2004
2037
2013
2011
1986
2028
2006
2054
2005
2034
1992
2033
2035
2025
2029
2050
2097
2108
2127
2108
2151
2138
2167
2126
2136
2118
2167
2151
2148
2155
2125
2179
2166
2187
2143
2197
2168
2231
2186
2215
2179
2225
2185
2203
2198
2172
2204
2203
2230
2194
2227
2206
2247
2194
2226
2176
2261
2228
2258
2221
2239
2237
2244
2237
2193
2197
2196
2221
2207
2245
2213
2272
2248
2287
2258
2292
2276
2280
2270
2248
2252
2256
2277
2234
2262
2247
2271
2273
2302
2262
2257
2234
2208
2215
2183
2200
2165
2213
2180
2214
2194
2227
2199
2254
2216
2247
2212
2259
2248
2231
2235
2205
2246
2242
2276
2234
2293
2254
2323
2275
2319
2267
2322
2288
2307
2296
2270
2268
2293
2301
2274
2292
2279
2335
2312
2328
2282
2328
2308
2312
2300
2272
2292
2308
2327
2288
2305
2306
2346
2318
2331
2296
2314
2284
2281
2234
2216
2206
2178
2196
2152
2180
2143
2195
2156
2207
2154
2198
2181
2241
2195
2237
2217
2222
2252
2232
2238
2220
2250
2221
2251
2166
2185
2139
2190
2130
2154
2098
2130
2132
2126
2112
2098
2115
2121
2132
2119
2134
2087
2134
2106
2115
2058
2095
2061
2052
2036
1989
1974
1967
1969
1912
1901
1841
1881
1860
1874
1837
1880
1870
1897
1917
1909
1918
1924
1979
1953
1981
1940
1978
1955
2008
1946
1981
1937
2014
2015
2024
2034
2042
2069
2079
2084
2048
2083
2046
2124
2063
2099
2058
2123
2077
2098
2072
2086
2082
2090
2074
2054
2053
2016
2072
2038
2049
2022
2070
2052
2081
2059
2073
2072
2098
2103
2098
2088
2088
2072
2015
2022
1964
1984
1945
1943
1880
1882
1843
1843
1831
1833
1843
1861
1895
1867
1932
1894
1960
1935
1993
1946
2000
1975
2022
2011
2019
1987
2001
1995
2002
2006
1950
1971
1922
1968
1905
1926
1871
1904
1870
1901
1825
1843
1809
1845
1789
1790
1774
1764
1809
1806
1822
1805
1837
1842
1891
1838
1861
1850
1916
1898
1929
1943
1945
1980
1961
1980
1953
1979
1959
1953
1903
1909
1875
1927
1889
1903
1843
1817
1823
1805
1804
1771
1782
1752
1754
1697
1752
1728
1825
1813
1875
1846
1929
1911
1943
1925
1921
1908
1927
1914
1876
1871
1828
1896
1871
1931
1889
1956
1931
1984
1953
1987
1948
1989
1975
1982
1973
2008
2037
2021
2035
1992
2003
1979
1989
1943
1957
1911
1943
1941
1967
1940
1951
1960
1963
1985
1957
1976
1962
1986
1948
1962
1924
1952
1951
1995
1961
1985
1971
1981
2009
1969
1967
1927
1976
1951
1954
1895
1935
1896
1966
1935
2006
1955
2030
2008
2031
2015
1996
2012
2009
1980
1956
1985
1946
2018
1986
2023
1989
1927
1955
1946
2014
1978
2043
1988
2036
2007
2070
2038
2007
1984
1963
1983
1967
1964
1949
1973
1955
2006
1974
2018
1988
2027
2007
2013
1995
1984
1991
1992
1997
1972
1980
1936
1965
1939
1972
1947
2005
2005
2049
2040
2035
2018
2022
2007
1990
1988
1989
2006
1989
2025
1965
2015
1996
2058
1994
2041
1987
2028
2004
2022
1965
1976
1960
1966
1992
1955
1971
1965
2012
1981
2019
2002
2073
2052
2111
2064
2112
2091
2155
2140
2144
2111
2127
2147
2143
2110
2099
2101
2081
2136
2088
2129
2095
2149
2100
2151
2100
2127
2130
2164
2127
2123
2123
2124
2163
2135
2149
2134
2154
2114
2122
2090
2108
2098
2147
2108
2134
2111
2143
2156
2147
2148
2128
2171
2165
2182
2137
2152
2112
2165
2126
2170
2148
2222
2203
2248
2234
2230
2226
2244
2228
2196
2173
2147
2180
2144
2186
2132
2192
2164
2215
2175
2221
2161
2218
2183
2218
2165
2227
2200
2205
2192
2158
2176
2189
2194
2150
2177
2114
2174
2136
2180
2115
2156
2129
2197
2191
2202
2180
2229
2234
2232
2190
2177
2203
2173
2176
2125
2151
2123
2161
2121
2142
2100
2139
2125
2130
2080
2083
2071
2087
2094
2065
2068
2048
2070
2046
2080
2035
2054
2036
2068
2033
2061
2049
2081
2088
2078
2080
2093
2112
2088
2060
2014
2038
2005
2049
2012
2076
2044
2118
2089
2130
2098
2117
2089
2118
2065
2081
2035
1995
2018
1976
1986
1950
1996
1976
2023
1967
2016
1972
2046
1988
2026
1958
1989
1973
2001
1951
1946
1929
1955
1922
1886
1880
1847
1889
1864
1888
1864
1923
1911
1993
1963
2006
1974
2037
2017
2048
2028
2015
2024
2032
2030
1995
1999
2018
2025
1991
2007
1945
1989
1992
2015
1966
1997
1980
2033
2035
2036
2039
2094
2130
2139
2164
2145
2188
2191
2220
2179
2205
2189
2206
2172
2179
2131
2133
2102
2092
2042
2014
2006
2008
2024
1981
1986
1967
1999
1964
2002
1971
2028
2016
2071
2051
2111
2097
2129
2124
2134
2107
2107
2107
2109
2140
2110
2127
2114
2176
2147
2179
2139
2179
2116
2141
2075
2104
2044
2076
2025
2005
1985
1982
1994
1992
1974
1960
1969
1947
2012
1971
2010
1994
2069
2014
2100
2057
2090
2055
2104
2024
2048
1992
2029
2030
2018
1994
2014
2048
2042
2042
2030
2070
2059
2105
2066
2100
2066
2117
2100
2140
2097
2132
2103
2140
2083
2110
2086
2107
2116
2113
2095
2081
2095
2085
2090
2036
2051
2014
2043
2005
2026
1995
2028
2011
2019
1967
1978
1975
2004
1983
1985
1998
1990
2044
2042
2054
2023
2060
2019
2040
1985
1997
1979
2008
1954
1976
1944
1933
1934
1941
1935
1931
1943
1957
1968
1936
1947
1898
1939
1915
1938
1891
1933
1896
1962
1920
1965
1912
1985
1947
1976
1963
1954
1966
1996
1979
1964
1958
1943
2010
1965
1971
1900
1958
1916
1932
1908
1939
1891
1961
1916
1957
1902
1982
1956
1981
1958
1967
1977
1995
1980
1965
1943
1876
1921
1874
1878
1830
1874
1820
1853
1789
1818
1771
1838
1784
1822
1769
1787
1797
1814
1802
1803
1798
1821
1807
1766
1779
1743
1775
1751
1783
1754
1798
1813
1881
1859
1914
1911
1976
1964
1992
1998
1984
2007
2025
2047
2019
2018
2029
2063
2044
2043
2014
2066
2049
2084
2043
2081
2062
2102
2095
2093
2060
2079
2082
2057
2050
2000
1981
1956
1969
1916
1918
1866
1939
1926
1963
1934
1999
1987
2027
2022
2040
2022
2043
2039
2033
2028
2034
2048
2050
2078
2035
2071
2053
2086
2034
2068
2013
2080
2070
2102
2063
2109
2088
2120
2104
2087
2068
2092
2098
2089
2072
2048
2068
2054
2086
2032
2059
2034
2094
2050
2095
2050
2116
2101
2151
2095
2135
2109
2117
2061
2041
2001
2015
1990
1970
1951
1902
1919
1898
1948
1903
1929
1900
1966
1951
2006
1957
1997
1960
2016
1952
1992
1937
1949
1946
1959
1935
1952
1938
1934
1970
1955
1971
1957
1983
1937
1956
1922
1958
1944
1998
1959
2001
1992
2048
2019
2018
1997
2000
1995
1985
1942
1919
1930
1922
1969
1926
1949
1928
1987
1959
1986
1935
1950
1931
1967
1939
1966
1949
1971
1982
1974
1970
1946
1950
1935
1913
1872
1879
1835
1882
1847
1882
1855
1922
1907
1946
1897
1920
1902
1919
1878
1879
1851
1836
1863
1847
1863
1853
1893
1907
1944
1925
1979
1939
1997
1936
1957
1886
1925
1887
1930
1876
1897
1875
1924
1884
1900
1886
1880
1938
1955
1980
1953
1978
1935
2009
1950
1983
1931
1998
1955
1991
1951
1973
1930
2007
1972
2014
1961
2050
2051
2072
2063
2061
2084
2100
2112
2101
2109
2057
2125
2073
2104
2043
2092
2063
2107
2043
2045
1988
2030
2002
1998
1966
1985
2001
2016
2039
2041
2058
2071
2093
2061
2082
2032
2082
2042
2067
2002
2038
2020
2069
2035
2059
2040
2088
2071
2098
2105
2113
2121
2147
2150
2132
2144
2148
2161
2133
2165
2122
2168
2141
2171
2114
2139
2079
2111
2092
2101
2061
2084
2069
2077
2073
2056
2050
2062
2073
2055
2051
2040
2074
2054
2070
2032
2058
2034
2080
2041
2042
1993
2022
2028
2033
1980
1977
1967
1966
1967
1934
1931
1927
1962
1930
1979
1939
1955
1941
1984
1951
1954
1935
1952
1944
1935
1888
1889
1891
1899
1860
1848
1850
1838
1865
1839
1842
1848
1922
1921
1966
1918
1957
1947
2020
1975
2024
1976
2000
1996
2005
1986
2013
2022
2054
2040
1983
1983
1962
2010
1979
1998
1967
2015
1988
2054
1991
2042
2019
2089
2030
2075
2027
2058
2035
2066
2032
2071
2061
2074
2104
2086
2096
2067
2092
2068
2067
2034
2081
2029
2084
2023
2064
2003
2063
2015
2056
1989
2008
1989
2054
2030
2068
2075
2093
2142
2141
2143
2137
2168
2177
2200
2149
2178
2136
2193
2120
2138
2091
2136
2119
2161
2111
2143
2128
2189
2144
2169
2153
2164
2195
2211
2196
2183
2208
2196
2238
2189
2210
2176
2222
2172
2165
2128
2137
2115
2145
2111
2125
2120
2177
2183
2172
2169
2161
2180
2192
2190
2161
2188
2161
2220
2183
2212
2187
2240
2216
2248
2209
2220
2199
2241
2211
2218
2183
2186
2208
2187
2188
2159
2178
2155
2158
2115
2140
2106
2155
2113
2146
2102
2154
2123
2164
2136
2162
2156
2201
2191
2202
2199
2170
2210
2207
2231
2207
2222
2218
2250
2212
2243
2179
2246
2216
2249
2189
2244
2227
2288
2254
2280
2237
2288
2244
2210
2194
2165
2206
2191
2186
2167
2195
2171
2251
2199
2247
2195
2264
2210
2251
2199
2226
2186
2222
2171
2191
2161
2200
2186
2178
2175
2139
2155
2140
2144
2110
2142
2080
2138
2082
2129
2087
2163
2134
2204
2146
2188
2141
2204
2158
2170
2130
2126
2127
2128
2113
2098
2102
2105
2127
2091
2135
2091
2148
2120
2174
2132
2175
2160
2212
2167
2191
2130
2152
2102
2111
2067
2042
2033
2054
2058
2052
2054
2073
2105
2080
2121
2071
2096
2079
2122
2070
2124
2083
2124
2123
2148
2119
2150
2151
2167
2157
2128
2129
2149
2164
2126
2119
2083
2112
2062
2053
1983
1997
1955
1959
1929
1908
1867
1879
1885
1879
1862
1880
1906
1925
1963
1948
1985
1983
2050
2037
2081
2053
2100
2083
2115
2055
2078
2054
2065
2061
2062
2034
2049
2072
2079
2075
2037
2054
2023
2045
1982
1985
1940
1984
1961
2015
1969
2017
1994
2040
1995
2050
2031
2063
2052
2054
2031
2033
2035
2047
2052
2023
2053
2040
2075
2042
2070
2024
2073
2033
2072
1988
2015
1978
2039
1963
1976
1932
1949
1942
1948
1903
1911
1912
1911
1955
1926
1952
1930
1990
1976
1991
1975
2036
2026
2071
2016
2052
2027
2090
2050
2042
2005
1990
1996
2012
1992
1981
1999
1952
1989
1948
1952
1900
1955
1915
1930
1878
1903
1864
1906
1883
1901
1892
1910
1947
1959
1956
1951
1967
1977
1980
1967
1995
1956
2007
1967
1993
1954
1992
1969
1999
1962
1971
1961
1987
1986
1993
2007
1978
1996
1975
1983
1950
1961
1956
1996
1969
1983
1937
1979
1960
1975
1915
1938
1930
1953
1946
1955
1956
1981
1990
1980
1998
1957
1996
1983
2031
1981
1995
1936
1983
1938
1961
1886
1911
1885
1915
1886
1894
1890
1935
1964
1958
1939
1963
1982
1964
1998
1946
1977
1953
2002
1941
1997
1951
2034
1997
2030
1968
2019
1988
2025
2008
2000
1990
2016
2030
2013
1991
1957
1992
1964
2002
1948
1999
1974
2042
2014
2050
1999
2038
1995
2035
1975
2010
2005
2050
2050
2044
2036
2058
2062
2046
2047
1994
2020
2016
2055
2017
2046
2010
2069
2056
2104
2073
2102
2090
2119
2099
2059
2092
2109
2107
2078
2059
2062
2057
2058
2015
2005
1976
2014
1967
1978
1943
2007
2006
2039
2004
2040
2048
2082
2056
2079
2090
2102
2127
2103
2100
2060
2106
2062
2109
2045
2063
2039
2110
2055
2090
2055
2094
2078
2086
2038
2058
2052
2086
2084
2054
2076
2086
2151
2132
2161
2152
2214
2184
2233
2163
2212
2170
2227
2154
2192
2143
2153
2144
2181
2153
2180
2156
2169
2230
2207
2233
2198
2240
2212
2228
2184
2226
2190
2234
2188
2217
2138
2175
2130
2135
2097
2104
2108
2142
2124
2120
2124
2120
2170
2161
2185
2153
2184
2152
2203
2156
2178
2147
2210
2167
2175
2136
2142
2142
2145
2129
2111
2121
2145
2141
2125
2167
2147
2224
2210
2232
2184
2216
2184
2214
2156
2125
2080
2107
2087
2069
2050
2023
2061
2074
2084
2063
2077
2080
2120
2094
2113
2080
2118
2097
2104
2056
2097
2103
2120
2116
2107
2103
2102
2127
2107
2126
2082
2128
2105
2139
2082
2101
2048
2099
2066
2087
2023
2052
2015
2038
2003
1963
1937
1919
1925
1909
1919
1911
1933
1906
1971
1917
1996
1978
2056
2016
2091
2038
2079
2057
2086
2018
2035
1999
1985
1998
1979
1978
1974
1995
1952
1951
1917
1977
1953
2005
1950
2006
1982
2047
2043
2077
2060
2111
2120
2135
2092
2090
2093
2097
2124
2095
2110
2127
2182
2146
2204
2153
2184
2171
2194
2136
2160
2152
2157
2164
2144
2123
2121
2160
2152
2142
2132
2159
2150
2206
2187
2219
2181
2214
2204
2223
2201
2189
2188
2209
2199
2192
2182
2142
2168
2125
2136
2094
2134
2097
2127
2086
2130
2085
2152
2121
2159
2100
2138
2151
2135
2119
2092
2087
2086
2085
2055
2095
2027
2091
2040
2077
2022
2089
2044
2106
2051
2097
2062
2122
2078
2107
2096
2063
2069
2065
2052
2021
2031
2035
2073
2020
2046
1993
2062
2058
2101
2054
2102
2090
2147
2145
2158
2116
2149
2137
2133
2123
2101
2133
2139
2161
2133
2165
2156
2212
2200
2218
2187
2226
2220
2226
2201
2182
2169
2153
2156
2120
2131
2150
2187
2176
2203
2178
2224
2222
2248
2218
2231
2220
2217
2220
2193
2197
2180
2199
2150
2213
2162
2198
2143
2191
2130
2167
2111
2114
2084
2125
2107
2137
2111
2152
2165
2147
2147
2114
2151
2114
2134
2075
2111
2068
2129
2062
2086
2033
2102
2065
2119
2102
2127
2141
2189
2178
2191
2199
2184
2241
2203
2220
2173
2239
2227
2250
2216
2255
2206
2274
2214
2250
2199
2263
2250
2258
2235
2234
2259
2286
2284
2263
2267
2240
2298
2257
2277
2238
2283
2263
2291
2258
2275
2276
2312
2302
2294
2276
2273
2294
2279
2295
2276
2293
2278
2310
2284
2297
2266
2330
2319
2331
2303
2326
2323
2335
2343
2325
2340
2338
2357
2320
2337
2288
2348
2296
2335
2288
2341
2313
2370
2332
2347
2304
2349
2327
2328
2290
2294
2319
2299
2328
2290
2321
2310
2347
2295
2339
2277
2326
2278
2300
2196
2227
2189
2209
2176
2171
2155
2176
2179
2173
2200
2159
2224
2210
2239
2175
2203
2183
2227
2204
2210
2149
2183
2157
2177
2142
2148
2143
2177
2207
2196
2194
2200
2224
2205
2226
2187
2216
2226
2255
2202
2229
2198
2218
2224
2205
2184
2162
2178
2147
2148
2081
2101
2064
2090
2004
2023
1967
1983
1971
1981
1949
1960
1952
1967
1932
1933
1976
1963
2020
1978
2014
1964
2012
1982
2045
2001
2036
1994
2055
1999
2033
1997
1991
2008
2010
2007
2007
2024
2047
2075
2020
2070
2039
2111
2077
2112
2044
2106
2081
2134
2089
2099
2053
2092
2066
2078
2071
2030
2035
2018
2029
1994
2011
1993
2054
2011
2033
1992
2050
2013
2021
1992
1967
1989
2016
2016
2015
2023
2031
2065
2030
2036
1994
2038
2001
2017
1967
1988
1991
2024
2011
2004
2008
2038
2048
2048
2077
2036
2091
2073
2111
2042
2073
2020
2051
2007
2012
1942
1953
1926
1924
1895
1855
1858
1856
1901
1875
1899
1890
1951
1901
1957
1907
1965
1949
2009
1938
1963
1929
1943
1925
1910
1871
1862
1853
1837
1875
1829
1859
1845
1924
1884
1935
1919
1975
1953
1987
1934
1957
1933
1989
1957
1946
1932
1910
1928
1913
1895
1867
1883
1861
1907
1877
1910
1890
1935
1908
1918
1888
1883
1907
1918
1931
1935
1986
1999
2070
2037
2077
2050
2106
2072
2095
2054
2051
2055
2081
2054
2047
2034
2039
2054
2014
2037
2011
2069
2040
2070
2017
2083
2066
2125
2072
2092
2038
2081
2038
2021
2007
1972
1984
1987
1993
1964
1979
1962
2046
2020
2078
2016
2071
2034
2064
2024
2037
1997
2019
1977
1978
1961
1994
2011
2003
2028
1998
2048
2039
2091
2043
2090
2040
2072
2056
2077
2031
2034
2008
2019
2025
2019
2026
2042
2080
2075
2097
2107
2141
2131
2152
2116
2131
2111
2119
2085
2055
2043
2025
2039
2019
2028
2001
2034
2020
2087
2057
2112
2089
2166
2120
2158
2135
2152
2178
2197
2171
2150
2166
2139
2200
2140
2148
2088
2145
2084
2102
2029
2062
2026
2068
1992
2009
1976
2043
2042
2059
2068
2071
2114
2125
2141
2110
2132
2090
2148
2096
2129
2079
2122
2086
2095
2073
2059
2042
2050
2052
2038
2055
2026
2071
2057
2098
2087
2140
2152
2183
2189
2193
2172
2184
2197
2193
2182
2158
2160
2131
2174
2124
2147
2119
2157
2106
2114
2063
2077
2070
2052
2006
2004
2004
1987
2026
1990
2010
1993
2039
1994
2031
2018
2068
2070
2134
2106
2158
2141
2210
2200
2164
2151
2131
2142
2099
2088
2023
2029
1967
2012
1960
2012
1967
2047
1999
2077
2049
2075
2080
2121
2107
2130
2140
2146
2172
2114
2131
2076
2103
2062
2078
2025
2050
2004
2065
2017
2049
2045
2121
2121
2128
2119
2112
2128
2139
2147
2115
2148
2122
2154
2115
2124
2078
2108
2084
2075
2058
2034
2040
2051
2069
2057
2065
2032
2103
2065
2095
2051
2100
2081
2125
2104
2131
2111
2132
2134
2140
2115
2095
2106
2065
2083
2026
2061
2038
2099
2032
2087
2034
2083
2066
2114
2067
2118
2130
2158
2165
2125
2114
2110
2127
2058
2041
1980
2022
1984
2027
1962
1975
1948
2013
1975
1986
1963
1996
2005
2003
1975
1975
1988
1987
2012
1951
1960
1934
1971
1916
1929
1896
1908
1919
1948
1922
1949
1961
1973
2013
1978
1995
1978
2029
1994
2010
1979
2003
1986
2033
1987
2010
1973
2022
2033
2018
2050
2036
2072
2067
2086
2061
2105
2054
2112
2049
2094
2044
2101
2036
2054
2017
1996
1983
2000
1986
1967
1972
1955
2030
1975
2017
1962
2010
1971
2013
1973
2004
1931
1967
1916
1930
1887
1930
1923
1931
1939
1905
1926
1921
1942
1910
1952
1899
1943
1903
1908
1837
1846
1817
1828
1813
1790
1787
1812
1830
1823
1814
1777
1805
1792
1817
1778
1808
1807
1846
1838
1832
1798
1800
1826
1812
1808
1794
1796
1777
1836
1780
1812
1779
1839
1779
1816
1774
1800
1807
1821
1794
1809
1818
1834
1870
1831
1851
1830
1895
1863
1907
1876
1931
1914
1971
1922
1978
1939
1991
1959
1954
1950
1936
1935
1919
1928
1928
1950
1925
1982
1921
1957
1903
1980
1954
1994
1955
1991
1992
2033
2008
2002
1969
1952
1983
1961
1965
1935
1979
1954
1967
1942
1957
1933
1986
1947
1954
1897
1913
1907
1917
1931
1900
1899
1897
1901
1853
1855
1786
1799
1746
1737
1683
1726
1721
1739
1754
1754
1764
1791
1833
1795
1789
1750
1818
1802
1845
1797
1853
1826
1872
1848
1857
1836
1867
1851
1844
1822
1836
1884
1891
1938
1897
1939
1906
1958
1899
1940
1867
1900
1848
1871
1813
1837
1823
1856
1899
1915
1934
1949
1985
1982
1999
1960
1980
1953
2009
1960
1990
1960
2023
1999
2029
2022
2036
2069
2090
2101
2122
2164
2159
2206
2173
2194
2172
2215
2192
2222
2200
2201
2192
2207
2184
2174
2171
2139
2170
2111
2114
2076
2113
2075
2078
2040
2041
1992
2050
2006
2031
2001
2048
2030
2015
2019
1978
1992
1960
1984
1951
1988
1936
2027
1997
2033
1969
2044
2026
2075
2067
2090
2086
2122
2125
2128
2125
2115
2166
2127
2162
2117
2182
2167
2203
2142
2133
2073
2105
2063
2075
2041
2044
2036
2039
2059
2025
2043
2002
2041
1993
2001
1943
1955
1961
1999
1980
2008
2027
2044
2073
2063
2068
2052
2083
2058
2054
2014
2025
2015
2052
2019
2031
2007
2060
2065
2069
2067
2049
2086
2075
2082
2053
2059
2011
2063
2005
2030
1962
2028
1999
2041
2019
2033
2016
2045
2003
1985
1949
1928
1975
1930
1939
1879
1924
1903
1937
1887
1928
1871
1947
1895
1948
1903
1986
1959
1967
1900
1935
1924
1985
1944
1966
1951
2013
2009
2078
2043
2074
2061
2103
2098
2078
2069
2046
2087
2095
2107
2112
2165
2159
2214
2181
2224
2187
2245
2223
2217
2196
2178
2180
2186
2181
2168
2159
2124
2162
2098
2112
2057
2103
2071
2096
2075
2094
2062
2084
2079
2080
2069
2104
2127
2097
2110
2064
2102
2060
2090
2029
2061
2004
2061
2016
2032
1968
2009
1976
1990
1988
1964
1952
1952
1964
1940
1946
1925
2012
2004
2063
2007
2055
2037
2090
2062
2079
2034
2074
2055
2051
2005
2000
2006
2018
2038
1996
2023
2019
2074
2026
2073
2037
2093
2087
2124
2088
2137
2134
2134
2125
2103
2108
2106
2149
2138
2167
2165
2219
2230
2271
2216
2219
2192
2208
2173
2142
2139
2138
2169
2157
2168
2139
2184
2162
2227
2179
2223
2174
2224
2153
2159
5835
2194
2179
2198
2211
2214
2204
2202
2203
2211
2201
2192
2202
2193
2201
2195
2198
2196
2203
2218
2235
2243
2246
2254
2276
2297
2290
2285
2284
2282
2290
2280
2275
2262
2243
2214
2206
2186
2168
2166
2167
2163
2176
2176
2195
2215
2219
2224
2237
2240
2237
2224
2214
2205
2204
2182
2173
2146
2135
2127
2134
2118
2122
2115
2119
2107
2090
2061
2059
2063
2075
2083
2090
2097
2102
2098
2110
2106
2117
2126
2132
2137
2146
2153
2158
2168
2182
2166
2166
2161
2149
2144
2152
2170
2167
2169
2172
2181
2205
2215
2228
2256
2265
2272
2278
2280
2284
2264
2255
2236
2220
2198
2193
2199
2198
2200
2204
2217
2229
2233
2246
2234
2222
2215
2214
2219
2205
2191
2190
2176
2144
2103
2076
2046
2009
1984
1963
1961
1959
1981
1992
1995
1996
2026
2028
2036
2044
2061
2066
2085
2101
2113
2132
2147
2142
2136
2146
2146
2157
2152
2149
2163
2159
2156
2164
2165
2183
2204
2213
2218
2221
2215
2207
2201
2184
2172
2161
2150
2149
2134
2135
2120
2118
2111
2109
2106
2100
2062
2062
2047
2040
2035
2042
2054
2063
2079
2099
2115
2146
2169
2186
2179
2169
2155
2144
2129
2111
2099
2109
2115
2133
2162
2172
2187
2199
2198
2199
2213
2214
2203
2205
2212
2204
2209
2212
2222
2218
2242
2244
2247
2244
2247
2241
2245
2239
2237
2232
2236
2238
2251
2245
2251
2256
2260
2257
2240
2226
2220
2215
2204
2188
2178
2179
2181
2182
2194
2222
2239
2252
2263
2266
2262
2256
2249
2236
2234
2248
2258
2264
2268
2268
2253
2237
2223
2215
2204
2183
2171
2166
2152
2156
2163
2163
2168
2170
2186
2206
2221
2231
2228
2219
2204
2191
2185
2182
2175
2172
2162
2164
2161
2181
2188
2191
2201
2207
2209
2207
2211
2219
2225
2229
2232
2239
2236
2246
2249
2231
2215
2208
2183
2178
2195
2189
2184
2192
2181
2190
2199
2201
2201
2197
2188
2188
2174
2160
2148
2147
2141
2133
2137
2140
2155
2160
2144
2150
2148
2147
2164
2171
2174
2186
2195
2174
2164
2155
2134
2104
2079
2071
2072
2086
2105
2111
2124
2142
2153
2152
2147
2146
2144
2123
2100
2091
2083
2051
2029
2022
2020
2018
2029
2026
2027
2016
2021
2017
2015
2032
2044
2054
2050
2055
2062
2068
2060
2032
2003
1996
1992
1982
1988
1983
1988
2008
2020
2026
2050
2058
2059
2055
2061
2058
2055
2029
2007
1973
1953
1926
1918
1900
1899
1897
1888
1885
1888
1903
1920
1929
1939
1940
1951
1949
1948
1951
1958
1951
1936
1922
1920
1910
1905
1909
1914
1926
1949
1952
1958
1966
1985
1992
1992
1997
2009
2016
2002
1986
1968
1954
1917
1894
1886
1883
1897
1902
1901
1897
1890
1867
1849
1845
1817
1800
1779
1783
1783
1775
1788
1797
1800
1810
1803
1824
1832
1848
1873
1907
1937
1956
1960
1981
1991
2003
1985
1981
1941
1903
1857
1807
1771
1718
1704
1686
1684
1686
1700
1720
1755
1781
1830
1849
1867
1883
1903
1915
1926
1930
1945
1948
1962
1948
1948
1931
1937
1927
1928
1903
1890
1896
1893
1883
1877
1884
1902
1913
1924
1942
1945
1937
1940
1956
1973
1986
1994
1994
2010
2009
2006
1996
2003
2006
2018
2021
2042
2054
2063
2063
2067
2068
2069
2093
2095
2108
2126
2125
2112
2114
2111
2098
2083
2081
2073
2068
2055
2033
2021
2023
2031
2053
2053
2063
2071
2061
2066
2070
2052
2057
2053
2055
2051
2059
2078
2067
2056
2040
2023
1984
1938
1913
1895
1895
1897
1910
1933
1951
1979
1995
2020
2033
2046
2053
2051
2067
2082
2084
2098
2092
2118
2117
2111
2119
2112
2104
2090
2061
2038
2031
2025
2020
2006
1995
1986
1983
1974
1959
1979
1999
2024
2060
2070
2088
2096
2100
2074
2048
2022
2013
2001
2004
2021
2027
2021
2018
2009
1998
1964
1961
1970
1984
1977
1983
1995
1992
1993
2001
2005
2021
2023
2017
2007
2012
1997
1981
1976
1964
1963
1967
1990
2017
2023
2025
2021
2026
2030
2041
2038
2035
2031
2023
2016
1995
1991
1975
1971
1980
1974
1990
2003
2025
2031
2027
2036
2055
2079
2095
2088
2086
2099
2084
2071
2052
2047
2037
2029
2029
2021
2038
2037
2028
2030
2008
2008
1995
1991
1986
1974
1942
1933
1913
1898
1909
1910
1906
1915
1931
1938
1948
1955
1970
1965
1963
1959
1945
1939
1939
1948
1954
1969
1978
1998
2010
2018
2010
1989
1963
1927
1905
1866
1842
1811
1798
1796
1788
1781
1775
1799
1797
1821
1825
1816
1809
1796
1786
1782
1770
1767
1769
1790
1797
1804
1805
1815
1821
1813
1798
1808
1814
1807
1824
1875
1903
1927
1946
1965
1990
1976
1967
1968
1971
1967
1957
1953
1945
1939
1940
1917
1920
1918
1917
1898
1896
1881
1888
1880
1879
1855
1849
1856
1868
1866
1851
1861
1889
1919
1937
1961
1965
1961
1953
1933
1922
1928
1926
1937
1939
1944
1947
1950
1949
1949
1941
1942
1930
1907
1887
1880
1871
1862
1869
1877
1899
1907
1911
1916
1920
1925
1910
1902
1914
1919
1916
1931
1954
1972
2002
2026
2051
2067
2075
2083
2085
2094
2100
2094
2075
2052
2047
2048
2042
2050
2050
2064
2078
2081
2101
2115
2108
2095
2100
2099
2093
2085
2095
2105
2117
2119
2119
2111
2082
2051
2042
2036
2019
1997
1967
1965
1979
1987
1988
1999
2010
2008
1993
2001
2007
2017
2034
2052
2070
2092
2104
2104
2095
2091
2084
2062
2044
2027
2013
1991
1979
1945
1920
1896
1869
1831
1787
1770
1755
1754
1772
1791
1823
1843
1858
1868
1884
1890
1894
1911
1932
1954
1961
1973
1989
2012
2029
2037
2056
2053
2058
2065
2067
2078
2079
2088
2079
2069
2063
2045
2059
2069
2061
2028
2018
2007
2007
1994
1994
1989
1991
1983
1973
1964
1977
1980
1980
1973
1952
1935
1926
1922
1930
1929
1957
1965
1967
1995
2018
2033
2042
2046
2029
2021
1999
1971
1949
1925
1904
1910
1927
1939
1955
1992
2027
2053
2059
2079
2083
2070
2037
1986
1954
1931
1916
1894
1883
1860
1843
1839
1837
1844
1873
1902
1925
1939
1943
1950
1953
1955
1951
1949
1941
1947
1949
1943
1938
1935
1941
1945
1931
1929
1916
1906
1901
1892
1879
1869
1872
1883
1878
1859
1848
1840
1836
1828
1809
1795
1788
1782
1801
1823
1862
1886
1902
1909
1912
1912
1912
1908
1894
1893
1899
1889
1883
1869
1868
1870
1871
1859
1844
1828
1812
1795
1782
1768
1775
1773
1756
1765
1780
1802
1842
1856
1886
1901
1913
1929
1943
1942
1936
1925
1917
1907
1907
1914
1910
1911
1891
1878
1879
1887
1894
1904
1900
1908
1883
1875
1891
1908
1923
1925
1943
1973
2006
2025
2045
2049
2037
2012
1997
1958
1945
1917
1914
1907
1898
1906
1924
1942
1955
1967
1991
2014
2036
2039
2036
2027
2020
2023
2033
2052
2063
2074
2086
2110
2107
2113
2106
2089
2075
2068
2050
2039
2025
2013
2003
2009
1994
1988
1984
1996
1998
1996
1996
2007
2017
2029
2040
2053
2077
2098
2113
2124
2151
2174
2202
2230
2252
2274
2303
2315
2322
2318
2318
2325
2312
2291
2273
2262
2262
2245
2247
2245
2252
2250
2251
2250
2259
2269
2268
2256
2247
2239
2234
2246
2256
2262
2258
2240
2227
2215
2212
2201
2190
2180
2178
2176
2176
2172
2183
2188
2190
2202
2225
2250
2274
2295
2303
2309
2288
2270
2246
2224
2214
2190
2184
2179
2157
2149
2151
2164
2180
2188
2195
2202
2208
2214
2249
2274
2290
2288
2288
2289
2289
2268
2258
2231
2212
2196
2186
2187
2179
2165
2162
2162
2177
2193
2191
2171
2157
2130
2096
2044
2026
2031
2038
2042
2045
2071
2088
2116
2111
2106
2091
2110
2113
2121
2114
2131
2144
2157
2161
2171
2178
2176
2185
2187
2182
2186
2267
2269
2283
2310
2319
2309
2302
2283
2284
2299
2323
2328
2315
2300
2307
2298
2292
2286
2288
2287
2296
2294
2287
2277
2266
2242
2227
2224
2218
2201
2205
2212
2222
2228
2226
2232
2227
2234
2238
2246
2249
2259
2268
2282
2273
2273
2266
2263
2243
2228
2231
2221
2209
2191
2181
2177
2158
2146
2137
2141
2144
2156
2156
2162
2168
2172
2182
2190
2191
2197
2200
2192
2201
2202
2196
2186
2199
2195
2198
2190
2193
2197
2195
2202
2215
2226
2228
2229
2232
2251
2256
2279
2276
2272
2264
2245
2241
2197
2182
2169
2153
2127
2109
2099
2108
2109
2107
2098
2102
2101
2108
2103
2112
2118
2109
2098
2088
2072
2056
2053
2040
2036
2033
2050
2054
2082
2114
2139
2162
2184
2194
2199
2188
2184
2180
2170
2162
2152
2148
2162
2151
2130
2127
2116
2097
2089
2091
2081
2092
2098
2095
2109
2109
2087
2057
2049
2038
2022
2012
2000
2013
2016
2017
2024
2031
2069
2086
2111
2118
2147
2179
2204
2206
2209
2199
2186
2182
2167
2164
2152
2143
2162
2178
2175
2178
2190
2210
2210
2217
2211
2222
2219
2205
2198
2185
2179
2179
2215
2217
2225
2211
2229
2246
2269
2300
2329
2327
2319
2310
2292
2281
2268
2257
2240
2236
2226
2226
2216
2230
2244
2249
2274
2285
2295
2308
2327
2338
2360
2351
2360
2371
2369
2361
2356
2352
2332
2327
2319
2323
2326
2327
2333
2361
2356
2350
2339
2321
2307
2299
2299
2295
2288
2282
2287
2297
2291
2287
2298
2302
2314
2321
2333
2338
2334
2330
2334
2327
2312
2299
2290
2298
2299
2307
2316
2333
2345
2348
2346
2338
2324
2316
2308
2297
2276
2291
2285
2272
2264
2266
2281
2305
2310
2320
2346
2344
2360
2372
2394
2412
2430
2441
2444
2447
2440
2441
2433
2419
2395
2371
2350
2324
2308
2294
2284
2276
2264
2254
2269
2273
2291
2296
2307
2326
2331
2338
2337
2337
2321
2324
2316
2307
2311
2312
2310
2311
2318
2318
2327
2341
2343
2339
2333
2346
2339
2343
2347
2366
2367
2384
2375
2387
2378
2389
2386
2396
2399
2412
2415
2420
2414
2408
2411
2413
2413
2417
2443
2440
2434
2428
2442
2435
2442
2449
2455
2447
2440
2423
2436
2425
2418
2386
2368
2355
2355
2340
2322
2316
2311
2298
2289
2284
2275
2275
2286
2280
2290
2312
2306
2294
2295
2295
2302
2298
2301
2295
2282
2276
2273
2282
2295
2308
2311
2325
2332
2351
2352
2368
2367
2364
2351
2349
2331
2324
2305
2286
2281
2300
2296
2294
2301
2289
2268
2266
2266
2249
2237
2238
2240
2232
2230
2231
2246
2250
2257
2267
2291
2282
2288
2311
2316
2321
2316
2321
2321
2327
2336
2359
2359
2364
2375
2370
2376
2364
2369
2356
2351
2343
2329
2310
2289
2270
2262
2263
2246
2246
2247
2243
2231
2227
2205
2203
2196
2184
2186
2196
2183
2188
2195
2195
2188
2182
2172
2180
2160
2153
2149
2165
2171
2179
2180
2179
2184
2197
2197
2197
2196
2178
2173
2170
2179
2177
2185
2193
2195
2203
2198
2193
2205
2212
2203
2194
2184
2164
2162
2166
2154
2159
2155
2152
2171
2173
2177
2173
2176
2180
2185
2193
2199
2188
2175
2157
2151
2145
2148
2166
2161
2168
2157
2165
2159
2150
2143
2128
2111
2115
2117
2108
2104
2105
2097
2093
2078
2067
2067
2057
2069
2063
2053
2049
2068
2070
2061
2045
2048
2038
2012
1999
1983
1972
1958
1941
1928
1916
1906
1905
1905
1903
1907
1909
1903
1907
1919
1928
1924
1924
1936
1934
1933
1937
1952
1973
1995
1986
1986
1981
1976
1989
1999
2014
2010
2038
2055
2072
2088
2098
2123
2143
2145
2139
2119
2091
2085
2062
2042
2026
2031
2022
2014
2019
2028
2039
2062
2069
2076
2088
2106
2111
2121
2131
2127
2115
2113
2115
2110
2121
2130
2118
2106
2091
2067
2031
2012
1988
1981
1974
1959
1960
1968
1962
1951
1955
1925
1903
1880
1861
1855
1860
1865
1866
1902
1915
1929
1926
1923
1919
1911
1891
1879
1887
1878
1879
1899
1910
1908
1908
1920
1915
1911
1901
1883
1871
1860
1873
1889
1898
1899
1899
1884
1893
1884
1891
1886
1895
1890
1890
1886
1900
1905
1927
1938
1945
1939
1910
1900
1891
1897
1910
1921
1932
1937
1949
1958
1965
1970
1966
1966
1946
1931
1925
1931
1948
1948
1950
1961
1976
1983
1981
1980
1986
1996
2013
2011
2029
2051
2066
2056
2048
2053
2038
2021
2007
2006
1987
1968
1960
1958
1966
1970
1973
1965
1969
1978
1979
1964
1949
1938
1915
1926
1938
1946
1939
1946
1939
1951
1939
1933
1938
1952
1952
1960
1971
1977
1967
1958
1943
1934
1935
1934
1924
1945
1965
1964
1958
1965
1972
1987
1996
1987
1986
1977
1977
1969
1964
1955
1924
1882
1855
1844
1847
1850
1858
1865
1895
1940
1947
1942
1951
1967
1959
1939
1921
1889
1871
1867
1878
1902
1907
1919
1935
1954
1981
1984
1984
1982
1975
1979
1984
1981
1966
1976
1966
1972
1984
1998
1999
2003
2007
2013
2011
2027
2021
2020
2028
2052
2070
2087
2099
2114
2132
2141
2149
2153
2135
2123
2110
2094
2072
2051
2043
2056
2060
2051
2051
2038
2025
2025
2021
2035
2040
2056
2078
2086
2097
2090
2078
2068
2055
2046
2035
2021
2013
2012
2002
1983
1975
1965
1976
1967
1964
1952
1951
1965
1974
1988
2003
2025
2043
2057
2068
2083
2084
2069
2059
2055
2054
2052
2041
2020
2007
1997
2001
2020
2033
2051
2061
2088
2102
2104
2100
2106
2107
2108
2102
2077
2055
2044
2024
2017
1997
1990
1984
1985
1985
1976
1973
1995
2002
2023
2032
2045
2057
2070
2074
2068
2074
2071
2075
2052
2032
2020
2024
2031
2046
2065
2073
2091
2089
2114
2120
2121
2125
2114
2110
2079
2068
2057
2049
2037
2046
2050
2054
2054
2062
2047
2042
2022
2005
2003
2010
2010
2010
2007
2016
2023
2028
2030
2030
2033
2024
2027
2026
2027
2025
2064
2106
2137
2152
2168
2170
2167
2162
2156
2159
2160
2138
2130
2132
2131
2133
2134
2151
2184
2182
2179
2176
2175
2175
2166
2170
2159
2166
2163
2167
2177
2179
2184
2195
2185
2203
2211
2222
2218
2235
2243
2252
2252
2252
2230
2214
2220
2211
2186
2170
2158
2158
2168
2183
2206
2225
2247
2272
2294
2305
2306
2292
2287
2290
2284
2284
2283
2274
2268
2280
2277
2271
2270
2257
2267
2279
2284
2280
2269
2254
2233
2224
2219
2217
2222
2238
2234
2226
2223
2235
2237
2246
2257
2255
2236
2227
2219
2226
2255
2264
2272
2294
2297
2311
2326
2337
2333
2331
2326
2314
2303
2294
2306
2314
2317
2335
2342
2356
2359
2365
2368
2356
2350
2335
2336
2338
2349
2347
2338
2357
2368
2385
2397
2391
2371
2357
2350
2330
2307
2294
2271
2246
2239
2218
2205
2202
2204
2202
2200
2212
2227
2253
2253
2252
2256
2254
2248
2252
2256
2247
2247
2250
2239
2240
2223
2206
2210
2198
2167
2166
2143
2139
2133
2116
2111
2100
2095
2102
2116
2118
2118
2120
2127
2131
2139
2127
2112
2099
2100
2092
2077
2047
2024
1984
1934
1912
1894
1885
1881
1867
1864
1865
1877
1896
1904
1909
1922
1929
1933
1934
1930
1940
1950
1944
1946
1964
1985
2011
2021
2019
2040
2030
2044
2046
2038
2043
2045
2054
2065
2073
2083
2095
2101
2110
2105
2114
2108
2091
2094
2085
2063
2055
2023
2016
2022
2019
2031
2040
2048
2061
2071
2081
2102
2125
2152
2149
2163
2178
2186
2174
2156
2126
2104
2060
2018
1976
1921
1888
1870
1851
1837
1822
1813
1817
1834
1840
1851
1859
1879
1905
1920
1925
1943
1952
1961
1973
1987
1997
1998
2003
1977
1961
1931
1915
1910
1906
1903
1909
1891
1894
1881
1864
1854
1860
1854
1843
1813
1781
1759
1751
1752
1748
1770
1792
1817
1827
1819
1818
1824
1817
1827
1818
1835
1852
1881
1922
1959
1960
1963
1948
1965
1969
1951
1932
1923
1916
1903
1898
1903
1874
1855
1823
1798
1775
1767
1761
1719
1715
1705
1712
1724
1756
1786
1807
1861
1894
1912
1933
1943
1951
1941
1932
1918
1890
1858
1851
1835
1847
1855
1856
1875
1884
1889
1897
1899
1919
1927
1933
1931
1925
1920
1919
1932
1948
1952
1967
1967
1944
1923
1909
1919
1911
1892
1881
1887
1880
1877
1886
1903
1909
1915
1921
1919
1922
1921
1911
1908
1903
1909
1909
1911
1917
1919
1929
1923
1934
1930
1913
1906
1901
1908
1906
1918
1912
1925
1935
1957
1980
1984
1998
2006
2017
2027
2039
2017
2004
1985
1976
1956
1935
1931
1936
1935
1943
1931
1915
1910
1904
1902
1910
1917
1933
1962
1996
2020
2044
2021
1996
1976
1963
1938
1944
1921
1934
1926
1948
1966
1971
1973
1981
1999
2000
1994
1995
1989
1967
1947
1949
1965
1987
1998
2001
2005
2013
2022
2032
2029
2029
2026
2010
1996
1984
1973
1973
1987
2007
2011
2021
2012
2000
1983
1970
1968
1963
1975
1963
1961
1956
1954
1957
1977
1987
2001
1997
2016
2037
2045
2045
2052
2061
2075
2096
2126
2128
2130
2136
2149
2147
2139
2136
2124
2126
2112
2099
2095
2101
2106
2112
2130
2134
2126
2131
2132
2133
2148
2156
2156
2163
2155
2149
2149
2148
2143
2131
2127
2121
2113
2109
2094
2086
2065
2091
2102
2101
2105
2127
2137
2137
2141
2150
2169
2181
2186
2191
2179
2168
2153
2153
2171
2177
2193
2204
2227
2243
2239
2221
2202
2208
2192
2180
2172
2178
2191
2203
2211
2222
2239
2252
2248
2230
2233
2218
2237
2235
2223
2214
2201
2196
2199
2204
2200
2207
2192
2191
2187
2197
2199
2185
2182
2199
2200
2206
2216
2237
2253
2265
2275
2269
2253
2239
2226
2211
2184
2153
2153
2149
2135
2124
2128
2128
2123
2126
2120
2101
2078
2070
2051
2046
2055
2056
2059
2052
2062
2070
2064
2054
2052
2060
2059
2071
2081
2092
2108
2113
2117
2116
2117
2104
2095
2096
2079
2082
2076
2088
2095
2111
2114
2115
2123
2137
2115
2103
2076
2067
2064
2058
2034
2023
2022
2034
2039
2056
2052
2054
2049
2050
2035
2020
2008
1996
1983
1984
1995
1991
1982
1968
1937
1920
1920
1910
1914
1906
1907
1924
1936
1944
1965
1976
2009
2045
2071
2074
2064
2082
2081
2073
2059
2053
2041
2027
2029
2026
2024
2024
2021
2024
2018
2025
2021
2025
2016
2022
2039
2055
2069
2093
2103
2124
2151
2174
2182
2199
2201
2194
2190
2195
2198
2205
2195
2181
2155
2127
2090
2073
2051
2025
2018
1998
1969
1949
1940
1953
1957
1968
1978
1986
1993
1999
2027
2038
2040
2065
2088
2098
2100
2099
2093
2083
2084
2082
2087
2092
2105
2122
2159
2176
2191
2189
2170
2148
2138
2107
2078
2042
2005
1978
1960
1959
1959
1947
1941
1936
1939
1951
1952
1955
1974
2002
2045
2056
2060
2077
2084
2085
2091
2083
2045
2024
2004
1999
1985
1989
1996
2005
2038
2045
2050
2043
2061
2062
2062
2055
2069
2077
2080
2069
2088
2098
2113
2120
2108
2116
2115
2096
2096
2090
2092
2076
2049
2039
2034
2031
2017
2009
2005
1999
1999
1991
1986
1987
1983
1987
1993
2007
2000
2019
2025
2039
2046
2036
2036
2037
2043
2035
2027
2012
1994
1984
1984
1966
1955
1933
1929
1918
1920
1924
1935
1936
1954
1963
1953
1956
1964
1950
1948
1957
1963
1973
1969
1963
1945
1934
1945
1952
1953
1939
1922
1921
1915
1917
1917
1933
1945
1957
1962
1964
1951
1925
1914
1907
1907
1892
1873
1871
1895
1909
1921
1937
1950
1965
1967
1972
1977
1976
1975
1968
1962
1953
1935
1930
1918
1905
1881
1877
1861
1841
1807
1797
1779
1758
1732
1721
1719
1713
1705
1695
1708
1725
1751
1769
1775
1771
1790
1791
1802
1788
1785
1781
1787
1777
1794
1817
1851
1869
1899
1904
1944
1954
1959
1971
1990
1991
2013
2019
2020
2036
2031
2033
2040
2058
2058
2055
2052
2061
2063
2082
2071
2060
2078
2095
2101
2106
2084
2065
2025
1984
1936
1902
1847
1829
1828
1829
1849
1845
1844
1860
1905
1920
1934
1944
1951
1954
1963
1959
1951
1976
1999
2028
2053
2054
2043
2043
2038
2037
2027
2025
2019
2009
2030
2054
2067
2087
2089
2087
2077
2090
2090
2076
2076
2070
2062
2058
2054
2050
2042
2031
2031
2033
2037
2029
2039
2052
2063
2081
2122
2124
2114
2099
2080
2059
2035
2023
1999
1981
1947
1944
1914
1903
1898
1900
1889
1885
1882
1896
1909
1929
1961
1983
1998
1996
1993
1995
1978
1959
1949
1954
1935
1919
1923
1931
1932
1950
1966
1969
1975
1974
1991
1968
1969
1944
1940
1942
1946
1957
1967
1963
1980
1974
1965
1944
1935
1928
1928
1922
1910
1914
1899
1885
1902
1921
1917
1923
1916
1911
1904
1899
1901
1916
1923
1926
1937
1943
1937
1929
1907
1890
1854
1831
1823
1815
1819
1841
1874
1900
1899
1896
1902
1902
1910
1905
1880
1857
1825
1795
1767
1763
1764
1792
1824
1865
1901
1923
1951
1975
1968
1968
1950
1945
1927
1913
1886
1872
1858
1853
1857
1883
1895
1902
1930
1949
1976
1977
1987
1957
1949
1937
1942
1959
1968
1967
1948
1935
1941
1953
1947
1966
1979
1992
1997
2015
2036
2062
2079
2121
2137
2148
2138
2130
2132
2149
2132
2123
2100
2094
2079
2077
2071
2061
2048
2052
2048
2031
2004
1967
1946
1947
1968
1990
1991
2013
2033
2055
2072
2077
2090
2075
2058
2029
2033
2033
2034
2033
2037
2042
2059
2059
2068
2083
2087
2106
2134
2138
2131
2111
2110
2115
2114
2136
2146
2153
2166
2165
2159
2155
2133
2131
2112
2101
2067
2056
2033
2026
2025
2028
2027
2035
2023
2000
2004
2014
2035
2036
2042
2055
2058
2059
2045
2042
2028
2016
2007
1983
1979
1984
1978
1956
1935
1923
1914
1902
1892
1888
1876
1893
1899
1917
1918
1922
1934
1951
1956
1942
1926
1908
1886
1875
1854
1859
1847
1855
1858
1855
1853
1861
1877
1890
1920
1951
1968
1988
1992
2002
1994
2001
1990
1979
1963
1976
1980
1975
1974
1985
1990
1992
2002
1994
1984
1982
1979
1980
1985
2006
2004
1977
1977
1977
1999
2016
2011
2005
2018
2027
2044
2058
2062
2057
2056
2075
2078
2079
2071
2062
2056
2037
2030
2029
2037
2036
2044
2033
2020
2019
2011
2016
2027
2039
2021
2028
2049
2060
2091
2115
2132
2159
2164
2173
2178
2189
2196
2205
2186
2181
2171
2164
2148
2141
2141
2150
2148
2148
2162
2178
2183
2191
2200
2214
2226
2232
2238
2249
2261
2278
2283
2275
2276
2270
2285
2278
2260
2243
2235
2211
2198
2178
2169
2148
2160
2167
2195
2219
2223
2226
2247
2257
2262
2260
2271
2291
2298
2303
2305
2293
2281
2255
2244
2234
2230
2227
2235
2244
2235
2240
2227
2222
2223
2213
2203
2203
2201
2208
2208
2194
2181
2179
2170
2156
2141
2125
2126
2135
2138
2147
2143
2156
2164
2166
2191
2195
2198
2205
2209
2221
2243
2258
2256
2258
2248
2236
2224
2230
2244
2255
2254
2253
2241
2241
2257
2277
2293
2302
2298
2292
2268
2246
2250
2249
2244
2234
2235
2243
2241
2248
2252
2256
2263
2251
2248
2232
2227
2223
2222
2201
2190
2184
2193
2199
2180
2186
2196
2195
2182
2180
2167
2159
2142
2139
2138
2141
2158
2155
2162
2153
2153
2161
2167
2174
2164
2161
2155
2143
2137
2120
2117
2122
2110
2086
2076
2075
2085
2091
2119
2126
2135
2149
2170
2176
2202
2186
2180
2168
2154
2144
2114
2104
2085
2058
2030
2036
2041
2057
2065
2075
2083
2080
2087
2107
2119
2132
2120
2114
2111
2110
2105
2104
2115
2124
2137
2145
2149
2160
2179
2183
2183
2170
2146
2124
2107
2097
2086
2051
2017
1995
1952
1927
1906
1859
1848
1834
1836
1845
1857
1868
1868
1879
1912
1936
1979
2010
2045
2072
2083
2086
2086
2089
2089
2080
2082
2081
2066
2079
2099
2098
2102
2106
2104
2102
2101
2090
2096
2095
2085
2055
2009
1984
1982
1965
1961
1966
1976
1980
1999
2002
2027
2055
2057
2058
2053
2065
2082
2089
2094
2093
2085
2097
2087
2091
2082
2077
2054
2051
2041
2045
2028
2011
2004
1988
1969
1969
1969
1957
1946
1922
1917
1901
1890
1872
1863
1875
1911
1915
1936
1941
1960
1972
1981
1983
1996
2008
2018
2025
2041
2036
2028
2018
2019
2008
2014
2015
2013
1993
1994
1999
1990
1987
2001
1999
1982
1976
1961
1962
1939
1920
1918
1908
1907
1916
1912
1915
1914
1919
1925
1931
1931
1927
1940
1945
1950
1951
1959
1958
1956
1957
1960
1949
1941
1933
1934
1933
1942
1947
1968
1982
1982
1999
2010
2018
2007
2007
2007
2016
2001
1985
1967
1964
1950
1936
1923
1916
1929
1960
1980
1975
1956
1946
1946
1956
1963
1969
1977
1977
1970
1961
1967
1957
1950
1908
1887
1876
1857
1858
1863
1893
1904
1922
1924
1933
1950
1950
1947
1930
1935
1950
1966
1975
1972
1974
1974
1978
1989
1997
1995
1972
1967
1962
1966
1970
1985
1986
1984
1980
1990
1971
1988
1980
1987
1986
1994
1994
2008
2008
2020
2021
2030
2034
2024
2009
2014
2017
2019
2027
2028
2044
2032
2030
2007
1992
1985
1967
1951
1950
1959
1972
1975
1993
2022
2051
2077
2091
2090
2104
2105
2116
2127
2126
2127
2125
2115
2087
2077
2058
2044
2040
2037
1974
1941
1947
1969
1978
1974
1986
2005
2017
2041
2063
2071
2084
2075
2067
2066
2061
2058
2061
2043
2024
2030
2045
2042
2056
2068
2070
2072
2071
2085
2095
2105
2094
2091
2094
2097
2098
2107
2117
2140
2171
2201
2212
2207
2199
2194
2199
2202
2198
2192
2172
2172
2157
2161
2170
2178
2187
2200
2195
2207
2217
2224
2242
2248
2258
2261
2263
2267
2257
2248
2236
2228
2218
2201
2192
2165
2156
2137
2108
2092
2091
2094
2112
2111
2126
2142
2145
2144
2156
2154
2155
2142
2148
2142
2139
2146
2155
2152
2142
2116
2092
2071
2053
2040
2044
2053
2056
2071
2089
2121
2139
2169
2178
2183
2179
2173
2141
2121
2085
2064
2047
2033
2037
2028
2033
2028
2042
2049
2057
2071
2082
2085
2092
2098
2087
2082
2096
2086
2097
2090
2095
2099
2107
2116
2113
2117
2121
2104
2116
2137
2116
2104
2085
2054
2018
1999
1991
1984
1982
1979
1976
1945
1937
1926
1915
1912
1902
1895
1895
1868
1868
1873
1889
1893
1914
1938
1957
1987
2000
2018
2040
2055
2068
2065
2054
2024
1994
1966
1951
1939
1934
1935
1937
1939
1946
1953
1951
1964
1975
1985
2007
2026
2055
2080
2112
2143
2159
2170
2165
2162
2148
2136
2129
2143
2152
2159
2166
2179
2179
2171
2171
2167
2162
2139
2127
2132
2125
2112
2116
2107
2114
2109
2115
2142
2155
2173
2187
2194
2199
2208
2218
2199
2186
2181
2174
2175
2182
2178
2172
2162
2169
2174
2174
2169
2157
2133
2131
2123
2113
2107
2107
2119
2132
2148
2163
2176
2172
2159
2155
2153
2153
2129
2102
2083
2060
2056
2035
2035
2037
2020
2009
2013
2012
2009
2018
2019
2030
2037
2045
2071
2062
2069
2084
2079
2082
2086
2096
2090
2097
2086
2106
2108
2121
2123
2136
2131
2125
2123
2133
2118
2135
2134
2144
2153
2140
2135
2123
2094
2079
2076
2076
2088
2102
2122
2139
2162
2180
2207
2211
2211
2170
2173
2169
2151
2136
2125
2118
2128
2147
2153
2160
2178
2194
2220
2225
2228
2244
2230
2226
2229
2232
2222
2214
2187
2181
2181
2180
2158
2119
2094
2085
2063
2045
2046
2038
2039
2043
2055
2080
2113
2144
2148
2165
2155
2135
2130
2109
2074
2049
2053
2054
2045
2047
2045
2043
2074
2101
2142
2173
2196
2215
2219
2239
2258
2273
2285
2296
2290
2286
2278
2286
2286
2277
2264
2244
2242
2237
2248
2255
2268
2280
2276
2291
2314
2320
2335
2331
2338
2340
2342
2350
2340
2340
2336
2347
2340
2343
2319
2312
2308
2311
2308
2312
2310
2299
2298
2306
2315
2321
2318
2330
2331
2340
2355
2351
2355
2344
2351
2352
2370
2366
2364
2370
2376
2381
2382
2388
2391
2379
2369
2366
2356
2347
2324
2320
2328
2346
2355
2363
2361
2363
2381
2378
2374
2353
2341
2332
2328
2326
2331
2339
2346
2363
2376
2380
2366
2350
2331
2299
2265
2239
2226
2205
2185
2168
2157
2153
2148
2157
2164
2179
2178
2191
2198
2219
2228
2238
2239
2253
2232
2214
2202
2194
2186
2180
2171
2166
2173
2178
2183
2191
2203
2214
2247
2261
2285
2277
2264
2256
2257
2256
2252
2254
2244
2228
2208
2186
2144
2120
2105
2066
2038
2018
1987
1966
1940
1927
1924
1929
1924
1921
1933
1949
1957
1963
1974
1977
1983
1999
1991
1996
1999
1999
1992
2013
2029
2029
2038
2037
2018
2007
1992
2001
2001
1999
1998
2001
2004
2016
2025
2037
2058
2087
2097
2109
2109
2107
2091
2080
2069
2058
2050
2044
2048
2046
2054
2051
2070
2085
2084
2067
2064
2057
2071
2053
2039
2031
2025
2013
2003
1986
1978
1971
1974
1990
2010
2019
2038
2061
2074
2071
2073
2070
2057
2031
2008
1988
1982
1979
1982
1990
1988
1996
2018
2028
2047
2059
2071
2080
2088
2100
2083
2085
2082
2077
2067
2042
2013
1985
1951
1931
1908
1890
1880
1882
1884
1898
1917
1935
1941
1960
1967
1973
1977
1993
1984
1971
1957
1953
1945
1941
1915
1910
1907
1897
1895
1905
1901
1911
1920
1938
1955
1967
1959
1954
1966
1992
2009
2004
2013
2012
1988
1963
1948
1938
1929
1911
1902
1899
1891
1899
1886
1895
1890
1898
1897
1911
1912
1922
1929
1927
1936
1967
1975
1996
2010
2029
2054
2095
2109
2116
2126
2121
2112
2099
2075
2070
2048
2033
2020
2023
2033
2033
2045
2053
2053
2058
2074
2093
2112
2119
2125
2131
2137
2139
2121
2093
2063
2035
2022
2018
2009
2010
2015
2022
2042
2038
2047
2056
2086
2086
2094
2080
2070
2057
2036
2022
2006
1997
1991
1993
2003
2015
2037
2044
2053
2078
2087
2091
2069
2070
2064
2066
2068
2091
2081
2072
2065
2063
2065
2075
2089
2090
2111
2135
2144
2139
2152
2149
2151
2150
2153
2134
2118
2104
2085
2071
2072
2054
2027
2010
2004
1998
2028
2050
2085
2096
2123
2139
2161
2187
2193
2203
2213
2219
2217
2218
2216
2196
2183
2173
2186
2177
2147
2130
2107
2075
2063
2046
2040
2050
2050
2055
2056
2062
2067
2077
2095
2113
2119
2130
2140
2151
2140
2137
2135
2135
2111
2094
2074
2068
2069
2080
2076
2066
2056
2052
2048
2070
2070
2084
2105
2123
2134
2136
2160
2164
2180
2199
2210
2210
2217
2210
2212
2207
2210
2207
2209
2184
2175
2158
2134
2117
2091
2081
2073
2061
2056
2064
2056
2054
2055
2055
2064
2059
2045
2059
2074
2088
2097
2115
2134
2148
2159
2190
2200
2207
2204
2210
2174
2136
2089
2062
2050
2041
2023
2016
2009
2011
2010
2011
2028
2045
2055
2080
2091
2110
2125
2150
2158
2165
2160
2151
2139
2127
2116
2093
2079
2053
2042
2029
2034
2048
2085
2095
2101
2112
2113
2137
2152
2150
2137
2138
2124
2121
2129
2133
2133
2123
2092
2082
2064
2054
2039
2031
2029
2038
2054
2060
2051
2063
2075
2100
2111
2114
2118
2115
2107
2110
2111
2127
2138
2136
2142
2124
2104
2083
2063
2051
2039
2037
2033
2030
2029
2056
2089
2121
2139
2152
2164
2172
2160
2155
2146
2108
2095
2077
2049
2020
2003
1984
1990
1985
1990
2001
2023
2013
2010
1997
1990
1991
1995
1991
1991
1981
1985
1996
1982
1970
1965
1967
1967
1962
1951
1940
1934
1935
1928
1956
1970
1995
2013
2040
2055
2050
2040
2024
1995
1985
1980
1973
1977
1984
1993
2018
2027
2035
2030
2039
2062
2089
2102
2110
2124
2123
2131
2139
2141
2124
2116
2113
2104
2099
2088
2076
2053
2041
2032
2024
2016
2012
2009
2020
2030
2025
2027
2013
2004
1993
1984
1974
1951
1923
1888
1866
1843
1844
1836
1850
1875
1885
1894
1899
1914
1923
1939
1951
1943
1939
1924
1911
1874
1851
1812
1788
1765
1752
1750
1751
1752
1769
1777
1788
1779
1770
1765
1768
1765
1774
1768
1786
1803
1816
1829
1832
1826
1821
1820
1799
1800
1793
1783
1764
1766
1775
1774
1775
1785
1782
1784
1795
1812
1833
1843
1851
1860
1858
1859
1858
1872
1892
1896
1900
1896
1889
1900
1913
1944
1963
1978
1991
1995
1984
1956
1931
1926
1925
1919
1908
1920
1931
1935
1953
1953
1963
1942
1953
1947
1951
1963
1985
2004
1999
2004
1988
1980
1968
1960
1967
1963
1951
1952
1941
1948
1956
1970
1973
1956
1937
1909
1892
1899
1901
1898
1886
1860
1844
1826
1809
1768
1730
1689
1651
1607
1592
1603
1622
1651
1689
1712
1742
1787
1818
1823
1832
1843
1844
1835
1839
1834
1834
1843
1845
1853
1875
1867
1854
1834
1844
1858
1876
1901
1916
1935
1949
1966
1966
1954
1935
1900
1881
1869
1853
1838
1827
1851
1872
1901
1911
1943
1949
1959
1962
1961
1968
1973
1959
1966
1971
2004
2028
2044
2033
2054
2064
2067
2074
2099
2118
2159
2191
2221
2231
2249
2260
2249
2235
2218
2215
2210
2210
2195
2184
2184
2180
2174
2156
2124
2112
2101
2097
2063
2045
2021
1993
1980
1970
1974
1994
1995
2008
2014
2014
2006
1987
1974
1951
1942
1914
1917
1935
1942
1960
1971
1986
1998
2017
2038
2052
2074
2092
2110
2124
2134
2145
2151
2149
2157
2157
2166
2167
2181
2159
2160
2146
2152
2136
2117
2109
2095
2087
2075
2063
2054
2062
2068
2061
2063
2049
2011
2000
1989
1988
1995
1999
1996
2026
2034
2055
2077
2082
2072
2063
2063
2052
2048
2050
2033
2029
2029
2036
2029
2024
2033
2041
2060
2074
2081
2095
2101
2116
2116
2104
2075
2062
2063
2056
2048
2037
2035
2027
2035
2031
2018
2003
1981
1983
1954
1937
1943
1930
1916
1921
1924
1924
1914
1915
1918
1899
1890
1881
1889
1891
1882
1913
1919
1910
1908
1907
1903
1899
1886
1880
1871
1890
1905
1936
2078
2051
2049
2057
2065
2061
2038
2044
2080
2106
2129
2155
2167
2188
2204
2218
2229
2228
2224
2207
2197
2200
2177
2156
2143
2134
2121
2119
2118
2099
2100
2101
2090
2087
2072
2060
2041
2046
2056
2067
2078
2099
2087
2071
2062
2060
2063
2074
2058
2045
2036
2026
2025
2013
2006
1990
1981
1967
1942
1940
1947
1940
1926
1927
1924
1944
1981
2005
2045
2053
2067
2066
2071
2086
2099
2105
2109
2108
2113
2100
2085
2072
2071
2069
2077
2079
2062
2046
2055
2051
2046
2051
2057
2066
2081
2100
2116
2134
2126
2128
2138
2136
2140
2148
2168
2197
2211
2227
2220
2221
2203
2187
2171
2147
2124
2115
2110
2113
2107
2120
2133
2136
2160
2186
2222
2252
2257
2249
2229
2201
2165
2144
2115
2084
2053
2032
2032
2040
2053
2067
2082
2085
2091
2094
2094
5835
2124
2129
2190
2216
2228
2225
2230
2222
2211
2210
2216
2218
2199
2192
2179
2201
2218
2267
2320
2363
2380
2395
2417
2438
2455
2456
2444
2435
2440
2449
2441
2394
2337
2288
2230
2198
2156
2132
2125
2148
2171
2208
2241
2288
2331
2374
2388
2387
2370
2347
2304
2291
2246
2203
2147
2112
2089
2096
2084
2088
2079
2061
2039
2016
1958
1925
1893
1899
1921
1971
2017
2070
2091
2106
2103
2136
2159
2191
2204
2223
2224
2223
2227
2248
2257
2255
2239
2243
2224
2225
2225
2240
2262
2285
2308
2328
2350
2402
2452
2482
2510
2533
2545
2544
2543
2520
2453
2388
2310
2249
2220
2208
2223
2257
2330
2364
2402
2417
2398
2361
2325
2308
2318
2316
2311
2294
2265
2204
2145
2073
1990
1925
1875
1799
1754
1725
1737
1745
1792
1830
1876
1915
1958
1969
1998
2030
2079
2117
2176
2198
2239
2285
2301
2289
2282
2277
2302
2310
2299
2285
2283
2270
2287
2316
2343
2363
2381
2369
2366
2353
2345
2334
2308
2266
2234
2202
2160
2138
2136
2135
2122
2128
2117
2106
2081
2072
2013
1987
1935
1937
1922
1954
1976
2022
2099
2177
2234
2306
2348
2371
2350
2327
2257
2203
2143
2098
2060
2076
2118
2177
2257
2317
2342
2358
2373
2384
2385
2395
2376
2367
2360
2344
2373
2377
2409
2432
2469
2464
2453
2422
2376
2343
2343
2348
2355
2332
2344
2352
2372
2391
2420
2435
2440
2396
2349
2290
2274
2247
2230
2212
2200
2188
2208
2240
2287
2354
2407
2453
2456
2455
2439
2407
2376
2370
2359
2360
2383
2397
2394
2380
2345
2324
2285
2256
2222
2170
2138
2114
2092
2096
2124
2183
2228
2281
2312
2347
2359
2345
2318
2284
2232
2193
2180
2183
2198
2202
2206
2210
2224
2242
2250
2257
2262
2260
2254
2267
2296
2340
2369
2394
2393
2378
2367
2364
2341
2305
2267
2236
2203
2188
2184
2195
2199
2198
2207
2217
2245
2254
2246
2233
2225
2220
2198
2157
2126
2095
2076
2062
2071
2101
2139
2181
2188
2195
2179
2199
2216
2227
2231
2224
2232
2213
2165
2116
2050
2001
1955
1951
1959
2003
2052
2096
2141
2176
2199
2223
2220
2194
2151
2085
2028
1995
1944
1871
1824
1814
1835
1839
1874
1900
1906
1903
1890
1870
1871
1913
1973
2003
2015
2034
2052
2067
2030
1957
1880
1833
1823
1837
1863
1858
1877
1891
1947
1965
1987
2002
2031
2054
2071
2050
2013
1933
1834
1736
1675
1640
1631
1611
1619
1643
1674
1711
1735
1759
1784
1779
1784
1792
1821
1863
1874
1861
1826
1790
1750
1723
1719
1732
1734
1736
1759
1792
1829
1871
1918
1979
2007
2024
2018
2025
2041
2032
1974
1911
1832
1757
1691
1663
1625
1643
1677
1711
1718
1723
1682
1622
1567
1530
1493
1469
1441
1440
1429
1449
1477
1517
1528
1556
1571
1615
1647
1702
1783
1858
1935
2011
2065
2109
2107
2101
2026
1947
1824
1705
1569
1436
1315
1235
1207
1201
1225
1255
1321
1387
1495
1586
1703
1781
1867
1919
1974
1995
2003
1975
1972
1959
1952
1938
1933
1905
1870
1836
1827
1795
1775
1744
1730
1721
1739
1774
1848
1883
1909
1914
1932
1945
1963
1993
2023
2051
2073
2068
2068
2072
2079
2055
2055
2069
2092
2116
2131
2152
2155
2151
2157
2164
2168
2196
2231
2262
2283
2268
2228
2192
2153
2123
2090
2089
2078
2081
2052
2038
2007
2035
2063
2098
2112
2130
2112
2103
2077
2066
2038
2031
2024
2030
2034
2052
2073
2083
2032
1973
1903
1806
1686
1612
1579
1594
1633
1700
1754
1812
1893
1962
2017
2058
2100
2130
2128
2139
2159
2182
2207
2237
2288
2304
2297
2269
2192
2129
2086
2031
1990
1961
1930
1885
1854
1846
1861
1859
1853
1836
1872
1914
2012
2098
2172
2200
2193
2158
2086
2000
1929
1915
1917
1947
1977
1993
1965
1953
1908
1883
1827
1807
1802
1810
1821
1844
1888
1931
1957
2001
2006
2000
1984
1981
1976
1953
1903
1874
1851
1847
1854
1877
1902
1954
1990
2016
2014
2017
2007
2004
1967
1934
1915
1900
1881
1852
1839
1842
1848
1859
1869
1905
1964
2008
2035
2044
2075
2113
2165
2191
2200
2180
2151
2105
2061
2026
2013
1977
1957
1951
1968
1966
1927
1891
1881
1866
1859
1839
1830
1808
1785
1761
1726
1682
1651
1634
1645
1639
1679
1721
1764
1815
1859
1859
1852
1828
1792
1798
1807
1805
1819
1853
1905
1946
1994
2011
2019
1979
1899
1817
1733
1672
1581
1533
1484
1453
1445
1466
1463
1505
1570
1599
1610
1594
1565
1541
1515
1490
1472
1488
1501
1516
1566
1627
1672
1686
1679
1644
1598
1566
1567
1568
1613
1698
1831
1924
1991
2035
2080
2080
2042
1989
1951
1952
1950
1944
1924
1920
1900
1880
1823
1786
1769
1760
1741
1741
1732
1715
1679
1656
1639
1651
1675
1680
1680
1698
1741
1818
1912
1983
2006
1991
1958
1896
1837
1809
1806
1817
1852
1877
1893
1908
1916
1912
1887
1853
1808
1742
1693
1664
1630
1634
1646
1672
1691
1727
1742
1761
1779
1781
1771
1757
1761
1803
1839
1872
1888
1942
2010
2095
2154
2192
2201
2206
2225
2230
2238
2232
2215
2159
2097
2061
2033
2030
2045
2086
2130
2174
2219
2238
2219
2205
2184
2159
2148
2131
2134
2160
2184
2185
2175
2150
2110
2066
2019
1986
1929
1867
1809
1766
1753
1761
1786
1824
1886
1941
1965
1960
1952
1952
1974
2021
2091
2131
2149
2179
2188
2175
2165
2125
2052
1983
1933
1885
1829
1777
1704
1645
1577
1499
1427
1370
1321
1297
1318
1409
1561
1659
1737
1790
1812
1829
1838
1850
1881
1919
1952
1980
1991
2049
2130
2179
2200
2201
2177
2182
2182
2180
2181
2181
2158
2158
2130
2106
2078
2090
2072
2038
2008
1986
1955
1920
1899
1918
1926
1903
1883
1885
1903
1912
1924
1919
1885
1837
1779
1764
1795
1821
1851
1893
1958
1999
2056
2087
2128
2141
2138
2083
2027
1959
1881
1808
1750
1729
1721
1755
1835
1924
2039
2125
2188
2211
2213
2181
2106
2020
1906
1832
1766
1712
1658
1637
1624
1645
1669
1679
1714
1769
1831
1883
1914
1931
1940
1933
1934
1919
1914
1909
1904
1902
1897
1887
1874
1856
1831
1806
1792
1793
1773
1743
1729
1704
1711
1715
1721
1689
1667
1665
1646
1617
1583
1547
1506
1484
1519
1615
1731
1824
1877
1910
1899
1892
1886
1883
1889
1881
1864
1865
1823
1800
1784
1788
1775
1763
1720
1694
1655
1619
1576
1564
1555
1529
1512
1507
1551
1607
1710
1769
1835
1900
1961
2006
2054
2072
2061
2011
1954
1886
1858
1841
1861
1855
1855
1816
1792
1783
1807
1833
1863
1871
1843
1806
1795
1827
1875
1921
1974
2035
2097
2167
2197
2220
2205
2172
2075
1987
1888
1838
1796
1780
1754
1768
1783
1831
1924
1992
2050
2096
2128
2162
2152
2133
2092
2067
2077
2104
2142
2160
2194
2219
2239
2235
2238
2218
2180
2129
2089
2074
2055
2014
1946
1902
1897
1889
1893
1909
1942
1962
1972
1960
1965
1994
2038
2077
2121
2164
2208
2263
2325
2392
2447
2499
2578
2618
2659
2694
2714
2710
2710
2697
2664
2634
2576
2519
2468
2434
2415
2411
2397
2390
2395
2402
2388
2407
2427
2428
2396
2384
2374
2366
2379
2386
2386
2374
2351
2339
2319
2287
2257
2235
2208
2187
2183
2184
2193
2222
2275
2315
2351
2389
2448
2468
2486
2486
2481
2431
2388
2339
2306
2266
2218
2175
2147
2117
2110
2125
2165
2207
2229
2247
2287
2335
2388
2450
2502
2524
2522
2516
2478
2423
2357
2289
2237
2215
2164
2150
2137
2152
2138
2164
2204
2252
2240
2206
2163
2093
2002
1897
1791
1753
1788
1834
1872
1915
1989
2061
2129
2145
2162
2158
2158
2176
2218
2244
2273
2277
2292
2296
2299
2310
2318
2308
2298
2289
2298
2546
2565
2603
2628
2624
2593
2550
2506
2521
2539
2550
2574
2594
2574
2550
2534
2505
2487
2475
2479
2496
2458
2421
2359
2317
2292
2278
2256
2262
2271
2310
2329
2329
2324
2315
2332
2343
2352
2346
2352
2355
2389
2422
2450
2442
2428
2396
2380
2340
2315
2271
2216
2167
2146
2125
2089
2074
2069
2066
2078
2116
2166
2200
2222
2268
2291
2330
2330
2341
2323
2331
2325
2335
2325
2318
2314
2314
2322
2311
2303
2310
2319
2330
2350
2374
2396
2415
2435
2454
2489
2514
2548
2544
2503
2438
2357
2318
2277
2227
2165
2123
2075
2066
2051
2067
2094
2113
2122
2106
2085
2111
2155
2191
2208
2171
2115
2075
2059
2025
2018
1986
1986
1989
2032
2097
2184
2251
2310
2369
2403
2424
2439
2411
2344
2299
2255
2225
2211
2230
2238
2224
2147
2137
2102
2091
2085
2083
2057
2061
2073
2087
2083
2068
2022
1981
1950
1932
1923
1900
1891
1888
1909
1937
1985
2046
2139
2178
2236
2304
2376
2448
2491
2508
2480
2437
2377
2322
2280
2246
2214
2204
2235
2249
2272
2303
2327
2352
2374
2383
2357
2341
2318
2318
2327
2317
2304
2306
2323
2308
2329
2356
2413
2470
2537
2577
2607
2606
2564
2526
2467
2416
2350
2305
2255
2245
2217
2219
2226
2281
2337
2390
2434
2462
2498
2550
2606
2628
2648
2655
2666
2677
2680
2651
2610
2557
2519
2487
2477
2475
2493
2503
2521
2549
2567
2550
2504
2466
2430
2407
2399
2391
2380
2370
2401
2443
2463
2458
2476
2478
2466
2455
2479
2483
2486
2498
2488
2461
2434
2393
2378
2394
2434
2485
2519
2558
2578
2566
2539
2524
2493
2465
2423
2395
2360
2363
2359
2378
2375
2396
2429
2474
2508
2535
2565
2600
2653
2676
2719
2762
2775
2782
2784
2768
2746
2719
2705
2661
2608
2516
2432
2369
2330
2298
2289
2278
2279
2288
2328
2372
2403
2450
2471
2481
2497
2512
2495
2483
2462
2437
2442
2445
2461
2472
2492
2499
2508
2516
2522
2510
2510
2503
2517
2544
2561
2570
2566
2589
2584
2611
2611
2624
2631
2656
2669
2684
2684
2697
2684
2672
2659
2662
2673
2684
2675
2681
2705
2715
2720
2734
2737
2744
2758
2749
2762
2724
2695
2676
2639
2605
2579
2534
2518
2500
2480
2429
2389
2368
2348
2343
2346
2344
2343
2341
2349
2356
2390
2402
2405
2408
2398
2388
2392
2399
2413
2388
2350
2327
2328
2363
2406
2455
2490
2532
2556
2605
2617
2650
2644
2620
2569
2523
2452
2415
2382
2371
2367
2398
2399
2406
2406
2378
2350
2329
2320
2292
2259
2244
2272
2290
2295
2285
2308
2317
2333
2352
2380
2405
2439
2470
2490
2513
2520
2535
2552
2566
2580
2585
2593
2598
2604
2607
2612
2598
2583
2558
2537
2504
2473
2412
2349
2300
2265
2259
2275
2297
2327
2346
2310
2275
2222
2214
2196
2185
2163
2170
2188
2224
2223
2216
2191
2183
2156
2151
2114
2102
2101
2116
2162
2197
2225
2243
2263
2282
2299
2285
2257
2204
2177
2174
2182
2203
2231
2243
2263
2278
2290
2296
2303
2311
2295
2271
2236
2203
2169
2145
2136
2152
2184
2187
2213
2232
2260
2263
2289
2308
2324
2326
2305
2279
2262
2240
2224
2236
2226
2229
2207
2196
2186
2199
2176
2162
2124
2095
2054
2028
2032
2067
2075
2073
2060
2047
2030
2012
2005
1991
2000
1999
2014
2039
2043
2028
2043
2034
1981
1918
1858
1808
1756
1729
1706
1685
1665
1675
1674
1662
1665
1690
1739
1765
1791
1789
1779
1749
1735
1735
1767
1809
1833
1844
1878
1908
1935
1940
1946
1943
1932
1956
1967
2000
2048
2105
2130
2160
2187
2233
2244
2260
2271
2267
2233
2184
2099
2026
1959
1929
1929
1915
1906
1910
1967
2039
2102
2147
2181
2201
2217
2232
2234
2230
2212
2230
2240
2249
2241
2249
2222
2208
2153
2054
1947
1862
1809
1772
1767
1777
1808
1815
1811
1786
1767
1746
1667
1587
1529
1512
1533
1572
1625
1675
1743
1787
1835
1874
1889
1871
1823
1764
1732
1744
1751
1772
1793
1821
1850
1875
1877
1846
1812
1765
1734
1720
1715
1740
1773
1786
1782
1777
1757
1767
1763
1778
1771
1789
1783
1801
1817
1846
1865
1887
1923
1913
1889
1835
1807
1803
1812
1840
1903
1914
1923
1951
1981
1987
1980
1961
1912
1861
1834
1826
1830
1862
1896
1928
1963
1999
2006
2010
1997
2004
2031
2067
2130
2165
2194
2208
2195
2177
2147
2087
2018
1971
1932
1887
1855
1842
1848
1875
1884
1899
1906
1929
1920
1916
1875
1842
1778
1759
1805
1843
1858
1851
1861
1865
1886
1889
1905
1901
1903
1925
1963
1981
1959
1910
1878
1840
1813
1793
1806
1824
1874
1904
1916
1916
1930
1925
1916
1911
1933
1940
1933
1919
1904
1879
1813
1712
1610
1559
1539
1561
1618
1666
1752
1824
1897
1937
1949
1941
1934
1898
1836
1762
1695
1693
1690
1743
1806
1883
1927
1971
1995
2017
2032
2044
2027
2029
2025
2001
1990
1955
1936
1913
1931
1974
2007
2035
2064
2065
2062
2065
2062
2062
2069
2086
2138
2187
2240
2269
2299
2350
2374
2366
2336
2276
2210
2132
2060
2011
1993
1976
1977
1979
1973
1965
1963
1969
1973
1973
2002
2048
2093
2151
2206
2212
2173
2121
2057
2038
2033
2034
2011
1994
1962
1933
1879
1837
1809
1781
1752
1746
1767
1803
1843
1868
1923
1983
2053
2114
2155
2178
2195
2186
2140
2090
2045
2022
1985
1957
1933
1926
1919
1957
1996
2048
2112
2157
2204
2238
2257
2253
2253
2237
2229
2181
2101
2038
1986
1923
1899
1889
1895
1884
1862
1850
1832
1855
1921
1968
2027
2069
2084
2107
2116
2144
2150
2164
2165
2132
2060
2016
1998
1999
2023
2050
2083
2119
2180
2221
2262
2286
2288
2257
2208
2158
2101
2064
2039
2022
2002
2023
2022
2045
2039
2019
2003
1986
1955
1919
1904
1894
1913
1920
1935
1935
1961
1983
2005
1999
1989
1974
1951
1939
1983
2041
2136
2219
2308
2361
2365
2356
2338
2317
2302
2293
2268
2233
2223
2228
2223
2233
2245
2266
2295
2330
2342
2348
2340
2303
2272
2252
2259
2274
2279
2299
2300
2307
2313
2327
2323
2365
2391
2445
2474
2507
2507
2502
2472
2443
2380
2329
2293
2268
2230
2207
2203
2198
2217
2255
2333
2408
2491
2551
2583
2581
2573
2516
2475
2447
2443
2431
2430
2417
2430
2456
2463
2442
2417
2402
2377
2386
2385
2367
2331
2302
2284
2267
2256
2248
2260
2286
2312
2329
2335
2337
2335
2332
2319
2313
2303
2292
2281
2308
2372
2429
2478
2514
2547
2568
2571
2583
2570
2558
2542
2518
2489
2475
2467
2483
2522
2565
2589
2591
2608
2590
2590
2569
2563
2534
2533
2524
2521
2514
2528
2560
2595
2630
2648
2654
2619
2554
2499
2442
2371
2335
2284
2247
2204
2158
2126
2117
2156
2201
2265
2315
2352
2362
2389
2399
2395
2369
2362
2363
2351
2359
2350
2346
2318
2306
2272
2256
2225
2188
2131
2099
2073
2056
2027
2022
2004
1995
2008
2035
2050
2048
2057
2061
2091
2118
2134
2111
2088
2055
2047
2005
1972
1896
1816
1721
1596
1548
1526
1509
1506
1516
1531
1584
1664
1716
1782
1833
1860
1856
1852
1833
1835
1848
1868
1884
1916
1955
1999
2032
2107
2131
2145
2138
2124
2107
2093
2078
2092
2137
2175
2209
2221
2233
2222
2220
2224
2229
2226
2207
2169
2128
2059
2000
1957
1971
1982
2001
2026
2054
2074
2085
2125
2145
2188
2247
2307
2337
2368
2377
2356
2309
2250
2154
2042
1904
1783
1659
1524
1462
1420
1393
1371
1385
1394
1431
1500
1563
1625
1666
1717
1764
1805
1838
1887
1923
1951
1971
2004
2019
2013
1997
1935
1877
1819
1785
1757
1760
1752
1761
1756
1773
1751
1727
1687
1667
1627
1559
1470
1424
1381
1361
1381
1399
1487
1579
1670
1675
1656
1647
1650
1657
1667
1673
1718
1783
1877
1955
2010
2018
2028
2005
1989
1974
1944
1910
1869
1853
1837
1814
1791
1726
1644
1569
1500
1447
1423
1403
1359
1341
1343
1390
1468
1559
1656
1730
1820
1886
1940
1976
1997
1999
1953
1895
1820
1754
1689
1640
1599
1616
1654
1709
1749
1803
1828
1855
1837
1846
1845
1857
1854
1853
1876
1892
1915
1931
1947
1935
1923
1880
1821
1763
1742
1736
1735
1727
1729
1710
1723
1745
1783
1799
1846
1856
1855
1831
1808
1803
1784
1777
1780
1798
1830
1838
1839
1849
1839
1847
1831
1805
1770
1745
1754
1751
1765
1793
1846
1896
1997
2038
2048
2059
2067
2082
2084
2060
2005
1967
1906
1856
1827
1825
1811
1823
1835
1854
1861
1826
1777
1747
1735
1773
1837
1897
1971
2029
2087
2062
2018
1967
1892
1837
1781
1765
1743
1756
1777
1835
1929
1998
2015
1999
1981
1968
1955
1950
1919
1923
1912
1907
1915
1924
1965
2023
2073
2103
2143
2160
2140
2117
2083
2042
1995
1977
1955
1965
1995
2026
2037
2047
2042
2004
1960
1915
1889
1879
1904
1902
1902
1908
1928
1946
1963
1975
2015
2035
2056
2061
2098
2112
2150
2180
2238
2295
2334
2344
2358
2342
2332
2316
2305
2295
2269
2262
2231
2207
2170
2183
2199
2215
2225
2240
2234
2236
2229
2223
2225
2248
2268
2263
2243
2224
2211
2206
2187
2152
2131
2098
2075
2058
2044
2042
2048
2067
2086
2108
2134
2175
2214
2247
2284
2290
2306
2332
2335
2302
2255
2223
2190
2198
2243
2280
2337
2391
2450
2472
2467
2421
2366
2309
2270
2244
2245
2250
2291
2336
2393
2414
2444
2461
2453
2413
2370
2340
2342
2337
2334
2306
2270
2248
2248
2263
2254
2251
2235
2253
2244
2241
2207
2217
2199
2203
2224
2277
2338
2393
2435
2462
2437
2419
2376
2311
2251
2183
2119
2074
2062
2064
2066
2049
2044
2054
2068
2054
2031
1993
1949
1907
1898
1891
1918
1926
1950
1958
1957
1979
1975
1974
1945
1940
1962
2002
2040
2083
2127
2169
2197
2193
2173
2140
2098
2069
2040
2049
2069
2119
2167
2191
2198
2214
2232
2223
2181
2143
2077
2039
2006
1952
1910
1926
1954
1979
1996
2015
2014
2032
2043
2033
2003
1983
1936
1919
1893
1869
1852
1860
1873
1863
1796
1731
1691
1656
1667
1680
1709
1747
1802
1857
1931
1987
2074
2128
2180
2198
2205
2197
2154
2129
2101
2051
2014
1994
2001
2003
2001
2003
1995
2000
1982
1993
1977
1992
2007
2028
2054
2098
2116
2158
2205
2256
2309
2353
2387
2416
2418
2437
2443
2426
2402
2372
2325
2250
2171
2104
2043
1987
1932
1875
1798
1722
1682
1658
1671
1715
1763
1793
1825
1855
1887
1930
2005
2069
2131
2185
2227
2244
2231
2182
2138
2102
2096
2114
2157
2178
2222
2295
2382
2406
2394
2348
2306
2221
2145
2073
1977
1889
1802
1723
1693
1699
1693
1696
1697
1711
1712
1734
1767
1839
1906
1982
2054
2109
2145
2162
2172
2167
2131
2088
2003
1948
1906
1872
1848
1859
1904
1953
2019
2047
2080
2081
2100
2092
2113
2095
2104
2090
2119
2146
2181
2192
2235
2237
2193
2167
2149
2140
2113
2089
2059
2033
1979
1956
1938
1941
1953
1930
1919
1891
1869
1871
1876
1887
1900
1937
1955
1968
1984
1997
2001
2017
2022
2024
2023
2031
2019
2018
1984
1945
1903
1869
1839
1788
1731
1680
1663
1657
1656
1689
1740
1788
1814
1843
1871
1889
1902
1895
1863
1873
1883
1880
1857
1826
1812
1809
1821
1815
1818
1784
1747
1727
1739
1774
1803
1848
1875
1865
1862
1864
1849
1803
1762
1719
1691
1677
1672
1688
1733
1783
1846
1885
1953
1989
2008
1993
1971
1955
1948
1931
1910
1895
1856
1829
1791
1735
1672
1632
1604
1588
1553
1513
1463
1429
1371
1339
1325
1319
1344
1384
1431
1485
1533
1590
1641
1650
1651
1647
1646
1607
1590
1575
1589
1614
1658
1708
1788
1859
1929
1964
2031
2052
2073
2087
2109
2126
2147
2149
2143
2134
2131
2131
2139
2161
2162
2159
2147
2132
2135
2142
2151
2169
2176
2180
2163
2132
2091
2005
1874
1739
1594
1471
1404
1390
1395
1442
1491
1542
1607
1681
1792
1865
1900
1928
1931
1910
1892
1870
1865
1916
1995
2070
2101
2106
2078
2046
2016
2009
1995
1985
2006
2029
2074
2120
2142
2156
2163
2151
2136
2131
2135
2132
2118
2086
2055
2034
2020
2001
1986
1973
1979
1970
1959
1972
2010
2048
2108
2167
2252
2260
2202
2123
2042
1963
1901
1886
1851
1816
1755
1716
1666
1631
1596
1595
1586
1575
1578
1651
1731
1826
1879
1918
1948
1955
1939
1913
1883
1844
1794
1762
1725
1739
1757
1786
1827
1873
1920
1943
1961
1941
1938
1923
1897
1842
1827
1823
1835
1864
1903
1926
1959
1947
1921
1879
1825
1809
1789
1750
1705
1699
1699
1716
1749
1755
1759
1773
1760
1729
1714
1731
1784
1818
1834
1861
1889
1889
1858
1811
1748
1697
1635
1583
1553
1533
1549
1599
1708
1785
1826
1855
1854
1852
1837
1790
1723
1629
1523
1461
1425
1431
1465
1549
1686
1803
1917
1982
2040
2077
2079
2028
1928
1867
1829
1789
1751
1721
1711
1699
1736
1781
1843
1885
1947
1983
2017
2018
2000
1954
1913
1881
1904
1934
1941
1914
1878
1847
1852
1877
1928
1957
1972
1986
2000
2033
2082
2163
2235
2308
2358
2373
2364
2328
2292
2270
2215
2188
2148
2131
2133
2115
2074
2039
2029
2030
1991
1938
1834
1759
1711
1715
1768
1835
1903
1976
2032
2047
2085
2102
2088
2052
1998
1948
1918
1899
1900
1907
1958
1988
2031
2058
2102
2137
2170
2225
2268
2270
2237
2203
2151
2153
2179
2223
2261
2310
2308
2288
2251
2225
2157
2117
2060
2020
1967
1926
1891
1905
1929
1948
1935
1919
1897
1866
1864
1890
1932
1962
2022
2046
2067
2063
2047
1985
1936
1894
1865
1834
1828
1821
1805
1777
1733
1679
1651
1611
1583
1586
1620
1683
1744
1809
1831
1843
1865
1889
1903
1878
1838
1772
1735
1703
1671
1643
1651
1652
1651
1658
1655
1689
1745
1831
1937
2003
2057
2099
2112
2097
2087
2065
2031
2006
1993
2009
2016
2008
2003
1999
2015
2026
2013
2000
1984
1966
1963
1974
1995
2020
2016
2000
1990
1983
1988
2002
2040
2056
2053
2056
2071
2070
2096
2122
2171
2204
2214
2169
2141
2113
2087
2044
2048
2052
2072
2056
2037
1991
1991
2008
2014
2022
2022
2034
2050
2087
2139
2190
2266
2300
2314
2330
2338
2375
2397
2403
2395
2386
2335
2321
2285
2252
2220
2230
2236
2252
2257
2271
2295
2342
2373
2396
2407
2402
2412
2442
2479
2510
2522
2542
2554
2549
2552
2534
2522
2478
2455
2416
2357
2281
2247
2204
2189
2188
2222
2261
2335
2377
2393
2405
2430
2453
2460
2478
2497
2505
2507
2505
2486
2463
2418
2380
2329
2307
2298
2298
2297
2313
2325
2329
2317
2300
2298
2304
2292
2298
2280
2252
2228
2224
2220
2215
2188
2131
2078
2049
2069
2097
2105
2126
2159
2228
2258
2277
2302
2313
2329
2365
2392
2422
2431
2443
2429
2407
2364
2338
2316
2316
2322
2364
2384
2385
2413
2426
2453
2466
2484
2503
2497
2457
2406
2375
2364
2319
2298
2288
2297
2307
2308
2315
2343
2376
2406
2390
2367
2321
2288
2252
2229
2216
2217
2225
2233
2245
2239
2236
2220
2213
2205
2203
2165
2144
2106
2110
2127
2156
2170
2172
2150
2153
2147
2149
2163
2173
2179
2185
2179
2156
2114
2047
2018
2005
2008
1988
1995
2010
2051
2083
2156
2188
2228
2247
2311
2345
2362
2332
2301
2253
2202
2153
2054
1996
1946
1918
1893
1918
1970
2020
2056
2079
2076
2085
2109
2162
2173
2169
2153
2147
2156
2167
2154
2139
2115
2130
2181
2226
2254
2284
2300
2320
2322
2291
2221
2143
2077
2011
1948
1868
1805
1741
1651
1562
1475
1418
1400
1413
1460
1516
1568
1614
1659
1725
1829
1925
2026
2120
2209
2236
2247
2250
2241
2232
2226
2225
2198
2183
2167
2167
2183
2192
2203
2207
2214
2217
2223
2189
2154
2096
2032
1936
1864
1826
1811
1800
1826
1838
1840
1864
1945
2003
2055
2105
2145
2159
2163
2171
2169
2177
2179
2194
2175
2159
2130
2121
2088
2092
2061
2051
2023
2006
1983
1956
1896
1867
1832
1814
1784
1766
1765
1743
1690
1641
1607
1603
1635
1700
1754
1779
1827
1849
1880
1914
1962
1978
2016
2044
2079
2087
2087
2068
2045
1982
1961
1952
1952
1947
1955
1947
1931
1918
1916
1926
1929
1933
1894
1856
1816
1776
1721
1675
1629
1639
1665
1690
1705
1717
1715
1731
1762
1770
1796
1802
1800
1809
1833
1863
1889
1891
1874
1859
1837
1807
1787
1776
1790
1808
1844
1905
1947
1985
2006
2028
2043
2053
2060
2067
2049
2023
1983
1928
1856
1819
1778
1759
1765
1789
1840
1883
1885
1860
1830
1805
1817
1838
1871
1904
1922
1901
1871
1863
1863
1822
1765
1699
1637
1581
1553
1575
1640
1737
1817
1877
1892
1906
1891
1875
1862
1862
1851
1853
1897
1922
1935
1969
1978
1985
1966
1958
1935
1901
1880
1868
1874
1889
1915
1921
1928
1912
1934
1928
1940
1909
1868
1868
1928
1939
1961
1975
1995
2010
2028
2021
1999
1985
1981
1978
1982
2000
2022
2049
2011
1978
1939
1922
1879
1852
1834
1845
1876
1933
1978
2043
2100
2160
2208
2250
2285
2284
2287
2294
2303
2313
2284
2249
2199
2140
2091
2042
2002
1951
1932
1836
1806
1815
1842
1883
1913
1943
1982
2038
2118
2167
2190
2208
2205
2171
2143
2116
2102
2104
2086
2055
2063
2092
2122
2138
2155
2174
2192
2203
2214
2212
2206
2201
2174
2154
2129
2146
2188
2244
2293
2350
2395
2422
2435
2439
2426
2412
2391
2369
2364
2342
2321
2299
2274
2265
2275
2299
2347
2369
2387
2410
2443
2472
2493
2500
2518
2513
2512
2472
2440
2391
2351
2301
2255
2201
2141
2072
2013
1983
1978
1988
2031
2064
2101
2151
2192
2235
2256
2278
2268
2246
2203
2172
2147
2159
2167
2178
2173
2133
2076
2012
1955
1912
1900
1908
1939
1983
2049
2109
2181
2239
2303
2349
2362
2319
2243
2151
2076
1993
1938
1879
1835
1825
1837
1867
1895
1935
1972
2000
2036
2064
2079
2104
2120
2128
2125
2112
2094
2093
2095
2121
2144
2161
2165
2155
2164
2166
2171
2181
2194
2158
2101
2034
1955
1909
1875
1856
1827
1807
1798
1782
1757
1740
1718
1719
1702
1669
1615
1592
1590
1612
1634
1672
1701
1776
1841
1903
2000
2078
2126
2162
2177
2172
2139
2079
1972
1898
1842
1811
1819
1823
1826
1832
1839
1822
1827
1839
1887
1945
2019
2066
2132
2188
2250
2299
2356
2376
2386
2366
2329
2295
2269
2258
2255
2264
2280
2286
2294
2326
2316
2300
2250
2212
2183
2162
2137
2148
2155
2140
2121
2119
2129
2169
2259
2297
2328
2353
2371
2389
2396
2366
2313
2288
2269
2253
2244
2260
2264
2257
2257
2261
2244
2219
2182
2138
2111
2094
2080
2076
2068
2068
2083
2124
2195
2245
2276
2268
2234
2193
2170
2148
2115
2042
1985
1956
1954
1941
1943
1937
1928
1913
1916
1925
1938
1957
2001
2044
2083
2092
2115
2147
2172
2202
2198
2187
2164
2156
2145
2167
2164
2206
2217
2229
2239
2255
2255
2263
2253
2253
2254
2270
2288
2307
2278
2227
2197
2157
2094
2049
2028
2042
2089
2147
2212
2294
2374
2419
2438
2420
2386
2334
2301
2256
2208
2151
2142
2139
2171
2218
2258
2289
2312
2350
2395
2429
2452
2467
2458
2442
2423
2411
2387
2346
2294
2257
2236
2226
2180
2141
2087
2046
2018
2003
1979
1969
1968
1990
2044
2124
2225
2300
2312
2306
2286
2249
2184
2136
2093
2066
2032
2006
1973
1964
1956
2023
2148
2256
2352
2433
2506
2549
2570
2579
2580
2592
2605
2606
2598
2571
2554
2526
2503
2469
2439
2406
2394
2387
2410
2428
2456
2464
2473
2506
2554
2589
2615
2635
2645
2646
2645
2631
2601
2600
2587
2565
2526
2505
2479
2454
2441
2444
2450
2452
2453
2472
2485
2504
2497
2499
2495
2501
2535
2550
2560
2588
2601
2615
2616
2614
2606
2592
2588
2608
2626
2643
2634
2641
2634
2624
2586
2558
2520
2469
2452
2431
2446
2481
2516
2540
2563
2575
2576
2575
2542
2504
2477
2447
2443
2450
2468
2488
2504
2505
2530
2529
2537
2498
2448
2368
2237
2173
2124
2079
2028
1982
1964
1979
2014
2064
2103
2171
2204
2244
2264
2302
2337
2363
2371
2366
2333
2302
2261
2229
2182
2159
2164
2173
2170
2197
2228
2272
2334
2384
2429
2451
2468
2456
2447
2430
2408
2386
2368
2363
2335
2272
2200
2130
2057
1989
1949
1895
1835
1757
1672
1606
1593
1629
1652
1663
1670
1689
1709
1753
1814
1848
1875
1905
1937
1940
1945
1942
1961
1977
2014
2056
2070
2087
2081
2030
1981
1951
1919
1927
1916
1915
1897
1918
1948
1981
2014
2074
2156
2224
2245
2242
2207
2177
2137
2102
2066
2041
2030
2038
2055
2085
2122
2137
2143
2126
2111
2104
2081
2062
2044
2006
1985
1969
1963
1938
1905
1864
1832
1825
1839
1899
1969
2027
2099
2145
2160
2167
2163
2129
2054
1996
1923
1889
1882
1890
1923
1925
1946
1979
2026
2082
2139
2190
2208
2220
2235
2237
2225
2208
2175
2134
2057
1982
1918
1860
1790
1732
1674
1661
1667
1662
1674
1745
1823
1862
1877
1916
1942
1981
2001
2010
1974
1943
1911
1881
1837
1786
1767
1762
1754
1731
1723
1717
1722
1758
1811
1865
1914
1938
1957
1978
2000
2004
2015
2015
2003
1971
1938
1883
1843
1811
1781
1759
1736
1727
1727
1733
1750
1756
1752
1775
1786
1815
1827
1872
1893
1903
1909
1949
1986
2035
2087
2174
2252
2327
2357
2368
2332
2273
2230
2177
2109
2057
2009
1984
1982
1988
1990
2007
2034
2067
2086
2117
2162
2191
2231
2267
2282
2283
2257
2228
2195
2133
2042
1963
1921
1896
1887
1894
1906
1907
1938
1984
2044
2079
2142
2173
2186
2150
2095
2021
1957
1897
1851
1819
1832
1874
1885
1902
1955
2037
2098
2134
2158
2159
2121
2106
2084
2081
2088
2119
2101
2080
2051
2042
2047
2081
2101
2117
2166
2196
2224
2252
2283
2287
2292
2279
2269
2210
2146
2078
2035
2009
1991
1931
1867
1842
1847
1867
1929
2018
2102
2168
2242
2295
2336
2366
2384
2384
2393
2404
2417
2404
2370
2326
2278
2231
2215
2212
2194
2139
2062
1981
1935
1901
1908
1935
1957
1973
1986
2016
2058
2118
2152
2175
2187
2216
2241
2263
2267
2268
2254
2246
2177
2125
2078
2061
2058
2058
2039
2029
2013
2005
2028
2041
2068
2115
2171
2214
2285
2312
2351
2375
2413
2414
2422
2417
2409
2392
2363
2338
2330
2323
2298
2266
2233
2197
2155
2126
2068
2022
2005
1978
1975
1978
1998
2017
2033
2025
2026
2010
1995
2007
2030
2077
2139
2201
2272
2339
2388
2428
2456
2474
2445
2376
2272
2172
2034
1959
1912
1887
1870
1858
1833
1839
1874
1927
1992
2046
2096
2143
2181
2227
2284
2331
2369
2364
2340
2301
2263
2210
2162
2091
2049
2017
1997
1973
1996
2036
2111
2164
2195
2222
2247
2270
2279
2283
2283
2292
2281
2269
2222
2188
2159
2149
2130
2107
2049
1985
1957
1928
1917
1948
1996
2030
2067
2095
2133
2190
2222
2225
2204
2180
2159
2169
2185
2197
2202
2215
2227
2199
2133
2071
2022
1989
1977
1982
2003
2025
2056
2100
2155
2231
2290
2325
2354
2353
2333
2301
2232
2164
2098
2017
1950
1883
1855
1834
1838
1848
1894
1909
1917
1895
1867
1851
1844
1827
1831
1839
1859
1883
1889
1894
1883
1865
1877
1867
1830
1787
1738
1710
1701
1721
1763
1835
1908
1964
2007
2050
2075
2067
2040
1987
1917
1869
1849
1877
1908
1934
1969
1980
2013
2045
2073
2114
2134
2167
2183
2197
2234
2250
2263
2258
2233
2204
2153
2132
2094
2050
2008
1969
1940
1906
1884
1871
1843
1829
1837
1849
1870
1877
1897
1860
1856
1831
1797
1740
1655
1551
1489
1462
1475
1501
1527
1575
1635
1693
1746
1774
1797
1839
1855
1885
1879
1861
1788
1701
1570
1486
1401
1352
1302
1295
1297
1322
1379
1434
1479
1489
1483
1451
1440
1420
1398
1407
1447
1505
1579
1624
1633
1623
1619
1607
1597
1559
1529
1500
1494
1463
1475
1509
1512
1525
1537
1549
1587
1623
1666
1703
1737
1755
1780
1786
1792
1798
1838
1844
1835
1809
1801
1811
1852
1897
1962
2006
2045
2049
2005
1949
1870
1810
1765
1762
1780
1819
1846
1859
1874
1909
1930
1930
1888
1859
1859
1906
1942
1994
2041
2054
2045
2005
1949
1905
1885
1855
1876
1897
1924
1926
1926
1916
1916
1885
1844
1767
1699
1649
1683
1717
1725
1722
1679
1628
1557
1490
1417
1304
1184
1085
1001
1007
1053
1129
1249
1361
1465
1575
1682
1715
1754
1775
1781
1751
1719
1720
1719
1737
1756
1796
1818
1810
1777
1743
1735
1773
1825
1871
1913
1951
1985
2014
2042
2041
1974
1884
1799
1755
1701
1653
1622
1632
1689
1781
1888
1972
2002
1984
1956
1956
1979
1990
1997
1994
1998
2013
2059
2102
2128
2137
2154
2169
2196
2250
2315
2394
2477
2546
2612
2630
2630
2600
2554
2538
2496
2458
2428
2395
2363
2359
2372
2369
2320
2250
2203
2138
2055
1992
1923
1861
1810
1772
1754
1771
1801
1829
1871
1902
1914
1914
1901
1899
1855
1795
1704
1653
1657
1727
1790
1859
1900
1935
1983
2027
2058
2087
2139
2200
2240
2286
2331
2341
2334
2323
2337
2335
2374
2395
2402
2361
2327
2288
2269
2215
2172
2131
2108
2060
2008
1983
2003
2039
2055
2046
2006
1957
1885
1855
1837
1846
1841
1852
1892
1954
2008
2064
2105
2120
2090
2068
2059
2028
1994
1973
1965
1953
1944
1945
1960
1984
2017
2054
2098
2136
2159
2173
2216
2225
2188
2119
2048
2001
2000
2005
2000
1982
1964
1959
1952
1915
1896
1866
1831
1775
1745
1715
1727
1727
1712
1701
1729
1728
1727
1715
1693
1651
1647
1647
1669
1675
1675
1696
1715
1721
1730
1727
1717
1727
1716
1720
1726
1777
1823
1878
2204
2186
2172
2161
2147
2129
2124
2134
2199
2290
2368
2439
2486
2519
2550
2577
2568
2537
2475
2426
2370
2314
2252
2205
2184
2166
2138
2106
2080
2058
2055
2051
2054
2038
2004
1967
1940
1954
1983
2040
2096
2113
2091
2076
2062
2068
2075
2072
2040
2000
1952
1944
1940
1935
1903
1855
1831
1814
1817
1795
1787
1776
1771
1781
1822
1887
1986
2049
2109
2154
2184
2195
2211
2220
2238
2228
2216
2195
2177
2138
2087
2058
2046
2048
2045
2060
2073
2054
2010
2009
2007
2036
2064
2105
2145
2186
2226
2255
2252
2245
2235
2240
2269
2308
2368
2416
2464
2491
2471
2416
2364
2308
2229
2171
2112
2068
2062
2077
2091
2110
2160
2220
2294
2382
2447
2472
2459
2402
2316
2224
2138
2077
2010
1951
1903
1867
1888
1913
1953
2001
2051
2050
2049
2048
2072
46.97021484
1.663696289
999
