5835
1949
1926
1981
1951
2005
1985
2011
1991
2026
2026
2044
2040
2056
2057
2076
2072
2051
2030
1988
2024
1989
2001
1952
1995
1989
2037
2005
2030
2012
2053
1998
2027
1990
2049
2026
2044
2011
2012
2021
2046
2012
2007
1986
1986
1980
1955
1928
1906
1930
1900
1917
1883
1930
1918
1945
1900
1924
1906
1960
1923
1939
1901
1948
1926
1940
1924
1948
1954
1953
1934
1936
1951
1970
1969
1948
1958
1943
1971
1936
1957
1926
1966
1928
1963
1909
1949
1920
1955
1887
1911
1887
1938
1909
1932
1886
1929
1908
1924
1906
1905
1909
1920
1909
1894
1903
1914
1937
1913
1934
1882
1947
1928
1971
1917
1978
1945
2019
1979
2039
1997
2059
1984
1997
1944
1968
1941
1953
1895
1918
1909
1943
1948
1944
1950
1972
1985
1987
1993
1981
2043
2047
2091
2069
2121
2109
2146
2079
2120
2067
2115
2036
2063
1988
2044
1984
2014
1946
1974
1927
1990
1933
1971
1955
2003
2002
2015
2005
2030
2049
2077
2090
2079
2094
2089
2102
2071
2083
2085
2119
2083
2108
2045
2102
2063
2093
2035
2083
2037
2089
2025
2056
2014
2069
2023
2040
2003
1993
1995
2011
2002
2004
2012
1996
2056
2018
2058
2032
2098
2087
2122
2111
2140
2126
2178
2143
2164
2143
2196
2184
2193
2182
2175
2190
2186
2163
2127
2134
2124
2154
2105
2107
2052
2079
2039
2050
1999
2027
2026
2066
2032
2050
2026
2039
2012
1994
1966
1971
1966
1957
1923
1912
1913
1901
1908
1862
1872
1875
1893
1858
1871
1810
1838
1819
1848
1804
1825
1811
1857
1823
1832
1803
1831
1818
1831
1857
1840
1862
1869
1916
1903
1938
1927
1934
1972
1933
1952
1895
1949
1907
1936
1902
1953
1925
1958
1921
1938
1892
1917
1892
1898
1878
1885
1908
1912
1888
1874
1857
1859
1883
1839
1831
1813
1862
1847
1883
1835
1881
1850
1882
1828
1865
1819
1899
1852
1868
1816
1869
1839
1865
1801
1846
1850
1877
1846
1837
1811
1839
1825
1813
1820
1781
1827
1811
1807
1745
1765
1725
1809
1779
1845
1798
1869
1819
1869
1820
1850
1798
1840
1770
1791
1738
1780
1759
1773
1770
1772
1798
1816
1812
1811
1830
1830
1880
1864
1902
1899
1945
1906
1930
1867
1924
1903
1960
1917
1944
1919
1982
1934
1957
1902
1965
1950
1983
1944
1984
1993
2018
2011
2002
1982
1980
1988
1939
1961
1903
1958
1945
1974
1931
1982
1955
1993
1941
1958
1917
1973
1929
1942
1910
1916
1907
1923
1909
1910
1911
1941
1959
1957
1967
1948
2005
1983
1989
1986
2025
2011
2041
1999
2022
1967
1987
1914
1919
1894
1892
1903
1936
1921
1934
1924
1934
1971
1963
1985
1990
2036
2033
2061
2044
2071
2045
2082
2051
2080
2058
2114
2086
2108
2064
2104
2095
2132
2109
2139
2124
2142
2144
2132
2108
2107
2115
2108
2102
2074
2090
2083
2082
2040
2028
2016
2026
1983
1995
1955
1998
1969
1976
1927
1939
1907
1947
1921
1911
1872
1917
1911
1914
1923
1906
1937
1942
1959
1931
1974
1959
2030
1988
1999
1941
1996
1944
1962
1930
1943
1923
1966
1928
1949
1924
1975
1978
1995
1997
2022
2047
2076
2076
2081
2099
2101
2110
2070
2082
2074
2121
2099
2133
2097
2143
2101
2150
2106
2154
2125
2174
2109
2131
2068
2105
2057
2079
2017
2028
2021
2044
2014
2031
2021
2074
2093
2110
2126
2101
2130
2115
2113
2074
2101
2070
2130
2078
2114
2066
2147
2104
2144
2081
2117
2073
2093
2010
2041
1993
2056
2035
2045
1999
2050
2054
2084
2064
2086
2092
2100
2103
2087
2096
2099
2118
2088
2111
2047
2111
2075
2119
2062
2121
2105
2165
2107
2135
2086
2144
2088
2103
2038
2068
2047
2075
2024
2040
2031
2069
2028
2010
2015
2027
2068
2067
2085
2083
2136
2117
2166
2107
2156
2123
2185
2121
2153
2099
2131
2077
2122
2054
2081
2031
2082
2028
2035
1990
2019
2023
2042
2014
2028
2026
2038
2076
2049
2073
2081
2100
2071
2099
2036
2076
2043
2083
2043
2086
2084
2145
2130
2165
2124
2175
2154
2175
2130
2162
2175
2188
2151
2152
2157
2178
2189
2174
2200
2162
2218
2207
2231
2191
2229
2191
2255
2197
2228
2186
2244
2211
2220
2195
2194
2207
2234
2228
2204
2203
2232
2243
2220
2235
2198
2236
2218
2229
2202
2250
2217
2256
2221
2236
2193
2238
2216
2249
2236
2230
2223
2236
2229
2226
2211
2159
2198
2159
2173
2135
2162
2133
2153
2142
2183
2163
2211
2180
2186
2148
2187
2178
2191
2182
2186
2193
2209
2217
2231
2243
2198
2237
2222
2226
2181
2198
2175
2209
2167
2182
2133
2173
2152
2176
2134
2127
2122
2137
2125
2103
2092
2114
2135
2123
2143
2110
2157
2152
2182
2155
2185
2166
2226
2199
2228
2192
2253
2249
2271
2265
2258
2224
2214
2186
2137
2123
2116
2115
2069
2083
2028
2073
2076
2127
2086
2134
2094
2167
2130
2157
2115
2158
2131
2169
2143
2131
2114
2132
2126
2111
2108
2069
2113
2081
2122
2079
2119
2098
2143
2108
2137
2072
2118
2066
2091
1999
2025
1983
2001
1978
1996
1984
2008
2018
2020
2035
1994
2042
2020
2070
2033
2069
2069
2156
2128
2177
2121
2194
2165
2235
2180
2190
2151
2175
2149
2129
2079
2084
2085
2066
2079
2000
2004
1980
2005
1935
1949
1931
1997
1971
2011
1955
2018
1987
2038
2038
2046
2014
2063
2076
2097
2081
2114
2133
2114
2129
2064
2080
2059
2074
2010
2050
1992
2037
2017
2078
2037
2083
2069
2130
2130
2132
2122
2144
2142
2147
2126
2117
2142
2115
2109
2083
2095
2081
2100
2082
2109
2061
2107
2069
2072
2002
2008
1946
1962
1923
1920
1891
1899
1899
1903
1907
1883
1883
1871
1908
1884
1904
1893
1923
1915
1956
1918
1953
1953
2005
1965
1984
1957
1989
1990
2008
1997
2015
2019
2024
2036
2017
2023
2026
2052
2012
2015
2003
2046
2031
2050
2009
2027
2010
2043
2034
2024
2010
1995
1992
1966
1949
1914
1904
1874
1917
1881
1918
1898
1965
1955
2019
2009
2037
2044
2069
2019
2023
2002
1983
2002
1977
1978
1964
2002
1999
2007
1980
2013
1990
2051
2016
2048
2007
2066
2074
2108
2083
2092
2079
2098
2062
2057
2033
2003
2032
2000
2033
1992
2028
2011
2035
2010
2063
2029
2091
2057
2099
2055
2096
2102
2136
2112
2124
2125
2154
2144
2141
2145
2095
2136
2111
2138
2089
2131
2084
2158
2116
2164
2136
2205
2175
2215
2185
2198
2204
2245
2227
2222
2190
2216
2203
2168
2188
2146
2192
2174
2199
2147
2187
2139
2228
2192
2228
2173
2242
2187
2230
2193
2196
2172
2198
2187
2188
2163
2141
2185
2166
2199
2165
2207
2191
2218
2173
2212
2147
2203
2150
2168
2114
2170
2137
2170
2152
2161
2139
2183
2189
2201
2195
2174
2198
2181
2209
2170
2201
2170
2215
2163
2184
2132
2182
2144
2170
2127
2155
2147
2173
2175
2169
2154
2169
2178
2163
2183
2141
2184
2185
2210
2166
2183
2167
2213
2179
2190
2147
2178
2156
2173
2153
2124
2117
2147
2160
2151
2135
2142
2166
2143
2157
2114
2149
2135
2158
2126
2164
2117
2142
2126
2111
2065
2081
2078
2102
2109
2086
2105
2131
2184
2159
2168
2161
2203
2176
2193
2147
2168
2151
2182
2154
2151
2120
2140
2135
2133
2112
2101
2114
2104
2118
2068
2080
2061
2106
2073
2111
2087
2121
2108
2151
2110
2134
2115
2130
2132
2122
2122
2129
2152
2149
2130
2087
2114
2075
2116
2077
2102
2048
2102
2066
2090
2065
2086
2073
2124
2079
2110
2111
2130
2159
2147
2153
2133
2166
2148
2174
2111
2135
2094
2170
2119
2172
2117
2187
2173
2214
2168
2184
2160
2205
2162
2164
2163
2146
2186
2164
2170
2129
2164
2114
2174
2098
2127
2072
2142
2069
2091
2043
2071
2058
2087
2023
2042
2019
2036
2014
1959
1959
1926
1965
1933
1948
1925
1973
1947
2002
1931
1949
1903
1966
1918
1948
1927
1932
1924
1949
1946
1950
1929
1904
1934
1902
1914
1893
1946
1923
1962
1942
1980
1942
2005
1971
1999
1955
1996
1976
1980
1956
1932
1922
1935
1923
1903
1910
1861
1899
1861
1870
1812
1819
1815
1848
1808
1819
1801
1844
1827
1843
1814
1810
1847
1855
1867
1825
1851
1853
1877
1863
1899
1866
1912
1878
1891
1862
1889
1863
1871
1855
1821
1815
1827
1830
1798
1800
1745
1772
1743
1761
1712
1753
1734
1797
1781
1820
1787
1827
1819
1838
1810
1837
1848
1867
1905
1883
1909
1900
1925
1882
1924
1859
1912
1881
1931
1864
1907
1882
1932
1924
1960
1947
1979
1998
2031
2043
1998
2010
1987
2020
1949
1959
1901
1965
1942
1995
1925
1973
1943
2012
1959
1986
1963
1979
1988
1985
1950
1954
1966
1951
1998
1933
1963
1933
2006
1946
1967
1915
1952
1928
1984
1934
1965
1950
2000
1955
1918
1897
1869
1892
1891
1894
1883
1932
1929
1997
1958
1996
1963
2019
1970
1999
1952
1976
1980
2033
1998
2014
1998
1988
2026
1982
1975
1940
1968
1937
1947
1935
1967
1926
1955
1926
1952
1936
1995
2008
2031
2039
2029
2059
2076
2084
2046
2053
1986
2012
1974
1994
1953
1982
1973
2005
2022
2032
2021
2030
2051
2051
2025
1986
2015
2000
2023
1975
2006
2001
2052
2034
2053
2001
2010
1986
1975
1919
1917
1886
1882
1902
1877
1900
1881
1923
1871
1891
1833
1868
1843
1884
1815
1847
1817
1860
1877
1897
1876
1893
1902
1904
1886
1873
1907
1868
1896
1851
1882
1839
1920
1873
1904
1831
1863
1821
1872
1805
1839
1812
1838
1886
1890
1892
1885
1903
1892
1921
1857
1888
1837
1909
1855
1906
1855
1919
1908
1937
1886
1898
1867
1896
1849
1851
1863
1848
1906
1928
1963
1967
2008
2018
2091
2055
2084
2046
2100
2058
2064
2023
2009
2008
2014
2008
1995
1980
1983
1968
1932
1950
1911
1961
1945
1963
1917
1941
1947
1991
1977
1989
1991
2031
2051
2045
2046
2004
2018
2008
2042
2006
2026
1999
2048
2037
2065
2045
2099
2102
2112
2107
2089
2093
2095
2115
2083
2108
2097
2116
2070
2112
2080
2132
2112
2168
2109
2146
2129
2153
2145
2136
2113
2117
2112
2098
2133
2082
2104
2063
2106
2038
2048
2006
2047
2007
2034
1984
2009
1965
2009
1983
1992
2015
2052
2103
2118
2134
2124
2158
2124
2179
2129
2151
2087
2145
2080
2058
2130
2105
2146
2086
2097
2036
2059
2014
2013
1972
2003
1995
1991
1980
2009
2025
2019
2053
2007
2038
2021
2072
2021
2054
2003
2038
2021
2033
1989
1993
1990
1993
2010
1987
1985
1988
2019
2004
2029
2027
2039
2002
2009
1973
1977
1944
1973
1952
1955
1960
1964
1984
1967
1984
1970
1982
1960
2002
1958
1964
1928
1980
1945
1964
1934
1935
1937
1945
1939
1936
1942
1929
1976
1934
1960
1907
1959
1923
1956
1924
1923
1890
1938
1879
1876
1831
1894
1874
1873
1885
1856
1895
1893
1905
1844
1858
1792
1853
1793
1815
1760
1830
1790
1821
1796
1813
1796
1837
1835
1859
1841
1827
1881
1875
1912
1874
1925
1909
1951
1905
1938
1871
1916
1864
1895
1843
1891
1875
1887
1856
1835
1833
1839
1859
1844
1853
1810
1857
1847
1877
1858
1907
1914
1958
1966
1986
1984
2007
2037
2044
2027
2002
2015
1976
2004
1941
1949
1913
1972
1945
1959
1935
1983
2010
2039
2040
2040
2061
2058
2099
2068
2087
2062
2110
2064
2111
2064
2078
2063
2104
2049
2065
2045
2058
2086
2062
2087
2074
2124
2107
2117
2086
2140
2110
2183
2129
2164
2109
2179
2159
2190
2170
2185
2209
2243
2234
2229
2238
2204
2248
2201
2235
2184
2244
2208
2276
2236
2290
2258
2325
2288
2327
2272
2282
2296
2291
2287
2259
2282
2276
2297
2279
2328
2281
2338
2290
2306
2250
2294
2263
2290
2279
2266
2256
2277
2276
2276
2293
2267
2327
2322
2359
2320
2349
2347
2390
2368
2366
2326
2357
2366
2371
2344
2330
2335
2342
2351
2296
2284
2267
2313
2285
2279
2218
2241
2238
2246
2221
2251
2264
2266
2297
2278
2310
2296
2358
2328
2379
2343
2375
2352
2385
2355
2369
2335
2345
2373
2349
2357
2333
2358
2336
2356
2312
2366
2322
2386
2349
2385
2340
2394
2369
2394
2374
2375
2363
2386
2396
2373
2374
2312
2383
2332
2365
2295
2344
2309
2359
2304
2336
2276
2304
2274
2283
2235
2226
2236
2255
2275
2244
2266
2258
2300
2264
2286
2227
2273
2243
2274
2211
2247
2208
2239
2236
2237
2212
2241
2279
2277
2280
2218
2245
2231
2262
2219
2230
2211
2229
2218
2218
2183
2204
2217
2222
2208
2197
2202
2208
2236
2206
2243
2218
2274
2244
2244
2174
2177
2158
2174
2134
2139
2154
2158
2196
2170
2206
2177
2208
2174
2197
2150
2184
2154
2188
2115
2142
2108
2140
2142
2125
2083
2080
2098
2103
2106
2057
2063
2012
2066
2004
2040
1966
2025
1987
2054
2002
2043
2021
2083
2032
2057
2046
2038
2070
2055
2070
2041
2085
2084
2137
2078
2114
2069
2149
2111
2140
2071
2079
2085
2110
2090
2080
2071
2067
2038
2019
2033
1978
2028
2011
2028
1971
1995
1973
2002
1957
1960
1952
2006
2017
2027
2047
2026
2074
2093
2125
2090
2118
2105
2146
2100
2115
2084
2104
2090
2080
2050
2034
2043
2020
2034
1999
2022
2011
2060
2037
2078
2046
2071
2062
2099
2068
2086
2063
2055
2073
2068
2083
2083
2114
2087
2143
2082
2116
2083
2154
2082
2117
2090
2127
2119
2139
2108
2121
2116
2125
2098
2064
2079
2057
2122
2092
2120
2063
2136
2109
2166
2098
2118
2081
2139
2109
2158
2139
2150
2189
2181
2184
2158
2191
2175
2203
2137
2166
2119
2186
2127
2163
2103
2123
2130
2141
2099
2082
2070
2070
2038
1996
2010
1970
2016
1982
1997
1941
1976
1943
1982
1964
2003
1997
2038
2037
2052
2053
2033
2059
2044
2049
2015
2031
2017
2074
2044
2069
2034
2060
2055
2074
2045
2045
2054
2040
2047
2004
2015
2005
2041
2013
2046
2007
2068
2069
2116
2058
2086
2081
2102
2109
2077
2079
2087
2107
2077
2111
2050
2098
2062
2117
2038
2086
2049
2086
2066
2083
2035
2080
2089
2119
2084
2073
2073
2066
2115
2054
2071
2040
2093
2058
2097
2044
2099
2071
2117
2037
2057
1996
1980
1972
1934
1917
1913
1953
1948
1991
1952
1993
1988
2054
2016
2050
2003
2026
2038
2046
2031
2038
2047
2065
2061
2056
2090
2072
2123
2080
2090
2050
2084
2031
2051
2025
2033
2023
2037
2034
2048
2068
2025
2070
2064
2085
2050
2094
2075
2116
2077
2079
2041
2085
2072
2092
2056
2045
2061
2055
2074
2046
2088
2097
2159
2131
2175
2108
2152
2113
2151
2080
2112
2074
2108
2101
2086
2075
2106
2121
2107
2124
2062
2103
2056
2109
2044
2089
2059
2158
2148
2184
2155
2209
2235
2262
2221
2215
2237
2237
2275
2220
2241
2208
2250
2219
2269
2202
2246
2211
2245
2181
2210
2179
2189
2189
2174
2163
2141
2160
2145
2173
2142
2167
2147
2198
2159
2160
2118
2143
2143
2168
2145
2130
2115
2118
2102
2081
2102
2062
2095
2077
2114
2065
2088
2065
2077
2052
2026
2013
2029
2051
2034
2029
1983
2029
2023
2057
2003
2045
2030
2074
2063
2067
2032
2069
2062
2045
2012
1971
1978
1975
2001
1952
1996
1988
2054
2043
2083
2041
2102
2089
2127
2074
2113
2100
2105
2111
2081
2069
2041
2070
2036
2061
1994
2038
2001
2054
1990
2028
1996
2048
2038
2044
2021
2047
2063
2097
2090
2075
2119
2101
2149
2115
2170
2144
2200
2165
2212
2144
2167
2129
2161
2103
2103
2056
2043
2039
2014
2025
2001
2029
2025
2051
2017
2055
2042
2088
2052
2071
2036
2042
2054
2062
2046
2011
2025
2033
2047
2022
2060
2031
2099
2081
2111
2067
2099
2063
2077
2063
2059
2056
2087
2093
2103
2131
2087
2142
2124
2161
2107
2166
2147
2216
2165
2186
2156
2219
2199
2222
2165
2152
2189
2180
2203
2152
2163
2158
2188
2143
2176
2112
2173
2139
2186
2112
2138
2098
2111
2097
2086
2056
2053
2055
2051
2073
2027
2067
2033
2076
2008
2032
1985
2028
2003
2025
1970
2001
1989
1999
1948
1953
1985
1998
2043
2042
2057
2039
2078
2078
2124
2086
2103
2088
2133
2081
2088
2072
2096
2109
2106
2099
2095
2121
2120
2151
2109
2120
2102
2135
2087
2093
2031
2030
2021
1995
1967
1964
1981
2006
1988
1969
1987
1946
1981
1938
1962
1913
1964
1944
1973
1939
1950
1947
2000
1989
1993
2005
1984
2028
2008
2034
2006
2067
2051
2074
2023
2066
2029
2095
2059
2066
2012
2023
2032
2025
2011
1988
1984
1970
1962
1929
1961
1901
1969
1926
1971
1910
1978
1948
1992
1955
1990
1970
2021
2014
2032
2050
2012
2032
2008
2032
1989
2023
2003
2048
2009
2049
1998
2064
2036
2065
1997
2023
2012
2025
2018
1991
1965
1966
1985
1941
1967
1922
1967
1958
2000
1942
1962
1943
1991
1981
1996
1987
2018
2024
2024
2027
1989
1987
1974
1995
1941
1951
1933
1978
1969
1986
1950
1966
1975
2013
1986
1976
1965
1963
1984
1944
1946
1915
1961
1947
1991
1952
1982
1966
2007
1972
1979
1959
1940
1955
1937
1940
1931
1972
1977
2009
1966
2016
1972
2057
2025
2072
2001
2045
2025
2041
1997
2004
1972
1993
1962
1948
1958
1906
1963
1929
1955
1915
1963
1910
1988
1934
1966
1897
1953
1921
1963
1939
1942
1942
1963
1957
1953
1946
1955
1966
1915
1957
1895
1960
1954
1995
1952
2006
1968
2026
1995
2006
1954
1977
1958
1945
1951
1916
1948
1962
2007
1981
2013
1971
2019
1993
2019
1993
2034
2033
2055
2047
2035
2027
2044
2048
2018
2004
1985
2005
1988
1996
1935
1951
1931
1969
1941
1983
1981
2002
2021
2025
2020
2009
2024
1999
2007
1939
1957
1907
1947
1899
1922
1881
1896
1879
1893
1858
1859
1871
1884
1898
1853
1857
1829
1863
1826
1860
1825
1847
1813
1858
1811
1834
1798
1861
1826
1828
1819
1811
1835
1862
1871
1846
1874
1839
1911
1841
1876
1817
1917
1862
1896
1839
1858
1834
1880
1832
1852
1823
1874
1871
1850
1869
1835
1893
1864
1899
1855
1931
1873
1930
1884
1920
1871
1905
1874
1902
1884
1842
1825
1827
1824
1773
1747
1694
1731
1689
1710
1652
1681
1667
1712
1701
1732
1725
1752
1763
1789
1773
1776
1784
1799
1824
1785
1805
1809
1862
1835
1866
1811
1839
1818
1822
1787
1783
1779
1775
1795
1775
1769
1773
1814
1793
1816
1802
1822
1797
1834
1771
1781
1730
1771
1755
1757
1754
1760
1798
1811
1818
1784
1817
1785
1845
1803
1828
1781
1840
1798
1843
1801
1827
1833
1881
1871
1888
1879
1882
1945
1913
1933
1892
1929
1911
1934
1892
1918
1872
1932
1876
1936
1908
1986
1968
1995
1991
2002
2025
2031
2021
1990
2002
1947
2004
1957
1999
1960
2029
2007
2084
2041
2088
2056
2118
2084
2099
2064
2067
2081
2079
2080
2054
2070
2064
2105
2100
2134
2087
2151
2125
2158
2102
2137
2076
1987
1964
1970
1971
2032
2059
2080
2087
2102
2090
2142
2110
2120
2068
2082
2061
2068
2045
2008
2003
1990
1988
1987
2014
1994
2075
2083
2136
2120
2176
2169
2217
2209
2210
2195
2225
2216
2222
2217
2215
2265
2232
2243
2196
2232
2197
2222
2176
2186
2138
2173
2148
2176
2139
2174
2184
2189
2190
2163
2194
2203
2232
2200
2231
2178
2237
2179
2210
2123
2137
2078
2105
2066
2061
2029
2051
2035
2046
2004
1972
1984
1959
1982
1929
1933
1903
1961
1923
1999
1943
1994
1981
2050
2003
2059
2052
2076
2087
2087
2075
2083
2112
2106
2125
2070
2096
2091
2155
2105
2144
2118
2163
2151
2187
2129
2146
2135
2179
2143
2147
2134
2136
2156
2134
2137
2101
2143
2134
2159
2100
2113
2074
2110
2046
2043
2010
2026
2035
2055
2036
2028
2030
2043
2058
2018
2026
1987
2038
2008
2032
1987
2014
2007
2036
2011
2027
2029
2065
2050
2038
2056
2030
2074
2073
2099
2084
2111
2099
2156
2119
2127
2081
2123
2093
2099
2067
2043
2042
2051
2052
2041
2052
2060
2110
2079
2117
2041
2073
2024
2043
1959
1973
1911
1939
1895
1902
1836
1868
1866
1878
1897
1872
1916
1925
1959
1919
1943
1909
1989
1944
1992
1931
1987
1955
2012
1978
1987
1971
1995
1994
1999
1993
2028
2038
2025
2055
2006
2042
2012
2065
2008
2086
2040
2103
2072
2107
2050
2085
2066
2051
2047
2014
1976
1957
1956
1946
1938
1887
1915
1896
1924
1881
1912
1894
1944
1943
1971
1950
1975
1971
1982
1962
1952
1939
1933
1973
1930
1947
1932
1991
1987
2048
1997
2001
1983
2013
1983
1973
1935
1929
1951
1944
1950
1942
1993
2004
2039
2035
2081
2081
2154
2136
2157
2140
2196
2185
2188
2186
2168
2183
2197
2192
2182
2194
2170
2244
2212
2250
2211
2277
2235
2281
2234
2250
2199
2250
2200
2204
2149
2135
2140
2128
2132
2108
2146
2149
2160
2118
2168
2127
2203
2148
2191
2146
2217
2175
2226
2196
2196
2155
2177
2137
2146
2134
2077
2086
2061
2081
2034
2063
2032
2082
2048
2089
2046
2117
2092
2142
2091
2117
2099
2110
2122
2091
2076
2058
2099
2041
2067
1999
2039
2007
2061
1989
2025
1998
2029
2019
2031
1999
2011
2017
2041
2050
2023
2028
2023
2079
2053
2082
2061
2110
2091
2118
2052
2058
2016
2060
2022
2033
2015
2023
2036
2035
2025
2027
2042
2021
2076
2022
2038
2019
2072
2036
2056
2034
2061
2059
2090
2089
2102
2104
2138
2157
2129
2136
2111
2152
2114
2116
2075
2087
2044
2053
1989
1972
1927
1958
1907
1914
1887
1869
1900
1924
1947
1954
1986
1973
2038
1994
2034
1989
2046
2001
2035
1986
1998
1965
2003
1978
2004
1981
2020
2024
2002
2007
1964
2012
2023
2074
2044
2094
2050
2126
2078
2138
2074
2134
2087
2130
2094
2107
2084
2117
2086
2116
2106
2119
2174
2164
2187
2163
2200
2187
2201
2153
2190
2127
2189
2130
2155
2116
2177
2130
2151
2128
2132
2135
2162
2158
2140
2146
2086
2131
2105
2125
2083
2122
2096
2152
2106
2119
2060
2092
2040
2052
1991
2001
2008
2019
2024
2024
2039
2065
2097
2089
2125
2082
2123
2117
2159
2119
2137
2117
2152
2136
2125
2095
2115
2116
2097
2074
2016
2015
1999
2035
1992
2015
2010
2069
2072
2090
2054
2079
2070
2091
2047
2060
2078
2087
2119
2103
2120
2113
2156
2127
2170
2127
2150
2150
2221
2170
2203
2164
2204
2200
2200
2167
2159
2139
2102
2089
2034
2053
2027
2076
2014
2063
2046
2119
2118
2188
2171
2217
2188
2243
2173
2188
2169
2154
2151
2119
2104
2094
2123
2097
2160
2119
2182
2139
2228
2192
2252
2228
2266
2247
2295
2248
2274
2238
2272
2266
2251
2256
2233
2257
2227
2235
2189
2211
2169
2217
2134
2174
2110
2178
2132
2174
2138
2156
2155
2206
2181
2193
2177
2174
2227
2203
2216
2183
2234
2214
2227
2196
2231
2184
2238
2179
2208
2147
2196
2177
2187
2176
2173
2206
2237
2232
2223
2232
2210
2263
2217
2211
2155
2190
2169
2216
2168
2170
2143
2181
2151
2144
2114
2117
2156
2162
2166
2141
2155
2162
2176
2160
2165
2126
2154
2123
2138
2097
2135
2131
2155
2144
2118
2108
2126
2144
2129
2141
2097
2147
2106
2152
2102
2131
2091
2144
2109
2105
2062
2084
2070
2087
2060
2079
2107
2107
2145
2119
2130
2108
2145
2094
2112
2037
2064
2036
2086
2020
2057
2014
2056
2049
2067
2045
2067
2087
2107
2124
2067
2107
2098
2146
2088
2116
2073
2123
2092
2139
2080
2145
2111
2147
2092
2125
2131
2153
2182
2179
2181
2187
2223
2193
2258
2187
2216
2172
2225
2158
2188
2125
2161
2134
2155
2119
2153
2135
2176
2173
2166
2175
2171
2215
2203
2217
2190
2217
2190
2248
2183
2200
2155
2213
2182
2209
2198
2201
2212
2231
2203
2193
2173
2135
2178
2143
2160
2129
2179
2155
2179
2146
2140
2114
2150
2113
2139
2125
2173
2164
2166
2168
2154
2186
2193
2203
2174
2208
2186
2245
2224
2236
2197
2246
2239
2235
2217
2175
2158
2160
2139
2111
2104
2074
2126
2104
2113
2065
2107
2082
2118
2075
2094
2073
2106
2098
2103
2103
2121
2142
2122
2145
2096
2128
2102
2150
2106
2158
2113
2152
2143
2198
2162
2208
2189
2222
2230
2228
2225
2220
2243
2224
2216
2171
2198
2155
2225
2171
2215
2163
2220
2180
2211
2150
2164
2125
2172
2105
2127
2113
2086
2106
2066
2054
2023
2060
2052
2104
2055
2102
2054
2136
2093
2140
2088
2144
2152
2200
2174
2179
2163
2195
2173
2168
2182
2152
2212
2183
2189
2123
2148
2076
2102
2011
2043
1985
2050
2016
2055
2047
2059
2059
2071
2059
2059
2078
2104
2126
2110
2139
2102
2167
2147
2166
2136
2167
2144
2170
2140
2159
2129
2151
2123
2110
2101
2065
2081
2087
2084
2040
2050
2045
2082
2047
2059
2010
2048
2035
2068
2065
2045
2033
2039
2051
2018
1982
1966
1975
1945
1970
1914
1950
1924
1968
1931
1990
1954
2001
2004
2029
2010
2037
2035
2029
2045
2004
2026
2034
2078
2047
2075
2050
2114
2091
2128
2068
2105
2086
2151
2144
2163
2138
2167
2179
2169
2152
2144
2178
2159
2179
2114
2132
2091
2164
2097
2165
2105
2153
2120
2176
2117
2162
2126
2151
2158
2153
2159
2164
2185
2183
2195
2187
2225
2183
2245
2179
2209
2156
2223
2207
2230
2173
2202
2191
2222
2195
2204
2188
2181
2213
2197
2219
2185
2215
2194
2222
2171
2192
2170
2219
2175
2202
2157
2190
2202
2220
2199
2215
2232
2250
2235
2207
2226
2205
2263
2220
2236
2193
2239
2215
2252
2205
2203
2171
2216
2225
2230
2234
2208
2232
2217
2211
2180
2197
2194
2220
2179
2191
2166
2211
2203
2238
2200
2216
2244
2266
2244
2219
2227
2238
2239
2198
2205
2137
2175
2160
2192
2140
2179
2147
2187
2147
2137
2072
2088
2047
2039
2041
2006
2023
2042
2078
2066
2101
2095
2139
2109
2155
2096
2157
2132
2186
2123
2151
2124
2160
2148
2157
2142
2141
2137
2108
2139
2083
2106
2082
2149
2078
2114
2070
2117
2079
2117
2045
2077
2050
2106
2091
2081
2064
2072
2114
2102
2085
2064
2087
2070
2111
2059
2102
2068
2130
2063
2104
2055
2098
2085
2101
2050
2065
2053
2039
2060
2023
2014
1991
2019
1980
1986
1962
1988
1958
2011
1985
2015
1993
2058
2044
2051
2042
2042
2034
2039
2021
2023
2040
2033
2060
2011
2030
1972
1996
1958
1993
1949
1952
1938
1974
1947
1949
1927
1917
1949
1921
1950
1932
1980
1976
2010
2001
2049
2018
2068
2040
2052
1999
2036
2023
2028
2019
1984
1986
2007
2036
2006
2009
1935
1984
1941
1982
1927
1994
1984
2057
2028
2047
2003
2040
2016
2029
2000
1970
1995
1961
1959
1901
1927
1901
1949
1920
1958
1888
1949
1920
1970
1916
1971
1961
2018
2008
2014
2014
2049
2047
2051
2052
1992
2038
1993
2040
1970
2003
1967
2022
1984
2014
1957
2015
1991
2026
1979
2009
2002
2002
1995
1955
1937
1929
1948
1907
1949
1898
1934
1919
1981
1955
2006
1985
2028
2026
2063
2055
2078
2083
2105
2096
2064
2062
2042
2072
2033
2048
2001
2039
2029
2083
2028
2032
2006
2049
2024
2003
1997
1966
1988
2000
2002
1969
1985
1975
2022
2003
2039
2019
2099
2074
2079
2057
2044
2055
2071
2077
2057
2070
2076
2096
2067
2094
2063
2127
2110
2140
2100
2160
2154
2198
2178
2155
2109
2099
2082
2051
2051
2000
2018
2005
2053
2019
2078
2064
2143
2122
2157
2126
2171
2161
2203
2185
2175
2164
2164
2167
2142
2129
2118
2145
2109
2154
2191
2126
2190
2164
2219
2170
2163
2149
2177
2163
2165
2145
2166
2189
2157
2182
2130
2180
2136
2165
2101
2138
2083
2153
2105
2128
2078
2146
2128
2148
2146
2141
2160
2185
2202
2177
2179
2172
2251
2224
2255
2217
2262
2254
2303
2274
2274
2230
2276
2273
2278
2260
2281
2269
2269
2278
2246
2248
2236
2264
2202
2242
2204
2251
2254
2283
2283
2324
2323
2332
2352
2338
2345
2334
2361
2338
2356
2310
2342
2324
2359
2322
2346
2329
2369
2341
2325
2280
2269
2269
2274
2261
2252
2283
2261
2308
2274
2306
2274
2334
2283
2314
2256
2273
2237
2291
2256
2279
2250
2260
2298
2290
2296
2268
2307
2314
2329
2295
2321
2272
2325
2247
2278
2213
2287
2263
2287
2241
2263
2246
2293
2256
2267
2277
2256
2303
2261
2276
2233
2299
2266
2328
2263
2297
2256
2323
2265
2294
2231
2276
2266
2270
2243
2240
2254
2279
2289
2280
2302
2248
2320
2297
2322
2265
2314
2271
2315
2257
2288
2257
2305
2287
2309
2297
2269
2289
2291
2303
2282
2272
2267
2311
2271
2295
2242
2288
2299
2332
2271
2289
2272
2299
2313
2311
2312
2328
2339
2326
2332
2295
2315
2290
2312
2266
2266
2226
2257
2234
2242
2210
2222
2230
2240
2240
2212
2219
2218
2248
2216
2224
2205
2247
2242
2253
2222
2245
2247
2293
2249
2262
2269
2271
2298
2288
2287
2254
2282
2230
2262
2184
2223
2175
2228
2160
2203
2170
2206
2190
2206
2193
2207
2191
2220
2235
2194
2214
2186
2233
2198
2218
2164
2208
2191
2246
2192
2240
2176
2221
2153
2172
2137
2127
2110
2110
2087
2065
2052
2018
2075
2030
2079
2030
2107
2083
2134
2100
2121
2088
2157
2119
2156
2115
2178
2182
2176
2158
2125
2127
2124
2118
2065
2100
2059
2112
2082
2105
2065
2113
2093
2110
2074
2069
2047
2083
2075
2064
2059
2055
2123
2114
2142
2117
2174
2162
2193
2180
2200
2184
2234
2244
2254
2232
2255
2258
2255
2245
2217
2209
2195
2216
2176
2179
2146
2191
2189
2214
2190
2227
2228
2248
2231
2235
2207
2206
2213
2184
2158
2101
2125
2096
2134
2092
2142
2109
2171
2121
2152
2088
2130
2123
2158
2105
2126
2125
2133
2156
2132
2143
2131
2168
2131
2174
2107
2162
2131
2191
2145
2172
2123
2163
2142
2138
2103
2128
2135
2151
2128
2112
2127
2121
2178
2120
2146
2107
2158
2147
2188
2123
2170
2152
2217
2155
2212
2195
2207
2218
2203
2192
2177
2200
2191
2228
2182
2209
2179
2220
2156
2176
2136
2153
2132
2141
2107
2121
2107
2129
2105
2107
2124
2082
2128
2102
2122
2073
2116
2103
2143
2114
2130
2107
2146
2155
2179
2189
2175
2199
2197
2208
2170
2148
2115
2130
2098
2111
2058
2096
2089
2118
2086
2084
2081
2107
2140
2139
2140
2143
2179
2144
2187
2150
2202
2188
2224
2171
2192
2163
2186
2163
2151
2117
2127
2123
2125
2118
2068
2088
2084
2139
2096
2122
2088
2151
2147
2189
2134
2179
2140
2168
2105
2092
2072
2082
2102
2106
2125
2121
2143
2120
2163
2112
2168
2126
2180
2104
2132
2096
2135
2100
2118
2067
2080
2056
2088
2088
2069
2085
2055
2092
2080
2101
2067
2101
2070
2132
2087
2124
2080
2155
2091
2105
2070
2075
2087
2104
2072
2078
2088
2093
2153
2108
2134
2107
2149
2126
2149
2116
2125
2090
2139
2105
2121
2093
2152
2150
2139
2146
2128
2157
2155
2155
2111
2126
2103
2126
2083
2096
2048
2085
2060
2067
2058
2032
2051
2070
2071
2040
2040
2010
2075
2052
2099
2066
2112
2086
2113
2084
2086
2058
2084
2047
2031
2014
2018
2018
2002
2029
1999
2046
2024
2079
2049
2113
2071
2120
2078
2116
2083
2136
2105
2123
2118
2084
2076
2093
2109
2108
2103
2056
2109
2072
2134
2076
2128
2088
2169
2141
2183
2128
2165
2159
2196
2156
2167
2147
2148
2162
2127
2141
2114
2159
2128
2174
2131
2178
2154
2219
2162
2187
2153
2176
2168
2161
2141
2153
2181
2192
2176
2151
2179
2160
2204
2167
2188
2166
2237
2207
2235
2179
2196
2180
2218
2167
2178
2167
2160
2184
2179
2192
2164
2188
2180
2210
2180
2197
2185
2240
2197
2212
2167
2168
2188
2184
2152
2133
2129
2125
2110
2051
2068
2023
2057
2017
2045
1994
2036
2026
2057
2031
2026
2011
2038
2017
2013
2019
1967
1986
1942
1939
1903
1929
1918
1980
1954
1984
1959
2014
1998
2025
1989
2027
2045
2041
2050
2017
2008
1997
1999
1928
1953
1870
1897
1833
1866
1793
1817
1747
1788
1751
1766
1727
1779
1794
1823
1833
1819
1877
1889
1935
1891
1927
1930
2008
1998
2084
2049
2109
2089
2148
2077
2091
2060
2060
2044
2034
2017
2017
2026
1985
2016
1965
1999
1964
2013
1961
1993
1961
2013
1999
2025
1977
2000
1967
2001
1996
1986
1970
1966
2017
2008
2050
2040
2065
2048
2098
2054
2073
2050
2114
2084
2106
2100
2088
2114
2119
2114
2094
2128
2108
2164
2126
2160
2130
2200
2183
2207
2192
2185
2193
2214
2195
2179
2172
2173
2182
2143
2165
2107
2156
2119
2140
2071
2127
2096
2151
2105
2122
2071
2114
2099
2128
2136
2101
2132
2136
2167
2137
2164
2121
2196
2159
2203
2138
2188
2141
2177
2140
2151
2119
2151
2131
2135
2121
2136
2155
2147
2182
2134
2153
2128
2185
2134
2213
2159
2208
2161
2198
2143
2176
2139
2128
2113
2079
2061
2059
2085
2075
2056
2018
2059
2021
2061
2009
2033
1999
2068
2051
2087
2062
2080
2076
2071
2024
2020
1998
1978
1999
1962
1974
1957
2020
1991
2051
2019
2048
2046
2091
2054
2071
2056
2065
2096
2078
2061
2027
2049
2041
2048
2039
2052
2056
2113
2100
2101
2039
2053
2023
2008
1985
1954
1965
1968
1986
1976
2006
1977
2051
2031
2075
2027
2057
2027
2045
2025
2001
1985
1990
1965
1937
1921
1905
1935
1890
1913
1871
1907
1883
1941
1899
1927
1888
1928
1883
1904
1865
1886
1876
1890
1928
1910
1920
1914
1965
1931
1973
1923
1979
1949
2003
1936
1984
1946
1983
1960
1970
1940
1946
1937
1937
1911
1914
1941
1940
1990
1948
2002
1968
2046
2010
2074
2020
2058
2035
2077
2018
2045
2019
2044
2073
2058
2066
2064
2104
2108
2123
2068
2097
2065
2116
2055
2075
2039
2051
2048
2053
2019
2027
2027
2045
2006
1992
2006
1987
2027
1981
2005
1978
2027
2013
2056
2027
2040
2012
2026
1989
1972
1952
1908
1904
1877
1869
1816
1809
1755
1748
1689
1692
1637
1682
1661
1691
1647
1665
1677
1703
1717
1735
1758
1794
1832
1813
1843
1781
1831
1794
1831
1758
1787
1726
1766
1717
1731
1676
1711
1688
1699
1688
1651
1676
1665
1680
1643
1664
1647
1704
1657
1707
1659
1723
1704
1774
1737
1781
1771
1814
1821
1832
1834
1851
1875
1859
1890
1837
1882
1848
1886
1824
1848
1794
1853
1806
1827
1761
1775
1743
1761
1733
1731
1723
1736
1759
1741
1756
1741
1753
5835
2077
2102
2112
2102
2087
2059
2032
2008
1985
1988
1992
1974
1987
1994
2030
2043
2059
2070
2089
2088
2083
2082
2070
2062
2048
2037
2039
2033
2021
1999
1989
1979
1944
1909
1893
1889
1878
1871
1876
1886
1894
1903
1912
1913
1909
1910
1915
1929
1924
1921
1916
1913
1923
1928
1930
1924
1931
1940
1946
1944
1936
1955
1957
1949
1941
1948
1946
1946
1953
1964
1962
1942
1934
1920
1914
1893
1879
1864
1878
1893
1911
1928
1933
1939
1952
1952
1945
1923
1912
1906
1871
1861
1852
1848
1844
1850
1860
1883
1906
1922
1933
1953
1967
1994
1997
2004
2016
2024
2023
2016
2015
1999
1995
1981
1973
1962
1982
2002
2013
2009
2010
2000
1999
1996
2004
2016
2038
2068
2100
2112
2118
2124
2122
2110
2105
2083
2067
2054
2046
2041
2026
2008
1989
1958
1945
1936
1920
1916
1928
1944
1956
1978
2005
2033
2062
2096
2096
2106
2112
2123
2127
2144
2132
2140
2139
2150
2139
2128
2105
2102
2083
2069
2052
2052
2050
2052
2044
2029
2026
2026
2028
2032
2043
2056
2050
2043
2041
2036
2047
2045
2052
2065
2083
2098
2120
2141
2144
2152
2157
2168
2193
2200
2221
2215
2207
2208
2215
2217
2218
2209
2193
2186
2184
2186
2172
2167
2158
2139
2104
2088
2067
2052
2058
2069
2056
2044
2026
2019
2011
2020
2018
1987
1971
1952
1923
1907
1899
1881
1870
1874
1880
1874
1868
1877
1868
1871
1868
1855
1840
1839
1839
1829
1840
1834
1841
1847
1869
1878
1888
1879
1889
1890
1886
1890
1901
1924
1940
1955
1971
1978
1990
1997
1986
1968
1960
1933
1925
1916
1909
1907
1912
1916
1911
1879
1866
1868
1874
1884
1882
1886
1885
1891
1897
1879
1847
1832
1826
1836
1843
1836
1852
1857
1853
1854
1855
1839
1843
1843
1836
1830
1836
1852
1872
1874
1868
1859
1844
1838
1822
1817
1807
1790
1779
1763
1755
1731
1727
1699
1687
1664
1654
1649
1646
1642
1653
1669
1696
1725
1746
1767
1774
1782
1778
1765
1751
1748
1740
1738
1735
1747
1750
1755
1749
1752
1770
1792
1815
1857
1897
1911
1928
1948
1963
1967
1957
1969
1967
1955
1943
1936
1927
1925
1926
1933
1940
1955
1967
1984
1997
2012
2036
2034
2021
2014
2009
2012
2005
1992
1987
1975
1964
1947
1956
1952
1968
1992
2013
1998
1988
1982
1978
1962
1947
1957
1945
1931
1930
1920
1915
1915
1923
1938
1962
1981
2000
2003
2001
2004
2001
2000
2009
2035
2051
2059
2050
2044
2014
2004
1992
1975
1964
1950
1927
1934
1949
1975
1993
1998
2026
2050
2074
2080
2085
2089
2093
2109
2122
2127
2131
2133
2139
2133
2122
2115
2125
2138
2145
2158
2173
2180
2181
2182
2196
2193
2201
2196
2187
2178
2161
2139
2121
2105
2083
2062
2026
2003
1975
1952
1951
1952
1945
1930
1928
1929
1930
1936
1939
1942
1935
1942
1951
1964
1982
1998
2002
1997
1987
1993
2003
2010
2017
2025
2038
2043
2054
2046
2024
2019
2007
1987
1967
1952
1965
1979
2003
2023
2023
2030
2050
2078
2101
2119
2134
2135
2146
2141
2133
2118
2110
2109
2115
2124
2141
2152
2157
2150
2149
2153
2148
2160
2165
2155
2137
2128
2118
2095
2061
2027
2020
2025
2027
2019
2048
2062
2091
2115
2141
2178
2186
2176
2171
2164
2150
2137
2128
2131
2130
2118
2119
2112
2117
2123
2126
2120
2129
2123
2102
2076
2055
2049
2037
2046
2041
2051
2063
2079
2093
2105
2110
2110
2114
2131
2127
2136
2142
2126
2098
2096
2077
2068
2066
2066
2084
2096
2101
2110
2111
2111
2114
2115
2092
2069
2068
2065
2071
2055
2046
2042
2035
2019
2039
2044
2056
2067
2090
2100
2122
2131
2159
2171
2186
2194
2216
2208
2199
2175
2161
2140
2130
2116
2097
2079
2064
2055
2033
2014
2008
2007
2010
2014
2021
2036
2051
2064
2091
2101
2107
2117
2115
2128
2137
2128
2129
2123
2116
2114
2112
2125
2140
2150
2176
2193
2198
2202
2217
2228
2220
2225
2205
2198
2192
2184
2186
2209
2208
2210
2218
2217
2242
2243
2253
2255
2262
2247
2245
2224
2223
2212
2200
2188
2179
2176
2174
2169
2183
2202
2219
2227
2222
2210
2214
2226
2233
2232
2233
2243
2244
2238
2234
2221
2208
2213
2211
2216
2226
2241
2245
2254
2259
2264
2260
2238
2222
2206
2198
2187
2180
2160
2160
2160
2173
2192
2200
2212
2211
2214
2217
2195
2176
2163
2168
2167
2160
2160
2166
2193
2205
2222
2238
2238
2239
2252
2251
2255
2241
2238
2229
2208
2190
2160
2131
2120
2124
2124
2132
2132
2120
2117
2127
2122
2118
2129
2127
2126
2138
2152
2166
2174
2183
2182
2188
2214
2234
2254
2239
2249
2228
2204
2198
2177
2156
2142
2124
2093
2084
2063
2044
2035
2032
2031
2057
2066
2068
2083
2097
2110
2120
2136
2142
2142
2145
2143
2146
2146
2148
2146
2134
2126
2131
2108
2086
2062
2062
2053
2056
2078
2102
2111
2112
2101
2081
2045
1999
1973
1942
1928
1929
1926
1924
1942
1963
1984
1996
2018
2016
2032
2024
2038
2062
2076
2085
2114
2122
2144
2158
2177
2195
2202
2219
2206
2196
2188
2162
2137
2111
2093
2060
2033
2012
1987
1972
1933
1907
1879
1872
1881
1901
1915
1941
1966
1974
1987
1987
1997
2013
2024
2025
2035
2043
2056
2064
2076
2083
2085
2083
2082
2059
2052
2035
2041
2041
2047
2053
2058
2087
2096
2114
2118
2150
2159
2160
2154
2163
2177
2158
2149
2139
2128
2129
2125
2108
2099
2109
2103
2098
2083
2070
2033
1998
1972
1943
1920
1909
1885
1885
1871
1868
1858
1857
1860
1865
1866
1871
1876
1903
1919
1937
1949
1940
1939
1951
1955
1966
1982
1985
1987
1998
2006
2011
2026
2033
2047
2055
2044
2041
2033
2009
1993
1971
1979
1987
2000
2008
2020
2022
2017
2012
1995
2006
1981
1972
1960
1938
1932
1936
1937
1928
1926
1919
1905
1912
1933
1949
1968
1987
2020
2054
2062
2056
2038
2026
2009
1997
1993
1991
1984
1973
1974
1979
1993
1991
1990
1981
1966
1970
1982
1995
2026
2041
2045
2055
2058
2051
2044
2050
2059
2035
2027
2019
2019
2015
2010
2022
2023
2018
2034
2054
2082
2100
2104
2131
2140
2150
2144
2152
2132
2125
2123
2124
2135
2135
2128
2124
2125
2128
2137
2145
2156
2168
2158
2160
2168
2178
2181
2187
2204
2213
2228
2232
2226
2224
2227
2233
2233
2228
2238
2230
2239
2226
2213
2208
2200
2188
2189
2178
2192
2188
2197
2213
2221
2206
2202
2204
2196
2185
2174
2175
2164
2164
2167
2175
2165
2166
2167
2167
2156
2163
2177
2196
2209
2205
2184
2188
2167
2176
2161
2169
2169
2180
2187
2201
2207
2219
2220
2215
2205
2209
2212
2217
2228
2229
2237
2221
2208
2188
2171
2154
2132
2117
2125
2126
2131
2132
2142
2147
2154
2168
2172
2177
2174
2179
2185
2208
2217
2226
2217
2222
2214
2200
2184
2170
2167
2162
2153
2140
2122
2117
2118
2119
2137
2139
2132
2126
2135
2146
2151
2155
2163
2170
2166
2168
2164
2153
2134
2110
2110
2094
2089
2090
2097
2104
2122
2163
2191
2211
2211
2203
2207
2200
2183
2164
2149
2145
2135
2128
2130
2140
2136
2133
2125
2128
2114
2120
2106
2107
2103
2101
2090
2093
2087
2102
2117
2135
2127
2140
2146
2150
2138
2141
2143
2147
2144
2141
2139
2142
2138
2135
2119
2106
2095
2087
2079
2066
2060
2063
2060
2071
2070
2075
2072
2068
2086
2111
2137
2142
2152
2157
2152
2155
2158
2170
2160
2156
2150
2158
2157
2157
2148
2156
2156
2163
2164
2167
2160
2172
2178
2175
2181
2186
2195
2208
2202
2194
2163
2133
2115
2107
2083
2044
2023
2015
1995
2009
2020
2011
1990
1953
1935
1916
1911
1916
1907
1911
1904
1917
1937
1934
1953
1958
1958
1945
1932
1908
1895
1897
1899
1915
1917
1926
1917
1928
1931
1920
1919
1921
1921
1916
1917
1938
1947
1948
1942
1950
1963
1985
1997
1999
2000
1993
1991
1984
1960
1935
1918
1920
1913
1902
1911
1883
1875
1846
1824
1786
1768
1758
1767
1777
1782
1774
1775
1806
1816
1822
1837
1837
1838
1841
1846
1852
1861
1860
1854
1850
1845
1847
1839
1836
1822
1827
1831
1832
1822
1814
1811
1802
1778
1756
1743
1739
1724
1717
1703
1705
1713
1714
1721
1741
1755
1767
1771
1800
1824
1825
1843
1843
1845
1840
1853
1889
1884
1886
1886
1907
1895
1888
1889
1899
1902
1918
1926
1945
1943
1950
1968
1985
2005
2013
2031
2050
2041
2022
2013
2000
1995
1973
1965
1951
1951
1958
1967
1981
1995
1976
1981
1976
1977
1973
1960
1964
1977
1968
1966
1971
1978
1983
1974
1961
1962
1966
1974
1985
1977
1968
1970
1974
1971
1963
1956
1947
1924
1908
1903
1883
1888
1890
1905
1910
1940
1945
1949
1958
1978
1974
1977
1984
1979
1973
1985
1998
1993
1975
1971
1973
1976
1988
1994
1995
1976
1962
1947
1939
1913
1904
1894
1912
1924
1933
1941
1966
1988
2025
2038
2060
2063
2060
2052
2033
2023
2000
1987
1969
1975
1977
1988
1990
2011
2021
2037
2048
2041
2025
2008
2000
1994
1993
1996
1999
2008
2017
2016
2026
2034
2022
1999
1965
1937
1911
1890
1862
1861
1851
1861
1887
1892
1880
1873
1855
1849
1827
1807
1803
1808
1812
1830
1842
1847
1855
1851
1865
1877
1883
1874
1881
1886
1877
1857
1846
1852
1870
1874
1874
1864
1848
1821
1799
1790
1772
1765
1769
1794
1815
1839
1865
1875
1859
1865
1865
1871
1866
1877
1882
1899
1907
1906
1903
1902
1879
1864
1857
1855
1840
1831
1839
1850
1874
1899
1933
1970
1996
2020
2049
2056
2060
2049
2031
2018
2001
1979
1978
1969
1966
1955
1942
1946
1931
1919
1900
1908
1908
1920
1923
1921
1919
1932
1957
1964
1978
2006
2022
2036
2039
2043
2042
2032
2033
2026
2018
2038
2042
2037
2038
2060
2076
2087
2100
2103
2096
2076
2071
2069
2057
2041
2022
2022
2033
2040
2058
2077
2087
2098
2098
2112
2119
2126
2120
2113
2109
2102
2082
2087
2088
2086
2079
2068
2043
2034
2040
2041
2029
2013
1998
1980
1981
1983
1975
1969
1977
1988
1993
2004
2039
2062
2100
2130
2145
2163
2163
2150
2133
2116
2086
2066
2043
2025
2017
2032
2050
2068
2086
2085
2073
2059
2035
2007
1981
1957
1987
2005
2022
2051
2071
2064
2040
2042
2037
2025
2008
2010
1994
1982
1987
1992
1976
1975
1972
1970
1974
1989
1998
2024
2045
2042
2042
2037
2016
1996
1993
1971
1937
1922
1948
1963
1967
1978
1988
1979
1970
1965
1991
1998
1991
1991
1983
1970
1956
1952
1941
1927
1929
1932
1926
1928
1946
1952
1966
1971
1969
1970
1962
1947
1945
1942
1928
1910
1895
1905
1910
1899
1905
1902
1890
1894
1882
1879
1870
1858
1850
1828
1833
1850
1847
1833
1822
1821
1817
1826
1799
1789
1790
1776
1784
1793
1792
1793
1813
1826
1843
1859
1883
1883
1902
1912
1912
1889
1891
1884
1870
1854
1837
1823
1817
1818
1822
1827
1831
1829
1834
1849
1849
1855
1852
1869
1881
1881
1896
1917
1927
1944
1967
2002
2023
2033
2022
2011
2003
1996
1967
1936
1925
1929
1929
1927
1937
1953
1978
1989
2008
2027
2053
2071
2076
2080
2088
2094
2094
2100
2105
2093
2078
2070
2069
2059
2046
2042
2018
2021
2013
2030
2047
2072
2084
2088
2106
2120
2145
2166
2172
2173
2177
2170
2168
2178
2164
2178
2191
2187
2192
2208
2230
2246
2251
2247
2251
2248
2251
2250
2244
2263
2292
2311
2329
2335
2343
2364
2378
2372
2363
2359
2361
2357
2364
2361
2348
2345
2350
2344
2348
2338
2331
2320
2298
2299
2314
2323
2332
2321
2330
2349
2359
2370
2367
2368
2383
2377
2394
2408
2421
2432
2415
2423
2418
2416
2417
2426
2426
2429
2414
2404
2398
2388
2380
2363
2340
2321
2306
2284
2276
2276
2280
2277
2282
2272
2273
2279
2294
2298
2310
2342
2353
2354
2364
2379
2394
2390
2385
2392
2396
2390
2380
2367
2364
2359
2363
2358
2360
2358
2356
2366
2376
2368
2381
2399
2404
2410
2414
2412
2396
2386
2386
2388
2385
2380
2377
2387
2386
2380
2369
2366
2354
2355
2347
2330
2324
2319
2318
2301
2279
2249
2237
2224
2226
2228
2230
2232
2241
2247
2251
2269
2284
2297
2293
2268
2258
2240
2232
2215
2213
2207
2211
2211
2239
2255
2252
2257
2256
2253
2247
2242
2236
2226
2215
2226
2227
2214
2206
2206
2209
2216
2217
2234
2244
2256
2260
2266
2273
2266
2262
2260
2261
2257
2252
2228
2205
2185
2163
2145
2149
2164
2181
2195
2215
2215
2219
2214
2217
2207
2187
2159
2146
2139
2136
2129
2137
2133
2113
2108
2101
2087
2086
2082
2079
2055
2037
2035
2028
2017
2008
2015
2019
2019
2015
2013
2006
2013
2010
2015
2011
2027
2043
2053
2079
2092
2089
2114
2110
2125
2119
2123
2145
2165
2155
2147
2120
2086
2082
2058
2039
2024
2029
2027
2026
2026
2030
2027
2030
2012
2002
1980
1983
1966
1972
1969
1983
2002
2009
2009
2019
2034
2064
2080
2097
2101
2097
2091
2083
2097
2091
2082
2074
2064
2055
2040
2003
1970
1945
1936
1947
1947
1969
1993
2007
2028
2038
2038
2044
2046
2036
2031
2037
2043
2045
2055
2060
2065
2067
2066
2067
2079
2092
2113
2095
2088
2087
2107
2125
2127
2116
2106
2093
2071
2075
2082
2083
2083
2085
2080
2083
2087
2121
2125
2126
2128
2123
2129
2133
2145
2150
2161
2179
2191
2188
2191
2178
2192
2171
2166
2160
2175
2174
2188
2175
2165
2151
2141
2131
2138
2150
2130
2100
2087
2084
2077
2060
2041
2036
2019
2020
1992
1971
1969
1987
2005
2009
2018
2035
2054
2067
2082
2094
2084
2071
2060
2034
2027
2023
2029
2035
2055
2043
2047
2064
2068
2078
2083
2074
2058
2051
2048
2035
2037
2035
2037
2036
2031
2026
2030
2046
2054
2049
2049
2066
2085
2089
2083
2068
2054
2059
2075
2094
2101
2104
2099
2098
2089
2066
2057
2058
2045
2045
2053
2054
2053
2058
2058
2074
2078
2081
2079
2094
2094
2086
2093
2100
2098
2097
2083
2053
2012
1981
1975
1956
1955
1946
1947
1953
1963
1975
2006
2026
2041
2041
2047
2041
2061
2056
2070
2069
2078
2073
2072
2064
2066
2066
2085
2090
2088
2085
2085
2066
2041
2015
1997
1984
1987
1990
2006
2016
2016
2025
2029
2039
2044
2049
2059
2071
2077
2069
2079
2090
2079
2086
2103
2094
2074
2053
2065
2068
2084
2088
2111
2155
2161
2173
2178
2180
2187
2194
2168
2157
2130
2105
2092
2092
2095
2112
2131
2129
2126
2119
2110
2115
2137
2145
2155
2148
2155
2167
2187
2187
2215
2237
2244
2276
2283
2293
2304
2299
2295
2298
2294
2287
2270
2242
2232
2236
2231
2223
2200
2197
2193
2198
2201
2205
2204
2212
2225
2232
2235
2219
2218
2224
2231
2218
2216
2208
2211
2204
2192
2182
2170
2150
2142
2136
2124
2125
2127
2111
2110
2086
2053
2057
2065
2072
2080
2088
2087
2068
2045
2027
2021
2019
2008
2008
2014
2018
2013
2022
2031
2041
2035
2017
2009
2009
2016
2004
1994
1991
1987
1978
1960
1960
1975
1989
2002
2015
2032
2051
2069
2097
2120
2120
2106
2102
2105
2103
2096
2081
2080
2076
2070
2051
2050
2058
2058
2022
2014
2028
2041
2046
2050
2048
2053
2043
2048
2060
2072
2091
2111
2131
2140
2162
2186
2206
2209
2206
2196
2200
2203
2207
2192
2167
2142
2128
2100
2067
2058
2046
2041
2058
2059
2054
2060
2063
2064
2060
2059
2050
2048
2028
2016
2020
2028
2027
2030
2039
2060
2066
2071
2091
2110
2140
2167
2151
2137
2117
2096
2091
2079
2050
2054
2050
2050
2060
2081
2091
2110
2110
2127
2148
2146
2164
2173
2189
2188
2192
2209
2210
2212
2205
2201
2204
2192
2188
2184
2184
2174
2188
2174
2162
2143
2146
2146
2129
2131
2125
2112
2101
2091
2079
2061
2054
2057
2048
2052
2065
2066
2068
2053
2036
2014
1998
1985
1985
1977
1972
1959
1957
1959
1953
1948
1966
1993
1999
2029
2071
2084
2094
2094
2111
2109
2108
2092
2087
2101
2103
2093
2089
2080
2089
2105
2117
2120
2134
2142
2142
2138
2124
2103
2076
2058
2026
1995
1970
1965
1956
1953
1947
1953
1959
1960
1965
1972
1983
1978
1966
1965
1956
1960
1966
1982
2006
2017
2034
2052
2063
2082
2066
2054
2066
2076
2078
2096
2106
2115
2124
2121
2119
2092
2087
2072
2056
2055
2052
2031
2012
2003
1993
1977
1959
1938
1943
1943
1937
1933
1954
1963
1967
1980
1999
2003
2008
2013
2056
2064
2071
2079
2075
2081
2066
2057
2043
2053
2056
2062
2055
2051
2042
2042
2046
2058
2042
2019
2013
2012
2016
2017
2007
2003
1995
1991
2001
1993
1986
1990
1976
1966
1978
1980
2002
2004
2013
2010
2017
2019
2023
2034
2045
2037
2015
1980
1970
1965
1943
1940
1945
1946
1952
1970
1983
1990
1978
1983
1989
1987
1993
1999
1994
1976
1952
1948
1938
1936
1945
1949
1954
1965
1957
1952
1948
1943
1944
1949
1961
1969
1975
1983
1987
2002
2010
2019
2033
2055
2070
2075
2074
2072
2062
2040
2008
1996
2005
1987
1977
1962
1980
1975
1971
1973
1957
1967
1963
1961
1969
1962
1949
1948
1945
1942
1925
1917
1917
1928
1919
1933
1911
1917
1918
1926
1930
1948
1959
1977
1989
2003
2013
2009
1987
1986
1984
1981
1965
1943
1924
1908
1900
1917
1939
1963
1976
1994
2015
2005
2000
1994
2002
2000
2000
2014
2017
2020
2015
2021
2014
2005
1983
1990
1986
1982
1966
1961
1959
1977
1979
1986
1976
1993
1998
2021
2039
2040
2020
2011
2011
1999
1981
1952
1921
1895
1877
1861
1843
1835
1839
1840
1841
1851
1867
1867
1869
1875
1869
1867
1857
1850
1844
1837
1837
1840
1864
1871
1860
1844
1824
1810
1809
1816
1814
1823
1853
1857
1848
1839
1841
1847
1845
1842
1832
1845
1855
1866
1878
1876
1868
1859
1849
1843
1816
1815
1811
1837
1851
1863
1868
1887
1891
1915
1913
1916
1909
1902
1888
1882
1872
1866
1851
1831
1803
1801
1795
1771
1739
1710
1695
1670
1657
1652
1635
1637
1641
1639
1660
1677
1706
1730
1765
1790
1807
1814
1815
1817
1815
1798
1803
1798
1805
1805
1803
1806
1794
1794
1787
1791
1803
1807
1819
1819
1814
1806
1791
1785
1775
1766
1765
1769
1745
1723
1711
1679
1660
1652
1665
1704
1733
1753
1787
1819
1841
1858
1850
1844
1819
1800
1775
1769
1777
1792
1797
1816
1844
1874
1909
1921
1953
1946
1945
1962
1958
1943
1897
1873
1856
1843
1863
1864
1859
1868
1885
1907
1924
1945
1968
1986
2006
1986
1961
1945
1933
1932
1945
1946
1943
1958
1970
1989
1998
2026
2050
2069
2083
2095
2090
2070
2057
2049
2055
2064
2065
2054
2068
2072
2075
2086
2094
2106
2108
2126
2149
2143
2121
2100
2086
2071
2056
2056
2038
2030
2032
2051
2071
2081
2107
2134
2157
2080
2046
2015
2028
2033
2032
2002
1987
1980
2006
2025
2059
2088
2103
2140
2171
2168
2176
2193
2197
2208
2208
2215
2230
2253
2252
2253
2256
2248
2221
2220
2200
2170
2163
2142
2143
2135
2126
2124
2121
2123
2142
2147
2160
2187
2200
2217
2222
2235
2244
2241
2221
2214
2193
2163
2144
2130
2102
2084
2071
2040
2029
2025
2040
2025
2031
2018
2002
1982
1968
1928
1904
1894
1906
1913
1931
1959
1983
2012
2039
2063
2075
2097
2117
2134
2131
2125
2130
2149
2151
2157
2152
2146
2142
2130
2131
2137
2149
2170
2186
2207
2199
2193
2188
2176
2172
2178
2155
2136
2131
2133
2130
2126
2127
2124
2119
2124
2136
2137
2129
2104
2097
2066
2034
2025
2016
2010
2007
2021
2020
2026
2032
2029
2039
2026
2029
2041
2030
2026
2032
2046
2050
2050
2069
2077
2075
2066
2071
2063
2058
2062
2082
2104
2108
2104
2108
2113
2120
2116
2109
2102
2085
2074
2063
2053
2041
2050
2063
2074
2088
2118
2144
2148
2128
2108
2075
2042
2000
1974
1941
1917
1896
1870
1843
1838
1846
1855
1884
1906
1935
1939
1945
1951
1955
1960
1965
1969
1981
1987
2002
2002
1993
1979
1981
1979
1991
2004
2021
2042
2051
2055
2063
2071
2061
2075
2079
2095
2073
2063
2070
2078
2076
2105
2099
2100
2088
2067
2042
2018
1992
1972
1969
1971
1959
1949
1932
1933
1933
1930
1948
1944
1936
1928
1923
1932
1960
1979
1990
1987
1972
1957
1958
1957
1960
1963
1973
1983
1997
2008
2011
2010
2008
2008
1975
1957
1934
1925
1934
1924
1928
1938
1969
1997
2015
2041
2067
2096
2120
2129
2145
2163
2167
2169
2175
2187
2194
2202
2218
2222
2216
2214
2213
2212
2223
2234
2250
2247
2258
2252
2251
2260
2262
2245
2214
2175
2158
2150
2139
2116
2105
2092
2095
2099
2108
2096
2113
2111
2103
2096
2117
2140
2141
2167
2183
2196
2217
2215
2184
2174
2149
2126
2100
2084
2077
2085
2055
2056
2063
2075
2081
2088
2092
2089
2087
2080
2078
2096
2108
2101
2105
2105
2110
2116
2120
2115
2111
2111
2106
2083
2065
2061
2054
2044
2037
2034
2026
2017
2031
2040
2042
2048
2043
2042
2052
2061
2071
2094
2109
2103
2094
2072
2060
2062
2040
2036
2027
2033
2034
2037
2039
2050
2071
2067
2077
2077
2065
2056
2060
2059
2064
2063
2057
2058
2080
2101
2124
2122
2127
2147
2155
2175
2178
2172
2174
2174
2149
2135
2122
2108
2083
2048
2011
1980
1941
1921
1907
1889
1882
1895
1902
1913
1951
1978
1997
2029
2026
2021
2013
1999
1984
1995
1999
2002
2004
1991
1973
1966
1973
1998
1999
2001
2004
2009
2004
2002
2025
2040
2049
2055
2066
2082
2095
2098
2101
2091
2097
2106
2131
2139
2125
2123
2136
2140
2128
2149
2177
2199
2209
2218
2224
2223
2215
2197
2176
2150
2131
2104
2104
2113
2121
2125
2133
2147
2169
2171
2167
2172
2174
2195
2186
2164
2147
2132
2097
2090
2083
2071
2068
2067
2057
2039
2025
2000
1990
1980
1984
2000
2002
2008
2028
2062
2069
2098
2110
2106
2112
2098
2075
2075
2082
2070
2075
2075
2087
2096
2102
2094
2079
2063
2048
2036
2018
1992
1974
1977
1988
1990
1998
2020
2043
2058
2052
2039
2032
2051
2054
2065
2083
2085
2085
2093
2097
2111
2135
2152
2159
2163
2159
2164
2168
2161
2150
2137
2129
2127
2142
2128
2101
2074
2051
2035
2046
2050
2050
2077
2095
2123
2139
2151
2172
2173
2182
2183
2175
2178
2175
2154
2137
2115
2105
2109
2110
2130
2138
2160
2183
2188
2219
2232
2240
2255
2281
2287
2293
2292
2270
2285
2282
2300
2312
2312
2299
2281
2256
2232
2225
2214
2202
2182
2184
2179
2151
2136
2139
2151
2158
2171
2191
2208
2202
2199
2186
2192
2213
2227
2223
2220
2215
2215
2224
2222
2241
2251
2253
2238
2207
2192
2200
2196
2185
2164
2164
2158
2173
2188
2196
2203
2200
2207
2184
2178
2152
2140
2123
2129
2107
2106
2095
2094
2099
2104
2111
2139
2147
2156
2164
2178
2206
2201
2181
2179
2169
2164
2154
2153
2143
2132
2128
2136
2139
2133
2133
2130
2146
2150
2144
2142
2118
2117
2125
2128
2126
2107
2081
2057
2054
2048
2041
2051
2054
2062
2074
2074
2078
2093
2100
2107
2100
2089
2084
2067
2059
2040
2032
2020
2013
2020
2019
2023
2040
2051
2054
2054
2059
2044
2046
2062
2067
2067
2065
2067
2057
2062
2060
2067
2065
2082
2096
2101
2103
2101
2098
2111
2126
2143
2152
2152
2180
2194
2202
2194
2200
2200
2197
2187
2179
2173
2170
2161
2137
2135
2119
2112
2121
2137
2156
2168
2186
2203
2198
2199
2213
2219
2208
2197
2200
2200
2186
2178
2157
2170
2190
2194
2186
2180
2178
2180
2165
2150
2143
2118
2115
2107
2116
2109
2114
2110
2107
2098
2090
2086
2082
2075
2061
2073
2077
2096
2124
2143
2148
2150
2166
2181
2193
2197
2221
2223
2216
2203
2189
2169
2149
2148
2135
2125
2118
2099
2092
2088
2093
2102
2107
2122
2136
2145
2150
2142
2114
2103
2117
2121
2108
2101
2125
2137
2131
2131
2117
2122
2125
2130
2128
2134
2138
2141
2166
2181
2192
2214
2234
2244
2248
2263
2279
2272
2282
2278
2280
2261
2248
2235
2215
2216
2215
2224
2230
2219
2213
2215
2210
2203
2188
2162
2141
2142
2138
2130
2127
2109
2098
2090
2077
2093
2099
2108
2120
2131
2120
2136
2156
2171
2195
2202
2210
2211
2210
2199
2213
2212
2217
2222
2214
2215
2220
2197
2157
2136
2122
2099
2083
2053
2051
2049
2056
2055
2069
2085
2102
2099
2089
2104
2118
2126
2126
2151
2161
2179
2177
2178
2178
2193
2183
2185
2183
2185
2178
2165
2161
2154
2134
2135
2137
2126
2113
2104
2088
2086
2081
2065
2071
2072
2068
2060
2069
2081
2078
2072
2075
2048
2030
2026
2021
2015
2003
1988
1967
1958
1947
1942
1935
1959
1981
1986
1988
2002
2014
2009
2015
2024
2018
2020
2022
2040
2055
2070
2087
2097
2105
2106
2108
2102
2092
2096
2109
2122
2138
2168
2185
2189
2186
2190
2181
2168
2171
2159
2150
2149
2161
2167
2161
2165
2152
2148
2148
2143
2144
2162
2162
2178
2181
2177
2185
2178
2192
2193
2194
2173
2179
2174
2182
2184
2202
2195
2211
2224
2223
2227
2237
2246
2240
2220
2207
2209
2197
2208
2206
2210
2207
2211
2206
2214
2196
2202
2189
2179
2173
2180
2162
2171
2167
2182
2190
2202
2217
2218
2225
2239
2241
2247
2253
2260
2270
2264
2261
2255
2245
2221
2205
2206
2215
2216
2198
2197
2200
2204
2203
2197
2204
2203
2208
2208
2203
2206
2188
2189
2194
2185
2183
2179
2177
2185
2190
2218
2230
2241
2232
2227
2235
2238
2232
2223
2214
2187
2175
2165
2143
2123
2110
2098
2091
2080
2057
2035
2022
2012
2011
2022
2026
2024
2047
2071
2072
2087
2098
2108
2110
2120
2145
2149
2144
2147
2156
2154
2151
2150
2164
2164
2146
2117
2093
2086
2089
2072
2081
2079
2075
2071
2076
2070
2068
2052
2048
2053
2050
2056
2078
2094
2086
2089
2091
2107
2090
2075
2070
2070
2064
2054
2048
2040
2043
2046
2066
2073
2071
2064
2052
2037
2033
2040
2034
2034
2019
1995
1967
1959
1958
1955
1959
1975
1988
1986
1998
2010
2016
2028
2038
2042
2052
2049
2045
2051
2045
2040
2043
2039
2028
2018
1987
1951
1921
1902
1901
1905
1898
1902
1888
1897
1896
1887
1895
1912
1933
1950
1955
1966
1988
2003
2003
1987
1994
1990
1971
1965
1957
1958
1968
1974
1986
1997
1987
1974
1954
1933
1914
1903
1893
1889
1893
1913
1934
1947
1971
1980
1990
2002
2000
1989
1971
1945
1923
1909
1879
1849
1827
1830
1843
1840
1834
1827
1837
1836
1845
1878
1891
1907
1935
1949
1968
1990
1990
2013
2003
2004
1988
1976
1961
1952
1941
1944
1937
1943
1936
1944
1940
1952
1951
1954
1960
1963
1973
1972
1969
1951
1939
1922
1905
1894
1892
1890
1890
1888
1902
1928
1953
1971
1989
1999
2015
2038
2068
2084
2087
2078
2075
2056
2051
2026
2007
2008
1997
2006
2017
2028
2023
2028
2023
2016
1994
1971
1950
1942
1935
1933
1942
1941
1962
1948
1970
1993
2003
2007
2032
2031
2028
2015
2021
2011
2015
2014
2016
2014
2026
2032
2051
2073
2085
2095
2103
2121
2138
2157
2168
2172
2158
2131
2084
2059
2020
1999
1983
1966
1962
1952
2002
2044
2077
2088
2091
2101
2120
2129
2133
2139
2158
2166
2156
2130
2112
2097
2074
2066
2054
2054
2057
2077
2092
2094
2124
2140
2146
2157
2156
2162
2167
2174
2167
2169
2166
2173
2163
2181
2197
2213
2188
2171
2147
2156
2148
2139
2135
2128
2143
2163
2162
2152
2152
2150
2146
2152
2165
2180
2199
2204
2236
2251
2261
2286
2311
2305
2311
2306
2287
2272
2282
2291
2290
2290
2286
2290
2301
2307
2315
2322
2307
2296
2277
2266
2273
2286
2302
2321
2327
2332
2329
2346
2353
2364
2378
2378
2385
2372
2389
2388
2392
2391
2399
2388
2377
2370
2348
2330
2313
2298
2289
2287
2283
2280
2296
2311
2322
2317
2328
2333
2335
2331
2317
2302
2291
2286
2279
2270
2277
2289
2284
2288
2304
2301
2310
2325
2339
2343
2343
2353
2355
2332
2322
2324
2316
2316
2309
2296
2289
2298
2294
2300
2297
2296
2287
2281
2283
2285
2274
2278
2279
2290
2282
2284
2288
2310
2309
2316
2307
2302
2299
2297
2303
2308
2315
2326
2329
2333
2318
2320
2328
2325
2321
2314
2316
2313
2324
2324
2330
2328
2332
2327
2346
2346
2339
2346
2352
2353
2349
2348
2356
2349
2329
2329
2334
2337
2333
2326
2347
2340
2342
2352
2344
2361
2361
2362
2375
2373
2376
2374
2372
2390
2387
2366
2351
2341
2324
2301
2277
2259
2258
2254
2260
2258
2254
2254
2262
2264
2276
2274
2264
2257
2262
2259
2268
2269
2260
2270
2288
2289
2278
2281
2289
2301
2290
2295
2295
2301
2295
2288
2268
2265
2254
2224
2223
2218
2217
2220
2221
2208
2194
2192
2174
2186
2192
2207
2205
2213
2215
2230
2231
2247
2244
2238
2228
2226
2226
2213
2207
2188
2166
2152
2138
2134
2124
2107
2100
2094
2097
2084
2091
2079
2067
2073
2089
2090
2089
2088
2096
2090
2098
2106
2131
2144
2140
2139
2134
2137
2130
2127
2105
2098
2090
2090
2092
2102
2091
2104
2122
2119
2115
2105
2096
2103
2083
2061
2051
2044
2052
2060
2055
2069
2093
2111
2124
2142
2162
2168
2179
2202
2224
2231
2232
2255
2266
2270
2273
2281
2272
2261
2232
2206
2182
2172
2162
2152
2158
2181
2222
2221
2240
2246
2254
2262
2257
2252
2211
2197
2173
2150
2135
2117
2114
2107
2115
2115
2109
2096
2100
2102
2112
2115
2119
2117
2106
2109
2120
2120
2131
2142
2123
2117
2101
2116
2129
2148
2165
2169
2168
2150
2144
2142
2144
2143
2134
2128
2139
2137
2151
2151
2138
2137
2139
2141
2144
2145
2138
2127
2128
2141
2159
2168
2172
2167
2181
2194
2197
2207
2208
2210
2220
2231
2225
2222
2217
2221
2218
2211
2194
2183
2165
2148
2127
2129
2118
2101
2103
2106
2106
2107
2112
2113
2109
2117
2131
2139
2129
2123
2117
2126
2125
2126
2135
2161
2173
2196
2205
2207
2212
2200
2183
2167
2149
2120
2100
2076
2059
2039
2023
2015
2026
2039
2051
2060
2075
2080
2098
2119
2130
2134
2160
2178
2193
2208
2208
2192
2177
2163
2154
2132
2115
2098
2077
2074
2069
2069
2070
2080
2079
2086
2100
2118
2125
2128
2145
2153
2155
2141
2133
2112
2092
2068
2051
2050
2060
2070
2103
2115
2139
2151
2157
2163
2164
2153
2144
2144
2145
2123
2103
2094
2085
2059
2053
2053
2065
2069
2080
2092
2089
2091
2094
2100
2108
2122
2126
2132
2114
2095
2068
2059
2060
2057
2051
2046
2053
2055
2060
2075
2088
2094
2098
2104
2106
2091
2103
2111
2111
2098
2110
2108
2108
2112
2132
2137
2133
2153
2161
2159
2160
2156
2155
2144
2118
2111
2108
2099
2073
2070
2056
2029
2026
2038
2038
2040
2037
2033
2021
2019
2039
2056
2074
2093
2113
2122
2121
2115
2102
2090
2091
2084
2071
2055
2035
2023
2011
2012
2018
2032
2030
2033
2050
2050
2051
2055
2063
2063
2071
2076
2067
2058
2063
2063
2072
2063
2067
2067
2077
2095
2111
2117
2129
2134
2141
2138
2144
2147
2147
2154
2161
2157
2166
2162
2167
2163
2167
2179
2178
2187
2181
2186
2189
2184
2187
2192
2210
2210
2205
2203
2206
2193
2179
2180
2177
2167
2155
2149
2157
2159
2168
2172
2183
2184
2189
2191
2191
2190
2210
2209
2209
2213
2210
2191
2199
2196
2177
2168
2153
2147
2164
2186
2187
2185
2167
2161
2175
2195
2188
2183
2187
2193
2201
2203
2215
2226
2215
2208
2193
2169
2128
2113
2089
2063
2039
2011
2000
1987
1972
1963
1949
1955
1960
1974
1979
1985
1994
2003
1992
1981
1970
1952
1941
1944
1942
1932
1956
1973
1996
2003
2016
2007
2019
2031
2040
2046
2048
2047
2041
2012
1976
1933
1890
1866
1823
1793
1754
1751
1749
1751
1760
1757
1757
1760
1753
1761
1771
1795
1815
1841
1852
1873
1898
1927
1944
1971
2005
2046
2090
2123
2145
2149
2151
2140
2113
2090
2062
2035
2024
2009
2003
1987
1980
1974
1963
1940
1934
1931
1947
1949
1976
1990
2006
2010
2011
2026
2021
2014
2013
2027
2022
2033
2044
2051
2052
2054
2067
2077
2069
2065
2069
2076
2081
2086
2095
2102
2113
2104
2107
2117
2130
2141
2155
2166
2186
2203
2213
2223
2226
2225
2225
2221
2232
2237
2224
2207
2192
2178
2171
2151
2147
2150
2147
2137
2140
2144
2140
2136
2128
2121
2121
2107
2093
2079
2080
2074
2099
2121
2147
2169
2181
2194
2189
2203
2215
2204
2213
2193
2162
2151
2140
2132
2122
2120
2141
2145
2154
2164
2184
2195
2194
2196
2206
2206
2203
2204
2190
2184
2170
2157
2155
2142
2135
2127
2117
2110
2104
2090
2079
2073
2066
2044
2033
2010
2004
2000
2019
2033
2056
2084
2097
2098
2108
2083
2071
2053
2025
2005
2006
1995
1992
2006
2021
2038
2039
2054
2053
2060
2065
2078
2094
2091
2091
2091
2092
2090
2069
2065
2058
2056
2044
2038
2048
2057
2079
2087
2073
2062
2051
2035
2037
2017
1997
1978
1978
1984
1995
2010
2054
2073
2087
2095
2087
2079
2067
2058
2046
2035
2013
1987
1947
1911
1902
1904
1899
1883
1883
1891
1895
1911
1918
1919
1913
1913
1899
1890
1884
1874
1854
1855
1853
1852
1865
1899
1925
1943
1960
1968
1978
1983
1979
1970
1970
1962
1944
1923
1905
1902
1896
1889
1868
1862
1867
1874
1888
1891
1911
1947
1979
1997
2028
2043
2043
2037
2035
2035
2045
2045
2037
2040
2032
2041
2048
2071
2079
2092
2093
2104
2107
2112
2102
2101
2096
2088
2086
2080
2049
2045
2043
2034
2033
2025
2019
2014
2023
2028
2026
2025
2027
2023
2013
2005
2004
2005
2019
1994
1968
1946
1922
1896
1876
1858
1836
1831
1811
1787
1745
1714
1685
1647
1624
1615
1614
1615
1625
1647
1671
1704
1736
1763
1812
1833
1848
1855
1861
1850
1846
1841
1816
1772
1742
1716
1686
1660
1635
1614
1605
1587
1573
1571
1571
1573
1579
1575
1569
1599
1617
1630
1652
1671
1683
1701
1723
1747
1760
1771
1773
1780
1787
1793
1816
1817
1816
1830
1853
1844
1845
1834
1846
1851
1840
1805
1775
1747
1720
1691
1663
1653
1643
1644
1664
1702
1720
1734
1734
1754
1737
1735
1734
1735
1723
1711
1686
1671
1653
1657
1649
1663
1668
1685
1703
5835
2247
2236
2220
2176
2122
2042
1984
1912
1879
1857
1853
1869
1921
1970
2050
2108
2154
2162
2164
2171
2151
2135
2092
2075
2075
2062
2039
1987
1913
1858
1810
1764
1688
1627
1573
1582
1617
1660
1708
1723
1732
1755
1776
1794
1803
1817
1821
1838
1846
1859
1844
1835
1835
1853
1857
1840
1838
1853
1889
1913
1918
1936
1952
1933
1924
1910
1886
1879
1865
1858
1860
1846
1812
1773
1743
1707
1689
1696
1720
1766
1839
1896
1938
1971
1980
1961
1900
1844
1778
1718
1661
1635
1628
1653
1678
1725
1775
1831
1896
1944
1986
2022
2057
2075
2081
2103
2107
2101
2074
2043
2028
1995
1957
1932
1938
1936
1968
1987
2005
2011
2007
1970
1961
1978
2005
2045
2097
2149
2223
2269
2310
2299
2282
2238
2190
2130
2083
2046
2041
2008
1957
1903
1842
1802
1770
1751
1722
1717
1745
1791
1843
1912
1999
2089
2174
2239
2260
2280
2299
2306
2323
2342
2330
2319
2291
2261
2232
2206
2166
2132
2077
2061
2041
2042
2043
2034
2010
1990
1961
1969
1979
1987
2027
2056
2038
2014
2013
2003
1996
1990
2032
2079
2139
2196
2256
2276
2303
2322
2354
2372
2406
2411
2412
2415
2393
2366
2358
2350
2354
2332
2316
2301
2282
2262
2231
2205
2157
2103
2023
1981
1943
1935
1940
1942
1926
1909
1867
1867
1861
1839
1812
1775
1730
1689
1669
1657
1634
1613
1597
1600
1606
1637
1639
1649
1643
1643
1626
1609
1585
1577
1581
1599
1607
1600
1615
1641
1689
1712
1742
1743
1741
1759
1776
1803
1846
1877
1935
1980
2027
2071
2089
2062
2013
1971
1903
1841
1806
1794
1798
1807
1830
1852
1760
1703
1662
1647
1660
1703
1744
1763
1749
1733
1690
1636
1595
1577
1558
1555
1591
1645
1679
1671
1655
1663
1646
1627
1626
1639
1642
1655
1662
1689
1722
1735
1720
1705
1684
1658
1635
1591
1526
1442
1396
1379
1387
1368
1343
1301
1297
1273
1265
1231
1237
1238
1288
1374
1476
1543
1604
1629
1634
1637
1617
1571
1527
1491
1477
1487
1511
1543
1568
1588
1603
1614
1652
1738
1818
1910
1981
2059
2105
2132
2120
2084
2061
2044
2022
2010
1978
1949
1901
1903
1919
1956
1988
2025
2043
2055
2067
2101
2127
2136
2126
2101
2087
2060
2048
1999
1974
1934
1917
1900
1894
1897
1941
1982
2005
1982
1948
1928
1914
1889
1845
1811
1792
1784
1773
1773
1781
1787
1805
1839
1891
1929
1963
1990
1991
1998
1994
2010
2033
2082
2142
2170
2136
2076
1985
1939
1878
1832
1803
1783
1764
1785
1839
1917
1943
1974
2003
2060
2126
2176
2226
2237
2260
2274
2276
2261
2253
2259
2266
2250
2225
2204
2199
2217
2251
2287
2322
2344
2353
2358
2362
2357
2337
2308
2225
2158
2109
2069
2046
2024
2000
1938
1838
1761
1708
1685
1692
1708
1713
1708
1721
1735
1760
1794
1821
1819
1822
1858
1904
1948
1972
2000
2009
2009
1993
1987
2014
2036
2057
2076
2077
2090
2096
2058
1975
1912
1866
1823
1800
1799
1838
1901
1959
2011
2054
2102
2155
2218
2267
2299
2329
2344
2324
2275
2243
2204
2182
2181
2200
2227
2262
2291
2313
2303
2293
2291
2273
2276
2275
2274
2250
2203
2132
2045
1945
1885
1881
1878
1905
1950
2027
2100
2198
2258
2328
2374
2390
2352
2326
2280
2236
2206
2178
2147
2131
2129
2142
2139
2175
2187
2194
2167
2142
2102
2065
2031
1989
1975
1955
1975
1999
2036
2072
2128
2193
2249
2267
2272
2252
2254
2255
2255
2223
2174
2106
2065
2044
2037
2038
2069
2101
2130
2138
2169
2198
2220
2201
2182
2146
2117
2109
2092
2082
2054
2026
1988
1977
1981
2003
2032
2086
2127
2166
2199
2266
2329
2391
2423
2452
2472
2473
2434
2379
2326
2282
2210
2152
2107
2072
2029
1991
1975
1951
1945
1940
1942
1949
1969
1990
2029
2073
2138
2175
2219
2246
2260
2254
2252
2233
2218
2178
2151
2131
2146
2176
2223
2251
2314
2367
2416
2424
2424
2433
2429
2418
2396
2369
2350
2342
2348
2349
2354
2366
2372
2378
2387
2425
2456
2482
2478
2474
2432
2417
2390
2367
2306
2250
2227
2215
2218
2229
2259
2294
2322
2342
2347
2340
2342
2340
2356
2353
2366
2373
2372
2352
2332
2300
2285
2271
2265
2253
2296
2320
2371
2411
2445
2433
2414
2381
2324
2275
2217
2178
2162
2158
2146
2138
2136
2168
2218
2275
2312
2307
2298
2282
2258
2227
2205
2190
2176
2158
2163
2209
2258
2295
2338
2373
2423
2446
2453
2432
2410
2370
2323
2263
2199
2136
2089
2086
2101
2100
2087
2075
2079
2079
2084
2104
2105
2113
2124
2128
2138
2160
2200
2240
2282
2310
2342
2370
2414
2449
2470
2455
2439
2380
2328
2268
2201
2159
2115
2046
2002
1960
1925
1903
1896
1902
1918
1964
1996
2035
2072
2102
2138
2180
2192
2187
2175
2178
2176
2180
2187
2183
2168
2137
2098
2081
2039
1990
1953
1967
2001
2067
2112
2160
2166
2159
2107
2016
1918
1803
1740
1681
1662
1672
1696
1739
1788
1854
1900
1929
1977
2012
2023
2024
2072
2131
2173
2210
2260
2306
2368
2394
2443
2463
2455
2448
2414
2370
2313
2255
2185
2094
2019
1963
1887
1849
1795
1721
1639
1585
1551
1565
1593
1652
1731
1837
1914
1964
1976
1988
2007
2056
2084
2096
2093
2107
2129
2146
2162
2158
2153
2133
2106
2054
2040
2010
2016
2013
2029
2076
2124
2183
2240
2277
2311
2337
2361
2355
2344
2330
2307
2300
2274
2247
2204
2166
2130
2117
2114
2114
2105
2099
2046
1969
1861
1771
1699
1619
1562
1533
1525
1536
1527
1541
1522
1506
1526
1555
1595
1629
1687
1760
1822
1871
1903
1911
1939
1952
1977
2003
2018
2010
2012
2024
2064
2101
2141
2154
2163
2144
2100
2076
2027
1955
1895
1867
1881
1937
1977
2007
2022
2016
2001
2000
1959
1931
1864
1835
1804
1777
1769
1770
1796
1817
1811
1804
1790
1807
1827
1870
1936
2016
2099
2158
2187
2174
2139
2074
2023
1977
1958
1941
1934
1936
1949
1970
1964
1946
1925
1884
1870
1900
1936
1989
2039
2068
2080
2089
2086
2092
2091
2074
2060
2035
1997
1966
1947
1929
1938
1982
2019
2051
2107
2157
2206
2242
2265
2305
2313
2317
2288
2260
2247
2250
2246
2256
2235
2234
2232
2230
2198
2201
2219
2255
2273
2254
2238
2241
2238
2262
2269
2305
2337
2356
2363
2372
2396
2396
2392
2375
2394
2371
2368
2336
2330
2296
2281
2255
2240
2226
2222
2212
2228
2239
2257
2271
2276
2274
2278
2283
2281
2265
2250
2231
2205
2189
2178
2189
2178
2183
2180
2216
2234
2259
2288
2313
2310
2290
2243
2230
2204
2206
2187
2199
2215
2250
2278
2299
2303
2285
2296
2310
2321
2334
2356
2370
2388
2374
2358
2308
2264
2188
2135
2096
2085
2063
2078
2104
2148
2171
2189
2213
2239
2265
2272
2274
2286
2312
2331
2383
2400
2403
2392
2375
2326
2271
2223
2185
2162
2144
2104
2062
2042
2039
2043
2066
2106
2130
2170
2196
2219
2233
2233
2217
2214
2226
2244
2240
2234
2180
2138
2066
2019
1982
1976
2004
2050
2111
2197
2341
2410
2442
2424
2402
2379
2355
2305
2245
2199
2160
2138
2127
2139
2143
2164
2145
2125
2094
2070
2067
2074
2083
2079
2058
2066
2087
2093
2130
2176
2211
2226
2225
2207
2194
2180
2186
2210
2227
2229
2226
2204
2187
2171
2151
2130
2111
2091
2053
2003
1971
1961
1983
2011
2049
2081
2091
2098
2121
2168
2222
2279
2311
2335
2334
2321
2287
2261
2247
2251
2249
2240
2220
2210
2203
2209
2239
2252
2258
2261
2255
2232
2217
2232
2251
2289
2329
2334
2349
2336
2289
2203
2112
2022
1974
1920
1859
1827
1833
1847
1865
1871
1851
1806
1732
1705
1682
1677
1681
1682
1680
1702
1749
1810
1857
1892
1887
1872
1819
1767
1698
1679
1694
1719
1738
1743
1754
1770
1803
1818
1817
1792
1770
1771
1801
1811
1819
1812
1829
1867
1942
1988
2018
2022
2024
2009
1999
1956
1897
1826
1753
1719
1723
1738
1736
1725
1681
1630
1541
1461
1376
1344
1350
1385
1417
1461
1501
1531
1579
1605
1633
1663
1688
1693
1668
1657
1674
1709
1723
1733
1711
1683
1663
1657
1655
1657
1660
1655
1639
1635
1618
1586
1525
1477
1445
1416
1385
1373
1368
1354
1361
1403
1440
1473
1515
1563
1602
1632
1683
1721
1759
1755
1754
1769
1807
1833
1894
1900
1894
1865
1867
1848
1834
1807
1826
1857
1893
1941
1966
1986
1993
2017
2060
2112
2178
2208
2210
2194
2125
2062
1971
1938
1917
1886
1869
1885
1902
1944
1991
2006
1993
1972
1930
1903
1887
1873
1868
1883
1891
1901
1928
1928
1915
1882
1901
1915
1918
1896
1895
1891
1904
1902
1905
1896
1870
1846
1813
1757
1711
1672
1656
1673
1705
1772
1819
1876
1903
1939
1952
1979
1983
1992
1983
1970
1956
1955
1943
1944
1926
1921
1922
1933
1955
1948
1949
1926
1901
1842
1789
1750
1720
1710
1755
1803
1860
1931
2016
2100
2169
2213
2210
2198
2144
2078
2006
1975
1939
1918
1882
1884
1889
1928
1987
2065
2106
2124
2107
2075
2014
1967
1937
1938
1940
1938
1969
1993
2026
2052
2069
2047
1994
1899
1779
1703
1651
1605
1591
1602
1620
1664
1704
1710
1669
1635
1607
1579
1536
1521
1514
1520
1554
1599
1647
1693
1737
1745
1735
1725
1735
1739
1749
1719
1702
1680
1685
1719
1751
1751
1745
1724
1681
1613
1539
1499
1474
1463
1512
1593
1660
1718
1778
1817
1803
1799
1782
1781
1781
1820
1860
1886
1899
1910
1872
1828
1755
1711
1662
1637
1627
1625
1642
1682
1786
1891
2010
2080
2142
2190
2251
2269
2266
2232
2160
2086
2041
1986
1949
1891
1885
1865
1861
1865
1855
1838
1809
1801
1809
1811
1817
1830
1846
1883
1926
1982
2044
2124
2168
2176
2160
2139
2139
2126
2112
2092
2099
2108
2097
2093
2111
2144
2188
2227
2265
2267
2239
2194
2157
2111
2070
2036
2020
2035
2048
2073
2104
2136
2157
2177
2224
2236
2252
2266
2254
2238
2186
2152
2117
2095
2083
2079
2084
2059
2023
1972
1943
1926
1922
1906
1909
1900
1890
1884
1857
1837
1820
1847
1924
2016
2107
2185
2297
2378
2408
2418
2386
2337
2261
2192
2078
2003
1962
1973
1989
2029
2074
2141
2187
2181
2139
2081
2017
1945
1883
1821
1957
2032
2075
2099
2099
2097
2069
2042
2024
2001
1967
1963
1941
1933
1934
1937
1924
1925
1924
1936
1950
1988
2032
2064
2114
2123
2119
2087
2037
1961
1891
1828
1801
1791
1830
1874
1897
1906
1914
1893
1913
1919
1922
1912
1914
1910
1882
1839
1809
1815
1819
1804
1788
1787
1807
1837
1880
1903
1922
1932
1942
1953
1931
1890
1849
1855
1845
1848
1843
1832
1811
1782
1767
1770
1758
1758
1756
1769
1741
1731
1692
1671
1645
1649
1643
1647
1637
1628
1625
1619
1595
1570
1557
1556
1562
1572
1619
1661
1712
1732
1765
1781
1813
1833
1897
1900
1881
1851
1827
1795
1784
1770
1739
1713
1691
1654
1648
1669
1696
1699
1702
1727
1745
1776
1781
1801
1813
1856
1894
1952
1986
2048
2107
2169
2195
2211
2196
2162
2102
2035
1978
1934
1880
1864
1871
1905
1944
1960
2000
2049
2114
2158
2217
2255
2273
2273
2268
2256
2252
2241
2221
2184
2146
2103
2075
2049
2044
2036
2030
2038
2038
2075
2123
2169
2203
2228
2283
2329
2376
2391
2380
2358
2343
2337
2327
2311
2308
2319
2330
2356
2388
2436
2484
2501
2503
2498
2490
2489
2469
2480
2496
2529
2562
2608
2656
2684
2690
2702
2703
2706
2702
2695
2682
2652
2634
2607
2593
2580
2596
2590
2583
2563
2546
2504
2502
2490
2482
2485
2516
2548
2570
2584
2585
2589
2606
2629
2644
2658
2681
2705
2721
2742
2738
2737
2718
2715
2693
2686
2661
2654
2639
2622
2592
2570
2535
2498
2433
2368
2320
2296
2300
2296
2277
2255
2290
2303
2326
2354
2403
2445
2503
2552
2604
2626
2655
2669
2680
2689
2684
2685
2655
2643
2628
2614
2609
2582
2560
2528
2514
2522
2543
2553
2582
2594
2624
2660
2695
2700
2671
2643
2614
2603
2591
2589
2573
2584
2584
2581
2561
2547
2522
2502
2484
2498
2494
2494
2475
2453
2392
2342
2275
2225
2189
2166
2179
2195
2232
2255
2318
2345
2390
2431
2448
2414
2390
2368
2336
2299
2248
2205
2195
2197
2240
2283
2329
2349
2362
2368
2372
2361
2338
2311
2289
2275
2258
2247
2243
2259
2268
2281
2283
2301
2321
2353
2380
2416
2441
2452
2465
2468
2434
2402
2394
2365
2325
2267
2200
2157
2122
2099
2118
2166
2217
2288
2334
2334
2315
2287
2251
2212
2161
2107
2085
2075
2052
2055
2047
2042
2045
2015
1990
1969
1976
1974
1965
1938
1904
1875
1844
1831
1824
1831
1849
1859
1878
1881
1880
1891
1915
1943
1960
1987
2013
2050
2114
2168
2196
2222
2229
2260
2248
2270
2303
2311
2282
2230
2163
2107
2033
1960
1913
1896
1903
1933
1973
1998
1995
1962
1917
1891
1857
1812
1792
1772
1773
1780
1857
1920
1974
2010
2039
2076
2112
2145
2186
2193
2185
2165
2129
2126
2118
2089
2064
2034
1986
1910
1810
1735
1704
1706
1764
1820
1891
1933
1970
1997
2013
2029
2041
2047
2036
2032
2040
2050
2075
2075
2041
2037
2047
2087
2104
2139
2162
2163
2146
2144
2172
2205
2219
2212
2174
2118
2082
2061
2075
2060
2049
2032
2034
2046
2091
2145
2195
2205
2213
2193
2175
2164
2198
2238
2271
2308
2342
2346
2341
2336
2328
2319
2302
2298
2279
2277
2257
2261
2232
2241
2231
2215
2179
2163
2133
2090
2055
2025
1992
1961
1944
1907
1850
1806
1799
1775
1753
1736
1775
1826
1871
1930
2015
2066
2098
2120
2116
2075
2031
1994
1955
1937
1925
1961
2010
2056
2070
2080
2075
2079
2104
2120
2098
2058
2020
1980
1957
1962
1955
1933
1929
1940
1963
2000
2025
2031
2033
2046
2072
2112
2118
2112
2097
2092
2097
2118
2145
2175
2194
2188
2144
2109
2068
2029
2014
2006
2013
2021
2041
2050
2075
2088
2117
2136
2145
2152
2153
2130
2111
2116
2166
2188
2198
2134
2029
1943
1867
1825
1773
1738
1743
1774
1820
1884
1938
2025
2080
2111
2108
2111
2096
2112
2110
2114
2102
2125
2136
2145
2146
2168
2185
2226
2238
2212
2173
2103
2023
1982
1940
1911
1902
1903
1915
1950
2001
2026
2052
2085
2096
2103
2112
2137
2149
2146
2137
2153
2178
2196
2207
2207
2183
2148
2129
2121
2128
2156
2207
2271
2343
2373
2393
2404
2414
2390
2354
2314
2260
2205
2126
2070
2077
2124
2161
2203
2207
2192
2181
2196
2201
2219
2231
2254
2268
2296
2331
2368
2379
2423
2460
2507
2560
2567
2576
2590
2599
2599
2615
2584
2528
2452
2390
2324
2326
2319
2312
2288
2298
2290
2298
2300
2310
2324
2346
2361
2352
2344
2312
2296
2304
2314
2304
2303
2284
2272
2242
2215
2165
2132
2108
2098
2097
2090
2064
2052
2010
1969
1922
1894
1905
1933
1970
2007
2023
2010
1952
1910
1884
1874
1875
1876
1877
1899
1926
1967
1995
1990
1987
1987
1993
1991
1963
1940
1919
1903
1890
1865
1836
1786
1785
1815
1903
1967
2007
2053
2105
2152
2199
2220
2224
2221
2205
2186
2159
2135
2111
2095
2075
2063
2042
2034
2017
2006
1987
1977
1987
1995
1990
2001
2011
2017
2006
2035
2106
2155
2206
2272
2341
2374
2415
2426
2434
2426
2416
2400
2391
2367
2346
2297
2204
2115
2033
1953
1880
1849
1851
1875
1926
1962
1967
1970
1977
1997
2001
1999
1983
1956
1910
1891
1908
1944
1964
1965
1955
1992
2053
2113
2165
2201
2238
2286
2296
2241
2168
2101
2046
2015
2006
1998
1990
2013
2054
2116
2154
2195
2222
2249
2276
2307
2340
2375
2411
2434
2443
2437
2397
2361
2340
2324
2316
2310
2302
2301
2310
2292
2287
2254
2240
2178
2137
2111
2115
2130
2119
2098
2067
2038
2019
1979
1963
1972
1997
2017
2015
2000
1975
1963
1900
1849
1804
1781
1765
1775
1769
1760
1756
1747
1757
1788
1826
1885
1950
2036
2121
2149
2169
2179
2199
2196
2178
2144
2115
2117
2126
2104
2093
2072
2076
2091
2143
2193
2223
2227
2224
2212
2162
2103
2033
1986
1911
1829
1762
1735
1742
1737
1776
1809
1827
1864
1886
1891
1895
1896
1869
1847
1838
1864
1903
1939
1981
2035
2109
2148
2164
2140
2110
2109
2103
2110
2106
2141
2182
2221
2239
2222
2176
2122
2077
2062
2050
2023
1999
1963
1934
1882
1840
1787
1750
1730
1737
1728
1748
1771
1826
1848
1865
1885
1925
1970
2018
2061
2103
2121
2127
2147
2149
2139
2103
2081
2037
2048
2059
2095
2089
2074
2026
1996
1994
2001
1990
1979
1970
1949
1929
1912
1888
1863
1850
1853
1883
1906
1927
1913
1907
1883
1877
1883
1920
1945
1970
1981
1993
2017
2041
2061
2055
2008
1933
1861
1795
1764
1748
1756
1789
1834
1869
1904
1916
1931
1933
1941
1939
1937
1935
1940
1925
1907
1865
1822
1796
1795
1817
1837
1883
1885
1877
1881
1861
1844
1855
1879
1916
1947
1948
1960
1974
1994
2020
2063
2118
2154
2159
2148
2139
2105
2057
2002
1921
1875
1854
1827
1813
1800
1810
1818
1852
1853
1843
1829
1826
1819
1801
1802
1798
1781
1770
1766
1762
1755
1757
1752
1723
1757
1765
1799
1806
1820
1827
1893
1962
2005
2014
2028
2032
2038
2018
1994
1950
1895
1852
1781
1743
1712
1700
1730
1831
1903
1982
2007
2012
1985
1978
1963
1972
1971
1985
1991
1999
2000
2011
2013
1992
1970
1935
1911
1883
1861
1853
1857
1887
1916
1928
1931
1930
1950
1971
2027
2062
2054
2040
2022
1982
1909
1817
1748
1676
1633
1589
1544
1509
1510
1526
1559
1587
1620
1661
1668
1652
1642
1644
1648
1634
1629
1618
1611
1613
1633
1660
1680
1655
1619
1576
1541
1534
1549
1575
1611
1651
1663
1647
1626
1624
1635
1640
1642
1662
1684
1710
1747
1774
1760
1744
1730
1679
1636
1579
1570
1579
1628
1676
1726
1765
1784
1784
1792
1801
1794
1798
1805
1763
1751
1729
1693
1652
1579
1511
1479
1459
1406
1348
1285
1238
1193
1185
1169
1169
1159
1166
1196
1275
1365
1471
1552
1660
1720
1752
1763
1747
1723
1706
1667
1634
1636
1643
1659
1673
1679
1649
1643
1619
1613
1615
1621
1639
1639
1622
1605
1569
1549
1557
1551
1544
1552
1521
1449
1361
1300
1288
1305
1381
1492
1586
1666
1759
1826
1856
1835
1776
1714
1652
1615
1601
1613
1639
1642
1658
1705
1794
1879
1950
1980
2007
2013
2020
2014
1979
1925
1831
1753
1710
1697
1707
1701
1708
1725
1773
1830
1901
1977
2057
2097
2105
2077
2001
1945
1899
1898
1895
1921
1930
1963
2002
2047
2091
2160
2225
2274
2285
2287
2258
2234
2202
2160
2117
2100
2109
2103
2140
2171
2208
2225
2259
2260
2275
2279
2280
2265
2234
2185
2136
2077
2028
1983
1968
1968
1990
2031
2087
2146
2216
2289
2346
2068
2007
1934
1913
1899
1884
1856
1889
1911
1964
2050
2135
2217
2290
2347
2394
2416
2444
2456
2458
2464
2470
2483
2499
2512
2519
2503
2493
2456
2408
2365
2294
2235
2185
2157
2138
2111
2100
2108
2163
2198
2218
2271
2315
2384
2426
2468
2491
2486
2472
2449
2395
2351
2287
2225
2145
2077
2006
1950
1921
1906
1917
1908
1905
1881
1869
1855
1821
1750
1681
1614
1589
1602
1642
1697
1781
1867
1979
2052
2128
2168
2210
2243
2286
2308
2307
2306
2306
2291
2278
2260
2232
2226
2199
2207
2212
2242
2258
2292
2315
2343
2366
2375
2365
2341
2299
2259
2215
2174
2145
2141
2139
2135
2148
2145
2161
2180
2192
2186
2144
2085
2044
1973
1936
1913
1899
1888
1874
1875
1907
1936
1955
1961
1954
1941
1907
1904
1921
1962
2003
2043
2083
2120
2133
2119
2091
2082
2064
2063
2073
2098
2150
2178
2191
2199
2204
2218
2215
2199
2146
2127
2092
2060
2019
1976
1973
1999
2057
2119
2176
2214
2250
2260
2216
2120
1997
1897
1815
1760
1679
1599
1544
1506
1497
1489
1527
1608
1706
1778
1855
1897
1930
1933
1933
1937
1949
1947
1970
1971
1990
1999
1982
1967
1964
1962
2001
2048
2093
2136
2163
2163
2153
2143
2140
2164
2191
2183
2150
2124
2110
2126
2148
2203
2202
2177
2119
2038
1955
1887
1835
1821
1807
1785
1792
1768
1757
1738
1766
1786
1815
1803
1805
1795
1804
1838
1901
1930
1935
1933
1920
1875
1859
1864
1869
1889
1946
1992
2037
2063
2064
2046
2024
1984
1902
1863
1829
1787
1782
1776
1797
1829
1907
1973
2045
2143
2241
2303
2337
2364
2384
2390
2382
2388
2394
2414
2420
2416
2422
2429
2430
2424
2408
2397
2400
2422
2449
2466
2492
2495
2484
2458
2422
2357
2280
2214
2166
2114
2076
2053
2037
2015
2022
2027
2039
2032
2050
2056
2080
2126
2200
2248
2290
2341
2382
2392
2378
2345
2266
2190
2094
2019
1953
1910
1854
1853
1880
1923
1944
1978
2008
2045
2059
2065
2056
2058
2074
2093
2102
2122
2149
2175
2182
2186
2198
2176
2150
2094
2053
2000
1966
1939
1926
1917
1927
1933
1912
1903
1913
1938
1957
1981
2002
2024
2041
2051
2095
2119
2145
2148
2116
2077
2027
1975
1910
1914
1919
1956
1987
2002
2019
2051
2076
2095
2094
2089
2082
2073
2078
2089
2095
2074
2063
2060
2087
2119
2179
2229
2275
2310
2321
2343
2347
2343
2330
2298
2253
2193
2132
2060
1988
1902
1817
1721
1607
1563
1542
1550
1566
1612
1681
1752
1842
1913
1972
2031
2057
2054
2007
1971
1958
1965
1967
1972
1964
1939
1930
1970
2034
2063
2061
2051
2030
2031
2023
2042
2086
2138
2164
2182
2200
2222
2235
2239
2225
2221
2233
2234
2232
2231
2234
2229
2243
2256
2275
2311
2367
2415
2465
2478
2482
2445
2407
2341
2277
2201
2151
2087
2082
2103
2137
2165
2211
2232
2272
2292
2318
2349
2353
2339
2271
2185
2117
2070
2022
2017
1996
1990
1978
1968
1938
1912
1857
1814
1788
1767
1777
1805
1847
1907
1983
2051
2113
2163
2206
2198
2156
2120
2080
2052
2045
2051
2071
2081
2105
2110
2124
2108
2079
2039
1987
1912
1849
1817
1794
1823
1866
1910
1952
1984
2011
2027
2020
1998
1981
2022
2053
2075
2110
2137
2176
2184
2206
2226
2257
2274
2301
2302
2284
2267
2274
2272
2248
2234
2249
2240
2203
2152
2074
1998
1943
1928
1945
1990
2043
2092
2127
2182
2248
2310
2354
2368
2373
2388
2384
2355
2308
2250
2187
2150
2138
2131
2139
2158
2200
2263
2359
2430
2508
2535
2552
2564
2589
2608
2601
2564
2532
2517
2527
2537
2539
2545
2514
2472
2390
2343
2289
2244
2196
2178
2131
2111
2114
2133
2166
2205
2228
2254
2264
2265
2252
2245
2249
2267
2288
2306
2322
2319
2313
2304
2323
2356
2398
2399
2385
2338
2274
2243
2214
2173
2139
2104
2104
2125
2202
2252
2297
2324
2318
2305
2266
2247
2203
2161
2122
2095
2067
2067
2074
2084
2077
2101
2134
2179
2223
2278
2303
2317
2337
2327
2299
2273
2244
2196
2156
2126
2109
2115
2146
2158
2167
2145
2142
2153
2153
2150
2150
2148
2131
2112
2122
2131
2099
2044
1982
1946
1917
1907
1923
1967
2021
2039
2070
2091
2109
2116
2131
2131
2108
2078
2048
2004
1968
1927
1894
1868
1890
1925
1935
1961
1982
2018
2057
2077
2080
2073
2077
2087
2069
2083
2074
2082
2087
2111
2103
2108
2100
2134
2160
2183
2161
2148
2148
2184
2220
2256
2291
2325
2377
2404
2421
2422
2433
2392
2369
2325
2304
2287
2270
2229
2192
2152
2134
2142
2180
2220
2251
2309
2344
2369
2382
2411
2422
2415
2356
2316
2296
2297
2289
2276
2241
2243
2256
2280
2277
2281
2264
2236
2192
2145
2126
2080
2060
2073
2081
2094
2114
2103
2099
2084
2073
2044
2038
2024
2031
2050
2090
2140
2203
2262
2287
2298
2329
2357
2407
2448
2466
2468
2430
2384
2325
2276
2246
2205
2159
2125
2092
2072
2083
2088
2112
2143
2160
2177
2201
2203
2205
2193
2180
2160
2140
2122
2110
2120
2162
2187
2167
2162
2155
2176
2193
2214
2225
2233
2247
2279
2317
2363
2393
2438
2483
2528
2550
2555
2569
2557
2557
2529
2494
2443
2398
2342
2304
2284
2286
2305
2341
2325
2304
2287
2269
2242
2210
2168
2122
2107
2094
2079
2053
2029
2016
2016
2014
2042
2068
2114
2127
2154
2174
2213
2247
2290
2320
2337
2353
2377
2394
2391
2393
2376
2384
2388
2380
2366
2344
2284
2206
2145
2093
2019
1960
1899
1895
1895
1928
1979
2049
2102
2138
2157
2170
2181
2191
2210
2227
2263
2290
2303
2315
2332
2332
2344
2330
2322
2316
2319
2292
2273
2231
2199
2161
2148
2123
2104
2084
2087
2074
2055
2029
1989
1975
1967
1983
1979
2012
2028
2058
2063
2082
2065
2031
1993
1947
1923
1898
1857
1806
1766
1743
1734
1791
1839
1902
1952
1991
2028
2052
2069
2055
2040
2047
2039
2059
2092
2143
2181
2222
2224
2216
2206
2201
2199
2189
2199
2223
2248
2296
2364
2408
2423
2401
2374
2339
2316
2278
2245
2237
2259
2276
2282
2272
2265
2227
2206
2194
2206
2226
2257
2283
2294
2295
2282
2258
2240
2240
2241
2243
2226
2228
2220
2248
2261
2298
2323
2359
2374
2386
2390
2387
2371
2357
2330
2307
2300
2291
2290
2294
2309
2304
2299
2271
2258
2242
2243
2226
2199
2179
2172
2162
2173
2183
2225
2261
2289
2320
2336
2326
2350
2366
2383
2402
2418
2421
2410
2384
2359
2322
2278
2249
2232
2245
2245
2246
2257
2267
2271
2279
2302
2328
2325
2312
2297
2272
2255
2235
2214
2198
2188
2211
2235
2250
2277
2308
2332
2361
2391
2403
2388
2364
2340
2338
2323
2286
2242
2172
2133
2087
2048
2008
1983
1959
1942
1904
1880
1866
1858
1824
1819
1850
1906
1983
2047
2080
2103
2102
2113
2127
2159
2197
2217
2225
2243
2255
2260
2259
2260
2226
2169
2146
2102
2055
2015
2002
1999
2042
2045
2058
2043
2043
2016
1986
1958
1946
1962
1995
2017
2039
2042
2053
2079
2104
2110
2075
2044
2018
2009
1990
1995
1979
1975
1973
2004
2038
2069
2068
2051
2005
1998
1992
1986
1979
1953
1893
1855
1816
1802
1802
1795
1823
1864
1907
1945
1988
2020
2031
2040
2074
2102
2124
2108
2092
2100
2123
2130
2105
2058
2003
1933
1822
1749
1701
1678
1670
1647
1643
1669
1685
1697
1677
1687
1747
1819
1857
1876
1913
1947
1982
2011
2011
1972
1965
1955
1962
1946
1928
1922
1917
1944
1968
1974
1958
1921
1854
1777
1721
1683
1688
1701
1774
1864
1924
1980
2026
2055
2081
2093
2038
1958
1886
1802
1726
1656
1601
1545
1518
1518
1545
1572
1586
1564
1589
1619
1684
1752
1807
1872
1925
1972
2008
2018
2033
2025
2013
1991
1930
1894
1844
1832
1798
1807
1803
1810
1809
1825
1819
1849
1882
1923
1949
1973
1967
1944
1900
1831
1775
1759
1738
1725
1730
1718
1715
1718
1795
1861
1939
1988
2058
2093
2130
2165
2221
2230
2233
2216
2160
2111
2052
1992
1933
1932
1925
1948
1985
2017
2036
2030
1983
1963
1901
1850
1807
1772
1757
1786
1826
1857
1911
1942
1981
2004
2030
2051
2091
2099
2095
2072
2050
2016
2015
2028
2051
2048
2075
2110
2157
2202
2213
2218
2239
2274
2324
2365
2390
2362
2287
2179
2035
1944
1877
1820
1794
1765
1767
1814
1947
2051
2126
2173
2214
2232
2256
2261
2271
2293
2313
2313
2285
2223
2150
2092
2045
2039
2036
2063
2080
2133
2183
2213
2278
2316
2319
2329
2310
2312
2308
2300
2285
2273
2259
2303
2314
2335
2322
2319
2267
2226
2186
2160
2126
2130
2113
2127
2180
2216
2209
2197
2210
2219
2236
2246
2287
2338
2402
2438
2501
2532
2566
2581
2622
2614
2600
2581
2553
2538
2536
2510
2492
2487
2477
2476
2498
2516
2533
2538
2499
2449
2396
2390
2391
2425
2459
2509
2556
2611
2626
2672
2688
2685
2685
2674
2678
2682
2678
2675
2670
2661
2655
2642
2605
2572
2527
2483
2436
2410
2366
2346
2346
2382
2422
2467
2491
2515
2532
2533
2508
2468
2423
2392
2369
2355
2355
2355
2372
2403
2410
2442
2486
2523
2546
2552
2566
2566
2574
2545
2511
2452
2436
2419
2425
2411
2403
2414
2428
2437
2461
2480
2473
2474
2448
2416
2397
2401
2401
2414
2420
2423
2407
2433
2442
2473
2496
2503
2501
2510
2500
2480
2473
2482
2487
2500
2495
2478
2482
2482
2493
2490
2495
2484
2499
2495
2501
2496
2500
2509
2536
2539
2570
2576
2569
2572
2569
2552
2560
2565
2564
2560
2525
2520
2502
2532
2544
2532
2515
2521
2523
2548
2564
2575
2576
2596
2612
2619
2621
2614
2631
2640
2610
2562
2506
2448
2404
2351
2311
2274
2259
2245
2251
2255
2275
2302
2335
2363
2378
2383
2361
2341
2315
2307
2313
2340
2366
2380
2413
2420
2432
2437
2445
2451
2457
2484
2488
2477
2444
2410
2394
2356
2317
2273
2227
2228
2226
2227
2212
2202
2195
2195
2197
2209
2210
2234
2251
2287
2303
2326
2320
2330
2340
2343
2340
2320
2288
2250
2214
2169
2142
2115
2092
2064
2030
2004
2007
1984
1958
1943
1955
1927
1934
1940
1971
1987
2029
2049
2064
2056
2072
2096
2150
2172
2180
2175
2159
2165
2146
2119
2056
2034
2017
2010
2002
2032
2067
2111
2146
2173
2167
2136
2101
2071
2019
1997
1972
1981
1983
2000
2031
2070
2114
2165
2224
2251
2292
2334
2381
2418
2449
2477
2500
2512
2512
2527
2523
2501
2485
2445
2362
2281
2202
2160
2138
2131
2174
2248
2336
2389
2406
2446
2476
2485
2442
2399
2286
2201
2136
2078
2038
2019
2003
2005
2025
2036
2051
2057
2063
2081
2076
2077
2082
2093
2097
2104
2123
2124
2124
2122
2126
2122
2112
2127
2155
2188
2202
2209
2188
2164
2145
2141
2137
2133
2107
2095
2107
2120
2149
2159
2147
2138
2134
2128
2126
2135
2156
2153
2169
2184
2212
2230
2283
2308
2331
2340
2343
2349
2359
2377
2377
2380
2369
2378
2378
2370
2335
2307
2255
2233
2186
2170
2128
2087
2033
2011
2019
2026
2049
2082
2108
2145
2160
2160
2186
2195
2173
2154
2151
2143
2149
2159
2221
2279
2348
2393
2410
2421
2419
2381
2307
2231
2149
2071
2001
1953
1905
1877
1868
1865
1885
1941
2001
2064
2104
2146
2174
2210
2235
2272
2322
2377
2400
2398
2363
2296
2237
2184
2143
2118
2102
2071
2043
2040
2021
2031
2034
2039
2043
2064
2100
2144
2177
2203
2230
2247
2231
2187
2121
2064
2019
1975
1965
1974
2011
2059
2149
2221
2267
2275
2300
2308
2303
2270
2230
2209
2178
2134
2106
2080
2053
2020
2009
2024
2032
2038
2043
2056
2081
2126
2152
2181
2186
2210
2201
2188
2137
2079
2039
2022
2013
2008
2005
2020
2028
2044
2079
2118
2167
2211
2234
2231
2222
2209
2210
2187
2179
2194
2194
2192
2210
2205
2215
2239
2260
2273
2291
2291
2267
2243
2229
2200
2148
2098
2057
2034
1998
1959
1928
1918
1922
1938
1955
1968
1975
1979
1961
1977
2016
2085
2149
2205
2247
2242
2222
2204
2180
2148
2115
2080
2033
1980
1932
1937
1936
1947
1951
1984
2007
2039
2052
2056
2050
2042
2054
2057
2053
2044
2044
2062
2071
2087
2107
2103
2126
2144
2188
2199
2205
2196
2201
2204
2226
2229
2255
2255
2257
2252
2268
2273
2281
2269
2257
2273
2276
2283
2278
2291
2303
2317
2306
2314
2317
2343
2337
2344
2333
2330
2314
2294
2246
2214
2180
2148
2130
2139
2167
2197
2218
2244
2263
2274
2276
2273
2273
2276
2301
2312
2327
2324
2309
2266
2216
2191
2167
2148
2141
2141
2157
2192
2229
2235
2212
2204
2221
2237
2239
2255
2267
2288
2291
2300
2297
2303
2294
2286
2241
2175
2074
1991
1914
1855
1797
1754
1691
1675
1679
1691
1703
1716
1740
1759
1804
1840
1860
1869
1842
1797
1727
1706
1710
1735
1766
1797
1826
1859
1911
1940
1971
1975
1998
2003
2009
2035
2062
2055
2012
1918
1802
1679
1557
1467
1384
1334
1287
1271
1301
1334
1369
1395
1403
1397
1404
1445
1487
1551
1611
1678
1735
1808
1878
1967
2041
2129
2198
2284
2355
2425
2471
2466
2406
2331
2250
2164
2091
2030
1964
1921
1913
1902
1906
1894
1853
1793
1767
1780
1824
1866
1926
1980
2019
2029
2047
2043
2033
2025
2014
2011
2020
2056
2097
2147
2173
2193
2204
2203
2187
2163
2148
2148
2137
2167
2190
2188
2194
2208
2227
2240
2259
2280
2316
2348
2389
2430
2470
2490
2493
2487
2469
2474
2463
2456
2396
2339
2284
2233
2188
2163
2146
2144
2163
2166
2177
2173
2169
2167
2162
2137
2104
2066
2048
2043
2088
2126
2155
2182
2236
2266
2315
2336
2357
2370
2387
2364
2322
2270
2224
2192
2143
2113
2090
2086
2122
2160
2206
2257
2297
2318
2319
2316
2310
2316
2277
2276
2241
2224
2199
2210
2191
2172
2144
2129
2112
2092
2066
2031
2003
1984
1957
1898
1861
1838
1856
1866
1943
1992
2059
2095
2131
2157
2162
2107
2035
1958
1880
1826
1798
1789
1827
1898
1972
2008
2014
2059
2080
2086
2085
2115
2148
2169
2173
2196
2174
2132
2076
2029
1992
1983
1969
1978
2010
2058
2103
2123
2109
2069
2018
1950
1904
1850
1815
1802
1827
1896
1972
2029
2106
2169
2207
2208
2159
2116
2065
2005
1936
1884
1822
1754
1683
1632
1603
1594
1595
1594
1595
1613
1657
1683
1709
1728
1727
1709
1695
1683
1642
1613
1596
1576
1577
1608
1666
1766
1883
1951
1972
2002
2013
2006
1979
1975
1941
1894
1828
1766
1741
1734
1714
1707
1679
1653
1662
1687
1738
1786
1860
1926
2026
2088
2133
2133
2140
2129
2121
2095
2105
2098
2099
2097
2106
2124
2152
2174
2187
2212
2223
2244
2263
2267
2252
2232
2194
2162
2116
2076
2029
2002
1984
1967
1931
1927
1937
1957
1976
1979
1972
1958
1916
1899
1898
1911
1933
1955
1951
1919
1832
1757
1685
1595
1542
1514
1472
1455
1420
1357
1284
1211
1144
1074
1029
1000
1023
1083
1165
1290
1403
1497
1582
1642
1742
1790
1838
1864
1862
1811
1766
1707
1608
1505
1415
1326
1240
1176
1132
1093
1073
1061
1056
1055
1038
1046
1056
1095
1137
1211
1273
1331
1365
1413
1440
1501
1577
1639
1682
1699
1695
1708
1715
1735
1776
1787
1775
1769
1777
1779
1798
1792
1785
1738
1691
1617
1550
1465
1395
1321
1255
1238
1264
1307
1380
1467
1542
1611
1639
1625
1574
1532
1502
1491
1443
1399
1344
1310
1295
1321
1359
1392
1391
1406
1465
47.29248047
1.662084937
999
