5835
1998
1959
1998
1946
1973
1946
2006
1971
2011
1974
2020
1989
2004
1953
1995
1966
2009
1959
1991
1949
1992
1936
1939
1883
1917
1877
1913
1857
1883
1874
1915
1888
1904
1867
1894
1878
1889
1834
1857
1849
1871
1807
1829
1822
1855
1833
1851
1819
1858
1842
1871
1846
1846
1821
1863
1820
1839
1806
1838
1819
1823
1778
1792
1771
1774
1727
1731
1725
1771
1761
1795
1802
1887
1902
1922
1916
1938
1947
1965
1919
1907
1884
1886
1875
1867
1840
1857
1860
1855
1832
1847
1880
1898
1905
1920
1923
1946
1936
1907
1889
1859
1878
1867
1856
1848
1828
1791
1815
1792
1799
1802
1847
1850
1867
1866
1887
1889
1897
1873
1883
1879
1891
1855
1859
1819
1853
1841
1854
1843
1861
1850
1873
1820
1841
1811
1859
1834
1859
1846
1876
1869
1914
1868
1888
1871
1921
1882
1881
1831
1885
1876
1916
1875
1914
1912
1967
1920
1932
1885
1915
1871
1881
1835
1853
1821
1848
1792
1811
1812
1875
1863
1900
1873
1935
1917
1952
1905
1926
1906
1922
1931
1924
1923
1911
1902
1893
1919
1888
1938
1909
1913
1896
1934
1927
1940
1894
1918
1892
1955
1925
1952
1933
2001
1984
2033
1995
2037
2017
2055
2005
2050
1990
2029
1985
2009
1971
2033
2012
2072
2006
2043
1982
2028
1979
2005
1939
1984
1963
1996
1946
1973
1932
1996
1956
1965
1903
1901
1870
1880
1818
1808
1758
1765
1733
1723
1693
1737
1734
1776
1763
1808
1855
1881
1906
1919
1922
1931
1946
1936
1949
1896
1912
1867
1869
1826
1841
1816
1884
1841
1885
1859
1924
1904
1950
1929
1993
1937
1974
1912
1952
1874
1937
1897
1938
1877
1926
1894
1954
1901
1951
1903
1950
1900
1914
1862
1915
1862
1907
1856
1887
1848
1912
1882
1938
1919
2016
2015
2076
2046
2094
2098
2173
2136
2182
2146
2185
2167
2169
2133
2165
2164
2184
2150
2131
2126
2152
2158
2143
2123
2148
2171
2176
2191
2175
2208
2223
2217
2186
2206
2163
2189
2147
2139
2090
2114
2111
2162
2099
2129
2087
2140
2089
2113
2068
2141
2113
2159
2107
2161
2140
2202
2164
2228
2192
2254
2228
2248
2189
2212
2173
2212
2151
2189
2147
2200
2150
2191
2132
2187
2164
2195
2152
2187
2148
2188
2116
2142
2103
2147
2122
2161
2116
2131
2109
2125
2147
2144
2129
2147
2173
2199
2198
2216
2232
2244
2275
2247
2232
2209
2238
2208
2222
2162
2161
2164
2191
2139
2153
2131
2189
2170
2205
2160
2195
2180
2209
2172
2172
2110
2162
2129
2146
2106
2146
2149
2196
2171
2205
2182
2238
2239
2276
2262
2272
2267
2286
2262
2255
2241
2271
2259
2244
2222
2213
2222
2236
2225
2229
2239
2255
2274
2273
2277
2278
2296
2298
2291
2274
2284
2298
2301
2291
2266
2271
2263
2239
2240
2207
2216
2206
2217
2200
2208
2186
2217
2216
2238
2210
2254
2255
2282
2236
2255
2223
2281
2252
2286
2233
2267
2259
2288
2240
2267
2238
2282
2224
2257
2207
2228
2233
2279
2217
2236
2220
2259
2223
2239
2211
2268
2257
2303
2272
2316
2319
2342
2304
2315
2283
2318
2274
2275
2238
2229
2231
2239
2214
2202
2190
2185
2195
2172
2181
2207
2226
2229
2220
2228
2248
2247
2263
2255
2261
2278
2291
2251
2244
2203
2214
2189
2191
2159
2141
2101
2148
2102
2125
2083
2120
2097
2117
2088
2154
2138
2207
2156
2199
2169
2228
2185
2219
2156
2203
2155
2178
2100
2116
2065
2127
2082
2117
2057
2115
2091
2142
2098
2130
2089
2155
2095
2126
2068
2135
2106
2122
2055
2053
2013
2058
1996
2023
1979
2022
2024
2050
2040
2097
2111
2170
2145
2144
2145
2188
2178
2192
2159
2179
2155
2146
2148
2107
2096
2078
2062
2022
2029
1991
2044
2019
2045
2023
2074
2067
2125
2074
2143
2109
2197
2148
2184
2136
2189
2139
2186
2121
2175
2138
2212
2152
2218
2162
2231
2178
2225
2168
2224
2189
2239
2188
2214
2147
2183
2141
2162
2094
2085
2026
2045
1990
1997
1941
1985
1926
1920
1908
1914
1916
1953
1944
1960
1955
1974
2020
1997
1986
1938
1976
1981
1979
1970
1993
1981
2030
1999
2036
2019
2065
2031
2079
2010
2014
1980
2020
1935
1932
1873
1923
1882
1927
1882
1922
1886
1927
1887
1895
1837
1878
1851
1883
1840
1881
1882
1923
1910
1926
1917
1947
1937
1942
1940
1927
1928
1948
1967
1945
1945
1980
2006
2005
2021
2001
2027
2036
2049
2032
2058
2000
2031
1992
2000
1949
1964
1930
1940
1887
1896
1846
1902
1873
1902
1858
1913
1907
1960
1932
1972
1951
1996
1974
2005
1964
1972
1977
2020
1988
2008
1988
2008
2014
2026
2009
2025
2037
2056
2018
2005
2003
1986
2017
2004
1983
1962
1980
1977
2004
1960
1966
1939
1960
1923
1935
1927
1979
1987
2048
2025
2052
2047
2114
2084
2109
2061
2092
2074
2100
2043
2079
2051
2092
2092
2111
2068
2099
2079
2103
2086
2081
2061
2087
2081
2086
2066
2089
2093
2104
2088
2077
2063
2064
2083
2084
2100
2081
2112
2117
2152
2132
2138
2113
2143
2100
2119
2044
2076
2043
2067
1992
2031
1972
2021
1981
2000
1940
1984
1958
2001
1981
2021
1992
2056
2025
2066
2022
2047
2061
2086
2073
2091
2075
2128
2102
2097
2089
2062
2075
2075
2058
2048
2056
2032
2099
2058
2075
2044
2099
2092
2111
2092
2103
2058
2130
2064
2081
2021
2064
2008
2048
1967
1988
1948
2006
1955
1995
1957
2000
2000
2042
2004
2041
2026
2096
2082
2083
2073
2077
2084
2078
2054
2063
2090
2098
2148
2127
2163
2165
2200
2180
2202
2135
2161
2104
2133
2050
2052
1984
1998
1935
1963
1884
1920
1891
1951
1879
1937
1880
1937
1922
1988
1942
1994
1961
2018
2022
2052
2027
2071
2063
2086
2045
2043
2031
2045
2051
2025
1999
1997
2011
1993
2031
1981
2008
1984
2006
1948
1965
1925
1994
1966
2010
1951
2027
2004
2051
2014
2066
2018
2101
2041
2070
2012
2063
2028
2049
2027
2014
1972
1997
1988
2001
1977
1961
1960
1959
1964
1931
1931
1936
1962
1937
1969
1936
1983
1986
2023
2002
2046
1989
2033
1993
2029
1965
2009
1964
1980
1927
1948
1896
1951
1929
1975
1912
1971
1953
2009
1971
1975
1913
1957
1935
1946
1925
1920
1935
1975
1983
1997
1976
1992
2035
2045
2047
2027
2044
2054
2058
2054
2085
2066
2110
2093
2102
2059
2100
2055
2097
2050
2088
2051
2103
2064
2083
2045
2057
2040
2093
2060
2093
2082
2138
2132
2151
2092
2098
2078
2103
2041
2037
2002
2003
2014
2021
2012
2042
2054
2076
2079
2074
2075
2082
2108
2107
2101
2086
2090
2090
2103
2089
2100
2100
2135
2111
2097
2030
2051
2021
2043
2004
2035
2034
2064
2063
2095
2052
2089
2070
2112
2080
2128
2107
2160
2153
2179
2139
2162
2152
2190
2187
2207
2175
2199
2186
2200
2177
2184
2204
2218
2226
2211
2189
2230
2236
2234
2238
2197
2232
2243
2253
2234
2247
2232
2281
2248
2262
2213
2263
2244
2263
2252
2274
2243
2288
2252
2265
2224
2252
2210
2231
2185
2197
2166
2219
2182
2217
2202
2231
2249
2275
2264
2273
2251
2278
2258
2241
2239
2270
2294
2306
2290
2276
2266
2266
2302
2278
2296
2274
2296
2285
2308
2262
2281
2252
2291
2234
2233
2176
2225
2183
2211
2167
2207
2178
2242
2182
2228
2185
2226
2209
2251
2202
2238
2198
2225
2209
2221
2183
2193
2181
2205
2187
2194
2190
2213
2220
2195
2190
2211
2213
2195
2217
2171
2200
2198
2222
2205
2214
2173
2242
2190
2224
2151
2194
2178
2218
2190
2242
2197
2260
2204
2228
2160
2204
2159
2209
2157
2180
2130
2193
2144
2193
2158
2166
2168
2207
2192
2205
2186
2228
2215
2202
2201
2170
2182
2181
2179
2147
2157
2102
2160
2134
2176
2140
2188
2177
2232
2164
2211
2157
2223
2161
2188
2119
2162
2120
2185
2127
2160
2124
2204
2151
2191
2140
2152
2115
2158
2097
2112
2074
2079
2100
2093
2085
2084
2107
2133
2135
2129
2127
2098
2116
2067
2081
2036
2074
2008
2054
1986
2006
1969
2020
1962
1980
1930
1979
1934
2000
1931
1973
1907
1957
1903
1915
1864
1907
1898
1951
1910
1959
1950
2001
2001
1997
1957
1971
1938
1943
1921
1892
1910
1938
1968
1966
1972
1987
2014
1994
2010
1965
1974
1955
1967
1932
1953
1903
1953
1909
1935
1895
1934
1927
1976
1958
2016
1974
2038
2019
2062
1999
2031
1983
2028
2001
2015
1964
1996
1972
1983
1962
1950
1931
1949
1930
1940
1919
1936
1978
1978
1995
1984
2018
2047
2052
2015
2019
1963
2003
1989
1995
1941
1955
1918
1968
1941
1971
1959
2033
2027
2055
2017
2049
2019
2057
2018
2053
2027
2087
2081
2119
2090
2124
2098
2142
2090
2106
2084
2092
2095
2090
2071
2074
2074
2116
2126
2120
2126
2124
2150
2149
2152
2140
2168
2189
2210
2198
2216
2212
2249
2234
2233
2178
2193
2166
2198
2149
2139
2104
2116
2105
2123
2082
2108
2079
2145
2114
2153
2129
2151
2148
2180
2129
2136
2108
2132
2147
2143
2126
2140
2158
2167
2147
2151
2147
2155
2191
2173
2148
2135
2148
2107
2122
2052
2071
2059
2092
2057
2077
2046
2095
2077
2099
2052
2090
2060
2107
2083
2131
2079
2141
2135
2178
2148
2197
2149
2200
2169
2198
2156
2197
2180
2215
2181
2191
2177
2209
2207
2213
2185
2195
2168
2148
2146
2119
2129
2125
2133
2118
2155
2106
2160
2144
2176
2130
2141
2129
2149
2091
2114
2054
2112
2058
2091
2039
2103
2053
2121
2079
2116
2054
2123
2080
2103
2059
2066
2028
2056
2017
2034
1977
1971
1988
1985
1965
1965
1976
2005
1983
1962
1962
1951
1995
1976
1969
1930
1944
1965
1930
1981
1939
2013
1959
1993
1928
1990
1924
1996
1936
1976
1935
2013
1984
2026
1968
1993
1925
1980
1923
1944
1875
1907
1910
1953
1947
1978
1975
2014
1989
1978
1986
1945
1947
1930
1924
1903
1897
1873
1942
1897
1934
1895
1939
1921
1944
1904
1947
1873
1925
1853
1886
1810
1875
1829
1879
1831
1892
1873
1969
1931
1986
1954
1972
1960
2004
1944
1962
1931
1994
1947
1922
1900
1890
1907
1925
1900
1920
1910
1897
1936
1910
1928
1931
1987
1995
2043
1996
2028
2000
2053
2010
2034
1988
2019
1982
2024
1966
2008
1982
2038
1979
2021
1975
2004
1966
1977
1901
1921
1878
1895
1887
1905
1862
1899
1896
1914
1879
1895
1882
1897
1903
1892
1896
1913
1936
1950
1982
1955
1988
2006
2034
2007
2017
1993
2013
1990
2005
1965
1993
1995
2020
1994
2007
1965
2015
2004
2041
2004
2045
2026
2080
2070
2096
2053
2111
2100
2124
2101
2103
2082
2120
2084
2077
2043
2087
2081
2103
2087
2084
2110
2156
2121
2131
2135
2113
2131
2125
2116
2106
2138
2153
2170
2147
2160
2147
2220
2214
2218
2188
2214
2193
2240
2205
2220
2176
2221
2183
2222
2185
2189
2173
2216
2176
2189
2165
2209
2213
2248
2218
2250
2250
2305
2266
2274
2241
2252
2254
2255
2225
2226
2217
2224
2231
2206
2199
2205
2221
2208
2195
2197
2213
2227
2244
2210
2228
2224
2256
2221
2233
2175
2212
2203
2239
2201
2233
2218
2279
2268
2302
2263
2296
2250
2265
2218
2234
2184
2243
2201
2229
2176
2230
2194
2219
2200
2227
2214
2265
2245
2276
2257
2239
2271
2291
2292
2303
2293
2318
2315
2291
2305
2272
2304
2292
2285
2249
2275
2201
2244
2194
2210
2150
2193
2163
2235
2191
2228
2173
2233
2191
2223
2157
2198
2171
2229
2197
2240
2197
2269
2224
2253
2219
2220
2214
2252
2223
2254
2227
2231
2260
2231
2224
2205
2227
2234
2222
2184
2195
2156
2186
2149
2166
2130
2168
2131
2199
2133
2190
2155
2232
2172
2210
2155
2210
2169
2206
2130
2162
2108
2171
2126
2159
2113
2160
2140
2168
2112
2139
2089
2112
2093
2102
2077
2104
2114
2142
2139
2126
2127
2105
2119
2101
2124
2141
2164
2153
2185
2125
2163
2137
2182
2149
2204
2132
2191
2167
2221
2153
2212
2185
2255
2251
2280
2226
2260
2223
2250
2178
2172
2130
2126
2103
2095
2087
2127
2137
2151
2180
2167
2203
2231
2272
2256
2267
2258
2313
2280
2295
2240
2264
2257
2296
2241
2261
2193
2255
2210
2259
2212
2277
2250
2297
2251
2292
2252
2300
2262
2300
2283
2309
2283
2317
2274
2292
2226
2262
2240
2241
2241
2240
2236
2263
2244
2239
2231
2178
2190
2159
2157
2131
2147
2146
2167
2130
2155
2127
2182
2160
2174
2151
2184
2168
2228
2175
2207
2161
2221
2182
2214
2176
2191
2184
2227
2175
2175
2152
2198
2177
2187
2137
2146
2126
2149
2096
2112
2092
2106
2110
2113
2087
2104
2123
2141
2162
2141
2128
2133
2154
2158
2154
2144
2166
2175
2205
2178
2183
2183
2204
2183
2200
2154
2173
2151
2166
2127
2140
2111
2141
2111
2139
2104
2136
2117
2153
2142
2181
2155
2202
2185
2219
2188
2241
2230
2260
2238
2245
2203
2247
2224
2229
2196
2173
2161
2161
2147
2131
2115
2120
2128
2128
2116
2104
2138
2157
2144
2114
2109
2080
2125
2109
2134
2124
2176
2165
2206
2171
2180
2138
2180
2127
2145
2092
2124
2092
2118
2061
2074
2045
2083
2031
2053
2023
2059
2063
2111
2075
2103
2090
2132
2137
2122
2102
2116
2121
2132
2099
2109
2091
2104
2110
2090
2092
2102
2113
2086
2112
2059
2079
2071
2120
2094
2127
2098
2143
2106
2154
2101
2127
2101
2136
2069
2089
2032
2080
2036
2047
1973
1995
1949
2006
1986
2026
1981
2044
2028
2068
2031
2022
2003
2030
2015
2034
1991
2023
2035
2049
2055
2040
2058
2079
2097
2078
2085
2029
2083
2043
2078
2039
2071
2062
2116
2058
2101
2049
2128
2070
2107
2020
2066
2030
2098
2040
2083
2036
2111
2060
2116
2076
2089
2069
2137
2099
2122
2091
2103
2112
2112
2106
2115
2120
2134
2107
2116
2152
2146
2183
2158
2171
2150
2182
2128
2159
2092
2127
2076
2116
2077
2103
2051
2108
2075
2143
2091
2148
2109
2186
2141
2185
2122
2175
2146
2203
2156
2174
2132
2162
2153
2179
2142
2178
2165
2217
2212
2204
2196
2202
2212
2214
2206
2198
2212
2220
2238
2200
2204
2193
2229
2191
2203
2153
2198
2170
2224
2182
2195
2173
2209
2164
2191
2118
2187
2155
2188
2133
2179
2148
2207
2182
2223
2185
2251
2243
2276
2248
2245
2230
2258
2226
2219
2162
2145
2153
2158
2140
2129
2119
2139
2129
2131
2166
2165
2204
2198
2218
2190
2220
2185
2238
2196
2211
2162
2195
2168
2166
2134
2146
2112
2154
2105
2145
2107
2166
2158
2206
2186
2190
2171
2210
2166
2173
2137
2135
2134
2149
2131
2163
2156
2195
2159
2127
2104
2085
2099
2086
2060
2041
2038
2041
2060
2055
2075
2079
2107
2102
2104
2047
2040
2029
2045
2020
2028
2029
2049
2022
2038
1986
2016
2004
2046
1986
2020
1975
2010
2007
2038
2008
2045
2039
2073
2038
2050
2007
2044
2034
2055
2004
2023
2004
2023
1988
1990
1961
1990
1975
2000
2007
2002
2021
2055
2054
2052
2047
2004
2040
2030
2074
2040
2050
2049
2083
2067
2105
2073
2144
2133
2182
2124
2168
2136
2206
2177
2201
2138
2202
2183
2226
2174
2191
2157
2218
2192
2227
2169
2223
2195
2211
2191
2203
2186
2201
2174
2162
2131
2095
2110
2107
2103
2087
2118
2141
2176
2133
2188
2155
2212
2186
2204
2155
2194
2165
2230
2179
2218
2154
2234
2186
2232
2161
2204
2162
2221
2167
2200
2126
2169
2154
2182
2141
2186
2172
2231
2191
2234
2227
2230
2240
2245
2209
2209
2196
2178
2199
2163
2162
2151
2168
2147
2152
2098
2129
2098
2139
2102
2148
2135
2184
2127
2185
2128
2186
2155
2240
2183
2226
2192
2250
2218
2261
2170
2199
2164
2208
2163
2165
2122
2173
2163
2219
2166
2208
2210
2233
2229
2221
2206
2240
2247
2246
2259
2231
2268
2273
2289
2259
2291
2303
2306
2251
2277
2220
2285
2259
2284
2233
2278
2223
2310
2260
2296
2241
2308
2257
2303
2236
2257
2208
2255
2201
2237
2192
2219
2215
2244
2204
2225
2203
2252
2197
2192
2189
2176
2183
2181
2168
2166
2155
2150
2185
2146
2149
2131
2158
2170
2164
2122
2148
2119
2171
2144
2160
2119
2162
2123
2187
2140
2180
2148
2226
2186
2219
2187
2224
2216
2262
2206
2228
2208
2259
2210
2216
2165
2177
2168
2195
2142
2147
2124
2139
2139
2129
2107
2139
2145
2170
2161
2150
2158
2171
2173
2139
2120
2113
2094
2072
2060
2017
2015
2010
2032
2013
2039
2011
2082
2068
2089
2070
2093
2081
2115
2076
2097
2058
2109
2089
2107
2089
2139
2120
2164
2125
2138
2085
2111
2058
2067
2025
2042
2018
2058
2039
2066
2045
2077
2089
2101
2083
2080
2078
2122
2099
2093
2066
2037
2049
2037
2016
1984
1972
1946
1977
1942
1965
1953
1970
1969
1989
1981
2015
1988
2043
1972
1989
1927
1965
1901
1914
1847
1868
1847
1894
1854
1910
1884
1943
1932
1984
1925
1946
1899
1939
1900
1910
1879
1926
1940
1975
1959
2015
2021
2053
2044
2026
2006
2036
2034
2020
2004
1962
1979
1958
1952
1925
1930
1926
1954
1898
1934
1889
1963
1936
1955
1896
1964
1907
1971
1912
1947
1867
1915
1858
1937
1890
1922
1867
1939
1883
1927
1848
1876
1861
1898
1867
1894
1846
1898
1853
1897
1912
1919
1947
2008
2011
2020
2017
2031
2096
2087
2107
2074
2104
2088
2067
2005
2030
1969
2023
1947
1940
1873
1938
1901
1971
1919
1976
1928
2040
1987
2034
1995
2048
2019
2053
1974
1995
1945
1996
1942
1941
1896
1920
1911
1936
1879
1898
1869
1875
1889
1884
1881
1898
1904
1907
1895
1854
1878
1858
1889
1861
1877
1871
1897
1878
1900
1849
1874
1850
1888
1854
1889
1834
1867
1829
1875
1831
1883
1880
1954
1948
2002
1962
2030
2005
2043
1988
2004
1966
2006
1990
2006
1970
2015
1996
2020
1999
1990
1974
1997
1979
1974
1945
1941
1966
1952
1932
1918
1914
1927
1941
1935
1935
1921
1960
1946
1942
1914
1939
1927
1979
1935
1962
1934
1998
1984
2010
1997
2028
2027
2084
2034
2045
2017
2064
2037
2092
2053
2077
2080
2142
2115
2154
2139
2144
2149
2152
2112
2118
2092
2127
2114
2113
2092
2078
2081
2093
2079
2092
2088
2086
2107
2080
2084
2068
2092
2085
1998
2008
1957
2018
2005
2030
1975
2007
1991
2058
2034
2067
2001
2062
2023
2059
2039
2071
2037
2108
2058
2094
2034
2104
2071
2108
2076
2095
2062
2111
2067
2082
2026
2021
2012
2004
1959
1922
1895
1907
1885
1865
1854
1835
1874
1873
1887
1884
1923
1900
1953
1936
1995
1986
2046
2014
2067
2002
2047
2016
2080
2009
2072
2037
2105
2069
2122
2085
2138
2102
2159
2103
2152
2107
2147
2118
2161
2117
2148
2093
2098
2067
2064
2019
2048
2034
2058
2035
2047
2064
2064
2067
2058
2039
2033
2035
2009
2021
1969
2014
2007
2027
2000
2033
2006
2103
2063
2100
2059
2113
2090
2133
2074
2121
2051
2127
2066
2101
2027
2099
2055
2110
2055
2086
2059
2146
2113
2151
2139
2161
2155
2199
2153
2168
2141
2176
2156
2127
2106
2096
2121
2130
2106
2092
2101
2090
2145
2115
2124
2104
2138
2125
2135
2087
2116
2088
2141
2089
2091
2042
2068
2032
2069
2004
2034
2017
2057
1992
2047
2016
2069
2049
2086
2042
2080
2050
2079
2047
2079
2055
2085
2073
2108
2066
2075
2038
2063
2052
2054
2002
2010
2000
2011
2012
2017
2028
2045
2039
2042
2013
2009
2009
2015
2017
1994
1982
1988
1985
1978
1990
1971
2011
2017
2023
2001
2017
2015
2083
2059
2087
2052
2118
2114
2119
2092
2111
2078
2142
2101
2124
2079
2138
2114
2162
2106
2136
2117
2166
2119
2143
2108
2135
2103
2125
2064
2098
2054
2089
2033
2030
1999
2024
2029
2060
2032
2063
2083
2104
2116
2083
2058
2050
2046
2025
2007
1974
1975
1963
1999
1977
1998
2009
2046
2009
2064
2020
2062
2030
2092
2045
2099
2034
2085
2053
2091
2021
2080
2046
2122
2078
2120
2075
2138
2104
2145
2091
2159
2128
2194
2165
2187
2134
2192
2155
2177
2154
2148
2137
2148
2118
2102
2044
2011
2044
2016
2008
1957
1977
1989
2001
1984
2017
1990
2043
2017
2041
2020
2080
2069
2155
2094
2143
2078
2143
2097
2129
2076
2119
2080
2122
2057
2105
2043
2098
2060
2088
2043
2069
2047
2110
2055
2085
2056
2087
2095
2115
2093
2114
2095
2125
2130
2121
2113
2132
2142
2147
2133
2147
2163
2173
2201
2172
2154
2151
2174
2156
2171
2114
2135
2117
2137
2091
2095
2090
2122
2085
2105
2075
2125
2124
2152
2110
2136
2090
2136
2087
2108
2055
2111
2090
2139
2104
2113
2080
2154
2124
2136
2095
2116
2105
2125
2084
2095
2075
2117
2069
2073
2029
2032
2040
2058
2003
1997
1965
1959
1970
1954
1956
1944
1940
1931
1888
1867
1862
1861
1893
1875
1872
1875
1898
1879
1892
1888
1928
1950
1978
1964
1973
1947
1984
1978
2007
1985
2025
2022
2064
2059
2095
2031
2062
2032
2069
2024
2042
1990
2053
2012
2035
1979
2007
1976
2010
1972
1965
1913
1928
1884
1873
1817
1827
1796
1805
1794
1788
1771
1803
1823
1846
1881
1851
1873
1883
1885
1845
1839
1827
1851
1820
1867
1828
1906
1904
1944
1923
1986
1941
2008
1959
1998
1937
1987
1943
2002
1937
1979
1928
2017
1983
2026
1968
2037
2014
2062
2012
2065
2040
2110
2063
2069
2041
2036
2018
2025
1984
1987
1971
1961
1996
1973
1971
1958
1975
1963
1968
1966
2002
1971
2003
1968
1988
1940
1976
1913
1980
1938
1983
1946
2027
1988
2018
1982
2012
1982
2038
1986
2017
1984
2070
2061
2095
2054
2085
2058
2093
2038
2065
2039
2070
2042
2046
2011
2037
2020
2048
2036
2043
2025
2071
2074
2081
2038
2057
2033
2026
2013
1993
1983
2002
2011
2009
2021
2003
2029
2038
2038
2023
2030
2052
2097
2097
2116
2103
2146
2157
2158
2133
2158
2123
2169
2122
2157
2110
2136
2119
2137
2088
2096
2062
2122
2089
2104
2052
2074
2037
2057
1994
1996
1954
1993
1956
2007
1981
2007
2009
2072
2038
2065
2029
2047
2041
2041
2010
2013
2005
2040
2008
2021
2003
2024
2041
2053
2041
2048
2073
2081
2103
2073
2055
2057
2073
2042
2018
1994
2036
2022
2046
2010
2020
2002
2036
2006
2031
1973
2015
1991
2032
1973
2005
1960
2026
1988
2035
1969
2035
1988
2016
1954
1982
1909
1975
1920
1941
1879
1935
1907
1953
1922
1960
1934
1999
1992
2031
2013
2012
2010
2037
2017
2028
1992
2037
2031
2016
2021
2011
2043
2058
2059
2035
2036
2005
2046
2003
2009
1964
2001
1997
2051
2001
2056
2008
2080
2039
2077
2036
2101
2062
2131
2077
2127
2106
2182
2115
2165
2114
2150
2132
2180
2127
2147
2112
2139
2130
2150
2112
2133
2127
2166
2111
2149
2131
2142
2129
2117
2083
2093
2101
2084
2083
2034
2032
2038
2066
2065
2075
2071
2115
2132
2153
2128
2135
2122
2110
2056
2037
1962
1958
1931
1918
1863
1870
1838
1891
1863
1895
1864
1934
1929
1969
1962
1979
1936
2000
1988
2018
1989
2032
2005
2057
2016
2047
1998
2040
2021
2037
2016
2016
1990
2026
1978
2000
1955
2024
1989
1996
1967
1965
1959
2011
1999
2039
2051
2074
2104
2119
2099
2102
2115
2129
2130
2102
2107
2095
2107
2087
2067
2055
2056
2031
2069
2034
2056
2037
2080
2041
2086
2023
2066
2040
2084
2038
2067
2033
2096
2057
2096
2047
2077
2025
2071
2006
2048
2001
2071
2049
2079
2033
2074
2035
2071
2036
2042
1999
2040
2016
2059
2012
2035
2028
2030
2017
2002
1968
1993
1984
1978
1995
1966
1990
2008
2030
2016
2011
1990
2050
2025
2062
2018
2063
2046
2077
2050
2109
2050
2124
2096
2161
2102
2161
2129
2206
2151
2192
2130
2211
2165
2204
2142
2165
2128
2170
2104
2140
2080
2145
2119
2139
2092
2095
2082
2123
2066
2069
2057
2038
2049
2039
2000
1995
1994
2006
2021
2002
2017
2017
2067
2071
2064
2049
2083
2077
2116
2089
2122
2102
2145
2146
2199
2158
2180
2163
2203
2170
2190
2132
2163
2146
2180
2143
2162
2136
2195
2156
2180
2138
2142
2119
2157
2119
2133
2108
2135
2127
2150
2120
2139
2134
2161
2105
2130
2099
2123
2124
2125
2097
2133
2136
2150
2161
2153
2131
2170
2173
2167
2147
2146
2177
2180
2187
2167
2168
2187
2194
2170
2194
2151
2185
2157
2165
2133
2146
2119
2182
2125
2146
2098
2151
2136
2171
2145
2190
2152
2223
2178
2215
2174
2231
2199
2259
2194
2242
2202
2263
2193
2230
2176
2179
2154
2179
2131
2157
2114
2184
2171
2177
2156
2150
2162
2204
2189
2216
2221
2208
2238
2208
2204
2183
2192
2189
2191
2127
2156
2112
2159
2131
2139
2112
2156
2125
2192
2132
2168
2147
2210
2151
2216
2143
2184
2153
2207
2135
2173
2137
2195
2169
2206
2148
2186
2162
2210
2151
2184
2143
2192
2170
2203
2160
2194
2156
2184
2162
2140
2115
2145
2139
2150
2127
2123
2145
2146
2139
2119
2119
2117
2101
2086
2095
2058
2080
2084
2097
2070
2070
2045
2099
2063
2084
2058
2100
2097
2123
2081
2107
2056
2103
2064
2082
2027
2061
2029
2077
2024
2050
2012
2062
2033
2063
2042
2059
2049
2116
2091
2134
2099
2141
2109
2124
2071
2062
2031
2053
1984
1990
1947
1969
1982
1989
1973
1997
2013
2045
2038
2028
2003
2008
2018
2023
2006
2021
2025
2047
2046
2011
1994
1989
1991
1979
1974
1946
1960
1952
1979
1975
1986
1992
2040
2040
2071
2037
2073
2077
2105
2092
2110
2057
2110
2061
2095
2064
2111
2086
2132
2080
2112
2074
2127
2100
2152
2090
2120
2069
2116
2058
2098
2030
2073
2024
2059
2033
2038
2017
2059
2033
2074
2043
2071
2086
2107
2105
2116
2127
2150
2124
2124
2138
2114
2157
2142
2131
2098
2106
2053
2111
2056
2093
2067
2121
2078
2079
2037
2085
2045
2108
2045
2089
2050
2123
2074
2115
2037
2070
2036
2089
2042
2105
2056
2124
2120
2171
2123
2171
2161
2215
2187
2190
2153
2185
2164
2179
2141
2151
2124
2158
2165
2168
2151
2170
2181
2184
2188
2167
2174
2171
2176
2154
2133
2127
2107
2086
2085
2056
2068
2067
2080
2067
2099
2067
2109
2104
2137
2105
2133
2122
2135
2087
2099
2041
2093
2076
2101
2068
2108
2082
2128
2081
2103
2066
2129
2098
2143
2090
2106
2092
2144
2098
2100
2055
2074
2065
2084
2039
2068
2054
2109
2072
2101
2083
2112
2110
2122
2096
2120
2113
2131
2146
2151
2142
2163
2154
2154
2122
2127
2137
2136
2152
2133
2117
2117
2127
2104
2120
2085
2087
2072
2100
2071
2079
2049
2097
2062
2106
2063
2102
2078
2126
2095
2120
2060
2109
2073
2123
2068
2117
2082
2153
2113
2165
2114
2180
2156
2205
2175
2196
2161
2224
2192
2224
2166
2214
2168
2181
2146
2146
2130
2170
2132
2153
2137
2115
2118
2138
2113
2116
2127
2167
2137
2182
2141
2182
2156
2197
2146
2146
2087
2156
2105
2147
2091
2135
2100
2151
2106
2138
2070
2126
2085
2138
2071
2115
2079
2132
2095
2126
2073
2110
2078
2107
2103
2089
2070
2090
2089
2092
2081
2092
2103
2087
2101
2076
2092
2094
2118
2087
2094
2065
2102
2095
2130
2116
2133
2135
2172
2153
2170
2137
2190
2178
2213
2183
2231
2181
2230
2194
2201
2162
2198
2183
2201
2154
2158
2108
2157
2126
2127
2076
2102
2078
2108
2057
2067
2049
2091
2063
2090
2065
2081
2065
2090
2038
2047
2007
2031
2013
2022
1984
2009
2003
2055
2031
2042
2023
2018
2003
1992
1974
1971
1959
1952
1964
1968
1968
1971
1986
1981
1965
1944
1984
1981
2011
1989
2030
2035
2060
2052
2097
2048
2089
2054
2099
2042
2068
2013
2073
2038
2087
2032
2088
2059
2105
2062
2106
2046
2126
2097
2145
2079
2136
2086
2141
2098
2119
2068
2113
2064
2089
2049
2041
2006
2028
1986
1994
1952
2000
1983
1979
1974
1960
1977
1997
1987
1981
2015
1990
2044
2020
2035
2005
2042
2024
2063
1987
2000
1949
2001
1964
1980
1924
1969
1939
2014
1949
1990
1941
2031
1981
2054
2022
2071
2056
2120
2078
2129
2090
2136
2120
2143
2089
2116
2104
2144
2110
2147
2122
2149
2140
2146
2116
2125
2112
2109
2117
2099
2084
2083
2084
2082
2056
2048
2065
2066
2080
2057
2052
2052
2059
2051
2063
2012
2015
1988
1981
1931
1921
1899
1969
1955
1974
1963
2016
2038
2068
2042
2072
2038
2096
2061
2056
2004
2052
2039
2082
2036
2057
2039
2093
2074
2111
2097
2129
2103
2142
2106
2125
2080
2118
2066
2069
2019
2030
2003
2039
1996
2024
2020
2039
2020
2031
2009
2025
2020
2034
2017
2007
1998
2008
2021
2029
2023
2027
2016
2025
2068
2066
2083
2108
2118
2118
2150
2099
2120
2071
2084
2034
2039
2029
2041
1996
2020
1961
2012
2003
2063
2019
2081
2018
2076
2045
2090
2022
2072
2037
2095
2064
2115
2072
2133
2091
2126
2068
2097
2095
2145
2102
2115
2070
2130
2106
2133
2129
2125
2136
2161
2147
2148
2122
2099
2130
2093
2073
2035
2059
2042
2034
2009
2053
2028
2105
2078
2102
2063
2094
2022
2085
2006
2056
2011
2058
1995
2019
1970
2007
1976
2039
2004
2063
2042
2104
2067
2094
2048
2102
2092
2148
2109
2152
2141
2186
2164
2171
2113
2121
2099
2113
2093
2095
2079
2093
2106
2136
2106
2120
2083
2085
2072
2037
2006
1987
1979
1945
1929
1890
1901
1896
1912
1899
1890
1901
1917
1925
1946
1918
1973
1990
2007
1993
2016
1995
2061
2043
2072
2040
2075
2072
2093
2060
2068
2023
2072
2027
2015
1959
1974
1951
1979
1951
1982
1944
1999
1939
1978
1937
1961
1947
1970
1915
1928
1889
1906
1893
1911
1886
1934
1929
1984
1973
2012
1980
1986
1956
1969
1944
1973
1950
1949
1946
1920
1892
1903
1906
1901
1875
1885
1898
1893
1915
1912
1906
1913
1939
1910
1951
1910
1948
1942
1959
1917
1947
1916
1971
1925
1960
1897
1934
1920
1961
1934
1975
1929
2015
1978
2020
1960
2031
2001
2056
1989
2011
1952
2000
1945
1963
1920
1928
1942
1985
1970
1971
1967
2004
2014
2002
2004
1981
2009
2012
2013
1999
2030
1993
2066
2043
2074
2048
2096
2093
2123
2040
2078
2011
2083
2033
2085
2053
2107
2075
2129
2079
2132
2075
2156
2108
2192
2163
2204
2161
2225
2181
2212
2154
2195
2162
2180
2136
2154
2130
2163
2132
2130
2104
2102
2096
2085
2048
2045
2037
2032
2055
2031
2040
2044
2085
2091
2098
2092
2114
2108
2140
2101
2117
2114
2147
2094
2124
2072
2091
2079
2099
2055
2063
2044
2094
2075
2108
2072
2118
2089
2106
2071
2086
2044
2059
2010
2007
1950
1966
1941
1968
1923
1951
1933
1990
1963
2000
2006
2027
2024
2067
2042
2068
2034
2088
2077
2086
2059
2057
2053
2072
2026
2026
1999
1970
1977
1974
1973
1971
1978
1995
2009
1996
1998
1968
1967
1952
1927
1895
1904
1882
1920
1865
1870
1835
1866
1852
1885
1824
1842
1817
1872
1814
1842
1810
1895
1873
1909
1869
1920
1888
1941
1882
1925
1868
1918
1892
1929
1873
1920
1882
1914
1890
1904
1862
1908
1878
1903
1855
1899
1905
1934
1925
1934
1914
1957
1955
1965
1977
1948
1964
1958
1949
1920
1916
1870
1913
1855
1855
1800
1833
1803
1823
1769
1811
1748
1838
1803
1869
1822
1890
1847
1919
1845
1888
1832
1894
1831
1880
1822
1864
1833
1886
1839
1887
1831
1882
1852
1874
1855
1872
1860
1911
1891
1921
1915
1920
1947
1962
1965
1948
1955
1976
1975
1927
1932
1913
1948
1911
1903
1882
1903
1878
1904
1847
1875
1844
1899
1869
1915
1871
1924
1907
1970
1930
1973
1970
2035
2015
2050
1998
2045
2039
2058
1989
1978
1916
1931
1887
1881
1828
1861
1862
1896
1891
1909
1899
1936
1924
1947
1912
1918
1922
1924
1908
1901
1895
1911
1914
1935
1957
1952
1972
1977
1985
1975
1959
1954
1983
1954
1930
1899
1906
1912
1908
1885
1904
1864
1903
1899
1920
1894
1908
1870
1891
1844
1855
1795
1826
1780
1785
1752
1771
1745
1795
1745
1781
1759
1831
1802
1856
1818
1840
1812
1866
1816
1845
1820
1856
1856
1875
1820
1845
1819
1860
1847
1857
1836
1861
1877
1901
1883
1889
1879
1887
1906
1884
1874
1889
1921
1896
1895
1870
1900
1899
1949
1917
1956
1969
2015
1983
2010
1955
2003
1965
2009
1938
2001
1945
1992
1947
1999
1934
1969
1920
1971
1918
1951
1887
1969
1955
2010
1942
1973
1941
1967
1929
1935
1883
1937
1917
1970
1976
1963
1960
1981
1980
1964
1928
1911
1934
1901
1915
1885
1899
1892
1897
1881
1928
1886
1971
1936
1980
1936
1987
1946
2017
1952
2002
1947
2020
1971
2011
1981
2032
2008
2082
2034
2078
2033
2121
2094
2125
2062
2091
2050
2076
2010
2023
1978
1982
1979
1998
1972
1989
1979
2012
1998
1995
2007
2013
2045
2043
2055
2067
2101
2106
2155
2130
2152
2144
2181
2163
2186
2126
2131
2099
2111
2062
2073
2049
2061
2014
2046
1991
2015
1995
2040
1996
2047
2002
2045
2038
2061
2013
2042
2023
2073
2051
2056
2000
2030
2037
2065
2032
2081
2081
2131
2139
2142
2114
2133
2123
2107
2090
2060
2049
2055
2068
2064
2050
2068
2111
2120
2120
2105
2110
2111
2099
2064
2088
2043
2079
2070
2076
2045
2065
2023
2058
2017
2033
1980
2021
1982
2001
1965
2003
1979
2051
2028
2080
2067
2141
2109
2156
2112
2158
2115
2190
2135
2178
2161
2187
2191
2234
2207
2222
2187
2243
2215
2212
2201
2207
2232
2251
2227
2241
2242
2238
2270
2223
2222
2199
2218
2203
2200
2125
2137
2080
2108
2068
2087
2052
2099
2072
2123
2049
2110
2085
2162
2096
2169
2106
2174
2137
2193
2118
2145
2106
2166
2140
2163
2109
2173
2164
2219
2153
2180
2160
2199
2201
2195
2148
2176
2158
2151
2144
2119
2123
2127
2131
2126
2127
2123
2174
2156
2189
2164
2196
2183
2188
2139
2176
2115
2162
2130
2176
2134
2171
2129
2194
2130
2185
2123
2180
2140
2188
2137
2166
2135
2194
2146
2182
2130
2197
2164
2198
2163
2188
2166
2202
2169
2188
2185
2179
2186
2206
2185
2187
2178
2191
2166
2127
2119
2096
2116
2093
2064
2037
2032
2021
2041
2018
2038
2026
2064
2069
2104
2071
2076
2046
2089
2055
2060
2047
2063
2043
2058
2011
2046
2038
2059
2003
2029
1993
2025
2017
2042
2011
2035
2035
2098
5835
2019
2003
1995
1988
1982
1965
1950
1929
1901
1878
1854
1846
1847
1839
1828
1834
1819
1818
1835
1854
1872
1867
1871
1860
1856
1835
1802
1786
1774
1766
1763
1744
1734
1736
1748
1773
1795
1807
1819
1825
1834
1836
1844
1856
1870
1849
1838
1824
1800
1794
1771
1748
1725
1699
1711
1715
1738
1760
1787
1806
1825
1858
1889
1912
1914
1929
1928
1927
1903
1901
1881
1869
1862
1848
1829
1824
1833
1846
1878
1915
1924
1934
1947
1954
1948
1931
1910
1888
1877
1865
1844
1831
1837
1846
1844
1835
1849
1839
1845
1843
1850
1861
1878
1911
1930
1932
1943
1951
1934
1907
1895
1894
1892
1889
1898
1885
1880
1865
1858
1847
1843
1836
1834
1832
1843
1862
1887
1904
1934
1943
1974
1970
1959
1953
1949
1938
1922
1917
1917
1938
1955
1955
1951
1944
1923
1901
1877
1848
1813
1789
1778
1770
1777
1774
1801
1808
1832
1851
1872
1896
1913
1924
1923
1911
1906
1897
1887
1881
1884
1889
1891
1897
1907
1914
1916
1894
1874
1851
1820
1824
1844
1871
1880
1884
1889
1910
1920
1924
1942
1954
1962
1975
1968
1975
1974
1994
2011
2014
2008
2007
2006
2003
2000
2012
2004
2005
2017
2027
2017
1999
1975
1953
1940
1935
1936
1945
1969
1974
1970
1942
1932
1917
1898
1876
1853
1822
1759
1721
1699
1689
1681
1678
1691
1691
1714
1738
1785
1835
1881
1903
1918
1926
1942
1945
1956
1946
1934
1911
1873
1843
1815
1807
1808
1817
1819
1808
1837
1860
1884
1901
1934
1929
1928
1927
1937
1934
1935
1940
1927
1930
1938
1940
1948
1960
1977
1975
1969
1946
1914
1911
1906
1896
1867
1848
1843
1830
1826
1831
1851
1884
1935
1976
2013
2059
2103
2136
2152
2158
2171
2192
2208
2222
2213
2197
2208
2207
2192
2180
2144
2118
2114
2128
2126
2126
2132
2165
2180
2199
2225
2235
2235
2239
2228
2249
2226
2207
2178
2150
2147
2141
2118
2113
2114
2124
2153
2158
2158
2156
2154
2155
2160
2156
2176
2178
2183
2187
2213
2223
2228
2240
2248
2241
2244
2247
2238
2227
2209
2196
2198
2193
2201
2201
2205
2203
2211
2220
2222
2213
2200
2195
2187
2191
2193
2181
2173
2173
2164
2160
2165
2162
2154
2156
2153
2162
2180
2183
2199
2213
2237
2250
2280
2286
2291
2296
2284
2274
2255
2241
2224
2230
2224
2217
2199
2209
2210
2216
2213
2209
2225
2233
2224
2220
2216
2197
2195
2180
2151
2140
2126
2146
2155
2162
2177
2214
2238
2261
2280
2296
2306
2308
2314
2318
2313
2307
2306
2310
2305
2294
2278
2263
2258
2232
2239
2242
2249
2260
2277
2291
2301
2314
2323
2317
2316
2304
2303
2314
2302
2302
2305
2303
2300
2284
2267
2255
2245
2229
2213
2208
2202
2198
2199
2204
2214
2240
2218
2228
2242
2268
2276
2280
2286
2293
2284
2286
2274
2273
2262
2246
2235
2235
2244
2244
2252
2242
2239
2232
2227
2203
2202
2208
2211
2218
2220
2229
2233
2256
2268
2282
2297
2299
2301
2281
2285
2294
2297
2299
2290
2268
2246
2239
2237
2226
2239
2233
2217
2214
2211
2230
2241
2242
2234
2238
2247
2250
2265
2272
2274
2267
2270
2261
2258
2253
2231
2216
2212
2193
2170
2150
2135
2113
2102
2098
2096
2091
2089
2091
2114
2140
2171
2183
2195
2201
2205
2201
2207
2207
2199
2200
2190
2168
2156
2155
2141
2131
2122
2114
2098
2074
2081
2097
2098
2105
2109
2119
2137
2139
2135
2137
2127
2115
2100
2081
2072
2055
2024
2015
2001
1988
1987
2003
2025
2039
2062
2077
2099
2134
2158
2161
2160
2187
2190
2199
2198
2189
2167
2150
2112
2083
2044
2013
1987
1982
1978
1985
1999
2017
2045
2067
2078
2100
2123
2157
2165
2185
2195
2200
2215
2242
2241
2236
2217
2215
2230
2222
2217
2223
2238
2234
2236
2233
2236
2232
2230
2215
2204
2194
2190
2179
2169
2157
2149
2122
2092
2073
2063
2024
1981
1941
1930
1902
1906
1910
1915
1934
1949
1938
1951
1960
1989
1994
1981
1972
1967
1966
1981
2003
2033
2045
2058
2053
2065
2058
2039
2027
2009
1997
1985
1957
1918
1901
1879
1889
1901
1920
1935
1948
1945
1936
1931
1925
1914
1900
1884
1893
1894
1900
1895
1879
1882
1885
1903
1904
1921
1939
1944
1943
1944
1948
1962
1966
1976
1983
1983
1992
1998
1994
1983
1983
1984
1991
1992
2001
2008
2000
1989
1979
1960
1944
1914
1894
1882
1874
1862
1849
1859
1870
1882
1910
1922
1930
1938
1955
1971
1966
1957
1951
1967
1966
1975
1977
1982
1982
1975
1981
1993
2010
2024
2034
2048
2058
2059
2061
2057
2059
2048
2058
2065
2069
2056
2041
2028
2009
2010
1994
1975
1981
1992
2006
2022
2034
2057
2080
2095
2099
2105
2126
2143
2146
2125
2110
2104
2109
2130
2129
2137
2150
2155
2140
2131
2119
2100
2091
2107
2102
2091
2093
2093
2096
2103
2107
2108
2114
2112
2087
2076
2089
2093
2118
2145
2155
2149
2136
2123
2119
2082
2074
2057
2036
2011
2001
1987
2000
1996
2004
1993
1991
1971
1950
1942
1945
1939
1942
1953
1979
2006
2029
2062
2081
2093
2109
2113
2118
2128
2131
2125
2120
2111
2107
2098
2080
2059
2057
2063
2054
2059
2061
2072
2078
2096
2096
2122
2121
2130
2127
2130
2123
2119
2097
2087
2070
2061
2043
2035
2016
2026
2019
2031
2016
2013
2029
2045
2057
2068
2074
2072
2067
2062
2068
2059
2059
2055
2052
2051
2057
2078
2096
2113
2136
2166
2183
2185
2199
2200
2197
2186
2156
2125
2091
2034
2001
1964
1933
1906
1913
1915
1907
1915
1917
1918
1932
1953
1972
1996
2009
2011
2011
2005
2011
2039
2063
2063
2072
2080
2077
2081
2076
2075
2068
2076
2068
2078
2095
2080
2076
2078
2078
2053
2025
2011
2001
1993
1986
2008
2022
2033
2045
2040
2051
2071
2071
2067
2069
2078
2085
2082
2079
2066
2049
2041
2029
2032
2025
2022
2023
2009
2012
1981
1969
1968
1971
1973
1974
1959
1969
1997
2017
2025
2030
2020
2023
2029
2030
2037
2050
2065
2051
2024
2018
2003
1989
1984
1963
1955
1953
1962
1951
1960
1969
1975
1968
1985
1994
1991
1992
1993
1983
1969
1970
1992
2010
2023
2029
2047
2054
2052
2040
2040
2046
2060
2077
2099
2098
2113
2121
2117
2118
2109
2094
2079
2056
2056
2065
2069
2059
2056
2059
2053
2051
2071
2080
2092
2110
2129
2132
2105
2090
2074
2063
2049
2036
2039
2036
2034
2040
2040
2057
2066
2061
2072
2088
2090
2101
2109
2108
2123
2131
2134
2130
2132
2123
2113
2098
2098
2105
2109
2117
2112
2112
2103
2099
2099
2103
2113
2112
2118
2127
2135
2147
2145
2159
2181
2187
2170
2159
2171
2186
2190
2186
2191
2203
2204
2204
2206
2212
2222
2222
2226
2219
2207
2199
2202
2203
2218
2240
2255
2266
2271
2262
2265
2273
2273
2279
2278
2279
2266
2276
2283
2282
2284
2277
2269
2263
2268
2272
2280
2279
2294
2288
2273
2260
2241
2224
2210
2206
2213
2211
2226
2226
2233
2239
2260
2268
2288
2287
2287
2279
2277
2276
2280
2283
2284
2289
2296
2302
2293
2294
2285
2285
2287
2290
2292
2293
2283
2291
2273
2261
2234
2217
2197
2195
2188
2194
2174
2161
2150
2165
2184
2200
2203
2211
2214
2218
2217
2227
2239
2239
2229
2211
2211
2229
2225
2214
2213
2201
2209
2215
2215
2206
2204
2204
2205
2189
2195
2204
2220
2220
2227
2229
2225
2227
2224
2224
2226
2215
2212
2193
2198
2195
2200
2196
2223
2212
2212
2216
2221
2211
2202
2211
2200
2196
2196
2188
2191
2206
2225
2229
2219
2227
2217
2213
2196
2193
2190
2204
2205
2212
2191
2180
2178
2182
2171
2160
2159
2175
2179
2194
2206
2219
2222
2231
2238
2234
2228
2223
2208
2200
2183
2174
2165
2154
2150
2156
2159
2148
2137
2119
2098
2092
2089
2081
2081
2067
2073
2066
2063
2069
2074
2073
2090
2090
2094
2089
2087
2094
2094
2089
2072
2050
2040
2032
2025
2014
2004
1990
1951
1946
1939
1925
1923
1917
1909
1893
1858
1873
1875
1882
1881
1882
1889
1890
1887
1905
1929
1955
1959
1973
1986
2000
1998
1989
1972
1946
1929
1936
1924
1921
1931
1931
1936
1945
1960
1967
1966
1959
1962
1954
1960
1962
1935
1920
1915
1916
1914
1926
1940
1953
1964
1973
1987
1990
2000
1998
2006
2002
1995
1991
1975
1967
1964
1970
1971
1959
1958
1948
1947
1944
1922
1923
1931
1939
1954
1958
1967
1980
1987
1979
1979
1986
1990
1988
1988
1975
1990
1989
1965
1967
1976
1985
2003
2017
2031
2031
2026
2035
2052
2051
2059
2071
2065
2067
2049
2038
2050
2061
2076
2086
2097
2094
2094
2086
2060
2045
2049
2059
2058
2066
2074
2083
2094
2105
2120
2125
2124
2119
2144
2162
2165
2181
2189
2207
2226
2231
2238
2239
2241
2242
2234
2227
2190
2172
2150
2126
2107
2097
2096
2097
2105
2121
2132
2137
2139
2128
2135
2139
2136
2138
2127
2137
2139
2145
2145
2132
2120
2135
2151
2164
2155
2156
2161
2150
2142
2128
2118
2117
2109
2104
2093
2088
2093
2085
2087
2085
2087
2096
2103
2101
2097
2108
2110
2122
2131
2124
2130
2147
2166
2182
2185
2197
2204
2209
2220
2219
2206
2205
2214
2215
2226
2223
2223
2215
2207
2203
2197
2192
2172
2168
2151
2151
2130
2138
2138
2149
2153
2168
2165
2175
2171
2159
2166
2156
2139
2131
2125
2115
2116
2110
2099
2098
2107
2093
2067
2053
2043
2041
2045
2043
2040
2046
2062
2063
2058
2047
2041
2032
2012
2005
1998
2003
2005
1995
2004
2002
1995
1993
1996
1985
1972
1960
1959
1974
1986
2001
2011
2013
2008
1994
2001
1999
2007
1996
1980
1934
1924
1931
1953
1957
1965
1954
1942
1923
1901
1866
1846
1828
1827
1855
1881
1911
1955
1983
1985
1972
1969
1960
1950
1943
1948
1942
1938
1926
1911
1898
1893
1881
1903
1920
1924
1917
1917
1900
1888
1870
1846
1826
1805
1799
1810
1819
1839
1847
1888
1910
1922
1936
1934
1939
1929
1936
1916
1907
1888
1885
1896
1897
1883
1876
1873
1881
1883
1883
1885
1897
1897
1905
1886
1895
1913
1932
1968
1987
1990
2008
2015
2017
2006
2006
1995
1975
1975
1975
1963
1957
1943
1928
1925
1919
1913
1899
1882
1864
1857
1845
1852
1846
1843
1835
1839
1853
1852
1851
1865
1875
1875
1876
1893
1898
1922
1946
1972
1988
1997
1998
2003
1999
1989
1977
1966
1962
1968
1965
1962
1950
1939
1936
1939
1941
1952
1976
1986
1988
2003
2025
2054
2068
2079
2108
2132
2142
2142
2142
2128
2125
2120
2112
2103
2089
2090
2094
2090
2093
2110
2115
2129
2143
2151
2154
2163
2171
2166
2166
2171
2182
2178
2174
2188
2189
2201
2207
2233
2236
2243
2244
2238
2234
2243
2234
2218
2201
2182
2178
2188
2186
2184
2193
2169
2175
2171
2181
2199
2230
2241
2246
2259
2260
2246
2247
2240
2233
2220
2221
2200
2188
2173
2171
2182
2181
2187
2201
2216
2226
2221
2241
2244
2227
2211
2203
2203
2193
2196
2188
2198
2194
2198
2196
2200
2214
2233
2242
2266
2274
2289
2285
2285
2273
2263
2262
2249
2235
2217
2208
2204
2208
2216
2232
2250
2253
2240
2235
2228
2231
2248
2272
2291
2307
2306
2308
2323
2329
2329
2336
2344
2344
2332
2310
2270
2240
2219
2213
2199
2200
2190
2179
2163
2194
2191
2190
2203
2210
2211
2208
2193
2181
2184
2195
2210
2217
2218
2206
2224
2236
2257
2253
2250
2254
2261
2254
2264
2268
2264
2269
2285
2286
2290
2268
2247
2230
2212
2192
2187
2183
2175
2176
2170
2171
2170
2183
2196
2213
2220
2235
2239
2230
2229
2213
2206
2205
2194
2170
2147
2145
2139
2149
2139
2142
2140
2141
2126
2121
2104
2087
2081
2074
2074
2078
2079
2088
2080
2088
2096
2117
2119
2116
2125
2140
2155
2172
2178
2186
2168
2160
2174
2168
2168
2175
2182
2190
2191
2204
2210
2225
2233
2237
2248
2236
2235
2227
2200
2173
2144
2110
2088
2067
2057
2048
2060
2091
2115
2149
2170
2188
2195
2203
2226
2249
2271
2285
2294
2299
2298
2295
2301
2288
2279
2261
2244
2214
2209
2210
2215
2240
2259
2278
2276
2275
2290
2293
2290
2294
2280
2275
2285
2292
2270
2272
2269
2247
2216
2199
2193
2187
2184
2184
2174
2182
2182
2175
2161
2150
2131
2118
2121
2135
2149
2160
2181
2194
2205
2216
2223
2215
2216
2206
2186
2194
2208
2219
2228
2216
2207
2194
2196
2196
2175
2173
2183
2184
2185
2193
2202
2203
2201
2199
2194
2191
2189
2171
2154
2146
2153
2158
2141
2140
2130
2130
2133
2133
2131
2132
2132
2138
2168
2183
2205
2212
2217
2232
2239
2245
2247
2234
2231
2228
2225
2208
2202
2191
2180
2176
2167
2156
2143
2132
2136
2135
2143
2160
2172
2189
2205
2210
2229
2240
2241
2259
2277
2278
2282
2285
2297
2294
2268
2248
2224
2194
2172
2160
2142
2128
2116
2107
2117
2130
2142
2143
2137
2139
2123
2097
2076
2083
2091
2114
2156
2187
2192
2210
2206
2205
2185
2167
2146
2120
2096
2070
2030
2014
2000
2004
2001
2003
1997
1998
2006
2016
2034
2046
2071
2070
2082
2091
2101
2120
2113
2113
2118
2121
2115
2106
2103
2090
2094
2090
2099
2102
2104
2101
2105
2094
2096
2107
2112
2110
2135
2154
2168
2160
2164
2159
2157
2150
2126
2104
2087
2078
2058
2035
2001
1982
1965
1952
1952
1959
1958
1970
1981
1996
2014
2013
2014
2015
2013
2019
2033
2047
2037
2039
2046
2056
2068
2095
2104
2097
2093
2094
2104
2089
2071
2062
2051
2049
2046
2060
2089
2108
2108
2103
2099
2075
2051
2035
2030
2028
2019
2029
2051
2062
2067
2067
2065
2068
2074
2071
2081
2081
2088
2085
2102
2108
2113
2120
2134
2134
2155
2154
2166
2181
2196
2217
2216
2201
2161
2145
2123
2112
2095
2072
2062
2059
2058
2076
2095
2111
2122
2130
2117
2125
2138
2150
2151
2137
2129
2129
2112
2115
2116
2121
2120
2130
2135
2144
2150
2145
2145
2159
2172
2187
2186
2182
2209
2232
2247
2266
2261
2264
2257
2253
2242
2250
2254
2262
2241
2222
2206
2192
2190
2196
2187
2180
2167
2153
2156
2175
2165
2161
2160
2158
2166
2177
2178
2198
2220
2231
2237
2227
2241
2254
2245
2234
2231
2222
2223
2193
2170
2149
2126
2112
2103
2076
2083
2087
2113
2148
2152
2156
2164
2176
2206
2210
2210
2221
2229
2237
2243
2222
2202
2187
2158
2138
2132
2122
2126
2130
2135
2155
2175
2200
2210
2197
2189
2172
2164
2156
2140
2115
2104
2103
2115
2114
2124
2118
2123
2129
2125
2107
2095
2093
2083
2079
2087
2093
2105
2111
2099
2078
2065
2068
2064
2050
2032
2027
2043
2046
2045
2043
2035
2021
2018
2004
1994
1985
1987
1989
1983
1984
1992
1996
1990
1994
2002
1993
1984
1982
1979
1973
1967
1972
1976
1972
1958
1956
1949
1929
1925
1930
1930
1949
1982
2006
2015
2019
2035
2036
2038
2030
2025
2034
2039
2039
2043
2055
2064
2086
2102
2127
2136
2147
2157
2171
2182
2183
2190
2189
2183
2171
2162
2146
2139
2142
2167
2178
2196
2195
2209
2221
2206
2194
2180
2183
2178
2174
2159
2158
2142
2136
2130
2134
2120
2116
2120
2132
2140
2163
2180
2197
2198
2207
2212
2202
2179
2196
2179
2175
2174
2175
2188
2201
2203
2191
2189
2188
2185
2185
2183
2178
2174
2177
2183
2184
2202
2187
2206
2211
2237
2234
2225
2221
2227
2231
2240
2242
2232
2217
2222
2220
2207
2191
2192
2185
2174
2144
2138
2132
2137
2146
2157
2161
2168
2184
2196
2205
2225
2239
2233
2229
2215
2219
2234
2234
2219
2204
2193
2187
2161
2149
2146
2172
2177
2184
2189
2217
2241
2252
2246
2257
2260
2260
2259
2252
2245
2256
2269
2286
2293
2296
2308
2317
2320
2318
2303
2288
2278
2263
2252
2252
2259
2267
2275
2272
2289
2306
2288
2269
2263
2266
2258
2238
2227
2217
2200
2186
2180
2189
2202
2202
2207
2198
2205
2192
2174
2170
2169
2162
2152
2152
2138
2146
2150
2146
2144
2137
2145
2151
2148
2150
2155
2157
2163
2168
2148
2138
2153
2164
2168
2166
2186
2191
2194
2195
2197
2201
2208
2213
2228
2227
2237
2239
2240
2239
2237
2233
2217
2208
2176
2149
2137
2124
2120
2096
2085
2103
2107
2120
2128
2128
2139
2156
2177
2187
2179
2158
2149
2140
2108
2069
2045
2020
2009
2002
2001
2012
2031
2045
2068
2074
2085
2086
2086
2093
2084
2082
2073
2074
2070
2076
2112
2125
2138
2141
2152
2158
2133
2129
2110
2107
2093
2075
2041
2032
2013
1996
2006
2021
2025
2029
2035
2036
2049
2052
2063
2059
2070
2061
2080
2073
2057
2031
2016
1995
1982
1971
1957
1940
1941
1955
1975
1978
2009
2037
2065
2079
2095
2099
2084
2048
2012
1997
1978
1952
1922
1898
1889
1892
1893
1903
1907
1910
1919
1922
1913
1895
1891
1886
1902
1903
1916
1928
1964
1995
2021
2039
2048
2051
2055
2070
2072
2048
2026
2008
2005
1995
1984
1965
1949
1942
1919
1921
1930
1948
1942
1944
1941
1945
1948
1958
1957
1956
1933
1946
1932
1921
1901
1886
1890
1890
1883
1886
1903
1901
1894
1891
1888
1889
1889
1869
1877
1880
1881
1880
1907
1921
1943
1975
2024
2067
2086
2103
2113
2112
2125
2130
2126
2101
2082
2062
2038
2015
2006
1985
1970
1962
1958
1960
1964
1982
2008
2012
2012
2021
2036
2044
2062
2084
2078
2062
2020
1989
1975
1968
1941
1942
1922
1896
1893
1893
1887
1902
1904
1919
1919
1934
1943
1947
1924
1902
1895
1899
1883
1862
1878
1886
1890
1885
1889
1894
1875
1858
1862
1850
1850
1853
1863
1863
1862
1867
1878
1893
1905
1929
1956
1984
2005
2021
2051
2044
2054
2044
2034
2023
2014
2003
1991
1990
1981
1973
1974
1958
1958
1951
1948
1940
1937
1934
1931
1914
1907
1918
1923
1905
1895
1886
1892
1898
1901
1902
1907
1917
1921
1931
1940
1956
1972
1978
1988
2011
2031
2035
2057
2063
2082
2093
2086
2075
2066
2068
2076
2087
2104
2115
2146
2149
2163
2159
2142
2143
2137
2132
2127
2122
2113
2120
2135
2138
2132
2132
2134
2125
2131
2130
2115
2118
2110
2102
2089
2088
2083
2076
2073
2063
2036
2030
2019
2001
1987
1993
1992
1999
2002
2006
2079
2066
2068
2090
2101
2108
2101
2105
2104
2106
2130
2122
2126
2129
2130
2120
2104
2097
2082
2072
2042
2020
1993
1979
1957
1946
1928
1907
1895
1891
1895
1913
1906
1913
1923
1947
1979
1989
2020
2050
2078
2095
2086
2075
2063
2054
2041
2041
2037
2056
2056
2081
2107
2124
2134
2146
2164
2173
2171
2167
2159
2162
2151
2133
2107
2087
2073
2056
2046
2043
2039
2050
2051
2059
2056
2061
2057
2062
2071
2064
2059
2041
2034
2011
2018
2021
2022
2029
2056
2066
2085
2095
2108
2100
2102
2084
2093
2085
2070
2069
2045
2034
2033
2028
2038
2059
2072
2088
2088
2089
2107
2125
2132
2137
2134
2141
2149
2150
2148
2136
2111
2097
2087
2081
2080
2084
2092
2092
2088
2113
2121
2143
2132
2139
2136
2129
2100
2091
2087
2101
2113
2123
2129
2114
2090
2079
2057
2028
2019
2003
1994
1990
1994
2011
2027
2041
2071
2081
2078
2071
2070
2055
2034
2025
2026
2022
2030
2041
2047
2031
2015
2025
2028
2008
1991
1977
1959
1954
1962
1967
1983
2005
2016
2029
2048
2058
2064
2066
2058
2043
2027
2012
1998
1994
1981
1977
1987
2004
2017
2025
2039
2063
2085
2091
2123
2142
2147
2143
2143
2130
2122
2126
2128
2118
2103
2087
2072
2073
2083
2082
2087
2100
2101
2093
2106
2123
2136
2132
2117
2096
2084
2065
2055
2049
2038
2032
2019
2012
2014
2027
2039
2057
2074
2082
2079
2071
2052
2048
2031
2019
2010
1997
1988
1991
1979
1987
1995
2002
2018
2028
2043
2061
2070
2094
2092
2103
2099
2098
2091
2093
2088
2077
2067
2060
2062
2081
2092
2104
2119
2130
2147
2163
2179
2173
2163
2153
2159
2150
2178
2179
2177
2175
2183
2175
2169
2147
2116
2091
2058
2029
2010
1988
1972
1959
1975
1987
1997
2009
2025
2042
2063
2087
2103
2125
2147
2158
2170
2164
2169
2178
2176
2168
2149
2131
2119
2113
2095
2090
2099
2114
2102
2099
2101
2111
2100
2089
2087
2080
2093
2098
2102
2117
2123
2135
2146
2166
2170
2174
2176
2190
2191
2198
2195
2197
2200
2196
2212
2216
2218
2209
2200
2190
2183
2156
2138
2133
2123
2125
2123
2111
2104
2112
2122
2126
2136
2141
2157
2170
2170
2174
2179
2167
2161
2150
2151
2146
2130
2120
2113
2118
2136
2148
2156
2164
2170
2161
2146
2120
2113
2115
2130
2127
2118
2113
2108
2078
2054
2035
2014
2008
1993
1986
1975
1971
1944
1927
1909
1890
1870
1866
1873
1871
1882
1895
1904
1907
1908
1931
1947
1954
1962
1971
1985
1995
2000
1996
1979
1971
1983
1990
2000
2012
2025
2034
2067
2071
2070
2052
2047
2046
2044
2039
2012
1998
1985
1975
1974
1954
1939
1919
1903
1891
1875
1831
1787
1760
1721
1707
1700
1715
1729
1731
1757
1799
1818
1835
1851
1861
1844
1839
1827
1823
1808
1790
1793
1814
1830
1862
1889
1902
1926
1940
1947
1975
1992
1996
1984
1976
1969
1957
1947
1947
1949
1972
1990
2003
2023
2034
2056
2062
2080
2086
2094
2085
2080
2068
2073
2064
2058
2054
2035
2012
2000
1990
1975
1958
1961
1953
1969
1977
1981
1987
1991
1973
1985
1976
1942
1920
1904
1891
1899
1901
1904
1915
1935
1944
1936
1953
1970
1975
1989
1993
2014
2049
2057
2054
2062
2089
2087
2085
2080
2070
2053
2061
2070
2069
2050
2026
2017
2002
1992
1998
2000
2010
2017
2024
2031
2036
2019
2002
1989
1992
1991
1973
1971
1971
1967
1976
1980
1985
1993
1999
2019
2037
2056
2068
2075
2099
2114
2135
2150
2151
2164
2174
2165
2159
2142
2133
2133
2116
2094
2080
2063
2062
2048
2046
2045
2050
2052
2036
2015
2015
1994
1981
1960
1949
1930
1925
1934
1970
1996
2015
2038
2037
2033
2023
2029
2027
2015
2006
2004
1995
1991
1979
1984
2008
2040
2056
2072
2073
2083
2092
2084
2076
2079
2068
2059
2052
2056
2052
2049
2042
2046
2059
2054
2043
2028
2030
2039
2036
2024
2026
2026
2013
2002
1990
1992
1990
1989
2007
2014
2022
2016
2010
2004
1994
1986
1974
1958
1957
1945
1952
1960
1971
1984
2002
2021
2019
2018
2034
2030
2034
2033
2057
2043
2034
2019
2018
2020
2037
2049
2061
2059
2077
2077
2063
2039
2022
2014
2007
2006
2013
2022
2039
2046
2071
2079
2101
2096
2089
2096
2108
2108
2122
2131
2127
2133
2137
2136
2146
2151
2141
2132
2135
2150
2144
2134
2139
2127
2116
2117
2120
2128
2119
2119
2110
2108
2119
2115
2110
2094
2087
2073
2066
2060
2060
2062
2058
2067
2074
2087
2101
2127
2133
2138
2136
2122
2105
2081
2046
1995
1957
1903
1853
1790
1767
1738
1735
1749
1760
1777
1803
1846
1857
1875
1907
1930
1933
1937
1949
1972
1991
2012
2027
2031
2041
2038
2034
2034
2035
2025
2007
1991
1982
1974
1971
1953
1940
1922
1922
1918
1907
1916
1925
1958
1991
2008
2042
2061
2081
2081
2090
2097
2104
2103
2095
2095
2101
2092
2075
2071
2069
2062
2058
2047
2047
2037
2035
2034
2041
2035
2037
2043
2051
2056
2055
2048
2039
2045
2059
2068
2094
2089
2064
2045
2025
2014
1999
2007
2010
2002
2005
2018
2011
2002
1999
2011
2010
2013
2017
2037
2050
2055
2048
2048
2032
2021
2007
1997
1985
1989
1985
1991
1993
2028
2049
2068
2071
2071
2071
2072
2082
2079
2076
2082
2081
2060
2072
2093
2120
2140
2157
2185
2198
2210
2223
2247
2253
2256
2253
2253
2252
2230
2224
2212
2206
2184
2181
2183
2169
2145
2122
2088
2067
2057
2059
2050
2056
2052
2043
2042
2048
2037
2028
2011
1999
1984
1977
1985
1990
1990
2004
2025
2032
2050
2074
2080
2082
2085
2097
2124
2127
2148
2167
2177
2181
2186
2182
2183
2166
2159
2144
2144
2138
2151
2155
2129
2105
2092
2097
2080
2090
2085
2087
2089
2100
2104
2117
2122
2134
2127
2132
2121
2130
2128
2122
2115
2116
2142
2142
2132
2126
2114
2112
2117
2132
2137
2127
2135
2134
2146
2176
2203
2208
2210
2206
2208
2220
2222
2211
2210
2184
2181
2180
2179
2154
2152
2142
2142
2139
2150
2154
2143
2151
2155
2160
2167
2180
2200
2213
2233
2248
2250
2243
2239
2248
2246
2234
2223
2217
2201
2207
2201
2186
2183
2181
2183
2204
2193
2206
2200
2212
2216
2228
2225
2235
2236
2248
2240
2261
2252
2254
2218
2213
2193
2184
2171
2166
2172
2185
2176
2177
2177
2185
2197
2209
2208
2201
2192
2187
2175
2181
2191
2203
2191
2188
2194
2190
2194
2192
2200
2214
2205
2186
2175
2164
2149
2144
2138
2142
2154
2165
2163
2179
2183
2183
2175
2179
2177
2160
2159
2156
2147
2139
2127
2112
2111
2110
2104
2100
2099
2101
2113
2115
2102
2085
2086
2094
2093
2085
2089
2087
2088
2086
2107
2116
2127
2135
2147
2149
2138
2132
2106
2093
2062
2036
2020
2012
2018
2026
2043
2046
2043
2042
2028
2044
2049
2068
2077
2068
2084
2098
2097
2093
2087
2076
2044
2028
2010
2001
1993
1980
1973
1984
1996
2010
2012
2003
1997
1992
1997
2006
1990
1992
1997
1986
1975
1965
1970
1963
1941
1935
1927
1919
1924
1931
1959
1971
1992
2001
2007
2020
2025
2033
2045
2071
2099
2121
2128
2129
2128
2121
2116
2110
2093
2098
2107
2109
2101
2088
2081
2088
2094
2107
2118
2127
2128
2134
2123
2115
2101
2074
2054
2046
2031
2016
2016
2020
2023
2031
2025
2018
2025
2048
2081
2087
2103
2120
2135
2144
2154
2139
2147
2134
2135
2134
2126
2113
2114
2109
2106
2098
2088
2076
2077
2071
2076
2066
2067
2064
2068
2067
2065
2067
2070
2069
2065
2050
2058
2067
2073
2095
2102
2109
2127
2152
2167
2177
2174
2170
2174
2184
2172
2177
2164
2168
2145
2138
2130
2130
2135
2139
2134
2150
2154
2163
2160
2158
2149
2150
2131
2126
2111
2084
2072
2055
2032
2018
2025
2021
2035
2042
2055
2075
2087
2084
2089
2077
2065
2054
2067
2068
2066
2061
2074
2077
2081
2075
2079
2091
2096
2111
2115
2119
2116
2107
2098
2088
2088
2073
2065
2061
2053
2054
2040
2027
2025
2035
2036
2040
2061
2078
2092
2096
2093
2094
2100
2118
2142
2138
2135
2141
2154
2155
2149
2146
2133
2126
2122
2126
2129
2119
2124
2119
2127
2123
2131
2124
2122
2112
2098
2081
2075
2068
2066
2072
2075
2060
2057
2066
2069
2065
2068
2061
2076
2085
2091
2094
2078
2067
2078
2080
2097
2114
2113
2128
2136
2141
2155
2170
2179
2186
2173
2197
2189
2182
2164
2145
2131
2115
2110
2117
2118
2119
2113
2114
2115
2119
2102
2115
2122
2130
2124
2140
2143
2152
2152
2157
2145
2126
2128
2136
2139
2127
2124
2125
2125
2126
2125
2118
2096
2087
2079
2077
2066
2071
2053
2055
2066
2083
2072
2078
2073
2076
2076
2086
2092
2091
2086
2095
2099
2088
2072
2079
2078
2067
2071
2067
2058
2052
2051
2058
2069
2087
2094
2103
2118
2135
2150
2174
2188
2201
2231
2243
2245
2255
2256
2261
2261
2254
2247
2243
2228
2208
2203
2177
2157
2117
2104
2089
2098
2105
2094
2087
2068
2051
2054
2068
2064
2055
2071
2089
2080
2067
2024
2008
1986
1984
1987
2013
2016
2019
2037
2030
2020
2015
2023
2018
1997
1984
1967
1959
1957
1956
1968
1980
1983
1984
1998
2009
2019
2022
2024
2019
2020
2023
2037
2055
2074
2088
2093
2092
2106
2096
2083
2069
2068
2059
2061
2063
2065
2084
2107
2095
2087
2088
2081
2088
2076
2079
2095
2121
2136
2153
2164
2161
2143
2106
2080
2071
2060
2059
2029
2027
1993
1975
1957
1951
1943
1959
1954
1953
1938
1957
1977
2009
2029
2059
2072
2074
2071
2077
2076
2084
2070
2051
2025
2011
1997
1986
1976
1983
1970
1974
1981
1993
2010
2018
2015
2021
2024
2027
2056
2071
2081
2097
2113
2128
2131
2137
2141
2124
2125
2118
2116
2116
2127
2131
2134
2134
2145
2151
2155
2128
2109
2085
2066
2053
2061
2060
2049
2037
2047
2062
2058
2065
2083
2082
2102
2097
2085
2058
2020
1995
1953
1934
1906
1891
1879
1871
1880
1895
1923
1965
2019
2066
2095
2126
2142
2148
2131
2120
2109
2092
2083
2064
2075
2079
2098
2114
2135
2167
2181
2198
2208
2204
2184
2176
2172
2166
2157
2132
2103
2091
2072
2062
2061
2059
2067
2066
2059
2066
2056
2046
2034
2033
2021
2010
1988
1980
1964
1967
1973
1982
1981
1999
2020
2039
2045
2068
2105
2112
2106
2107
2111
2111
2097
2095
2073
2067
2053
2054
2042
2043
2023
2022
2023
2020
2026
2024
2036
2037
2050
2049
2056
2049
2042
2046
2058
2066
2062
2052
2057
2051
2054
2056
2060
2057
2063
2060
2070
2085
2112
2136
2154
2144
2150
2158
2176
2166
2165
2145
2127
2105
2081
2046
2011
2001
1989
1988
1983
1991
1997
2003
2022
2045
2043
2041
2035
2031
2025
2019
2014
2003
1992
1994
1995
1992
2000
2017
2018
2034
2037
2060
2071
2093
2115
2124
2134
2160
2164
2165
2174
2162
2129
2113
2105
2093
2087
2078
2093
2087
2076
2076
2079
2093
2102
2098
2102
2091
2067
2040
1999
1968
1938
1915
1889
1884
1884
1865
1879
1880
1886
1899
1913
1930
1954
1966
1984
1978
1981
1977
1992
2003
2013
2028
2035
2048
2041
2036
2051
2061
2042
2030
1981
1956
1942
1917
1911
1918
1913
1923
1922
1928
1922
1933
1935
1947
1948
1946
1931
1935
1928
1931
1934
1938
1945
1957
1959
1966
1983
1992
2002
1992
1985
1979
1979
1972
1961
1939
1929
1906
1880
1843
1818
1806
1797
1792
1816
1827
1840
1849
1859
1877
1888
1901
1919
1942
1951
1949
1935
1919
1915
1906
1912
1909
1912
1911
1926
1935
1945
1951
1977
1990
2000
2000
1989
2002
2012
2006
2002
1998
1994
1981
1970
1956
1948
1948
1957
1966
1969
1983
2005
2018
2020
2031
2036
2041
2040
2045
2034
2031
2031
2023
2026
2028
2045
2055
2054
2068
2089
2096
2090
2099
2110
2105
2096
2092
2091
2095
2112
2118
2130
2141
2143
2140
2137
2139
2166
2186
2210
2214
2212
2197
2187
2177
2163
2148
2152
2146
2143
2142
2155
2149
2138
2128
2108
2101
2098
2089
2061
2053
2045
2032
2031
2031
2051
2071
2095
2111
2125
2152
2157
2156
2168
2180
2165
2143
2124
2099
2082
2075
2072
2062
2065
2077
2085
2095
2101
2129
2132
2144
2144
2131
2114
2096
2073
2057
2013
2008
1981
1959
1957
1952
1928
1933
1943
1958
1972
1993
2027
2043
2055
2052
2050
2058
2051
2049
2058
2067
2067
2063
2055
2038
2028
2017
2003
1999
1992
1997
1986
1983
1990
2002
2002
2016
1997
1989
1969
1943
1926
1922
1916
1905
1897
1907
1890
1881
1878
1865
1855
1847
1819
1799
1792
1785
1785
1802
1813
1835
1833
1839
1843
1852
1877
1890
1887
1880
1889
1883
1891
1884
1876
1865
1864
1855
1839
1832
1821
1822
1831
1842
1859
1875
1879
1885
1892
1883
1899
1915
1933
1942
1940
1934
1914
1885
1860
1827
1813
1806
1792
1770
1748
1739
1738
1731
1729
1747
1754
1767
1791
1827
1833
1836
1841
1848
1864
1856
1819
1812
1794
1805
1791
1781
1785
1800
1796
1791
1796
1803
1821
1829
1827
1833
1839
1859
1875
1916
1940
1950
1969
1987
1983
1979
1968
1955
1932
1908
1896
1899
1898
1901
1908
1914
1915
1907
1888
1887
1867
1863
1863
1853
1846
1871
1909
1945
1965
1989
1988
1999
2008
2013
2015
2009
1987
1955
1915
1879
1844
1819
1808
1795
1792
1803
1817
1857
1894
1922
1945
1952
1958
1953
1934
1934
1923
1929
1908
1888
1891
1900
1899
1905
1926
1936
1941
1943
1955
1948
1929
1910
1890
1882
1879
1888
1889
1889
1898
1892
1899
1883
1871
1865
1867
1856
1838
1809
1786
1758
1736
1720
1713
1722
1718
1708
1713
1705
1703
1704
1739
1750
1763
1774
1787
1799
1805
1803
1802
1805
1808
1805
1820
1835
1840
1837
1837
1851
1851
1846
1861
1873
1886
1903
1914
1927
1935
1941
1944
1940
1930
1931
1902
1890
1860
1862
1864
1870
1886
1912
1929
1947
1963
1974
1989
1993
1993
1985
1987
1977
1955
1931
1912
1913
1906
1895
1874
1855
1836
1845
1869
1878
1907
1915
1926
1924
1923
1912
1903
1884
1870
1857
1872
1886
1898
1902
1910
1915
1945
1963
1978
1974
1959
1947
1932
1901
1905
1894
1910
1905
1920
1930
1946
1949
1964
1977
1991
1996
2015
2007
2001
1988
1971
1961
1962
1962
1962
1988
2004
2025
2051
2067
2086
2107
2108
2105
2101
2093
2069
2042
2012
2005
1971
1965
1943
1938
1937
1939
1930
1934
1939
1946
1941
1950
1978
2015
2030
2042
2066
2103
2130
2159
2169
2184
2194
2197
2187
2162
2140
2127
2109
2093
2060
2037
2036
2032
2028
2022
2026
2035
2040
2034
2041
2044
2045
2038
2037
2034
2043
2053
2046
2058
2075
2074
2057
2035
2022
2029
2032
2035
2052
2076
2087
2092
2090
2072
2059
2050
2035
2017
2015
2003
2011
2017
2021
2030
2054
2072
2088
2094
2089
2085
2077
2076
2079
2066
2054
2036
2015
2009
2001
1983
1970
1964
1978
1985
1990
2002
2025
2048
2073
2084
2094
2083
2095
2108
2103
2114
2122
2136
2146
2145
2157
2187
2198
2190
2205
2218
2236
2218
2205
2211
2220
2241
2252
2250
2249
2248
2252
2261
2278
2291
2290
2289
2283
2289
2257
2226
2205
2185
2169
2143
2117
2090
2066
2058
2048
2036
2030
2030
2041
2070
2099
2107
2121
2128
2145
2163
2166
2177
2180
2177
2185
2190
2184
2173
2179
2188
2204
2214
2225
2234
2242
2249
2243
2239
2219
2198
2188
2167
2177
2172
2160
2147
2149
2150
2165
2179
2183
2174
2179
2177
2186
2192
2183
2183
2199
2197
2198
2184
2167
2148
2127
2116
2110
2114
2127
2140
2153
2164
2156
2149
2144
2167
2178
2170
2148
2141
2128
2131
2149
2157
2155
2155
2143
2149
2148
2153
2152
2164
2161
2152
2154
2150
2137
2124
2118
2103
2091
2068
2074
2058
2029
2024
2013
2003
2005
2022
2036
2059
2059
2057
2064
2081
2069
2066
2053
2048
2035
2023
2016
2011
2004
2024
2042
2040
2027
2010
2005
2007
2009
1998
2012
2029
2034
2056
2067
2067
2060
2055
2061
2071
2074
2073
2067
2072
2067
2072
2084
5835
1953
1901
1890
1865
1841
1819
1779
1694
1606
1541
1525
1527
1529
1517
1494
1477
1491
1523
1596
1658
1692
1695
1684
1651
1611
1534
1484
1439
1402
1376
1367
1373
1378
1403
1486
1569
1636
1679
1705
1732
1747
1753
1736
1719
1725
1734
1695
1622
1553
1508
1471
1416
1347
1301
1302
1349
1451
1556
1661
1721
1797
1889
1965
1999
1986
1961
1942
1895
1850
1794
1730
1683
1657
1629
1618
1634
1674
1741
1819
1900
1964
1996
1995
1940
1875
1799
1739
1682
1649
1654
1651
1645
1636
1651
1667
1653
1633
1639
1669
1691
1724
1787
1860
1934
1979
2003
1978
1914
1842
1774
1753
1737
1741
1753
1783
1781
1744
1697
1666
1645
1631
1591
1587
1593
1627
1698
1799
1902
1979
2004
1995
1973
1944
1907
1855
1820
1800
1813
1880
1917
1929
1945
1939
1899
1865
1795
1728
1650
1565
1513
1479
1463
1480
1517
1583
1643
1723
1789
1832
1874
1909
1918
1894
1852
1821
1803
1797
1790
1784
1786
1797
1825
1852
1867
1851
1795
1733
1635
1610
1623
1656
1714
1759
1791
1827
1900
1958
1982
1991
2019
2020
2044
2056
2079
2097
2109
2123
2134
2106
2083
2081
2070
2049
2045
2053
2079
2101
2101
2061
1990
1908
1859
1834
1823
1822
1835
1883
1918
1907
1847
1795
1755
1726
1658
1586
1465
1342
1247
1220
1218
1236
1253
1279
1326
1426
1521
1664
1800
1892
1940
1978
2019
2056
2068
2079
2027
1940
1808
1705
1621
1554
1525
1533
1572
1602
1617
1702
1791
1891
1952
1975
1983
1984
1969
1969
1966
1956
1952
1944
1939
1925
1938
1967
2005
2024
2007
1955
1903
1844
1799
1756
1713
1653
1624
1606
1607
1615
1669
1732
1846
1974
2104
2201
2286
2337
2404
2448
2491
2509
2532
2556
2573
2543
2522
2493
2460
2389
2337
2268
2211
2174
2178
2181
2213
2269
2321
2362
2408
2443
2475
2478
2472
2463
2445
2403
2349
2276
2198
2122
2088
2088
2103
2129
2157
2190
2239
2281
2292
2273
2252
2223
2203
2225
2260
2286
2321
2382
2423
2462
2475
2480
2469
2459
2451
2433
2406
2358
2322
2298
2290
2305
2302
2298
2295
2309
2315
2318
2292
2265
2245
2232
2213
2211
2196
2180
2165
2164
2163
2172
2172
2166
2164
2183
2197
2229
2251
2326
2367
2431
2473
2524
2544
2547
2514
2465
2423
2393
2361
2303
2255
2239
2252
2271
2288
2287
2274
2287
2289
2302
2303
2298
2320
2298
2242
2179
2127
2077
2059
2085
2138
2193
2265
2332
2402
2446
2486
2521
2549
2567
2577
2593
2590
2590
2576
2550
2517
2477
2425
2365
2302
2253
2244
2275
2323
2374
2412
2445
2474
2504
2524
2530
2511
2473
2458
2446
2446
2447
2446
2423
2407
2401
2379
2356
2337
2316
2284
2237
2188
2161
2173
2217
2257
2267
2304
2304
2339
2394
2463
2487
2483
2460
2443
2440
2433
2416
2393
2368
2346
2338
2337
2352
2368
2370
2354
2317
2271
2247
2234
2215
2241
2263
2275
2300
2322
2362
2420
2481
2516
2531
2521
2498
2486
2480
2482
2488
2470
2466
2427
2380
2341
2330
2325
2323
2306
2294
2276
2285
2310
2341
2361
2396
2410
2422
2419
2435
2444
2458
2450
2424
2396
2368
2333
2297
2254
2238
2207
2171
2093
2026
1982
1972
1964
1971
1976
1998
2049
2124
2183
2249
2310
2351
2352
2352
2331
2325
2306
2284
2233
2211
2181
2137
2124
2117
2104
2068
2048
2038
2018
2027
2056
2090
2117
2135
2151
2154
2173
2179
2154
2114
2090
2066
2035
1971
1901
1819
1780
1746
1753
1748
1790
1870
1975
2055
2119
2163
2238
2271
2311
2320
2354
2364
2383
2371
2322
2242
2156
2039
1932
1826
1774
1747
1745
1763
1835
1893
1941
1984
2053
2141
2207
2265
2320
2358
2399
2448
2460
2466
2467
2450
2432
2417
2388
2384
2375
2376
2384
2408
2422
2420
2406
2401
2376
2355
2332
2311
2278
2251
2206
2180
2162
2121
2059
1988
1926
1849
1763
1698
1641
1609
1568
1580
1600
1643
1690
1761
1808
1853
1883
1909
1909
1872
1817
1811
1848
1903
1961
2012
2043
2064
2078
2086
2069
2020
1966
1923
1892
1835
1774
1706
1657
1629
1638
1691
1776
1844
1887
1884
1869
1826
1778
1720
1680
1646
1636
1643
1675
1683
1687
1697
1724
1778
1819
1855
1867
1847
1848
1857
1879
1886
1895
1923
1955
1967
1986
1986
1976
1937
1914
1911
1941
1982
2014
2001
1958
1911
1871
1828
1782
1711
1647
1602
1567
1552
1555
1605
1665
1747
1822
1857
1882
1912
1952
1963
1945
1928
1913
1920
1929
1935
1955
1972
1971
1971
1997
2035
2079
2120
2130
2151
2164
2147
2116
2070
2051
2044
2057
2061
2066
2045
2010
1957
1893
1842
1815
1820
1842
1883
1919
1977
2039
2106
2158
2230
2251
2244
2242
2261
2255
2224
2183
2179
2194
2211
2230
2249
2254
2258
2240
2200
2162
2127
2109
2106
2102
2110
2113
2131
2145
2161
2168
2157
2138
2123
2112
2126
2139
2149
2199
2250
2281
2276
2249
2195
2135
2063
2021
1973
1951
1915
1891
1867
1878
1859
1858
1844
1820
1781
1757
1752
1772
1782
1814
1867
1939
2017
2089
2183
2236
2293
2310
2317
2302
2283
2269
2239
2206
2202
2187
2147
2091
2061
2044
2043
2033
2038
2040
2068
2111
2160
2195
2229
2231
2236
2224
2195
2159
2147
2109
2061
2031
1991
1943
1917
1888
1879
1882
1915
1928
1953
1981
1989
2005
2039
2062
2065
2058
2047
2041
2042
2046
2046
2038
2017
2042
2089
2152
2233
2322
2395
2454
2498
2482
2435
2374
2286
2215
2113
1999
1863
1769
1691
1629
1602
1597
1600
1617
1651
1705
1755
1828
1903
1966
1996
1999
1977
1971
1970
1995
2038
2079
2118
2144
2157
2140
2143
2127
2129
2100
2101
2107
2144
2139
2135
2102
2096
2061
2007
1963
1924
1891
1861
1867
1911
1948
1980
2008
2039
2054
2073
2087
2091
2077
2077
2088
2094
2095
2066
2035
1994
1958
1934
1923
1904
1890
1859
1858
1834
1844
1855
1868
1860
1853
1847
1878
1947
2001
2013
2034
2039
2024
2027
2038
2049
2072
2087
2070
1991
1934
1890
1840
1817
1784
1755
1763
1809
1849
1906
1930
1926
1912
1929
1942
1959
1950
1932
1908
1910
1940
1977
2000
2032
2050
2067
2061
2061
2068
2095
2118
2158
2197
2234
2274
2288
2271
2261
2235
2198
2138
2072
2031
2010
2012
2020
2031
2056
2065
2081
2106
2132
2175
2210
2249
2242
2218
2160
2130
2088
2055
2016
1983
1968
1953
1975
1996
2012
2037
2040
2049
2082
2115
2140
2169
2195
2202
2208
2212
2231
2238
2241
2207
2178
2162
2158
2159
2171
2182
2201
2208
2193
2158
2140
2132
2147
2161
2168
2195
2218
2248
2256
2248
2247
2252
2260
2277
2279
2297
2311
2332
2343
2368
2364
2364
2376
2385
2380
2360
2337
2318
2315
2310
2315
2335
2370
2417
2476
2498
2510
2499
2512
2516
2506
2487
2463
2442
2449
2444
2453
2439
2429
2433
2443
2437
2447
2461
2468
2479
2474
2455
2419
2392
2350
2313
2271
2282
2288
2288
2292
2298
2330
2383
2437
2476
2494
2482
2457
2446
2435
2440
2436
2431
2433
2449
2461
2464
2463
2439
2410
2394
2400
2412
2410
2417
2414
2398
2354
2300
2253
2215
2142
2126
2110
2090
2075
2083
2107
2145
2186
2210
2236
2272
2293
2309
2347
2367
2377
2363
2335
2327
2338
2346
2330
2303
2280
2263
2250
2229
2213
2202
2218
2239
2268
2267
2273
2282
2298
2318
2317
2312
2312
2304
2316
2302
2288
2256
2249
2228
2224
2214
2223
2243
2289
2303
2310
2298
2294
2279
2256
2248
2246
2240
2230
2228
2247
2284
2299
2316
2315
2314
2303
2286
2258
2259
2235
2237
2251
2291
2276
2258
2214
2198
2176
2165
2147
2168
2197
2238
2297
2367
2399
2420
2395
2376
2351
2323
2291
2244
2187
2152
2148
2130
2135
2143
2171
2166
2137
2080
2036
2000
1984
1953
1948
1941
1949
1955
1994
2029
2054
2047
2048
2037
2054
2060
2076
2083
2089
2066
2022
1970
1943
1914
1875
1842
1808
1766
1713
1689
1688
1687
1683
1667
1638
1608
1587
1624
1635
1640
1663
1691
1708
1734
1773
1826
1857
1905
1942
1999
2031
2044
2021
1975
1911
1845
1801
1783
1787
1822
1838
1867
1889
1904
1925
1959
1966
1959
1932
1919
1888
1843
1799
1787
1796
1818
1828
1852
1870
1896
1942
1988
2028
2044
2052
2025
2006
1988
1979
1961
1933
1909
1899
1907
1918
1905
1891
1852
1822
1799
1795
1789
1803
1829
1880
1936
1974
1988
1986
1998
2007
1996
1994
1974
1944
1928
1937
1925
1920
1930
1944
1969
1997
2023
2049
2053
2060
2093
2111
2115
2096
2092
2081
2081
2072
2071
2087
2135
2174
2194
2189
2180
2157
2118
2078
2056
2050
2058
2075
2082
2085
2109
2142
2171
2199
2225
2246
2279
2293
2317
2336
2355
2392
2429
2481
2502
2502
2504
2490
2467
2427
2381
2250
2180
2122
2073
2043
2029
2037
2081
2143
2171
2169
2170
2171
2172
2166
2172
2140
2128
2111
2138
2165
2191
2200
2196
2200
2197
2208
2226
2250
2259
2268
2257
2217
2173
2158
2139
2124
2106
2084
2066
2055
2050
2055
2069
2088
2104
2132
2140
2140
2144
2146
2148
2166
2175
2215
2235
2282
2316
2351
2372
2383
2392
2386
2375
2352
2340
2332
2336
2340
2335
2339
2349
2362
2330
2270
2235
2194
2184
2155
2154
2133
2138
2152
2193
2209
2237
2259
2296
2282
2241
2197
2164
2119
2097
2075
2072
2059
2060
2050
2028
2011
1969
1911
1882
1827
1832
1868
1901
1933
1950
1980
1985
1983
1937
1907
1859
1839
1843
1851
1842
1848
1833
1835
1833
1833
1828
1830
1832
1846
1833
1823
1817
1842
1876
1911
1914
1924
1922
1929
1924
1901
1855
1801
1725
1728
1775
1828
1856
1862
1842
1809
1755
1665
1578
1535
1526
1574
1650
1743
1839
1942
1969
1992
1968
1950
1908
1901
1888
1873
1844
1812
1765
1720
1704
1704
1708
1739
1766
1787
1827
1845
1798
1735
1656
1576
1549
1512
1504
1515
1563
1641
1739
1856
1923
1953
1983
1955
1928
1882
1873
1842
1824
1805
1818
1806
1793
1765
1755
1757
1771
1768
1767
1767
1785
1782
1805
1812
1826
1847
1910
1969
2028
2073
2111
2117
2123
2075
2016
1953
1915
1898
1894
1904
1879
1853
1834
1818
1797
1765
1737
1702
1666
1641
1615
1616
1603
1590
1588
1629
1682
1718
1712
1717
1719
1743
1770
1796
1841
1901
1961
2040
2088
2117
2104
2081
2063
2049
2011
1971
1940
1923
1930
1913
1901
1880
1861
1849
1867
1903
1950
2016
2059
2093
2136
2167
2204
2246
2307
2372
2389
2370
2351
2328
2303
2256
2210
2182
2166
2149
2133
2127
2155
2175
2213
2282
2322
2340
2353
2345
2332
2322
2323
2316
2312
2315
2337
2366
2392
2400
2433
2477
2480
2483
2476
2462
2454
2438
2382
2326
2279
2240
2245
2269
2285
2284
2273
2236
2222
2236
2277
2326
2386
2434
2459
2487
2477
2443
2421
2391
2354
2325
2303
2290
2284
2269
2265
2277
2290
2300
2301
2333
2359
2376
2383
2379
2340
2306
2288
2284
2275
2272
2256
2251
2239
2237
2267
2344
2390
2461
2499
2524
2534
2544
2534
2524
2515
2481
2434
2384
2345
2315
2306
2306
2338
2345
2354
2373
2378
2375
2385
2381
2399
2418
2459
2498
2539
2563
2596
2605
2620
2605
2606
2588
2566
2492
2427
2313
2260
2227
2214
2187
2155
2128
2133
2123
2153
2190
2239
2266
2276
2256
2236
2206
2218
2263
2284
2281
2279
2301
2318
2370
2400
2428
2450
2459
2457
2442
2421
2410
2413
2421
2436
2455
2442
2425
2367
2310
2252
2205
2148
2134
2118
2123
2106
2129
2152
2171
2218
2282
2319
2365
2380
2376
2352
2331
2298
2274
2241
2215
2183
2138
2123
2125
2128
2133
2148
2147
2136
2096
2049
2012
1997
1996
2019
2028
2043
2070
2091
2096
2107
2113
2134
2133
2138
2161
2218
2253
2281
2278
2278
2258
2247
2230
2227
2256
2286
2288
2280
2287
2346
2382
2412
2420
2436
2444
2407
2374
2324
2250
2171
2099
2019
1975
1940
1943
1963
2037
2118
2203
2264
2321
2353
2390
2422
2483
2504
2542
2572
2608
2612
2598
2564
2520
2475
2411
2341
2278
2247
2243
2247
2293
2330
2388
2428
2467
2472
2465
2452
2438
2444
2439
2457
2470
2493
2480
2439
2358
2304
2253
2208
2176
2152
2138
2146
2156
2207
2225
2227
2196
2136
2089
2084
2096
2104
2136
2167
2231
2290
2336
2354
2359
2345
2314
2297
2287
2283
2288
2299
2303
2281
2245
2204
2183
2167
2155
2165
2209
2221
2235
2246
2263
2263
2254
2250
2246
2232
2219
2209
2186
2162
2135
2137
2138
2120
2103
2119
2152
2175
2175
2162
2168
2197
2256
2317
2356
2387
2412
2436
2441
2450
2411
2382
2347
2327
2296
2272
2248
2245
2236
2229
2201
2152
2106
2081
2077
2079
2114
2158
2220
2295
2339
2360
2392
2439
2484
2518
2546
2550
2546
2530
2506
2488
2433
2370
2289
2198
2134
2098
2049
2031
2017
2040
2069
2113
2142
2149
2108
2075
2027
1994
1994
2024
2091
2157
2247
2297
2321
2371
2374
2365
2316
2239
2146
2077
2017
1939
1852
1824
1820
1858
1873
1854
1838
1874
1924
1963
1992
2017
2062
2098
2129
2166
2185
2196
2189
2180
2179
2180
2189
2171
2164
2150
2136
2111
2105
2131
2146
2148
2141
2112
2099
2094
2112
2145
2212
2239
2289
2290
2306
2280
2241
2176
2125
2049
2004
1970
1918
1852
1751
1706
1679
1687
1723
1765
1797
1828
1878
1923
1975
2017
2023
2034
2034
2024
1989
1981
1982
2021
2062
2110
2140
2179
2193
2196
2172
2159
2138
2119
2087
2057
2026
2035
2072
2132
2175
2208
2206
2189
2132
2061
1989
1946
1919
1920
1922
1969
2011
2035
2075
2090
2100
2090
2094
2085
2086
2098
2104
2127
2158
2179
2208
2226
2257
2251
2280
2303
2357
2399
2440
2430
2390
2331
2254
2173
2108
2046
2037
2015
2004
2007
2032
2077
2120
2152
2188
2212
2220
2236
2241
2224
2215
2204
2200
2207
2207
2211
2198
2198
2197
2200
2205
2219
2222
2242
2279
2307
2331
2346
2351
2383
2422
2447
2463
2496
2500
2521
2514
2508
2476
2446
2417
2386
2340
2305
2260
2241
2210
2196
2169
2160
2157
2155
2168
2193
2222
2225
2216
2207
2228
2246
2292
2342
2364
2362
2361
2391
2422
2424
2410
2380
2326
2287
2240
2171
2116
2059
2016
1991
1961
1959
1972
2018
2070
2134
2180
2212
2258
2304
2333
2353
2361
2369
2369
2360
2344
2316
2272
2221
2148
2075
2019
1999
2045
2095
2145
2203
2257
2297
2328
2336
2308
2254
2192
2130
2078
2037
2023
2050
2086
2123
2155
2166
2165
2156
2142
2114
2069
2019
1998
2015
2070
2121
2133
2130
2083
2050
2024
2010
1999
1962
1915
1899
1906
1945
1975
1998
1985
1935
1889
1829
1799
1812
1832
1843
1865
1849
1851
1889
1941
1965
1960
1935
1900
1880
1872
1871
1885
1872
1844
1853
1837
1807
1780
1751
1749
1764
1807
1870
1962
2025
2069
2098
2080
2060
2054
2059
2063
2070
2075
2082
2112
2124
2138
2184
2240
2278
2319
2354
2361
2374
2381
2394
2386
2356
2329
2290
2262
2242
2235
2244
2294
2336
2373
2406
2403
2384
2330
2294
2266
2253
2234
2203
2143
2116
2088
2095
2077
2068
2047
2054
2082
2137
2174
2227
2271
2314
2324
2321
2300
2277
2266
2265
2231
2243
2260
2298
2314
2331
2339
2320
2288
2266
2246
2238
2218
2208
2198
2205
2245
2282
2321
2321
2313
2311
2340
2371
2388
2387
2389
2380
2399
2379
2366
2343
2322
2263
2249
2231
2232
2209
2175
2125
2086
2064
2068
2091
2136
2173
2222
2263
2304
2328
2369
2407
2407
2388
2365
2356
2342
2335
2303
2275
2231
2201
2176
2169
2166
2199
2224
2263
2311
2360
2411
2459
2471
2486
2471
2448
2424
2407
2399
2425
2443
2480
2492
2519
2547
2551
2537
2516
2466
2450
2418
2390
2364
2351
2358
2386
2425
2451
2481
2508
2500
2465
2431
2386
2346
2302
2255
2211
2196
2202
2236
2251
2274
2279
2301
2290
2287
2263
2238
2211
2206
2173
2157
2141
2125
2106
2103
2101
2109
2124
2148
2178
2208
2206
2192
2184
2163
2158
2169
2174
2183
2213
2228
2258
2280
2312
2324
2328
2346
2370
2381
2395
2403
2425
2433
2433
2415
2420
2400
2373
2323
2269
2212
2168
2111
2081
2050
2036
2030
2042
2065
2091
2115
2163
2219
2274
2307
2318
2300
2248
2170
2104
2013
1931
1862
1819
1791
1783
1823
1872
1927
1961
2009
2038
2067
2090
2102
2111
2094
2065
2051
2063
2070
2108
2178
2243
2277
2282
2256
2230
2212
2203
2169
2125
2063
1986
1928
1860
1826
1816
1851
1865
1877
1917
1948
1990
2024
2045
2104
2114
2117
2093
2059
2015
1980
1928
1878
1829
1792
1771
1755
1765
1772
1799
1862
1945
2042
2109
2175
2225
2256
2240
2171
2057
1952
1849
1769
1680
1628
1588
1586
1598
1636
1672
1717
1755
1777
1786
1765
1717
1676
1659
1697
1737
1770
1828
1947
2039
2092
2122
2128
2149
2147
2139
2097
2064
2019
1988
1943
1875
1800
1767
1748
1760
1747
1739
1727
1760
1773
1808
1838
1854
1875
1883
1863
1835
1802
1790
1772
1746
1719
1689
1681
1693
1697
1707
1739
1761
1783
1772
1760
1729
1736
1715
1683
1667
1685
1716
1790
1853
1940
2032
2163
2224
2271
2296
2318
2326
2350
2338
2312
2248
2162
2068
1987
1920
1873
1829
1805
1779
1775
1805
1841
1866
1908
1960
2020
2068
2115
2148
2152
2130
2079
2012
1941
1886
1824
1781
1722
1699
1679
1683
1705
1726
1712
1717
1731
1775
1791
1819
1823
1790
1721
1699
1699
1696
1695
1720
1736
1746
1753
1751
1730
1706
1668
1647
1635
1650
1669
1678
1683
1688
1701
1720
1750
1796
1841
1919
2016
2092
2141
2175
2203
2198
2185
2162
2131
2077
2038
1997
1968
1956
1948
1923
1899
1864
1845
1842
1846
1846
1836
1809
1807
1802
1797
1790
1780
1765
1769
1772
1781
1805
1823
1814
1812
1841
1858
1904
1935
1971
2006
2035
2090
2126
2160
2192
2229
2248
2262
2259
2222
2188
2163
2152
2170
2194
2242
2295
2331
2333
2347
2362
2348
2318
2274
2241
2208
2185
2182
2190
2200
2189
2186
2199
2208
2200
2199
2181
2154
2147
2127
2114
2100
2095
2074
2039
1993
1946
1903
1871
1849
1869
1886
1907
1902
1895
1894
1900
2100
2123
2139
2165
2193
2199
2190
2186
2201
2214
2214
2200
2178
2167
2161
2167
2161
2129
2060
2012
1954
1887
1821
1774
1722
1695
1670
1661
1639
1627
1613
1639
1681
1747
1802
1878
1931
2002
2083
2142
2199
2206
2168
2133
2105
2074
2038
2034
2047
2076
2106
2160
2216
2267
2300
2339
2372
2367
2377
2385
2373
2317
2252
2161
2095
2044
1999
1970
1956
1959
1978
1996
2026
2027
2034
2023
2024
2026
2050
2062
2069
2034
2018
1988
1985
1977
1988
1984
2035
2092
2146
2177
2184
2171
2173
2172
2155
2116
2065
2033
2003
1988
2001
2024
2061
2106
2141
2190
2230
2248
2271
2294
2300
2296
2290
2306
2311
2301
2272
2239
2177
2132
2093
2078
2074
2103
2129
2163
2191
2211
2231
2258
2257
2236
2203
2181
2136
2123
2119
2142
2162
2164
2144
2111
2062
2016
1956
1899
1857
1831
1827
1839
1889
1953
2014
2050
2089
2092
2096
2091
2089
2049
2016
1990
1979
1996
2026
2040
2052
2051
2053
2028
1983
1949
1904
1862
1836
1818
1820
1864
1952
2029
2079
2104
2118
2125
2112
2087
2050
1994
1941
1871
1837
1847
1861
1892
1948
1999
2035
2072
2113
2157
2205
2263
2315
2349
2346
2322
2283
2261
2245
2242
2227
2201
2162
2126
2106
2105
2129
2156
2181
2184
2186
2200
2227
2220
2216
2194
2173
2154
2122
2075
2002
1957
1913
1878
1870
1892
1909
1952
2015
2069
2108
2140
2132
2109
2063
2019
1963
1932
1896
1874
1852
1863
1848
1865
1906
1963
2012
2075
2117
2160
2191
2224
2231
2234
2224
2221
2198
2175
2149
2121
2075
2064
2085
2126
2178
2228
2257
2290
2305
2306
2323
2307
2304
2297
2305
2292
2292
2268
2271
2281
2304
2276
2232
2172
2085
2005
1936
1845
1795
1743
1737
1759
1840
1885
1932
1964
2010
2056
2105
2150
2234
2307
2364
2398
2407
2406
2392
2362
2306
2239
2194
2163
2129
2105
2075
2096
2122
2149
2162
2167
2156
2146
2119
2078
2036
2040
2057
2097
2115
2147
2178
2206
2218
2238
2251
2278
2278
2287
2273
2272
2264
2276
2294
2319
2339
2366
2366
2345
2288
2236
2188
2144
2095
2073
2068
2067
2076
2072
2055
2063
2083
2128
2169
2207
2231
2261
2273
2281
2275
2244
2209
2180
2130
2103
2077
2075
2088
2097
2139
2187
2231
2244
2222
2175
2117
2066
2063
2058
2087
2109
2099
2070
2020
1955
1899
1865
1808
1768
1734
1716
1709
1705
1676
1621
1581
1566
1553
1557
1573
1578
1605
1652
1727
1773
1793
1830
1854
1869
1902
1943
1970
1975
1961
1933
1927
1916
1949
1970
2002
2030
2084
2128
2181
2171
2140
2096
2069
2048
2022
1999
1962
1912
1871
1849
1829
1790
1737
1707
1691
1644
1582
1490
1339
1265
1222
1247
1279
1323
1380
1456
1565
1661
1727
1776
1781
1759
1719
1694
1643
1624
1593
1581
1579
1632
1689
1765
1822
1889
1943
2002
2043
2080
2090
2079
2032
1986
1948
1917
1895
1896
1918
1975
2059
2097
2162
2186
2212
2243
2275
2251
2243
2213
2198
2179
2164
2136
2121
2084
2028
1971
1921
1861
1859
1862
1865
1841
1858
1868
1888
1905
1925
1890
1860
1824
1785
1732
1675
1633
1629
1643
1669
1701
1764
1816
1871
1898
1920
1941
1957
1986
2036
2086
2134
2190
2222
2255
2223
2183
2139
2131
2112
2119
2097
2050
2004
1951
1894
1873
1878
1904
1928
1959
1978
2001
1987
1978
1938
1900
1869
1870
1855
1837
1841
1847
1853
1869
1872
1883
1909
1956
2038
2095
2118
2133
2185
2234
2260
2289
2325
2342
2337
2327
2300
2265
2233
2212
2177
2139
2096
2041
2013
2001
1985
1990
1986
1986
1992
1961
1945
1901
1821
1754
1702
1683
1691
1716
1755
1845
1940
2040
2109
2111
2061
2008
1985
1971
1955
1948
1915
1887
1887
1915
1958
2002
2027
2066
2123
2152
2161
2166
2167
2156
2147
2097
2053
2023
2023
2007
2030
2039
2040
2031
2021
2005
2010
2007
2018
2011
2019
2006
1990
1941
1919
1907
1934
1955
1996
2028
2048
2023
2010
1998
1980
1948
1925
1884
1841
1836
1840
1869
1883
1903
1924
1976
2004
2033
2042
2063
2080
2102
2113
2117
2069
2051
2017
2034
2051
2081
2083
2111
2134
2146
2136
2093
2049
2008
1956
1943
1946
1982
2007
2042
2076
2131
2167
2186
2203
2196
2199
2214
2236
2246
2244
2235
2251
2252
2269
2241
2214
2185
2187
2197
2223
2218
2202
2165
2144
2129
2129
2116
2134
2146
2168
2160
2152
2147
2143
2123
2083
2039
2005
1984
1979
1978
1990
2003
2055
2092
2137
2196
2250
2281
2298
2281
2208
2098
1971
1854
1747
1639
1524
1414
1278
1215
1199
1226
1276
1348
1437
1537
1669
1739
1788
1836
1856
1878
1910
1951
2008
2076
2124
2151
2163
2153
2135
2108
2069
2059
2038
2004
1965
1913
1872
1852
1837
1810
1791
1778
1760
1740
1769
1825
1928
2013
2076
2143
2205
2254
2267
2277
2259
2248
2229
2223
2220
2197
2159
2140
2106
2087
2036
2017
2006
2012
2009
2016
2017
2005
1986
2013
2029
2043
2028
2009
1986
1994
2012
2074
2113
2124
2082
2040
2001
1966
1931
1908
1909
1919
1935
1950
1983
1966
1935
1911
1907
1912
1941
1989
2082
2111
2110
2065
2033
1979
1957
1927
1903
1885
1879
1858
1899
1950
2030
2089
2141
2156
2150
2138
2136
2126
2124
2107
2084
2070
2089
2128
2188
2232
2276
2327
2399
2434
2455
2482
2516
2538
2538
2516
2472
2444
2405
2350
2312
2274
2248
2218
2185
2151
2093
2039
1980
1943
1922
1938
1963
1987
1991
1978
1964
1961
1932
1891
1841
1833
1809
1798
1799
1820
1850
1910
1997
2058
2097
2128
2146
2183
2194
2222
2274
2291
2325
2364
2387
2377
2360
2328
2297
2271
2243
2215
2208
2216
2222
2211
2161
2104
2059
2044
2039
2054
2059
2060
2087
2115
2156
2183
2191
2222
2223
2213
2196
2185
2180
2174
2173
2168
2182
2197
2173
2139
2127
2137
2168
2198
2197
2190
2207
2236
2270
2306
2331
2333
2345
2360
2371
2382
2372
2339
2324
2304
2292
2268
2241
2203
2177
2167
2172
2178
2201
2187
2180
2199
2238
2285
2337
2367
2397
2422
2474
2507
2500
2483
2476
2458
2420
2375
2317
2291
2268
2243
2215
2199
2194
2235
2278
2323
2329
2348
2349
2371
2367
2373
2390
2400
2403
2436
2432
2438
2422
2389
2307
2275
2222
2191
2163
2170
2176
2215
2244
2278
2308
2326
2336
2352
2343
2334
2294
2262
2269
2274
2298
2304
2285
2269
2259
2256
2271
2288
2308
2334
2321
2287
2236
2179
2160
2138
2138
2148
2163
2191
2212
2210
2216
2219
2225
2196
2174
2147
2142
2132
2138
2134
2103
2084
2084
2060
2073
2088
2093
2103
2114
2118
2110
2090
2096
2104
2085
2052
2046
2030
2024
2041
2072
2091
2137
2200
2238
2232
2181
2109
2008
1945
1873
1799
1762
1765
1786
1815
1851
1882
1904
1936
1954
1972
1985
1996
2027
2033
2067
2085
2094
2073
2041
1996
1910
1860
1828
1813
1807
1818
1809
1823
1866
1919
1925
1892
1855
1844
1839
1844
1842
1843
1839
1847
1841
1832
1787
1733
1695
1679
1693
1719
1750
1792
1820
1846
1883
1899
1911
1941
1981
2035
2081
2140
2199
2224
2217
2230
2240
2225
2196
2162
2136
2141
2146
2130
2110
2103
2089
2103
2140
2180
2214
2227
2217
2189
2146
2099
2040
1977
1937
1920
1900
1858
1858
1876
1919
1926
1940
1959
2010
2041
2092
2115
2187
2215
2235
2240
2254
2257
2275
2246
2218
2188
2163
2144
2132
2116
2111
2091
2077
2051
2037
2011
2000
1988
1986
1995
2004
2011
2037
2056
2063
2063
2042
2011
2004
2028
2066
2132
2173
2211
2244
2290
2327
2338
2329
2319
2315
2309
2282
2251
2195
2199
2190
2197
2178
2164
2155
2174
2191
2237
2253
2274
2261
2232
2196
2152
2102
2075
2046
2001
1935
1889
1867
1866
1871
1905
1941
1963
2010
2059
2089
2100
2102
2081
2048
2035
2041
2054
2057
2053
2061
2081
2092
2082
2091
2126
2163
2190
2185
2169
2153
2118
2075
2033
2025
2023
2036
2025
1993
1959
1949
1955
1962
1950
1968
1991
2027
2084
2127
2156
2181
2204
2233
2243
2236
2236
2258
2291
2300
2285
2239
2216
2202
2191
2177
2150
2130
2132
2168
2179
2187
2175
2171
2150
2138
2088
2048
2022
2027
2023
2029
2031
2033
2013
2016
2024
2040
2029
2041
2040
2057
2065
2079
2068
2049
2048
2079
2113
2151
2167
2200
2238
2270
2300
2318
2326
2326
2316
2293
2306
2302
2296
2260
2202
2137
2094
2099
2108
2104
2114
2090
2097
2096
2121
2147
2177
2196
2201
2200
2232
2220
2215
2202
2212
2245
2186
2145
2117
2109
2087
2106
2130
2141
2136
2129
2105
2069
2033
2007
2007
1996
2007
2004
2020
2028
2044
2068
2089
2078
2094
2096
2111
2106
2117
2123
2149
2132
2100
2050
2041
2040
2055
2033
2029
2004
1996
1995
2027
2063
2088
2150
2181
2219
2271
2334
2400
2455
2467
2486
2503
2526
2526
2528
2498
2464
2442
2402
2388
2368
2314
2255
2179
2112
2054
2007
1992
1997
1991
1968
1920
1892
1883
1896
1945
1998
2048
2080
2077
2041
1961
1855
1804
1777
1780
1813
1879
1931
1967
1964
1944
1957
1960
1947
1921
1869
1827
1785
1756
1747
1758
1806
1850
1897
1924
1974
1991
1973
1951
1953
1960
1978
1987
2033
2088
2154
2195
2234
2241
2226
2179
2142
2110
2079
2069
2064
2077
2103
2118
2158
2160
2138
2127
2142
2136
2126
2116
2141
2197
2256
2292
2283
2268
2228
2157
2060
2008
1966
1954
1909
1883
1828
1775
1714
1728
1738
1779
1796
1812
1799
1833
1943
2039
2114
2167
2177
2177
2171
2176
2147
2122
2093
2053
1984
1925
1877
1855
1836
1865
1884
1920
1932
1931
1935
1958
2005
2012
2039
2069
2108
2167
2206
2248
2274
2287
2311
2289
2291
2263
2244
2221
2227
2234
2230
2231
2238
2247
2268
2280
2258
2204
2130
2055
2016
1991
1984
1985
2023
2041
2050
2027
2024
2038
2081
2128
2184
2176
2107
2008
1923
1832
1729
1652
1596
1573
1568
1577
1631
1736
1863
1990
2139
2242
2308
2348
2366
2349
2292
2240
2157
2098
2061
2051
2084
2134
2193
2242
2284
2336
2366
2387
2380
2378
2368
2356
2292
2233
2161
2103
2052
2010
1981
1973
1985
1996
2012
2012
2021
2037
2034
1995
1914
1860
1816
1805
1817
1827
1815
1806
1823
1846
1865
1913
1979
2051
2116
2177
2221
2229
2211
2200
2172
2163
2146
2125
2077
2054
2035
1999
1975
1974
1951
1951
1964
1980
1991
1994
2003
2031
2039
2044
2016
2006
2005
2009
2043
2068
2058
2061
2061
2072
2084
2081
2083
2090
2109
2108
2131
2169
2217
2249
2291
2305
2334
2339
2332
2304
2273
2200
2140
2040
1961
1867
1797
1768
1735
1755
1785
1822
1874
1919
1952
1959
1959
1963
1975
1974
1971
1954
1921
1909
1895
1899
1899
1909
1930
1977
2005
2043
2067
2127
2180
2221
2257
2294
2329
2354
2344
2323
2291
2239
2170
2115
2048
2019
2011
2021
2044
2041
2032
2032
2053
2071
2071
2065
2039
2028
1993
1910
1805
1721
1627
1558
1523
1501
1495
1517
1554
1593
1634
1674
1716
1762
1805
1849
1903
1919
1942
1958
1975
1989
2027
2066
2109
2108
2095
2074
2064
2033
1995
1962
1875
1791
1727
1678
1653
1660
1676
1700
1722
1762
1785
1801
1816
1807
1803
1801
1795
1781
1752
1764
1770
1789
1807
1841
1880
1923
1962
1987
2010
2002
1963
1915
1875
1859
1857
1801
1737
1661
1579
1527
1471
1457
1467
1493
1544
1611
1686
1730
1791
1825
1864
1892
1950
1970
1970
1933
1901
1869
1840
1817
1821
1819
1835
1833
1843
1850
1885
1925
1991
2034
2073
2081
2056
2047
2053
2048
2029
1993
1950
1918
1898
1890
1871
1889
1900
1944
1977
2007
2073
2112
2129
2152
2140
2120
2082
2072
2045
2020
2010
1995
1981
2014
2041
2082
2131
2173
2203
2222
2219
2208
2194
2176
2150
2138
2153
2174
2198
2213
2210
2218
2228
2239
2272
2320
2384
2418
2417
2409
2371
2327
2296
2261
2241
2236
2213
2190
2167
2155
2163
2170
2172
2158
2141
2063
1985
1916
1871
1849
1847
1859
1886
1920
1964
2015
2093
2161
2209
2248
2268
2274
2276
2259
2225
2161
2088
2033
1981
1976
1984
1983
1991
2014
2041
2111
2181
2242
2284
2298
2261
2225
2180
2118
2024
1918
1791
1738
1706
1680
1669
1675
1675
1685
1732
1800
1891
1980
2039
2081
2090
2083
2062
2051
2036
2036
2061
2081
2081
2051
2034
2008
1970
1946
1912
1883
1878
1882
1899
1902
1876
1883
1913
1938
1908
1847
1781
1750
1737
1754
1745
1731
1715
1703
1675
1646
1623
1599
1557
1521
1477
1459
1455
1469
1482
1526
1575
1628
1669
1700
1744
1760
1768
1784
1775
1758
1763
1770
1781
1779
1751
1723
1692
1660
1635
1629
1641
1653
1693
1723
1753
1791
1815
1827
1831
1837
1880
1897
1943
1950
1965
1946
1897
1789
1691
1591
1519
1471
1468
1472
1465
1460
1478
1474
1479
1480
1525
1575
1643
1710
1720
1734
1769
1793
1778
1727
1663
1639
1607
1596
1586
1606
1628
1635
1635
1654
1675
1714
1733
1751
1753
1774
1828
1897
1939
2007
2064
2124
2144
2139
2088
2045
1980
1904
1844
1815
1792
1784
1779
1808
1813
1828
1819
1793
1763
1738
1684
1647
1624
1642
1691
1772
1843
1922
1996
2029
2050
2062
2081
2092
2102
2080
1987
1879
1769
1677
1631
1580
1541
1514
1541
1591
1684
1785
1872
1965
2016
1999
1948
1908
1879
1864
1850
1826
1783
1759
1753
1757
1796
1833
1863
1884
1913
1922
1919
1897
1851
1783
1741
1734
1755
1765
1792
1802
1804
1793
1770
1718
1661
1633
1646
1640
1610
1548
1491
1448
1411
1377
1360
1355
1359
1379
1398
1395
1395
1404
1458
1496
1558
1630
1677
1689
1691
1677
1639
1624
1640
1659
1667
1681
1699
1714
1719
1738
1741
1740
1758
1784
1815
1855
1898
1926
1951
1959
1969
1978
1940
1890
1801
1759
1709
1714
1734
1771
1820
1897
1969
1995
2007
2028
2041
2048
2052
2043
1989
1951
1891
1840
1807
1787
1772
1756
1687
1645
1615
1642
1705
1753
1795
1846
1885
1860
1841
1794
1749
1690
1660
1642
1676
1703
1723
1756
1834
1909
1975
2008
2022
1989
1969
1909
1853
1794
1794
1795
1825
1846
1877
1893
1919
1961
1998
2029
2065
2078
2074
2049
1995
1931
1901
1887
1897
1927
1971
2036
2090
2141
2196
2246
2303
2342
2327
2288
2226
2167
2075
1988
1881
1844
1794
1771
1748
1751
1752
1774
1778
1783
1797
1830
1877
1945
2007
2090
2164
2200
2245
2307
2364
2415
2443
2463
2467
2463
2423
2350
2275
2197
2142
2098
2030
1996
1979
1956
1938
1946
1965
1973
1991
2007
2035
2051
2049
2019
2005
2016
2061
2088
2115
2131
2133
2092
2040
2004
1997
1997
2016
2047
2110
2167
2205
2191
2131
2079
2063
2036
2012
1967
1950
1933
1962
1987
2029
2060
2128
2188
2228
2254
2208
2169
2147
2133
2122
2108
2078
2011
1954
1917
1879
1839
1807
1802
1832
1865
1915
1947
2022
2115
2180
2223
2243
2242
2223
2212
2212
2226
2231
2254
2257
2276
2335
2365
2389
2414
2441
2450
2434
2412
2403
2414
2408
2422
2435
2457
2451
2452
2462
2504
2528
2543
2522
2513
2476
2449
2400
2350
2270
2193
2101
2031
1978
1937
1898
1868
1833
1807
1817
1871
1936
2004
2073
2127
2159
2190
2222
2271
2314
2336
2336
2330
2327
2315
2318
2308
2312
2329
2364
2375
2396
2398
2428
2427
2406
2360
2311
2258
2208
2163
2143
2126
2115
2088
2111
2141
2176
2205
2237
2246
2269
2277
2263
2264
2274
2293
2320
2309
2285
2243
2162
2107
2058
2038
2047
2091
2135
2147
2182
2206
2196
2223
2234
2243
2225
2209
2164
2154
2117
2138
2149
2163
2145
2153
2161
2161
2168
2176
2174
2175
2169
2167
2142
2132
2132
2106
2072
2034
1999
1960
1912
1877
1841
1826
1813
1825
1853
1913
1984
2024
2062
2074
2092
2096
2074
2049
2031
1996
1941
1912
1908
1924
1950
1990
2014
2031
2015
1985
1955
1911
1889
1879
1929
1969
2022
2057
2073
2079
2059
2062
2064
2077
2097
2097
2102
2103
2093
2101
2117
47.05078125
1.662084937
999
