5835
2148
2141
2171
2122
2138
2083
2110
2074
2094
2033
2061
2026
2059
2031
2060
2041
2080
2051
2068
2051
2042
2072
2045
2041
2022
2051
2034
2076
2030
2047
2032
2099
2054
2090
2056
2135
2107
2143
2089
2134
2099
2156
2111
2140
2119
2173
2148
2167
2119
2164
2140
2126
2099
2075
2092
2104
2099
2073
2088
2079
2129
2063
2091
2053
2109
2058
2101
2019
2065
2032
2061
1975
2001
1951
1967
1912
1923
1891
1935
1918
1929
1908
1935
1973
1984
2000
1994
2003
2005
2002
1957
1964
1917
1958
1912
1929
1865
1902
1883
1935
1908
1909
1914
1970
1948
1958
1944
1958
1971
1943
1954
1923
1949
1939
1961
1919
1931
1925
1976
1937
1962
1946
1995
1973
1983
1943
1968
1953
1959
1926
1928
1941
1942
1949
1934
1952
1959
1984
1942
1974
1924
1990
1950
1987
1928
1980
1928
1944
1863
1875
1840
1890
1836
1859
1842
1863
1879
1875
1858
1867
1905
1913
1916
1878
1910
1900
1953
1904
1917
1847
1894
1834
1849
1782
1840
1790
1839
1788
1813
1782
1800
1760
1752
1719
1756
1739
1726
1748
1747
1811
1836
1872
1847
1897
1870
1915
1886
1923
1888
1938
1894
1930
1906
1917
1925
1947
1929
1915
1934
1960
1960
1920
1929
1913
1964
1915
1926
1887
1940
1929
1969
1962
1971
1979
2003
1988
1979
1987
1964
2004
1954
1959
1885
1922
1883
1911
1836
1863
1824
1867
1815
1844
1801
1822
1807
1799
1789
1789
1791
1768
1761
1693
1696
1649
1688
1628
1679
1651
1741
1734
1794
1773
1841
1860
1914
1902
1935
1922
1933
1929
1907
1893
1904
1935
1903
1936
1890
1916
1910
1963
1911
1939
1899
1927
1909
1890
1859
1865
1889
1888
1895
1866
1888
1873
1896
1848
1857
1825
1864
1833
1848
1812
1869
1872
1895
1867
1879
1925
1912
1922
1875
1898
1879
1874
1806
1826
1762
1816
1769
1801
1751
1823
1811
1846
1832
1831
1859
1878
1897
1889
1912
1867
1940
1899
1927
1850
1886
1843
1890
1853
1858
1822
1849
1853
1856
1848
1819
1862
1829
1855
1807
1846
1822
1867
1838
1860
1818
1856
1830
1857
1841
1886
1893
1893
1921
1894
1928
1914
1958
1946
1980
1953
2001
1988
1994
1955
1971
1954
1951
1947
1903
1924
1935
1950
1903
1906
1876
1939
1918
1950
1915
1982
1971
2004
1980
1972
1978
2000
2016
1988
1982
1980
2020
1976
2003
1933
1998
1967
2007
1943
1990
1969
2021
1990
2016
1990
2051
2014
2012
2007
1977
2011
1990
1985
1943
1967
1930
1968
1874
1878
1831
1865
1824
1820
1794
1791
1810
1827
1835
1840
1859
1875
1949
1937
1968
1946
2005
2004
2019
1994
1992
2010
1993
1990
1958
1961
1935
1959
1923
1959
1906
1967
1943
1979
1936
1963
1952
1958
1928
1896
1892
1880
1864
1830
1857
1824
1917
1896
1961
1907
1992
1985
2039
2005
2056
2039
2097
2074
2072
2051
2058
2103
2063
2084
2010
2009
1943
1939
1880
1875
1852
1890
1916
1927
1945
1975
2017
2011
2038
1985
2019
2009
2054
2003
2029
2010
2045
2035
2032
2012
2050
2077
2074
2080
2026
2071
2055
2079
2026
2079
2045
2098
2056
2079
2043
2083
2067
2077
2072
2047
2085
2077
2078
2043
2060
2038
2083
2025
2067
2016
2083
2045
2091
2047
2090
2103
2146
2151
2165
2178
2203
2203
2178
2211
2174
2216
2190
2218
2177
2218
2215
2234
2203
2194
2208
2219
2219
2203
2205
2166
2210
2167
2193
2142
2194
2182
2195
2176
2158
2158
2165
2178
2133
2141
2103
2187
2163
2222
2166
2218
2184
2238
2203
2186
2172
2178
2188
2157
2147
2121
2166
2125
2137
2065
2112
2078
2132
2080
2097
2084
2079
2094
2064
2048
2012
2068
2050
2081
2027
2061
2036
2080
2056
2077
2093
2103
2152
2150
2174
2151
2211
2215
2260
2217
2231
2206
2239
2233
2236
2234
2206
2255
2226
2243
2195
2242
2204
2237
2188
2198
2154
2209
2167
2185
2136
2180
2179
2167
2186
2130
2151
2113
2157
2097
2142
2109
2187
2148
2192
2154
2219
2201
2222
2213
2193
2209
2201
2207
2158
2183
2157
2178
2132
2141
2072
2106
2081
2081
2082
2080
2111
2123
2152
2136
2174
2177
2242
2204
2230
2197
2248
2224
2236
2208
2208
2242
2227
2232
2185
2222
2214
2254
2222
2272
2206
2260
2231
2258
2209
2234
2231
2232
2231
2180
2195
2178
2220
2177
2238
2197
2255
2247
2293
2251
2276
2274
2271
2279
2231
2232
2191
2219
2180
2193
2160
2179
2175
2196
2170
2165
2173
2183
2201
2168
2186
2148
2195
2156
2175
2113
2140
2129
2142
2134
2108
2095
2088
2107
2063
2102
2050
2128
2098
2138
2079
2140
2102
2137
2127
2121
2105
2102
2098
2062
2099
2032
2082
2075
2119
2066
2105
2088
2113
2098
2084
2072
2070
2097
2075
2071
2043
2076
2063
2085
2060
2080
2080
2109
2135
2111
2127
2092
2134
2096
2117
2057
2103
2067
2108
2069
2078
2066
2094
2079
2062
2105
2061
2112
2063
2118
2067
2133
2106
2165
2126
2134
2109
2131
2126
2137
2140
2101
2158
2129
2186
2151
2183
2167
2201
2175
2187
2188
2212
2229
2222
2212
2186
2211
2202
2240
2182
2190
2166
2199
2175
2155
2150
2130
2165
2161
2188
2146
2186
2189
2235
2203
2213
2182
2243
2218
2238
2257
2227
2264
2250
2284
2243
2279
2241
2309
2255
2290
2246
2312
2279
2295
2285
2259
2289
2260
2289
2230
2249
2221
2270
2232
2241
2194
2222
2217
2221
2182
2185
2192
2163
2177
2131
2154
2077
2065
2071
2108
2065
2084
2080
2112
2070
2103
2069
2078
2058
2054
2045
2061
2086
2099
2103
2046
2069
2038
2125
2079
2140
2083
2121
2095
2116
2089
2098
2094
2123
2129
2107
2140
2096
2168
2119
2159
2088
2154
2118
2152
2113
2108
2113
2154
2142
2119
2125
2069
2107
2077
2079
2035
2068
2058
2067
2060
2038
2051
2059
2077
2051
2067
2061
2114
2096
2122
2096
2124
2118
2150
2136
2100
2117
2103
2145
2086
2116
2056
2124
2106
2139
2094
2108
2085
2102
2084
2059
2076
2025
2090
2074
2121
2054
2106
2067
2101
2060
2078
2050
2093
2102
2111
2104
2071
2126
2135
2179
2165
2189
2193
2207
2201
2194
2177
2184
2203
2170
2136
2083
2104
2073
2103
2048
2063
2041
2079
2076
2069
2082
2079
2119
2103
2115
2073
2118
2093
2150
2097
2149
2114
2193
2142
2163
2150
2124
2145
2106
2085
2043
2056
2003
2050
1983
2018
1953
2007
1962
1989
1991
2015
2046
2066
2080
2062
2073
2072
2100
2058
2079
2049
2098
2104
2127
2112
2103
2119
2104
2122
2076
2078
2036
2056
2011
2029
1979
1989
1979
1986
1964
1968
1991
1968
2013
1973
2013
1971
2045
1998
2060
2005
2021
1996
2021
1978
1958
1927
1879
1909
1834
1850
1778
1830
1775
1811
1771
1791
1770
1810
1774
1778
1747
1797
1825
1796
1823
1790
1861
1849
1876
1838
1871
1852
1869
1841
1820
1791
1789
1776
1738
1751
1713
1747
1736
1758
1737
1779
1783
1810
1828
1820
1827
1820
1858
1827
1855
1815
1861
1850
1916
1867
1903
1848
1866
1886
1873
1876
1861
1888
1890
1921
1900
1940
1891
1974
1932
1984
1943
2011
1983
1996
1974
1961
1978
1994
1995
1963
2011
1991
2059
2017
2041
1992
2055
2054
2063
2037
2017
2007
2020
2023
2010
2003
1983
2041
2046
2072
2053
2127
2146
2174
2191
2185
2214
2215
2260
2221
2237
2214
2262
2242
2269
2214
2244
2246
2302
2260
2264
2262
2245
2295
2244
2257
2223
2271
2219
2258
2176
2199
2146
2185
2119
2152
2145
2133
2144
2124
2148
2113
2147
2130
2176
2132
2170
2146
2205
2181
2212
2175
2195
2214
2216
2217
2188
2205
2188
2201
2184
2210
2173
2220
2210
2217
2178
2193
2186
2180
2188
2145
2175
2174
2223
2174
2227
2186
2236
2233
2267
2219
2255
2260
2236
2250
2196
2199
2156
2184
2113
2145
2108
2168
2135
2203
2148
2189
2169
2210
2194
2163
2149
2145
2159
2125
2138
2127
2172
2150
2190
2135
2175
2129
2178
2129
2140
2129
2118
2133
2118
2109
2085
2112
2084
2106
2069
2092
2086
2140
2102
2118
2125
2104
2113
2088
2091
2048
2065
2043
2052
2014
2031
1985
2036
2010
2048
2003
2010
2029
2016
2029
1983
2002
2003
2050
2030
2074
2020
2088
2069
2110
2051
2101
2045
2047
2024
1995
1965
1942
1957
1908
1938
1897
1964
1938
1985
1922
1955
1909
1945
1935
1923
1907
1932
1951
1949
1952
1928
1963
1946
2007
1981
2014
2002
2040
2011
2004
1976
1977
1954
1945
1928
1912
1919
1910
1954
1912
1944
1946
2018
2013
2038
2026
2026
2042
2051
2051
2035
2065
2050
2112
2079
2121
2080
2135
2091
2119
2079
2063
2040
2043
2017
2002
1989
1992
2026
1995
2040
1983
2039
1987
2033
1969
2012
1976
2019
1998
2018
1982
2019
2023
2031
2068
2032
2070
2059
2105
2052
2072
2044
2117
2102
2139
2100
2150
2139
2170
2148
2126
2119
2118
2145
2112
2118
2085
2104
2087
2099
2051
2060
2058
2085
2059
2052
2061
2036
2093
2078
2114
2081
2141
2137
2178
2151
2169
2168
2209
2188
2177
2186
2161
2203
2164
2180
2120
2153
2125
2178
2136
2156
2126
2184
2163
2181
2150
2165
2177
2144
2139
2086
2102
2100
2128
2092
2139
2092
2168
2146
2207
2165
2216
2200
2223
2239
2236
2234
2241
2250
2224
2238
2174
2202
2166
2216
2174
2210
2181
2221
2220
2234
2216
2219
2235
2238
2222
2194
2200
2183
2237
2191
2211
2203
2249
2208
2223
2184
2180
2187
2189
2162
2144
2150
2129
2191
2148
2176
2129
2173
2126
2158
2122
2127
2127
2155
2127
2123
2099
2067
2112
2088
2118
2071
2110
2075
2106
2071
2102
2074
2151
2116
2153
2106
2146
2135
2116
2115
2067
2077
2057
2076
2041
2080
2008
2075
2032
2075
2013
2085
2056
2094
2082
2072
2042
2031
2020
1984
1943
1873
1915
1886
1933
1881
1938
1939
2008
1982
1999
1951
1990
1983
2001
1959
1956
1931
1932
1950
1908
1903
1866
1903
1871
1906
1864
1910
1908
1950
1918
1952
1974
2014
2053
2038
2046
2048
2083
2053
2059
2053
2105
2095
2117
2081
2113
2086
2125
2111
2077
2049
2009
2029
2001
1991
1954
1971
1939
1973
1927
1959
1902
1962
1940
1967
1963
1960
1975
1991
1987
1975
1983
1920
1967
1908
1938
1882
1943
1904
1963
1938
1974
1948
2010
2001
2030
1987
2005
2002
1993
2009
1963
1995
1997
2044
2018
2083
2013
2076
2037
2062
1983
2022
1958
1954
1921
1903
1873
1902
1896
1883
1886
1881
1944
1901
1932
1871
1907
1892
1927
1894
1901
1872
1911
1911
1930
1932
1970
1997
2015
2065
2046
2093
2100
2153
2124
2170
2137
2163
2153
2176
2147
2156
2160
2165
2183
2145
2145
2140
2182
2148
2177
2159
2186
2174
2214
2188
2229
2217
2277
2274
2260
2256
2227
2261
2241
2247
2202
2210
2160
2220
2156
2203
2158
2239
2200
2243
2213
2239
2225
2253
2207
2202
2168
2147
2180
2123
2118
2059
2106
2054
2056
2014
2062
2025
2100
2052
2096
2051
2138
2115
2157
2143
2140
2149
2176
2182
2172
2197
2152
2220
2187
2227
2174
2226
2187
2226
2187
2216
2179
2232
2190
2190
2149
2135
2156
2141
2163
2145
2168
2155
2174
2147
2189
2145
2181
2160
2194
2159
2213
2202
2233
2230
2217
2205
2210
2208
2195
2216
2169
2211
2192
2232
2199
2210
2183
2187
2171
2164
2131
2140
2141
2140
2115
2097
2105
2104
2143
2096
2115
2096
2142
2128
2148
2108
2129
2135
2176
2146
2157
2139
2131
2156
2111
2110
2077
2119
2096
2139
2094
2132
2104
2148
2090
2110
2061
2086
2099
2096
2062
2069
2097
2111
2116
2092
2117
2079
2133
2078
2099
2027
2080
2039
2100
2052
2082
2055
2115
2056
2096
2089
2095
2114
2105
2108
2104
2140
2147
2180
2104
2136
2055
2115
2053
2088
2008
2033
1991
2015
1971
1994
1972
2017
1998
2001
2010
1970
1997
1986
1992
1946
1964
1931
1984
1923
1946
1899
1966
1964
2026
2013
2034
2042
2085
2086
2072
2054
2044
2064
2039
2062
2022
2057
2039
2080
2033
2067
2040
2075
2076
2095
2084
2108
2131
2117
2132
2099
2098
2099
2128
2092
2108
2085
2128
2110
2144
2114
2155
2170
2201
2207
2196
2186
2186
2201
2173
2164
2136
2144
2106
2127
2042
2063
2035
2085
2022
2076
2042
2063
2057
2079
2067
2092
2106
2106
2145
2105
2128
2109
2136
2109
2121
2079
2112
2076
2119
2049
2074
2038
2091
2062
2066
2044
2050
2066
2092
2090
2100
2108
2069
2127
2063
2084
2017
2064
2016
2067
1993
2024
1981
2058
2009
2042
1998
2024
2047
2051
2036
2012
2041
2058
2058
2012
2063
2012
2066
2013
2036
1963
2033
1988
2035
1971
1985
1946
2005
1971
1994
1993
1992
2024
2032
2043
2035
2052
2035
2069
2029
2058
2027
2097
2063
2106
2066
2106
2084
2119
2085
2078
2030
2049
2005
1962
1936
1880
1900
1875
1889
1855
1872
1825
1866
1808
1827
1771
1822
1783
1807
1789
1799
1788
1809
1823
1837
1833
1859
1891
1889
1919
1903
1960
1943
1975
1930
1963
1923
1961
1939
1939
1883
1890
1871
1863
1856
1832
1823
1826
1813
1757
1736
1681
1709
1686
1704
1660
1701
1701
1747
1748
1759
1750
1782
1807
1831
1826
1839
1839
1841
1873
1848
1868
1853
1883
1829
1865
1830
1875
1862
1904
1864
1919
1911
1929
1935
1908
1892
1877
1877
1852
1852
1831
1860
1838
1893
1875
1939
1931
2007
1989
2034
1984
1997
1969
1990
1932
1959
1937
1930
1935
1922
1927
1927
1966
1969
2023
1977
2024
1990
2057
2007
2049
1990
2025
1986
2028
1979
2006
1981
2025
1968
2004
2026
2031
2078
2075
2080
2044
2076
2052
2121
2054
2106
2069
2157
2085
2116
2063
2077
2037
2063
1987
1983
1962
2020
2008
1994
1995
1994
2047
2033
2041
2016
2048
2003
2039
1972
2010
1962
2017
1969
2007
1958
1973
1962
1984
1944
1965
1966
1964
2011
2001
2022
2008
2062
2055
2060
2035
2073
2031
2070
2012
2026
1984
2038
2012
2027
2008
2008
2007
2024
2009
2001
1999
1963
1983
1955
1965
1912
1959
1958
1927
1921
1914
1928
1967
1994
1993
1979
2003
2004
2041
1993
1997
1960
2008
1973
2022
1973
1990
1984
2031
2008
2040
2034
2073
2120
2110
2117
2097
2123
2104
2104
2044
2059
2022
2088
2046
2075
2024
2091
2069
2131
2093
2112
2105
2131
2096
2120
2125
2107
2137
2126
2138
2126
2172
2156
2184
2122
2160
2097
2138
2104
2135
2085
2119
2114
2127
2112
2130
2109
2114
2093
2082
2084
2034
2068
2058
2075
2029
2062
2028
2112
2077
2105
2051
2118
2099
2148
2113
2118
2097
2115
2086
2069
2051
2070
2064
2038
2049
1987
2029
2003
2032
1985
2041
2004
2100
2076
2117
2056
2129
2108
2146
2138
2128
2123
2160
2159
2149
2132
2111
2148
2111
2119
2071
2119
2102
2143
2090
2122
2060
2112
2063
2108
2046
2101
2075
2093
2079
2080
2066
2091
2099
2087
2091
2041
2094
2072
2099
2037
2060
2021
2076
2036
2075
2029
2048
2015
2025
1974
1946
1951
1939
1944
1901
1888
1867
1911
1893
1931
1884
1923
1911
1965
1921
1947
1910
1916
1915
1908
1874
1880
1889
1898
1898
1871
1890
1891
1945
1911
1926
1881
1908
1896
1910
1851
1848
1821
1839
1778
1762
1743
1745
1767
1758
1755
1743
1775
1760
1810
1758
1774
1731
1789
1772
1823
1812
1838
1827
1841
1799
1812
1817
1867
1863
1833
1846
1834
1873
1866
1891
1863
1895
1859
1929
1861
1895
1818
1874
1842
1881
1833
1824
1798
1799
1761
1760
1738
1752
1812
1804
1844
1829
1902
1895
1942
1909
1971
1914
1970
1911
1948
1891
1937
1882
1898
1850
1851
1855
1888
1884
1870
1875
1836
1887
1873
1912
1883
1937
1901
1952
1885
1939
1884
1957
1930
1988
1946
2006
2032
2082
2055
2040
2047
2074
2076
2050
2072
2015
2065
2018
2039
1972
2008
1944
1979
1888
1906
1831
1878
1842
1878
1864
1891
1913
1958
1974
1987
1991
2015
2043
2010
2055
2018
2075
2065
2111
2066
2113
2070
2132
2096
2128
2084
2140
2114
2130
2135
2139
2141
2152
2166
2146
2154
2142
2206
2198
2230
2184
2212
2199
2235
2206
2212
2176
2207
2203
2211
2173
2186
2168
2172
2187
2161
2182
2182
2227
2214
2271
2239
2297
2288
2305
2267
2290
2303
2325
2334
2321
2310
2335
2354
2346
2328
2308
2336
2329
2344
2296
2318
2305
2342
2326
2325
2276
2306
2304
2318
2258
2268
2239
2248
2250
2208
2198
2182
2194
2159
2181
2119
2144
2111
2160
2101
2129
2109
2161
2166
2192
2192
2225
2246
2270
2260
2266
2290
2277
2306
2275
2285
2252
2282
2242
2291
2225
2274
2235
2270
2186
2210
2160
2187
2170
2180
2145
2157
2155
2167
2158
2105
2094
2051
2105
2053
2060
2004
2054
2026
2078
2022
2068
2038
2121
2073
2114
2080
2095
2088
2093
2073
2090
2100
2086
2116
2068
2083
2050
2075
2043
2066
2037
2084
2050
2087
2041
2083
2050
2103
2040
2046
2002
2037
2027
2037
2010
2040
2045
2054
2091
2070
2104
2106
2144
2105
2166
2131
2187
2170
2201
2159
2195
2172
2190
2189
2188
2167
2180
2184
2175
2168
2145
2158
2132
2163
2122
2140
2116
2176
2166
2184
2150
2172
2178
2207
2188
2200
2201
2205
2234
2202
2197
2171
2222
2202
2218
2162
2182
2166
2211
2172
2176
2131
2145
2147
2113
2080
2069
2112
2114
2112
2089
2111
2097
2151
2108
2113
2063
2125
2093
2125
2079
2081
2072
2119
2092
2093
2098
2080
2124
2108
2125
2097
2146
2130
2154
2100
2145
2091
2159
2116
2140
2085
2127
2134
2172
2153
2153
2133
2148
2128
2100
2104
2047
2096
2046
2092
2056
2115
2075
2146
2106
2170
2128
2177
2142
2178
2140
2122
2123
2120
2129
2115
2105
2105
2120
2079
2123
2059
2121
2077
2107
2044
2087
2028
2092
2083
2109
2061
2087
2060
2029
2012
1962
1957
1964
2000
1971
1985
1954
2017
2009
2051
2008
2056
2046
2080
2057
2077
2032
2063
2063
2057
2014
2023
2024
2018
2053
2008
2017
1997
2055
2024
2036
2004
2012
2028
2041
2014
2008
2002
1995
2035
2003
2013
1996
2049
2021
2065
2069
2090
2066
2105
2062
2069
2040
2089
2063
2035
2038
2019
2050
2054
2074
2044
2079
2051
2127
2101
2144
2110
2172
2142
2175
2155
2171
2169
2206
2191
2180
2149
2109
2146
2106
2124
2054
2073
2031
2057
2017
2065
2013
2096
2073
2106
2051
2110
2103
2120
2115
2101
2119
2146
2164
2149
2188
2130
2206
2173
2206
2144
2207
2179
2248
2201
2223
2190
2262
2249
2277
2237
2224
2230
2230
2236
2209
2236
2221
2219
2190
2207
2151
2213
2187
2215
2145
2170
2118
2154
2136
2133
2134
2164
2174
2168
2178
2137
2165
2145
2160
2110
2136
2112
2151
2127
2142
2120
2162
2172
2172
2127
2097
2076
2070
2078
2055
2050
2039
2067
2034
2060
2024
2057
2050
2064
2026
2054
2035
2027
2041
2031
2025
2013
2025
2012
2033
1969
1980
1941
1986
1929
1960
1922
1940
1933
1937
1893
1873
1868
1886
1843
1819
1818
1784
1828
1790
1817
1781
1841
1797
1842
1786
1811
1798
1873
1847
1891
1889
1894
1946
1955
1951
1932
1973
1970
1994
1933
1980
1928
1981
1906
1932
1858
1884
1866
1882
1840
1885
1872
1914
1886
1903
1920
1874
1913
1902
1937
1910
1963
1938
1984
1932
1979
1932
1999
1958
2009
1978
1976
1986
2005
1998
2002
2005
2014
2021
1987
2017
1983
2041
2027
2075
2041
2100
2067
2118
2090
2094
2060
2077
2083
2077
2087
2071
2106
2118
2155
2124
2142
2106
2154
2132
2143
2093
2123
2115
2116
2090
2071
2083
2109
2143
2131
2148
2139
2160
2139
2152
2091
2117
2109
2149
2105
2144
2134
2156
2171
2161
2160
2146
2154
2133
2173
2122
2166
2126
2179
2097
2132
2084
2115
2075
2099
2059
2079
2065
2089
2083
2054
2072
2056
2091
2050
2088
2042
2090
2059
2115
2070
2120
2078
2147
2095
2127
2113
2127
2128
2147
2129
2130
2150
2133
2181
2153
2199
2159
2215
2182
2211
2170
2206
2182
2239
2215
2238
2211
2255
2251
2235
2241
2212
2251
2234
2246
2201
2241
2217
2258
2230
2244
2203
2234
2222
2222
2218
2192
2207
2220
2247
2217
2226
2209
2265
2243
2266
2229
2271
2273
2301
2290
2284
2269
2277
2303
2279
2275
2274
2289
2251
2274
2206
2238
2196
2230
2171
2180
2126
2140
2103
2085
2043
2046
2033
2007
2029
2002
2032
2019
2067
2030
2060
2024
2054
2016
2063
2012
2053
2039
2099
2091
2098
2105
2103
2149
2145
2149
2115
2152
2114
2149
2081
2114
2061
2147
2080
2123
2103
2118
2112
2132
2112
2114
2128
2088
2143
2098
2110
2058
2113
2073
2094
2055
2082
2053
2079
2036
2048
2016
2060
2059
2043
2032
2010
2052
2032
2019
1978
2016
2003
2055
2003
2018
1974
2022
1998
1992
1982
1962
1969
1972
1977
1951
1946
1911
1951
1912
1937
1897
1934
1918
1941
1910
1903
1901
1919
1931
1925
1938
1941
1974
1938
1973
1944
1999
1985
2048
1995
2053
2008
2035
2026
2010
2015
2006
2028
1981
2034
1968
2006
1964
2035
1985
2018
1962
1989
1967
2010
1971
1986
1961
1992
1967
1934
1933
1901
1944
1889
1905
1848
1892
1851
1918
1862
1903
1864
1934
1900
1920
1895
1879
1904
1902
1882
1845
1849
1811
1846
1797
1806
1780
1829
1821
1862
1883
1903
1911
1935
1930
1903
1898
1872
1831
1767
1764
1695
1727
1697
1725
1707
1756
1748
1778
1790
1800
1788
1808
1837
1822
1857
1840
1889
1878
1934
1876
1910
1891
1933
1909
1928
1883
1904
1888
1912
1916
1879
1879
1847
1875
1816
1842
1810
1855
1827
1859
1806
1841
1799
1849
1788
1801
1779
1762
1779
1777
1786
1757
1771
1728
1785
1714
1745
1708
1757
1696
1725
1683
1701
1724
1751
1734
1758
1788
1798
1815
1780
1796
1759
1794
1743
1734
1678
1703
1683
1701
1665
1698
1698
1742
1723
1726
1737
1708
1722
1684
1688
1640
1666
1649
1678
1628
1641
1617
1652
1631
1630
1637
1619
1644
1617
1625
1587
1599
1578
1608
1568
1589
1531
1582
1579
1608
1567
1596
1608
1611
1646
1631
1644
1633
1666
1597
1620
1543
1564
1519
1559
1490
1526
1508
1539
1538
1541
1540
1545
1573
1577
1625
1569
1617
1592
1645
1578
1627
1608
1670
1665
1694
1669
1699
1681
1691
1650
1637
1655
1638
1673
1637
1670
1651
1721
1711
1744
1690
1725
1714
1765
1741
1792
1813
1835
1873
1866
1864
1863
1897
1880
1891
1824
1825
1764
1775
1709
1718
1667
1659
1667
1668
1684
1666
1685
1699
1699
1693
1726
1688
1743
1724
1748
1712
1754
1723
1728
1720
1711
1729
1760
1790
1782
1842
1887
1839
1874
1825
1849
1799
1839
1813
1775
1775
1748
1800
1804
1838
1814
1907
1878
1962
1920
1975
1913
1978
1936
1927
1893
1866
1860
1852
1817
1797
1774
1745
1815
1790
1815
1774
1832
1812
1850
1829
1832
1813
1850
1850
1845
1848
1865
1883
1867
1888
1855
1880
1861
1899
1859
1894
1859
1865
1854
1852
1837
1841
1875
1867
1903
1882
1909
1883
1951
1930
1965
1950
1982
1976
1994
1980
1985
1981
1997
2018
1978
2006
1992
2054
2026
2053
1993
2039
2032
2093
2045
2077
2043
2112
2074
2095
2095
2070
2101
2086
2095
2066
2087
2043
2100
2043
2084
2018
2059
1989
2019
1970
1955
1933
1939
1911
1896
1882
1887
1888
1835
1849
1813
1866
1841
1856
1814
1852
1845
1892
1884
1913
1902
1944
1945
1954
1980
1943
1977
1953
1984
1960
1985
1968
2009
2006
2023
2016
2037
2061
2062
2047
2007
2002
1978
2012
1963
1991
1967
2011
2004
2035
2019
2039
2050
2069
2049
1997
1974
1912
1929
1875
1885
1834
1881
1846
1901
1854
1891
1896
1958
1930
1975
1998
1995
2040
2023
2045
2030
2095
2061
2108
2038
2062
2027
2091
2021
2049
1991
2012
2023
2016
2008
2014
2042
2058
2051
2013
2050
2008
2087
2049
2073
2026
2083
2028
2063
2026
2011
1982
1995
1963
1957
1950
1903
1941
1927
1961
1936
1974
1947
1953
1927
1932
1907
1930
1954
1959
1965
1978
2017
1996
2046
2033
2087
2085
2132
2140
2149
2124
2127
2129
2127
2122
2095
2106
2065
2124
2074
2128
2080
2150
2104
2156
2114
2131
2113
2143
2112
2111
2088
2091
2159
2128
2160
2103
2180
2144
2184
2165
2210
2165
2231
2181
2215
2161
2223
2216
2214
2204
2185
2206
2216
2216
2159
2181
2118
2179
2123
2129
2071
2124
2110
2143
2142
2147
2145
2167
2170
2152
2136
2117
2162
2143
2172
2127
2143
2128
2139
2107
2094
2066
2084
2087
2075
2093
2103
2124
2109
2152
2138
2196
2183
2233
2187
2217
2187
2190
2200
2192
2175
2162
2172
2142
2186
2161
2205
2180
2253
2203
2251
2211
2260
2229
2259
2215
2233
2210
2243
2248
2236
2247
2226
2273
2231
2238
2190
2219
2181
2224
2157
2199
2168
2245
2184
2234
2214
2228
2258
2260
2238
2228
2248
2223
2287
2238
2272
2241
2304
2258
2278
2244
2257
2250
2270
2240
2229
2226
2251
2265
2232
2252
2211
2280
2269
2295
2256
2279
2274
2290
2276
2270
2257
2269
2262
2243
2256
2215
2264
2244
2270
2223
2250
2245
2288
2267
2281
2248
2275
2283
2296
2306
2260
2293
2279
2303
2258
2272
2234
2262
2227
2257
2207
2241
2220
2234
2169
2165
2162
2154
2187
2152
2166
2156
2211
2140
2154
2061
2079
2039
2068
1991
2022
1975
1995
2022
2025
2021
2026
2069
2074
2116
2071
2110
2102
2169
2121
2130
2081
2099
2097
2115
2082
2098
2112
2128
2119
2108
2126
2089
2138
2113
2140
2089
2114
2091
2101
2056
2053
2032
2033
2008
2011
2012
1995
2045
2020
2042
2006
2040
2013
2056
2031
2044
2011
2049
2030
2039
2006
2026
2075
2072
2085
2048
2077
2058
2063
2030
2066
2016
2092
2072
2120
2073
2126
2091
2105
2093
2060
2049
2050
2059
2013
2025
1949
1990
1949
1995
1927
1960
1915
1920
1869
1867
1840
1878
1894
1907
1884
1882
1922
1931
1966
1907
1924
1890
1931
1889
1890
1851
1871
1883
1923
1887
1912
1945
1947
1986
1967
1993
1992
2051
2016
2054
2021
2042
2029
2051
2023
2030
2007
2008
2032
1993
1973
1922
1935
1885
1890
1839
1848
1821
1870
1829
1847
1825
1872
1879
1879
1886
1857
1903
1907
1935
1901
1942
1891
1962
1917
1946
1895
1943
1894
1899
1874
1863
1863
1885
1883
1861
1850
1809
1885
1825
1865
1804
1866
1829
1868
1826
1842
1807
1864
1843
1864
1842
1875
1878
1867
1881
1832
1885
1876
1931
1878
1930
1891
1969
1971
1996
1951
1996
1989
1996
1995
1960
1967
1972
1993
1942
1927
1904
1924
1891
1910
1876
1898
1880
1911
1897
1889
1891
1898
1907
1903
1919
1906
1927
1907
1925
1879
1899
1880
1916
1864
1883
1881
1878
1909
1925
1936
1937
1970
1931
1982
1900
1915
1847
1896
1839
1865
1848
1863
1839
1857
1827
1832
1808
1824
1831
1791
1819
1760
1824
1790
1824
1764
1840
1813
1871
1817
1857
1827
1904
1874
1910
1944
1926
1975
1997
2016
2011
2051
2026
2098
2053
2076
2022
2084
2049
2053
2026
2006
1998
2020
2051
2048
2070
2073
2124
2104
2116
2070
2119
2097
2145
2102
2096
2082
2076
2090
2066
2051
2030
2041
2015
2059
2037
2054
2043
2086
2053
2074
2058
2061
2085
2085
2090
2085
2108
2111
2144
2097
2129
2094
2165
2119
2152
2084
2114
2109
2114
2080
2074
2057
2089
2093
2082
2102
2052
2118
2083
2111
2046
2110
2083
2139
2084
2107
2051
2106
2065
2068
2047
2014
2034
2026
2043
1998
2015
2012
2054
2012
2051
1997
2066
2017
2045
1992
2024
2004
2020
1999
1972
1957
1950
1954
1936
1953
1904
1942
1930
1981
1958
2006
1977
2021
2009
2010
1987
1988
1981
1947
1944
1909
1928
1915
1951
1919
1958
1939
1991
2008
2030
2009
2023
2026
2043
2011
2002
2023
1993
2035
1992
2015
1967
2009
1990
2022
1972
1997
1980
2034
1990
2004
2009
2002
2027
1999
2008
1975
2021
2001
2017
1949
1978
1935
2002
1952
2008
1952
1969
1976
1981
1968
1972
1988
1999
1992
1963
1994
1935
1997
1959
2003
1956
2033
2011
2064
2023
2064
2053
2127
2120
2156
2160
2137
2150
2120
2138
2100
2129
2110
2160
2105
2138
2109
2149
2125
2142
2093
2103
2093
2102
2087
2072
2071
2073
2075
2049
2051
1996
2009
1989
1999
1955
1976
1959
1993
2003
2011
2014
2017
2034
2030
2055
2014
2040
2027
2067
2032
2038
2016
2047
2045
2041
2011
2006
2030
2035
2011
1982
2024
2011
2046
1983
1989
1913
1970
1918
1927
1856
1855
1837
1877
1835
1854
1884
1895
1958
1940
1971
1931
1983
1971
2036
1982
2026
1965
2005
1951
1990
1929
1953
1975
1990
1957
1936
1929
1937
1911
1883
1940
1902
1982
1954
1990
1939
1999
1963
2025
1976
2002
1969
2023
2010
2011
1991
1943
1958
1933
1965
1922
1953
1935
1973
1946
1983
1967
2001
1994
2029
1991
1984
2000
2004
2020
1988
1993
1985
2001
1984
2000
1960
1973
1953
1965
1933
1951
1942
1957
1962
1945
1963
1968
2022
2006
2052
2006
2051
2034
2091
2032
2072
2051
2087
2079
2066
2020
1999
1996
2001
1981
1956
2003
1984
2047
2001
2031
1973
2030
1967
2006
1927
1951
1926
1978
1918
1954
1942
1947
1976
1975
2007
2013
2063
2042
2080
2022
2060
2027
2110
2050
2078
2004
2017
2018
2041
2022
2020
2018
2039
2029
2008
2022
1977
2023
2002
2033
2003
2059
2040
2093
2065
2061
2037
2079
2076
2076
2075
2060
2087
2092
2117
2076
2092
2084
2123
2108
2115
2062
2089
2073
2072
2026
2026
2047
2052
2077
2046
2074
2080
2126
2117
2154
2099
2125
2112
2139
2099
2123
2118
2138
2142
2118
2121
2111
2148
2115
2131
2070
2115
2090
2128
2059
2086
2054
2082
2067
2075
2060
2085
2098
2101
2080
2050
2070
2036
2087
2038
2079
2027
2071
2040
2096
2047
2084
2049
2098
2041
2059
2014
1995
1999
1991
2001
1982
2024
2034
2081
2019
2051
1996
2053
1994
2037
1968
2004
1985
1989
1935
1931
1908
1937
1927
1898
1905
1843
1894
1876
1914
1862
1901
1867
1920
1908
1923
1914
1947
1952
1971
1994
1970
1981
1972
2003
1968
1999
1980
2011
1986
2006
1959
1985
1975
1985
1954
1972
1983
1978
2013
1980
1994
1970
2001
1976
1991
1945
1966
1941
1974
1927
1954
1952
1947
1959
1942
1941
1915
1930
1906
1926
1871
1903
1850
1901
1835
1871
1812
1837
1817
1835
1806
1822
1810
1841
1827
1820
1847
1804
1872
1846
1897
1854
1899
1869
1940
1883
1905
1867
1941
1896
1912
1900
1899
1920
1937
1935
1916
1918
1915
1914
1836
1842
1752
1789
1741
1749
1690
1739
1738
1800
1797
1842
1833
1871
1873
1869
1883
1835
1860
1847
1867
1823
1863
1842
1894
1870
1883
1864
1912
1922
1931
1932
1930
1972
1985
2005
1996
2017
2027
2075
2063
2071
2031
2052
2031
2034
1996
1995
1990
1998
2021
2025
2046
2037
2059
2033
2059
2001
2012
1974
2020
1944
1959
1924
1954
1957
1968
1966
1980
2017
2055
2092
2066
2103
2067
2120
2062
2100
2050
2092
2049
2086
2019
2045
2016
2073
2040
2070
2080
2050
2087
2075
2102
2076
2112
2079
2141
2087
2136
2101
2180
2128
2167
2131
2145
2162
2111
2039
2044
2015
2052
2009
2042
1994
2046
2023
2077
2025
2068
2053
2097
2118
2133
2134
2150
2177
2195
2192
2135
2160
2136
2177
2108
2113
2078
2110
2108
2133
2106
2119
2100
2119
2099
2083
2084
2051
2096
2090
2114
2079
2125
2116
2174
2154
2191
2172
2218
2217
2225
2212
2185
2206
2192
2179
2140
2152
2133
2152
2114
2131
2079
2150
2125
2157
2116
2138
2146
2169
2194
2197
2214
2223
2240
2218
2258
2209
2245
2222
2264
2191
2230
2186
2221
2181
2195
2158
2192
2187
2208
2215
2178
2190
2172
2190
2135
2152
2110
2133
2081
2128
2086
2143
2124
2185
2152
2199
2176
2197
2196
2191
2165
2159
2167
2132
2152
2092
2111
2079
2123
2071
2095
2053
2080
2055
2080
2051
2078
2068
2112
2111
2102
2097
2085
2117
2103
2120
2086
2106
2085
2113
2076
2072
2063
2141
2114
2149
2142
2137
2182
2159
2139
2090
2093
2042
2088
2048
2069
2037
2092
2073
2105
2098
2114
2129
2143
2118
2101
2087
2087
2080
2041
2058
2003
2048
2026
2066
2039
2114
2107
2171
2145
2185
2162
2211
2193
2192
2190
2160
2180
2164
2176
2123
2140
2097
2161
2103
2158
2113
2159
2122
2156
2132
2152
2141
2177
2162
2162
2144
2161
2171
2128
2162
2103
2157
2131
2193
2137
2196
2148
2206
2196
2247
2191
2222
2195
2200
2205
2159
2134
2124
2149
2116
2110
2075
2133
2108
2162
2103
2125
2101
2155
2103
2105
2074
2082
2088
2091
2082
2085
2086
2077
2104
2052
2075
2077
2146
2123
2177
2133
2161
2153
2181
2153
2173
2180
2184
2227
2199
2216
2205
2221
2172
2165
2138
2148
2130
2161
2122
2137
2110
2140
2126
2111
2117
2079
2105
2102
2109
2075
2082
2048
2094
2054
2091
2034
2089
2059
2116
2112
2121
2137
2152
2159
2139
2138
2111
2166
2126
2171
2120
2182
2150
2201
2161
2171
2143
2167
2158
2163
2126
2120
2139
2132
2177
2136
2168
2149
2208
2139
2180
2106
2134
2088
2116
2055
2107
2109
2168
2176
2166
2159
2168
2201
2184
2183
2155
2201
2170
2215
2165
2203
2164
2218
2174
2186
2133
2154
2162
2196
2165
2172
2199
2205
2227
2179
2198
2166
2220
2196
2244
2215
2240
2226
2283
2254
2283
2268
2279
2294
2279
2266
2252
2290
2288
2303
2285
2310
2277
2316
2282
2305
2269
2304
2297
2313
2287
2271
2260
2261
2268
2250
2236
2188
2242
2201
2222
2158
2209
2175
2226
2186
2206
2174
2227
2211
2225
2173
2175
2201
2181
2191
2138
2165
2150
2160
2097
2125
2058
2134
2087
2115
2056
2110
2077
2116
2080
2109
2109
2133
2115
2128
2135
2111
2151
2122
2152
2117
2161
2135
2193
2133
2171
2127
2180
2122
2143
2068
2084
2078
2086
2085
2066
2071
2093
2120
2090
2118
2059
2078
2027
2047
1992
2022
1995
2025
2011
2029
2001
2026
2030
2021
2025
1978
1979
1960
1993
1940
1959
1938
1965
1951
1950
1903
1944
1950
1967
1931
1926
1922
1933
1950
1922
1947
1932
1962
1957
2005
1969
2006
2014
2079
2045
2064
2053
2066
2092
2060
2031
2003
2016
1978
1974
1896
1932
1901
1963
1916
1963
1931
1986
5835
2038
2038
2067
2079
2081
2084
2091
2103
2107
2113
2115
2108
2107
2101
2090
2091
2086
2073
2064
2082
2086
2097
2116
2131
2134
2139
2148
2144
2153
2147
2152
2157
2151
2140
2165
2186
2175
2161
2145
2124
2115
2092
2086
2075
2073
2083
2086
2095
2101
2100
2102
2097
2089
2093
2078
2072
2060
2050
2023
2007
1990
1948
1945
1939
1938
1928
1937
1928
1931
1945
1962
1970
1988
2003
2012
2002
2004
1990
1977
1954
1939
1908
1909
1899
1902
1895
1900
1912
1946
1956
1959
1955
1972
1975
1968
1969
1947
1945
1938
1932
1917
1907
1900
1910
1918
1945
1954
1966
1971
1980
1971
1968
1956
1954
1946
1939
1931
1932
1934
1932
1934
1938
1946
1954
1950
1951
1952
1945
1936
1936
1949
1952
1935
1925
1914
1904
1889
1859
1832
1805
1779
1779
1787
1803
1811
1831
1849
1850
1844
1864
1872
1886
1890
1905
1895
1892
1866
1838
1822
1819
1812
1804
1782
1767
1755
1744
1729
1719
1717
1711
1688
1669
1667
1651
1679
1710
1743
1772
1807
1836
1869
1875
1902
1909
1925
1924
1933
1942
1930
1927
1933
1929
1922
1926
1927
1920
1913
1912
1915
1901
1887
1878
1856
1852
1867
1875
1894
1905
1911
1916
1912
1899
1900
1913
1936
1939
1936
1928
1912
1904
1894
1869
1843
1846
1828
1814
1806
1791
1786
1780
1764
1759
1749
1756
1749
1711
1678
1649
1619
1593
1573
1556
1555
1585
1607
1659
1711
1766
1810
1861
1901
1917
1937
1940
1951
1942
1918
1894
1884
1871
1864
1868
1886
1896
1913
1917
1933
1928
1911
1889
1858
1818
1814
1814
1818
1801
1816
1832
1855
1871
1867
1868
1855
1851
1822
1804
1797
1782
1780
1789
1821
1832
1829
1847
1856
1865
1879
1888
1880
1869
1845
1812
1814
1805
1785
1760
1757
1749
1754
1786
1808
1826
1835
1836
1837
1852
1866
1868
1883
1885
1879
1884
1876
1854
1827
1821
1807
1789
1791
1793
1803
1830
1857
1854
1850
1846
1838
1844
1849
1840
1843
1814
1816
1832
1855
1876
1888
1887
1902
1916
1931
1946
1967
1977
1990
1999
1999
2006
2013
2018
2021
2009
1997
1980
1967
1954
1922
1891
1873
1875
1874
1887
1907
1915
1923
1946
1951
1955
1971
1964
1977
1995
1999
1990
1997
2013
2016
2010
2000
1980
1970
1968
1957
1973
1973
1980
1990
2001
2010
2015
2014
2027
2031
2027
2013
1995
1991
1961
1953
1938
1930
1918
1910
1897
1879
1851
1809
1768
1755
1735
1725
1741
1765
1772
1793
1824
1857
1898
1899
1920
1943
1956
1966
1973
1978
1985
1977
1977
1961
1960
1964
1976
1958
1939
1935
1933
1933
1933
1938
1937
1956
1961
1967
1963
1967
1950
1920
1904
1892
1868
1861
1860
1867
1874
1890
1923
1957
2012
2028
2038
2056
2074
2075
2067
2056
2052
2049
2040
2034
2016
2015
1991
1967
1944
1921
1902
1905
1894
1895
1899
1932
1958
1982
1989
1999
2005
2015
2008
2002
2009
2003
2015
2025
2026
2014
2025
2036
2039
2059
2076
2088
2087
2097
2097
2097
2090
2084
2080
2080
2094
2088
2075
2080
2076
2065
2063
2062
2061
2040
2032
2019
2024
2022
2026
2026
2027
2031
2051
2066
2079
2088
2107
2127
2150
2165
2189
2208
2224
2229
2222
2225
2219
2229
2218
2213
2189
2169
2173
2191
2190
2192
2186
2197
2194
2183
2187
2184
2191
2197
2206
2216
2214
2211
2214
2216
2211
2188
2166
2149
2138
2147
2171
2170
2168
2186
2195
2204
2202
2196
2189
2184
2174
2168
2162
2152
2151
2122
2120
2102
2077
2058
2067
2067
2071
2078
2075
2057
2046
2059
2060
2058
2049
2034
2031
2031
2029
2044
2074
2107
2127
2149
2158
2176
2195
2220
2218
2242
2249
2232
2237
2256
2267
2267
2277
2291
2288
2276
2281
2280
2277
2277
2290
2289
2266
2258
2241
2233
2229
2228
2216
2206
2199
2185
2184
2172
2147
2132
2123
2103
2106
2106
2121
2124
2141
2155
2172
2187
2205
2206
2211
2206
2198
2209
2194
2177
2169
2160
2139
2138
2111
2082
2072
2071
2078
2095
2105
2117
2142
2165
2190
2212
2223
2239
2252
2245
2243
2260
2273
2264
2274
2260
2255
2249
2259
2237
2244
2250
2238
2239
2226
2241
2239
2238
2212
2227
2227
2211
2198
2182
2178
2190
2194
2195
2204
2193
2217
2230
2248
2262
2290
2311
2321
2297
2290
2278
2280
2269
2260
2230
2196
2175
2161
2145
2142
2156
2161
2183
2195
2203
2211
2205
2197
2187
2182
2162
2135
2127
2122
2124
2114
2103
2111
2109
2099
2089
2081
2086
2086
2095
2097
2103
2119
2119
2115
2108
2102
2098
2099
2076
2066
2056
2049
2053
2053
2037
2036
2028
2028
2040
2054
2065
2059
2060
2057
2061
2048
2049
2067
2082
2097
2120
2120
2134
2132
2144
2148
2165
2162
2154
2130
2119
2100
2078
2075
2090
2079
2077
2080
2087
2086
2074
2075
2101
2107
2106
2108
2134
2128
2132
2138
2133
2124
2128
2142
2149
2149
2150
2138
2141
2141
2147
2158
2164
2164
2164
2184
2190
2195
2199
2209
2219
2226
2235
2240
2248
2236
2223
2208
2202
2186
2173
2153
2154
2148
2146
2150
2168
2180
2187
2197
2211
2199
2193
2186
2195
2214
2224
2237
2247
2255
2269
2277
2286
2297
2289
2292
2288
2292
2304
2303
2308
2297
2285
2273
2259
2257
2251
2242
2237
2230
2229
2232
2212
2218
2204
2183
2185
2181
2162
2156
2144
2136
2120
2110
2107
2099
2093
2084
2067
2065
2059
2063
2069
2067
2071
2059
2055
2048
2028
2039
2061
2082
2091
2085
2073
2071
2075
2090
2103
2112
2110
2115
2118
2113
2123
2118
2114
2113
2117
2125
2157
2161
2159
2155
2158
2159
2151
2156
2154
2152
2138
2139
2106
2098
2086
2079
2071
2064
2051
2053
2055
2061
2062
2077
2091
2095
2090
2078
2072
2065
2055
2047
2049
2062
2083
2116
2130
2151
2152
2162
2162
2155
2143
2142
2142
2130
2137
2128
2125
2121
2126
2112
2109
2112
2108
2099
2090
2085
2095
2075
2079
2083
2106
2099
2103
2094
2087
2064
2051
2049
2043
2065
2081
2090
2102
2117
2134
2144
2158
2162
2162
2173
2179
2185
2168
2139
2103
2073
2055
2049
2021
2002
1985
1971
1971
1995
2011
2016
2022
2037
2075
2084
2083
2089
2092
2106
2134
2136
2139
2136
2138
2133
2120
2102
2083
2062
2037
2013
1988
1961
1949
1941
1937
1934
1955
1954
1955
1974
1987
1994
2004
2017
2041
2057
2063
2067
2063
2069
2069
2069
2085
2098
2123
2133
2134
2130
2107
2091
2081
2062
2049
2037
2020
2007
1986
1976
1951
1934
1922
1918
1918
1912
1905
1908
1926
1933
1945
1963
1979
1980
1980
1956
1948
1923
1899
1875
1845
1815
1780
1748
1734
1733
1738
1752
1762
1751
1754
1762
1758
1773
1777
1791
1809
1829
1839
1866
1896
1903
1910
1891
1871
1861
1839
1822
1797
1762
1743
1727
1729
1725
1748
1760
1775
1784
1792
1809
1812
1829
1845
1852
1853
1849
1854
1872
1894
1887
1881
1859
1846
1859
1873
1881
1876
1877
1887
1890
1898
1926
1936
1941
1949
1953
1975
1984
1998
2001
1993
1989
2004
2011
2007
2006
2015
2017
2030
2043
2046
2042
2045
2045
2044
2044
2040
2031
2031
2030
2012
2003
1998
2003
2029
2025
2039
2066
2091
2123
2169
2202
2210
2216
2246
2263
2278
2296
2305
2302
2294
2294
2294
2306
2294
2275
2273
2290
2288
2299
2300
2292
2276
2251
2236
2220
2201
2178
2168
2161
2151
2130
2127
2124
2111
2099
2104
2122
2135
2143
2155
2153
2161
2162
2151
2163
2171
2175
2197
2216
2224
2227
2219
2224
2217
2216
2206
2196
2196
2203
2204
2203
2201
2186
2181
2182
2190
2197
2187
2173
2169
2175
2204
2212
2212
2219
2226
2243
2239
2249
2260
2249
2232
2220
2204
2194
2187
2176
2158
2147
2137
2130
2143
2158
2167
2180
2185
2193
2172
2162
2158
2163
2152
2149
2149
2152
2144
2150
2139
2145
2144
2142
2146
2143
2149
2142
2138
2139
2122
2120
2126
2146
2148
2130
2132
2125
2124
2117
2115
2107
2118
2121
2122
2119
2113
2102
2085
2066
2046
2036
2019
2013
2006
2012
2019
2016
2011
2016
2008
1997
1997
1980
1968
1959
1959
1977
2006
2025
2047
2059
2066
2070
2055
2049
2037
2028
1999
1971
1937
1936
1939
1950
1955
1972
1974
1984
1970
1964
1953
1955
1949
1941
1934
1936
1938
1964
1986
1975
1982
2000
2026
2036
2052
2031
2015
2005
1974
1947
1928
1919
1921
1924
1929
1926
1927
1954
1978
2002
2030
2045
2063
2073
2076
2086
2076
2075
2083
2092
2100
2092
2080
2096
2109
2123
2130
2145
2130
2110
2099
2083
2060
2048
2027
2006
2006
2016
2036
2056
2064
2072
2068
2071
2056
2041
2048
2039
2029
2020
2010
2001
2003
2009
2031
2041
2054
2068
2080
2090
2099
2112
2130
2127
2147
2154
2159
2170
2173
2172
2179
2171
2154
2132
2131
2116
2109
2095
2090
2096
2086
2077
2069
2092
2097
2103
2108
2103
2097
2105
2123
2134
2155
2167
2191
2201
2211
2210
2232
2240
2241
2238
2233
2206
2192
2185
2178
2179
2187
2197
2181
2190
2195
2201
2197
2197
2212
2213
2200
2192
2190
2160
2139
2139
2131
2139
2141
2163
2188
2186
2202
2216
2218
2224
2236
2239
2256
2253
2254
2244
2253
2257
2241
2236
2221
2224
2220
2224
2232
2238
2248
2259
2262
2275
2260
2258
2272
2270
2271
2259
2266
2255
2261
2252
2247
2232
2219
2216
2211
2194
2186
2183
2176
2177
2177
2180
2182
2196
2197
2183
2170
2165
2163
2158
2144
2147
2121
2104
2110
2099
2089
2073
2066
2075
2067
2049
2039
2034
2039
2044
2052
2073
2094
2094
2104
2107
2100
2102
2088
2058
2044
2030
2014
2013
2005
2013
2007
2003
2006
2013
2008
2029
2040
2037
2003
1980
1944
1914
1891
1870
1863
1871
1881
1879
1907
1918
1918
1934
1955
1976
1995
2002
1993
1980
1969
1971
1952
1933
1917
1905
1887
1877
1874
1874
1873
1888
1886
1890
1923
1958
1983
2013
2030
2051
2068
2098
2104
2110
2098
2091
2088
2089
2103
2103
2107
2111
2116
2118
2115
2095
2076
2043
2017
2000
1986
1972
1970
1949
1924
1915
1918
1909
1925
1938
1950
1955
1970
1976
1962
1966
1955
1942
1924
1903
1912
1912
1898
1897
1905
1927
1941
1961
1992
2003
1988
1984
1973
1969
1957
1970
1970
1998
2029
2039
2058
2083
2093
2105
2087
2069
2040
2026
1982
1929
1905
1886
1867
1870
1892
1894
1894
1893
1895
1894
1904
1900
1896
1885
1874
1860
1856
1858
1876
1911
1933
1950
1974
2001
2030
2057
2094
2114
2142
2153
2145
2143
2140
2152
2153
2172
2182
2195
2184
2185
2184
2193
2188
2179
2182
2185
2192
2196
2208
2226
2237
2235
2247
2263
2271
2273
2265
2262
2265
2243
2218
2206
2204
2190
2181
2179
2194
2198
2207
2215
2225
2218
2238
2247
2250
2235
2222
2202
2184
2149
2124
2103
2108
2082
2068
2057
2057
2070
2093
2084
2086
2089
2107
2111
2134
2141
2167
2180
2216
2212
2218
2236
2245
2252
2253
2251
2269
2277
2265
2266
2262
2255
2258
2267
2257
2263
2250
2244
2230
2218
2197
2189
2182
2176
2184
2180
2184
2187
2198
2200
2199
2208
2223
2221
2218
2218
2236
2229
2250
2249
2236
2237
2229
2230
2249
2235
2236
2246
2247
2243
2226
2221
2218
2228
2212
2200
2186
2164
2149
2140
2129
2126
2115
2104
2081
2076
2072
2076
2079
2093
2104
2107
2126
2142
2158
2174
2184
2181
2166
2158
2164
2139
2115
2110
2131
2132
2121
2120
2116
2111
2113
2115
2120
2115
2104
2108
2104
2105
2124
2119
2131
2128
2129
2109
2087
2082
2073
2077
2075
2082
2086
2092
2094
2088
2092
2108
2115
2107
2106
2113
2138
2147
2153
2155
2150
2161
2150
2134
2096
2068
2035
2024
1991
1980
1974
1975
1972
1968
1970
1978
1975
1968
1979
1979
1965
1971
1971
1972
1962
1943
1937
1937
1945
1955
1983
2001
2021
2036
2069
2085
2103
2114
2110
2099
2097
2086
2088
2093
2075
2082
2076
2067
2063
2071
2066
2073
2090
2111
2118
2134
2139
2152
2142
2134
2126
2124
2131
2127
2137
2149
2155
2164
2177
2193
2199
2203
2195
2194
2195
2180
2169
2157
2139
2122
2108
2101
2088
2080
2082
2065
2064
2071
2082
2091
2092
2090
2116
2128
2140
2138
2139
2149
2154
2157
2138
2120
2107
2119
2123
2118
2109
2098
2069
2051
2026
2017
2014
2040
2058
2060
2075
2081
2094
2098
2103
2102
2090
2083
2070
2060
2059
2064
2052
2056
2053
2062
2069
2071
2082
2062
2064
2068
2072
2075
2079
2065
2066
2075
2079
2064
2057
2036
2028
2015
1996
1980
1962
1935
1915
1914
1917
1934
1942
1960
1979
1999
2016
2027
2040
2054
2039
2023
2011
2014
2010
2020
2040
2062
2087
2097
2105
2100
2091
2095
2078
2055
2025
1990
1965
1935
1917
1896
1897
1895
1894
1891
1872
1849
1829
1820
1801
1781
1752
1735
1742
1745
1752
1767
1813
1845
1867
1896
1917
1931
1924
1927
1934
1948
1935
1910
1912
1911
1906
1900
1883
1875
1863
1859
1847
1837
1835
1835
1799
1773
1745
1721
1699
1676
1667
1657
1675
1686
1700
1720
1740
1770
1784
1783
1810
1822
1829
1845
1857
1857
1885
1903
1905
1903
1917
1905
1903
1890
1879
1879
1895
1919
1939
1952
1949
1931
1916
1897
1885
1869
1863
1854
1850
1860
1878
1891
1919
1961
1963
1967
1974
1975
1971
1967
1954
1949
1929
1921
1931
1939
1946
1958
1987
1998
2005
2024
2024
2030
2038
2045
2048
2028
2011
1993
1972
1954
1942
1939
1955
1961
1974
1970
1991
2000
2014
2011
2012
1994
2005
2011
2010
2019
2045
2070
2065
2061
2053
2044
2039
2026
2001
1978
1963
1966
1961
1943
1945
1965
1965
1973
1962
1974
1978
2005
2010
2011
2012
2011
1992
1983
1972
1961
1934
1935
1922
1919
1912
1923
1917
1917
1928
1938
1951
1956
1983
2007
2027
2034
2031
2019
2013
1989
1975
1965
1968
1959
1973
1971
1984
1991
2002
1999
1989
1986
1975
1966
1967
1981
1960
1966
1942
1938
1930
1933
1922
1925
1946
1943
1955
1965
1987
2001
2021
2044
2038
2027
2019
2024
2029
2018
2010
2004
2028
2051
2054
2060
2065
2080
2093
2091
2082
2074
2070
2070
2082
2089
2093
2103
2103
2113
2107
2111
2110
2091
2077
2077
2074
2080
2086
2087
2089
2096
2109
2123
2138
2149
2158
2163
2157
2145
2140
2140
2114
2102
2097
2098
2091
2087
2097
2099
2100
2083
2066
2043
2036
2019
2001
1996
2000
1993
1990
2018
2037
2042
2070
2093
2115
2118
2132
2137
2128
2116
2109
2108
2090
2072
2060
2041
2019
2006
1994
1989
1984
2004
2009
2021
2020
2038
2067
2079
2094
2099
2096
2106
2114
2137
2128
2134
2127
2119
2117
2124
2115
2098
2091
2096
2107
2104
2094
2086
2078
2075
2082
2071
2061
2067
2070
2067
2077
2076
2074
2067
2063
2060
2043
2057
2055
2059
2056
2060
2079
2080
2070
2059
2060
2055
2040
2027
2004
1995
1981
1965
1942
1920
1889
1868
1852
1824
1821
1826
1858
1878
1911
1923
1932
1944
1951
1921
1908
1887
1863
1852
1852
1853
1859
1880
1895
1902
1908
1909
1897
1908
1917
1900
1865
1849
1831
1819
1795
1790
1764
1750
1733
1728
1727
1710
1704
1691
1690
1699
1700
1708
1712
1729
1752
1777
1801
1815
1822
1822
1827
1831
1833
1841
1839
1834
1843
1845
1839
1850
1855
1856
1851
1850
1841
1815
1793
1784
1781
1774
1774
1765
1759
1743
1732
1726
1716
1706
1720
1730
1757
1782
1807
1836
1876
1899
1901
1898
1903
1924
1922
1910
1898
1862
1837
1823
1809
1805
1797
1792
1792
1823
1848
1868
1869
1879
1895
1915
1933
1932
1939
1945
1960
1963
1972
1980
1984
1983
1990
2003
2020
2046
2043
2058
2064
2067
2065
2058
2055
2040
2036
2009
1988
1980
1971
1957
1940
1932
1917
1909
1882
1867
1875
1893
1915
1951
1993
2027
2037
2054
2053
2049
2041
2040
2031
2049
2042
2056
2065
2083
2086
2092
2086
2092
2108
2124
2128
2129
2136
2146
2157
2162
2176
2186
2200
2196
2213
2235
2248
2248
2242
2233
2235
2229
2221
2208
2200
2195
2187
2190
2200
2199
2198
2202
2212
2218
2233
2244
2250
2269
2295
2328
2336
2338
2335
2343
2336
2337
2341
2344
2347
2362
2373
2382
2388
2385
2366
2368
2362
2365
2348
2350
2342
2343
2344
2349
2346
2341
2323
2298
2281
2260
2227
2219
2209
2187
2186
2173
2159
2164
2160
2152
2155
2162
2166
2181
2197
2207
2215
2223
2230
2247
2265
2281
2289
2297
2300
2302
2298
2292
2281
2287
2297
2288
2285
2278
2261
2227
2215
2196
2181
2167
2151
2140
2132
2120
2124
2129
2120
2121
2119
2094
2081
2072
2039
2043
2033
2029
2021
2011
2018
2047
2070
2094
2109
2122
2115
2107
2091
2076
2063
2050
2039
2027
2029
2028
2029
2048
2058
2062
2071
2068
2079
2063
2066
2061
2055
2037
2036
2039
2035
2020
2014
2014
2029
2027
2019
2032
2037
2052
2071
2112
2121
2145
2135
2144
2135
2142
2163
2172
2161
2181
2189
2197
2200
2198
2193
2194
2188
2173
2172
2166
2158
2148
2144
2129
2154
2169
2164
2151
2154
2166
2189
2197
2210
2223
2235
2236
2251
2254
2241
2222
2205
2188
2166
2163
2161
2158
2155
2148
2142
2139
2138
2119
2097
2079
2077
2074
2079
2080
2110
2141
2162
2184
2179
2187
2196
2180
2155
2141
2127
2115
2094
2076
2070
2068
2074
2084
2100
2097
2108
2123
2144
2136
2133
2130
2131
2127
2122
2120
2124
2131
2130
2127
2132
2140
2147
2161
2172
2168
2154
2146
2144
2128
2108
2094
2094
2099
2102
2115
2121
2137
2152
2181
2192
2203
2198
2186
2166
2160
2147
2140
2111
2115
2123
2133
2119
2115
2109
2093
2085
2082
2081
2080
2071
2071
2065
2070
2059
2026
1996
1980
1968
1949
1937
1927
1920
1934
1953
1957
1971
1991
2014
2032
2040
2043
2051
2060
2077
2066
2053
2031
2009
2001
1999
1990
1983
1978
1981
1984
1997
2005
2000
2004
1996
1998
1999
2011
2021
2024
2013
2027
2023
2030
2019
2043
2049
2064
2072
2092
2112
2100
2099
2096
2087
2085
2072
2060
2056
2053
2043
2046
2053
2054
2067
2070
2071
2083
2090
2113
2127
2140
2143
2150
2160
2179
2183
2185
2182
2164
2161
2148
2127
2096
2074
2051
2023
2004
2001
2012
2027
2041
2079
2078
2065
2075
2081
2089
2099
2101
2114
2124
2144
2176
2166
2162
2167
2175
2169
2173
2180
2184
2177
2182
2189
2224
2243
2250
2267
2261
2270
2267
2269
2261
2249
2232
2237
2236
2225
2210
2206
2195
2198
2182
2174
2156
2126
2114
2115
2098
2098
2103
2120
2123
2136
2153
2180
2191
2194
2177
2160
2136
2116
2105
2107
2108
2104
2107
2091
2083
2067
2061
2050
2035
2024
2019
2027
2034
2035
2031
2027
2043
2053
2045
2054
2056
2059
2050
2046
2041
2060
2044
2040
2035
2024
2023
2006
1990
1972
1959
1937
1932
1917
1908
1899
1887
1893
1881
1871
1865
1847
1845
1846
1831
1820
1803
1784
1779
1765
1753
1762
1766
1775
1794
1824
1843
1865
1883
1895
1928
1955
1968
1970
1968
1966
1972
1973
1973
1967
1947
1924
1909
1876
1855
1849
1851
1835
1833
1859
1875
1890
1907
1928
1935
1946
1948
1949
1953
1968
1970
1981
2008
2026
2031
2015
2003
1987
1981
1985
1980
1976
1982
1997
1995
1985
2007
1999
2015
2022
2039
2046
2060
2063
2078
2056
2060
2055
2058
2070
2071
2067
2068
2098
2115
2129
2136
2127
2128
2128
2123
2127
2124
2128
2122
2110
2104
2112
2112
2125
2136
2152
2163
2170
2170
2169
2177
2174
2155
2145
2144
2141
2136
2133
2141
2151
2152
2149
2166
2161
2168
2167
2160
2145
2154
2172
2169
2162
2144
2124
2109
2094
2085
2069
2065
2065
2057
2041
2058
2071
2083
2091
2101
2101
2104
2086
2097
2101
2114
2131
2151
2167
2163
2152
2157
2170
2161
2151
2148
2158
2168
2180
2188
2205
2200
2208
2213
2233
2246
2243
2234
2238
2238
2246
2252
2260
2269
2286
2289
2288
2291
2290
2285
2286
2271
2261
2269
2260
2245
2236
2242
2238
2260
2249
2251
2258
2256
2251
2258
2264
2278
2280
2279
2284
2291
2288
2294
2307
2327
2334
2327
2329
2329
2338
2329
2327
2313
2314
2304
2291
2263
2251
2231
2190
2174
2156
2146
2124
2102
2085
2078
2066
2054
2042
2041
2050
2063
2070
2061
2062
2081
2088
2068
2061
2062
2062
2042
2047
2050
2074
2098
2114
2116
2133
2149
2160
2162
2167
2153
2138
2124
2114
2115
2096
2079
2087
2096
2114
2116
2125
2136
2142
2139
2129
2127
2119
2121
2126
2105
2086
2068
2069
2062
2067
2062
2058
2053
2026
2024
2027
2029
2029
2043
2033
2027
2024
2042
2030
2041
2043
2058
2058
2058
2033
2032
2022
2026
2014
2008
1989
1987
1968
1959
1954
1944
1958
1945
1936
1917
1905
1906
1900
1899
1911
1907
1920
1922
1938
1954
1957
1990
2014
2017
2038
2051
2057
2063
2051
2034
2037
2012
2000
2006
2024
2032
2019
2016
2028
2018
2027
2020
2020
2002
2008
2003
2007
1992
2001
2008
1995
1993
1973
1962
1957
1964
1962
1973
1953
1930
1923
1921
1911
1901
1896
1906
1912
1909
1894
1906
1912
1916
1907
1902
1882
1874
1867
1859
1839
1812
1819
1816
1819
1830
1853
1881
1902
1911
1925
1934
1927
1900
1871
1816
1770
1734
1695
1671
1665
1674
1691
1711
1730
1763
1794
1811
1831
1833
1829
1822
1818
1802
1786
1793
1818
1835
1843
1844
1842
1848
1843
1844
1845
1843
1855
1866
1855
1844
1828
1831
1816
1820
1819
1800
1778
1761
1740
1726
1696
1674
1660
1659
1661
1675
1707
1744
1755
1746
1751
1736
1712
1688
1670
1638
1611
1603
1607
1609
1632
1645
1647
1669
1684
1685
1685
1705
1721
1739
1745
1741
1695
1665
1636
1623
1608
1616
1640
1656
1655
1673
1679
1682
1690
1682
1657
1655
1649
1645
1632
1621
1622
1613
1604
1587
1609
1599
1599
1586
1576
1567
1557
1550
1531
1545
1555
1579
1595
1615
1612
1605
1589
1580
1579
1596
1596
1590
1594
1612
1632
1642
1634
1620
1611
1593
1577
1533
1493
1467
1474
1477
1455
1445
1449
1467
1508
1521
1535
1557
1567
1563
1543
1543
1556
1567
1579
1604
1624
1647
1670
1690
1707
1699
1677
1651
1627
1609
1601
1606
1623
1643
1671
1691
1711
1723
1730
1728
1744
1749
1781
1816
1854
1880
1897
1912
1907
1895
1886
1866
1852
1824
1791
1760
1738
1716
1677
1651
1623
1625
1636
1650
1649
1666
1674
1691
1729
1747
1747
1744
1727
1716
1710
1705
1695
1682
1687
1688
1718
1715
1740
1775
1804
1824
1852
1879
1882
1863
1822
1797
1790
1774
1763
1728
1718
1791
1811
1833
1858
1902
1925
1933
1943
1939
1924
1904
1883
1846
1807
1795
1775
1745
1744
1740
1750
1752
1765
1768
1759
1761
1758
1757
1755
1751
1765
1780
1787
1795
1794
1785
1792
1806
1826
1840
1849
1855
1841
1856
1873
1864
1858
1842
1829
1823
1819
1816
1820
1861
1876
1887
1916
1935
1956
1966
1970
1977
1975
1982
1967
1974
1973
1963
1961
1962
1951
1969
1984
2012
2025
2046
2044
2038
2030
2026
2036
2042
2040
2050
2050
2063
2083
2094
2083
2074
2058
2027
2023
2004
1992
1971
1963
1948
1939
1941
1937
1923
1927
1921
1903
1888
1881
1882
1882
1872
1865
1861
1853
1855
1851
1851
1849
1851
1870
1895
1903
1914
1925
1934
1950
1965
1966
1973
1997
2001
2009
2008
2020
2010
2013
2020
2035
2031
2034
2035
2035
2045
2033
2030
2014
2002
1997
1998
2010
2030
2051
2068
2058
2060
2032
2002
1973
1941
1907
1883
1869
1863
1861
1861
1875
1909
1938
1971
1991
2001
2014
2012
2014
2022
2022
2027
2028
2049
2038
2046
2044
2034
2019
2010
2017
2009
2003
2016
2039
2037
2038
2038
2056
2054
2066
2058
2056
2057
2066
2058
2045
2017
2001
1991
1987
1971
1965
1956
1948
1957
1968
1974
1980
1993
2006
1999
1987
1990
1985
1972
1955
1946
1931
1932
1936
1950
1963
1976
2003
2035
2058
2075
2100
2122
2151
2171
2185
2179
2164
2152
2138
2122
2110
2105
2112
2110
2120
2131
2139
2127
2128
2123
2136
2136
2134
2133
2127
2126
2116
2117
2130
2123
2127
2137
2140
2141
2160
2179
2190
2195
2206
2220
2229
2243
2238
2221
2204
2212
2185
2171
2154
2144
2135
2134
2104
2098
2076
2074
2070
2079
2086
2099
2114
2113
2111
2105
2110
2114
2100
2091
2093
2095
2108
2107
2116
2111
2101
2089
2095
2089
2095
2093
2105
2116
2131
2151
2171
2170
2184
2188
2193
2212
2197
2186
2176
2179
2188
2193
2188
2188
2179
2185
2205
2226
2236
2237
2232
2237
2230
2233
2230
2240
2248
2249
2253
2274
2253
2265
2257
2255
2234
2224
2212
2205
2196
2186
2190
2185
2193
2197
2194
2216
2223
2218
2224
2237
2254
2259
2274
2279
2268
2262
2261
2254
2258
2252
2267
2268
2267
2259
2258
2256
2269
2262
2260
2258
2255
2259
2262
2280
2296
2300
2296
2303
2324
2325
2316
2310
2297
2284
2265
2251
2242
2227
2220
2232
2237
2252
2251
2258
2257
2275
2283
2301
2313
2324
2325
2323
2315
2305
2301
2314
2315
2315
2306
2296
2269
2254
2240
2220
2219
2220
2210
2207
2209
2215
2211
2201
2196
2189
2164
2145
2129
2099
2070
2049
2023
2004
1994
1975
1973
1982
1992
2006
2025
2033
2072
2089
2103
2121
2139
2159
2173
2184
2174
2172
2172
2170
2179
2185
2186
2186
2170
2167
2159
2157
2144
2136
2124
2118
2117
2119
2126
2119
2112
2104
2091
2078
2059
2053
2041
2030
2031
2031
2029
2031
2060
2068
2068
2083
2097
2109
2114
2113
2115
2109
2104
2108
2100
2091
2086
2074
2057
2058
2065
2060
2060
2053
2056
2054
2054
2055
2052
2055
2066
2078
2082
2067
2055
2042
2027
2019
1998
1980
1951
1949
1932
1921
1907
1884
1882
1893
1896
1901
1926
1934
1940
1938
1948
1944
1930
1926
1909
1900
1889
1879
1867
1865
1880
1901
1917
1929
1937
1946
1966
1979
1996
1998
2020
2020
2014
2015
2009
2020
2021
2034
2032
2035
2018
2004
1993
1981
1963
1935
1906
1871
1856
1845
1836
1819
1812
1823
1822
1835
1834
1841
1854
1860
1871
1888
1896
1904
1915
1931
1933
1938
1939
1934
1917
1901
1887
1876
1869
1856
1841
1824
1829
1835
1842
1846
1851
1843
1829
1806
1789
1798
1804
1801
1798
1784
1777
1766
1754
1764
1762
1771
1792
1825
1826
1840
1867
1891
1900
1923
1931
1933
1950
1983
2006
2040
2041
2028
2022
1997
1975
1941
1902
1875
1853
1837
1847
1857
1863
1868
1870
1859
1862
1875
1894
1901
1917
1928
1945
1937
1940
1952
1967
1966
1964
1949
1907
1875
1869
1870
1882
1905
1936
1943
1955
1975
1973
1961
1947
1918
1880
1846
1813
1805
1800
1807
1820
1830
1835
1827
1804
1803
1794
1804
1805
1814
1810
1815
1831
1829
1843
1854
1869
1868
1879
1887
1894
1901
1927
1948
1970
1989
2010
2028
2069
2087
2104
2099
2111
2111
2112
2115
2098
2072
2058
2051
2066
2075
2095
2125
2143
2148
2142
2137
2145
2158
2160
2152
2157
2159
2151
2142
2118
2098
2074
2054
2037
2023
2018
2016
2027
2031
2040
2051
2077
2098
2099
2099
2095
2082
2079
2087
2086
2092
2105
2110
2111
2125
2139
2141
2147
2141
2134
2125
2100
2098
2093
2096
2107
2117
2122
2121
2115
2114
2104
2095
2105
2110
2109
2099
2090
2080
2070
2069
2057
2031
2022
2013
2019
2004
2002
2004
1987
1996
2000
2003
2012
2024
2027
2034
2059
2054
2037
2020
1999
1983
1965
1953
1952
1939
1941
1934
1949
1960
1975
1989
2003
2007
2019
2012
2006
2006
1999
1974
1956
1928
1910
1908
1911
1926
1946
1967
1988
2017
2034
2059
2061
2055
2061
2058
2071
2076
2074
2075
2083
2081
2059
2041
2042
2031
2017
2006
1996
2004
2016
2009
2021
2013
2014
2021
2027
2033
2041
2046
2052
2056
2035
2016
2012
2012
1995
2022
2059
2072
2054
2036
2043
2031
2036
2034
2012
2008
2001
1994
1998
2002
2011
2022
2024
2025
2033
2043
2063
2074
2088
2102
2110
2127
2145
2167
2173
2169
2162
2171
2153
2144
2144
2152
2133
2139
2139
2137
2133
2128
2106
2086
2063
2051
2046
2039
2043
2031
2030
2032
2031
2023
2016
2025
2024
2030
2035
2020
2009
2010
2028
2045
2071
2068
2051
2043
2040
2043
2045
2043
2039
2023
2007
1995
1979
1981
1982
1982
1986
1995
2009
2023
2024
2024
2017
2004
1965
1941
1920
1891
1843
1821
1788
1786
1785
1814
1832
1858
1892
1927
1947
1980
1995
2005
2006
2001
2001
2014
2006
1991
1980
1980
1986
1991
1993
1993
1993
1995
1976
1947
1925
1900
1916
1908
1916
1905
1943
1976
1997
2005
2021
2009
2012
1991
1978
1971
1959
1943
1956
1960
1951
1947
1951
1960
1958
1969
1981
2011
2023
2043
2041
2044
2040
2025
2030
2031
2034
2021
2029
2033
2045
2040
2032
2027
2018
2009
1989
1968
1959
1945
1930
1925
1959
1981
2023
2047
2071
2084
2109
2121
2121
2121
2111
2110
2099
2086
2068
2038
2021
1999
2007
1999
2013
2032
2049
2055
2066
2064
2056
2042
2038
2018
2000
1987
1964
1964
1950
1969
1973
1980
1971
1974
1977
2001
2018
2035
2041
2057
2074
2093
2097
2112
2103
2083
2071
2053
2051
2043
2040
2043
2050
2057
2043
2043
2053
2049
2060
2070
2080
2074
2092
2096
2090
2065
2054
2040
2031
2038
2049
2070
2084
2084
2106
2116
2144
2154
2141
2139
2143
2142
2135
2144
2136
2126
2099
2079
2053
2044
2046
2050
2055
2056
2056
2050
2051
2061
2090
2115
2144
2153
2181
2193
2200
2204
2213
2224
2233
2223
2214
2186
2159
2148
2140
2114
2106
2108
2098
2096
2102
2098
2098
2093
2093
2078
2074
2079
2073
2057
2058
2062
2054
2067
2055
2056
2056
2061
2067
2073
2078
2051
2027
2013
1988
1974
1970
1975
1983
1992
2001
2009
2025
2029
2007
1995
1972
1971
1968
1972
1954
1945
1925
1921
1915
1915
1908
1908
1905
1889
1904
1896
1889
1888
1902
1904
1914
1924
1934
1932
1921
1935
1944
1953
1965
1976
1981
2001
2025
2037
2025
2031
2029
2012
2001
1987
1960
1975
1973
1965
1956
1973
1975
1978
1998
1996
1976
1947
1926
1915
1921
1914
1905
1906
1898
1890
1868
1851
1843
1852
1854
1856
1849
1844
1846
1847
1833
1830
1829
1822
1810
1795
1788
1791
1790
1797
1789
1779
1788
1789
1807
1822
1818
1819
1829
1832
1837
1834
1846
1846
1842
1845
1845
1854
1855
1867
1888
1920
1937
1958
1949
1939
1887
1816
1759
1730
1703
1698
1677
1678
1681
1694
1730
1778
1813
1849
1881
1892
1892
1895
1880
1887
1878
1861
1840
1824
1813
1816
1831
1835
1835
1835
1865
1901
1927
1947
1965
2008
2029
2033
2036
2053
2053
2052
2029
2026
2024
2025
2027
2042
2053
2050
2034
2025
2027
2035
2059
2070
2084
2077
2076
2051
2031
2025
2025
2007
2009
1996
1996
1994
1989
1995
2021
2026
2052
2079
2094
2112
2120
2130
2132
2126
2124
2111
2093
2080
2064
2078
2076
2082
2073
2076
2089
2084
2083
2090
2114
2116
2126
2132
2144
2146
2158
2155
2144
2157
2152
2151
2158
2166
2172
2180
2173
2144
2120
2093
2069
2044
2018
1992
1975
1982
1992
2078
2088
2112
2144
2172
2190
2192
2183
2202
2204
2175
2151
2138
2122
2115
2105
2107
2083
2065
2067
2075
2061
2064
2073
2069
2064
2075
2073
2071
2073
2091
2104
2116
2135
2163
2195
2197
2206
2203
2221
2239
2230
2222
2230
2221
2215
2212
2202
2200
2187
2172
2174
2161
2160
2171
2185
2212
2226
2236
2245
2267
2288
2294
2276
2286
2293
2302
2305
2309
2311
2304
2301
2292
2268
2261
2254
2243
2240
2242
2242
2253
2238
2227
2202
2181
2144
2142
2133
2134
2141
2142
2140
2156
2181
2184
2190
2185
2187
2195
2194
2199
2208
2191
2173
2140
2122
2105
2083
2066
2058
2071
2073
2082
2095
2110
2127
2131
2145
2152
2146
2142
2158
2157
2165
2170
2160
2139
2126
2132
2144
2150
2160
2166
2148
2151
2161
2167
2172
2188
2200
2205
2195
2177
2154
2134
2114
2105
2097
2089
2082
2086
2080
2078
2066
2072
2085
2097
2094
2077
2075
2081
2061
2042
2032
2015
2019
2042
2060
2083
2117
2151
2160
2171
2185
2193
2190
2193
2201
2198
2199
2188
2185
2170
2148
2130
2117
2101
2097
2105
2121
2135
2156
2152
2162
2169
2176
2174
2164
2152
2147
2143
2129
2130
2120
2115
2129
2144
2135
2140
2160
2186
2204
2217
2221
2214
2208
2192
2196
2183
2156
2119
2105
2095
2101
2091
2095
2095
2103
2113
2152
2148
2152
2139
2153
2147
2146
2135
2135
2137
2130
2132
2118
2121
2123
2134
2135
2139
2151
2173
2183
2177
2185
2200
2199
2204
2204
2204
2196
2195
2190
2185
2162
2139
2110
2095
2085
2080
2092
2095
2112
2126
2134
2119
2115
2119
2119
2113
2099
2099
2102
2097
2099
2112
2104
2093
2091
2100
2107
2112
2115
2122
2129
2140
2146
2150
2153
2159
2157
2162
2175
2181
2182
2172
2171
2176
2183
2178
2157
2143
2116
2127
2130
2137
2142
2148
2139
2160
2167
2157
2139
2116
2112
2102
2074
2066
2071
2074
2081
2089
2110
2132
2140
2152
2157
2165
2163
2170
2182
2186
2193
2193
2186
2181
2179
2172
2170
2178
2180
2183
2199
2211
2205
2199
2212
2219
2216
2209
2202
2208
2194
2189
2193
2195
2202
2215
2238
2260
2272
2275
2287
2289
2291
2295
2302
2304
2311
2302
2310
2316
2307
2302
2304
2300
2313
2304
2300
2291
2279
2279
2260
2244
2234
2223
2212
2212
2206
2204
2209
2214
2222
2227
2238
2231
2236
2248
2261
2250
2231
2238
2251
2251
2245
2224
2203
2175
2154
2125
2109
2110
2108
2098
2097
2092
2092
2102
2110
2110
2123
2124
2124
2130
2129
2145
2152
2165
2174
2171
2183
2191
2193
2211
2210
2208
2184
2169
2137
2123
2103
2079
2072
2088
2099
2094
2124
2129
2130
2129
2116
2095
2080
2059
2037
2018
2006
1995
1996
1990
1996
2014
2036
2034
2033
2015
1995
1981
1970
1960
1971
1964
1944
1946
1944
1952
1966
1965
1953
1956
1954
1951
1952
1957
1951
1953
1950
1947
1940
1953
1970
1990
2017
2029
2050
2057
2073
2098
2099
2090
2074
2040
1999
1974
1948
1910
1898
1903
1912
1932
1945
1965
1991
2014
2024
2021
2011
1990
1972
1959
1955
1932
1892
1849
1814
1761
1695
5835
1981
2026
2073
2096
2110
2124
2140
2136
2143
2144
2145
2138
2139
2111
2079
2050
2029
2023
2032
2059
2102
2131
2167
2206
2225
2234
2231
2239
2225
2192
2199
2216
2227
2267
2284
2286
2249
2211
2158
2102
2047
2014
1990
2010
2054
2110
2130
2137
2101
2084
2060
2061
2071
2078
2045
2006
1950
1915
1861
1806
1747
1700
1688
1685
1704
1720
1723
1749
1791
1834
1879
1914
1968
1987
1986
1966
1950
1894
1836
1767
1717
1693
1666
1642
1655
1669
1702
1762
1845
1887
1925
1907
1892
1883
1879
1863
1835
1815
1774
1755
1754
1768
1786
1795
1826
1875
1911
1916
1915
1915
1895
1865
1845
1829
1819
1821
1817
1819
1810
1809
1822
1823
1827
1833
1844
1830
1805
1765
1761
1781
1801
1802
1767
1742
1724
1701
1650
1585
1480
1427
1404
1448
1491
1543
1565
1615
1667
1689
1707
1724
1739
1768
1779
1805
1805
1773
1708
1646
1601
1583
1575
1554
1483
1451
1439
1451
1450
1431
1418
1373
1325
1283
1261
1273
1343
1436
1569
1668
1767
1822
1899
1952
2000
2011
2033
2029
2027
1994
1992
1983
1980
1952
1931
1913
1894
1885
1876
1847
1818
1770
1709
1658
1642
1665
1716
1761
1791
1825
1862
1875
1851
1832
1840
1860
1871
1868
1869
1842
1811
1761
1708
1649
1601
1579
1551
1549
1539
1527
1495
1491
1475
1475
1473
1485
1441
1355
1269
1186
1113
1054
1016
1017
1070
1167
1275
1433
1595
1774
1900
1992
2059
2073
2065
2054
2033
1991
1954
1897
1835
1777
1771
1781
1827
1843
1881
1897
1926
1885
1831
1743
1687
1615
1588
1545
1555
1593
1648
1710
1755
1780
1769
1750
1697
1650
1595
1575
1541
1503
1510
1541
1624
1695
1731
1732
1743
1781
1819
1845
1826
1775
1675
1591
1553
1511
1478
1449
1419
1432
1464
1522
1590
1660
1686
1708
1734
1754
1768
1805
1822
1835
1813
1790
1718
1677
1629
1614
1611
1618
1621
1621
1650
1695
1745
1754
1763
1739
1717
1695
1709
1704
1711
1682
1682
1686
1737
1795
1869
1913
1939
1967
1993
2020
2043
2055
2083
2093
2109
2118
2129
2136
2134
2112
2036
1949
1869
1808
1779
1755
1703
1679
1691
1748
1820
1867
1915
1952
1981
1994
2004
2002
2019
2051
2055
2051
2023
2021
1993
1956
1929
1928
1924
1935
1922
1923
1914
1939
1962
1983
2003
2011
2029
2038
2036
2018
1991
1957
1901
1842
1808
1787
1769
1746
1717
1659
1604
1521
1447
1349
1301
1284
1302
1349
1435
1513
1587
1640
1723
1814
1868
1924
1950
1983
2007
2038
2042
2034
2026
2006
1972
1963
1958
1956
1920
1873
1839
1841
1863
1886
1898
1910
1954
1986
1992
1974
1927
1871
1805
1727
1662
1639
1620
1653
1693
1755
1813
1915
2036
2127
2182
2223
2222
2216
2172
2144
2116
2108
2107
2096
2071
2012
1963
1888
1806
1718
1663
1629
1620
1603
1629
1678
1795
1887
1967
2024
2048
2047
2016
1975
1950
1963
1959
1985
2009
2024
2037
2042
2074
2092
2134
2175
2216
2227
2205
2179
2146
2148
2142
2133
2125
2123
2101
2099
2115
2087
2054
2042
2023
1979
1942
1933
1919
1940
1941
1947
1949
1983
2025
2059
2103
2133
2168
2205
2276
2323
2369
2418
2457
2479
2496
2492
2479
2446
2418
2386
2359
2318
2299
2297
2311
2314
2319
2299
2309
2314
2319
2324
2342
2349
2360
2383
2407
2398
2379
2349
2309
2273
2234
2209
2161
2172
2188
2221
2245
2257
2281
2287
2289
2291
2294
2283
2269
2264
2237
2187
2106
2078
2046
2025
1993
1972
1959
1980
2002
2034
2035
2029
1985
1967
1994
2018
1994
1946
1915
1913
1940
1975
2042
2095
2178
2235
2282
2327
2390
2420
2454
2476
2505
2518
2526
2520
2538
2549
2539
2508
2487
2478
2466
2454
2452
2468
2476
2467
2442
2389
2352
2320
2303
2298
2291
2278
2253
2223
2183
2137
2078
2048
2023
2004
1983
1998
2028
2065
2104
2159
2208
2271
2306
2338
2335
2334
2334
2313
2286
2245
2226
2199
2163
2099
2048
1991
1966
1935
1951
1980
2017
2049
2121
2205
2281
2351
2409
2439
2448
2466
2454
2460
2455
2464
2466
2460
2445
2438
2418
2395
2394
2394
2405
2398
2377
2341
2327
2323
2341
2340
2334
2327
2297
2264
2233
2224
2233
2233
2226
2276
2308
2357
2400
2453
2490
2529
2544
2552
2530
2512
2479
2467
2418
2346
2264
2182
2142
2111
2102
2097
2116
2156
2226
2292
2337
2352
2343
2314
2268
2193
2124
2083
2062
2064
2067
2078
2093
2075
2044
2005
1988
2013
2039
2055
2066
2059
2077
2096
2122
2120
2106
2105
2096
2066
2020
1976
1931
1927
1903
1903
1882
1885
1869
1893
1912
1967
1993
2015
2004
1986
1980
1988
2014
2064
2120
2178
2238
2254
2259
2258
2258
2265
2282
2265
2247
2198
2141
2117
2087
2046
2021
2012
2017
2042
2077
2095
2094
2100
2126
2151
2171
2182
2227
2244
2242
2228
2233
2236
2245
2247
2247
2224
2198
2191
2197
2215
2224
2258
2279
2303
2309
2314
2334
2377
2399
2422
2433
2455
2462
2441
2411
2386
2359
2329
2301
2265
2226
2192
2178
2162
2181
2214
2240
2279
2318
2341
2333
2314
2294
2290
2302
2328
2372
2422
2455
2480
2520
2532
2552
2551
2534
2524
2522
2510
2503
2493
2470
2451
2439
2417
2394
2374
2356
2343
2332
2336
2329
2328
2301
2302
2271
2262
2243
2231
2209
2186
2161
2143
2122
2087
2050
2041
2035
2004
1989
1972
1952
1962
2006
2011
2038
2026
2018
1981
1940
1999
2095
2146
2157
2139
2120
2111
2142
2190
2227
2220
2202
2196
2181
2181
2174
2158
2144
2155
2164
2197
2250
2257
2270
2278
2292
2268
2240
2223
2206
2182
2153
2123
2083
2052
2025
2013
1993
1997
1983
1983
1987
2017
2031
2050
2054
2056
2030
2020
2027
2014
2027
2042
2072
2121
2176
2229
2283
2311
2318
2306
2291
2282
2268
2231
2212
2213
2206
2187
2179
2167
2153
2124
2110
2091
2056
2033
2035
2041
2057
2063
2085
2067
2073
2053
2060
2048
2039
1992
1963
1959
1982
2025
2062
2113
2162
2205
2237
2277
2288
2292
2305
2334
2327
2306
2226
2149
2069
1987
1934
1879
1839
1813
1800
1809
1842
1893
1938
1982
2005
2040
2109
2148
2165
2199
2230
2255
2288
2285
2262
2234
2229
2215
2191
2144
2091
2014
1923
1852
1787
1731
1698
1669
1672
1685
1740
1772
1816
1855
1913
1948
2000
2044
2092
2113
2096
2083
2076
2095
2100
2131
2182
2241
2285
2314
2302
2263
2220
2173
2100
2019
1978
1953
1932
1890
1835
1783
1746
1722
1725
1739
1741
1747
1752
1761
1790
1832
1862
1906
1925
1928
1903
1869
1806
1734
1662
1583
1505
1429
1373
1313
1287
1283
1340
1413
1450
1423
1409
1429
1480
1508
1541
1591
1653
1723
1782
1837
1864
1880
1858
1834
1807
1771
1684
1605
1509
1457
1433
1421
1421
1449
1499
1548
1609
1652
1698
1729
1740
1743
1752
1750
1778
1790
1813
1823
1828
1812
1804
1796
1765
1749
1747
1789
1813
1827
1852
1868
1898
1920
1929
1950
1978
1996
2026
2053
2094
2112
2115
2114
2106
2091
2069
2049
2050
2074
2104
2133
2143
2168
2177
2165
2126
2111
2090
2079
2064
2041
2014
2005
1983
1989
2019
2073
2140
2213
2305
2382
2471
2520
2546
2582
2612
2625
2643
2646
2645
2652
2648
2632
2620
2604
2576
2552
2520
2504
2495
2503
2503
2497
2472
2419
2368
2310
2260
2206
2198
2174
2155
2109
2067
2051
2046
2069
2088
2117
2149
2160
2164
2163
2165
2195
2203
2238
2255
2264
2294
2318
2335
2343
2340
2343
2348
2345
2346
2328
2304
2290
2292
2284
2265
2248
2250
2238
2228
2220
2198
2193
2212
2236
2278
2292
2319
2350
2370
2380
2401
2410
2418
2422
2384
2326
2278
2230
2190
2135
2075
2050
2054
2072
2123
2163
2219
2228
2231
2220
2203
2191
2175
2154
2133
2121
2119
2139
2141
2163
2168
2203
2211
2200
2167
2148
2126
2112
2102
2117
2121
2130
2142
2158
2156
2134
2115
2084
2073
2058
2075
2073
2093
2093
2105
2091
2074
2020
1958
1920
1886
1862
1837
1824
1813
1843
1895
1915
1913
1883
1850
1827
1818
1795
1767
1765
1800
1867
1962
2034
2100
2117
2109
2078
2056
2037
2001
1952
1877
1811
1741
1735
1747
1790
1828
1859
1884
1907
1875
1867
1834
1812
1793
1791
1779
1777
1819
1843
1874
1912
1962
2029
2099
2124
2111
2035
1960
1892
1829
1772
1741
1729
1738
1750
1751
1771
1810
1866
1943
2016
2092
2111
2141
2178
2191
2178
2157
2118
2104
2108
2106
2113
2131
2179
2236
2252
2259
2261
2248
2205
2132
2064
2002
1956
1897
1876
1885
1935
1992
2067
2093
2101
2105
2080
2059
2049
2011
1980
1935
1906
1886
1876
1886
1919
1984
2032
2082
2107
2151
2186
2228
2255
2281
2292
2321
2332
2346
2348
2352
2324
2308
2295
2245
2197
2161
2141
2112
2081
2055
2063
2046
2056
2047
2059
2083
2108
2109
2114
2107
2127
2185
2233
2278
2306
2330
2371
2412
2432
2449
2440
2423
2402
2376
2336
2287
2253
2238
2243
2234
2240
2249
2270
2274
2279
2307
2322
2330
2326
2302
2251
2194
2134
2084
2045
2022
2028
2098
2140
2198
2256
2324
2367
2402
2427
2454
2463
2478
2462
2444
2432
2411
2416
2378
2352
2317
2311
2293
2318
2347
2375
2387
2412
2418
2427
2434
2438
2418
2404
2396
2389
2396
2396
2402
2384
2348
2314
2292
2274
2253
2212
2176
2157
2169
2180
2189
2220
2246
2259
2253
2237
2202
2154
2136
2121
2125
2119
2086
2036
2015
1983
1959
1957
1972
1969
1933
1888
1867
1889
1936
1983
2035
2086
2119
2139
2145
2136
2114
2085
2045
1992
1935
1879
1843
1845
1844
1876
1875
1858
1834
1855
1881
1911
1929
1919
1882
1813
1709
1625
1555
1505
1513
1533
1608
1645
1708
1731
1775
1821
1886
1958
2019
2034
1979
1936
1889
1867
1829
1772
1707
1657
1602
1593
1606
1642
1653
1689
1715
1768
1867
1973
2056
2132
2188
2237
2253
2277
2260
2223
2203
2181
2160
2150
2158
2177
2223
2231
2237
2217
2197
2139
2048
1954
1863
1811
1782
1765
1729
1691
1655
1640
1661
1683
1725
1769
1846
1902
1937
1952
1912
1876
1812
1747
1709
1699
1715
1721
1735
1751
1791
1843
1901
1948
1982
2002
2004
2000
1977
1954
1918
1936
1951
2016
2108
2178
2236
2280
2284
2270
2192
2114
1981
1891
1795
1717
1664
1646
1633
1652
1700
1727
1752
1746
1755
1747
1760
1751
1747
1706
1674
1632
1626
1647
1740
1844
1943
2004
2065
2132
2206
2280
2338
2374
2405
2422
2404
2404
2399
2411
2407
2412
2410
2432
2424
2407
2387
2369
2346
2333
2329
2339
2362
2382
2413
2446
2482
2506
2524
2541
2540
2532
2534
2517
2470
2422
2324
2267
2225
2216
2231
2267
2305
2330
2353
2374
2405
2422
2437
2419
2392
2348
2299
2243
2195
2126
2063
2002
1965
1923
1901
1897
1919
1956
2012
2042
2059
2058
2113
2164
2212
2264
2312
2356
2392
2415
2444
2469
2474
2485
2481
2496
2498
2508
2486
2490
2472
2472
2463
2460
2441
2416
2355
2314
2276
2235
2187
2157
2150
2141
2160
2177
2206
2225
2259
2273
2294
2303
2294
2292
2275
2296
2327
2342
2364
2366
2344
2315
2296
2298
2311
2306
2309
2334
2344
2354
2341
2307
2278
2261
2215
2174
2111
2082
2064
2022
1983
1963
1957
1945
1931
1923
1928
1942
1972
2001
2036
2086
2148
2208
2274
2301
2302
2286
2261
2223
2179
2130
2098
2089
2099
2110
2091
2068
2070
2070
2078
2071
2069
2059
2047
2066
2124
2138
2143
2135
2136
2124
2117
2076
2028
1999
2001
2023
2045
2057
2043
2027
2037
2068
2119
2139
2145
2155
2161
2184
2237
2258
2270
2278
2275
2261
2198
2144
2004
1910
1829
1794
1757
1738
1713
1727
1765
1804
1830
1825
1825
1809
1813
1805
1817
1829
1846
1835
1824
1778
1749
1727
1780
1843
1923
2002
2099
2168
2220
2257
2259
2245
2209
2179
2157
2140
2118
2107
2099
2090
2064
2052
2059
2060
2056
2087
2151
2214
2242
2255
2251
2247
2243
2248
2252
2261
2250
2223
2240
2266
2293
2308
2333
2356
2368
2382
2364
2344
2328
2302
2249
2191
2144
2116
2078
2037
2006
1978
1990
2016
2029
2042
2063
2077
2100
2142
2207
2239
2249
2254
2255
2240
2231
2199
2197
2177
2174
2167
2150
2122
2086
2052
1984
1926
1890
1871
1869
1912
1969
2039
2096
2129
2152
2168
2167
2149
2112
2085
2057
2056
2038
2034
2033
2020
2007
2014
2014
2008
2032
2043
2065
2075
2072
2048
2030
2014
2019
2010
2021
2009
1995
1951
1937
1910
1869
1809
1759
1706
1660
1635
1654
1712
1803
1886
1957
2017
2051
2087
2104
2093
2037
1999
1963
1955
1968
1997
2078
2149
2207
2247
2239
2209
2141
2084
2008
1944
1850
1761
1707
1651
1596
1555
1555
1592
1621
1608
1585
1523
1457
1406
1361
1322
1280
1269
1309
1353
1417
1483
1591
1692
1773
1857
1916
1942
1940
1918
1895
1883
1867
1841
1810
1787
1778
1763
1726
1677
1630
1609
1608
1606
1586
1545
1463
1401
1359
1320
1281
1229
1199
1177
1227
1305
1399
1485
1552
1597
1619
1666
1717
1736
1770
1808
1836
1858
1890
1911
1914
1900
1907
1900
1878
1849
1830
1833
1870
1927
1990
2002
1989
1932
1866
1798
1741
1709
1685
1672
1664
1685
1747
1836
1948
1990
2003
2022
2026
2018
1975
1931
1882
1861
1843
1844
1850
1864
1897
1955
2000
2033
2053
2109
2147
2168
2175
2176
2113
2044
1967
1917
1870
1843
1827
1832
1861
1877
1919
1969
2015
2040
2067
2047
2020
1978
1976
2001
2054
2090
2128
2144
2153
2144
2115
2057
2005
1946
1917
1877
1841
1822
1796
1800
1813
1859
1871
1886
1916
1947
1965
1982
1982
1999
1995
1973
1929
1907
1872
1831
1795
1806
1815
1826
1830
1847
1848
1855
1872
1908
1944
1971
2035
2076
2122
2127
2105
2040
1993
1927
1887
1855
1847
1873
1928
1959
1992
2007
2013
1993
1973
1969
1960
1957
1939
1920
1889
1878
1858
1850
1832
1799
1774
1791
1854
1901
1935
1963
1996
2036
2087
2130
2117
2087
2054
2054
2040
2010
1985
1992
2051
2102
2118
2124
2136
2166
2174
2179
2169
2157
2156
2168
2158
2144
2141
2137
2181
2223
2230
2215
2178
2152
2130
2126
2138
2155
2165
2187
2195
2212
2214
2256
2302
2334
2346
2338
2322
2303
2276
2252
2199
2147
2126
2103
2096
2100
2113
2118
2142
2096
2052
1969
1939
1913
1888
1877
1888
1912
1937
1978
2041
2091
2153
2202
2234
2243
2253
2239
2190
2167
2156
2149
2090
2041
1995
1942
1879
1859
1849
1857
1864
1906
1928
1964
2015
2076
2117
2149
2178
2180
2201
2231
2239
2254
2249
2251
2236
2202
2195
2166
2149
2118
2101
2089
2086
2088
2093
2077
2043
2007
1997
1980
1980
1994
2023
2031
2045
2050
2036
2020
2018
2008
2000
2032
2038
2069
2070
2081
2047
2043
2049
2048
2021
1999
1971
1941
1873
1814
1771
1729
1681
1615
1563
1535
1515
1493
1513
1555
1623
1695
1785
1831
1871
1865
1834
1776
1703
1635
1629
1638
1659
1671
1694
1739
1775
1800
1816
1817
1803
1786
1769
1727
1651
1585
1527
1483
1456
1435
1391
1377
1364
1360
1355
1341
1285
1262
1268
1301
1322
1346
1370
1436
1543
1628
1704
1755
1768
1749
1743
1743
1729
1743
1742
1749
1754
1746
1727
1717
1722
1738
1726
1677
1616
1569
1549
1558
1553
1533
1524
1520
1525
1489
1444
1403
1395
1407
1445
1499
1587
1675
1767
1834
1907
1955
1975
1966
1963
1953
1929
1900
1830
1751
1669
1628
1593
1580
1591
1636
1679
1724
1768
1809
1837
1883
1910
1949
1937
1939
1930
1944
1977
2014
2038
2058
2072
2072
2086
2119
2153
2196
2212
2221
2209
2177
2152
2118
2103
2064
2043
1996
1951
1913
1892
1851
1811
1774
1743
1687
1658
1644
1671
1754
1865
1989
2090
2167
2176
2179
2145
2116
2093
2093
2093
2085
2109
2157
2183
2205
2178
2190
2207
2238
2240
2244
2248
2268
2292
2328
2363
2388
2414
2425
2452
2454
2477
2486
2517
2522
2500
2456
2422
2376
2357
2335
2319
2304
2284
2278
2309
2320
2335
2356
2372
2389
2432
2477
2516
2551
2577
2614
2624
2642
2660
2662
2657
2664
2669
2680
2691
2708
2719
2702
2684
2672
2638
2626
2608
2610
2599
2580
2570
2579
2584
2561
2539
2500
2452
2398
2337
2291
2250
2226
2207
2167
2121
2113
2130
2141
2131
2147
2158
2163
2183
2194
2223
2260
2317
2360
2411
2432
2462
2490
2514
2525
2529
2535
2525
2504
2479
2469
2464
2444
2440
2398
2342
2272
2206
2152
2116
2099
2096
2085
2067
2072
2077
2085
2062
2049
2021
1976
1923
1897
1883
1879
1848
1841
1823
1838
1877
1947
2052
2110
2155
2168
2148
2093
2050
2034
2008
1973
1943
1930
1946
1955
1986
2007
2063
2086
2114
2096
2075
2042
2032
2019
1994
1978
1976
1939
1920
1896
1904
1900
1926
1965
1988
2025
2051
2103
2161
2223
2268
2300
2297
2309
2291
2283
2260
2262
2275
2308
2340
2359
2368
2375
2357
2338
2306
2289
2297
2281
2245
2214
2205
2214
2231
2242
2258
2268
2295
2322
2357
2391
2431
2448
2472
2476
2473
2448
2418
2364
2298
2230
2193
2194
2218
2230
2225
2222
2199
2173
2123
2072
2039
2026
2029
2030
2056
2078
2111
2193
2239
2275
2303
2325
2325
2289
2220
2151
2098
2055
2015
2002
1994
1999
2006
2045
2092
2144
2186
2219
2226
2222
2223
2213
2190
2170
2159
2162
2163
2166
2171
2176
2179
2200
2234
2277
2272
2255
2208
2160
2132
2091
2051
2019
2008
2009
2057
2122
2181
2239
2275
2313
2336
2331
2306
2297
2271
2251
2214
2170
2102
2106
2097
2119
2113
2113
2101
2087
2067
2056
2021
1992
1981
2006
2005
2008
1976
1908
1855
1802
1753
1691
1646
1656
1718
1753
1801
1849
1909
1962
2015
2036
2079
2097
2133
2149
2150
2111
2043
1984
1948
1926
1903
1882
1855
1836
1852
1884
1927
1957
1956
1952
1939
1943
1970
2021
2034
2053
2033
2038
2036
2057
2053
2072
2099
2137
2169
2197
2204
2200
2195
2195
2179
2154
2102
2054
2022
2014
2033
2068
2083
2070
2076
2103
2149
2198
2241
2264
2296
2311
2329
2357
2383
2386
2374
2372
2370
2330
2284
2217
2166
2078
2002
1918
1863
1870
1912
1983
2046
2079
2126
2139
2149
2145
2129
2143
2181
2202
2215
2265
2326
2359
2360
2350
2328
2338
2330
2326
2304
2303
2305
2331
2375
2426
2479
2508
2513
2525
2525
2485
2454
2418
2406
2395
2384
2343
2325
2295
2284
2253
2238
2201
2184
2149
2106
2069
2061
2044
2060
2085
2130
2164
2204
2258
2308
2320
2311
2300
2224
2167
2097
2059
2046
2057
2049
2054
2014
1998
1981
1950
1908
1876
1867
1869
1881
1883
1904
1923
1951
1995
2016
2018
2021
1997
1985
1979
1989
1991
2007
1999
1978
1965
1957
1932
1887
1822
1783
1769
1749
1750
1733
1715
1700
1679
1665
1640
1605
1584
1588
1587
1587
1556
1531
1480
1434
1407
1395
1403
1412
1447
1496
1559
1654
1729
1801
1853
1902
1952
1983
2003
1999
1994
2003
2012
2013
1998
1964
1902
1795
1738
1690
1663
1655
1666
1658
1667
1736
1808
1886
1938
1978
1979
1971
1944
1941
1968
2009
2033
2073
2107
2144
2144
2112
2054
1981
1944
1942
1939
1967
1990
2008
1997
1996
2011
2033
2074
2076
2090
2130
2170
2185
2172
2148
2158
2155
2170
2151
2146
2160
2199
2255
2286
2319
2316
2319
2309
2292
2260
2254
2243
2248
2239
2219
2212
2218
2221
2256
2279
2320
2356
2366
2368
2371
2356
2321
2282
2234
2194
2200
2227
2247
2282
2301
2294
2286
2283
2266
2254
2255
2250
2258
2279
2287
2276
2229
2169
2109
2054
2014
1987
1973
1984
1997
2007
2007
2046
2082
2111
2118
2121
2111
2113
2118
2149
2168
2216
2258
2288
2300
2316
2295
2283
2262
2254
2255
2264
2285
2292
2319
2345
2379
2382
2392
2406
2440
2448
2455
2448
2449
2450
2450
2438
2447
2448
2452
2464
2474
2471
2468
2452
2425
2412
2386
2378
2362
2339
2322
2338
2337
2357
2357
2362
2358
2361
2360
2374
2377
2407
2418
2442
2461
2487
2502
2513
2527
2527
2530
2534
2559
2570
2570
2551
2541
2530
2501
2453
2391
2324
2252
2205
2139
2119
2078
2031
1983
1939
1891
1881
1861
1839
1832
1821
1849
1878
1915
1940
1955
1971
1999
2005
1999
1983
1976
1968
1974
1999
2052
2117
2177
2220
2260
2297
2316
2311
2271
2239
2192
2152
2113
2090
2054
2055
2081
2127
2152
2178
2193
2204
2208
2182
2169
2154
2162
2157
2144
2098
2059
2030
2023
2017
2033
2019
1997
1970
1942
1946
1942
1937
1964
1976
1979
1979
1984
2002
2007
2005
2006
2022
2041
2036
2008
1982
1961
1945
1915
1896
1849
1822
1823
1837
1844
1828
1813
1816
1807
1778
1748
1739
1723
1725
1753
1782
1823
1860
1892
1926
1957
2005
2062
2117
2174
2198
2182
2150
2115
2067
2022
1996
1988
2002
2017
2029
2024
2009
1989
1965
1974
1956
1959
1930
1924
1920
1929
1927
1925
1918
1899
1891
1867
1851
1833
1837
1813
1804
1759
1741
1729
1717
1693
1690
1698
1716
1731
1729
1712
1725
1703
1698
1689
1693
1674
1627
1605
1566
1523
1486
1469
1453
1518
1572
1647
1717
1796
1835
1866
1870
1841
1755
1623
1475
1323
1207
1139
1121
1158
1220
1289
1371
1459
1575
1678
1743
1760
1722
1668
1617
1580
1573
1578
1593
1643
1704
1747
1753
1744
1750
1759
1737
1721
1719
1721
1731
1754
1741
1698
1671
1633
1625
1587
1530
1457
1432
1391
1331
1272
1237
1223
1235
1283
1367
1449
1521
1555
1530
1518
1474
1422
1347
1265
1198
1181
1192
1227
1245
1282
1322
1380
1432
1467
1497
1507
1525
1556
1583
1591
1568
1463
1374
1282
1237
1234
1272
1345
1421
1471
1469
1446
1438
1406
1363
1320
1295
1283
1273
1265
1257
1274
1267
1248
1227
1223
1235
1236
1230
1207
1177
1155
1141
1125
1167
1231
1276
1301
1295
1278
1256
1244
1251
1247
1238
1241
1247
1285
1334
1391
1401
1376
1337
1287
1211
1129
1021
919
892
905
929
946
960
997
1058
1147
1217
1272
1317
1327
1334
1325
1315
1325
1361
1405
1463
1511
1579
1619
1659
1659
1627
1565
1475
1391
1322
1288
1300
1389
1462
1534
1590
1619
1637
1661
1672
1728
1778
1842
1891
1941
1986
2006
2023
2007
1963
1896
1825
1749
1661
1565
1491
1391
1332
1262
1209
1188
1226
1290
1332
1349
1386
1445
1511
1577
1625
1627
1613
1566
1542
1505
1457
1430
1432
1454
1462
1522
1583
1647
1729
1799
1874
1931
1956
1926
1841
1751
1661
1591
1519
1453
1400
1367
1719
1795
1899
1972
2030
2057
2070
2069
2023
1954
1871
1794
1719
1643
1597
1566
1517
1482
1466
1489
1519
1573
1579
1589
1563
1551
1535
1544
1557
1594
1600
1600
1606
1621
1627
1662
1707
1755
1783
1810
1823
1820
1807
1772
1764
1759
1745
1719
1691
1677
1682
1719
1782
1848
1897
1943
1972
2023
2046
2068
2064
2059
2031
1992
1994
1988
1989
1996
2009
2016
2043
2082
2125
2140
2165
2148
2129
2115
2128
2163
2151
2150
2164
2185
2229
2261
2268
2221
2169
2108
2045
2010
1949
1909
1862
1829
1813
1819
1822
1818
1812
1818
1791
1723
1681
1664
1682
1666
1658
1633
1637
1645
1659
1663
1662
1662
1686
1716
1773
1819
1860
1899
1927
1971
1989
1999
2011
2031
2044
2067
2081
2092
2091
2081
2086
2106
2115
2123
2107
2096
2082
2047
1998
1952
1919
1902
1909
1969
2046
2106
2119
2112
2068
1998
1911
1827
1723
1638
1578
1539
1529
1551
1617
1714
1809
1907
1966
2022
2043
2050
2049
2040
2040
2056
2077
2094
2100
2076
2069
2057
2039
2014
2002
1986
1984
2003
2041
2074
2115
2134
2126
2130
2136
2126
2123
2128
2098
2083
2059
2025
1984
1936
1886
1851
1812
1821
1827
1868
1897
1923
1930
1927
1940
1947
1971
1964
1943
1901
1869
1829
1815
1809
1826
1830
1863
1917
1997
2081
2148
2201
2241
2297
2358
2410
2458
2472
2444
2382
2317
2263
2235
2205
2171
2163
2170
2188
2200
2215
2236
2244
2245
2228
2206
2181
2175
2165
2154
2141
2133
2154
2177
2203
2205
2233
2254
2298
2336
2382
2422
2453
2459
2444
2429
2394
2356
2323
2300
2263
2234
2211
2164
2111
2095
2067
2045
1991
1996
2034
2080
2113
2144
2157
2164
2145
2129
2104
2106
2104
2114
2131
2144
2158
2164
2162
2128
2110
2067
2046
2022
2027
2046
2096
2147
2208
2262
2308
2349
2375
2378
2391
2396
2375
2357
2321
2310
2295
2290
2288
2299
2323
2350
2397
2429
2451
2454
2451
2444
2427
2437
2453
2461
2462
2452
2455
2468
2449
2437
2395
2377
2340
2331
2310
2285
2250
2224
2189
2197
2207
2232
2266
2291
2304
2327
2363
2406
2437
2459
2471
2462
2442
2422
2439
2426
2425
2402
2405
2415
2419
2402
2397
2395
2395
2387
2392
2407
2424
2455
2489
2519
2551
2550
2539
2533
2523
2514
2515
2514
2490
2466
2405
2343
2304
2292
2300
2303
2319
2349
2378
2412
2437
2467
2520
2554
2580
2577
2555
2525
2499
2475
2471
2471
2474
2486
2461
2445
2414
2388
2349
2307
2269
2246
2226
2220
2239
2250
2263
2263
2246
2216
2176
2144
2092
2026
1953
1882
1827
1786
1737
1729
1761
1793
1852
1923
1994
2054
2138
2198
2247
2296
2336
2360
2372
2353
2323
2333
2340
2338
2327
2329
2328
2321
2285
2256
2229
2217
2192
2189
2177
2154
2149
2154
2159
2147
2138
2110
2076
2034
2003
1957
1915
1888
1899
1934
1987
2051
2101
2121
2145
2164
2189
2209
2206
2187
2177
2163
2158
2147
2132
2110
2093
2052
2017
1992
1994
1988
1993
1991
2003
2008
2036
2063
2074
2081
2083
2086
2082
2063
2028
1992
1943
1909
1845
1802
1747
1738
1705
1689
1637
1621
1625
1647
1681
1727
1794
1812
1835
1861
1869
1859
1833
1771
1710
1678
1676
1674
1689
1688
1701
1720
1781
1821
1868
1911
1966
2001
2044
2058
2083
2073
2088
2100
2081
2072
2047
2048
2046
2032
2001
1953
1914
1887
1836
1766
1653
1578
1539
1518
1496
1491
1513
1543
1591
1645
1675
1691
1708
1743
1763
1771
1774
1814
1850
1901
1935
1952
1921
1889
1819
1767
1726
1702
1691
1661
1623
1597
1609
1615
1628
1628
1619
1593
1578
1557
1547
1548
1535
1513
1501
1487
1497
1504
1501
1533
1551
1585
1622
1688
1738
1792
1861
1905
1937
1980
2005
2039
2074
2123
2141
2176
2184
2159
2115
2054
1959
1861
1723
1637
1599
1594
1596
1631
1662
1679
1684
1695
1722
1756
1809
1855
1888
1894
1936
1951
1953
1959
1965
1954
1919
1861
1777
1718
1694
1730
1769
1824
1893
1944
1996
2031
2015
1939
1845
1746
1653
1565
1513
1517
1537
1567
1604
1637
1630
1623
1581
1572
1546
1546
1567
1616
1655
1687
1727
1743
1743
1761
1775
1789
1797
1814
1851
1896
1949
1988
2049
2122
2204
2265
2345
2367
2373
2341
2327
2308
2304
2280
2232
2174
2135
2107
2137
2186
2228
2272
2311
2345
2348
2362
2353
2342
2326
2329
2310
2280
2231
2189
2135
2089
2037
1988
1934
1919
1929
1952
1977
2002
2035
2064
2106
2116
2130
2145
2131
2124
2133
2158
2166
2186
2210
2233
2249
2253
2264
2258
2248
2229
2199
2169
2142
2117
2118
2133
2186
2223
2256
2256
2231
2192
2163
2145
2147
2149
2138
2114
2109
2093
2068
2025
1970
1933
1913
1907
1912
1901
1898
1927
1940
1949
1931
1933
1956
1995
2022
2051
2073
2053
1995
1946
1896
1884
1869
1849
1838
1834
1835
1843
1877
1909
1971
2008
2062
2075
2068
2055
2054
2025
1963
1891
1824
1772
1754
1767
1809
1870
1935
1994
2062
2120
2154
2169
2161
2162
2168
2175
2184
2193
2198
2185
2170
2135
2085
2035
2000
1964
1943
1938
1939
1951
1966
1958
1965
1962
1965
1980
1973
1989
2008
2044
2035
2006
1976
1942
1920
1914
1934
1968
2017
2030
2023
1993
1969
1947
1948
1959
1939
1916
1895
1889
1889
1910
1946
1959
1967
1975
1992
2040
2126
2176
2206
2230
2274
2320
2336
2350
2347
2318
2284
2267
2247
2235
2202
2209
2208
2227
2223
2217
2164
2125
2056
2013
1993
1979
1976
1959
1925
1910
1934
1943
1948
1954
1951
1935
1967
1986
1989
1969
1959
1965
2010
2067
2115
2102
2058
2014
2014
2015
2021
2024
2014
1986
1939
1909
1898
1900
1891
1887
1903
1948
1972
2007
2010
1994
1959
1895
1783
1698
1613
1525
1436
1361
1317
1315
1365
1448
1535
1618
1709
1808
1906
1992
2025
2040
2034
2052
2032
2005
1972
1956
1952
1957
1980
1990
1994
1985
1973
1953
1911
1851
1790
1751
1748
1742
1761
1796
1891
2001
2079
2102
2087
2046
2002
1960
1920
1896
1873
1873
1863
1851
1852
1867
1899
1941
1967
2005
2013
2038
2059
2097
2117
2114
2102
2098
2098
2095
2077
2068
2074
2075
2086
2094
2072
2043
2013
1986
1935
1889
1832
1781
1763
1803
1875
1957
2074
2146
2214
2267
2306
2299
2292
2259
2221
2211
2186
2146
2088
2013
1945
1898
1903
1927
1994
2046
2084
2104
2107
2091
2074
2035
1986
1913
1864
1805
1783
1786
1807
1856
1887
1915
1930
1956
1972
2016
2044
2084
2113
2171
2222
2253
2242
2239
2190
2119
2060
2041
2031
2019
2015
1997
1991
1984
1995
2008
2032
2035
2069
2095
2144
2140
2128
2133
2125
2093
2063
2027
2013
2017
2055
2090
2135
2188
2239
2288
2322
2330
2302
2299
2284
2276
2263
2248
2190
2119
2029
1976
1935
1926
1933
1947
1979
1995
2010
2036
2085
2143
2215
2262
2320
2371
2401
2422
2435
2429
2440
2440
2416
2380
2316
2242
2170
2113
2081
2046
2035
2042
2035
2034
2025
2038
2060
2066
2051
2042
2039
2038
2049
2031
2020
1999
2010
2022
2023
2021
2023
2062
2085
2066
2015
1959
1889
1840
1799
1787
1781
1776
1789
1820
1863
1913
1938
1943
1894
1848
1814
1824
1814
1788
1738
1708
1677
1683
1681
1672
1670
1679
1701
1696
1700
1693
1717
1747
1786
1803
1817
1812
1829
1837
1851
1846
1841
1887
1928
1997
2039
2073
2078
2091
2084
2059
2025
2006
1951
1903
1864
1860
1864
1872
1891
1892
1905
1933
1967
1948
1897
1823
1771
1746
1734
1738
1742
1743
1737
1699
1645
1603
1589
1614
1660
1693
1695
1694
1683
1679
1668
1641
1610
1592
1582
1574
1585
1596
1595
1571
1539
1523
1544
1582
1633
1659
1669
1678
1709
1733
1759
1757
1749
1716
1700
1676
1667
1685
1709
1775
1844
1939
1988
2002
1956
1864
1719
1554
1393
1302
1245
1229
1209
1213
1267
1367
1478
1615
1735
1825
1889
1927
1942
1921
1902
1864
1804
1710
1602
1562
1579
1600
1663
1724
1775
1806
1862
1909
1984
2051
2100
2159
2201
2214
2191
2179
2159
2136
2099
2060
2034
2048
2069
2072
2067
2052
2043
2054
2080
2097
2100
2126
2154
2167
2147
2091
2045
2006
1985
1944
1924
1897
1884
1882
1911
1959
2025
2100
2158
2195
2230
2252
2254
2249
2263
2267
2252
2203
2131
2091
2079
2082
2112
2117
2099
2111
2131
2144
2159
2186
2207
2225
2231
2243
2266
2266
2263
2245
2265
2276
2295
2322
2336
2332
2317
2291
2235
2187
2121
2054
1976
1899
1827
1777
1735
1760
1816
2148
2210
2275
2342
2376
2385
2390
2373
2373
2358
2323
2278
2240
2177
2154
2101
2069
2031
2032
2043
2073
2075
2076
2060
2058
2066
2075
2060
2071
2093
2118
2150
2206
2277
2352
2401
2418
2456
2460
2461
2446
2436
2409
2382
2372
2355
2341
2322
2290
2260
2243
2224
2220
2223
2245
2291
2343
2378
2416
2452
2484
2505
2502
2520
2535
2546
2540
2546
2545
2539
2520
2490
2453
2414
2370
2342
2319
2325
2335
2354
2359
2324
2271
2213
2152
2093
2082
2061
2080
2082
2117
2144
2206
2259
2284
2279
2277
2255
2237
2245
2242
2237
2203
2155
2084
2025
1971
1939
1923
1939
1948
1975
2010
2077
2156
2209
2215
2221
2214
2210
2205
2207
2212
2228
2219
2214
2210
2199
2195
2182
2201
2201
2202
2191
2195
2207
2255
2277
2298
2309
2316
2279
2224
2158
2104
2050
1994
1953
1935
1961
1985
1997
2006
2017
2041
2061
2063
2043
2042
2043
2034
1991
1940
1898
1880
1907
1957
2043
2145
2230
2293
2332
2372
2396
2381
2365
2364
2352
2332
2316
2273
2220
2178
2131
2075
2045
2022
2042
2056
2117
2170
2221
2239
2252
2252
2248
2239
2218
2222
2200
2196
2174
2168
2150
2154
2171
2181
2197
2244
2298
2347
2365
2391
2373
2353
2340
2309
2274
2225
2168
2105
2062
2050
2059
2075
2103
2097
2101
2125
2195
2223
2233
2212
2206
2177
2162
2140
2125
2116
2101
2107
2105
2121
2151
2194
2228
2247
2244
2259
2264
2287
2297
2308
2303
2308
2304
2299
2298
2302
2290
2253
2154
2101
2045
2014
1999
2011
2049
2077
2099
2121
2144
2119
2107
2080
2093
2082
2076
2067
2063
2060
2060
2067
2070
2067
2068
2053
2055
2081
2141
2191
2206
2194
2180
2198
2232
2252
2274
2267
2267
2259
2280
2290
2292
2280
2242
2208
2165
2123
2096
2119
2125
2146
2163
2187
2206
2243
2260
2228
2164
2082
2005
1972
1959
1960
1998
2039
2087
2128
2181
2229
2250
2253
2261
2275
2295
2308
2332
2321
2325
2334
2329
2298
2266
2222
2218
2246
2294
2325
2356
2351
2347
2363
2362
2369
2358
2349
2301
2271
2254
2259
2266
2297
2327
2383
2440
2480
2484
2492
2514
2523
2521
2517
2526
2529
2499
2491
2497
2497
2506
2506
2488
2464
2449
2440
2445
2434
2395
2354
2312
2276
2243
2199
2176
2182
2190
2195
2256
2287
2316
2322
2331
2321
2329
2337
2340
2336
2338
2341
2351
2334
2295
2233
2157
2073
2009
1967
1943
1945
1958
1963
1975
1982
2010
2066
2103
2131
2144
2144
2145
2153
2150
2184
2192
2223
2250
2298
2306
2302
2310
2334
2318
2293
2235
2180
2093
2057
2009
1969
1945
1953
2004
2073
2149
2174
2183
2160
2135
2045
1978
1932
1892
1865
1827
1809
1813
1832
1893
1942
1992
1988
1959
1898
1848
1827
1831
1837
1835
1821
1791
1786
1801
1843
1875
1888
1884
1887
1879
1870
1864
1875
1888
1877
1848
1843
1848
1888
1974
2067
2143
2177
2226
2249
2270
2286
2265
2211
2107
2007
1904
1829
1752
1707
1688
1705
1759
1827
1910
1981
2040
2070
2077
2055
2031
1982
1897
1838
1798
1748
1666
1566
1453
1322
1172
47.29248047
1.662890553
999
