5835
2255
2256
2299
2267
2291
2272
2298
2244
2268
2244
2285
2261
2271
2219
2267
2260
2288
2247
2286
2274
2303
2261
2293
2277
2334
2295
2309
2271
2275
2249
2251
2212
2241
2239
2273
2256
2265
2256
2292
2293
2302
2276
2278
2299
2301
2296
2306
2314
2346
2354
2336
2336
2336
2362
2341
2338
2309
2327
2306
2346
2305
2311
2300
2344
2313
2313
2268
2307
2289
2324
2283
2307
2302
2348
2312
2351
2322
2388
2341
2367
2310
2363
2333
2387
2324
2354
2318
2349
2285
2311
2260
2330
2290
2324
2263
2313
2295
2353
2307
2344
2288
2344
2299
2319
2266
2320
2305
2339
2297
2320
2280
2318
2275
2306
2280
2318
2300
2315
2276
2306
2283
2325
2292
2314
2295
2344
2308
2324
2283
2325
2310
2332
2296
2330
2320
2343
2292
2287
2244
2283
2284
2296
2254
2286
2270
2310
2275
2299
2276
2321
2286
2305
2269
2312
2277
2298
2258
2269
2254
2301
2252
2278
2250
2303
2315
2337
2298
2316
2319
2333
2294
2291
2263
2283
2245
2249
2203
2239
2227
2229
2210
2203
2210
2235
2216
2219
2192
2204
2235
2222
2226
2222
2213
2198
2188
2161
2174
2174
2196
2186
2200
2212
2233
2191
2214
2172
2240
2219
2253
2210
2261
2212
2284
2216
2258
2193
2249
2190
2230
2171
2195
2144
2188
2134
2161
2095
2143
2123
2171
2147
2179
2143
2196
2143
2156
2131
2154
2156
2160
2105
2105
2087
2095
2084
2082
2047
2080
2078
2088
2060
2080
2107
2119
2106
2098
2101
2121
2175
2153
2155
2167
2172
2200
2198
2183
2157
2155
2147
2153
2119
2110
2105
2132
2132
2127
2077
2110
2091
2121
2093
2127
2105
2148
2127
2157
2107
2131
2107
2132
2066
2106
2062
2099
2055
2082
2016
2047
2002
2048
1979
2000
1958
2031
1986
2031
1992
2064
2032
2085
2025
2067
2042
2114
2070
2134
2105
2161
2127
2171
2106
2145
2101
2134
2109
2124
2087
2122
2083
2087
2036
2050
2048
2072
2060
2067
2057
2100
2084
2101
2108
2083
2119
2096
2079
2038
2047
1999
2025
1960
1988
1963
2027
2003
2036
2009
2074
2073
2106
2057
2080
2072
2122
2078
2093
2044
2110
2091
2121
2059
2094
2062
2107
2049
2089
2049
2115
2060
2099
2063
2081
2054
2087
2046
2078
2052
2106
2096
2119
2075
2087
2068
2095
2041
2050
2024
2048
2024
2035
2024
2058
2058
2095
2093
2089
2091
2114
2096
2096
2065
2092
2080
2079
2071
2060
2071
2082
2070
2058
2057
2035
2068
2044
2038
2015
2028
2022
2018
1973
1983
1950
1991
1955
1977
1941
1979
1965
1976
1907
1917
1877
1924
1864
1904
1833
1870
1854
1925
1864
1894
1862
1914
1895
1901
1837
1871
1856
1890
1841
1884
1880
1932
1907
1935
1927
1978
1967
1980
1957
1956
1965
1978
1935
1945
1926
1919
1937
1886
1877
1845
1862
1838
1833
1795
1824
1813
1839
1806
1841
1834
1884
1846
1884
1827
1862
1836
1893
1856
1900
1860
1917
1912
1950
1890
1930
1890
1946
1915
1931
1864
1903
1875
1895
1846
1865
1829
1855
1829
1838
1822
1885
1870
1882
1867
1875
1896
1910
1887
1892
1880
1915
1901
1897
1891
1909
1924
1939
1926
1947
1979
2010
2014
1999
1985
1987
1967
1947
1927
1921
1930
1924
1915
1912
1912
1944
1953
1938
1964
1977
2003
1985
1980
1967
1966
1947
1941
1885
1885
1871
1880
1857
1879
1842
1892
1882
1914
1879
1914
1915
1959
1906
1958
1908
1969
1937
1993
1939
1996
1965
2007
1931
1976
1929
2006
1960
2011
1947
1979
1944
1979
1902
1940
1888
1939
1924
1952
1913
1976
1954
1996
1942
1987
1978
2002
1982
1997
1971
2007
1997
2007
1998
2000
2029
2049
2031
2034
2042
2050
2123
2103
2125
2110
2180
2187
2202
2165
2189
2153
2181
2122
2138
2086
2137
2078
2112
2053
2107
2083
2149
2096
2153
2110
2173
2149
2197
2159
2220
2185
2209
2168
2193
2150
2193
2164
2197
2162
2216
2208
2232
2200
2202
2165
2197
2150
2147
2092
2080
2062
2046
2003
1991
1980
2007
1994
1974
1958
1950
1963
1971
1960
1957
1948
1953
1962
1943
1956
1983
2008
2008
2013
1972
1981
1955
1964
1922
1915
1906
1938
1935
1966
1942
2013
2025
2062
2015
2058
1999
2066
2030
2050
1982
2029
1995
2031
1974
1994
1950
2029
1994
2042
2007
2040
2045
2091
2061
2070
2062
2110
2076
2094
2102
2086
2112
2127
2124
2100
2115
2080
2130
2079
2101
2050
2106
2064
2082
2025
2057
2014
2096
2048
2121
2050
2125
2087
2146
2097
2148
2105
2154
2092
2136
2111
2116
2116
2149
2127
2148
2140
2178
2185
2164
2168
2139
2155
2139
2137
2128
2146
2118
2171
2133
2156
2157
2203
2184
2243
2198
2224
2199
2249
2198
2214
2174
2209
2186
2206
2159
2188
2188
2226
2165
2176
2126
2152
2122
2142
2086
2089
2064
2082
2072
2075
2046
2075
2067
2079
2055
2078
2094
2122
2127
2121
2116
2147
2152
2149
2152
2111
2123
2114
2119
2080
2082
2052
2118
2079
2107
2073
2127
2115
2151
2106
2146
2090
2145
2098
2111
2051
2095
2049
2090
2016
2049
1991
2053
2030
2075
2047
2067
2058
2079
2063
2069
2031
2075
2071
2052
2051
2028
2037
2039
2035
2008
2006
1959
1988
1941
1964
1908
1941
1909
1952
1881
1916
1863
1929
1852
1905
1830
1879
1838
1878
1798
1819
1781
1841
1782
1807
1779
1776
1794
1834
1825
1847
1844
1857
1898
1869
1882
1876
1922
1922
1917
1889
1903
1893
1945
1904
1936
1901
1934
1894
1925
1834
1867
1825
1892
1845
1892
1843
1881
1872
1919
1873
1907
1895
1935
1915
1932
1889
1915
1900
1917
1878
1901
1899
1931
1930
1940
1916
1940
1933
1946
1945
1943
1938
1948
1941
1954
1959
2000
2014
2011
2026
2010
2036
2053
2047
2027
2038
1968
1995
1969
1975
1921
1920
1894
1874
1797
1809
1745
1789
1745
1765
1706
1749
1717
1796
1755
1814
1781
1860
1839
1879
1862
1861
1848
1895
1885
1882
1871
1876
1909
1916
1941
1918
1932
1942
1947
1926
1959
1895
1953
1898
1927
1861
1916
1881
1947
1884
1926
1865
1944
1895
1937
1919
1973
1949
2012
1976
2027
1991
2086
2059
2080
2045
2036
2037
2059
2023
2044
2048
1997
2015
1997
2006
1971
1977
1955
1954
1913
1945
1903
1965
1938
1964
1922
1933
1900
1930
1865
1878
1825
1870
1834
1876
1823
1859
1869
1918
1896
1923
1891
1916
1914
1939
1902
1924
1944
1998
1972
2015
2013
2051
2070
2081
2051
2048
2054
2058
2073
2055
2047
2048
2055
2060
2049
2022
2052
2056
2068
2037
2045
2037
2053
2026
2040
1983
2016
1999
2029
1985
2038
2026
2118
2097
2153
2132
2204
2181
2210
2173
2197
2154
2197
2143
2171
2121
2162
2132
2145
2107
2107
2092
2136
2131
2154
2160
2136
2169
2165
2178
2149
2150
2151
2173
2131
2173
2106
2168
2116
2152
2090
2115
2065
2116
2068
2118
2049
2111
2066
2109
2063
2095
2060
2139
2090
2128
2080
2108
2111
2129
2099
2083
2062
2090
2046
2041
2054
2026
2066
2064
2076
2083
2124
2099
2163
2116
2150
2126
2184
2140
2163
2120
2157
2120
2172
2095
2140
2114
2180
2159
2188
2139
2167
2144
2162
2093
2114
2100
2131
2121
2135
2092
2106
2087
2109
2089
2077
2043
2056
2057
2045
2026
2032
2056
2071
2089
2082
2101
2099
2102
2094
2112
2084
2105
2096
2124
2106
2104
2098
2110
2100
2132
2102
2127
2115
2149
2106
2150
2111
2169
2153
2184
2117
2148
2124
2151
2115
2143
2085
2140
2105
2134
2084
2095
2083
2107
2078
2076
2027
2060
2035
2023
2023
1996
2026
2031
2022
1982
1972
1926
1990
1940
1969
1931
2011
2002
2059
2036
2095
2059
2132
2079
2114
2050
2129
2087
2123
2063
2088
2048
2106
2069
2099
2074
2086
2075
2074
2042
2072
2053
2085
2072
2046
2059
2045
2066
2050
2044
2002
2005
1978
2031
1992
2017
1996
2078
2075
2108
2059
2086
2050
2097
2055
2086
2059
2089
2061
2101
2061
2066
2029
2070
2021
2026
1983
1988
1984
2018
1993
2014
1995
2000
2010
2025
2005
2011
2005
2020
1981
1975
1965
1985
1987
1955
1936
1947
1958
1960
1973
1951
1963
1984
2026
2011
2032
1996
2038
1999
2020
1960
1999
1979
2022
1998
2036
1999
2062
2031
2071
2018
2068
2029
2086
2035
2074
2022
2090
2073
2116
2078
2085
2055
2087
2061
2076
2048
2087
2078
2057
2059
2031
2046
2035
2048
2020
2019
1957
1993
1944
1985
1925
1960
1938
2012
1969
2032
1969
2037
1993
2033
1961
2006
1977
2029
1976
2031
1987
2074
2049
2106
2098
2124
2130
2163
2134
2160
2112
2125
2163
2142
2127
2085
2111
2094
2073
2042
2067
2023
2056
2005
2019
1975
2011
1977
2039
1984
2025
1999
2065
2018
2035
1995
2023
2003
2046
2007
2048
2026
2071
2037
2037
2000
2024
2024
2059
2024
2063
2064
2096
2112
2108
2100
2108
2109
2112
2102
2101
2098
2099
2105
2097
2087
2086
2086
2103
2144
2136
2156
2147
2172
2135
2137
2073
2074
2031
2065
2004
2019
1974
2023
2015
2057
2013
2066
2055
2125
2082
2123
2114
2163
2160
2177
2129
2170
2169
2191
2195
2171
2160
2170
2173
2160
2129
2092
2109
2095
2113
2059
2058
2042
2093
2064
2126
2063
2124
2090
2142
2078
2111
2079
2146
2080
2120
2068
2139
2116
2168
2115
2138
2108
2143
2093
2099
2050
2078
2027
2021
1990
1986
1969
1986
1970
1970
1990
1968
2022
2037
2078
2053
2076
2096
2120
2084
2098
2051
2083
2041
2055
2020
2038
2006
2065
2027
2061
2036
2100
2082
2117
2098
2100
2054
2067
2018
2031
1982
2018
2025
2043
2018
2037
2027
2084
2053
2077
2056
2041
2037
2037
2013
2016
2001
1994
2015
1988
1975
1964
1977
1968
1950
1914
1935
1934
1978
1947
1935
1926
1969
1947
1988
1926
1970
1949
2017
1991
2045
2022
2087
2062
2098
2043
2080
2035
2076
2023
2034
1982
2013
1989
2014
1966
2005
2000
2021
2005
2003
1983
1985
1981
1984
1989
1962
1993
1992
2007
1987
1988
1989
2029
1974
2023
1956
2001
1979
2048
1987
2056
2002
2069
2036
2079
2020
2095
2063
2133
2081
2087
2039
2092
2052
2082
2061
1990
2034
1957
1967
1909
1950
1901
1948
1915
1950
1941
1975
1925
1952
1944
2003
1971
1978
1965
1999
2006
2016
1977
1995
1984
1995
1996
1973
1968
1975
2018
2023
2032
1999
2013
2002
2022
1992
2003
2005
1995
1959
1966
1921
1953
1955
1989
1972
2002
1974
2019
1987
2000
1932
1931
1890
1912
1858
1889
1853
1920
1926
1977
1948
1993
1991
2042
2014
2037
2009
2061
2044
2048
2038
2031
2035
2044
2025
2015
1991
1969
2014
2011
2032
2008
2046
2060
2060
2019
2057
1990
2047
1996
2028
1956
2020
1986
2048
1997
2038
2011
2093
2040
2074
2041
2084
2071
2120
2075
2088
2039
2101
2056
2043
2020
2008
2027
2040
1998
2023
2036
2026
2077
2039
2045
2028
2077
2081
2107
2078
2123
2103
2140
2104
2146
2116
2171
2140
2184
2126
2148
2107
2152
2094
2130
2092
2133
2143
2189
2159
2189
2170
2189
2179
2184
2150
2155
2139
2160
2111
2083
2068
2064
2056
2031
2011
2024
2034
2015
2035
2014
2006
2021
2059
2056
2052
2034
2067
2067
2086
2057
2067
2079
2097
2062
2078
2020
2056
2043
2071
2027
2060
2025
2093
2066
2099
2051
2098
2079
2114
2096
2120
2102
2156
2115
2127
2066
2097
2052
2067
2046
2039
2041
2058
2033
2031
2027
1983
2004
1996
2012
2007
2035
2057
2093
2054
2106
2054
2134
2105
2170
2112
2180
2137
2200
2139
2195
2146
2211
2159
2215
2153
2187
2168
2232
2186
2226
2181
2197
2205
2213
2184
2194
2186
2214
2186
2177
2189
2165
2205
2203
2204
2179
2208
2170
2206
2131
2133
2075
2123
2083
2108
2061
2087
2048
2097
2021
2057
2024
2095
2063
2081
2028
2060
2059
2091
2033
2046
2011
2033
2023
2024
2002
2021
2032
2088
2093
2091
2105
2130
2160
2140
2112
2098
2076
2042
2029
1987
1979
1968
1984
1972
2007
1993
2024
2030
2094
2082
2106
2076
2097
2054
2067
2010
2020
1990
2025
1979
2001
1959
2013
2005
2037
1987
2017
1999
2032
2020
2010
1974
1998
1996
2027
1993
2006
2003
2031
2038
2021
2017
2050
2072
2074
2097
2062
2094
2079
2090
2048
2047
2002
2048
1982
1995
1909
1980
1952
2021
1978
2007
1969
2060
2026
2075
2044
2120
2074
2135
2106
2155
2122
2180
2173
2190
2189
2183
2203
2210
2201
2208
2201
2216
2224
2192
2193
2143
2162
2117
2100
2054
2075
2039
2093
2034
2047
2003
2060
2030
2073
2038
2065
2029
2085
2050
2089
2048
2092
2071
2087
2023
2025
1986
2027
1982
1997
1967
1991
2010
2051
2027
2054
2060
2093
2093
2087
2059
2073
2083
2084
2046
2034
2018
2015
2020
1996
1975
1991
1997
1995
1998
1956
1967
1986
1994
1974
1996
1991
2046
2042
2076
2033
2079
2068
2107
2067
2093
2052
2109
2079
2111
2060
2092
2054
2104
2054
2084
2035
2101
2068
2103
2061
2062
2043
2069
2033
2053
2024
2059
2030
2017
1989
1964
1952
1936
1902
1876
1858
1812
1851
1806
1808
1750
1779
1753
1775
1703
1735
1681
1758
1720
1771
1720
1801
1782
1857
1800
1842
1800
1881
1837
1865
1820
1834
1831
1888
1847
1856
1813
1820
1863
1853
1855
1858
1899
1927
1932
1929
1960
1946
2004
1970
1971
1919
1941
1869
1879
1813
1817
1788
1839
1783
1822
1805
1883
1873
1924
1878
1921
1906
1965
1947
1984
1961
2005
2004
2042
2025
2063
2063
2115
2106
2119
2095
2121
2105
2103
2086
2074
2053
2045
2032
2021
1987
1997
1977
1976
1973
1938
1928
1939
1934
1917
1933
1904
1959
1950
1976
1965
1984
1999
2044
2005
2027
1988
2043
2019
2060
2006
2064
2029
2093
2054
2100
2068
2138
2112
2154
2112
2143
2138
2177
2135
2151
2098
2104
2111
2100
2083
2073
2082
2108
2083
2066
2097
2058
2108
2087
2088
2055
2091
2037
2093
2008
2029
1970
2031
1986
2026
2000
2058
2037
2105
2061
2120
2067
2112
2062
2085
2046
2086
2075
2115
2068
2102
2094
2108
2117
2118
2119
2136
2131
2123
2096
2057
2045
2014
2046
2028
2022
1989
2004
1971
2004
1976
1997
1991
2031
2012
2048
1994
2031
2010
2048
1991
2015
1989
2035
2008
2025
1996
2040
2018
2040
1992
2031
2012
2068
2045
2073
2044
2079
2070
2079
2068
2067
2043
2075
2062
2057
2009
2001
2012
2014
2007
1980
1968
1984
1982
1956
1972
1948
1989
2002
2012
1991
2026
2007
2063
2002
2023
1951
1981
1944
1967
1923
1961
1918
1996
1963
2008
1948
2013
1963
2011
1958
1981
1934
1992
1929
1951
1896
1903
1907
1919
1899
1923
1914
1966
1973
1971
1982
1963
2006
2006
2005
1982
1998
1963
2032
2000
2038
1988
2047
2036
2082
1993
2017
1960
2018
1947
1983
1914
2000
1986
2041
1987
2027
2006
2071
2010
2059
2019
2044
2043
2082
2018
2032
2015
2040
2058
2042
2017
2038
2043
2058
2029
2029
2046
2043
2072
2038
2035
2023
2058
2004
2039
1998
2019
1991
2040
2011
2015
1978
2013
2001
2040
2010
2046
2022
2058
2033
2048
2002
2026
1999
2025
1980
2011
1993
2062
2065
2095
2048
2095
2080
2122
2112
2124
2095
2146
2132
2145
2096
2126
2101
2105
2099
2082
2082
2094
2105
2096
2092
2039
2067
2052
2070
2029
2032
2023
2051
1982
2008
1947
2017
1994
2041
1983
2040
1985
2082
2033
2084
2032
2114
2068
2158
2105
2135
2092
2138
2086
2102
2029
2041
2026
2057
2025
2022
2012
2050
2018
2034
2028
2013
2049
2056
2055
2050
2079
2075
2112
2079
2092
2076
2104
2101
2105
2096
2126
2119
2152
2131
2152
2133
2169
2139
2156
2116
2143
2128
2166
2123
2143
2128
2164
2162
2192
2146
2162
2139
2200
2182
2207
2158
2196
2175
2226
2177
2199
2161
2210
2189
2221
2182
2229
2216
2267
2226
2213
2164
2188
2163
2174
2123
2158
2142
2164
2161
2144
2145
2175
2179
2162
2158
2116
2139
2140
2148
2115
2140
2144
2184
2147
2198
2139
2196
2158
2184
2126
2176
2117
2179
2108
2134
2054
2109
2066
2108
2024
2040
2001
2070
2045
2094
2055
2100
2098
2120
2082
2100
2076
2106
2067
2074
2055
2051
2061
2084
2059
2064
2063
2075
2103
2090
2093
2076
2088
2090
2067
2072
2081
2079
2093
2096
2093
2085
2085
2060
2081
2046
2035
2043
2072
2048
2049
2048
2096
2099
2138
2112
2121
2116
2150
2131
2154
2093
2124
2091
2121
2047
2063
2009
2079
2031
2064
1996
2063
2041
2086
2042
2083
2030
2104
2069
2129
2086
2146
2115
2148
2102
2104
2054
2077
2003
2002
1963
1941
1941
1949
1927
1933
1933
1969
1980
1960
1989
1975
2009
2009
2028
2025
2047
2028
2066
2048
2082
2063
2092
2085
2101
2079
2098
2085
2112
2096
2092
2054
2059
2039
2076
2051
2070
2063
2112
2117
2176
2138
2170
2153
2202
2147
2154
2105
2134
2102
2138
2084
2120
2093
2141
2079
2129
2056
2111
2067
2106
2053
2108
2075
2133
2106
2150
2102
2180
2162
2208
2128
2144
2135
2155
2129
2135
2114
2160
2138
2157
2153
2127
2145
2166
2153
2145
2127
2107
2159
2159
2181
2171
2195
2216
2221
2218
2254
2223
2282
2266
2293
2275
2298
2267
2320
2284
2290
2269
2296
2273
2282
2240
2270
2228
2270
2235
2252
2223
2256
2234
2277
2232
2249
2224
2259
2222
2255
2223
2280
2245
2291
2247
2259
2230
2286
2247
2297
2228
2278
2258
2303
2221
2254
2203
2279
2254
2288
2236
2286
2247
2281
2219
2228
2178
2236
2198
2220
2162
2214
2191
2202
2174
2151
2124
2162
2141
2123
2096
2059
2082
2079
2073
2057
2069
2105
2133
2113
2119
2097
2136
2130
2121
2086
2100
2080
2128
2096
2094
2059
2076
2072
2065
2021
2037
2033
2078
2057
2071
2088
2126
2115
2159
2135
2140
2119
2134
2092
2072
1992
1999
1962
1974
1914
1919
1900
1946
1900
1945
1891
1951
1935
1997
1937
1996
1939
2006
1974
2018
1950
2006
1965
2018
1959
1988
1935
1997
1970
2002
1946
1991
1971
2027
2016
2022
1992
2059
2055
2098
2118
2113
2113
2150
2140
2143
2100
2080
2080
2074
2060
2049
2056
2085
2084
2086
2097
2095
2109
2131
2128
2138
2130
2134
2151
2142
2116
2098
2085
2079
2048
2047
2046
2038
2077
2081
2102
2114
2144
2154
2182
2150
2167
2143
2167
2144
2142
2081
2122
2105
2140
2105
2139
2126
2175
2122
2185
2130
2195
2185
2231
2186
2227
2201
2259
2223
2257
2199
2226
2181
2215
2160
2188
2113
2144
2115
2146
2092
2139
2116
2165
2120
2137
2095
2135
2102
2116
2095
2104
2084
2121
2052
2064
2011
2060
2030
2079
2026
2046
2026
2103
2054
2089
2043
2080
2051
2100
2055
2097
2063
2128
2076
2000
2025
1991
2059
2011
2048
2002
2030
2033
2067
2040
2070
2064
2121
2080
2089
2081
2071
2070
2078
2062
2074
2064
2062
2067
2052
2037
2030
2025
2029
2011
2010
2015
2039
2070
2077
2083
2112
2124
2133
2151
2139
2110
2108
2079
2058
2009
2032
2031
2050
2055
2060
2052
2091
2110
2138
2155
2132
2149
2171
2173
2167
2162
2136
2179
2163
2175
2146
2183
2180
2188
2153
2191
2156
2200
2162
2178
2125
2143
2080
2120
2071
2090
2051
2103
2059
2069
2005
2045
2011
2081
2039
2078
2073
2121
2080
2100
2050
2062
2031
2055
2025
2037
2003
2043
2030
2068
2035
2056
2051
2079
2059
2102
2065
2111
2095
2141
2097
2120
2084
2142
2103
2149
2084
2120
2074
2104
2038
2081
2014
2087
2045
2097
2040
2107
2088
2168
2110
2151
2098
2152
2097
2135
2085
2099
2075
2106
2057
2081
2040
2085
2036
2044
1988
1999
1979
2009
1955
1954
1924
1945
1929
1947
1908
1932
1924
1943
1914
1919
1914
1941
1939
1959
1929
1966
1933
1972
1940
1948
1902
1946
1912
1922
1883
1887
1863
1902
1890
1927
1902
1963
1961
1965
1950
1948
1946
1985
1995
2023
2012
1989
2012
2005
2012
2025
2044
2074
2095
2073
2099
2097
2132
2105
2108
2072
2063
2027
2065
2027
2046
2033
2075
2082
2088
2040
2037
2017
2038
2002
2002
1987
2011
2012
2041
2009
2009
2018
2043
2024
2043
1988
2029
2033
2039
2003
2023
2017
2031
1986
2015
1968
2030
2015
2048
2009
2069
2023
2092
2054
2109
2067
2135
2098
2150
2069
2106
2037
2094
2019
2054
1993
2056
2008
2054
1989
2024
1964
2035
1973
2021
1975
1993
1971
2027
1983
2024
1979
2021
2028
2073
2049
2068
2061
2131
2101
2136
2112
2125
2122
2145
2112
2132
2101
2108
2082
2088
2040
2071
2047
2059
1995
2021
1995
2042
2013
2039
1996
2046
2029
2048
2009
2001
1973
2032
2011
2042
1990
2026
2052
2075
2046
2059
2053
2102
2064
2073
2078
2082
2111
2130
2129
2121
2132
2136
2196
2175
2187
2171
2207
2205
2192
2162
2171
2127
2153
2090
2093
2050
2082
2046
2082
2041
2049
2029
2063
2032
2049
2014
2046
2043
2072
2048
2063
2075
2115
2111
2154
2119
2164
2156
2170
2140
2155
2135
2164
2127
2152
2096
2128
2100
2168
2126
2152
2094
2166
2139
2179
2113
2148
2109
2181
2135
2173
2093
2152
2119
2160
2133
2160
2112
2177
2132
2163
2098
2163
2149
2176
2137
2154
2149
2217
2194
2202
2189
2192
2217
2223
2203
2200
2200
2227
2228
2214
2220
2207
2223
2228
2211
2222
2234
2238
2253
2227
2221
2230
2236
2251
2220
2199
2193
2209
2218
2213
2195
2209
2218
2218
2232
2222
2222
2233
2245
2230
2225
2179
2197
2173
2187
2153
2159
2160
2201
2153
2184
2137
2192
2186
2211
2166
2211
2150
2230
2182
2237
2171
2242
2219
2267
2216
2272
2213
2282
2231
2263
2184
2228
2198
2247
2182
2211
2173
2220
2169
2206
2162
2179
2180
2219
2172
2173
2162
2200
2198
2213
2182
2219
2213
2247
2195
2223
2188
2232
2209
2236
2199
2229
2195
2221
2198
2211
2166
2212
2174
2187
2131
2146
2129
2151
2126
2161
2131
2184
2161
2168
2158
2152
2141
2162
2145
2147
2114
2099
2134
2117
2112
2100
2122
2127
2123
2108
2132
2079
2145
2116
2135
2090
2122
2076
2146
2083
2107
2069
2133
2108
2140
2092
2128
2082
2138
2059
2099
2052
2100
2038
2075
2016
2043
2020
2084
2035
2062
2036
2062
2050
2079
2033
2047
2023
2057
2040
2053
2000
2042
2030
2039
1998
2040
2031
2086
2073
2112
2096
2155
2136
2151
2115
2114
2082
2131
2099
2116
2079
2136
2098
2114
2075
2082
2058
2089
2058
2083
2043
2018
2026
2027
2011
1998
1985
1991
1989
1960
1963
1943
1981
1958
1950
1926
1941
1905
1967
1917
1928
1866
1904
1879
1917
1848
1890
1859
1939
1913
1978
1945
2010
1993
2045
1990
2014
1981
2054
1993
2029
1998
2044
2051
2097
2043
2063
2048
2062
2016
2014
1958
1976
1941
1952
1911
1954
1946
1990
1970
2005
1973
2007
1987
2001
1983
1971
1959
2006
1989
2005
1965
1981
1987
1999
1963
1969
1956
1987
1973
1988
2006
1997
2005
2002
2027
2042
2059
2029
2085
2045
2047
1993
2016
1981
1972
1902
1937
1892
1963
1902
1961
1907
1985
1955
2017
1958
2008
1972
2052
2008
2051
2028
2057
2037
2117
2071
2104
2079
2145
2105
2125
2093
2107
2100
2121
2063
2063
2043
2053
2072
2072
2050
2045
2056
2060
2057
2038
2021
2006
2014
1988
1961
1979
1976
1995
2003
1994
2007
2023
2041
2039
2066
2039
2059
2069
2064
2030
2043
2065
2093
2057
2053
1998
2056
2036
2071
2030
2081
2049
2121
2081
2107
2044
2111
2076
2102
2030
2059
2011
2083
2038
2080
2031
2082
2076
2131
2100
2128
2083
2149
2106
2151
2151
2134
2137
2145
2127
2119
2104
2100
2136
2114
2122
2090
2119
2113
2116
2071
2099
2049
2119
2082
2120
2079
2122
2061
2126
2067
2105
2061
2135
2066
2099
2065
2102
2088
2141
2092
2131
2099
2153
2116
2139
2102
2139
2134
2167
2124
2145
2145
2163
2177
2188
2167
2182
2175
2182
2168
2154
2151
2173
2179
2163
2149
2168
2162
2170
2157
2121
2112
2117
2115
2096
2107
2084
2114
2103
2123
2090
2117
2116
2148
2122
2136
2097
2127
2094
2134
2080
2143
2100
2157
2134
2169
2113
2150
2127
2165
2129
2140
2102
2137
2114
2148
2092
2119
2114
2127
2109
2104
2092
2126
2132
2123
2151
2123
2154
2172
2186
2161
2156
2122
2212
2159
2187
2133
2187
2166
2208
2182
2234
2183
2264
2220
2268
2194
2238
2190
2233
2173
2195
2163
2225
2170
2186
2164
2172
2179
2217
2202
2230
2226
2260
2249
2240
2231
2231
2251
2260
2231
2235
2248
2256
2287
2255
2255
2246
2268
2256
2258
2213
2228
2213
2249
2208
2219
2191
2219
2207
2240
2207
2247
2225
2269
2235
2280
2246
2288
2283
2327
2276
2300
2267
2281
2272
2285
2217
2242
2203
2235
2187
2196
2177
2206
2223
2243
2233
2265
2270
2265
2290
2270
2261
2275
2293
2278
2264
2223
2281
2270
2292
2240
2270
2263
2286
2237
2283
2212
2285
2237
2281
2194
2249
2207
2263
2195
2232
2173
2239
2200
2238
2207
2216
2202
2263
2222
2231
2188
2239
2220
2208
2196
2174
2186
2181
2176
2158
2164
2129
2189
2156
2187
2159
2202
2183
2242
2174
2215
2147
2214
2148
2177
2113
2170
2131
2183
2133
2154
2107
2160
2123
2167
2145
2166
2158
2190
2160
2166
2133
2130
2153
2145
2143
2124
2139
2157
2149
2135
2158
2146
2192
2162
2170
2140
2186
2141
2189
2132
2154
2123
2163
2116
2134
2117
2150
2148
2185
2150
2160
2134
2178
2171
2180
2125
2148
2142
2182
2139
2143
2140
2160
2157
2138
2112
2144
2145
2163
2154
2141
2141
2168
2165
2157
2158
2167
2177
2167
2193
2183
2196
2182
2188
2154
2188
2130
2164
2132
2152
2090
2128
2103
2163
2126
2154
2097
2142
2094
2121
2061
2087
2060
2093
2052
2057
2008
2060
2042
2069
2086
2087
2091
2113
2118
2113
2097
2080
2105
2074
2091
2036
2041
2029
2037
1972
1997
1924
1986
1939
1966
1916
1972
1951
2036
1993
2036
1980
2055
2019
2074
2050
2071
2068
2108
2085
2093
2074
2100
2082
2048
2041
1996
2011
1988
1980
1952
1980
1939
1991
1933
1967
1933
2006
1975
2015
1963
2008
1967
2046
2000
2054
2005
2058
2054
2083
2035
2051
2019
2055
2015
2023
2014
1999
2005
2014
1986
1965
1953
1931
1958
1945
1968
1931
1961
1943
1954
1918
1949
1930
1971
1914
1915
1857
1880
1835
1854
1792
1792
1767
1800
1757
1778
1765
1789
1787
1807
1790
1806
1799
1835
1825
1823
1807
1792
1803
1801
1771
1761
1765
1772
1798
1780
1807
1814
1875
1866
1886
1850
1884
1877
1896
1858
1877
1848
1890
1879
1907
1871
1908
1907
1954
1926
1959
1936
1961
1956
1967
1946
1983
1973
2006
2016
2015
2014
2036
2053
2044
2035
2015
2043
2057
2062
2037
2043
2025
2032
1998
2014
1947
1967
1937
1959
1895
1923
1907
1963
1917
1943
1875
1930
1902
1940
1902
1895
1863
1913
1910
1925
1890
1922
1928
1935
1941
1937
1955
1983
1999
1986
2006
1963
2017
1994
2031
1963
1977
1950
2005
1955
1986
1928
1995
1966
2018
1965
1995
1959
1994
1976
1987
1935
1956
1947
1936
1940
1912
1931
1927
1958
1934
1943
1920
2001
1956
1992
1911
1945
1908
1952
1891
1927
1866
1937
1886
1926
1875
1943
1925
1965
1931
1954
1922
1971
1972
2000
1983
1949
1875
1917
1893
1928
1897
1951
1904
1978
1931
1982
1949
2008
1933
1961
1920
1943
1905
1947
1889
1903
1859
1896
1863
1838
1790
1761
1769
1775
1761
1759
1790
1800
1858
1847
1886
1872
1934
1940
1975
1937
1972
1941
1985
1925
1940
1901
1939
1928
1953
1905
1915
1899
1941
1895
1912
1907
1936
1936
1965
1941
1944
1948
1946
1959
1937
1943
1944
1958
1950
1961
1957
1978
1998
2029
2000
2009
1989
2019
1983
1998
1947
1960
1947
1971
1920
1954
1940
1978
1972
1992
1954
2005
2006
2056
2030
2039
2034
2068
2081
2086
2040
2045
2040
2041
2041
2009
2015
2042
2082
2066
2091
2057
2093
2076
2115
2085
2104
2099
2154
2156
2179
2131
2165
2144
2168
2115
2139
2101
2124
2116
2131
2099
2149
2135
2151
2143
2129
2132
2166
2166
2145
2136
2112
2171
2170
2178
2149
2197
2190
2225
2195
2224
2186
2236
2205
2226
2177
2211
2194
2235
2189
2213
2171
2236
2198
2226
2190
2199
2203
2221
2211
2212
2203
2239
2252
2235
2247
2207
2234
2221
2235
2178
2208
2139
2185
2157
2190
2144
2200
2180
2209
2163
2195
2135
2193
2139
2162
2097
2125
2121
2143
2089
2083
2061
2091
2070
2070
2081
2049
2105
2102
2115
2079
2107
2055
2128
2061
2113
2061
2157
2122
2154
2105
2151
2126
2203
2134
2184
2126
2197
2166
2176
2139
2131
2128
2143
2102
2099
2097
2081
2126
2096
2103
2063
2092
2078
2131
2071
2123
2085
2169
2117
2176
2122
2181
2157
2217
2168
2204
2160
2223
2177
2199
2164
2152
2149
2174
2152
2171
2165
2160
2197
2174
2199
2173
2212
2198
2204
2161
2209
2171
2230
2182
2201
2142
2195
2167
2223
2171
2223
2218
2280
2230
2263
2233
2261
2257
2279
2235
2237
2231
2257
2255
2234
2228
2214
2246
2232
2228
2213
2225
2220
2258
2221
2253
2239
2285
2237
2255
2197
2236
2223
2257
2195
2223
2214
2243
2219
2233
2201
2239
2245
2283
2249
2268
2262
2283
2290
2290
2263
2267
2271
2271
2287
2267
2269
2285
2304
2291
2295
2256
2279
2249
2268
2216
2224
2200
2216
2182
2191
2142
2186
2177
2228
2182
2209
2176
2205
2182
2188
2158
2197
2195
2200
2183
2172
2174
2202
2206
2208
2217
2269
2275
2263
2272
2250
2287
2299
2303
2274
2296
2266
2318
2274
2289
2243
2299
2286
2340
2306
2324
2291
2347
2299
2332
2288
2312
2313
2332
2297
2299
2288
2322
2296
2301
2314
2303
2318
2329
2324
2309
2316
2286
2317
2269
2290
2256
2318
2291
2311
2274
2297
2266
2322
2256
2287
2237
2303
2244
2269
2222
2239
2224
2258
2230
2260
2253
2268
2278
2287
2284
2276
2283
2294
2299
2257
2273
2246
2291
2251
2268
2222
2244
2205
2261
2205
2239
2191
2263
2227
2269
2243
2264
2244
2282
2234
2243
2207
2221
2256
2242
2243
2225
2260
2255
2253
2238
2273
2215
2284
2231
2261
2196
2246
2179
2232
2155
2189
2142
2208
2143
2183
2138
2148
2130
2173
2142
2176
2166
2214
2201
2170
2187
2172
2196
2191
2173
2176
2197
2159
2210
2162
2207
2176
2234
2208
2262
2212
2252
2223
2284
2224
2260
2194
2244
2234
2264
2218
2241
2223
2281
2236
2227
2209
2174
2154
2124
2092
2053
2054
2013
2055
2006
2013
1979
2017
1982
1991
1974
2027
2012
2065
2017
2061
2039
2112
2090
2128
2074
2086
2081
2111
2076
2093
2075
2096
2096
2086
2051
2061
2051
2044
2019
1971
1963
1973
1981
1961
1955
1954
1965
1957
1982
1959
1995
2013
2050
2038
2060
2020
2046
2016
2024
1964
1970
1923
1958
1935
1954
1919
1957
1942
1973
1935
1966
1955
1986
1962
1972
1955
1979
1969
1963
1961
1957
1967
1990
1982
1966
1964
1950
1988
1969
1983
1933
1963
1941
1953
1928
1944
1892
1930
1899
1923
1883
1913
1864
1917
1863
1878
1826
1858
1818
1827
1809
1804
1808
1847
1821
1831
1828
1878
1909
1903
1913
1904
1949
1967
1968
1936
1933
1875
1930
1857
1878
1813
1866
1824
1880
1815
1849
1800
1859
1809
1845
1788
1829
1832
1869
1827
1849
1831
1878
1833
1852
1858
1850
1877
1880
1869
1866
1869
1855
1908
1854
1877
1843
1909
1890
1924
1885
1919
1886
1959
1908
1970
1932
2014
1987
2039
1978
2015
1979
2026
1965
1984
1929
1946
1941
1942
1897
1908
1907
1924
1933
1907
1932
1906
1949
1929
1945
1931
1963
1942
1990
1938
1985
1950
2010
1965
2004
1935
1967
1924
1952
1867
1897
1886
1946
1934
1954
1926
1973
1966
1997
1951
1952
1953
1959
1977
1971
1969
1977
1993
1971
1985
1943
1962
1950
1981
1942
1946
1911
1959
1936
1966
1928
1968
1957
1993
1956
1961
1905
1927
1892
1903
1873
1885
1855
1882
1864
1873
1834
1845
1824
1845
1829
1837
1839
1868
1871
1880
1880
1889
1890
1878
1891
1877
1899
1917
1922
1898
1915
1870
1896
1867
1891
1842
1887
1884
1939
1916
1966
1928
1982
1954
1976
1936
1970
1943
1982
1925
1946
1899
1952
1901
1936
1915
1923
1942
1978
1951
1950
1931
1921
1955
1935
1944
1935
1977
1981
1991
1979
2023
1989
2051
1995
2036
1992
2059
2023
2089
2017
2073
2041
2129
2095
2145
2104
2131
2128
2163
2125
2159
2143
2206
2198
2182
2179
2176
2195
2208
2202
2186
2174
2137
2179
2123
2134
2094
2137
2098
2140
2079
2125
2078
2138
2063
2102
2034
2086
2034
2086
2032
2069
2032
2088
2042
2086
2067
2104
2097
2120
2096
2122
2108
2115
2125
2104
2111
2119
2146
2135
2134
2102
2124
2108
2148
2103
2131
2131
2184
2133
2171
2115
2168
2165
2207
2148
2163
2106
2141
2119
2126
2061
2094
2065
2082
2061
2070
2040
2077
2065
2067
2040
2075
2077
2089
2076
2062
2063
2074
2061
2059
2062
2038
2043
2044
2053
2022
2003
1981
1996
1950
1959
1888
1903
1877
1892
1840
1884
1838
1878
1839
1866
1818
1854
1851
1896
1875
1896
1862
1917
1916
1954
1913
1937
1955
1983
1979
1979
1943
1974
1966
1946
1947
1921
1922
1921
1909
1871
1872
1835
1899
1872
1913
1866
1913
1882
1907
1861
1893
1833
1911
1867
1914
1855
1910
1839
1873
1806
1818
1775
1833
1793
1844
1836
1865
1890
1923
1918
1935
1952
1995
1993
1941
1934
1891
1946
1921
1925
1891
1921
1876
1935
1853
1887
1855
1911
1864
1912
1851
1891
1866
1919
1874
1928
1883
1935
1938
1992
1962
1994
1986
2024
2008
2038
2021
2009
2000
1986
1947
1948
1936
1925
1946
1926
1935
1940
1964
1962
1955
1937
1950
1946
1971
1951
1957
1937
1961
1919
1934
1873
1878
1853
1888
1822
1824
1796
1831
1797
1811
1777
1802
1780
1797
1760
1774
1716
1775
1761
1801
1782
1844
1823
1861
1839
1833
1785
1794
1754
1763
1723
1695
1704
1717
1709
1710
1719
1741
1753
1733
1745
1715
1759
1754
1752
1727
1747
1687
1760
1721
1760
1687
1730
1695
1751
1701
1745
1706
1785
1748
1811
1759
1813
1789
1829
1767
1789
1726
1763
1719
1720
1708
1701
1719
1747
1735
1757
1768
1792
1841
1828
1857
1833
1870
1856
1861
1806
5835
2239
2254
2276
2300
2306
2283
2278
2275
2275
2283
2294
2294
2300
2297
2296
2292
2295
2288
2297
2283
2278
2265
2280
2298
2309
2327
2329
2323
2335
2340
2341
2331
2349
2350
2363
2363
2375
2378
2370
2358
2373
2386
2384
2372
2378
2365
2361
2347
2355
2362
2349
2338
2347
2343
2343
2337
2345
2350
2362
2370
2370
2364
2368
2382
2378
2374
2383
2392
2398
2406
2414
2406
2403
2382
2376
2382
2386
2374
2360
2362
2370
2363
2350
2352
2339
2331
2320
2324
2316
2324
2330
2334
2332
2343
2338
2337
2332
2339
2342
2342
2338
2331
2330
2334
2331
2329
2337
2357
2359
2355
2350
2354
2350
2340
2331
2338
2344
2352
2358
2362
2360
2356
2346
2338
2333
2336
2336
2327
2325
2306
2299
2301
2308
2332
2351
2356
2355
2349
2347
2346
2336
2324
2318
2314
2314
2315
2310
2320
2321
2326
2327
2334
2331
2335
2344
2349
2358
2361
2359
2340
2314
2305
2280
2272
2262
2249
2232
2220
2220
2220
2228
2243
2237
2247
2264
2266
2258
2256
2257
2256
2225
2216
2204
2209
2197
2197
2186
2193
2196
2205
2215
2215
2222
2242
2251
2244
2259
2263
2259
2267
2258
2254
2238
2224
2212
2204
2201
2202
2192
2179
2176
2182
2179
2167
2166
2168
2193
2205
2220
2214
2210
2198
2193
2194
2180
2170
2161
2148
2133
2129
2117
2124
2123
2100
2089
2079
2093
2080
2088
2095
2100
2116
2110
2113
2123
2138
2156
2168
2180
2191
2198
2213
2217
2204
2182
2169
2152
2118
2095
2102
2119
2121
2105
2096
2089
2097
2122
2123
2123
2126
2133
2147
2168
2178
2160
2154
2151
2136
2124
2110
2107
2101
2070
2035
2010
1990
1983
1964
1954
1961
1970
1987
2007
2030
2056
2070
2077
2086
2104
2115
2120
2113
2110
2114
2114
2126
2135
2131
2137
2140
2150
2132
2123
2129
2119
2095
2072
2045
2040
2031
2049
2050
2073
2095
2105
2123
2129
2115
2107
2098
2081
2072
2063
2044
2028
2007
2001
2014
2019
2030
2051
2074
2097
2126
2129
2120
2119
2116
2122
2119
2109
2107
2110
2102
2103
2103
2103
2099
2093
2086
2095
2097
2102
2107
2108
2107
2106
2110
2099
2104
2130
2129
2122
2125
2123
2124
2117
2109
2096
2077
2063
2049
2041
2031
2045
2060
2080
2096
2107
2111
2120
2119
2116
2121
2118
2115
2096
2092
2077
2062
2064
2073
2075
2071
2070
2073
2077
2071
2057
2045
2033
2027
2022
2017
2009
2007
2007
2003
2009
2013
1992
1961
1930
1921
1891
1883
1872
1863
1849
1849
1859
1848
1844
1857
1867
1870
1869
1853
1840
1837
1845
1844
1851
1861
1869
1876
1886
1898
1898
1901
1929
1933
1942
1928
1930
1913
1911
1900
1897
1906
1913
1908
1898
1877
1862
1828
1816
1789
1767
1748
1739
1741
1767
1774
1773
1795
1808
1825
1824
1821
1828
1848
1887
1904
1911
1915
1926
1934
1932
1933
1921
1912
1905
1890
1879
1869
1863
1855
1838
1846
1842
1833
1822
1810
1821
1822
1843
1859
1853
1848
1850
1844
1842
1840
1836
1838
1856
1877
1889
1916
1922
1933
1951
1958
1963
1957
1960
1955
1940
1930
1923
1910
1891
1891
1905
1916
1916
1924
1942
1955
1982
1987
2000
2007
1997
2010
2014
2017
2005
1990
1962
1956
1939
1925
1889
1875
1865
1867
1857
1866
1878
1896
1902
1906
1913
1918
1929
1942
1941
1933
1932
1937
1951
1967
1968
1971
1968
1959
1953
1941
1929
1926
1916
1900
1892
1896
1899
1900
1908
1912
1922
1928
1937
1953
1963
1961
1982
2005
2014
2003
2000
1991
1995
1982
1994
1992
2006
2010
2027
2027
2020
2010
2017
2040
2065
2085
2086
2100
2125
2128
2144
2155
2166
2161
2152
2148
2139
2130
2109
2091
2075
2061
2066
2066
2094
2112
2120
2140
2151
2168
2168
2192
2201
2199
2186
2184
2174
2173
2162
2160
2169
2186
2192
2183
2169
2160
2157
2154
2163
2138
2112
2088
2051
2015
1995
1986
1983
1981
1982
1981
1973
1963
1958
1955
1959
1953
1960
1967
1970
1997
2017
2021
2019
2023
2034
2030
2010
1981
1968
1956
1951
1966
1953
1946
1971
2005
2024
2036
2060
2076
2074
2082
2085
2081
2070
2055
2032
2023
2010
1993
1993
2004
2013
2016
2026
2046
2064
2086
2101
2124
2142
2150
2154
2163
2160
2156
2162
2159
2163
2162
2153
2156
2155
2144
2145
2122
2127
2122
2126
2123
2130
2116
2104
2112
2115
2128
2144
2156
2168
2179
2183
2174
2162
2154
2143
2138
2153
2170
2159
2162
2158
2171
2184
2193
2196
2210
2206
2193
2182
2174
2170
2171
2160
2163
2165
2180
2192
2203
2221
2232
2253
2247
2249
2255
2259
2256
2259
2255
2255
2245
2236
2235
2228
2236
2245
2226
2210
2189
2180
2162
2162
2145
2128
2117
2101
2097
2087
2088
2097
2098
2073
2076
2074
2071
2083
2106
2111
2147
2164
2166
2161
2156
2143
2122
2123
2117
2111
2113
2117
2117
2128
2136
2140
2151
2191
2204
2204
2213
2215
2199
2159
2143
2120
2092
2074
2060
2064
2053
2031
2020
2007
2002
2005
2011
2016
2029
2036
2050
2048
2056
2056
2060
2051
2042
2049
2041
2037
2031
2014
2006
1976
1959
1945
1933
1910
1890
1865
1851
1849
1865
1866
1857
1863
1875
1863
1869
1863
1845
1815
1791
1771
1755
1760
1781
1790
1803
1828
1849
1858
1866
1878
1889
1867
1864
1871
1901
1915
1923
1923
1931
1928
1926
1922
1907
1887
1888
1890
1898
1896
1897
1881
1858
1846
1843
1838
1839
1833
1829
1822
1838
1858
1879
1890
1915
1927
1944
1958
1963
1947
1952
1937
1928
1930
1935
1927
1926
1921
1903
1901
1892
1886
1883
1883
1884
1905
1927
1952
1958
1977
1985
2002
2004
2006
2002
2008
2010
2012
2001
1973
1925
1858
1809
1774
1743
1719
1714
1714
1714
1705
1704
1705
1704
1715
1731
1735
1757
1773
1787
1795
1811
1818
1836
1855
1848
1847
1845
1857
1852
1862
1869
1888
1903
1920
1930
1917
1901
1889
1888
1878
1888
1881
1871
1883
1882
1883
1879
1891
1881
1883
1899
1903
1917
1913
1919
1931
1953
1992
2005
2010
2031
2035
2042
2046
2042
2034
2030
2025
2021
2007
2009
2004
2003
1991
1981
1965
1944
1933
1915
1918
1927
1941
1934
1926
1914
1905
1882
1869
1862
1827
1814
1800
1796
1807
1825
1851
1877
1912
1916
1921
1926
1930
1923
1925
1930
1935
1939
1960
1985
2012
2040
2041
2036
2046
2063
2066
2065
2050
2025
2007
1997
1997
1991
2008
2001
2000
2003
2014
2027
2038
2026
2009
1994
1979
1977
1970
1962
1969
1973
1993
2013
2037
2078
2098
2124
2158
2170
2169
2160
2162
2159
2154
2146
2128
2123
2100
2091
2078
2076
2091
2090
2117
2130
2115
2132
2146
2165
2161
2162
2159
2147
2146
2161
2161
2173
2174
2181
2169
2154
2145
2152
2139
2130
2136
2138
2122
2105
2097
2090
2100
2110
2111
2102
2100
2102
2098
2103
2102
2087
2078
2066
2065
2051
2047
2048
2046
2043
2059
2079
2112
2130
2147
2157
2165
2182
2192
2186
2177
2155
2147
2154
2165
2165
2152
2150
2143
2154
2148
2145
2157
2178
2176
2183
2174
2166
2154
2145
2112
2118
2118
2128
2134
2137
2122
2110
2104
2094
2082
2080
2082
2085
2092
2096
2098
2096
2104
2101
2102
2096
2089
2084
2088
2093
2089
2091
2112
2124
2127
2118
2127
2135
2133
2118
2109
2117
2120
2128
2128
2137
2165
2164
2158
2158
2152
2144
2126
2121
2114
2104
2097
2085
2081
2087
2059
2061
2063
2056
2025
1998
2001
1987
1987
1960
1944
1941
1946
1936
1931
1928
1917
1903
1922
1923
1963
1985
2008
2020
2037
2047
2067
2056
2054
2063
2068
2067
2063
2056
2049
2042
2038
2041
2030
2034
2030
2018
2012
2009
2019
2024
2023
2028
2018
2008
2020
2009
2028
2024
2029
2009
1987
1981
1974
1979
1988
2000
2012
2046
2068
2081
2088
2091
2085
2079
2081
2069
2047
2046
2064
2061
2057
2048
2043
2037
2037
2024
2011
2006
2004
2005
2013
2020
2010
2018
2029
2035
2025
2014
1991
1974
1966
1955
1944
1944
1951
1948
1942
1954
1980
1989
1998
1992
1984
1986
1990
1989
1985
1975
1975
1991
2013
2016
2028
2015
2025
2018
2017
2018
2034
2039
2037
2028
2028
2019
2029
2059
2079
2073
2080
2085
2082
2090
2076
2078
2075
2073
2058
2062
2057
2066
2045
2027
1999
1984
1968
1959
1945
1940
1932
1924
1911
1909
1901
1898
1929
1948
1958
1970
1976
1984
1989
1994
1987
1966
1963
1969
1998
2012
2038
2071
2103
2130
2148
2141
2152
2165
2170
2163
2166
2151
2139
2126
2105
2091
2073
2064
2048
2051
2050
2047
2024
2023
2028
2016
2023
2028
2036
2052
2056
2061
2059
2064
2051
2053
2043
2039
2041
2035
2025
1994
1981
1972
1957
1957
1977
1990
2010
2032
2066
2083
2099
2102
2107
2106
2115
2108
2104
2112
2127
2139
2146
2149
2146
2150
2165
2177
2185
2182
2147
2131
2116
2114
2106
2072
2031
2012
1992
1993
1999
2015
2037
2046
2066
2084
2108
2121
2122
2134
2145
2159
2176
2178
2192
2201
2212
2212
2214
2202
2175
2151
2147
2141
2132
2130
2120
2100
2095
2082
2088
2095
2102
2102
2108
2119
2134
2139
2150
2130
2112
2088
2077
2072
2079
2074
2063
2086
2080
2081
2093
2112
2112
2110
2103
2076
2050
2020
1987
1963
1930
1899
1875
1874
1874
1887
1909
1932
1981
2018
2053
2068
2070
2079
2097
2092
2088
2074
2050
2035
2019
2011
2011
2016
2020
2030
2045
2055
2054
2069
2061
2039
2033
2031
2022
2010
1984
1978
1967
1963
1966
1982
1994
2012
2007
2010
1995
1988
1983
1962
1955
1952
1956
1958
1955
1953
1938
1918
1907
1891
1885
1877
1871
1867
1880
1888
1895
1913
1925
1929
1952
1951
1953
1964
1979
2004
2019
2025
2041
2044
2061
2059
2061
2049
2046
2023
2005
1997
1979
1960
1961
1976
1977
1977
1983
1994
2004
2008
2000
1995
1967
1943
1939
1939
1947
1951
1969
1973
1974
1980
1979
1991
1996
2005
2027
2045
2058
2060
2055
2064
2061
2063
2059
2075
2085
2086
2098
2107
2108
2093
2070
2063
2061
2061
2075
2066
2055
2017
2001
1981
1955
1921
1901
1889
1894
1961
1940
1947
1957
1965
1980
1994
1984
1971
1964
1966
1944
1939
1929
1935
1949
1973
1983
1994
2001
2005
2017
2022
2009
1993
2007
2015
2007
2008
2007
2010
2008
1999
1999
2003
2011
2017
2021
2017
2017
2006
1978
1954
1934
1910
1891
1896
1891
1908
1929
1965
1990
2027
2038
2054
2057
2065
2083
2076
2065
2064
2083
2079
2075
2059
2052
2044
2042
2043
2044
2033
2043
2053
2053
2063
2060
2054
2059
2048
2044
2029
2023
2018
2025
2026
2033
2031
2039
2052
2063
2075
2080
2083
2090
2102
2094
2098
2097
2081
2068
2046
2027
2018
2019
2013
2015
2017
2025
2028
2031
2040
2048
2058
2078
2077
2084
2096
2107
2124
2124
2141
2156
2155
2150
2139
2156
2170
2175
2171
2157
2144
2145
2141
2146
2163
2160
2159
2162
2160
2161
2151
2147
2143
2128
2111
2103
2091
2087
2081
2061
2060
2069
2069
2066
2056
2050
2042
2035
2034
2032
2040
2053
2060
2057
2066
2070
2071
2090
2095
2084
2079
2068
2062
2057
2046
2043
2050
2053
2058
2080
2083
2094
2089
2098
2084
2093
2102
2118
2109
2116
2124
2128
2111
2095
2091
2081
2081
2067
2030
2018
2004
2003
2011
2012
2029
2040
2042
2043
2054
2064
2073
2088
2098
2109
2117
2114
2118
2143
2168
2174
2188
2188
2202
2200
2200
2215
2218
2222
2212
2215
2215
2217
2218
2218
2232
2223
2219
2228
2220
2220
2212
2214
2207
2208
2214
2234
2249
2259
2241
2253
2239
2238
2225
2209
2162
2139
2117
2101
2090
2068
2064
2053
2045
2027
2027
2028
2044
2050
2037
2032
2049
2057
2060
2063
2063
2048
2057
2040
2030
2036
2048
2040
2040
2058
2076
2090
2118
2135
2156
2147
2130
2112
2090
2078
2055
2028
2009
2003
1999
2014
2030
2044
2066
2071
2082
2091
2095
2069
2066
2046
2035
2031
2035
2013
2015
2019
2030
2044
2057
2046
2034
2030
2028
2011
1988
1961
1938
1925
1907
1906
1912
1930
1947
1959
1976
1993
2008
2033
2041
2056
2072
2075
2090
2098
2091
2072
2056
2044
2030
2014
2003
1988
1973
1974
1978
1990
1990
2002
2001
2022
2043
2055
2070
2085
2106
2116
2134
2150
2165
2190
2211
2198
2200
2203
2202
2193
2200
2188
2198
2185
2171
2156
2159
2158
2144
2119
2087
2057
2036
2017
2006
1997
1992
1993
1982
1987
2000
2011
2022
2028
2026
2045
2053
2068
2071
2068
2068
2051
2058
2059
2057
2059
2038
2029
2020
2012
2014
2012
2030
2063
2065
2070
2079
2086
2085
2091
2079
2064
2050
2036
2022
2009
2002
1982
1972
1966
1955
1959
1979
1977
1972
1988
2000
2012
2024
2056
2067
2076
2084
2102
2086
2089
2086
2084
2085
2087
2076
2077
2081
2085
2068
2058
2054
2053
2056
2066
2088
2085
2087
2083
2071
2065
2057
2049
2040
2029
2025
2013
2001
1977
1941
1898
1874
1847
1841
1823
1809
1812
1789
1766
1753
1741
1730
1709
1696
1698
1721
1731
1750
1769
1775
1779
1795
1806
1822
1839
1849
1855
1851
1840
1831
1837
1833
1829
1821
1824
1823
1827
1825
1845
1854
1890
1907
1934
1960
1987
1990
1976
1962
1936
1913
1888
1871
1842
1811
1795
1775
1766
1783
1821
1857
1894
1930
1958
1973
1981
1987
2001
2002
2000
2020
2042
2065
2070
2076
2087
2104
2112
2120
2123
2123
2115
2117
2118
2105
2085
2079
2056
2043
2013
2006
1989
1960
1939
1922
1914
1913
1919
1917
1907
1924
1940
1958
1981
1982
1994
1998
1993
1997
1991
2008
2003
2007
2011
2021
2042
2058
2068
2080
2090
2104
2115
2124
2150
2154
2156
2171
2182
2190
2190
2184
2173
2147
2126
2128
2130
2118
2103
2086
2081
2069
2058
2035
2032
2029
2031
2017
1996
1984
1994
1992
1981
1963
1953
1965
1985
1993
2012
2032
2056
2071
2082
2091
2081
2063
2043
2042
2036
2039
2053
2076
2099
2110
2130
2157
2163
2172
2171
2162
2129
2102
2090
2073
2045
2019
2004
2003
2003
1987
1973
1971
1980
1993
2004
2025
2033
2049
2047
2039
2040
2023
2013
2019
2017
2017
2021
2027
2022
2026
2039
2056
2054
2052
2061
2073
2077
2082
2094
2102
2113
2125
2125
2110
2119
2115
2082
2056
2043
2028
2034
2025
2012
2007
1994
1975
1949
1933
1927
1923
1931
1945
1963
1984
2001
2018
2018
2015
2005
1980
1955
1960
1943
1935
1939
1935
1938
1955
1970
1971
1974
1982
1969
1960
1963
1966
1941
1934
1914
1901
1890
1893
1893
1884
1882
1893
1889
1901
1907
1920
1913
1925
1926
1929
1933
1939
1939
1947
1965
1980
2011
2020
2019
2013
2002
1985
1979
1956
1945
1949
1957
1972
1973
1992
2011
2026
2032
2039
2041
2031
2038
2026
2030
2025
2008
1983
1972
1966
1978
2001
2012
2019
2016
2012
2018
2024
2037
2042
2049
2036
2016
2032
2027
2014
2014
2019
2023
2035
2038
2026
2010
2006
2000
1996
1998
1993
2002
2020
2023
2021
2015
2005
1996
1984
1983
1997
2006
2012
2033
2047
2059
2062
2072
2091
2100
2106
2107
2105
2089
2072
2077
2059
2056
2046
2044
2051
2053
2060
2070
2070
2053
2058
2047
2035
2026
2031
2028
2032
2023
2023
2020
2028
2039
2040
2026
2035
2040
2054
2055
2059
2064
2067
2067
2076
2082
2093
2104
2104
2107
2097
2090
2079
2075
2063
2062
2057
2036
2014
2005
1993
1996
1999
2007
2025
2051
2060
2084
2085
2090
2089
2085
2074
2072
2074
2086
2082
2094
2104
2111
2137
2147
2161
2172
2182
2180
2179
2163
2161
2178
2167
2164
2164
2161
2158
2176
2168
2170
2172
2185
2190
2190
2200
2199
2210
2206
2218
2219
2229
2234
2238
2243
2240
2255
2262
2248
2248
2248
2242
2227
2224
2208
2197
2178
2174
2172
2170
2158
2166
2180
2195
2190
2190
2205
2212
2211
2205
2184
2177
2166
2172
2159
2170
2170
2175
2190
2206
2202
2193
2181
2191
2174
2156
2126
2110
2063
2027
2016
1998
1994
1989
1999
2005
2027
2036
2049
2069
2084
2082
2083
2081
2081
2057
2054
2043
2038
2048
2051
2052
2078
2094
2095
2093
2090
2088
2097
2102
2111
2106
2114
2114
2114
2089
2086
2089
2092
2093
2080
2055
2044
2056
2070
2070
2082
2085
2095
2088
2092
2103
2120
2139
2129
2127
2134
2138
2133
2127
2125
2108
2095
2067
2056
2041
2030
2035
2037
2044
2055
2061
2080
2096
2097
2105
2112
2117
2121
2122
2130
2131
2125
2109
2092
2074
2060
2041
1989
1962
1943
1917
1904
1899
1926
1948
1961
1974
1990
2000
1992
2000
1999
1996
1982
1998
2015
2035
2058
2064
2074
2062
2070
2082
2092
2102
2115
2113
2117
2118
2116
2122
2118
2116
2136
2153
2152
2154
2173
2192
2208
2217
2231
2233
2211
2192
2172
2158
2143
2133
2112
2117
2103
2099
2095
2091
2085
2074
2060
2065
2072
2074
2084
2109
2126
2145
2167
2187
2212
2201
2194
2170
2183
2177
2171
2176
2178
2177
2175
2172
2180
2179
2203
2207
2196
2191
2194
2190
2201
2205
2212
2215
2219
2222
2240
2259
2282
2291
2297
2309
2318
2335
2329
2328
2334
2331
2335
2340
2325
2320
2305
2305
2306
2298
2286
2278
2274
2289
2289
2298
2296
2278
2284
2307
2293
2293
2296
2290
2290
2308
2307
2303
2306
2300
2302
2303
2307
2296
2292
2299
2306
2310
2315
2312
2306
2297
2292
2284
2273
2265
2238
2237
2245
2249
2236
2228
2221
2217
2206
2208
2211
2214
2207
2190
2170
2155
2128
2117
2100
2091
2087
2092
2096
2095
2112
2131
2144
2157
2158
2161
2168
2158
2162
2160
2172
2155
2141
2119
2093
2073
2062
2056
2061
2063
2057
2044
2057
2070
2093
2112
2133
2140
2140
2124
2121
2101
2086
2077
2046
2035
2011
1999
1969
1961
1954
1948
1948
1968
1966
1966
1982
1992
1999
1998
1991
1985
1990
1997
1993
1996
1983
1972
1976
1982
1982
1975
1984
1991
2000
2003
2016
2026
2037
2038
2059
2068
2081
2099
2106
2111
2117
2132
2161
2149
2143
2132
2110
2092
2102
2082
2079
2080
2090
2093
2119
2130
2150
2159
2169
2176
2177
2176
2165
2147
2143
2124
2098
2082
2061
2056
2045
2048
2066
2081
2108
2112
2122
2135
2159
2165
2167
2151
2138
2115
2130
2125
2124
2123
2129
2127
2135
2134
2139
2155
2173
2182
2202
2214
2218
2219
2223
2219
2216
2222
2232
2228
2205
2214
2202
2206
2181
2163
2141
2138
2133
2132
2117
2107
2099
2104
2103
2091
2088
2088
2081
2084
2109
2122
2111
2101
2071
2034
2019
2018
2023
2015
2012
2024
2039
2030
2044
2041
2048
2051
2043
2039
2042
2043
2033
2032
2040
2045
2042
2041
2039
2044
2038
2049
2048
2056
2050
2050
2095
2087
2084
2100
2128
2139
2140
2131
2126
2120
2115
2096
2074
2051
2040
2033
2022
2011
2000
2008
2009
2022
2052
2059
2088
2103
2115
2117
2123
2122
2110
2100
2070
2051
2040
2023
2010
2003
2012
2025
2052
2067
2095
2122
2137
2145
2136
2146
2154
2157
2174
2175
2183
2193
2198
2193
2217
2214
2217
2223
2224
2198
2182
2162
2148
2132
2111
2086
2064
2045
2048
2053
2054
2056
2059
2055
2056
2052
2056
2049
2060
2079
2083
2078
2093
2101
2085
2080
2065
2046
2028
2033
2027
2025
2032
2040
2033
2027
2027
2026
2027
2019
2036
2048
2060
2078
2105
2099
2094
2106
2118
2091
2085
2073
2047
2035
2020
2004
1994
1999
2024
2041
2060
2079
2100
2120
2115
2135
2133
2134
2115
2100
2095
2093
2083
2070
2060
2064
2043
2037
2024
2017
1998
1988
1969
1958
1941
1915
1925
1932
1932
1929
1908
1902
1907
1901
1899
1910
1930
1943
1944
1945
1933
1928
1937
1953
1954
1942
1930
1928
1928
1927
1918
1906
1895
1903
1910
1928
1952
1971
1970
1978
1972
1986
2002
2015
2017
2007
2003
2014
2012
2024
2048
2057
2076
2098
2109
2125
2133
2135
2120
2100
2098
2094
2086
2089
2081
2067
2052
2042
2039
2034
2033
2010
1995
1974
1967
1963
1962
1975
2006
2011
2015
2023
2048
2059
2062
2065
2065
2064
2046
2052
2050
2051
2042
2040
2031
2030
2035
2048
2045
2056
2065
2079
2077
2080
2094
2095
2105
2114
2118
2122
2122
2113
2093
2082
2069
2060
2051
2035
2035
2029
2037
2037
2025
2018
2005
2010
2029
2051
2070
2068
2067
2060
2058
2075
2090
2104
2114
2105
2113
2107
2107
2101
2114
2120
2125
2130
2131
2132
2121
2111
2108
2092
2073
2052
2028
2027
2016
2011
2016
2028
2034
2041
2032
2025
2025
2008
2010
2011
2027
2049
2055
2073
2080
2080
2087
2094
2091
2083
2080
2076
2063
2063
2072
2076
2097
2104
2136
2140
2160
2173
2182
2188
2198
2193
2213
2215
2215
2213
2201
2182
2167
2148
2120
2102
2080
2051
2035
2021
2016
2005
2011
2031
2028
2014
2031
2036
2046
2059
2081
2101
2110
2128
2144
2162
2166
2154
2180
2179
2166
2156
2158
2144
2144
2131
2133
2136
2125
2112
2103
2098
2114
2112
2119
2129
2123
2131
2127
2131
2136
2147
2160
2156
2153
2158
2151
2141
2132
2130
2131
2142
2149
2140
2152
2166
2175
2190
2184
2191
2182
2185
2196
2210
2201
2191
2171
2179
2184
2199
2196
2213
2227
2231
2234
2236
2244
2249
2253
2250
2260
2259
2270
2250
2223
2214
2221
2213
2212
2221
2222
2225
2236
2239
2240
2229
2229
2222
2217
2207
2198
2211
2215
2204
2183
2166
2156
2146
2138
2138
2139
2161
2174
2180
2193
2218
2246
2238
2234
2232
2242
2258
2275
2274
2272
2288
2293
2300
2280
2263
2256
2251
2255
2248
2251
2229
2215
2213
2198
2188
2186
2167
2157
2143
2137
2144
2141
2147
2160
2165
2188
2203
2215
2231
2234
2238
2237
2239
2235
2227
2217
2208
2204
2216
2220
2218
2211
2219
2213
2184
2165
2160
2156
2160
2149
2141
2144
2136
2129
2123
2114
2094
2090
2093
2114
2135
2136
2136
2139
2137
2144
2149
2147
2133
2124
2127
2143
2142
2154
2156
2158
2149
2139
2128
2111
2106
2109
2104
2104
2107
2123
2141
2134
2140
2154
2150
2142
2122
2093
2078
2063
2042
2042
2035
2040
2049
2050
2051
2044
2048
2032
2041
2052
2044
2032
2015
2002
2010
2010
2017
2018
2018
1995
1986
1981
1980
1983
1999
2022
2039
2072
2091
2121
2123
2123
2110
2105
2088
2070
2053
2043
2031
2020
2035
2050
2052
2042
2041
2051
2042
2035
2037
2035
2031
2019
2017
2006
2001
1986
1978
1963
1951
1941
1923
1921
1926
1915
1920
1901
1900
1903
1902
1892
1874
1863
1863
1869
1877
1894
1905
1935
1960
1991
1998
2004
2007
2008
1998
1993
1990
1994
1991
2000
2022
2022
2017
2018
1995
1965
1941
1924
1911
1902
1893
1889
1915
1936
1944
1953
1965
1992
1992
1996
1999
1991
1976
1962
1965
1971
1970
1977
1968
1972
1966
1956
1933
1922
1923
1919
1931
1949
1963
1985
1995
1999
2015
2034
2039
2053
2062
2076
2076
2076
2059
2033
2004
1977
1949
1947
1933
1927
1916
1926
1936
1955
1973
1986
1999
2012
2023
2031
2055
2078
2103
2109
2120
2125
2133
2126
2142
2154
2152
2138
2145
2126
2114
2103
2105
2104
2108
2106
2096
2063
2057
2039
2032
2033
2017
2006
2001
1984
1975
1978
1975
1973
1987
2005
2009
2038
2045
2071
2079
2084
2088
2071
2068
2076
2088
2075
2050
2041
2047
2053
2058
2046
2043
2035
2044
2019
2027
2047
2063
2069
2059
2048
2036
2035
2025
2009
1990
1984
1978
1993
2013
2032
2047
2074
2079
2086
2087
2093
2101
2100
2087
2090
2088
2103
2094
2087
2074
2070
2072
2079
2071
2079
2085
2075
2080
2101
2099
2100
2100
2085
2082
2095
2101
2118
2125
2118
2095
2097
2105
2093
2096
2089
2098
2110
2102
2099
2103
2107
2119
2111
2131
2126
2139
2159
2164
2155
2156
2156
2162
2166
2154
2160
2168
2167
2169
2172
2167
2179
2174
2149
2128
2103
2084
2084
2090
2083
2070
2054
2061
2068
2079
2084
2098
2100
2108
2114
2137
2130
2122
2108
2098
2075
2076
2087
2110
2129
2144
2133
2144
2147
2160
2179
2176
2160
2149
2147
2142
2122
2114
2129
2152
2152
2156
2161
2155
2141
2145
2141
2129
2143
2152
2151
2168
2184
2183
2208
2204
2202
2199
2191
2180
2192
2181
2204
2210
2216
2224
2251
2266
2267
2258
2248
2250
2242
2231
2221
2204
2206
2206
2213
2215
2204
2211
2215
2223
2231
2235
2234
2225
2209
2212
2212
2222
2210
2197
2208
2213
2219
2215
2224
2235
2249
2264
2271
2259
2248
2236
2239
2238
2234
2230
2231
2226
2222
2225
2227
2235
2243
2260
2267
2266
2259
2264
2279
2296
2303
2305
2303
2297
2279
2268
2251
2238
2229
2206
2188
2161
2175
2179
2172
2193
2231
2262
2298
2294
2290
2270
2269
2272
2285
2284
2286
2286
2290
2285
2287
2285
2295
2288
2279
2272
2274
2280
2290
2298
2301
2284
2274
2264
2256
2255
2258
2243
2227
2226
2230
2227
2223
2238
2236
2249
2260
2259
2258
2258
2247
2244
2234
2230
2236
2218
2209
2203
2205
2198
2189
2183
2186
2202
2216
2217
2218
2210
2197
2185
2177
2164
2147
2146
2139
2155
2163
2183
2198
2193
2203
2195
2197
2186
2188
2188
2196
2194
2193
2187
2191
2183
2183
2176
2170
2165
2162
2157
2159
2162
2178
2192
2202
2210
2227
2221
2202
2203
2194
2183
2173
2173
2172
2178
2185
2180
2186
2188
2191
2197
2193
2196
2176
2172
2186
2184
2175
2167
2165
2162
2169
2160
2156
2138
2130
2127
2138
2141
2134
2135
2138
2161
2167
2169
2184
2207
2224
2218
2219
2232
2238
2244
2231
2210
2197
2196
2186
2193
2181
2171
2156
2142
2129
2143
2132
2134
2124
2130
2122
2123
2110
2102
2092
2086
2078
2076
2074
2088
2092
2090
2088
2087
2075
2069
2079
2083
2093
2081
2067
2056
2059
2034
2005
1981
1973
1959
1954
1933
1932
1925
1941
1945
1937
1936
1945
1964
1995
2000
2017
2035
2046
2065
2072
2084
2096
2102
2110
2118
2114
2108
2086
2076
2042
2009
1985
1972
1940
1915
1902
1891
1880
1890
1907
1919
1938
1965
1980
2001
1986
1989
2023
2043
2046
2045
2040
2035
2030
2010
2013
2011
2004
1987
1971
1953
1938
1908
1898
1890
1889
1900
1911
1914
1921
1931
1953
1965
1959
1968
1975
1953
1928
1897
1871
1855
1828
1797
1773
1756
1755
1742
1738
1720
1723
1731
1750
1768
1761
1768
1781
1785
1785
1787
1804
1819
1816
1818
1794
1768
1747
1727
1720
1730
1758
1785
1816
1828
1841
1849
1859
1862
1852
1846
1840
1846
1835
1855
1872
1891
1890
1905
1917
1928
1940
1960
1969
1966
1960
1957
1969
1977
1993
1999
2013
2030
2052
2074
2079
2085
2077
2070
2064
2073
2066
2046
2032
2037
2027
2010
2006
1993
1973
1957
1935
1929
1914
1897
1899
1903
1899
1889
1890
1896
1896
1897
1892
1893
1895
1901
1917
1920
1928
1925
1914
1919
1916
1931
1949
1961
1959
1983
1985
1996
2000
2002
1992
1975
1959
1958
1948
1953
1957
1955
1972
1991
2003
2011
2009
2002
1994
1979
1962
1944
1923
1915
1908
1915
1922
1920
1933
1936
1952
1961
1979
1979
1978
1973
1949
1934
1920
1905
1901
1891
1887
1885
1889
1891
1899
1907
1905
1903
1911
1928
1952
1962
1960
1949
1928
1918
1891
1865
1848
1846
1847
1852
1859
1874
1880
1871
1899
1931
1982
1972
1963
1957
1951
1931
1900
1875
1858
1833
1795
1779
1732
1697
1686
1692
1702
1724
1745
1762
1783
1811
1854
1877
1892
1929
1958
1982
1990
1998
1973
1971
1961
1942
1931
1920
1925
1925
1928
1952
1965
1961
1977
1975
1970
1954
1952
1965
1973
1983
1987
1988
1988
1988
1991
1993
1967
1953
1966
1972
1978
1987
1985
1994
1981
1992
1981
1972
1948
1943
1944
1948
1951
1956
1963
1983
2000
2007
2017
2031
2038
2029
2031
2022
2024
2031
2050
2062
2059
2056
2057
2066
2065
2067
2076
2079
2086
2112
2124
2147
2145
2131
2139
2163
2174
2204
2216
2226
2219
2204
2182
2178
2161
2146
2136
2141
2147
2162
2185
2189
2179
2172
2163
2158
2147
2142
2136
2138
2137
2141
2158
2159
2177
2197
2210
2197
2200
2210
2219
2213
2212
2206
2193
2188
2185
2183
2189
2192
2197
2192
2198
2202
2176
2175
2175
2178
2191
2191
2189
2205
2217
2216
2229
2232
2219
2218
2202
2198
2180
2183
2176
2169
2163
2160
2169
2170
2154
2160
2164
2171
2158
2150
2145
2136
2123
2113
2092
2076
2079
2083
2068
2063
2045
2029
2040
2039
2060
2072
2099
2097
2113
2103
2103
2088
2088
2090
2095
2106
2102
2099
2094
2091
2095
2098
2124
2130
2124
2127
2122
2131
2107
2079
2061
2066
2052
2057
2074
2091
2084
2086
2098
2111
2120
2127
2133
2130
2122
2127
2136
2156
2167
2190
2199
2214
2223
2214
2230
2220
2218
2206
2199
2196
2201
2199
2197
2182
2183
2188
2215
2221
2236
2241
2244
2247
2241
2245
2230
2229
2232
2219
2219
2224
2214
2223
2238
2270
2283
2292
2296
2296
2290
2292
2289
2291
2290
2290
2285
2274
2271
2266
2268
2277
2271
2260
2255
2259
2250
2253
2241
2244
2263
2271
2267
2267
2268
2256
2258
2250
2248
2244
2236
2239
2244
2246
2242
2254
2269
2282
2278
2277
2294
2299
2309
2321
2312
2303
2286
2292
2298
2308
2317
2316
2320
2325
2324
2329
2317
2295
2270
2255
2237
2224
2203
2193
2179
2157
2163
2176
2178
2186
2195
2190
2190
2198
2201
2200
2192
2184
2190
2191
2197
2196
2218
2218
2226
2234
2236
2253
2268
2273
2285
2288
2298
2306
2313
2308
2309
2300
2305
2316
2303
2308
2302
2299
2302
2311
2316
2313
2312
2331
2337
2340
2337
2326
2324
2321
2326
2329
2324
2319
2309
2311
2312
2302
2313
2303
2300
2299
2303
2296
2289
2288
2296
2292
2299
2302
2310
2302
2314
2313
2312
2315
2310
2284
2259
2257
2253
2261
2271
2275
2277
2274
2285
2303
2303
2307
2323
2339
2345
2345
2330
2328
2334
2327
2303
2279
2282
2298
2280
2271
2243
2234
2228
2243
2245
2231
2228
2236
2231
2256
2255
2262
2260
2251
2264
2247
2254
2246
2245
2262
2288
2297
2292
2290
2296
2296
2301
2287
2289
2275
2265
2251
2236
2231
2231
2214
2215
2203
2183
2183
2187
2204
2206
2212
2222
2231
2232
2234
2226
2238
2217
2215
2212
2216
2213
2216
2220
2234
2237
2252
2256
2262
2257
2265
2282
2292
2290
2290
2287
2291
2288
2280
2262
2250
2252
2273
2273
2272
2239
2222
2198
2176
2154
2122
2084
2064
2051
2030
2031
2021
2021
2003
1993
1999
2002
2004
2005
2019
2037
2043
2055
2057
2067
2089
2103
2124
2127
2122
2115
2101
2088
2101
2108
2108
2108
2102
2094
2072
2035
2011
1998
1973
1953
1940
1930
1919
1916
1923
1941
1965
1977
1978
1983
1989
2009
2023
2028
2020
2004
1994
1965
1939
1929
1922
1922
1932
1948
1964
1972
1990
1991
1991
1993
1996
1993
1992
1985
1967
1960
1952
1935
1938
1945
1935
1938
1941
1962
1981
1996
2000
2013
2025
2010
1991
1988
1978
1979
1973
1969
1963
1958
1967
1973
1962
1950
1933
1916
1884
1847
1815
1791
1781
1787
1799
1812
1835
1856
1872
1896
1923
1928
1935
1939
1961
1968
1968
1955
1943
1923
1905
1892
1875
1843
1832
1826
1841
1844
1855
1855
1845
1854
1867
1879
1884
1883
1886
1903
1890
1880
1887
1897
1906
1912
1926
1935
1925
1911
1906
1905
1901
1896
1895
1898
1895
1911
1909
1914
1926
1924
1916
1924
1937
1967
1982
1996
2020
2047
2049
2033
2034
2028
2006
1988
1966
1938
1928
1919
1903
1922
1939
1948
1960
1941
1939
1943
1955
1969
1991
1994
1997
1994
1999
1994
1993
1997
1987
1970
1942
1936
1920
1913
1893
1860
1855
1869
1874
1893
1909
1921
1930
1941
1945
1944
1933
1925
1921
1925
1924
1932
1943
1948
1963
1946
1936
1934
1927
1935
1933
1929
1923
1922
1932
1936
1947
1969
1985
1978
1974
1949
1940
1922
1907
1880
1848
1831
1828
1815
1806
1803
1812
1810
1796
1801
1801
1810
1817
1818
1828
1845
1850
1857
1843
1855
1869
1880
1893
1896
1909
1917
1903
1893
1883
1888
1890
1886
1898
1915
1931
1947
1961
1949
1955
1954
1960
1954
1941
1942
1950
1957
1944
1934
1926
1919
1924
1926
1928
1921
1925
1915
1890
1881
1875
1883
1890
1907
1911
1949
1967
1987
2010
2029
2031
2045
2041
2042
2040
2047
2045
2055
2093
2116
2134
2162
2165
2167
2174
2188
2198
2201
2203
2213
2221
2208
2213
2225
2237
2247
2245
2237
2227
2227
2217
2198
2175
2150
2141
2117
2115
2110
2102
2102
2098
2087
2079
2075
2083
2069
2056
2045
2040
2042
2051
2058
2061
2075
2091
2112
2120
2130
2116
2124
2111
2113
2106
2106
2097
2106
2122
2127
2133
2144
2139
2136
2138
2126
2126
2136
2148
2163
2172
2171
2190
2199
2196
2188
2190
2188
2175
2154
2133
2122
2107
2074
2070
2063
2047
2060
2080
2072
2077
2079
2081
2092
2081
2080
2084
2087
2088
2083
2065
2054
2052
2059
2056
2055
2058
2033
2006
1983
1974
1964
1960
1963
1950
1916
1906
1895
1918
1901
1898
1877
1862
1850
1855
1859
1854
1859
1863
1875
1887
1927
1930
1945
1954
1959
1964
1960
1971
1987
1976
1969
1957
1937
1930
1924
1910
1901
1883
1887
1888
1899
1902
1917
1917
1908
1903
1903
1910
1915
1910
1908
1893
1887
1877
1863
1849
1832
1818
1797
1805
1808
1817
1829
1866
1894
1902
1919
1944
1958
1959
1963
1981
1984
1975
1967
1979
1960
1948
1924
1906
1891
1875
1858
1859
1859
1856
1846
1853
1873
1883
1880
1881
1882
1895
1896
1907
1926
1957
1965
1974
1971
1972
1997
2015
2040
2048
2038
2022
2020
2013
2007
1987
1977
1967
1959
1965
1967
1974
1977
1987
1997
1988
1980
1960
1935
1919
1899
1902
1906
1883
1883
1873
1872
1862
1857
1837
1823
1816
1801
1790
1799
1802
1812
1818
1811
1819
1833
1840
1841
1835
1834
1829
1842
1827
1819
1796
1761
1729
1701
1690
1685
1674
1659
1638
1627
1635
1641
1668
1699
1725
1746
1749
1755
1751
1735
1743
1737
1731
1709
1705
1701
1698
1699
1701
1710
1714
1715
1738
1758
1797
1807
1817
1827
1827
1807
1779
1747
1708
1696
1681
1676
1677
1700
1722
1763
1800
1832
1834
1847
1853
1863
1861
1884
1893
1890
1871
1870
1844
1834
1829
1807
1784
1791
1802
1810
1809
1815
1818
1802
5835
2361
2415
2467
2472
2467
2433
2419
2403
2421
2443
2473
2478
2477
2470
2491
2478
2448
2422
2433
2432
2429
2414
2437
2459
2500
2527
2565
2561
2580
2582
2587
2586
2612
2626
2630
2622
2616
2621
2626
2620
2626
2612
2597
2578
2560
2556
2542
2528
2548
2561
2566
2551
2553
2544
2530
2522
2526
2530
2539
2563
2596
2623
2630
2642
2651
2648
2673
2675
2670
2666
2671
2676
2673
2669
2639
2610
2599
2586
2569
2562
2551
2550
2528
2518
2502
2488
2471
2480
2480
2498
2516
2532
2524
2544
2542
2552
2555
2544
2528
2521
2513
2510
2510
2525
2522
2526
2539
2556
2567
2561
2552
2545
2528
2512
2512
2532
2549
2564
2566
2570
2564
2557
2536
2512
2481
2455
2443
2428
2425
2423
2432
2472
2528
2547
2566
2568
2576
2567
2558
2536
2502
2494
2471
2451
2437
2416
2429
2456
2475
2487
2510
2531
2541
2567
2582
2586
2582
2575
2548
2510
2453
2393
2311
2280
2244
2225
2212
2207
2208
2218
2224
2265
2292
2326
2333
2348
2365
2376
2358
2326
2288
2263
2244
2243
2223
2220
2219
2238
2247
2264
2288
2321
2333
2354
2373
2399
2432
2447
2423
2414
2402
2395
2370
2317
2266
2235
2233
2243
2230
2208
2192
2169
2158
2154
2179
2207
2270
2291
2301
2277
2257
2227
2207
2179
2154
2132
2119
2086
2061
2053
2052
2034
2023
2009
2013
2012
2018
2024
2045
2074
2085
2098
2134
2145
2192
2246
2304
2342
2356
2380
2397
2403
2389
2344
2288
2211
2167
2076
2043
2048
2052
2063
2066
2051
2045
2071
2105
2137
2147
2151
2194
2240
2269
2292
2281
2260
2224
2198
2160
2123
2083
2042
1963
1891
1836
1806
1776
1749
1763
1808
1879
1947
2004
2071
2114
2118
2122
2146
2191
2207
2226
2246
2262
2274
2282
2268
2255
2245
2246
2256
2263
2258
2232
2202
2156
2098
2064
2005
1993
1989
2025
2055
2082
2103
2155
2200
2244
2238
2220
2156
2076
2024
1997
1958
1919
1871
1868
1884
1961
2017
2078
2135
2190
2225
2251
2268
2248
2239
2224
2204
2183
2177
2166
2151
2156
2153
2145
2145
2137
2110
2093
2104
2134
2147
2138
2148
2146
2158
2150
2163
2153
2151
2143
2142
2138
2130
2101
2081
2045
2001
1971
1934
1922
1930
1960
2023
2094
2115
2133
2167
2203
2228
2212
2194
2171
2133
2097
2065
2045
2028
2038
2039
2030
2032
2039
2041
2060
2075
2052
2012
1950
1902
1870
1848
1855
1861
1885
1910
1920
1912
1870
1795
1697
1628
1596
1586
1575
1557
1539
1546
1555
1576
1613
1668
1687
1682
1657
1644
1634
1622
1619
1621
1651
1713
1763
1791
1818
1822
1843
1868
1914
1924
1916
1889
1870
1846
1835
1835
1867
1862
1850
1816
1793
1741
1690
1605
1519
1449
1423
1399
1406
1407
1457
1509
1560
1589
1642
1671
1686
1713
1750
1805
1886
1935
1945
1955
1939
1926
1917
1896
1866
1831
1803
1773
1749
1731
1727
1726
1703
1698
1662
1645
1617
1619
1635
1669
1712
1715
1705
1709
1712
1697
1691
1683
1688
1701
1729
1775
1829
1878
1904
1941
1977
1993
1980
1955
1935
1890
1864
1845
1820
1775
1749
1738
1753
1789
1834
1859
1899
1943
1987
2019
2044
2059
2069
2079
2071
2053
2008
1951
1875
1783
1701
1649
1602
1592
1586
1617
1625
1654
1691
1744
1786
1804
1809
1814
1806
1837
1831
1836
1854
1882
1921
1939
1944
1941
1907
1860
1796
1771
1743
1731
1729
1699
1696
1713
1745
1770
1789
1801
1847
1893
1934
1942
1969
1985
2032
2059
2062
2025
2008
1964
1965
1953
1978
1988
1990
1989
2010
2025
2050
2050
2071
2100
2164
2211
2255
2283
2328
2344
2378
2395
2382
2340
2298
2248
2183
2144
2102
2070
2056
2052
2065
2090
2138
2187
2244
2291
2331
2371
2401
2420
2402
2371
2330
2310
2283
2279
2263
2277
2314
2359
2374
2347
2306
2285
2261
2245
2206
2147
2073
1990
1914
1844
1808
1817
1826
1839
1837
1826
1805
1792
1766
1754
1778
1819
1852
1887
1942
1986
2035
2046
2040
2015
1986
1958
1905
1851
1822
1814
1806
1815
1832
1879
1943
2025
2077
2131
2183
2212
2236
2251
2223
2185
2130
2067
1999
1967
1931
1919
1914
1917
1952
1984
2069
2127
2187
2233
2273
2303
2335
2353
2359
2358
2348
2327
2323
2300
2288
2275
2276
2271
2258
2220
2211
2188
2171
2155
2170
2154
2143
2132
2143
2172
2210
2235
2259
2268
2277
2274
2272
2282
2282
2282
2266
2262
2255
2258
2253
2279
2299
2317
2329
2352
2348
2346
2305
2285
2256
2241
2222
2215
2203
2206
2222
2254
2306
2363
2387
2404
2398
2412
2431
2432
2439
2459
2455
2440
2410
2382
2364
2344
2327
2326
2316
2282
2245
2195
2170
2140
2112
2090
2056
2031
2027
2029
2045
2039
2015
1968
1948
1957
1985
2028
2080
2122
2172
2215
2272
2290
2269
2229
2200
2168
2144
2118
2100
2098
2102
2107
2126
2173
2217
2255
2326
2357
2374
2376
2365
2311
2239
2163
2099
2076
2037
1989
1954
1926
1886
1876
1871
1882
1901
1941
1975
2021
2051
2071
2078
2096
2080
2058
2019
2009
1996
2001
1990
1972
1928
1868
1816
1761
1715
1672
1597
1549
1515
1499
1516
1549
1576
1604
1643
1671
1658
1635
1591
1542
1492
1449
1423
1427
1444
1469
1517
1569
1630
1682
1752
1783
1801
1793
1787
1799
1837
1873
1928
1928
1922
1906
1893
1856
1826
1810
1796
1803
1797
1792
1777
1763
1730
1704
1647
1635
1623
1629
1632
1648
1669
1706
1758
1797
1833
1883
1934
1971
1987
1979
1965
1929
1896
1869
1850
1861
1862
1851
1833
1813
1791
1762
1768
1789
1798
1833
1881
1923
1957
2006
2058
2099
2127
2109
2061
2046
2041
2034
2000
1939
1850
1722
1535
1391
1261
1206
1217
1273
1308
1327
1335
1323
1314
1331
1359
1397
1441
1503
1555
1599
1659
1714
1745
1766
1781
1783
1778
1780
1801
1800
1812
1841
1886
1928
1964
1981
1985
1940
1902
1876
1855
1832
1786
1760
1757
1760
1773
1775
1791
1796
1785
1800
1806
1830
1842
1887
1938
1991
2061
2120
2138
2144
2131
2144
2129
2117
2090
2076
2048
2035
2021
2010
1978
1968
1929
1883
1828
1795
1776
1754
1741
1774
1828
1841
1840
1802
1755
1698
1642
1603
1551
1517
1525
1529
1571
1638
1726
1805
1878
1901
1892
1887
1891
1849
1832
1812
1843
1871
1918
2007
2079
2130
2157
2161
2172
2174
2178
2156
2096
2030
1981
1938
1933
1948
1974
2007
2032
2032
2050
2055
2052
2015
1960
1916
1881
1859
1853
1860
1903
1945
1991
2036
2116
2198
2288
2357
2435
2441
2438
2411
2375
2329
2291
2238
2182
2155
2098
2073
2063
2079
2108
2146
2194
2207
2219
2251
2255
2277
2278
2287
2270
2278
2275
2295
2302
2319
2309
2327
2311
2291
2252
2213
2179
2172
2150
2116
2071
2034
2023
2027
2060
2091
2102
2081
2063
2062
2072
2078
2072
2042
2036
2011
1988
1976
1966
1961
1984
2004
2056
2110
2204
2267
2322
2346
2367
2360
2358
2338
2320
2292
2271
2256
2252
2245
2229
2211
2194
2199
2214
2254
2288
2311
2312
2295
2267
2239
2197
2153
2102
2096
2105
2124
2120
2115
2094
2075
2048
2037
2030
2008
2002
2041
2080
2095
2094
2098
2094
2098
2097
2086
2072
2069
2080
2091
2089
2107
2158
2192
2217
2224
2215
2219
2192
2150
2121
2120
2140
2194
2239
2255
2284
2289
2270
2252
2231
2188
2156
2141
2113
2085
2035
2009
1999
1997
1990
1975
1974
1955
1896
1851
1821
1793
1791
1753
1722
1709
1725
1733
1750
1759
1763
1775
1804
1847
1937
2014
2091
2150
2197
2201
2210
2185
2142
2138
2140
2141
2129
2120
2104
2094
2080
2081
2054
2032
1988
1965
1944
1956
1973
1983
1984
1993
1994
2015
2033
2052
2058
2040
1999
1957
1919
1882
1853
1863
1898
1950
2019
2102
2173
2213
2246
2256
2227
2175
2138
2104
2085
2090
2105
2077
2039
2022
2024
2014
2001
1968
1941
1911
1905
1923
1933
1930
1937
1960
1983
1978
1942
1897
1863
1836
1817
1798
1775
1785
1811
1818
1828
1865
1931
1986
2001
1958
1925
1926
1943
1949
1936
1928
1939
1950
1990
2012
2045
2037
2035
2021
2005
2000
2019
2046
2051
2034
2019
2010
2021
2054
2109
2108
2106
2112
2115
2113
2100
2101
2086
2081
2064
2065
2036
2010
1944
1895
1819
1787
1747
1741
1721
1711
1673
1671
1659
1661
1681
1741
1831
1901
1927
1954
1980
1993
1991
1975
1947
1904
1888
1917
2016
2110
2208
2269
2312
2338
2368
2373
2401
2391
2387
2365
2333
2279
2220
2147
2066
2020
1972
1924
1912
1913
1931
1947
1952
1956
1962
1970
1975
1996
2024
2041
2054
2057
2056
2048
2030
2028
2028
2044
2009
1967
1896
1831
1789
1770
1761
1789
1852
1919
2007
2090
2159
2201
2221
2226
2230
2216
2223
2240
2252
2247
2239
2242
2255
2265
2259
2274
2298
2323
2347
2314
2232
2163
2097
2056
2002
1961
1918
1893
1854
1850
1865
1918
1973
2038
2104
2184
2239
2263
2286
2309
2329
2346
2359
2376
2395
2409
2410
2400
2377
2336
2284
2238
2184
2167
2156
2125
2080
2042
2025
1995
2016
2027
2063
2069
2110
2141
2162
2180
2188
2145
2096
2032
1996
1968
1975
1977
2018
2049
2068
2095
2126
2166
2178
2157
2102
2050
1952
1861
1781
1710
1599
1525
1499
1529
1571
1647
1727
1816
1935
2051
2124
2163
2189
2212
2199
2165
2115
2065
1991
1922
1892
1888
1903
1935
1955
2002
2054
2077
2093
2085
2062
2045
2033
2008
1935
1882
1859
1833
1815
1826
1847
1873
1924
1965
1985
1981
1941
1904
1883
1859
1839
1831
1824
1818
1809
1781
1763
1729
1687
1633
1610
1603
1611
1606
1634
1680
1748
1795
1809
1814
1818
1834
1858
1894
1957
2010
2069
2092
2125
2129
2153
2129
2108
2074
2038
1980
1937
1907
1880
1865
1871
1903
1913
1944
1965
1982
1999
2000
1937
1876
1816
1785
1779
1804
1828
1851
1872
1903
1910
1918
1916
1941
1961
1999
2045
2084
2106
2122
2106
2093
2089
2116
2157
2172
2182
2183
2202
2197
2174
2114
2089
2084
2093
2081
2073
2032
1985
1914
1856
1773
1693
1629
1631
1626
1651
1842
1852
1849
1841
1863
1902
1936
1941
1927
1856
1819
1771
1765
1769
1800
1810
1848
1917
1973
2004
2013
2004
1985
1960
1963
1965
1968
1975
1979
1981
1974
1964
1955
1979
2013
2037
2035
2047
2031
1991
1955
1865
1786
1704
1635
1615
1652
1692
1739
1825
1923
2009
2081
2132
2154
2177
2187
2195
2182
2175
2168
2173
2169
2160
2124
2060
2027
2026
2033
2035
2034
2050
2053
2072
2070
2069
2068
2075
2040
2007
1960
1931
1946
1967
1999
2033
2053
2071
2091
2131
2152
2161
2166
2162
2174
2171
2158
2111
2073
2030
1997
1968
1939
1911
1910
1940
1962
1984
2013
2019
2036
2035
2067
2102
2130
2159
2188
2222
2254
2268
2285
2279
2282
2289
2295
2294
2297
2311
2300
2266
2231
2204
2201
2206
2228
2262
2292
2310
2278
2261
2233
2219
2192
2159
2132
2097
2096
2070
2044
2027
2009
1994
1991
1972
1947
1933
1914
1911
1921
1937
1967
2022
2062
2085
2090
2097
2109
2137
2155
2133
2090
2062
2038
2033
2014
2016
2013
2035
2044
2076
2097
2117
2117
2125
2128
2142
2155
2167
2183
2183
2193
2184
2176
2126
2089
2049
1989
1933
1905
1905
1887
1883
1906
1933
1977
1979
1991
1980
2023
2064
2115
2144
2174
2192
2202
2211
2250
2295
2335
2369
2392
2386
2396
2395
2417
2436
2439
2442
2420
2422
2414
2412
2401
2404
2392
2391
2386
2390
2362
2348
2333
2339
2317
2329
2358
2399
2416
2438
2422
2434
2414
2380
2290
2196
2105
2035
2000
1985
1969
1943
1920
1905
1878
1889
1911
1929
1950
1981
1999
2031
2070
2090
2090
2064
2048
2035
2029
1991
1971
1967
1989
2015
2037
2085
2140
2188
2240
2278
2308
2295
2244
2164
2088
2012
1947
1901
1885
1873
1883
1922
1990
2050
2094
2136
2146
2141
2143
2097
2059
2003
1987
1967
1962
1957
1966
2011
2037
2059
2059
2038
2011
1957
1928
1878
1818
1745
1686
1651
1647
1691
1720
1758
1805
1856
1905
1962
2010
2055
2086
2107
2120
2155
2161
2158
2132
2088
2045
1999
1938
1906
1859
1821
1785
1803
1839
1886
1917
1959
1984
2035
2081
2108
2137
2171
2223
2262
2320
2358
2398
2427
2440
2448
2442
2422
2401
2369
2356
2320
2304
2261
2257
2229
2217
2184
2144
2053
1975
1909
1869
1846
1828
1831
1822
1805
1809
1832
1863
1902
1905
1922
1973
2044
2093
2112
2104
2088
2086
2069
2048
2040
2021
2006
1977
1948
1931
1938
1953
1998
2027
2069
2097
2138
2177
2194
2187
2144
2100
2070
2050
2018
1965
1904
1860
1827
1814
1815
1819
1849
1886
1884
1886
1940
1996
2056
2120
2185
2203
2201
2183
2194
2203
2208
2201
2181
2161
2164
2158
2151
2134
2115
2093
2075
2071
2076
2095
2122
2144
2154
2156
2128
2097
2092
2075
2042
2016
1967
1948
1915
1879
1795
1699
1576
1517
1477
1458
1445
1434
1418
1432
1417
1399
1341
1294
1251
1241
1272
1341
1445
1500
1534
1585
1614
1649
1671
1720
1775
1763
1746
1717
1700
1692
1697
1695
1682
1659
1661
1668
1711
1744
1795
1855
1948
2018
2097
2137
2140
2094
2041
1970
1881
1822
1739
1673
1617
1567
1528
1517
1551
1619
1718
1828
1934
2006
2053
2091
2114
2105
2102
2108
2126
2155
2175
2201
2240
2275
2316
2340
2374
2396
2391
2375
2325
2278
2243
2203
2166
2136
2080
2019
1956
1917
1871
1829
1808
1782
1747
1723
1738
1747
1755
1785
1821
1856
1907
1952
1995
2006
2005
1998
1977
1984
1986
2008
2046
2066
2103
2136
2144
2169
2194
2251
2297
2324
2350
2365
2372
2385
2420
2430
2426
2388
2326
2266
2215
2173
2139
2112
2100
2088
2086
2050
2028
1987
1985
1977
1958
1931
1911
1893
1892
1883
1859
1817
1792
1809
1869
1939
2005
2056
2109
2137
2134
2121
2099
2059
2028
2022
2017
2041
2077
2134
2192
2262
2321
2351
2352
2338
2304
2260
2198
2155
2086
2005
1919
1863
1831
1838
1849
1838
1827
1812
1819
1870
1931
1991
2019
2039
2061
2062
2048
2010
1963
1938
1911
1905
1928
1964
1985
1995
1997
2014
2053
2087
2112
2125
2128
2134
2142
2169
2202
2213
2215
2206
2187
2160
2107
2039
2001
1963
1936
1914
1912
1903
1866
1817
1785
1753
1727
1729
1767
1814
1887
1960
2019
2039
2033
1988
1945
1899
1865
1853
1835
1832
1829
1820
1839
1869
1935
1966
1953
1939
1904
1876
1876
1853
1791
1750
1697
1672
1663
1672
1683
1693
1703
1732
1751
1781
1805
1846
1856
1873
1855
1859
1851
1869
1897
1940
1958
2001
2051
2075
2065
2041
2005
1966
1907
1890
1869
1865
1894
1918
1955
2008
2059
2107
2150
2134
2113
2089
2072
2052
2040
1990
1937
1876
1855
1850
1888
1951
2008
2031
2049
2059
2069
2096
2111
2094
2079
2048
2036
2028
1999
1988
2001
2028
2046
2046
2025
2004
1967
1956
1930
1903
1908
1937
1977
2019
2020
2031
2022
1988
1962
1939
1945
1966
1993
2010
2043
2086
2128
2156
2178
2216
2236
2234
2224
2187
2162
2131
2101
2086
2066
2049
2057
2076
2081
2087
2087
2066
2033
2039
2026
2028
2005
2009
1991
1982
1971
1955
1956
1981
2003
2002
2017
2035
2043
2043
2044
2061
2073
2087
2075
2094
2131
2148
2172
2183
2202
2186
2164
2116
2090
2053
2035
2003
1954
1887
1872
1859
1886
1917
1944
1978
2052
2107
2163
2171
2162
2132
2118
2111
2121
2124
2128
2151
2191
2237
2266
2304
2343
2369
2397
2401
2393
2381
2364
2356
2323
2308
2309
2315
2287
2297
2306
2315
2321
2322
2313
2299
2290
2306
2324
2356
2367
2371
2395
2412
2429
2432
2453
2461
2461
2443
2430
2413
2395
2390
2373
2332
2291
2254
2209
2170
2135
2142
2159
2207
2232
2243
2259
2282
2286
2292
2259
2229
2171
2132
2093
2109
2122
2163
2202
2259
2302
2334
2328
2307
2278
2255
2196
2127
2054
1979
1891
1820
1776
1759
1767
1786
1837
1896
1988
2034
2077
2081
2099
2104
2111
2080
2053
2007
1997
1993
1994
2005
2040
2079
2128
2169
2176
2163
2163
2160
2154
2154
2171
2170
2171
2151
2128
2096
2100
2089
2084
2074
2059
2068
2071
2088
2105
2120
2114
2135
2173
2208
2233
2244
2248
2240
2230
2228
2240
2230
2226
2212
2178
2118
2067
2016
1978
1951
1954
1948
1964
1990
2026
2053
2077
2103
2137
2159
2189
2222
2229
2232
2211
2188
2158
2128
2090
2046
1942
1875
1780
1724
1676
1647
1639
1678
1751
1819
1887
1937
1950
1977
1970
1969
1987
1978
1959
1967
1991
2034
2072
2109
2126
2137
2155
2167
2192
2224
2243
2248
2257
2262
2258
2256
2262
2249
2254
2248
2260
2288
2331
2378
2416
2457
2475
2467
2398
2335
2256
2199
2132
2087
2055
2059
2063
2101
2117
2128
2092
2056
2028
2019
2026
2055
2081
2121
2186
2250
2308
2354
2395
2388
2379
2326
2294
2266
2260
2244
2233
2216
2236
2257
2304
2334
2344
2321
2292
2257
2270
2282
2302
2324
2350
2355
2402
2432
2452
2488
2529
2569
2603
2619
2641
2652
2644
2643
2647
2640
2615
2575
2522
2500
2492
2500
2491
2467
2430
2392
2358
2363
2380
2403
2418
2435
2456
2482
2472
2453
2442
2447
2458
2464
2465
2451
2466
2474
2486
2491
2503
2494
2485
2480
2487
2491
2508
2518
2512
2480
2448
2398
2351
2344
2339
2346
2328
2307
2277
2260
2258
2262
2249
2248
2249
2247
2214
2174
2110
2072
1997
1970
1948
1942
1935
1959
2005
2059
2095
2133
2171
2200
2208
2205
2200
2193
2202
2178
2156
2129
2096
2055
1992
1943
1931
1924
1918
1904
1921
1949
2016
2079
2161
2200
2218
2217
2222
2207
2175
2126
2054
2003
1964
1934
1880
1832
1759
1738
1732
1726
1739
1790
1838
1871
1906
1923
1919
1913
1908
1922
1929
1937
1925
1917
1904
1888
1878
1890
1907
1918
1951
1968
1991
2005
2041
2082
2134
2170
2203
2189
2216
2228
2247
2275
2303
2327
2353
2350
2333
2264
2191
2145
2125
2109
2122
2121
2142
2161
2192
2218
2252
2293
2317
2346
2351
2333
2293
2225
2160
2091
2007
1958
1929
1926
1937
1974
2015
2072
2157
2216
2262
2285
2301
2299
2286
2265
2241
2200
2200
2168
2176
2178
2169
2179
2218
2219
2233
2252
2287
2320
2366
2395
2406
2411
2400
2392
2395
2390
2376
2366
2329
2310
2261
2223
2182
2154
2122
2091
2047
2034
2014
1988
1971
1981
1992
2021
2064
2083
2093
2130
2154
2149
2104
2044
1934
1896
1868
1858
1856
1875
1912
1974
2054
2061
2064
2046
2034
2014
2004
1994
1975
1973
1984
2002
2004
2016
2021
2022
2022
2042
2027
2014
1976
1972
1985
1998
2128
2134
2162
2167
2202
2204
2195
2176
2151
2139
2125
2119
2094
2039
1978
1903
1825
1806
1833
1889
1943
1996
2048
2093
2160
2194
2216
2238
2212
2184
2143
2107
2040
1990
1931
1911
1933
1945
1966
2005
2067
2133
2197
2248
2268
2281
2295
2311
2327
2318
2331
2334
2348
2349
2356
2362
2395
2392
2377
2360
2333
2287
2245
2209
2173
2121
2057
1990
1928
1891
1877
1883
1923
1953
1951
1947
1940
1940
1945
1977
2004
2020
2013
2041
2073
2101
2091
2048
1973
1915
1897
1919
1938
1957
1966
1965
1951
1944
1944
1948
1959
1993
2019
2070
2133
2172
2210
2223
2223
2204
2169
2110
2042
2008
1972
1934
1882
1847
1843
1867
1947
2021
2076
2135
2194
2250
2259
2249
2219
2202
2176
2143
2106
2092
2072
2076
2051
2022
1943
1888
1850
1841
1809
1801
1787
1771
1722
1674
1662
1680
1696
1709
1700
1703
1709
1717
1739
1773
1819
1838
1866
1861
1853
1860
1887
1903
1883
1843
1807
1773
1767
1759
1757
1740
1733
1767
1803
1858
1897
1945
1961
1982
1995
2017
2034
2050
2055
2077
2082
2088
2089
2116
2143
2170
2202
2255
2286
2302
2313
2301
2252
2213
2172
2142
2114
2111
2103
2085
2042
2023
2014
1992
1972
1922
1873
1842
1821
1837
1861
1891
1951
1996
2033
2069
2107
2128
2133
2121
2113
2112
2098
2092
2058
2056
2033
2013
1987
1995
2003
2029
2067
2087
2110
2130
2138
2157
2178
2214
2240
2252
2260
2242
2208
2176
2135
2104
2045
2007
1998
1980
1986
1997
2021
2017
1989
1969
1993
2027
2060
2086
2120
2117
2094
2087
2092
2110
2142
2177
2216
2224
2218
2202
2200
2199
2198
2200
2213
2220
2243
2231
2207
2167
2134
2089
2022
1967
1931
1923
1914
1927
1949
1984
2015
2021
2033
2017
2000
1957
1940
1955
2007
2053
2087
2110
2151
2165
2174
2167
2144
2109
2079
2060
2061
2046
2059
2081
2134
2164
2205
2236
2294
2328
2371
2396
2412
2402
2428
2413
2390
2369
2335
2276
2204
2124
2045
1978
1937
1887
1844
1810
1796
1803
1831
1875
1903
1906
1899
1917
1960
2048
2154
2206
2231
2257
2295
2311
2308
2298
2292
2273
2249
2227
2204
2158
2130
2114
2124
2129
2117
2100
2088
2107
2137
2162
2188
2189
2194
2209
2214
2217
2217
2218
2232
2239
2232
2229
2198
2163
2136
2144
2162
2201
2212
2262
2267
2289
2311
2340
2336
2307
2277
2280
2278
2288
2291
2292
2284
2298
2301
2327
2339
2356
2365
2376
2392
2404
2413
2434
2449
2445
2441
2438
2406
2362
2324
2289
2289
2283
2296
2330
2367
2383
2403
2398
2394
2378
2356
2331
2316
2315
2313
2319
2282
2256
2212
2189
2138
2121
2103
2133
2154
2185
2235
2304
2361
2404
2425
2426
2432
2425
2427
2447
2457
2468
2476
2504
2502
2512
2481
2448
2427
2401
2390
2358
2346
2309
2279
2257
2244
2209
2186
2166
2155
2135
2120
2108
2134
2145
2189
2232
2288
2318
2354
2360
2372
2371
2361
2343
2329
2306
2272
2265
2272
2283
2279
2290
2298
2283
2262
2230
2186
2148
2122
2101
2103
2095
2082
2084
2084
2048
2033
2028
2040
2058
2082
2119
2159
2183
2194
2187
2197
2177
2172
2137
2136
2137
2147
2175
2212
2217
2218
2188
2135
2098
2055
2015
2013
2037
2082
2122
2163
2173
2165
2176
2184
2178
2123
2044
1955
1926
1896
1880
1877
1879
1892
1924
1951
1959
1937
1940
1922
1933
1945
1941
1925
1907
1879
1880
1862
1875
1879
1860
1835
1821
1812
1830
1850
1901
1973
2046
2114
2166
2186
2190
2185
2147
2106
2048
1985
1946
1915
1912
1911
1937
1959
1986
2003
2001
1987
1968
1958
1943
1939
1935
1905
1911
1904
1900
1876
1844
1797
1769
1723
1720
1722
1746
1736
1728
1716
1712
1700
1684
1657
1645
1641
1651
1651
1678
1726
1798
1867
1933
2007
2070
2086
2063
2038
2004
1992
1974
1968
1979
2018
2056
2074
2052
2005
1903
1817
1743
1713
1683
1683
1690
1726
1772
1835
1902
1963
1991
2003
1989
1978
1959
1939
1920
1921
1933
1948
1929
1904
1874
1867
1844
1827
1802
1769
1763
1783
1826
1883
1921
1948
1957
2003
2041
2078
2111
2148
2154
2184
2159
2108
2038
1945
1848
1784
1715
1684
1654
1653
1692
1708
1734
1806
1884
1949
2007
2043
2079
2100
2136
2185
2235
2271
2300
2319
2333
2320
2304
2302
2303
2282
2252
2215
2191
2156
2136
2117
2097
2068
2023
1970
1959
1954
1941
1906
1856
1832
1809
1782
1776
1769
1805
1823
1860
1895
1944
2031
2083
2129
2165
2166
2146
2129
2130
2122
2099
2077
2057
2043
2048
2052
2068
2066
2064
2046
2049
2021
2022
2035
2073
2087
2088
2062
2032
2002
1971
1948
1919
1883
1875
1912
1971
2032
2100
2147
2154
2166
2160
2167
2167
2158
2120
2127
2117
2135
2127
2112
2076
2074
2094
2113
2104
2134
2145
2148
2142
2158
2156
2163
2176
2169
2162
2166
2148
2148
2147
2136
2117
2128
2117
2104
2107
2100
2101
2100
2112
2134
2143
2115
2121
2141
2174
2184
2199
2209
2241
2265
2279
2289
2296
2282
2267
2257
2263
2264
2284
2281
2278
2250
2223
2153
2088
2022
2011
2039
2062
2043
2002
1971
1992
2012
2037
2079
2115
2136
2164
2182
2197
2179
2145
2072
2005
1971
1996
2072
2137
2178
2235
2264
2297
2317
2321
2281
2251
2230
2213
2193
2172
2149
2155
2171
2174
2194
2201
2200
2180
2154
2144
2156
2160
2179
2208
2265
2300
2334
2340
2333
2339
2341
2316
2315
2306
2304
2292
2304
2316
2350
2382
2419
2429
2444
2431
2418
2404
2380
2340
2301
2294
2284
2296
2293
2308
2304
2313
2308
2325
2325
2329
2334
2342
2315
2296
2281
2274
2266
2260
2254
2264
2291
2321
2359
2389
2402
2403
2410
2396
2370
2361
2360
2356
2339
2307
2280
2288
2292
2299
2326
2344
2364
2382
2403
2420
2433
2460
2483
2520
2534
2536
2513
2487
2434
2385
2325
2276
2230
2194
2178
2168
2169
2195
2243
2316
2398
2471
2518
2513
2499
2470
2467
2448
2458
2455
2464
2465
2468
2456
2439
2414
2428
2448
2476
2478
2482
2470
2464
2450
2440
2415
2388
2364
2359
2335
2317
2280
2268
2267
2274
2279
2280
2309
2324
2362
2373
2378
2378
2382
2359
2345
2342
2338
2312
2279
2228
2214
2221
2247
2243
2237
2252
2289
2328
2354
2331
2289
2240
2207
2169
2144
2125
2123
2142
2167
2200
2221
2246
2276
2342
2339
2345
2327
2309
2288
2292
2298
2315
2317
2288
2256
2229
2208
2198
2188
2189
2194
2210
2253
2292
2335
2360
2374
2369
2350
2313
2272
2266
2264
2256
2244
2242
2240
2255
2266
2279
2295
2294
2299
2283
2280
2267
2272
2298
2288
2260
2238
2231
2225
2211
2185
2164
2142
2124
2127
2141
2165
2192
2223
2259
2283
2283
2308
2334
2366
2389
2396
2414
2420
2416
2405
2370
2346
2311
2286
2243
2212
2162
2140
2123
2142
2139
2146
2131
2148
2135
2138
2118
2119
2104
2082
2055
2024
2023
2028
2032
2011
2011
1993
2000
1993
2022
2045
2062
2067
2071
2043
2008
1948
1915
1874
1831
1785
1747
1708
1692
1670
1671
1676
1711
1738
1758
1770
1829
1895
1954
1974
2017
2071
2097
2124
2148
2170
2194
2222
2248
2264
2231
2188
2096
2012
1921
1857
1746
1682
1612
1566
1535
1557
1576
1619
1696
1785
1849
1925
1979
2012
2003
2013
2040
2065
2087
2068
2047
2024
2025
2002
1972
1918
1879
1848
1799
1738
1679
1647
1656
1668
1682
1684
1710
1733
1781
1828
1870
1896
1916
1911
1894
1844
1789
1721
1639
1587
1519
1465
1411
1384
1366
1353
1333
1357
1403
1450
1502
1533
1558
1572
1573
1565
1589
1636
1693
1689
1663
1641
1582
1519
1477
1446
1439
1471
1543
1625
1723
1778
1810
1835
1829
1812
1783
1772
1744
1739
1762
1798
1827
1869
1891
1910
1953
2006
2042
2047
2029
2008
2001
1998
2009
2025
2056
2089
2127
2180
2223
2250
2269
2277
2266
2243
2218
2181
2143
2094
2058
2039
2014
1985
1963
1917
1863
1805
1761
1723
1709
1708
1728
1747
1746
1737
1717
1720
1731
1747
1759
1754
1756
1763
1786
1820
1829
1819
1823
1840
1853
1878
1915
1944
1960
2005
2034
2055
2053
2041
1968
1908
1883
1891
1892
1903
1907
1915
1933
1967
2010
2043
2046
2011
1973
1934
1899
1861
1830
1806
1808
1818
1847
1860
1877
1889
1923
1949
1987
1992
1979
1946
1900
1836
1794
1762
1745
1739
1755
1768
1797
1824
1817
1806
1799
1811
1845
1890
1930
1945
1932
1903
1841
1799
1710
1632
1578
1597
1622
1676
1709
1773
1811
1841
1872
1898
2027
1978
1933
1891
1860
1834
1754
1675
1580
1503
1437
1384
1324
1285
1289
1319
1364
1419
1459
1538
1624
1745
1863
1947
2016
2083
2123
2152
2147
2119
2068
2012
1965
1908
1888
1863
1842
1843
1909
1959
1997
2026
2034
2017
1976
1947
1935
1929
1949
1989
2020
2042
2043
2018
1975
1929
1914
1919
1929
1950
1970
1994
2011
2008
1996
1994
1969
1928
1882
1853
1841
1862
1892
1912
1969
2023
2077
2100
2123
2125
2118
2097
2091
2083
2084
2112
2137
2153
2155
2143
2113
2107
2119
2153
2175
2193
2215
2248
2251
2275
2287
2314
2347
2388
2413
2440
2444
2455
2424
2375
2302
2268
2236
2221
2210
2206
2214
2226
2254
2275
2267
2258
2235
2209
2187
2173
2153
2151
2177
2205
2234
2272
2320
2342
2367
2340
2336
2338
2364
2364
2356
2331
2297
2285
2291
2284
2272
2251
2234
2230
2232
2234
2218
2210
2216
2219
2239
2253
2266
2299
2323
2341
2348
2375
2368
2362
2322
2278
2235
2213
2179
2157
2127
2126
2143
2203
2213
2226
2209
2199
2180
2167
2167
2143
2079
2033
2007
1997
1991
1974
1941
1911
1917
1912
1939
1977
2057
2115
2180
2190
2177
2139
2118
2108
2130
2135
2126
2100
2085
2071
2074
2089
2109
2140
2176
2199
2195
2202
2192
2198
2148
2090
2024
2011
2007
2036
2062
2113
2147
2173
2158
2156
2163
2186
2202
2220
2202
2194
2218
2259
2296
2348
2400
2426
2444
2441
2420
2394
2362
2318
2308
2292
2313
2307
2332
2312
2302
2318
2346
2363
2385
2391
2434
2452
2437
2405
2371
2349
2339
2321
2342
2360
2378
2410
2451
2492
2539
2551
2538
2531
2523
2520
2508
2499
2484
2482
2470
2454
2423
2418
2407
2414
2417
2388
2351
2336
2329
2354
2378
2402
2409
2418
2430
2444
2466
2459
2435
2379
2354
2341
2326
2332
2320
2336
2358
2384
2426
2449
2468
2479
2486
2489
2487
2484
2465
2450
2448
2446
2456
2490
2510
2508
2529
2546
2548
2539
2492
2422
2344
2259
2196
2152
2136
2101
2089
2087
2105
2117
2150
2170
2216
2225
2229
2240
2236
2217
2215
2212
2219
2219
2231
2258
2295
2322
2355
2370
2398
2436
2476
2499
2521
2537
2540
2535
2552
2545
2531
2522
2521
2512
2491
2482
2472
2466
2474
2508
2537
2555
2543
2557
2557
2562
2572
2578
2573
2566
2550
2519
2484
2453
2428
2441
2464
2456
2471
2491
2496
2474
2465
2434
2425
2401
2412
2416
2467
2495
2504
2491
2494
2476
2464
2461
2434
2381
2346
2325
2316
2337
2367
2378
2386
2397
2430
2476
2508
2520
2535
2555
2551
2547
2522
2506
2491
2468
2439
2421
2407
2406
2373
2330
2307
2306
2295
2276
2278
2296
2316
2340
2352
2373
2371
2369
2363
2351
2351
2338
2360
2367
2390
2411
2442
2460
2476
2467
2495
2478
2466
2444
2433
2402
2367
2310
2272
2266
2257
2241
2227
2214
2216
2237
2255
2264
2266
2283
2312
2343
2356
2349
2325
2323
2297
2286
2279
2308
2307
2325
2332
2367
2393
2418
2437
2457
2470
2480
2484
2485
2486
2476
2460
2439
2417
2405
2397
2400
2408
2410
2411
2374
2314
2228
2149
2071
2023
1981
1939
1896
1848
1801
1795
1798
1822
1810
1811
1820
1838
1863
1893
1933
1964
2000
2037
2074
2113
2175
2216
2224
2204
2202
2191
2192
2180
2174
2156
2155
2147
2132
2054
1980
1908
1846
1786
1738
1732
1712
1681
1677
1689
1717
1769
1814
1865
1881
1914
1962
2000
2042
2061
2045
2016
1959
1862
1791
1747
1725
1748
1788
1818
1860
1906
1931
1952
1972
1986
1979
1952
1939
1910
1868
1825
1795
1780
1778
1786
1776
1819
1866
1926
1960
1979
1978
1994
2007
2004
1978
1961
1932
1911
1874
1858
1844
1843
1842
1849
1819
1795
1741
1664
1566
1495
1459
1425
1408
1423
1475
1551
1618
1700
1741
1768
1821
1870
1924
1963
1984
1967
1939
1895
1849
1798
1746
1671
1628
1559
1561
1585
1623
1643
1669
1673
1698
1732
1760
1775
1777
1792
1806
1816
1815
1812
1818
1844
1885
1911
1911
1882
1841
1814
1823
1843
1842
1842
1823
1845
1843
1875
1871
1873
1876
1879
1890
1939
1985
2050
2083
2121
2172
2221
2232
2201
2162
2087
2035
1952
1888
1811
1777
1770
1797
1827
1881
1901
1919
1907
1895
1889
1908
1938
1976
2005
2022
2014
2001
1990
1986
1963
1935
1883
1831
1788
1741
1703
1670
1639
1629
1646
1687
1753
1816
1876
1914
1893
1858
1836
1825
1840
1839
1856
1865
1883
1878
1893
1914
1927
1910
1883
1847
1846
1847
1854
1848
1841
1842
1874
1917
1962
2000
1996
1960
1891
1831
1786
1739
1675
1620
1587
1571
1571
1570
1575
1561
1555
1555
1547
1561
1576
1606
1668
1714
1755
1763
1765
1781
1791
1806
1834
1851
1864
1880
1876
1851
1839
1837
1821
1806
1818
1852
1890
1937
1960
1990
1987
1989
1987
1976
1948
1926
1897
1901
1892
1895
1867
1852
1852
1874
1883
1887
1866
1844
1797
1763
1740
1723
1753
1791
1835
1892
2007
2073
2126
2162
2190
2187
2181
2154
2140
2132
2151
2183
2239
2270
2319
2347
2404
2431
2443
2445
2436
2436
2430
2436
2426
2421
2418
2446
2451
2477
2476
2464
2428
2408
2372
2323
2262
2211
2158
2120
2066
2057
2061
2075
2072
2068
2063
2046
2009
1985
1954
1927
1897
1906
1938
1974
2035
2076
2106
2136
2190
2192
2193
2159
2133
2110
2109
2105
2114
2111
2134
2142
2172
2183
2187
2178
2169
2157
2160
2167
2196
2215
2225
2264
2295
2322
2331
2353
2343
2320
2277
2218
2155
2095
2042
1999
1957
1943
1934
1949
1971
2005
2012
2009
2005
2010
2022
2035
2035
2061
2063
2027
1990
1978
1975
1983
2003
2015
2004
1981
1925
1889
1827
1792
1769
1756
1722
1691
1648
1655
1656
1661
1643
1613
1541
1508
1497
1513
1546
1593
1651
1700
1730
1781
1867
1912
1935
1933
1929
1912
1925
1952
1966
1952
1914
1872
1829
1778
1739
1688
1659
1650
1663
1684
1720
1735
1770
1786
1784
1759
1754
1738
1749
1747
1771
1772
1748
1703
1657
1603
1568
1521
1487
1496
1535
1597
1685
1777
1838
1898
1933
1983
2012
2039
2041
2024
1999
2003
1989
1968
1921
1885
1813
1752
1688
1673
1653
1674
1702
1699
1686
1710
1761
1778
1752
1731
1740
1776
1826
1871
1934
1975
2011
2043
2078
2079
2104
2125
2143
2149
2149
2126
2107
2062
2018
1969
1936
1904
1895
1905
1929
1954
1972
1990
1997
1971
1921
1849
1756
1709
1695
1711
1707
1718
1705
1679
1641
1619
1598
1579
1569
1512
1465
1425
1455
1499
1547
1572
1559
1566
1579
1593
1624
1655
1688
1701
1689
1650
1599
1526
1416
1357
1312
1288
1258
1225
1195
1170
1181
1219
1273
1344
1429
1522
1572
1594
1584
1573
1547
1534
1527
1521
1470
1429
1405
1409
1421
1452
1485
1506
1542
1607
1689
1769
1819
1828
1788
1716
1640
1560
1451
1375
1338
1325
1339
1355
1400
1465
1611
1722
1812
1829
1861
1883
1915
1930
1956
1943
1911
1863
1824
1771
1722
1664
1609
1567
1571
1598
1632
1647
1633
1633
1643
47.05078125
1.662890553
999
