5835
1987
1984
1951
1956
1923
1943
1930
1942
1923
1960
1977
2011
2024
2031
2035
2058
2067
2069
2052
2038
2068
2063
2076
2067
2080
2069
2078
2058
2068
2072
2106
2075
2078
2048
2069
2055
2079
2043
2073
2062
2079
2022
2060
2040
2083
2030
2034
1957
1982
1960
1978
1915
1921
1903
1936
1897
1931
1917
1959
1954
1976
1936
1974
1987
1997
1967
1975
1994
2028
2027
2015
2014
2032
2046
2044
2027
2007
2029
2029
2027
2017
2036
2045
2092
2067
2079
2052
2109
2073
2081
2045
2049
2016
2036
1986
1991
1972
2027
2016
2053
2024
2090
2073
2108
2081
2124
2120
2148
2118
2106
2083
2114
2100
2086
2062
2037
2054
2061
2072
2044
2036
2043
2042
2018
2029
2031
2069
2048
2049
2016
2045
2062
2054
2026
2052
2073
2076
2043
2040
2060
2086
2095
2077
2055
2071
2085
2051
2041
1997
2037
2011
2028
2001
2039
2036
2088
2046
2076
2038
2086
2038
2060
2007
2044
2026
2070
2011
2056
2042
2110
2075
2101
2039
2090
2053
2074
2027
2069
2041
2084
2069
2083
2071
2102
2107
2104
2105
2077
2114
2108
2143
2118
2148
2136
2172
2128
2159
2083
2142
2120
2168
2100
2137
2110
2162
2120
2156
2118
2185
2169
2200
2161
2191
2178
2203
2155
2155
2153
2160
2179
2146
2143
2116
2150
2129
2128
2087
2123
2091
2159
2086
2123
2089
2162
2129
2176
2132
2212
2181
2221
2163
2212
2189
2253
2200
2226
2169
2211
2172
2182
2133
2126
2123
2143
2129
2118
2120
2134
2143
2116
2148
2105
2159
2141
2160
2116
2168
2139
2212
2142
2192
2124
2194
2137
2188
2130
2140
2105
2164
2121
2138
2092
2130
2131
2129
2105
2096
2109
2133
2116
2111
2114
2102
2151
2136
2154
2149
2191
2146
2179
2107
2141
2113
2137
2081
2111
2075
2141
2095
2151
2109
2189
2153
2200
2152
2205
2162
2225
2171
2203
2136
2190
2159
2167
2133
2132
2135
2142
2111
2092
2076
2053
2077
2034
2034
2015
2047
2011
2032
1978
2025
2001
2063
1991
2037
1996
2067
2019
2056
1975
2010
1947
1966
1918
1971
1963
2010
1979
1990
1959
1986
1953
1971
1962
1944
1960
1959
1973
1955
1952
1950
2012
1986
2003
1944
1969
1931
1931
1874
1889
1843
1887
1834
1869
1839
1891
1857
1904
1861
1895
1847
1883
1818
1844
1821
1862
1882
1903
1893
1934
1947
1951
1948
1922
1916
1915
1946
1922
1935
1930
1962
1953
1992
1960
2014
2003
2031
1982
2045
2003
2069
2055
2079
2045
2096
2089
2119
2093
2079
2053
2082
2061
2039
2001
1988
2003
1995
1991
1963
2011
2015
2026
2017
2045
2002
2038
1987
1994
1930
1955
1906
1941
1914
1918
1897
1941
1935
1952
1930
1925
1934
1921
1904
1903
1924
1925
1922
1889
1889
1886
1903
1883
1883
1874
1907
1891
1908
1882
1918
1918
1963
1920
1948
1922
1966
1951
1972
1934
1962
1950
1967
1939
1936
1922
1940
1933
1929
1919
1899
1907
1905
1913
1872
1873
1845
1835
1781
1799
1761
1813
1802
1825
1779
1818
1819
1874
1857
1900
1889
1954
1949
1988
1987
1990
2010
2021
2002
1980
1970
1988
1983
1949
1925
1889
1903
1878
1869
1847
1871
1874
1914
1874
1880
1855
1909
1871
1918
1875
1937
1918
1929
1875
1906
1900
1951
1912
1920
1883
1930
1904
1924
1895
1921
1928
1946
1915
1908
1926
1937
1920
1914
1920
1907
1944
1920
1928
1900
1925
1906
1946
1881
1901
1866
1933
1881
1915
1880
1935
1932
1966
1939
1988
1970
2027
2006
2015
1975
2014
1992
2003
1964
1989
1981
1971
1957
1950
1935
1934
1912
1873
1875
1837
1899
1887
1909
1875
1913
1914
1948
1896
1934
1877
1935
1884
1912
1845
1901
1895
1939
1898
1925
1879
1937
1895
1915
1890
1908
1915
1918
1909
1920
1950
1967
1989
1953
1955
1932
1987
1955
1976
1916
1951
1907
1943
1870
1912
1893
1969
1919
1965
1924
2018
2005
2039
1979
2017
1964
1986
1947
1932
1875
1908
1894
1905
1883
1859
1898
1920
1923
1902
1912
1932
1972
1936
1985
1945
2005
1967
1989
1920
1954
1890
1940
1865
1902
1832
1891
1832
1872
1822
1853
1826
1878
1843
1889
1852
1903
1919
1905
1914
1903
1924
1920
1913
1879
1900
1854
1917
1867
1916
1877
1943
1929
1986
1934
1984
1946
2021
1962
1989
1951
1991
1984
2025
1984
2008
1971
2028
2014
1991
1995
1984
1996
1995
2019
2002
2018
1983
2040
1971
1986
1910
1952
1887
1928
1870
1892
1846
1897
1831
1860
1818
1858
1855
1873
1854
1877
1894
1947
1923
1929
1939
1937
1980
1960
1968
1944
1986
1951
2014
1954
2003
1969
2030
1965
2016
1992
2046
2015
2067
2013
2048
2023
2084
2058
2074
2059
2064
2079
2073
2043
2043
2056
2039
2080
2033
2064
2042
2085
2041
2089
2039
2091
2035
2107
2066
2122
2069
2131
2097
2126
2067
2096
2043
2065
2018
2042
2038
2049
2055
2059
2062
2070
2090
2089
2135
2093
2110
2075
2128
2079
2123
2068
2101
2057
2101
2031
2069
2032
2103
2063
2098
2031
2065
2049
2085
2026
2060
2042
2063
2088
2081
2104
2118
2147
2135
2144
2087
2111
2082
2134
2086
2110
2066
2118
2071
2106
2035
2094
2070
2135
2073
2101
2047
2107
2098
2151
2094
2127
2115
2121
2115
2088
2082
2086
2109
2085
2086
2056
2113
2105
2142
2090
2109
2067
2115
2078
2108
2021
2056
2013
2068
1997
2031
2002
2060
2041
2072
2034
2071
2052
2078
2055
2038
2035
2038
2056
2046
2059
2077
2102
2053
2083
2029
2048
1998
2025
1956
1994
1941
1987
1944
1993
1940
2010
1987
2069
2074
2106
2084
2135
2110
2150
2095
2086
2066
2060
2053
2033
2007
2022
2050
2026
2058
1998
2026
2007
2037
1974
2005
1951
2014
1989
2035
1971
2035
2011
2085
2076
2122
2061
2121
2102
2124
2065
2093
2071
2084
2056
2045
2022
2043
2050
2039
2028
1982
2006
1991
2022
1972
1988
1978
2013
1951
1990
1926
1989
1963
2030
1966
2001
1967
2001
1962
1982
1920
1935
1923
1936
1940
1906
1896
1894
1898
1879
1875
1835
1863
1819
1838
1786
1813
1795
1845
1831
1878
1820
1875
1840
1892
1821
1863
1814
1846
1808
1830
1765
1791
1750
1796
1784
1781
1777
1814
1826
1841
1830
1853
1864
1869
1887
1847
1858
1845
1868
1821
1852
1800
1855
1840
1877
1822
1856
1843
1897
1870
1893
1843
1891
1875
1922
1871
1921
1908
1944
1922
1939
1910
1941
1926
1933
1926
1889
1897
1907
1900
1871
1864
1852
1893
1870
1889
1867
1905
1894
1906
1860
1888
1863
1940
1917
1938
1901
1955
1936
1993
1957
1966
1924
1976
1946
1975
1960
1965
1953
1965
1934
1950
1933
1972
1974
1966
1947
1923
1935
1946
1934
1935
1945
1911
1942
1918
1936
1905
1923
1905
1928
1875
1880
1835
1873
1835
1852
1798
1838
1843
1903
1878
1913
1902
1976
1970
2015
2006
1994
1986
2012
1983
1968
1935
1940
1950
1934
1924
1907
1910
1928
1919
1902
1921
1930
1992
1972
1985
1963
1987
1945
1973
1931
1940
1923
1969
1931
1943
1908
1950
1957
2012
1978
2000
1984
2027
1980
1988
1921
1931
1915
1931
1875
1889
1867
1900
1905
1921
1915
1945
1957
1970
1959
1945
1956
1966
1987
1975
1968
1967
1991
1977
1997
1958
1983
1976
2024
1971
2025
1979
2008
1948
1971
1918
1938
1891
1927
1899
1938
1892
1952
1942
1999
1967
2013
2011
2051
2056
2088
2052
2078
2068
2070
2068
2034
2030
2020
2030
2002
1985
1943
2003
1997
2031
1987
2023
2024
2070
2034
2077
2017
2097
2051
2095
2029
2096
2075
2168
2123
2162
2098
2162
2115
2160
2128
2129
2113
2161
2127
2148
2114
2164
2149
2143
2122
2087
2090
2082
2074
2071
2098
2058
2124
2101
2129
2099
2158
2127
2183
2112
2145
2082
2146
2100
2144
2098
2163
2138
2199
2129
2166
2118
2190
2150
2176
2134
2128
2086
2104
2045
2069
2017
2023
2031
1999
1987
1986
2007
2023
2007
1996
2029
2019
2069
2051
2050
2015
2029
1980
2031
1988
2006
1980
2024
1993
2005
1983
2014
1990
2035
1997
2019
1992
2046
2036
2059
2004
2043
2051
2087
2030
2052
2041
2085
2088
2115
2094
2129
2147
2200
2201
2208
2194
2229
2235
2244
2228
2251
2244
2254
2232
2196
2172
2185
2186
2166
2166
2125
2148
2130
2135
2096
2110
2118
2154
2136
2153
2113
2159
2145
2164
2122
2181
2158
2221
2187
2205
2168
2223
2200
2246
2202
2247
2202
2257
2215
2247
2188
2194
2160
2166
2137
2137
2104
2150
2108
2130
2134
2142
2167
2182
2162
2149
2137
2118
2171
2148
2161
2113
2144
2143
2152
2126
2167
2133
2207
2158
2194
2143
2204
2184
2250
2189
2231
2188
2259
2197
2229
2180
2219
2194
2258
2204
2236
2195
2266
2243
2249
2201
2209
2185
2211
2158
2172
2159
2163
2195
2187
2187
2203
2215
2236
2260
2213
2221
2195
2226
2174
2181
2138
2151
2107
2143
2083
2103
2075
2121
2078
2136
2096
2155
2130
2196
2151
2195
2163
2200
2189
2211
2180
2200
2187
2223
2181
2191
2182
2190
2190
2191
2159
2154
2153
2145
2153
2118
2098
2083
2071
2055
2036
1969
1963
1939
1958
1936
1951
1953
1990
1973
2003
1973
2003
1993
2014
1995
2016
2020
2092
2075
2110
2066
2106
2099
2128
2115
2142
2082
2118
2079
2102
2036
2091
2064
2112
2068
2105
2067
2132
2098
2128
2088
2100
2081
2126
2084
2103
2060
2110
2095
2105
2133
2090
2131
2082
2135
2080
2110
2075
2083
2038
2099
2076
2100
2026
2056
2056
2073
2080
2096
2084
2102
2098
2084
2099
2063
2065
2076
2094
2076
2084
2052
2085
2053
2071
2022
2030
2004
2034
1984
2030
1944
2001
1974
2009
1951
1980
1930
1996
1961
1996
1944
2007
1981
2025
2015
2045
2031
2095
2074
2094
2051
2097
2069
2089
2046
2038
2000
2044
2010
2024
2010
2007
2019
2022
1977
1977
1960
2005
2013
2008
1998
1992
2016
2024
2003
1992
1981
1956
1975
1949
1937
1928
1952
1958
1953
1913
1931
1934
1961
1923
1922
1906
1937
1920
1928
1833
1830
1797
1823
1764
1792
1747
1782
1767
1810
1784
1821
1800
1869
1854
1898
1861
1925
1901
1951
1901
1951
1907
1956
1914
1944
1891
1938
1905
1929
1905
1925
1910
1949
1935
1978
1961
1996
2009
2031
2041
2040
2026
2041
2040
2041
2064
2026
2056
2059
2077
2028
2027
1993
2072
2037
2075
2018
2066
2045
2072
2028
2072
1990
2062
2005
2040
1973
2040
2006
2065
2006
2051
1999
2086
2034
2089
2060
2088
2080
2133
2087
2107
2071
2116
2095
2100
2077
2082
2078
2110
2076
2098
2080
2086
2088
2087
2084
2093
2100
2120
2108
2081
2081
2099
2119
2102
2091
2086
2076
2077
2076
2045
2046
2040
2042
2020
2052
2036
2060
2072
2100
2110
2128
2137
2164
2127
2133
2073
2095
2056
2067
2007
2043
1992
2045
2011
2056
2006
2056
2030
2089
2050
2086
2039
2106
2052
2082
2002
2047
2005
2059
2018
2064
2022
2098
2070
2120
2092
2089
2073
2126
2094
2113
2066
2086
2114
2107
2088
2073
2096
2120
2116
2110
2132
2112
2152
2133
2137
2099
2134
2116
2179
2141
2174
2137
2182
2127
2130
2072
2110
2068
2101
2022
2051
2020
2089
2063
2097
2056
2106
2095
2147
2099
2148
2131
2161
2145
2159
2128
2162
2161
2186
2131
2139
2109
2146
2129
2149
2121
2138
2125
2147
2140
2162
2144
2185
2166
2187
2175
2165
2144
2150
2115
2102
2070
2111
2107
2108
2095
2096
2087
2129
2124
2143
2164
2183
2215
2233
2236
2220
2222
2250
2242
2197
2203
2164
2193
2166
2163
2136
2154
2128
2187
2123
2148
2120
2180
2146
2186
2123
2145
2099
2162
2095
2123
2075
2134
2098
2135
2054
2097
2043
2093
2019
2081
2029
2089
2060
2087
2043
2110
2078
2094
2071
2071
2038
2089
2062
2065
2016
2025
2033
2031
2023
2011
1989
2011
2008
1996
2001
1964
1990
1980
1985
1947
1943
1898
1937
1893
1894
1842
1875
1864
1884
1853
1900
1854
1914
1892
1930
1892
1933
1894
1942
1903
1915
1855
1886
1839
1840
1806
1830
1805
1847
1829
1857
1817
1875
1873
1929
1894
1911
1880
1916
1874
1888
1865
1862
1826
1837
1794
1797
1765
1826
1821
1821
1795
1810
1822
1840
1813
1815
1804
1823
1865
1871
1871
1883
1924
1948
1955
1915
1934
1926
1958
1925
1926
1905
1915
1872
1907
1848
1889
1867
1911
1865
1936
1892
1971
1937
1993
1929
1981
1959
2031
1987
2031
1990
2066
2039
2078
2031
2101
2064
2134
2104
2144
2083
2112
2075
2081
2058
2058
2033
2065
2056
2084
2045
2071
2102
2097
2085
2071
2064
2078
2068
2060
2057
2018
2030
2009
1997
1964
1975
1955
1993
1973
1995
1966
2007
2012
2024
2006
2042
2018
2058
2036
2059
2029
2063
2036
2054
1991
2009
1971
2016
1985
2012
2009
2045
2040
2073
2026
2051
2030
2068
2031
2070
2002
2054
2045
2083
2068
2123
2112
2169
2139
2165
2103
2164
2145
2170
2142
2139
2123
2169
2140
2149
2087
2121
2078
2069
2047
2040
2028
2059
2054
2061
2054
2029
2079
2089
2096
2091
2112
2125
2165
2124
2165
2114
2163
2137
2169
2129
2177
2135
2216
2164
2218
2165
2256
2202
2267
2208
2247
2201
2264
2200
2235
2162
2210
2177
2226
2170
2200
2166
2230
2188
2218
2196
2199
2190
2218
2177
2196
2169
2189
2210
2209
2205
2207
2212
2215
2173
2151
2143
2127
2128
2085
2068
2059
2076
2066
2091
2084
2102
2102
2137
2119
2126
2115
2166
2143
2171
2145
2168
2180
2205
2191
2224
2190
2243
2237
2248
2206
2232
2208
2266
2214
2227
2194
2258
2248
2274
2248
2274
2255
2300
2238
2255
2212
2269
2227
2252
2192
2208
2194
2254
2194
2253
2223
2250
2255
2274
2247
2263
2240
2279
2268
2252
2251
2263
2280
2299
2270
2287
2304
2299
2334
2312
2323
2313
2335
2316
2330
2254
2275
2257
2291
2242
2269
2242
2290
2247
2282
2204
2267
2236
2289
2230
2308
2256
2315
2284
2330
2265
2323
2287
2319
2286
2302
2248
2296
2264
2273
2220
2239
2232
2262
2234
2225
2190
2229
2218
2206
2207
2195
2212
2245
2239
2224
2217
2211
2261
2250
2264
2230
2251
2262
2254
2235
2250
2239
2284
2267
2251
2230
2263
2250
2290
2238
2256
2228
2273
2246
2252
2246
2282
2258
2287
2237
2264
2242
2281
2254
2276
2210
2228
2200
2247
2177
2195
2150
2190
2156
2169
2131
2162
2136
2170
2158
2162
2122
2147
2136
2154
2120
2142
2125
2127
2127
2130
2139
2169
2188
2203
2224
2195
2202
2191
2215
2180
2164
2156
2188
2162
2208
2154
2205
2159
2189
2130
2170
2107
2169
2124
2180
2123
2190
2148
2218
2162
2196
2147
2231
2184
2209
2146
2178
2152
2186
2122
2132
2083
2136
2099
2144
2148
2154
2183
2215
2199
2200
2184
2168
2212
2179
2175
2136
2169
2155
2174
2144
2201
2176
2227
2184
2197
2167
2222
2182
2230
2154
2193
2150
2219
2148
2166
2121
2160
2132
2153
2098
2125
2098
2146
2105
2105
2075
2087
2085
2111
2076
2082
2059
2051
2075
2077
2072
2065
2081
2107
2121
2116
2132
2136
2176
2178
2172
2164
2147
2137
2168
2143
2135
2111
2122
2096
2114
2074
2106
2098
2148
2123
2141
2117
2140
2117
2138
2088
2114
2094
2129
2079
2128
2068
2132
2110
2163
2123
2190
2179
2217
2175
2194
2148
2183
2145
2159
2103
2120
2115
2150
2120
2122
2096
2149
2131
2134
2154
2145
2176
2191
2194
2185
2188
2170
2214
2163
2181
2131
2175
2143
2144
2099
2138
2100
2170
2109
2152
2077
2137
2094
2133
2044
2091
2038
2091
1993
2038
2010
2047
2046
2108
2070
2112
2088
2150
2127
2115
2087
2077
2075
2076
2051
2049
2064
2045
2075
2059
2074
2066
2107
2089
2099
2064
2089
2079
2128
2075
2080
2031
2033
1980
2018
1964
1994
1970
2038
2004
2071
2030
2070
2046
2092
2044
2064
2033
2065
2030
2039
1991
2035
2025
2053
2011
2048
2053
2105
2106
2116
2095
2137
2135
2138
2124
2104
2120
2153
2147
2128
2107
2112
2142
2128
2128
2102
2111
2108
2101
2062
2081
2048
2091
2060
2056
2016
2028
2021
2083
2042
2066
2029
2083
2053
2083
2065
2094
2084
2136
2092
2125
2093
2160
2135
2181
2153
2178
2152
2194
2143
2171
2119
2119
2099
2083
2055
2043
2029
2045
2020
2003
2009
2009
2026
2004
1991
1988
2003
1978
2008
1972
1973
1943
1987
1944
1985
1931
1973
1956
2022
1979
2017
1975
2018
1972
2013
1940
1984
1954
2011
1950
2006
1960
2000
1990
2025
1965
2004
1981
1988
1976
1978
1957
1988
2013
2044
2035
2033
2075
2067
2096
2062
2079
2084
2109
2074
2117
2054
2117
2096
2120
2057
2091
2046
2112
2071
2108
2035
2108
2066
2101
2051
2082
2044
2103
2053
2073
2050
2114
2073
2088
2063
2080
2049
2082
2062
2069
2065
2050
2069
2073
2066
2056
2064
2089
2105
2056
2074
2046
2078
2043
2039
1995
1995
1955
1994
1941
1962
1921
1966
1947
2013
1980
2013
1995
2055
2022
2041
1991
2028
2011
2035
1997
2008
1993
2034
1993
2014
2005
2028
2038
2060
2028
2044
2051
2053
2071
2059
2049
2053
2083
2100
2092
2073
2077
2075
2096
2074
2068
2072
2083
2053
2061
2016
2020
2024
2045
1989
1989
1945
1998
1972
2011
1963
2016
2008
2061
2031
2072
2050
2134
2114
2145
2106
2169
2151
2197
2164
2181
2153
2197
2170
2171
2137
2098
2091
2083
2064
2046
2019
2030
2025
1990
1986
1949
1997
2005
2025
1990
2030
1977
2026
1975
2031
1992
2075
2054
2125
2077
2141
2106
2188
2138
2178
2109
2156
2138
2174
2136
2167
2128
2187
2148
2181
2172
2165
2171
2205
2201
2203
2193
2172
2208
2189
2203
2164
2188
2184
2192
2140
2171
2116
2183
2120
2163
2093
2155
2112
2183
2113
2155
2114
2184
2130
2182
2132
2165
2144
2208
2152
2187
2163
2222
2186
2185
2156
2166
2173
2190
2172
2177
2182
2174
2212
2185
2193
2172
2202
2166
2168
2107
2147
2141
2207
2171
2206
2180
2210
2177
2224
2156
2195
2240
2188
2236
2204
2252
2222
2247
2199
2224
2199
2240
2207
2207
2178
2194
2191
2209
2174
2192
2198
2216
2225
2208
2196
2195
2202
2194
2190
2155
2167
2169
2187
2161
2167
2157
2174
2162
2183
2138
2156
2149
2188
2159
2206
2175
2221
2208
2232
2175
2198
2173
2202
2184
2180
2137
2174
2151
2177
2120
2119
2102
2131
2114
2114
2086
2119
2114
2102
2078
2051
2053
2060
2052
2043
2026
2021
2080
2063
2087
2072
2115
2124
2138
2125
2167
2137
2205
2179
2196
2151
2213
2206
2269
2232
2252
2212
2272
2216
2238
2210
2251
2246
2285
2234
2276
2239
2294
2275
2276
2242
2252
2259
2282
2255
2254
2225
2217
2244
2210
2202
2178
2201
2201
2229
2173
2218
2178
2234
2184
2228
2181
2233
2212
2272
2216
2267
2216
2283
2232
2270
2210
2236
2190
2224
2141
2166
2123
2136
2130
2142
2123
2155
2159
2185
2154
2146
2136
2127
2146
2122
2124
2100
2130
2104
2164
2102
2140
2119
2156
2090
2115
2096
2150
2088
2131
2056
2089
2054
2102
2054
2075
2013
2069
2040
2081
2016
2072
2068
2111
2104
2104
2084
2118
2106
2106
2094
2058
2082
2082
2118
2101
2118
2117
2148
2103
2133
2066
2097
2060
2084
2035
2082
2030
2100
2048
2079
2015
2074
2043
2089
2047
2075
2035
2082
2019
2051
1998
2009
2026
2053
2040
2035
2019
2049
2035
2021
2041
2010
2052
2056
2081
2066
2080
2070
2130
2087
2108
2049
2100
2064
2095
2058
2071
2010
2069
2011
2029
1952
2016
1990
2031
1983
2005
1980
2049
2031
2051
2055
2053
2062
2072
2059
2055
2050
2082
2083
2047
2048
2025
2048
2032
2018
1983
2011
1999
2046
2011
2039
2031
2079
2055
2086
2026
2038
2014
2051
1989
2019
2004
2060
2057
2079
2043
2066
2061
2097
2063
2063
2034
2052
2046
2056
2036
2044
2042
2044
2050
2027
2037
2052
2080
2081
2075
2057
2067
2058
2066
2032
2017
1995
1990
1943
1947
1885
1910
1881
1915
1884
1910
1893
1941
1930
1972
1950
2003
1973
2008
1976
1996
1955
1997
1985
2013
1977
2009
1986
2000
1984
1962
1925
1955
1943
1931
1912
1882
1915
1908
1917
1900
1919
1931
1953
1901
1922
1855
1901
1886
1928
1870
1916
1889
1962
1919
1955
1914
1973
1927
1957
1893
1905
1870
1917
1855
1871
1832
1888
1929
1949
1932
1967
1991
2026
2011
2011
2021
1979
2004
1974
1968
1930
1958
1917
1987
1935
1975
1928
2000
1959
1997
1952
1993
1967
2043
1995
2055
2024
2096
2055
2109
2062
2097
2057
2106
2040
2067
2020
2039
2041
2067
2056
2076
2087
2128
2158
2142
2154
2142
2173
2164
2170
2148
2158
2094
2125
2052
2081
2046
2115
2052
2109
2052
2122
2096
2156
2092
2140
2106
2181
2153
2192
2130
2179
2158
2195
2143
2178
2176
2210
2221
2218
2198
2225
2226
2203
2222
2186
2195
2178
2202
2168
2166
2126
2210
2180
2222
2166
2213
2192
2236
2204
2228
2163
2222
2175
2213
2138
2200
2159
2215
2184
2204
2183
2217
2214
2227
2232
2202
2211
2220
2242
2229
2239
2235
2266
2242
2251
2191
2218
2194
2220
2175
2208
2162
2209
2182
2235
2188
2223
2198
2258
2239
2254
2218
2275
2250
2275
2238
2257
2258
2270
2251
2247
2210
2233
2218
2204
2196
2164
2169
2179
2169
2136
2134
2112
2149
2131
2145
2116
2150
2134
2139
2113
2134
2092
2135
2091
2115
2067
2122
2104
2145
2102
2110
2089
2143
2122
2143
2126
2145
2163
2194
2163
2176
2144
2174
2147
2130
2098
2087
2086
2089
2061
2071
2101
2091
2118
2113
2128
2126
2164
2168
2193
2144
2170
2141
2188
2143
2179
2161
2219
2206
2228
2178
2200
2169
2218
2175
2211
2186
2210
2182
2204
2161
2195
2167
2183
2177
2168
2154
2171
2177
2182
2154
2153
2158
2150
2166
2145
2152
2159
2184
2164
2207
2157
2198
2184
2233
2182
2222
2195
2240
2200
2217
2155
2178
2145
2190
2127
2144
2093
2142
2117
2161
2115
2153
2123
2142
2128
2123
2095
2120
2093
2095
2091
2046
2072
2065
2092
2075
2080
2084
2118
2077
2109
2046
2107
2083
2112
2052
2122
2059
2140
2101
2156
2097
2155
2120
2174
2124
2148
2105
2160
2120
2143
2085
2084
2066
2064
2034
2020
1998
2021
1998
1983
2012
1988
2036
2023
2041
1996
1987
1910
1946
1853
1866
1774
1825
1778
1803
1758
1806
1756
1833
1798
1862
1821
1901
1856
1899
1840
1851
1811
1857
1817
1847
1824
1814
1830
1834
1849
1858
1886
1922
1946
1934
1977
1952
2019
2009
2033
2004
2058
2014
2098
2046
2079
2000
2054
1984
2035
1965
1995
1964
2022
1961
2008
1962
2008
2016
2040
2007
2025
2022
2065
2014
2031
2031
2028
2061
2051
2052
2043
2064
2048
2083
2041
2077
2054
2102
2056
2053
2012
2035
2004
2066
2008
2075
2056
2110
2085
2113
2086
2107
2087
2133
2083
2112
2093
2136
2132
2157
2147
2172
2180
2193
2176
2154
2143
2144
2142
2109
2094
2085
2086
2082
2094
2066
2074
2077
2112
2094
2116
2078
2111
2083
2101
2037
2042
2005
2016
1985
1995
1956
1996
1966
1987
1947
1992
1985
2040
2023
2053
2023
2060
2056
2066
2052
2039
2022
2025
2009
2006
1987
2010
2034
2048
2045
2039
2033
2041
2036
1983
1988
1929
1982
1965
1973
1950
1987
1967
2026
1974
1999
1954
2015
1979
1998
1945
1966
1931
1975
1937
1969
1933
1995
1967
1987
1954
1978
1976
2011
1987
2012
1998
1991
2008
2015
2011
1999
2014
2022
2023
1968
1995
1949
1989
1947
1966
1931
1995
1980
2029
1990
2047
2009
2070
2016
2058
2005
2042
1996
2043
1992
2033
1986
2021
2011
2011
1981
1979
1955
1985
1954
1979
1975
1978
2012
2023
2019
2023
2043
2019
2090
2036
2056
2025
2061
2019
2020
1945
1983
1941
1986
1927
1964
1929
2006
1970
1994
1923
1977
1954
1995
1906
1942
1915
1960
1955
1978
1970
2014
2010
2038
2025
2003
2007
2008
2028
2002
1995
1995
2004
1972
1993
1932
1955
1928
1956
1903
1952
1897
1964
1939
1983
1918
1976
1930
1952
1934
1941
1895
1927
1919
1944
1888
1912
1928
1947
1966
1963
1973
1985
2008
2013
2049
2000
2024
2010
2028
1984
1990
1919
1973
1926
1977
1918
1965
1931
1994
1964
2011
1975
2042
2020
2050
1978
1994
1955
1979
1929
1923
1877
1912
1888
1903
1906
1903
1917
1934
1951
1953
1948
1964
1966
1959
1973
1943
1967
1964
1981
1946
1982
1935
1990
1957
1943
1884
1903
1881
1904
1846
1860
1810
1878
1866
1896
1856
1925
1923
1960
1914
1931
1907
1971
1932
1952
1934
1939
1951
1981
1969
1980
1946
1939
1946
1928
1912
1898
1900
1879
1835
1799
1814
1798
1851
1840
1858
1836
1874
1847
1903
1864
1903
1881
1923
1871
1898
1888
1930
1911
1960
1926
1954
1935
1969
1919
1933
1888
1913
1915
1954
1932
1956
1936
1974
1986
1997
1986
1990
1987
2013
2019
1994
2008
2006
2050
2037
2043
2066
2099
2080
2125
2075
2116
2090
2136
2073
2127
2067
2123
2104
2147
2085
2121
2093
2127
2085
2097
2040
2099
2080
2119
2073
2112
2112
2157
2144
2157
2130
2178
2159
2151
2150
2120
2153
2155
2170
2159
2168
2111
2187
2164
2185
2123
2150
2131
2171
2150
2191
2130
2182
2135
2176
2112
2171
2123
2175
2110
2152
2101
2180
2119
2155
2106
2105
2095
2120
2084
2091
2063
2112
2112
2089
2083
2063
2082
2072
2071
2055
2088
2046
2108
2061
2081
2026
2066
2035
2082
2024
2070
2017
2083
2011
2056
1987
2033
1992
2046
1978
2012
1964
2023
1982
2039
2002
2038
2046
2104
2076
2109
2085
2106
2138
2122
2114
2086
2094
2089
2081
2069
2087
2046
2074
2013
2034
1994
2029
1967
2006
1958
2001
1979
2020
1977
2007
2000
2048
2039
2092
2043
2076
2056
2122
2079
2081
2041
2091
2085
2104
2071
2094
2066
2075
2064
2046
2020
2008
1988
1971
1954
1943
1960
1987
2019
2019
2038
2069
2082
2083
2100
2079
2096
2106
2117
2088
2109
2078
2132
2118
2146
2109
2144
2118
2160
2143
2160
2108
2146
2124
2154
2111
2123
2076
2096
2051
2040
1989
2023
1998
2009
1992
1995
2011
2042
2032
2053
2031
2040
2068
2059
2049
2041
2064
2085
2087
2073
2123
2078
2132
2118
2129
2088
2133
2107
2175
2130
2159
2094
2160
2115
2161
2146
2179
2147
2209
2149
2186
2146
2201
2160
2184
2133
2147
2127
2187
2163
2192
2182
2197
2216
2212
2212
2199
2202
2223
2228
2176
2190
2155
2192
2152
2166
2139
2171
2127
2195
2121
2142
2076
2134
2038
2080
2015
2063
2024
2091
2034
2125
2163
2133
2196
2127
2183
2143
2182
2113
2164
2116
2168
2123
2152
2088
2124
2098
2158
2101
2075
2033
2044
2041
2040
1991
2019
2010
2033
2042
2017
2049
2071
2093
2060
2064
2006
2038
2016
2037
1997
2026
2023
2066
2015
2068
2014
2088
2043
2086
2019
2058
2024
2076
2029
2055
1996
2050
2009
2034
2002
2030
2017
2062
2051
2076
2046
2086
2120
2127
2106
2113
2120
2138
2118
2103
2120
2080
2111
2082
2081
2049
2066
2029
2083
2029
2058
2018
2064
2023
2047
2013
2039
1996
2038
2014
2038
1989
2031
2000
2035
1974
1980
1956
2012
2002
2040
2026
2039
2050
2067
2036
2013
1981
1976
1931
1897
1855
1821
1835
1860
1872
1891
1919
1928
1999
2006
2038
2036
2078
2078
2087
2027
2034
1993
2030
1988
1997
1963
2012
2008
2062
2029
2071
2059
2126
2080
2110
2047
2090
2062
2120
2067
2103
2075
2111
2106
2099
2046
2063
2044
2051
2012
2020
2023
2041
2053
2042
2041
2059
2062
2026
2021
1976
2009
1999
2038
1998
2022
1997
2081
2053
2103
2038
2082
2047
2096
2041
2079
2020
2098
2060
2104
2038
2089
2051
2086
2040
2069
2020
2076
2042
2077
2047
2046
2043
2055
2052
2055
2021
2023
2010
1990
1979
1936
1964
1969
1982
1960
1986
1941
2021
1967
1999
1918
1938
1919
1940
1880
1915
1860
1944
1923
1979
1918
1991
1989
2051
2010
2041
1984
2029
1991
2026
1996
2009
2011
2061
2027
2035
1999
1997
2008
2009
1988
1976
1984
2005
2008
2043
2059
2045
2104
2106
2107
2092
2109
2079
2114
2045
2071
2052
2078
2041
2035
1979
2003
1969
2000
1967
1998
1978
2040
2054
2097
2059
2077
2069
2114
2072
2082
2055
2074
2043
2057
2032
2065
2064
2126
2120
2130
2099
2138
2134
2151
2100
2132
2104
2116
2119
2108
2078
2072
2077
2083
2077
2039
2033
2038
2044
2007
1998
2012
2044
2016
2045
1997
2047
2040
2087
2061
2137
2102
2180
2146
2189
2138
2207
2182
2218
2166
2206
2140
2200
2151
2169
2096
2131
2124
2157
2125
2137
2111
2169
2146
2159
2158
2146
2156
2172
2153
2165
2178
2160
2204
2181
2201
2154
2179
2158
2172
2137
2195
2143
2227
2166
2206
2136
2207
2172
2214
2137
2177
2118
2177
2115
2147
2120
2153
2119
2165
2112
2151
2108
2172
2139
2146
2137
2136
2148
2173
2137
2131
2144
2146
2174
2162
2167
2159
2197
2188
2199
2166
2191
2195
2236
2212
2242
2243
2274
2253
2290
2237
2253
2231
2263
2200
2211
2149
2185
2166
2212
2153
2170
2157
2186
2165
2182
2142
2176
2169
2197
2165
2204
2195
2252
2230
2242
2228
2274
2265
2294
2262
2245
2225
2254
2226
2221
2167
2169
2180
2174
2178
2180
2184
2206
2192
2178
2193
2183
2224
2221
2233
2213
2221
2186
2229
2186
2219
2171
2217
2179
2217
2186
2218
2179
2223
2169
2202
2157
2197
2145
2189
2127
2142
2110
2162
2116
2162
2123
2156
2132
2169
2135
2151
2135
2189
2170
2165
2150
2164
2183
2198
2186
2174
2167
2163
2199
2170
2179
2174
2196
2175
2217
2169
2208
2183
2248
2184
2222
2191
2254
2226
2276
2207
2248
2209
2271
2211
2274
2214
2270
2233
2284
2213
2264
2246
2305
2283
2295
2258
2294
2271
2284
2229
2226
2227
2220
2220
2199
2201
2215
2218
2217
2240
2207
2250
2241
2261
2235
2262
2222
2298
2249
2283
2231
2280
2250
2269
2221
2256
2193
2251
2198
2242
2183
2227
2194
2236
2206
2230
2195
2240
2228
2258
2238
2231
2238
2243
2240
2228
2229
2249
2261
2239
2248
2218
2241
2241
2259
2241
2255
2219
2263
2251
2277
2238
2261
2276
2310
2269
2282
2226
2285
2250
2266
2238
2273
2256
2295
2251
2260
2228
2275
2233
2248
2201
2210
2196
2228
2198
2213
2195
2224
2235
2240
2207
2227
2233
2274
2239
2241
2230
2231
2240
2240
2209
2199
2204
2171
2201
2164
2182
2175
2215
2189
2186
2157
2194
2176
2221
2176
2213
2173
2228
2183
2230
2168
2208
2168
2212
2155
2204
2164
2217
2186
2222
2170
2207
2165
2214
2179
2193
2150
2197
2185
2217
2180
2200
2208
2211
2212
2185
2177
2179
2191
2181
2194
2147
2187
2163
2197
2166
2198
2174
2219
2195
2246
2171
2222
2180
2229
2172
2231
2163
2221
2188
2232
2164
2222
2198
2240
2194
2197
2144
2202
2149
2156
2083
2113
2123
2142
2114
2111
2097
2135
2136
2134
2137
2114
2153
2156
2154
2133
2138
2143
2182
2122
2129
2115
2166
2158
2159
2113
2139
2100
2152
2091
2095
2033
2063
2032
2055
1993
2016
1975
2006
1950
1973
1962
1975
1971
1998
1959
1960
1906
1925
1874
1876
1846
1863
1882
1920
1904
1923
1921
1943
1962
1970
1963
1968
1973
1967
1963
1940
1934
1927
1954
1953
1953
1966
1979
1975
2001
1959
1977
1980
2025
1977
1980
1952
1998
1985
2029
1992
2031
2018
2078
2050
2085
2060
2115
2113
2152
2110
2140
2091
2147
2134
2165
2120
2158
2117
2136
2097
2093
2073
2106
2091
2085
2048
2042
2062
2061
2038
2014
2016
2019
2008
1970
1970
1925
1960
1929
1944
1911
1941
1924
2019
1995
2061
2028
2114
2080
2131
2100
2146
2110
2178
2106
2152
2102
2162
2117
2146
2103
2138
2107
2163
2107
2134
2094
2086
2099
2095
2069
2073
2071
2095
2120
2101
2120
2114
2153
2145
2163
2156
2194
2158
2208
2163
2198
2183
2245
2201
2231
2154
2187
2147
2205
2123
2154
2099
2153
2123
2143
2093
2125
2110
2172
2123
2167
2144
2168
2163
2184
2140
2167
2144
2155
2157
2126
2110
2125
2159
2155
2139
2139
2167
2162
2180
2158
2159
2166
2179
2160
2164
2110
2126
2114
2117
2082
2108
2083
2133
2100
2119
2080
2126
2119
2142
2143
2156
2114
2148
2112
2121
2076
2121
2096
2136
2101
2124
2094
2146
2125
2165
2141
2150
2153
2199
2179
2201
2172
2214
2197
2182
2176
2163
2161
2164
2141
2128
2122
2092
2132
2125
2134
2091
2117
2106
2131
2071
2101
2049
2111
2074
2114
2052
2112
2076
2114
2064
2091
2055
2124
2075
2109
2043
2069
2026
2060
1997
2026
1969
1984
1980
1989
1961
1993
2014
2056
2031
2054
2054
2051
2081
2072
2068
2064
2091
2065
2104
2069
2085
2077
2118
2089
2123
2075
2131
2095
2130
2049
2080
2031
2072
2014
2053
2000
2076
2051
2098
2029
2089
2070
2128
2086
2112
2074
2123
2070
2108
2077
2078
2082
2107
2111
2110
2083
2110
2116
2102
2099
2071
2090
2082
2095
2062
2100
2042
2087
2029
2070
2018
2057
2030
2078
2054
2083
2045
2088
2052
2090
2045
2082
2056
2105
2077
2097
2065
2119
2117
2140
2132
2127
2101
2117
2101
2093
2038
2016
2024
2023
2011
1994
1998
2005
2015
2007
2033
2006
2059
2040
2051
2023
2033
2008
2075
2028
2046
2000
2061
2048
2055
2037
2052
2029
2072
2029
2034
1997
2048
2040
2075
2034
2054
2043
2090
2040
2056
2019
2036
2037
2054
2010
2041
2035
2063
2041
2026
2011
2018
2029
2048
2026
2039
2043
2061
2091
2076
2076
2072
2085
2061
2054
1986
2015
1988
2038
2006
2037
2026
2084
2053
2098
2039
2083
2054
2106
2067
2122
2062
2147
2113
2178
2116
2169
2127
2149
2110
2126
2084
2131
2103
2126
2071
2065
2063
2059
2042
2020
2007
2017
2011
1982
2011
1962
2001
2007
2038
2022
2049
2014
2090
2035
2075
1994
2039
1999
2016
1951
1962
1880
1947
1897
1927
1850
1917
1889
1940
1890
1917
1879
1923
1865
1887
1866
1883
1920
1958
1953
1972
1975
2021
2033
2026
2030
2008
2029
2020
2013
1995
2012
1987
2012
1953
1962
1916
1958
1928
1970
1941
1996
1974
2040
2001
2045
2031
2088
2070
2112
2075
2105
2076
2135
2093
2157
2137
2157
2146
2167
2143
2141
2109
2124
2115
2091
2069
2084
2077
2083
2057
2060
5835
1983
1990
2006
2030
2019
2009
2015
2021
2033
2053
2068
2082
2081
2088
2096
2099
2094
2082
2068
2065
2043
2040
2043
2058
2057
2055
2060
2050
2046
2045
2031
2012
1997
1975
1941
1906
1881
1873
1871
1875
1871
1879
1889
1895
1889
1891
1915
1934
1938
1947
1965
1968
1964
1963
1971
1980
2013
2029
2032
2038
2028
2008
2006
2009
2013
2013
2021
2018
2018
2019
2031
2053
2057
2056
2047
2027
2002
1976
1972
1974
1974
1959
1961
1966
1984
1992
1999
2023
2042
2064
2081
2092
2102
2094
2097
2087
2088
2067
2064
2054
2049
2062
2059
2078
2073
2072
2063
2060
2060
2045
2033
2035
2022
2015
2009
2011
2014
2016
2027
2035
2046
2054
2058
2065
2065
2070
2062
2050
2056
2046
2037
2052
2027
2030
2040
2045
2029
2034
2058
2079
2101
2115
2117
2107
2106
2097
2084
2076
2049
2027
2027
2048
2059
2070
2069
2059
2051
2046
2043
2040
2035
2030
2019
2014
2006
2020
2034
2059
2081
2093
2095
2103
2102
2108
2110
2116
2119
2126
2123
2129
2127
2134
2148
2157
2153
2142
2139
2141
2144
2135
2140
2138
2147
2164
2162
2174
2178
2167
2160
2162
2158
2154
2164
2157
2143
2125
2111
2105
2095
2081
2073
2077
2077
2076
2087
2102
2120
2122
2134
2133
2149
2147
2154
2161
2171
2177
2178
2174
2170
2182
2184
2187
2188
2193
2184
2174
2160
2154
2157
2142
2137
2131
2134
2138
2125
2144
2151
2167
2185
2180
2172
2170
2162
2165
2169
2176
2179
2208
2225
2229
2216
2209
2196
2180
2159
2130
2135
2128
2115
2107
2096
2092
2079
2073
2081
2081
2099
2117
2139
2146
2150
2152
2152
2149
2171
2171
2155
2141
2128
2117
2104
2103
2099
2111
2117
2117
2136
2148
2157
2171
2181
2187
2197
2209
2220
2229
2234
2217
2206
2200
2184
2166
2156
2145
2124
2118
2095
2086
2084
2081
2060
2062
2038
2035
2019
2011
2004
2011
2010
2011
2010
2023
2031
2024
2027
2030
2006
1999
1987
1970
1968
1965
1976
1978
1983
1976
1959
1943
1938
1922
1938
1943
1943
1939
1946
1952
1962
1954
1954
1954
1966
1958
1941
1926
1912
1900
1888
1872
1857
1845
1844
1836
1844
1852
1857
1857
1848
1828
1816
1799
1797
1805
1832
1853
1871
1893
1917
1925
1912
1903
1890
1897
1901
1924
1925
1926
1929
1950
1947
1968
1976
1995
1998
2007
2007
2025
2042
2064
2071
2084
2081
2106
2100
2092
2094
2087
2075
2070
2056
2040
2033
2024
2019
2008
2003
1991
1989
1985
1997
1999
2006
1979
1954
1937
1916
1890
1875
1860
1854
1851
1864
1875
1907
1929
1923
1915
1896
1879
1875
1895
1894
1897
1885
1891
1894
1883
1877
1880
1881
1888
1908
1905
1905
1919
1936
1934
1951
1959
1963
1970
1982
1987
1980
1970
1964
1965
1950
1931
1913
1905
1911
1900
1882
1885
1879
1880
1875
1874
1868
1859
1828
1800
1791
1784
1773
1774
1788
1805
1824
1837
1850
1851
1859
1875
1907
1937
1948
1958
1981
2008
2025
2027
2038
2032
2032
2018
1993
1976
1959
1929
1910
1896
1883
1879
1886
1883
1866
1873
1876
1887
1890
1892
1893
1903
1917
1913
1897
1892
1880
1882
1865
1851
1828
1817
1828
1832
1822
1837
1855
1864
1883
1911
1930
1933
1948
1963
1957
1959
1956
1957
1954
1942
1951
1959
1962
1956
1946
1936
1918
1914
1903
1886
1885
1893
1906
1913
1918
1925
1950
1952
1966
1972
1982
1994
1991
1981
1960
1950
1928
1903
1884
1884
1878
1871
1854
1851
1846
1834
1841
1845
1850
1867
1865
1861
1863
1864
1870
1872
1885
1870
1864
1849
1846
1842
1833
1833
1829
1836
1825
1824
1849
1848
1860
1863
1864
1870
1881
1890
1902
1903
1917
1937
1937
1940
1944
1953
1952
1952
1941
1933
1917
1909
1886
1884
1891
1894
1897
1922
1950
1960
1961
1963
1944
1932
1912
1879
1859
1858
1852
1856
1856
1844
1860
1882
1906
1927
1935
1938
1947
1961
1975
1990
1998
2005
1998
1988
1971
1962
1953
1952
1941
1904
1868
1860
1864
1863
1876
1882
1901
1908
1915
1911
1897
1899
1896
1887
1892
1903
1900
1900
1909
1910
1930
1933
1923
1919
1938
1946
1949
1956
1967
1981
1990
1997
2004
2026
2036
2045
2036
2042
2024
2017
2010
2006
2007
2013
2021
2020
2037
2037
2034
2039
2046
2050
2042
2039
2033
2035
2013
2003
1988
1950
1923
1908
1892
1894
1861
1861
1861
1855
1853
1863
1880
1878
1885
1910
1925
1961
1969
1978
1970
1981
1980
1985
1989
1997
2005
2024
2041
2041
2049
2050
2037
2031
2035
2037
2050
2057
2074
2091
2100
2101
2113
2118
2111
2094
2085
2079
2069
2074
2080
2086
2085
2091
2089
2083
2070
2077
2076
2083
2076
2086
2095
2095
2101
2095
2087
2080
2060
2044
2027
2028
2036
2042
2045
2050
2041
2053
2079
2098
2116
2108
2117
2117
2122
2124
2122
2105
2106
2096
2080
2061
2044
2036
2047
2054
2051
2061
2067
2070
2059
2055
2075
2098
2106
2111
2111
2115
2128
2136
2143
2156
2162
2155
2145
2147
2136
2126
2116
2121
2112
2092
2079
2093
2088
2082
2081
2095
2104
2119
2127
2122
2124
2115
2105
2081
2075
2053
2048
2037
2046
2075
2089
2098
2114
2120
2121
2122
2138
2142
2146
2134
2138
2136
2121
2093
2059
2043
2034
2030
2033
2049
2067
2082
2089
2109
2117
2114
2106
2105
2103
2092
2067
2065
2071
2090
2091
2098
2103
2102
2098
2092
2063
2039
2007
1983
1973
1961
1952
1960
1970
1993
2023
2054
2073
2102
2120
2115
2101
2114
2107
2104
2106
2090
2081
2070
2072
2074
2082
2072
2056
2034
2014
2014
2017
2019
2023
2018
2028
2032
2032
2037
2046
2045
2043
2058
2085
2107
2116
2119
2121
2106
2085
2085
2089
2087
2094
2091
2092
2089
2070
2067
2065
2042
2028
2020
2005
2002
1983
1969
1959
1947
1950
1966
1962
1985
1996
1992
1988
1974
1970
1958
1938
1918
1910
1897
1882
1876
1894
1894
1894
1890
1878
1856
1837
1811
1793
1782
1770
1760
1756
1770
1789
1779
1788
1793
1813
1813
1809
1791
1782
1777
1773
1767
1775
1771
1779
1785
1782
1785
1779
1786
1792
1819
1835
1860
1868
1889
1896
1895
1876
1865
1859
1861
1877
1886
1876
1877
1891
1904
1901
1900
1886
1883
1875
1886
1878
1884
1885
1908
1921
1935
1951
1941
1941
1918
1895
1892
1886
1878
1871
1878
1871
1862
1855
1851
1851
1841
1830
1826
1820
1810
1805
1810
1817
1833
1865
1888
1907
1920
1931
1943
1964
1985
1993
2006
2030
2000
1988
1989
1975
1966
1957
1957
1960
1969
1964
1945
1938
1937
1927
1912
1913
1924
1932
1937
1942
1958
1968
1978
1983
1962
1948
1930
1923
1899
1872
1840
1808
1810
1821
1847
1864
1877
1897
1919
1961
1982
1999
2008
2006
2002
1999
1999
1976
1964
1950
1925
1908
1904
1904
1914
1931
1928
1915
1919
1927
1953
1968
1971
1984
1993
1979
1973
1967
1951
1948
1945
1943
1969
1983
2001
2017
2015
2027
2035
2033
2032
2019
2016
2004
1989
1975
1941
1902
1888
1876
1871
1870
1880
1893
1900
1913
1921
1916
1943
1965
1970
1963
1942
1947
1956
1962
1973
1980
1984
1972
1982
1978
1976
1957
1945
1916
1905
1890
1894
1877
1884
1878
1874
1874
1865
1868
1891
1901
1921
1935
1960
1981
2007
2016
2027
2027
2034
2039
2027
2030
2011
2015
1999
1989
1979
1989
1977
1970
1984
1998
1997
1998
1997
2012
2017
2025
2025
2016
2006
2029
2055
2069
2077
2093
2116
2130
2125
2117
2120
2111
2129
2128
2140
2144
2148
2141
2147
2129
2119
2106
2102
2091
2087
2093
2097
2087
2092
2099
2111
2119
2138
2166
2165
2162
2158
2150
2148
2142
2137
2150
2156
2162
2154
2160
2174
2185
2174
2177
2164
2164
2158
2162
2148
2145
2120
2112
2110
2101
2065
2039
2040
2039
2029
2029
2031
2044
2058
2066
2064
2077
2071
2060
2055
2028
2022
2020
2021
2026
2031
2044
2046
2034
2014
2008
2009
2002
2008
1997
1974
1955
1947
1944
1960
1979
2005
2025
2037
2055
2067
2076
2099
2121
2146
2177
2202
2209
2226
2235
2265
2280
2284
2288
2277
2258
2239
2217
2199
2186
2173
2172
2167
2150
2135
2124
2128
2140
2155
2163
2179
2159
2164
2158
2186
2168
2180
2180
2173
2170
2159
2146
2152
2153
2154
2165
2176
2193
2221
2235
2236
2232
2221
2193
2158
2143
2133
2112
2111
2117
2112
2110
2107
2118
2131
2180
2181
2185
2186
2186
2166
2155
2149
2142
2133
2142
2127
2141
2136
2144
2148
2148
2151
2166
2171
2181
2187
2203
2227
2238
2223
2226
2217
2233
2216
2203
2186
2181
2192
2196
2201
2211
2211
2224
2231
2233
2235
2230
2223
2203
2217
2211
2202
2192
2198
2211
2212
2221
2238
2249
2249
2252
2257
2255
2247
2223
2204
2188
2164
2132
2112
2094
2073
2048
2051
2068
2089
2109
2135
2163
2187
2204
2199
2203
2205
2209
2213
2215
2224
2209
2202
2200
2210
2201
2198
2203
2196
2178
2158
2147
2123
2101
2088
2086
2083
2059
2042
2026
2010
1993
1987
1977
1973
1961
1971
1976
1968
1964
1967
1963
1954
1975
1982
1991
2018
2051
2067
2099
2114
2128
2126
2120
2112
2097
2072
2056
2051
2043
2041
2040
2043
2057
2069
2087
2092
2109
2117
2120
2122
2136
2131
2118
2128
2124
2118
2116
2113
2116
2129
2118
2112
2110
2107
2110
2128
2120
2128
2116
2113
2087
2080
2027
2002
2008
2034
2051
2051
2058
2036
2047
2063
2064
2051
2046
2038
2045
2056
2055
2054
2051
2045
2038
2024
2000
1999
1980
1967
1971
1958
1946
1932
1911
1916
1915
1910
1924
1936
1957
1965
1992
2013
2022
2050
2065
2068
2072
2073
2079
2090
2088
2080
2078
2083
2062
2031
2009
1998
1991
1992
1990
1996
2005
2014
2010
2011
2003
1999
1994
2001
2007
2005
1983
1975
1968
1973
1955
1942
1936
1933
1936
1933
1942
1957
1954
1959
1944
1924
1893
1877
1855
1834
1817
1804
1767
1730
1681
1669
1652
1659
1663
1674
1698
1715
1747
1768
1777
1795
1823
1834
1839
1861
1885
1883
1880
1889
1894
1899
1894
1898
1898
1898
1911
1909
1925
1931
1931
1930
1956
1969
1981
1996
2014
2011
2017
2020
2036
2039
2046
2049
2062
2052
2034
2030
2018
2002
1989
1993
1993
1991
2008
2021
2026
2027
2010
2015
2018
2021
2018
2026
2036
2049
2043
2046
2045
2043
2051
2052
2051
2058
2048
2058
2060
2053
2045
2048
2064
2051
2050
2054
2039
2030
2042
2045
2054
2071
2087
2091
2093
2092
2104
2099
2100
2094
2093
2090
2090
2090
2084
2067
2062
2062
2062
2056
2037
2030
2031
2042
2025
2019
2015
2026
2039
2054
2076
2102
2117
2138
2142
2158
2154
2148
2118
2104
2072
2042
2020
2008
1986
1979
1983
2004
2017
2043
2053
2066
2073
2074
2086
2085
2065
2044
2027
2005
2005
1999
2011
2025
2049
2045
2059
2075
2102
2102
2112
2124
2117
2098
2092
2084
2077
2069
2082
2076
2077
2083
2096
2097
2122
2130
2145
2127
2133
2147
2148
2145
2151
2154
2149
2153
2147
2139
2135
2135
2122
2113
2090
2065
2066
2072
2081
2090
2102
2108
2116
2121
2140
2160
2167
2160
2159
2163
2172
2178
2163
2158
2156
2150
2149
2156
2152
2159
2166
2159
2155
2155
2161
2172
2170
2168
2184
2202
2216
2230
2241
2218
2208
2171
2149
2130
2120
2117
2115
2115
2119
2123
2156
2183
2211
2234
2244
2255
2255
2271
2277
2282
2288
2282
2266
2265
2252
2232
2200
2183
2176
2189
2209
2216
2203
2212
2200
2190
2194
2187
2175
2167
2156
2153
2124
2108
2102
2094
2093
2101
2095
2091
2076
2061
2050
2051
2065
2072
2092
2101
2111
2100
2112
2105
2091
2095
2103
2105
2103
2080
2069
2054
2041
2039
2053
2052
2050
2042
2041
2037
2027
2003
1987
1977
1960
1965
1963
1965
1954
1941
1937
1939
1946
1938
1921
1915
1910
1900
1903
1905
1907
1924
1934
1934
1936
1954
1951
1937
1906
1892
1867
1861
1852
1847
1851
1878
1904
1925
1936
1941
1941
1935
1926
1903
1880
1870
1848
1847
1855
1862
1866
1843
1818
1798
1768
1767
1765
1750
1753
1750
1750
1761
1776
1801
1818
1832
1860
1886
1908
1921
1912
1914
1927
1919
1925
1932
1922
1923
1912
1892
1871
1859
1845
1850
1866
1889
1892
1914
1935
1956
1953
1949
1957
1971
1982
1984
1995
1997
1999
2007
2027
2039
2059
2069
2092
2093
2111
2104
2082
2071
2074
2063
2063
2046
2045
2054
2062
2060
2078
2099
2119
2111
2098
2085
2055
2034
2008
1999
2011
2005
1988
1991
1983
1991
1994
1976
1964
1967
1976
1981
1996
2007
2029
2036
2026
2027
2040
2042
2046
2039
2024
2014
2009
1998
1990
1971
1968
1976
1995
2018
2033
2048
2045
2047
2044
2041
2053
2049
2046
2053
2051
2055
2096
2091
2104
2117
2138
2151
2153
2170
2171
2178
2178
2190
2191
2179
2161
2136
2110
2082
2045
2030
2021
2028
2015
2014
2021
2044
2042
2055
2066
2069
2069
2090
2096
2116
2123
2147
2173
2189
2203
2212
2215
2218
2213
2204
2212
2222
2223
2234
2253
2253
2251
2243
2255
2266
2264
2256
2239
2238
2230
2211
2218
2208
2212
2221
2238
2237
2244
2242
2227
2223
2236
2231
2228
2234
2256
2259
2268
2269
2267
2254
2241
2223
2188
2160
2122
2089
2065
2043
2026
2021
2034
2057
2086
2098
2106
2112
2126
2146
2165
2178
2186
2182
2183
2182
2185
2185
2200
2211
2224
2239
2235
2231
2254
2252
2256
2269
2278
2274
2273
2278
2286
2285
2286
2282
2287
2278
2280
2285
2256
2244
2246
2248
2248
2239
2236
2244
2248
2257
2256
2274
2282
2288
2292
2278
2271
2277
2262
2252
2245
2249
2242
2244
2261
2286
2296
2323
2334
2342
2346
2352
2354
2341
2333
2328
2320
2304
2285
2281
2280
2267
2246
2249
2257
2264
2273
2282
2295
2315
2327
2328
2326
2338
2341
2326
2323
2324
2321
2307
2303
2302
2288
2275
2271
2253
2242
2243
2248
2238
2242
2239
2225
2229
2236
2248
2253
2254
2262
2262
2266
2264
2266
2275
2272
2275
2283
2276
2267
2267
2279
2283
2290
2289
2288
2271
2265
2274
2279
2288
2297
2300
2304
2308
2295
2303
2307
2302
2306
2291
2286
2282
2273
2256
2244
2231
2225
2225
2209
2191
2187
2193
2188
2177
2179
2177
2168
2164
2169
2165
2170
2166
2166
2174
2167
2156
2154
2161
2151
2142
2164
2171
2164
2177
2193
2206
2220
2239
2229
2210
2191
2191
2184
2174
2158
2159
2155
2159
2164
2159
2158
2163
2158
2163
2159
2168
2176
2169
2172
2172
2174
2178
2190
2194
2199
2208
2213
2201
2183
2171
2156
2138
2115
2104
2097
2096
2097
2096
2122
2140
2177
2212
2244
2242
2236
2210
2203
2186
2183
2165
2169
2165
2178
2179
2194
2191
2210
2206
2208
2207
2194
2188
2173
2176
2166
2165
2162
2177
2177
2176
2164
2163
2157
2154
2146
2132
2113
2099
2084
2080
2059
2049
2031
2026
2019
2017
2008
2009
2004
2016
2039
2069
2103
2134
2166
2176
2194
2194
2181
2160
2148
2151
2143
2152
2153
2143
2146
2158
2147
2138
2144
2133
2137
2155
2163
2158
2151
2154
2156
2164
2152
2136
2126
2104
2094
2088
2089
2093
2099
2104
2124
2160
2181
2192
2210
2213
2216
2214
2198
2178
2168
2146
2134
2116
2106
2108
2111
2111
2118
2132
2155
2168
2190
2203
2215
2228
2224
2211
2207
2198
2197
2192
2187
2166
2154
2142
2126
2131
2139
2153
2136
2133
2122
2109
2098
2079
2074
2047
2035
2020
2009
2024
2032
2033
2035
2052
2058
2075
2072
2076
2081
2080
2060
2056
2025
2015
2009
2012
2002
2006
2004
2002
2023
2010
2005
2029
2039
2057
2066
2070
2055
2040
2016
1999
1976
1966
1963
1953
1954
1955
1961
1982
2014
2030
2041
2037
2031
2026
2020
2017
2017
2019
2017
2012
2014
2021
2029
2035
2051
2070
2077
2087
2106
2110
2116
2109
2123
2133
2148
2161
2171
2171
2174
2173
2162
2160
2168
2152
2142
2120
2103
2084
2072
2066
2059
2043
2040
2037
2039
2042
2062
2066
2051
2057
2066
2079
2094
2102
2099
2091
2079
2075
2066
2074
2096
2115
2132
2159
2164
2160
2154
2135
2120
2102
2072
2031
2013
2004
1970
1976
1971
1969
1970
1972
1981
1999
2002
2018
2007
2002
1986
1981
1983
1985
1986
1995
1991
1984
1991
1999
2013
2018
1998
2006
2002
2012
2013
2013
2009
2001
1987
1966
1949
1941
1952
1975
1978
1987
1982
1967
1956
1952
1963
1976
1979
1990
2006
2015
2039
2048
2065
2072
2073
2064
2059
2039
2030
2026
2038
2041
2064
2070
2080
2088
2082
2086
2087
2082
2072
2068
2068
2074
2079
2069
2065
2055
2047
2061
2079
2081
2059
2048
2033
2039
2030
2027
2043
2043
2036
2050
2040
2043
2043
2046
2043
2051
2052
2078
2093
2093
2084
2062
2028
2014
1983
1966
1949
1945
1923
1903
1888
1903
1912
1935
1960
1998
2017
2029
2040
2040
2047
2029
2017
2010
2010
1993
1996
2003
2007
2022
2022
2039
2041
2051
2068
2067
2078
2091
2102
2093
2094
2101
2106
2117
2122
2137
2139
2132
2130
2125
2108
2108
2096
2075
2068
2061
2059
2053
2027
2023
2023
2019
2021
2029
2038
2036
2042
2045
2073
2080
2106
2121
2152
2168
2176
2182
2191
2212
2220
2224
2219
2218
2217
2204
2171
2147
2113
2083
2052
2020
1992
1973
1950
1931
1944
1952
1953
1962
1970
1975
1968
1975
1975
1989
1991
2016
2034
2059
2082
2102
2129
2165
2186
2190
2198
2188
2180
2179
2182
2171
2154
2147
2151
2162
2171
2182
2190
2195
2198
2191
2193
2192
2197
2192
2206
2204
2202
2187
2197
2197
2197
2172
2170
2157
2131
2104
2081
2076
2058
2060
2068
2087
2105
2116
2135
2152
2182
2201
2195
2196
2196
2195
2193
2195
2193
2195
2193
2191
2196
2192
2196
2205
2207
2202
2188
2187
2171
2163
2142
2137
2135
2127
2135
2141
2146
2166
2175
2187
2196
2197
2207
2206
2191
2179
2180
2186
2186
2186
2200
2218
2235
2242
2237
2237
2245
2239
2227
2203
2206
2233
2236
2220
2204
2196
2200
2214
2214
2215
2214
2196
2192
2200
2199
2199
2199
2192
2193
2208
2206
2206
2198
2197
2203
2197
2180
2174
2184
2184
2188
2202
2222
2236
2243
2251
2244
2229
2216
2190
2166
2140
2133
2112
2093
2087
2087
2088
2089
2090
2094
2075
2075
2063
2044
2026
2031
2027
2025
2024
2028
2041
2050
2063
2075
2094
2097
2128
2160
2166
2174
2196
2213
2228
2245
2249
2249
2255
2264
2270
2277
2287
2293
2287
2282
2287
2285
2286
2269
2257
2260
2266
2267
2264
2271
2269
2271
2279
2294
2294
2288
2284
2274
2274
2262
2247
2237
2230
2241
2243
2228
2222
2210
2216
2219
2240
2252
2265
2284
2302
2287
2292
2296
2286
2274
2266
2267
2247
2231
2193
2151
2135
2127
2116
2108
2107
2106
2111
2129
2131
2128
2132
2127
2114
2109
2120
2119
2114
2116
2108
2116
2122
2136
2132
2125
2115
2117
2117
2111
2108
2105
2093
2082
2072
2070
2068
2066
2048
2054
2040
2034
2037
2040
2068
2085
2098
2111
2128
2143
2138
2136
2132
2121
2131
2121
2117
2112
2122
2132
2139
2146
2142
2125
2112
2095
2084
2066
2061
2051
2052
2051
2066
2070
2063
2053
2051
2045
2058
2061
2074
2065
2052
2056
2051
2046
2037
2041
2036
2031
2015
2020
2016
2024
2034
2043
2034
2055
2078
2087
2096
2105
2106
2106
2110
2102
2097
2088
2080
2057
2039
2018
1991
1988
1971
1965
1971
1964
1973
1984
1991
2010
2028
2038
2050
2059
2074
2062
2062
2064
2058
2050
2038
2038
2030
2033
2019
1998
1999
1994
1998
1988
1998
2014
2034
2054
2059
2058
2062
2055
2056
2057
2055
2058
2040
2024
2019
2024
2034
2036
2045
2050
2045
2035
2045
2043
2045
2045
2035
2024
2014
2007
2002
1999
2014
2010
2033
2056
2071
2078
2080
2069
2057
2031
2016
1997
1972
1944
1925
1914
1906
1885
1872
1859
1863
1883
1895
1930
1943
1959
1959
1978
2001
2007
2014
2013
2012
2018
2011
2007
2004
2002
1999
1981
1967
1956
1942
1919
1903
1903
1911
1905
1910
1907
1929
1930
1929
1923
1918
1908
1911
1898
1891
1887
1896
1902
1920
1932
1955
1958
1961
1964
1945
1908
1884
1867
1861
1845
1826
1813
1823
1837
1866
1905
1927
1944
1960
1997
2018
2027
2027
2034
2020
2012
1996
1987
1985
1977
1967
1967
1965
1970
1973
1979
1981
1979
1972
1987
1993
2004
2026
2059
2077
2083
2100
2106
2119
2114
2110
2095
2080
2067
2055
2045
2052
2063
2078
2100
2124
2142
2171
2180
2193
2203
2212
2196
2181
2165
2144
2127
2114
2101
2101
2096
2091
2086
2083
2086
2110
2129
2154
2180
2180
2192
2184
2192
2195
2199
2189
2185
2183
2195
2192
2210
2217
2235
2235
2254
2251
2245
2242
2245
2242
2227
2224
2216
2202
2206
2211
2211
2203
2212
2217
2226
2235
2224
2216
2226
2224
2218
2230
2220
2229
2229
2230
2216
2218
2228
2227
2234
2232
2240
2251
2256
2258
2251
2261
2260
2274
2281
2279
2275
2286
2275
2255
2245
2249
2243
2238
2228
2219
2225
2222
2215
2232
2247
2259
2276
2286
2278
2268
2276
2282
2284
2286
2296
2308
2325
2315
2302
2292
2269
2263
2251
2235
2229
2222
2215
2204
2190
2187
2188
2186
2181
2186
2187
2191
2181
2183
2184
2186
2190
2181
2162
2150
2135
2137
2132
2128
2131
2122
2140
2154
2164
2173
2173
2179
2183
2185
2189
2177
2167
2144
2139
2133
2138
2116
2106
2107
2109
2111
2134
2159
2165
2152
2163
2170
2169
2179
2178
2197
2196
2190
2193
2210
2210
2212
2212
2217
2218
2219
2220
2216
2223
2218
2218
2219
2220
2209
2207
2212
2207
2201
2204
2202
2187
2183
2183
2194
2204
2199
2202
2204
2197
2173
2187
2184
2171
2174
2189
2206
2221
2227
2222
2218
2227
2228
2233
2210
2201
2180
2159
2136
2124
2110
2097
2108
2094
2104
2114
2107
2108
2103
2108
2092
2093
2092
2086
2078
2068
2063
2058
2063
2064
2073
2055
2054
2057
2086
2079
2078
2061
2061
2064
2064
2069
2081
2085
2087
2097
2116
2115
2121
2125
2131
2139
2142
2138
2130
2130
2096
2078
2029
2008
1984
1970
1955
1951
1943
1948
1955
1972
1988
2006
1995
1970
1931
1897
1848
1827
1806
1797
1777
1770
1752
1752
1748
1761
1774
1787
1804
1829
1843
1835
1833
1829
1820
1809
1807
1802
1819
1827
1838
1850
1864
1871
1879
1893
1900
1908
1940
1954
1975
1998
2011
2028
2036
2041
2050
2052
2062
2050
2045
2036
2033
2025
2021
2017
2010
1995
1992
1993
2004
2016
2025
2027
2019
2023
2030
2056
2067
2071
2071
2078
2070
2078
2081
2106
2110
2103
2108
2115
2108
2108
2099
2091
2072
2051
2039
2034
2031
2025
2023
2038
2045
2066
2086
2104
2122
2124
2114
2109
2111
2112
2128
2127
2141
2142
2167
2173
2181
2184
2179
2171
2169
2168
2162
2153
2149
2130
2112
2099
2105
2112
2102
2103
2125
2125
2126
2126
2121
2109
2099
2075
2042
2015
1999
1989
1977
1950
1931
1918
1941
1948
1972
1983
1992
2001
2015
2015
2008
2011
2025
2034
2033
2022
2021
2002
1999
2010
2030
2046
2057
2046
2028
2010
1995
1977
1968
1975
1970
1954
1943
1931
1932
1944
1947
1959
1976
1976
1982
1978
1978
1962
1950
1952
1942
1925
1916
1927
1931
1934
1942
1946
1957
1965
1971
1962
1965
1976
1983
1983
1972
1979
1981
1994
2005
2007
2010
2003
2011
2013
2006
1992
1999
2019
2036
2048
2069
2082
2102
2091
2079
2065
2065
2064
2056
2036
2015
2008
2009
1996
2001
1991
1982
1974
1972
1972
1966
1980
1986
2002
2022
2035
2046
2060
2073
2077
2089
2100
2097
2080
2062
2050
2038
2029
2009
1997
1977
1965
1957
1963
1963
1972
1986
2001
1991
1975
1973
1972
1962
1956
1962
1962
1961
1951
1965
1983
1998
2005
2021
2021
2028
2034
2044
2051
2031
2019
2022
2014
1986
1968
1952
1924
1912
1906
1896
1889
1903
1915
1915
1950
1951
1933
1933
1917
1902
1882
1877
1875
1877
1875
1877
1899
1912
1950
1965
1995
2016
2018
2031
2043
2042
2044
2027
1997
1983
1981
1966
1955
1924
1906
1904
1913
1917
1933
1948
1983
2006
2014
1998
1993
1985
1959
1945
1933
1929
1931
1927
1909
1910
1917
1926
1934
1930
1919
1925
1915
1930
1935
1930
1937
1948
1951
1951
1940
1939
1920
1902
1886
1863
1857
1839
1816
1810
1811
1804
1797
1803
1797
1808
1822
1835
1863
1878
1882
1895
1923
1929
1942
1949
1954
1960
1969
1985
1990
1991
1987
1964
1932
1910
1909
1892
1879
1859
1849
1833
1820
1810
1812
1816
1838
1848
1849
1851
1859
1870
1887
1879
1893
1900
1894
1880
1888
1917
1926
1922
1928
1913
1907
1905
1903
1894
1907
1914
1928
1942
1940
1951
1971
1971
1976
1987
1985
1985
1993
2008
2000
2006
2012
2016
2026
2035
2046
2073
2075
2077
2087
2092
2112
2122
2146
2146
2132
2119
2109
2116
2101
2105
2096
2092
2092
2090
2098
2096
2085
2074
2091
2117
2135
2154
2176
2175
2182
2185
2215
2210
2205
2212
2210
2213
2204
2202
2196
2188
2184
2161
2154
2152
2156
2161
2164
2174
2170
2171
2186
2194
2193
2182
2162
2164
2167
2159
2153
2154
2146
2134
2136
2129
2121
2109
2096
2090
2074
2077
2078
2089
2082
2081
2068
2082
2072
2072
2070
2082
2079
2087
2094
2094
2101
2105
2103
2106
2091
2078
2060
2058
2049
2041
2013
1984
1987
1979
1977
1980
1995
2002
2004
2014
2026
2033
2051
2067
2067
2071
2094
2100
2111
2117
2121
2120
2110
2092
2084
2068
2055
2038
2041
2021
1997
1974
1968
1972
1965
1971
1966
1971
1974
1981
2006
2027
2050
2063
2068
2073
2080
2096
2092
2103
2101
2095
2104
2103
2105
2101
2089
2087
2084
2079
2067
2047
2031
2022
2001
1989
1975
1970
1969
1987
1994
2028
2055
2073
2104
2115
2134
2146
2142
2143
2161
2157
2155
2166
2141
2145
2142
2154
2162
2172
2175
2173
2158
2152
2161
2150
2135
2124
2104
2087
2074
2059
2057
2043
2036
2038
2050
2054
2066
2085
2080
2094
2115
2131
2132
2130
2118
2102
2093
2072
2082
2084
2087
2094
2103
2109
2122
2135
2147
2153
2166
2152
2151
2142
2150
2155
2147
2160
2171
2197
2216
2209
2205
2203
2196
2188
2177
2156
2154
2152
2155
2167
2200
2213
2214
2223
2221
2224
2227
2228
2239
2242
2227
2226
2230
2231
2220
2216
2218
2205
2178
2165
2145
2122
2107
2102
2099
2091
2097
2093
2072
2072
2056
2061
2068
2102
2112
2153
2176
2183
2181
2179
2177
2183
2186
2177
2172
2159
2160
2132
2134
2151
2147
2134
2113
2089
2083
2069
2058
2042
2019
2020
2013
2005
1997
2014
2039
2046
2048
2062
2056
2048
2039
2049
2043
2041
2029
2031
2035
2044
2055
2063
2065
2056
2055
2051
2040
2028
2019
2025
2015
1991
1970
1967
1982
1984
1995
1989
1976
1977
1979
1996
2021
2048
2070
2091
2105
2113
2116
2117
2100
2093
2077
2057
2053
2063
2060
2062
2063
2079
2090
2077
2049
2027
2014
2007
2001
2002
1995
2006
2016
2018
2016
1995
1977
1971
1955
1949
1967
1972
1982
1992
2009
2021
2019
2007
1984
1974
1948
1926
1888
1860
1838
1830
1834
1824
1837
1851
1885
1915
1950
1970
2005
2017
2006
2010
1999
1992
1992
1983
1958
1949
1939
1929
1933
1954
1984
2006
2022
2039
2048
2052
2062
2067
2076
2069
2055
2062
2074
2077
2079
2072
2069
2057
2052
2015
2013
2014
2022
2010
2024
2013
2019
2017
2015
1983
1964
1961
1965
1967
1966
1974
1993
1986
1995
2002
2000
2007
2006
2004
2001
2007
2022
2022
2015
2020
2032
2029
2038
2034
2041
2023
2025
2025
2025
2034
2029
2037
2031
2040
2040
2034
2042
2031
2007
1976
1957
1961
1941
1915
1883
1877
1880
1888
1895
1905
1903
1898
1895
1886
1870
1865
1858
1855
1848
1850
1841
1843
1884
1907
1935
1960
1983
2002
1998
1998
2000
1995
2008
2012
2001
2002
2020
2015
2007
2009
2003
2006
2002
1998
1996
2006
2033
2059
2083
2093
2093
2107
2119
2114
2109
2119
2114
2107
2097
2081
2059
2045
2019
2005
1992
1985
1986
1980
1989
2018
2029
2064
2095
2107
2111
2100
2108
2097
2070
2059
2044
2036
2054
2053
2057
2059
2089
2107
2121
2140
2160
2155
2169
2166
2142
2124
2120
2124
2120
2101
2083
2072
2076
2088
2064
2038
2021
2010
2008
2000
2002
2024
2033
2041
2047
2067
2083
2095
2114
2139
2171
2188
2196
2207
2219
2219
2208
2204
2212
2219
2217
2197
2187
2168
2166
2163
2156
2147
2146
2145
2156
2151
2155
2141
2147
2138
2152
2165
2181
2182
2183
2178
2184
2194
2194
2187
2182
2178
2184
2174
2167
2170
2180
2180
2177
2180
2169
2162
2149
2128
2123
2111
2118
2120
2122
2128
2140
2156
2158
2161
2170
2162
2146
2137
2137
2141
2141
2128
2134
2149
2145
2151
2151
2160
2152
2165
2179
2190
2212
2212
2207
2212
2209
2209
2234
2259
2265
2277
2287
2282
2290
2284
2282
2253
2234
2223
2221
2221
2231
2225
2202
2182
2178
2171
2173
2180
2170
2171
2189
2193
2206
2218
2224
2249
2272
2283
2291
2310
2314
2307
2293
2277
2263
2250
2228
2209
2188
2165
2174
2184
2195
2194
2200
2199
2196
2215
2223
2227
2240
2240
2236
2231
2221
2226
2236
2229
2228
2226
2223
2208
2201
2210
2217
2213
2207
2206
2207
2206
2190
2176
2169
2164
2160
2151
2148
2149
2148
2155
2158
2156
2173
2182
2192
2192
2188
2205
2207
2212
2218
2231
2219
2218
2208
2214
2212
2215
2218
2219
2225
2232
2235
2247
2246
2261
2272
2277
2262
2264
2272
2275
2269
2272
2253
2256
2243
2237
2226
2242
2250
2241
2245
2241
2249
2262
2274
2281
2283
2288
2283
2272
2260
2236
2233
2218
2208
2190
2184
2185
2184
2188
2208
2223
2240
2239
2246
2260
2278
2283
2292
2291
2306
2315
2309
2300
2291
2278
2270
2258
2269
2266
2246
2219
2210
2218
2208
2203
2200
2208
2222
2233
2257
2271
2270
2271
2277
2280
2274
2273
2270
2257
2257
2267
2276
2275
2267
2268
2280
2293
2310
2319
2307
2303
2292
2280
2292
2292
2292
2302
2313
2310
2308
2308
2316
2319
2319
2322
2318
2317
2312
2304
2293
2284
2254
2221
2219
2204
2206
2211
2212
2229
2229
2229
2242
2254
2276
2280
2277
2275
2280
2284
2283
2286
2273
2266
2242
2228
2221
2218
2201
2182
2175
2170
2185
2196
2211
2217
2220
2218
2213
2232
2238
2245
2248
2235
2226
2224
2210
2201
2193
2172
2176
2184
2188
2191
2186
2183
2177
2178
2163
2167
2177
2176
2180
2178
2203
2208
2208
2225
2219
2209
2201
2188
2207
2207
2179
2160
2162
2174
2176
2162
2171
2188
2202
2208
2203
2218
2221
2226
2212
2206
2198
2192
2169
2163
2177
2190
2198
2200
2208
2216
2226
2228
2226
2208
2180
2157
2138
2134
2121
2111
2118
2110
2105
2092
2095
2093
2094
2089
2100
2105
2134
2150
2157
2146
2135
2135
2136
2149
2152
2150
2143
2147
2143
2135
2141
2128
2103
2090
2072
2041
2022
2006
2007
1999
1977
1975
1970
1983
1990
1979
1961
1945
1923
1908
1892
1885
1861
1864
1874
1885
1910
1925
1952
1962
1969
1978
1969
1974
1965
1966
1952
1953
1958
1941
1934
1937
1925
1934
1940
1951
1971
1994
2008
2017
1999
2003
1999
2008
2013
2022
2017
2027
2044
2065
2068
2075
2076
2084
2092
2113
2137
2146
2146
2164
2170
2192
2212
2211
2195
2178
2176
2165
2162
2148
2138
2122
2115
2108
2111
2101
2100
2084
2077
2055
2042
2018
2007
1990
1983
1977
1978
1981
1978
1972
1991
1989
2004
2017
2043
2062
2098
2114
2147
2153
2163
2164
2165
2173
2169
2156
2142
2139
2140
2139
2136
2142
2145
2131
2130
2116
2116
2141
2144
2139
2127
2117
2106
2119
2129
2132
2148
2164
2170
2169
2177
2183
2184
2192
2193
2199
2203
2205
2219
2212
2209
2202
2186
2182
2181
2171
2159
2148
2143
2151
2153
2148
2153
2137
2155
2170
2174
2158
2150
2144
2152
2153
2142
2135
2123
2123
2108
2119
2124
2129
2125
2142
2160
2172
2182
2188
2206
2200
2199
2179
2180
2172
2149
2134
2121
2118
2108
2112
2115
2125
2135
2141
2131
2124
2120
2115
2128
2131
2151
2142
2122
2102
2104
2099
2095
2096
2105
2116
2128
2133
2136
2152
2149
2154
2169
2182
2207
2210
2210
2224
2212
2209
2192
2174
2149
2136
2105
2095
2087
2097
2095
2097
2091
2095
2074
2075
2075
2082
2077
2077
2082
2084
2086
2079
2072
2079
2095
2092
2085
2079
2069
2066
2062
2053
2049
2035
2018
1996
1987
1988
1993
1991
1988
1982
1998
2000
2009
2019
2042
2058
2066
2069
2083
2087
2096
2098
2097
2110
2119
2121
2130
2128
2136
2137
2133
2125
2116
2104
2086
2084
2074
2055
2055
2051
2055
2058
2078
2091
2096
2117
2124
2125
2122
2106
2096
2084
2077
2070
2071
2078
2083
2094
2086
2100
2103
2112
2114
2117
2109
2111
2113
2115
2112
2102
2099
2095
2090
2070
2059
2064
2062
2066
2072
2088
2092
2094
2090
2090
2082
2046
2050
2052
2069
2079
2087
2101
2121
2131
2124
2124
2104
2090
2051
2035
2019
2005
1986
1988
1980
1973
1974
1966
1968
1981
2002
2006
2016
2014
2014
2022
2032
2035
2038
2041
2052
2067
2048
2041
2031
2027
2020
2019
2022
2017
2029
2074
2082
2082
2072
2068
2073
2068
2058
2062
2050
2032
2024
2023
2016
2007
2015
2012
2026
2029
2052
2051
2041
2049
2061
2030
2029
2038
2044
2049
2059
2075
2077
2063
2045
2042
2039
2045
2030
2023
2027
2051
2064
2075
2086
2106
2111
2119
2123
2115
2112
2115
2125
2122
2130
2146
2161
2161
2159
2158
2162
2160
2143
2132
2121
2095
2086
2068
2060
2044
2036
2023
2009
1994
1991
1991
2001
2012
2001
2004
2016
2019
2025
2034
2043
2055
2059
2040
1995
1979
1954
1937
1922
1897
1879
1875
1853
1855
1846
1855
1833
1833
1828
1843
1857
1867
1865
1885
1892
1918
1944
1974
2007
2037
2039
2030
2023
2001
1978
1982
1955
1939
1943
1963
1966
1965
1969
1963
1962
1964
1964
1976
1985
1999
2010
2036
2076
2085
2096
2115
2135
2137
2149
2143
2149
2143
2145
2144
2159
2162
2162
2155
2154
2138
2128
2109
2096
2087
2102
2111
2114
2111
2109
2082
2076
2081
2075
2057
2032
2039
2016
2010
2019
2039
2050
2054
2066
5835
2020
2032
2047
2038
2039
2041
2049
2071
2112
2160
2207
2221
2231
2211
2202
2192
2177
2157
2113
2094
2079
2082
2097
2110
2089
2080
2066
2053
2050
2038
1992
1923
1856
1783
1703
1642
1596
1581
1583
1610
1635
1667
1693
1705
1728
1758
1781
1825
1862
1888
1906
1916
1923
1949
1983
2033
2073
2091
2073
2028
1988
1968
1977
2003
2010
2005
1998
2018
2058
2093
2128
2148
2134
2099
2061
2012
1945
1890
1853
1824
1819
1815
1826
1849
1895
1951
2016
2075
2130
2172
2191
2197
2193
2195
2177
2150
2123
2075
2031
2010
2010
2043
2060
2059
2060
2058
2051
2046
2034
2024
2010
1991
1950
1922
1900
1909
1918
1942
1979
2010
2049
2088
2109
2099
2080
2063
2028
2023
2029
2037
2042
2029
1999
1985
1989
1999
2006
2032
2093
2154
2183
2202
2194
2173
2143
2112
2068
2041
2000
1986
1980
2026
2067
2107
2095
2048
2023
2000
1997
1970
1938
1915
1901
1921
1947
1985
2030
2087
2133
2162
2175
2181
2189
2194
2196
2213
2211
2235
2219
2225
2219
2236
2254
2268
2258
2249
2247
2233
2250
2264
2280
2277
2270
2267
2268
2270
2277
2268
2267
2244
2228
2218
2209
2191
2179
2135
2085
2041
2008
1978
2000
2027
2065
2098
2121
2121
2158
2188
2218
2226
2223
2224
2226
2228
2240
2255
2275
2291
2316
2334
2341
2334
2322
2321
2279
2255
2221
2196
2173
2146
2131
2125
2146
2173
2182
2208
2209
2228
2244
2249
2277
2283
2268
2263
2270
2291
2320
2361
2385
2389
2371
2333
2281
2234
2167
2102
2066
2040
2038
2024
2036
2033
2037
2029
2063
2084
2124
2175
2227
2252
2260
2253
2264
2276
2292
2284
2248
2206
2171
2140
2112
2097
2086
2090
2121
2163
2212
2244
2282
2308
2332
2365
2388
2392
2421
2425
2411
2392
2339
2283
2231
2185
2131
2099
2079
2066
2016
1983
1937
1913
1902
1893
1889
1896
1888
1899
1908
1899
1892
1911
1939
1962
1964
1954
1949
1934
1911
1873
1831
1818
1812
1835
1866
1873
1872
1848
1791
1755
1760
1767
1796
1802
1799
1795
1805
1824
1859
1884
1912
1917
1933
1906
1858
1806
1767
1729
1701
1657
1623
1605
1616
1653
1671
1672
1666
1656
1637
1589
1578
1565
1582
1607
1671
1752
1814
1866
1911
1940
1911
1875
1846
1835
1844
1875
1902
1929
1962
1983
1996
2023
2030
2054
2062
2068
2068
2101
2140
2175
2202
2233
2235
2251
2243
2222
2189
2158
2131
2109
2061
2015
1993
1955
1944
1936
1940
1943
1956
1952
1949
1946
1942
1899
1838
1764
1693
1636
1599
1557
1549
1567
1625
1707
1806
1851
1845
1815
1770
1745
1743
1749
1749
1757
1749
1757
1756
1749
1749
1761
1748
1745
1753
1776
1809
1838
1863
1892
1924
1956
1978
2005
2012
2003
2001
1998
1963
1912
1854
1829
1800
1791
1793
1805
1771
1755
1759
1778
1784
1771
1749
1691
1625
1566
1525
1519
1544
1570
1596
1621
1654
1706
1737
1778
1815
1832
1874
1921
1978
2033
2095
2154
2192
2183
2149
2126
2105
2076
2021
1942
1867
1803
1748
1723
1729
1734
1739
1725
1702
1693
1710
1751
1784
1810
1809
1826
1823
1805
1782
1764
1729
1720
1673
1622
1583
1549
1564
1592
1650
1689
1735
1774
1823
1893
1947
1982
2000
1997
1994
1977
1948
1912
1900
1894
1905
1916
1930
1918
1871
1842
1814
1771
1737
1716
1708
1722
1759
1808
1853
1898
1954
1996
2011
2016
2010
2002
1975
1966
1929
1893
1809
1749
1714
1687
1660
1648
1618
1591
1562
1571
1594
1626
1655
1684
1703
1704
1701
1704
1710
1711
1718
1687
1657
1627
1625
1609
1595
1606
1609
1618
1658
1677
1694
1695
1720
1748
1780
1806
1830
1847
1875
1907
1926
1930
1935
1935
1972
1987
1982
1948
1903
1858
1800
1751
1700
1702
1733
1787
1849
1930
1988
2011
1993
1952
1888
1815
1735
1682
1639
1632
1611
1615
1615
1654
1705
1766
1829
1881
1925
1944
1958
2007
2068
2107
2109
2088
2041
2011
1986
1957
1916
1875
1813
1747
1657
1619
1640
1702
1768
1835
1881
1888
1884
1856
1843
1826
1808
1785
1791
1775
1803
1817
1855
1877
1903
1887
1890
1881
1906
1935
1961
1971
1974
2000
2036
2066
2130
2151
2150
2141
2122
2090
2044
2024
2014
2020
2020
2025
2042
2058
2065
2089
2121
2129
2099
2068
2054
2056
2044
2041
1979
1924
1833
1746
1673
1637
1608
1607
1580
1571
1565
1582
1606
1631
1683
1731
1791
1829
1861
1925
1965
1967
1961
1946
1964
1974
2003
2025
2057
2088
2118
2120
2125
2108
2080
2075
2077
2093
2119
2148
2182
2207
2230
2253
2259
2252
2213
2188
2174
2187
2162
2167
2151
2155
2153
2157
2132
2114
2101
2096
2098
2104
2110
2111
2095
2111
2118
2099
2090
2078
2050
2001
1946
1920
1911
1929
1963
2009
2044
2090
2132
2143
2160
2168
2204
2222
2228
2200
2185
2148
2120
2059
2008
1966
1952
1957
2000
2050
2072
2077
2079
2068
2048
2065
2098
2143
2153
2167
2188
2208
2227
2236
2258
2271
2262
2262
2247
2228
2198
2176
2125
2101
2055
2025
2014
2025
2041
2062
2111
2141
2149
2168
2186
2199
2190
2145
2102
2055
2014
1980
1964
1978
2006
2040
2109
2156
2223
2246
2279
2291
2284
2268
2262
2245
2219
2170
2119
2056
2000
1939
1931
1932
1958
1996
2061
2124
2170
2202
2183
2152
2121
2088
2070
2059
2023
1995
2029
2072
2098
2125
2134
2136
2101
2049
1949
1879
1801
1761
1715
1699
1698
1743
1834
1931
2020
2095
2166
2215
2243
2272
2258
2230
2207
2167
2143
2115
2096
2075
2050
2037
2032
1995
1951
1909
1905
1895
1915
1921
1939
1949
1954
1935
1941
1948
1978
2027
2069
2116
2174
2218
2226
2222
2185
2164
2135
2120
2104
2091
2066
2064
2067
2066
2035
2005
1954
1906
1861
1853
1847
1841
1797
1770
1739
1738
1759
1803
1852
1886
1915
1927
1924
1887
1844
1790
1714
1677
1636
1625
1673
1692
1716
1715
1706
1671
1653
1595
1529
1454
1416
1396
1415
1417
1432
1471
1531
1557
1566
1553
1555
1562
1560
1542
1519
1517
1527
1530
1531
1526
1525
1561
1575
1590
1588
1594
1623
1678
1713
1783
1839
1884
1883
1874
1855
1819
1790
1779
1800
1814
1806
1813
1844
1871
1865
1853
1833
1815
1795
1800
1811
1832
1853
1886
1921
1944
1947
1934
1902
1851
1795
1750
1718
1708
1697
1705
1714
1704
1696
1668
1634
1614
1608
1604
1623
1617
1595
1598
1634
1717
1796
1879
1956
1996
2035
2083
2112
2122
2128
2124
2111
2100
2056
2007
1961
1920
1889
1891
1909
1927
1930
1913
1881
1850
1842
1842
1854
1869
1898
1924
1942
1965
1982
1999
1997
1957
1905
1853
1767
1683
1592
1540
1519
1549
1602
1657
1711
1779
1867
1939
2038
2095
2138
2139
2132
2116
2071
2022
1931
1873
1838
1798
1787
1795
1816
1828
1816
1816
1818
1855
1890
1921
1970
2014
2058
2055
2023
1979
1931
1873
1847
1852
1901
1956
2001
2051
2083
2099
2116
2127
2121
2109
2084
2050
1992
1895
1795
1728
1666
1621
1606
1625
1663
1707
1747
1785
1821
1855
1888
1943
1985
1992
1972
1959
1935
1929
1939
1963
1992
2021
2025
2027
2016
1994
1943
1901
1844
1803
1771
1759
1743
1747
1731
1721
1710
1731
1793
1850
1889
1928
1967
2004
2055
2111
2146
2164
2179
2157
2148
2115
2087
2048
2005
1965
1952
1940
1948
1954
1983
2006
2027
2008
2036
2047
2065
2061
2053
2038
2031
2033
2088
2159
2203
2225
2256
2262
2278
2280
2274
2266
2249
2265
2280
2300
2309
2321
2311
2287
2223
2175
2129
2125
2118
2128
2113
2119
2114
2146
2173
2223
2278
2311
2319
2317
2312
2308
2291
2286
2271
2274
2295
2297
2295
2279
2304
2326
2335
2330
2315
2281
2257
2211
2200
2179
2181
2159
2121
2068
2016
1950
1913
1881
1878
1883
1927
1958
1992
2013
2012
2012
2005
1995
1981
1980
1976
1994
1997
1993
1978
1981
1990
1984
1967
1956
1942
1935
1921
1917
1877
1847
1819
1821
1842
1891
1940
1996
2055
2099
2124
2142
2178
2220
2274
2308
2371
2424
2474
2516
2546
2570
2592
2605
2589
2532
2452
2378
2312
2277
2249
2221
2208
2187
2162
2137
2139
2171
2206
2238
2260
2254
2238
2221
2216
2240
2252
2264
2256
2244
2231
2205
2182
2186
2197
2228
2263
2313
2345
2391
2435
2448
2404
2340
2254
2196
2141
2095
2074
2045
2018
2010
2024
2072
2156
2240
2318
2335
2337
2320
2277
2239
2206
2175
2154
2139
2153
2160
2183
2203
2225
2234
2250
2277
2309
2330
2358
2373
2396
2420
2445
2430
2418
2396
2366
2337
2305
2275
2259
2257
2272
2296
2320
2338
2339
2351
2355
2364
2340
2321
2296
2287
2260
2251
2241
2257
2270
2303
2343
2385
2403
2419
2441
2437
2400
2376
2315
2266
2198
2135
2048
1991
1917
1882
1881
1932
1999
2070
2146
2212
2290
2350
2382
2394
2389
2379
2364
2347
2328
2326
2330
2335
2318
2296
2283
2268
2256
2257
2220
2168
2105
2049
2021
1999
1974
1921
1850
1792
1759
1746
1733
1751
1761
1765
1791
1824
1807
1801
1803
1812
1818
1824
1853
1899
1942
2010
2105
2198
2261
2282
2281
2285
2254
2188
2130
2063
2003
1955
1922
1930
1948
1981
2019
2048
2081
2129
2202
2224
2215
2199
2193
2180
2169
2166
2149
2154
2155
2153
2142
2137
2133
2125
2103
2111
2112
2139
2146
2140
2119
2100
2034
2002
1917
1910
1941
1982
2025
2039
2037
2007
2003
2024
2062
2069
2063
2036
2025
2006
2012
2020
2022
1993
1976
1919
1865
1832
1802
1797
1791
1762
1743
1704
1670
1672
1676
1696
1737
1793
1858
1922
1996
2055
2083
2129
2159
2173
2162
2174
2176
2184
2175
2154
2124
2069
1989
1928
1871
1857
1874
1913
1935
1948
1939
1942
1924
1902
1904
1918
1914
1906
1900
1891
1859
1833
1821
1801
1777
1768
1778
1762
1775
1793
1802
1814
1829
1830
1824
1781
1703
1667
1636
1602
1548
1453
1348
1234
1097
1059
1075
1141
1205
1275
1360
1447
1530
1581
1618
1650
1695
1752
1799
1833
1859
1863
1858
1873
1902
1912
1906
1883
1879
1891
1907
1929
1945
1940
1939
1960
2009
2050
2093
2104
2137
2157
2173
2177
2166
2135
2119
2108
2128
2119
2126
2086
2035
2000
1959
1932
1947
1976
2018
2032
2047
2053
2065
2074
2077
2056
2042
2050
2097
2130
2119
2096
2066
2044
2052
2088
2108
2109
2092
2106
2098
2087
2066
2064
2062
2064
2063
2063
2044
2051
2042
2066
2087
2116
2144
2166
2188
2202
2184
2176
2176
2173
2162
2154
2139
2114
2078
2064
2074
2078
2072
2043
2008
1994
1994
1984
1962
1972
1985
2017
2055
2094
2163
2234
2301
2355
2378
2369
2322
2278
2216
2142
2025
1961
1885
1840
1818
1830
1879
1955
2028
2078
2106
2140
2159
2166
2153
2121
2062
2015
1979
1921
1894
1914
1951
1985
2039
2085
2161
2202
2240
2239
2229
2215
2204
2184
2162
2105
2072
2064
2086
2106
2158
2190
2228
2253
2295
2318
2330
2293
2295
2286
2276
2260
2259
2262
2255
2242
2233
2233
2233
2226
2195
2142
2092
2039
2011
2030
2054
2094
2128
2148
2167
2200
2244
2276
2299
2318
2318
2320
2312
2326
2302
2281
2232
2219
2232
2263
2263
2266
2251
2240
2232
2222
2244
2297
2340
2366
2383
2377
2373
2382
2380
2334
2290
2233
2151
2114
2081
2060
2052
2084
2095
2157
2262
2338
2394
2447
2483
2510
2535
2549
2538
2513
2474
2453
2438
2398
2342
2298
2242
2228
2229
2256
2268
2290
2294
2285
2282
2267
2237
2217
2178
2130
2084
2062
2035
2021
2018
2013
2015
2026
2017
1992
1942
1918
1927
1943
1975
2008
2046
2083
2133
2140
2140
2112
2106
2093
2088
2066
2062
2035
2024
1991
1958
1932
1931
1919
1943
1959
1959
1940
1907
1849
1816
1786
1759
1768
1769
1758
1748
1737
1748
1752
1759
1731
1683
1669
1648
1650
1674
1710
1759
1803
1855
1893
1892
1897
1892
1843
1736
1659
1593
1565
1568
1596
1627
1701
1778
1837
1879
1892
1885
1858
1809
1751
1679
1664
1662
1660
1672
1689
1688
1644
1578
1535
1476
1448
1435
1427
1429
1453
1496
1543
1594
1643
1705
1771
1830
1883
1923
1937
1932
1936
1925
1912
1923
1941
1905
1883
1829
1777
1723
1694
1659
1674
1730
1784
1842
1884
1917
1955
1951
1968
1996
2014
2007
2000
1996
1992
2006
2029
2112
2156
2201
2229
2251
2247
2233
2200
2164
2115
2110
2087
2069
2037
2029
2040
2111
2167
2216
2215
2215
2183
2168
2138
2091
2048
2007
1966
1946
1913
1881
1861
1878
1878
1879
1876
1886
1896
1912
1929
1982
2008
2016
2024
2028
2026
2030
2055
2079
2067
2035
2004
1964
1940
1923
1905
1899
1939
2011
2076
2106
2112
2118
2127
2147
2151
2138
2105
2093
2074
2095
2116
2178
2213
2252
2283
2310
2334
2375
2389
2377
2375
2357
2350
2329
2306
2270
2211
2112
2023
1940
1892
1861
1879
1902
1917
1914
1935
1971
2038
2078
2112
2126
2150
2189
2253
2297
2361
2412
2451
2455
2438
2418
2410
2387
2383
2379
2398
2430
2467
2495
2494
2477
2449
2433
2424
2416
2408
2377
2352
2327
2312
2306
2292
2305
2324
2356
2350
2344
2335
2340
2334
2339
2332
2353
2377
2405
2409
2443
2462
2447
2392
2310
2229
2130
2040
1997
1928
1871
1827
1798
1820
1893
1964
2050
2111
2156
2183
2238
2286
2329
2352
2355
2344
2337
2344
2349
2350
2371
2398
2444
2452
2444
2449
2460
2465
2464
2469
2464
2470
2478
2460
2453
2446
2444
2450
2454
2451
2421
2419
2398
2378
2356
2330
2318
2306
2324
2338
2373
2392
2410
2432
2460
2448
2447
2437
2426
2409
2380
2358
2339
2322
2319
2356
2415
2463
2498
2550
2586
2616
2616
2616
2598
2575
2540
2508
2467
2420
2364
2336
2301
2297
2286
2301
2324
2353
2386
2417
2464
2505
2514
2540
2546
2540
2534
2521
2522
2498
2492
2465
2444
2412
2384
2332
2293
2277
2280
2296
2310
2313
2317
2308
2326
2347
2378
2396
2412
2403
2403
2409
2412
2418
2408
2408
2410
2409
2425
2418
2414
2421
2426
2444
2437
2419
2393
2378
2375
2386
2397
2415
2444
2462
2479
2479
2463
2439
2426
2432
2452
2441
2397
2356
2323
2321
2316
2302
2271
2233
2200
2169
2178
2188
2207
2205
2198
2187
2186
2197
2231
2234
2234
2218
2211
2198
2181
2154
2137
2144
2131
2132
2144
2168
2199
2233
2291
2344
2344
2358
2336
2317
2287
2253
2187
2162
2133
2136
2145
2167
2186
2210
2204
2186
2170
2187
2194
2206
2211
2223
2244
2248
2263
2273
2320
2332
2325
2317
2274
2228
2196
2143
2105
2056
2031
2019
1994
1986
2028
2079
2178
2259
2363
2425
2460
2413
2369
2296
2267
2223
2192
2170
2194
2216
2237
2249
2277
2284
2288
2287
2289
2282
2256
2234
2216
2207
2178
2187
2199
2229
2221
2214
2203
2188
2181
2182
2148
2100
2057
2031
1993
1976
1973
1946
1898
1875
1856
1851
1835
1861
1877
1904
1975
2062
2177
2254
2310
2357
2364
2345
2325
2310
2277
2247
2217
2197
2187
2167
2156
2163
2175
2183
2188
2205
2215
2204
2214
2220
2205
2190
2177
2152
2126
2090
2066
2030
2014
2011
2021
2038
2064
2125
2194
2246
2296
2333
2367
2365
2336
2302
2264
2227
2170
2123
2080
2035
2001
1999
2037
2063
2116
2191
2257
2292
2330
2353
2374
2381
2398
2376
2349
2303
2263
2212
2191
2152
2126
2093
2100
2125
2148
2143
2131
2120
2079
2024
1984
1951
1930
1896
1862
1847
1866
1899
1926
1945
1971
1999
2033
2064
2075
2089
2091
2079
2020
1966
1889
1881
1885
1920
1927
1943
1945
1944
1950
1957
1972
2012
2073
2123
2135
2137
2075
2006
1917
1851
1796
1775
1784
1784
1798
1828
1883
1948
2010
2056
2066
2074
2069
2060
2035
2015
2014
2019
2017
2013
2005
2005
2031
2081
2123
2160
2198
2226
2247
2251
2257
2257
2279
2299
2330
2362
2335
2324
2314
2306
2303
2296
2294
2258
2207
2154
2088
2056
2012
1979
1962
1963
2000
2016
2031
2043
2052
2055
2051
2057
2087
2126
2155
2171
2159
2124
2095
2063
2068
2102
2159
2236
2288
2326
2335
2317
2280
2234
2171
2110
2044
1963
1898
1833
1779
1784
1794
1809
1819
1834
1863
1907
1951
1964
1949
1927
1879
1864
1859
1879
1889
1911
1928
1921
1922
1939
1945
1957
1939
1933
1935
1956
1953
1954
1938
1907
1857
1825
1804
1800
1814
1839
1872
1873
1861
1830
1841
1856
1880
1906
1935
1964
2016
2031
2070
2115
2172
2178
2161
2127
2087
2054
2041
2028
2054
2071
2093
2118
2140
2146
2138
2125
2110
2097
2099
2112
2107
2107
2081
2066
2052
2041
2017
2025
2056
2061
2028
2008
1983
1972
1966
1977
1962
1975
1970
1999
2009
2019
2014
2003
1991
2011
2039
2080
2108
2115
2078
1991
1867
1807
1768
1728
1697
1666
1633
1619
1645
1687
1731
1785
1857
1922
1988
2035
2048
2053
2046
2000
1971
1938
1930
1906
1898
1909
1939
1971
2012
2053
2078
2087
2102
2102
2110
2123
2140
2137
2154
2163
2197
2206
2204
2190
2189
2193
2194
2195
2160
2121
2083
2033
2009
1984
1965
1934
1907
1905
1906
1913
1926
1944
1963
1969
2019
2075
2138
2177
2226
2256
2296
2320
2373
2416
2442
2447
2435
2424
2410
2399
2380
2346
2286
2198
2079
1954
1855
1785
1706
1677
1663
1659
1668
1700
1720
1768
1830
1857
1843
1857
1868
1924
1973
2026
2084
2128
2182
2251
2314
2373
2425
2454
2446
2411
2394
2346
2298
2254
2206
2184
2195
2234
2268
2306
2338
2339
2345
2330
2316
2298
2314
2309
2319
2316
2332
2319
2324
2319
2300
2240
2189
2125
2065
2018
1967
1947
1942
1965
2005
2053
2128
2182
2249
2294
2330
2354
2347
2359
2360
2362
2326
2316
2309
2314
2305
2312
2304
2303
2310
2335
2308
2289
2264
2255
2229
2217
2172
2151
2136
2136
2146
2176
2195
2237
2298
2336
2350
2356
2348
2337
2306
2285
2271
2271
2279
2302
2345
2387
2425
2427
2424
2409
2412
2404
2367
2340
2336
2328
2324
2310
2294
2276
2265
2280
2314
2326
2316
2308
2289
2280
2260
2240
2234
2230
2214
2230
2232
2238
2245
2248
2245
2232
2214
2197
2201
2229
2279
2322
2355
2386
2404
2409
2401
2355
2289
2198
2121
2044
1974
1936
1924
1928
1957
1964
1971
1980
2009
1984
1933
1895
1870
1849
1851
1852
1875
1884
1896
1912
1951
1989
2051
2112
2179
2236
2301
2349
2391
2429
2460
2482
2507
2515
2510
2494
2495
2508
2524
2536
2550
2542
2522
2495
2466
2434
2423
2424
2408
2405
2420
2422
2454
2480
2489
2501
2491
2491
2466
2429
2387
2361
2326
2309
2276
2280
2274
2267
2261
2268
2272
2296
2312
2346
2387
2425
2446
2476
2480
2477
2477
2453
2409
2371
2353
2295
2219
2129
2048
1994
1961
1945
1957
1963
1996
2036
2098
2126
2144
2119
2095
2063
2049
2033
2027
2031
2056
2078
2109
2142
2157
2127
2106
2095
2096
2084
2094
2081
2066
2026
2001
1995
1971
1967
1957
1926
1905
1886
1885
1928
1967
2035
2089
2143
2187
2224
2220
2182
2146
2129
2091
2075
2045
2057
2082
2144
2174
2203
2181
2154
2114
2079
2015
1995
1974
1963
1964
1974
1989
2004
2017
2004
2007
2002
2001
2005
2000
1999
1997
1986
1985
1947
1923
1906
1912
1906
1891
1871
1878
1900
1948
1969
1997
2018
2064
2095
2140
2176
2192
2199
2174
2139
2094
2079
2048
2020
1967
1896
1838
1789
1763
1770
1757
1769
1781
1829
1873
1925
2000
2056
2082
2108
2109
2104
2083
2074
2065
2062
2031
2008
1993
1978
1935
1905
1881
1861
1874
1877
1883
1908
1918
1956
2021
2074
2099
2106
2096
2069
2035
1991
1953
1926
1927
1940
1967
1992
2015
2023
2043
2035
2039
2055
2060
2052
2048
2027
1998
1964
1946
1938
1945
1978
2004
2056
2123
2168
2174
2149
2104
2065
2024
1981
1920
1848
1759
1678
1620
1579
1555
1555
1566
1588
1643
1707
1807
1871
1929
1939
1966
2016
2056
2059
2041
2012
1987
1960
1934
1931
1938
1945
1924
1869
1793
1734
1697
1702
1726
1746
1723
1713
1715
1737
1769
1795
1798
1788
1750
1713
1690
1692
1709
1735
1751
1797
1850
1903
1924
1923
1872
1816
1752
1706
1664
1621
1574
1553
1543
1588
1666
1762
1848
1915
1985
2029
2106
2122
2135
2117
2110
2089
2080
2031
1977
1951
1911
1866
1875
1903
1948
1966
2006
2014
2019
2009
2036
2053
2080
2123
2202
2255
2282
2308
2321
2321
2272
2235
2167
2109
2052
1998
1981
2020
2064
2118
2184
2265
2326
2402
2422
2430
2414
2416
2379
2359
2293
2229
2153
2109
2075
2065
2068
2071
2069
2084
2122
2170
2206
2256
2304
2344
2360
2349
2338
2335
2324
2292
2297
2295
2333
2354
2379
2399
2427
2430
2449
2457
2450
2413
2406
2386
2370
2341
2310
2273
2262
2247
2267
2284
2313
2328
2348
2363
2374
2362
2357
2354
2350
2350
2354
2348
2312
2298
2290
2317
2349
2363
2384
2374
2366
2379
2385
2394
2412
2435
2451
2474
2478
2486
2463
2435
2416
2382
2354
2328
2308
2280
2263
2254
2254
2285
2334
2366
2392
2412
2433
2448
2452
2464
2487
2501
2532
2514
2501
2493
2504
2506
2477
2446
2403
2378
2349
2310
2275
2238
2203
2170
2154
2143
2149
2148
2164
2185
2200
2204
2200
2207
2216
2223
2214
2171
2097
2072
2046
2050
2071
2082
2100
2106
2122
2146
2187
2223
2251
2264
2264
2256
2243
2226
2212
2181
2137
2103
2082
2062
2049
2051
2075
2100
2147
2188
2231
2256
2275
2275
2280
2282
2287
2306
2311
2313
2324
2341
2346
2348
2326
2327
2340
2350
2356
2356
2354
2358
2349
2339
2330
2346
2335
2315
2291
2261
2251
2238
2238
2241
2248
2266
2281
2289
2279
2256
2215
2178
2161
2189
2217
2243
2280
2301
2320
2335
2386
2400
2412
2406
2377
2304
2243
2166
2095
2037
1987
1974
1969
1976
1977
1997
2029
2046
2043
2020
2017
2010
2023
2025
2003
1992
1964
1952
1924
1924
1930
1964
1977
1999
1989
2012
2004
2012
1999
2000
2002
2001
2003
2021
2036
2083
2120
2172
2208
2219
2233
2241
2238
2234
2227
2222
2174
2105
2038
1934
1847
1770
1734
1713
1717
1723
1768
1814
1881
1914
1946
1933
1853
1737
1615
1507
1436
1383
1360
1340
1349
1340
1348
1379
1415
1454
1539
1621
1681
1695
1653
1633
1601
1596
1593
1612
1637
1666
1701
1736
1751
1794
1820
1856
1878
1930
1954
1985
2001
2036
2064
2137
2179
2215
2227
2245
2225
2193
2164
2134
2104
2079
2057
2042
2023
1991
1966
1949
1981
1999
2010
2009
2047
2070
2108
2122
2138
2147
2157
2155
2160
2164
2181
2187
2214
2232
2259
2256
2264
2244
2213
2165
2102
2053
2020
2009
2001
1985
1981
2000
2041
2092
2125
2145
2172
2198
2204
2225
2226
2219
2205
2214
2231
2262
2291
2308
2323
2336
2327
2327
2319
2302
2295
2285
2237
2197
2141
2106
2076
2099
2136
2143
2168
2196
2194
2172
2163
2138
2111
2058
1991
1909
1827
1754
1713
1696
1691
1706
1726
1758
1810
1865
1906
1947
1992
2024
2009
1993
1989
1979
1999
2003
1973
1941
1933
1950
1999
2035
2062
2065
2043
1999
1901
1858
1807
1798
1789
1778
1767
1756
1759
1766
1803
1846
1909
1947
1967
1947
1904
1869
1858
1850
1815
1769
1757
1770
1795
1807
1830
1857
1884
1902
1905
1914
1939
1958
1971
1972
1981
1985
1987
2003
2008
2018
2003
2007
2017
2027
2014
1996
1979
1994
2031
2096
2145
2202
2209
2212
2156
2112
2085
2062
2030
2007
1965
1950
1917
1917
1911
1891
1888
1896
1907
1903
1920
1921
1950
1959
1980
2002
2043
2089
2134
2155
2174
2184
2187
2179
2157
2089
2020
1978
1955
1906
1884
1830
1785
1759
1793
1835
1891
1914
1935
1925
1910
1873
1831
1839
1829
1837
1838
1851
1879
1919
1970
1995
2022
2050
2039
2041
2041
2078
2100
2094
2034
2005
1947
1903
1845
1784
1714
1690
1677
1687
1676
1700
1722
1757
1785
1804
1802
1781
1762
1734
1688
1661
1663
1680
1722
1765
1805
1870
1935
2009
2090
2126
2151
2159
2178
2154
2117
2049
1998
1943
1918
1857
1804
1755
1739
1720
1747
1799
1850
1910
1976
2013
2034
2030
1997
1970
1936
1895
1843
1824
1806
1793
1764
1768
1780
1795
1794
1792
1790
1803
1822
1839
1849
1867
1883
1911
1922
1919
1905
1906
1871
1827
1761
1698
1649
1622
1595
1585
1582
1591
1595
1595
1612
1635
1705
1759
1819
1842
1852
1871
1911
1935
2001
2046
2057
2056
2062
2067
2075
2069
2028
1970
1900
1825
1765
1721
1702
1692
1656
1618
1597
1597
1619
1657
1707
1752
1766
1767
1774
1785
1813
1838
1846
1851
1854
1865
1897
1915
1917
1931
1938
1915
1856
1820
1814
1842
1874
1887
1904
1926
1951
1973
1996
1990
1991
1984
1991
2007
2057
2072
2062
2059
2055
2081
2108
2137
2169
2220
2241
2269
2283
2295
2319
2338
2331
2324
2286
2251
2211
2188
2155
2153
2128
2121
2130
2131
2120
2119
2121
2119
2149
2177
2220
2278
2317
2346
2369
2386
2395
2382
2382
2375
2377
2370
2359
2316
2285
2251
2229
2197
2192
2184
2206
2201
2220
2227
2238
2254
2290
2297
2291
2270
2236
2238
2228
2224
2212
2205
2192
2164
2128
2109
2065
2033
1999
1997
1993
2010
2038
2056
2041
2051
2044
2064
2058
2071
2069
2097
2113
2144
2164
2184
2194
2184
2144
2126
2072
2037
2016
2005
1965
1924
1871
1828
1830
1836
1835
1860
1890
1906
1941
1976
2025
2063
2098
2106
2127
2166
2214
2232
2235
2228
2209
2195
2186
2148
2117
2081
2035
1983
1944
1899
1876
1861
1871
1880
1882
1885
1899
1898
1896
1934
1973
2024
2068
2112
2140
2179
2186
2164
2139
2151
2156
2170
2199
2213
2210
2183
2144
2136
2126
2112
2086
2043
1984
1918
1840
1828
1823
1836
1858
1921
1986
2072
2166
2234
2284
2316
2347
2341
2320
2307
2292
2286
2278
2271
2266
2242
2239
2268
2290
2306
2310
2298
2267
2250
2234
2232
2202
2156
2110
2047
2000
1951
1920
1907
1931
1943
1963
1993
2043
2094
2130
2154
2176
2199
2213
2204
2179
2140
2102
2078
2067
2069
2091
2104
2119
2134
2182
2225
2253
2248
2239
2219
2208
2194
2209
2198
2222
2280
2320
2373
2408
2400
2374
2327
2270
2244
2220
2200
2199
2193
2225
2247
2303
2341
2355
2384
2409
2433
2424
2419
2410
2386
2377
2376
2371
2387
2359
2338
2281
2247
2184
2111
2034
1987
1947
1930
1956
1970
1966
1978
1964
1967
1954
1948
1957
2026
2125
2210
2278
2314
2335
2314
2298
2276
2284
2273
2272
2249
2225
2179
2185
2200
2183
2161
2105
2064
2031
1999
1930
1897
1839
1805
1789
1801
1823
1879
1930
1975
2000
2028
2021
2011
1966
1966
1978
1971
1955
1977
1993
2019
2041
2053
2040
2025
2012
1985
1946
1903
1877
1864
1850
1826
1831
1843
1864
1874
1891
1893
1870
1860
1887
1919
1984
2074
2152
2207
2252
2246
2233
2195
2158
2106
2082
2045
2047
2045
2037
2065
2085
2088
2086
2047
1967
1916
1866
1836
1819
1816
1844
1880
1930
1941
1913
1851
1798
1772
1729
1736
1809
1872
1915
1936
1939
1955
1967
1951
1902
1876
1814
1735
1628
1537
1466
1448
1472
1502
1567
1653
1755
1861
1961
2041
2095
2099
2066
2035
1999
1959
1918
1874
1834
1817
1820
1844
1874
1928
1985
2031
2078
2119
2133
2134
2140
2124
2106
2117
2121
2127
2130
2120
2121
2120
2100
2060
2029
1983
1950
1933
1935
1947
1971
2000
1996
1958
1905
1849
1827
1821
1839
1867
1897
1925
1957
1963
2003
2003
1996
1971
1971
1961
1975
1994
2004
2019
2026
2024
2014
2036
2025
2043
2040
2047
2045
2029
2017
2026
2023
2033
2034
2028
2035
2034
2012
1976
1912
1869
1824
1807
1749
1704
1622
1611
1640
1687
1723
1757
1761
1755
1724
1681
1627
1590
1577
1575
1583
1619
1673
1725
1814
1884
1948
1995
2051
2084
2107
2078
2059
2041
2046
2041
2031
2010
2025
2023
2020
2009
2016
2009
1987
1968
1983
2033
2110
2179
2235
2252
2264
2270
2277
2274
2265
2258
2232
2202
2151
2107
2056
2005
1947
1904
1870
1847
1852
1881
1934
2003
2069
2148
2218
2259
2264
2227
2163
2106
2063
2018
1978
1968
1976
1998
2082
2139
2178
2221
2257
2299
2346
2353
2361
2345
2297
2250
2201
2170
2156
2133
2097
2073
2058
2055
2020
1981
1942
1921
1896
1906
1926
1981
1999
2027
2038
2080
2130
2191
2247
2308
2352
2389
2401
2424
2414
2414
2394
2376
2359
2342
2319
2304
2264
2234
2222
2200
2193
2176
2195
2201
2211
2192
2193
2195
2195
2190
2207
2225
2271
2272
2295
2298
2291
2277
2266
2252
2277
2266
2259
2235
2235
2227
2232
2232
2220
2215
2208
2179
2152
2126
2087
2051
2029
2043
2062
2116
2151
2193
2224
2245
2231
2204
2144
2116
2089
2080
2086
2105
2113
2132
2140
2166
2190
2233
2271
2315
2314
2318
2332
2341
2354
2365
2374
2399
2424
2435
2456
2466
2481
2504
2511
2504
2470
2416
2370
2346
2309
2276
2246
2213
2174
2147
2143
2139
2153
2168
2163
2145
2194
2250
2301
2344
2393
2434
2486
2519
2538
2547
2542
2523
2488
2452
2413
2361
2294
2228
2161
2126
2122
2160
2203
2221
2249
2264
2298
2334
2366
2377
2382
2360
2358
2354
2353
2337
2338
2336
2322
2296
2302
2289
2292
2308
2313
2294
2289
2272
2245
2237
2233
2234
2222
2186
2155
2151
2142
2149
2168
2207
2236
2250
2260
2285
2321
2349
2350
2356
2350
2338
2339
2353
2363
2363
2324
2326
2325
2350
2361
2381
2410
2446
2455
2469
2460
2474
2476
2482
2464
2478
2462
2447
2443
2430
2390
2377
2354
2372
2391
2407
2406
2405
2403
2394
2385
2406
2431
2461
2472
2465
2455
2419
2386
2336
2304
2263
2250
2209
2202
2196
2240
2257
2278
2312
2371
2402
2432
2458
2492
2511
2535
2544
2540
2517
2510
2492
2472
2457
2444
2416
2403
2374
2349
2311
2259
2252
2261
2280
2292
2328
2361
2388
2427
2468
2490
2500
2496
2498
2464
2443
2410
2402
2383
2391
2394
2408
2420
2441
2468
2496
2519
2525
2512
2493
2467
2459
2456
2450
2444
2451
2458
2460
2475
2490
2506
2506
2504
2495
2504
2501
2490
2466
2417
2362
2308
2278
2238
2209
2208
2225
2251
2289
2315
2340
2361
2372
2397
2418
2430
2436
2434
2418
2407
2393
2352
2315
2294
2254
2204
2166
2143
2137
2140
2154
2173
2208
2248
2280
2317
2345
2364
2368
2359
2351
2341
2311
2293
2248
2223
2190
2156
2142
2155
2165
2198
2219
2223
2242
2230
2199
2173
2168
2180
2207
2246
2280
2315
2341
2335
2333
2312
2299
2289
2285
2276
2239
2193
2189
2188
2185
2172
2190
2215
2249
2279
2310
2336
2362
2351
2321
2289
2265
2224
2189
2153
2151
2178
2218
2276
2321
2367
2379
2392
2368
2322
2250
2155
2084
2051
2014
2017
2029
2039
2020
2021
2015
2024
2028
2030
2035
2074
2102
2169
2204
2217
2215
2191
2192
2182
2184
2166
2164
2164
2178
2189
2191
2186
2158
2095
2017
1933
1883
1836
1808
1787
1763
1730
1737
1782
1821
1838
1814
1763
1705
1658
1633
1619
1587
1562
1577
1627
1691
1786
1840
1897
1934
1948
1926
1918
1913
1885
1866
1846
1835
1826
1822
1819
1816
1800
1819
1830
1885
1958
2023
2051
2032
1999
1986
1982
1999
2001
2005
2025
2073
2110
2140
2146
2159
2166
2195
2215
2251
2299
2345
2381
2403
2402
2415
2426
2418
2398
2364
2325
2280
2238
2222
2200
2162
2149
2135
2114
2078
2068
2031
1991
1929
1883
1836
1816
1782
1771
1763
1781
1794
1819
1827
1859
1879
1936
1999
2087
2162
2235
2270
2310
2333
2344
2346
2340
2328
2294
2287
2257
2231
2198
2191
2174
2169
2175
2190
2198
2220
2221
2211
2187
2165
2119
2100
2091
2126
2153
2198
2236
2263
2274
2287
2295
2301
2299
2305
2312
2318
2338
2339
2347
2350
2340
2311
2290
2272
2242
2205
2170
2148
2149
2158
2155
2153
2164
2161
2185
2190
2191
2191
2186
2161
2165
2149
2126
2117
2108
2097
2072
2075
2103
2132
2160
2187
2226
2255
2297
2318
2332
2330
2297
2260
2219
2179
2138
2097
2056
2051
2059
2083
2090
2116
2114
2110
2136
2145
2148
2138
2137
2140
2155
2138
2099
2056
2028
2018
2027
2056
2088
2123
2144
2176
2192
2215
2230
2248
2261
2301
2367
2391
2396
2394
2361
2315
2263
2193
2109
2054
2007
1998
1981
1999
2019
2028
2019
2013
1994
2008
2023
2041
2045
2063
2074
2069
2054
2066
2073
2090
2106
2113
2101
2090
2068
2037
1999
1975
1938
1883
1818
1789
1774
1772
1790
1815
1845
1854
1907
1943
2006
2060
2107
2131
2124
2117
2135
2154
2168
2155
2170
2189
2225
2239
2275
2263
2273
2265
2258
2216
2181
2132
2082
2050
2024
1977
1967
1962
1980
2021
2100
2155
2173
2206
2233
2240
2225
2185
2122
2082
2050
2048
2036
2043
2053
2107
2134
2165
2179
2200
2192
2201
2178
2166
2163
2157
2152
2145
2103
2085
2063
2053
2051
2034
2013
2018
2037
2072
2090
2096
2086
2051
2026
1982
1993
2013
2054
2095
2148
2178
2205
2220
2221
2176
2135
2074
1988
1922
1870
1832
1820
1819
1834
1834
1834
1833
1855
1903
1943
1977
1984
1981
1979
1983
2004
2019
2032
2052
2078
2080
2069
2022
1989
1973
1960
1951
1952
1985
2034
2066
2086
2108
2112
2106
2086
2048
2015
2008
1976
1934
1903
1885
1889
1902
1929
1955
1990
2011
2017
2016
2007
1999
1977
1975
1984
2006
2051
2080
2089
2079
2039
2015
1999
1996
1979
1986
1968
1983
2023
2077
2116
2134
2147
2189
2226
2224
2216
2210
2208
2241
2257
2276
2292
2286
2298
2309
2306
2298
2284
2268
2237
2211
2163
2083
2039
1977
1955
1930
1928
1887
1865
1827
1819
1825
1847
1881
1921
1945
1982
2016
2036
2043
2049
2053
2048
2006
1933
1862
1779
1688
1634
1602
1609
1611
1619
1622
1596
1585
1559
1547
1545
1576
1638
1698
1752
1823
1876
1941
1989
2068
2125
2161
2167
2144
2084
2026
1967
1943
1893
1887
1903
1934
1941
1953
1943
1926
1922
1927
1936
1947
1973
2028
2086
2135
2221
2283
2313
2339
2352
2344
2342
2332
2314
2306
2310
2313
2326
2327
2321
2308
2259
2209
2159
2115
2102
2114
2143
2152
2170
2158
2140
2116
2101
2067
2013
1976
1929
1909
1902
1926
1964
1999
2029
2063
2100
47.21191406
1.660473585
999
