5835
2154
2109
2171
2153
2168
2089
2118
2094
2120
2060
2100
2069
2132
2074
2103
2051
2120
2090
2129
2083
2124
2081
2113
2031
2055
2003
2055
2020
2033
1985
2033
2002
2035
1988
2007
1969
2023
1985
2010
1952
1981
1968
1992
1951
1963
1976
2013
1982
2019
2000
2041
2054
2045
2034
2053
2073
2101
2080
2067
2078
2100
2101
2088
2073
2073
2089
2067
2068
2027
2065
2069
2061
2030
2038
2030
2058
2013
2023
1997
2035
2013
2014
1982
2003
1985
1995
1951
1964
1942
1969
1921
1940
1889
1933
1905
1920
1867
1893
1869
1921
1871
1893
1863
1911
1888
1914
1885
1923
1916
1956
1907
1946
1924
1963
1917
1953
1915
1967
1951
1985
1960
1978
1942
1989
1946
1971
1922
1981
1952
1970
1930
1956
1937
1966
1918
1947
1934
1980
1958
1983
1953
2014
2017
2070
2049
2101
2090
2147
2102
2135
2099
2146
2118
2138
2106
2136
2109
2126
2059
2073
2043
2097
2065
2096
2059
2099
2094
2123
2064
2108
2099
2159
2120
2148
2110
2179
2152
2181
2131
2159
2136
2175
2113
2137
2101
2145
2108
2139
2094
2154
2135
2167
2139
2184
2164
2203
2153
2183
2137
2192
2152
2173
2128
2140
2128
2146
2119
2133
2112
2154
2144
2140
2129
2133
2146
2144
2110
2121
2098
2087
2108
2097
2106
2078
2109
2103
2135
2086
2118
2085
2144
2108
2137
2104
2142
2087
2126
2058
2111
2072
2127
2080
2145
2079
2149
2101
2148
2081
2134
2093
2157
2088
2112
2052
2116
2072
2106
2050
2086
2064
2101
2067
2110
2102
2168
2130
2150
2114
2122
2097
2106
2054
2057
2038
2020
2052
2008
1994
1969
1977
1939
1919
1893
1930
1920
1953
1930
1957
1980
2005
1982
1991
1949
1997
1983
1993
1971
2003
1998
2050
2007
2020
1995
2031
1998
2022
2005
2038
2046
2089
2057
2076
2082
2123
2102
2132
2082
2103
2086
2102
2054
2057
2025
2063
2014
2009
1963
1983
1971
2004
1999
2027
1992
2046
2028
2063
2023
2043
2016
2031
2007
1995
1939
1957
1911
1911
1903
1884
1888
1915
1897
1898
1898
1930
1940
1943
1954
1950
1971
1998
2006
2015
2035
2002
2062
2033
2058
2027
2079
2079
2122
2066
2111
2088
2157
2110
2131
2077
2131
2102
2147
2090
2148
2128
2184
2117
2183
2131
2217
2170
2218
2153
2228
2177
2238
2189
2225
2188
2254
2205
2231
2167
2220
2194
2213
2139
2161
2114
2153
2083
2106
2059
2091
2052
2072
2028
2073
2058
2061
2060
2057
2046
2060
2074
2086
2082
2080
2113
2100
2127
2111
2116
2120
2148
2114
2128
2065
2112
2087
2123
2079
2103
2066
2150
2085
2145
2095
2170
2147
2198
2151
2167
2116
2177
2124
2162
2097
2146
2113
2157
2074
2075
2042
2097
2034
2061
2015
2038
2003
2037
1985
1998
1991
2034
1987
1986
1950
2000
1981
1998
1975
2013
2020
2056
2059
2093
2096
2146
2134
2125
2090
2069
2087
2092
2080
2060
2056
2069
2073
2059
2085
2071
2096
2105
2121
2100
2132
2113
2172
2148
2163
2144
2178
2160
2178
2142
2156
2125
2158
2106
2111
2090
2130
2094
2100
2073
2111
2083
2123
2076
2120
2080
2129
2094
2117
2072
2112
2079
2124
2079
2112
2092
2152
2108
2141
2092
2138
2122
2173
2120
2155
2133
2183
2143
2191
2145
2204
2180
2213
2149
2198
2162
2192
2139
2140
2095
2137
2104
2126
2065
2089
2089
2131
2116
2120
2097
2142
2111
2112
2106
2080
2126
2133
2131
2107
2123
2122
2179
2133
2170
2136
2199
2181
2205
2149
2198
2163
2239
2162
2194
2125
2183
2128
2167
2095
2124
2061
2112
2038
2066
2029
2066
2051
2095
2052
2080
2074
2117
2094
2051
2039
2017
2042
2062
2058
2030
2009
1973
1990
1929
1927
1911
1961
1952
1970
1944
1988
1971
2013
1964
1975
1945
1990
1973
1994
1939
1947
1902
1931
1880
1912
1867
1909
1890
1911
1875
1896
1888
1936
1909
1935
1885
1929
1897
1902
1852
1879
1872
1899
1863
1885
1854
1907
1899
1921
1910
1922
1932
1951
1900
1878
1840
1832
1834
1826
1814
1828
1850
1866
1863
1897
1931
1977
2002
2013
2001
2031
2046
2039
2048
2030
2039
2050
2062
2036
2016
1983
2024
1996
1977
1923
1937
1913
1912
1871
1889
1847
1921
1887
1915
1873
1935
1906
1945
1864
1890
1857
1928
1894
1947
1927
1979
1977
2033
1974
2009
1955
1985
1933
1941
1884
1869
1832
1857
1826
1850
1839
1847
1879
1875
1884
1892
1921
1922
1928
1896
1919
1910
1957
1909
1941
1915
1973
1934
1979
1913
1954
1926
2003
1957
2020
1959
2002
1958
2010
1932
1965
1910
1929
1883
1901
1835
1874
1837
1870
1809
1835
1813
1826
1839
1858
1829
1856
1853
1858
1874
1840
1845
1850
1864
1841
1837
1816
1855
1828
1851
1819
1854
1839
1870
1823
1865
1809
1880
1865
1909
1853
1906
1888
1964
1941
1973
1941
1999
1979
1989
1931
1930
1891
1935
1909
1906
1856
1912
1915
1920
1889
1885
1874
1912
1875
1874
1863
1855
1877
1874
1884
1887
1917
1944
1939
1917
1894
1862
1867
1835
1823
1801
1826
1817
1881
1851
1886
1862
1889
1872
1899
1841
1859
1837
1887
1866
1912
1865
1912
1887
1927
1883
1912
1892
1942
1908
1945
1912
1943
1923
1949
1907
1945
1931
1968
1975
1970
1935
1955
1947
1957
1934
1935
1944
1956
1968
1958
1953
1965
1993
1961
2006
1943
1971
1949
1998
1941
1959
1904
1978
1940
1985
1913
1967
1929
1980
1932
1953
1882
1935
1893
1910
1836
1889
1844
1886
1874
1865
1816
1856
1830
1853
1829
1824
1836
1847
1852
1841
1843
1878
1902
1873
1871
1823
1861
1842
1839
1802
1848
1813
1901
1862
1919
1876
1956
1935
1995
1932
1960
1894
1951
1886
1931
1859
1899
1859
1893
1824
1856
1820
1891
1857
1901
1890
1899
1893
1912
1885
1893
1876
1868
1887
1879
1882
1848
1891
1897
1894
1889
1928
1910
1966
1939
1956
1921
1960
1902
1956
1882
1906
1864
1925
1859
1875
1828
1828
1791
1826
1779
1796
1769
1828
1837
1867
1851
1849
1865
1898
1873
1887
1884
1901
1939
1944
1936
1930
1949
1960
1955
1933
1929
1927
1947
1914
1887
1863
1856
1862
1883
1848
1871
1881
1916
1882
1935
1909
1937
1927
1961
1906
1938
1934
1987
1953
1980
1949
1998
1979
2019
1982
1999
1940
1955
1903
1909
1842
1867
1831
1845
1820
1826
1805
1838
1807
1817
1782
1786
1824
1843
1844
1829
1825
1854
1873
1842
1881
1833
1865
1846
1868
1817
1835
1791
1829
1762
1799
1728
1795
1768
1822
1792
1840
1791
1856
1814
1868
1813
1885
1845
1893
1844
1871
1831
1890
1841
1865
1834
1827
1831
1829
1792
1782
1759
1782
1778
1741
1753
1725
1773
1774
1786
1748
1789
1770
1837
1771
1796
1753
1831
1804
1863
1806
1840
1801
1858
1792
1835
1789
1835
1809
1845
1822
1887
1857
1897
1837
1868
1856
1907
1926
1938
1910
1941
1934
1942
1949
1911
1889
1892
1912
1902
1899
1887
1902
1890
1922
1900
1912
1906
1939
1913
1934
1898
1933
1931
1956
1910
1930
1909
1957
1950
1993
1963
2015
1991
2033
2025
2050
2018
2076
2069
2082
2038
2081
2051
2075
2037
2041
2019
2072
2056
2069
2093
2123
2165
2197
2195
2179
2151
2171
2172
2168
2168
2147
2167
2167
2162
2150
2166
2134
2171
2131
2130
2086
2119
2111
2130
2082
2091
2065
2101
2052
2067
2005
2011
1990
2020
1957
1976
1944
1996
1945
1991
1953
1977
1958
1997
1952
1992
1965
2007
2019
2031
2017
2052
2060
2072
2025
2019
2005
1984
2004
1985
1983
1991
2031
2035
2083
2052
2104
2079
2102
2047
2064
2009
2061
2001
2027
1963
2005
1974
2040
2020
2062
1995
2064
2022
2074
2014
2050
2020
2061
2048
2080
2069
2126
2109
2144
2137
2133
2145
2175
2172
2162
2142
2145
2151
2131
2158
2127
2161
2145
2196
2190
2236
2173
2254
2207
2258
2192
2249
2201
2240
2172
2190
2117
2183
2140
2173
2113
2169
2143
2193
2158
2199
2170
2240
2216
2245
2233
2228
2237
2262
2230
2196
2170
2156
2187
2152
2155
2120
2150
2146
2152
2127
2144
2111
2167
2124
2137
2108
2142
2120
2181
2149
2195
2182
2256
2239
2281
2256
2263
2250
2292
2252
2262
2225
2259
2223
2209
2160
2169
2146
2176
2127
2147
2130
2150
2142
2146
2123
2112
2104
2110
2082
2048
1991
1998
1995
2023
2017
2024
1971
2049
2040
2079
2045
2083
2092
2127
2117
2135
2085
2133
2095
2103
2038
2088
2057
2099
2058
2100
2082
2144
2103
2134
2103
2106
2103
2123
2097
2108
2079
2106
2094
2076
2069
2075
2088
2087
2063
2056
2058
2044
2083
2040
2044
2020
2061
2050
2087
2037
2087
2051
2103
2027
2053
2009
2065
2026
2064
1999
2047
2021
2071
2001
2035
1979
2014
1977
2005
1957
2002
1983
2024
2034
2064
2064
2096
2100
2107
2086
2092
2123
2127
2161
2133
2139
2151
2193
2160
2204
2134
2197
2167
2206
2147
2174
2118
2174
2118
2153
2078
2110
2071
2151
2111
2143
2095
2132
2123
2151
2101
2132
2122
2142
2160
2150
2141
2166
2179
2175
2183
2139
2169
2163
2180
2154
2156
2130
2182
2162
2196
2125
2172
2148
2190
2128
2152
2090
2162
2131
2172
2114
2176
2141
2176
2122
2114
2068
2130
2108
2130
2088
2092
2078
2087
2053
2056
2050
2071
2047
2030
2043
2019
2046
2035
2034
2018
2028
2028
2076
2039
2052
2039
2075
2066
2069
2026
2050
2019
2063
2012
2025
1993
2038
2007
2042
1994
2015
2000
2057
2030
2063
2061
2091
2086
2114
2088
2118
2094
2135
2102
2102
2065
2077
2067
2087
2043
2033
2011
2036
2058
2057
2062
2080
2100
2119
2139
2116
2123
2126
2152
2138
2128
2114
2139
2106
2119
2050
2066
2030
2056
1984
2031
1975
2049
2043
2097
2053
2110
2086
2159
2142
2176
2128
2204
2180
2215
2155
2192
2190
2221
2201
2203
2164
2203
2196
2179
2170
2156
2163
2171
2175
2161
2153
2107
2169
2117
2147
2083
2122
2091
2119
2089
2140
2095
2186
2155
2218
2155
2193
2134
2180
2103
2133
2075
2139
2098
2167
2147
2175
2165
2196
2173
2187
2146
2186
2161
2148
2137
2119
2117
2127
2093
2061
2036
1983
2023
1975
1985
1953
1995
1972
2035
1978
2036
1996
2076
2022
2067
2031
2090
2070
2137
2095
2123
2073
2150
2091
2138
2086
2113
2107
2161
2101
2108
2069
2065
2048
2012
1969
1980
1994
1998
1982
1969
1990
1981
2013
2001
2019
2033
2076
2080
2121
2073
2117
2120
2172
2121
2148
2104
2154
2126
2157
2106
2140
2114
2171
2142
2160
2134
2178
2165
2184
2142
2169
2129
2153
2112
2113
2080
2107
2098
2123
2121
2118
2127
2155
2163
2157
2138
2164
2163
2136
2132
2091
2107
2106
2126
2108
2140
2120
2173
2159
2170
2126
2156
2145
2166
2116
2125
2067
2123
2093
2103
2047
2071
2048
2077
2050
2084
2046
2101
2066
2124
2095
2110
2063
2080
2001
2014
1952
1967
1945
1950
1905
1940
1945
1989
1956
1984
1973
2010
1989
1978
1950
1980
1982
1978
1999
1988
2016
2022
2027
2007
2015
1985
2052
2018
2048
1999
2066
2042
2082
2042
2065
1991
2063
1997
2019
1946
1994
1943
1989
1925
1978
1935
2011
1967
2013
1965
1959
1946
1979
1951
1969
1940
1995
1976
1970
1979
1959
1971
1955
1954
1928
1931
1903
1949
1891
1907
1853
1883
1846
1887
1831
1890
1849
1943
1887
1937
1879
1957
1925
1981
1948
1986
1962
2035
2012
2040
2043
2050
2063
2112
2109
2127
2119
2131
2170
2128
2133
2101
2140
2120
2126
2093
2123
2086
2151
2124
2157
2119
2172
2133
2181
2113
2139
2112
2177
2101
2125
2094
2126
2115
2151
2118
2159
2150
2194
2170
2180
2157
2180
2191
2220
2197
2229
2232
2237
2255
2248
2255
2252
2272
2262
2265
2242
2256
2270
2316
2296
2324
2321
2333
2304
2326
2279
2303
2280
2297
2248
2277
2234
2267
2238
2275
2239
2259
2229
2261
2232
2248
2203
2239
2229
2267
2219
2245
2227
2253
2247
2244
2223
2234
2257
2262
2270
2247
2257
2266
2292
2288
2277
2266
2294
2274
2303
2254
2261
2262
2297
2282
2315
2282
2349
2332
2364
2320
2348
2292
2345
2299
2312
2250
2281
2232
2248
2209
2222
2199
2234
2216
2241
2196
2250
2235
2258
2243
2236
2249
2252
2229
2225
2228
2202
2256
2241
2249
2242
2267
2271
2312
2274
2314
2251
2310
2269
2317
2272
2336
2300
2366
2310
2353
2289
2366
2321
2384
2341
2367
2336
2393
2343
2373
2320
2346
2360
2360
2338
2347
2352
2377
2350
2334
2338
2308
2339
2324
2332
2284
2304
2239
2302
2242
2274
2231
2283
2231
2267
2244
2286
2246
2302
2243
2292
2249
2334
2288
2301
2249
2296
2285
2330
2282
2319
2294
2316
2312
2323
2281
2288
2283
2309
2303
2271
2275
2283
2307
2273
2278
2265
2283
2267
2288
2242
2261
2246
2274
2219
2258
2189
2245
2211
2242
2179
2199
2165
2202
2157
2179
2134
2202
2194
2216
2177
2214
2189
2221
2192
2201
2172
2209
2177
2154
2127
2107
2108
2111
2103
2093
2085
2089
2121
2113
2130
2094
2121
2146
2154
2126
2166
2137
2177
2151
2170
2134
2154
2141
2178
2133
2159
2114
2179
2163
2198
2177
2203
2175
2200
2167
2175
2130
2150
2105
2101
2050
2050
2046
2075
2042
2062
2062
2066
2080
2096
2098
2108
2130
2166
2180
2164
2164
2139
2166
2170
2181
2154
2177
2153
2185
2155
2189
2171
2217
2167
2197
2137
2156
2147
2178
2124
2150
2110
2140
2119
2133
2078
2104
2084
2108
2044
2058
2025
2056
2062
2074
2046
2077
2076
2090
2113
2108
2114
2145
2158
2145
2142
2139
2190
2171
2198
2153
2177
2161
2192
2150
2153
2077
2117
2080
2101
2038
2073
2035
2119
2084
2141
2101
2172
2144
2184
2154
2177
2129
2172
2126
2131
2074
2120
2105
2103
2094
2083
2066
2064
2059
2062
2077
2057
2112
2110
2135
2096
2119
2097
2140
2078
2116
2034
2088
2025
2069
2007
2058
1995
2065
2006
2049
1995
2080
2036
2088
2054
2082
2053
2114
2061
2084
2027
2036
2052
2041
2026
1999
2007
2019
2014
1997
2029
2013
2063
2031
2029
2003
2034
1987
2053
1997
2036
2015
2083
2057
2077
2038
2047
2001
2049
1995
2020
1979
2020
1988
2016
1997
2040
2033
2078
2023
2057
2030
2022
2020
2010
1996
1989
1985
2002
1993
1970
1953
1951
1959
1946
1943
1925
1926
1902
1916
1894
1915
1910
1941
1939
1984
1940
1970
1956
1999
1966
2000
1981
2042
2038
2068
2025
2063
2059
2114
2092
2134
2121
2151
2132
2145
2089
2092
2074
2058
2035
1997
1958
1971
1970
1967
1936
1935
1960
1980
1993
1982
1979
1989
2002
1973
1989
1955
2013
2007
2024
1983
2000
1998
2062
2027
2052
2009
2069
2042
2064
2035
2065
2028
2103
2048
2067
1997
2036
2000
2030
1985
1994
1968
2013
1995
2037
2023
2016
2046
2052
2042
2045
2044
2052
2050
2013
2027
2016
2061
2045
2056
2056
2083
2047
2110
2057
2083
2002
2039
1979
2029
1972
2009
1957
2031
1974
2013
1979
2031
2037
2064
2033
2039
1998
2035
2008
2022
2019
2008
2032
2051
2057
2079
2100
2100
2166
2130
2135
2079
2095
2065
2072
2003
2018
1945
2029
1960
2003
1936
2028
2012
2087
2039
2086
2062
2144
2096
2152
2124
2163
2147
2175
2137
2168
2147
2185
2153
2134
2114
2094
2107
2094
2068
2056
2086
2065
2120
2074
2096
2073
2120
2097
2132
2082
2123
2089
2150
2093
2126
2101
2143
2107
2150
2095
2123
2075
2121
2049
2086
2037
2071
2068
2100
2062
2094
2098
2116
2111
2100
2071
2079
2077
2072
2042
2025
2031
2040
2059
2040
2045
2062
2082
2057
2088
2055
2084
2077
2094
2058
2071
2033
2078
2042
2066
2034
2058
2037
2059
2058
2071
2038
2083
2072
2093
2042
2070
2035
2083
2054
2069
2040
2094
2080
2112
2092
2092
2076
2110
2102
2120
2103
2154
2168
2168
2165
2143
2152
2147
2124
2106
2097
2058
2104
2086
2083
2060
2097
2086
2111
2068
2096
2058
2122
2071
2107
2067
2134
2107
2168
2125
2162
2139
2217
2164
2206
2171
2193
2176
2217
2171
2204
2185
2200
2202
2213
2190
2197
2196
2212
2194
2190
2190
2165
2196
2159
2163
2129
2159
2119
2177
2121
2147
2114
2170
2126
2158
2127
2162
2124
2170
2113
2163
2119
2184
2132
2157
2095
2154
2134
2188
2131
2171
2129
2160
2163
2210
2200
2231
2223
2236
2212
2191
2204
2206
2218
2196
2203
2225
2246
2232
2261
2219
2271
2260
2292
2240
2299
2217
2286
2247
2282
2216
2270
2239
2289
2236
2269
2206
2268
2215
2251
2187
2237
2227
2274
2246
2259
2226
2272
2245
2253
2252
2234
2241
2264
2255
2247
2251
2245
2294
2275
2286
2252
2278
2258
2281
2225
2258
2194
2244
2211
2253
2205
2238
2198
2253
2207
2236
2179
2236
2196
2238
2209
2205
2169
2202
2174
2199
2163
2205
2180
2187
2159
2171
2167
2200
2193
2204
2202
2187
2219
2211
2240
2216
2237
2223
2234
2204
2162
2177
2181
2171
2153
2156
2143
2164
2124
2119
2118
2154
2156
2154
2140
2189
2189
2239
2199
2227
2204
2243
2218
2239
2175
2189
2155
2200
2132
2137
2113
2140
2125
2154
2118
2156
2131
2190
2158
2165
2141
2183
2185
2193
2161
2199
2183
2199
2202
2188
2177
2189
2181
2162
2150
2105
2132
2111
2134
2100
2126
2121
2174
2139
2193
2141
2206
2185
2235
2151
2216
2140
2192
2148
2192
2125
2181
2140
2186
2149
2163
2118
2154
2122
2153
2102
2123
2117
2125
2125
2122
2100
2100
2075
2040
2040
1980
2002
1980
2005
1970
1990
1954
2046
2007
2057
2018
2100
2089
2120
2092
2128
2062
2138
2082
2108
2019
2067
2011
2044
1986
1997
1962
2013
1971
1995
1983
2003
2033
2072
2056
2061
2031
2054
2050
2021
2028
2012
2058
2061
2075
2083
2114
2103
2170
2138
2155
2112
2150
2122
2143
2070
2092
2038
2092
2025
2046
1992
2016
1996
2022
1975
2015
1974
2023
1977
2034
2015
2053
2053
2082
2060
2077
2043
2060
2063
2056
2041
2032
2039
2053
2046
2024
2021
1999
2042
2036
2056
2023
2064
2050
2088
2036
2053
2037
2090
2056
2072
2049
2073
2077
2118
2073
2074
2030
2070
2028
2040
1984
1999
1991
2023
1965
1979
1946
1975
1951
1949
1907
1917
1910
1926
1893
1858
1846
1859
1862
1859
1833
1846
1849
1860
1859
1833
1848
1871
1896
1879
1898
1863
1916
1890
1889
1825
1854
1824
1885
1847
1863
1813
1880
1846
1873
1830
1870
1836
1898
1861
1907
1871
1948
1915
1944
1915
1922
1891
1941
1922
1934
1897
1894
1911
1913
1896
1878
1879
1886
1883
1870
1910
1872
1915
1905
1926
1880
1904
1845
1905
1842
1878
1808
1882
1850
1895
1848
1883
1847
1923
1869
1923
1872
1948
1922
1958
1899
1923
1899
1946
1882
1911
1873
1881
1881
1898
1884
1897
1926
1956
1957
1923
1913
1894
1910
1874
1875
1857
1891
1892
1928
1891
1937
1931
1983
1943
1991
1938
1982
1962
1999
1937
1977
1956
2022
1998
2003
1973
2025
2014
2049
2004
2044
2025
2060
2039
2054
2020
2058
2055
2079
2069
2045
2026
2039
2012
2009
1979
1982
2010
2014
2010
1989
1980
1980
1977
1945
1961
1921
1951
1949
1979
1960
1970
1952
1998
1976
2001
1944
1981
1954
1981
1977
2009
1990
2050
2040
2076
2046
2101
2082
2139
2121
2141
2129
2185
2155
2178
2148
2144
2133
2136
2109
2115
2100
2137
2111
2100
2088
2083
2113
2123
2113
2111
2117
2121
2160
2127
2132
2111
2162
2146
2175
2119
2156
2135
2186
2147
2179
2147
2195
2146
2183
2112
2135
2094
2131
2060
2093
2036
2097
2059
2095
2051
2106
2070
2122
2112
2122
2087
2147
2138
2167
2139
2154
2162
2184
2176
2188
2181
2197
2178
2129
2144
2094
2116
2103
2108
2064
2074
2028
2095
2053
2118
2067
2153
2123
2170
2131
2182
2121
2190
2151
2189
2114
2178
2123
2167
2113
2138
2066
2112
2045
2059
2030
2037
2046
2101
2076
2106
2094
2152
2159
2142
2138
2098
2114
2099
2083
2047
2046
2017
2073
2031
2047
2010
2053
2028
2066
1989
2005
1966
2018
1966
1992
1946
1978
1942
1950
1871
1894
1886
1952
1910
1976
1965
1997
1995
2023
1987
2008
1999
2008
1993
1977
1953
1973
1955
1952
1911
1901
1904
1922
1943
1922
1931
1935
1953
1959
1968
1951
1955
1941
1939
1903
1888
1864
1918
1876
1882
1844
1867
1852
1882
1867
1902
1867
1932
1927
1966
1923
1962
1947
1999
1986
2009
1978
2027
2026
2075
2065
2085
2065
2087
2066
2066
2007
2009
1993
1991
1974
1959
1944
1970
1981
1991
2013
1980
2043
2037
2043
2010
2035
2023
2077
2023
2069
2028
2095
2073
2100
2043
2105
2067
2139
2094
2131
2088
2152
2106
2149
2080
2107
2077
2129
2064
2087
2030
2063
2065
2075
2050
2058
2046
2088
2057
2051
2049
2036
2065
2041
2031
2017
2038
2025
2090
2049
2082
2067
2134
2105
2132
2097
2137
2095
2172
2113
2159
2105
2170
2120
2150
2111
2159
2128
2188
2136
2186
2156
2199
2182
2206
2156
2166
2146
2173
2161
2135
2146
2124
2156
2140
2151
2132
2158
2137
2188
2132
2153
2114
2171
2127
2154
2090
2127
2091
2138
2065
2091
2043
2079
2051
2071
2015
2041
2013
2058
1994
2033
1996
2049
2058
2101
2074
2112
2116
2133
2134
2111
2102
2120
2122
2119
2115
2107
2121
2113
2110
2086
2093
2087
2104
2081
2096
2070
2097
2106
2115
2073
2077
2035
2073
2052
2072
2039
2087
2090
2122
2100
2121
2087
2130
2106
2130
2095
2121
2073
2093
2046
2049
2004
2048
2012
2034
2000
1997
1972
1999
1964
1971
1925
1968
1969
1997
1989
1985
2005
2051
2064
2079
2089
2067
2100
2094
2122
2115
2139
2145
2173
2127
2155
2112
2171
2120
2146
2061
2113
2075
2126
2064
2105
2057
2113
2048
2097
2040
2068
2058
2102
2036
2073
2044
2094
2117
2135
2104
2122
2127
2153
2112
2108
2095
2078
2087
2058
2035
2034
2045
2033
2071
2013
2049
2029
2080
2043
2073
2024
2089
2056
2098
2035
2106
2072
2138
2097
2132
2080
2143
2101
2148
2099
2142
2114
2167
2129
2152
2123
2155
2121
2137
2108
2099
2094
2118
2116
2113
2095
2112
2117
2090
2094
2038
2038
2020
2031
1994
1998
1932
1968
1934
1960
1917
1953
1934
1988
1943
1981
1923
1974
1941
1973
1909
1938
1910
1962
1915
1930
1896
1940
1899
1924
1894
1905
1919
1986
1966
1983
1946
1952
1974
1956
1936
1925
1951
1974
1965
1974
1989
1976
2014
2017
2028
2015
2045
2040
2084
2067
2071
2048
2084
2046
2045
2010
2052
2036
2084
2037
2072
2063
2118
2102
2115
2081
2098
2088
2115
2071
2104
2078
2126
2115
2136
2106
2140
2123
2160
2151
2148
2130
2178
2172
2183
2163
2202
2192
2211
2224
2234
2239
2256
2266
2266
2276
2259
2293
2286
2291
2266
2267
2282
2323
2288
2320
2265
2309
2286
2318
2248
2282
2208
2230
2174
2210
2136
2182
2154
2203
2165
2194
2156
2216
2190
2239
2177
2218
2219
2251
2236
2250
2239
2280
2256
2254
2254
2227
2260
2264
2260
2235
2235
2191
2243
2195
2220
2167
2218
2172
2188
2154
2201
2158
2243
2172
2223
2162
2230
2182
2215
2132
2143
2111
2184
2131
2149
2101
2115
2109
2138
2104
2130
2118
2170
2162
2138
2146
2163
2197
2204
2196
2196
2210
2192
2213
2167
2181
2168
2207
2176
2212
2176
2199
2177
2222
2177
2217
2207
2257
2221
2252
2205
2242
2219
2253
2200
2240
2192
2211
2196
2222
2186
2201
2180
2211
2196
2206
2173
2198
2210
2230
2189
2195
2192
2195
2203
2200
2186
2194
2186
2158
2130
2085
2068
2060
2048
2013
1997
1960
2012
2002
2031
1999
2039
2043
2088
2071
2084
2048
2099
2080
2116
2082
2130
2110
2169
2119
2149
2111
2170
2146
2176
2148
2158
2141
2187
2144
2158
2111
2178
2155
2155
2133
2150
2160
2192
2179
2196
2198
2197
2207
2198
2183
2157
2162
2160
2156
2089
2112
2059
2094
2036
2057
2022
2091
2069
2141
2095
2152
2118
2202
2152
2215
2158
2205
2186
2227
2185
2224
2180
2189
2207
2219
2208
2218
2220
2247
2217
2210
2213
2171
2199
2177
2160
2107
2120
2044
2097
2045
2074
2022
2086
2038
2069
2027
2069
2026
2088
2036
2095
2062
2150
2117
2170
2113
2154
2135
2197
2127
2161
2131
2165
2151
2147
2097
2119
2109
2131
2111
2072
2066
2077
2103
2083
2085
2088
2112
2097
2149
2117
2146
2143
2186
2151
2164
2111
2167
2138
2188
2130
2161
2127
2167
2127
2154
2119
2163
2150
2178
2134
2181
2143
2184
2158
2185
2149
2197
2194
2219
2208
2211
2207
2247
2237
2230
2213
2215
2227
2222
2238
2220
2216
2223
2221
2200
2197
2158
2189
2200
2205
2186
2206
2186
2243
2221
2251
2228
2283
2285
2302
2276
2304
2270
2319
2288
2316
2264
2291
2245
2269
2190
2189
2132
2167
2099
2107
2048
2073
2062
2096
2058
2075
2064
2138
2142
2141
2129
2139
2147
2155
2122
2120
2123
2128
2149
2131
2127
2126
2158
2157
2189
2148
2186
2159
2216
2159
2184
2160
2198
2171
2211
2150
2176
2126
2173
2108
2168
2119
2182
2140
2172
2116
2157
2111
2147
2120
2141
2135
2183
2147
2151
2097
2097
2106
2102
2087
2063
2048
2048
2039
2002
2026
1993
2035
2037
2061
2027
2058
2037
2110
2044
2080
2026
2072
2020
2067
2026
2062
2001
2067
2023
2078
2005
2064
2030
2094
2056
2084
2053
2104
2054
2072
2029
2031
2039
2068
2051
2050
2029
2072
2082
2045
2039
2011
2046
2045
2086
2059
2094
2146
2145
2130
2120
2157
2163
2158
2144
2161
2137
2176
2159
2160
2145
2181
2139
2180
2125
2138
2114
2143
2087
2081
2013
2040
2004
2031
1988
2027
2020
2070
2070
2091
2064
2103
2093
2110
2074
2102
2083
2108
2099
2109
2081
2119
2111
2131
2139
2138
2120
2128
2120
2110
2071
2076
2061
2051
2045
2031
2037
2060
2069
2061
2091
2066
2104
2100
2114
2090
2110
2103
2132
2075
2075
1993
2018
1967
1994
1931
1975
1934
2003
1940
1965
1924
1993
1987
2048
2020
2041
2029
2079
2031
2061
2016
2044
2065
2094
2072
2068
2054
2081
2039
2031
2007
1977
1992
1959
1936
1905
1919
1894
1940
1876
1912
1891
1931
1876
1908
1867
1923
1886
1955
1893
1957
1903
1961
1922
1973
1916
1972
1943
1989
1918
1961
1925
1950
1930
1960
1929
1967
1968
2005
1982
1975
1978
1996
2016
2007
1990
1980
1963
1913
1922
1875
1871
1848
1876
1841
1877
1823
1875
1821
1878
1816
1864
1857
1918
1905
1947
1909
1973
1965
2019
1964
2012
1977
2026
2010
2030
1980
2004
1987
1993
1971
1944
1897
1924
1931
1937
1915
1917
1959
1965
1974
1942
1948
1977
1986
1964
1987
1947
1987
1996
2020
1999
2016
1974
2023
1989
2009
1970
2012
1984
2013
1991
2008
1977
2014
1986
1999
1959
2011
1974
1991
1945
1967
1947
1996
1961
1992
1983
2005
2021
2042
2016
2024
2022
2043
2015
1990
1976
1968
1979
1973
1948
1950
1954
1951
2004
2007
2023
2026
2061
2048
2061
2015
2048
2022
2059
2016
2037
1976
2032
1999
2024
1950
1976
1929
1962
1894
1891
1858
1869
1857
1902
1876
1897
1875
1892
1900
1895
1881
1884
1901
1921
1899
1915
1935
1948
2001
1991
1991
1998
2031
1997
2040
1991
2018
1996
2037
1974
1986
1935
1968
1921
1949
1873
1923
1899
1966
1919
1953
1902
1991
1972
2032
1978
2034
2010
2067
2043
2061
2016
2052
2023
2036
2010
1988
1979
1978
1971
1954
1946
1959
1972
1945
1976
1946
1995
1991
2030
2008
2057
2008
2087
2059
2121
2067
2126
2087
2147
2084
2104
2029
2072
1994
2002
1913
1947
1909
1941
1901
1927
1897
1959
1927
1951
1951
1959
1970
2017
2025
2042
2037
2035
2055
2032
2045
2023
2059
2051
2044
2030
2046
2024
2078
2049
2061
2023
2060
1990
2014
1939
1939
1890
1918
1845
1831
1779
1792
1779
1807
1761
1779
1769
1835
1832
1851
1814
1867
1894
1939
1927
1964
1954
2007
2015
2028
2004
2029
2019
2029
2025
2009
2006
2012
2015
1990
1963
1972
1977
1983
1979
1969
1977
1977
1982
1951
1947
1897
1939
1926
1940
1895
1921
1930
1970
1935
1971
1936
1979
1947
1978
1926
1970
1931
1998
1959
2004
1959
2025
2002
2035
2010
2034
2021
2069
2024
2036
1988
1989
1995
2008
1993
1991
1987
2022
2003
1996
1992
1975
2015
2020
2028
2001
2023
1990
2050
2003
2030
1977
2031
1994
2017
1986
2030
2006
2073
1995
2041
2010
2102
2051
2099
2056
2097
2076
2135
2077
2123
2089
2112
2121
2132
2102
2139
2143
2176
2162
2122
2117
2114
2136
2111
2100
2078
2076
2050
2092
2035
2078
2054
2109
2069
2135
2068
2127
2085
2146
2084
2140
2102
2178
2141
2161
2105
2151
2110
2133
2079
2106
2054
2083
2052
2062
2032
2071
2065
2098
2119
2125
2139
2171
2170
2155
2140
2140
2184
2166
2187
2144
2144
2141
2165
2107
2136
2058
2110
2088
2128
2084
2111
2060
2122
2076
2106
2042
2097
2076
2114
2086
2115
2095
2139
2106
2130
2093
2134
2136
2170
2133
2129
2102
2122
2100
2110
2089
2060
2083
2102
2089
2082
2100
2153
2185
2179
2197
2190
2237
2239
2234
2205
2201
2184
2243
2199
2226
2201
2247
2232
2262
2208
2234
2230
2286
2248
2276
2240
2262
2230
2250
2178
2202
2165
2188
2125
2123
2089
2116
2107
2134
2107
2143
2127
2156
2163
2175
2170
2183
2189
2201
2192
2176
2192
2189
2201
2176
2184
2192
2205
2175
2213
2164
2192
2163
2225
2175
2214
2190
2245
2203
2241
2172
2217
2166
2211
2146
2182
2132
2181
2157
2194
2154
2204
2187
2225
2212
2224
2185
2232
2216
2238
2218
2207
2201
2214
2192
2167
2139
2158
2163
2131
2154
2111
2134
2111
2118
2073
2105
2054
2118
2053
2104
2033
2100
2063
2114
2048
2080
2040
2122
2077
2121
2050
2110
2096
2127
2074
2078
2021
2060
1987
2002
1983
1984
2007
2034
2023
2054
2042
2052
2108
2089
2094
2063
2067
2035
2023
1951
1973
1947
2007
1952
1990
1962
2018
1983
2027
1999
2054
2033
2111
2063
2092
2060
2090
2081
2124
2099
2123
2126
2179
2183
2195
2173
2179
2176
2187
2149
2139
2128
2103
2122
2095
2084
2053
2059
2050
2072
2046
2087
2085
2128
2107
2112
2101
2127
2114
2152
2125
2138
2122
2157
2118
2149
2103
2144
2123
2144
2096
2109
2093
2123
2100
2111
2071
2126
2131
2171
2116
2129
2112
2137
2123
2118
2089
2117
2111
2109
2093
2075
2071
2118
2113
2111
2102
2091
2126
2127
2132
2110
2114
2126
2114
2062
2088
2033
2085
2067
2093
2054
2096
2062
2119
2061
2082
2013
2069
2026
2063
2011
2043
1993
2063
2020
2056
2001
2072
2044
2071
2051
2080
2078
2116
2090
2113
2100
2075
2105
2105
2091
2075
2074
2084
2102
2074
2087
2039
2084
2057
2064
2021
2062
2002
2071
2015
2067
2014
2099
2055
2111
2058
2100
2072
2150
2092
2126
2075
2124
2110
2131
2094
2110
2092
2139
2079
2077
2060
2071
2094
2086
2070
2066
2075
2047
2073
2049
2070
2074
2121
2087
2089
2062
2108
2082
2132
2081
2097
2070
2099
2055
2084
2022
2068
2039
2085
2014
2033
1972
2011
1987
2007
1963
2003
1996
2028
1992
1988
1959
1974
1941
1952
1917
1945
1953
1956
1927
1917
1912
1927
1919
1916
1915
1887
1921
1921
1925
1903
1905
1910
1939
1914
1925
1877
1919
1926
1938
1907
1925
1888
1925
1895
1908
1870
1917
1921
1974
1947
1990
1966
2018
1986
2011
1953
1952
1923
1938
1887
1893
1878
1950
1930
1968
1960
1967
1983
2008
1986
2001
2003
2022
2038
2021
2013
2002
2012
1982
1948
1921
1948
1955
1995
1974
1977
1962
1985
1960
1990
1919
1939
1917
1973
1911
1926
1908
1973
1957
2012
1955
1999
1971
2006
1951
1972
1933
1983
1960
1989
1950
2002
1991
2019
1997
2000
1973
2004
1998
2008
1983
1952
1966
1986
1983
1967
1958
1979
2004
1983
2023
2000
2051
2039
2068
2035
2082
2021
2079
2032
2069
1998
2047
1996
2067
2027
2073
2010
2087
2051
2092
2020
2078
2064
2103
2062
2084
2038
2087
2049
2059
2067
2060
2070
2094
2089
2079
2060
2059
2135
2111
2127
2102
2152
2158
2178
2163
2203
2153
2233
2193
2216
2162
2226
2185
2246
2173
2208
2169
2237
2163
2195
2170
2204
2189
2236
2201
2224
2193
2238
2211
2221
2190
2208
2211
2239
2201
2214
2205
2203
2210
2192
2191
2194
2207
2204
2192
2145
2136
2128
2164
2152
2160
2169
2190
2177
2206
2178
2204
2180
2215
2204
2247
2210
2241
2219
2269
2228
2247
2230
2256
2229
2241
2188
2226
2206
2257
2198
2226
2196
2242
2227
2265
2229
2290
2268
2286
2259
2250
2215
2234
2230
2226
2206
2210
2236
2263
2275
2271
2267
2282
2283
2242
2269
2210
2246
2227
2245
2205
2216
2181
2247
2191
2216
2163
2227
2194
2228
2201
2266
2223
2301
2241
2272
2212
2269
2220
2260
2199
2221
2183
2230
2177
2206
2178
2168
2190
2207
2195
2200
2190
2218
2218
2178
2182
2163
2199
2175
2190
2163
2197
2152
2217
2153
2206
2161
2233
2195
2274
2223
2279
2225
2290
2225
2265
2185
2200
2170
2208
2173
2199
2166
2231
2192
2190
2178
2170
2171
2176
2149
2148
2146
2147
2180
2130
2127
2083
2110
2100
2114
2098
2138
2105
2165
2117
2155
2107
2170
2131
2182
2123
2170
2135
2218
2172
2219
2188
2233
2226
2269
2216
2243
2208
2259
2241
2245
2214
2246
2229
2235
2181
2197
2208
2227
2245
2225
2223
2238
2241
2245
2255
2238
2251
2263
2290
2262
2252
2255
2255
2254
2257
2213
2241
2251
2275
2243
2276
2235
2287
2286
2320
2285
2312
2287
2322
2276
2290
2245
2301
2284
2300
2257
2288
2269
2299
2259
2287
2239
2283
2259
2295
2269
2279
2270
2297
2258
2272
2230
2214
2229
2217
2200
2204
2215
2229
2202
2188
2201
2181
2198
2179
2193
2171
2195
2166
2218
2166
2203
2153
2212
2164
2200
2152
2188
2137
2203
2133
2182
2134
2208
2178
2225
2164
2210
2173
2223
2148
2183
2147
2166
2159
2154
2122
2138
2148
2192
2149
2096
2129
2112
2139
2095
2139
2107
2121
2137
2126
2121
2144
2159
2164
2156
2131
2155
2148
2157
2127
2145
2147
2186
2137
2168
2128
2174
2145
2170
2139
2177
2156
2219
2174
2227
2178
2240
2197
2218
2179
2201
2165
2212
2164
2184
2135
2179
2167
5835
2060
2051
2062
2073
2059
2060
2060
2062
2060
2059
2063
2055
2041
2032
2029
2013
2003
2004
2000
2011
2003
1996
1996
1974
1972
1964
1945
1941
1938
1937
1951
1959
1969
1963
1976
1978
1992
1992
2007
2015
2042
2060
2084
2080
2099
2118
2140
2122
2111
2111
2105
2096
2095
2095
2102
2101
2107
2107
2098
2082
2066
2062
2063
2053
2049
2046
2014
1994
1995
2001
1985
1979
1966
1950
1936
1930
1921
1914
1907
1911
1917
1907
1894
1899
1883
1863
1854
1842
1831
1823
1835
1842
1852
1871
1897
1900
1894
1905
1911
1918
1916
1908
1900
1881
1889
1896
1881
1884
1909
1921
1924
1935
1957
1976
1979
1982
1960
1976
1979
1968
1957
1934
1929
1927
1928
1935
1957
1983
1998
2031
2050
2076
2098
2106
2101
2101
2107
2107
2106
2103
2086
2078
2070
2050
2039
2027
2024
2018
2019
2021
2023
2029
2038
2044
2059
2074
2084
2084
2098
2107
2112
2112
2102
2092
2087
2090
2091
2085
2085
2098
2100
2096
2080
2083
2078
2091
2086
2083
2103
2118
2131
2140
2142
2150
2149
2139
2146
2151
2153
2148
2152
2150
2134
2117
2104
2102
2095
2088
2092
2101
2115
2117
2119
2119
2101
2084
2079
2089
2092
2084
2066
2072
2079
2083
2087
2104
2106
2118
2138
2144
2133
2138
2128
2119
2107
2095
2097
2090
2081
2095
2105
2106
2098
2102
2088
2075
2054
2050
2055
2052
2042
2039
2038
2051
2043
2044
2054
2040
2049
2057
2050
2057
2075
2088
2106
2101
2084
2056
2045
2043
2042
2026
2003
1985
1970
1939
1905
1867
1854
1844
1854
1855
1870
1870
1877
1877
1868
1877
1872
1874
1870
1883
1903
1910
1924
1927
1930
1944
1949
1967
1983
1985
1977
1982
1989
2000
2017
2029
2048
2064
2060
2054
2048
2041
2032
2035
2032
2030
2027
2015
2005
1986
1970
1956
1961
1953
1964
1976
1994
2007
2007
2010
2023
2019
1997
1979
1972
1945
1912
1878
1844
1815
1798
1799
1789
1789
1782
1783
1806
1823
1841
1864
1891
1926
1962
1974
1998
2003
2001
1998
2002
2023
2034
2035
2051
2057
2079
2098
2107
2124
2136
2150
2129
2134
2138
2138
2137
2148
2136
2151
2168
2158
2155
2164
2187
2201
2216
2227
2246
2245
2246
2238
2231
2229
2223
2205
2199
2188
2192
2194
2194
2183
2170
2156
2150
2122
2105
2079
2073
2060
2056
2051
2053
2058
2073
2071
2079
2086
2096
2095
2104
2120
2115
2089
2091
2104
2128
2147
2157
2170
2171
2171
2171
2151
2150
2138
2122
2127
2120
2115
2113
2123
2141
2160
2167
2168
2183
2206
2193
2204
2197
2192
2168
2168
2151
2134
2103
2086
2047
2016
1988
1968
1960
1947
1949
1954
1952
1947
1938
1944
1929
1921
1913
1904
1903
1904
1936
1952
1974
2018
2046
2055
2089
2095
2089
2082
2072
2078
2058
2062
2050
2043
2045
2040
2032
2027
2030
2028
2039
2035
2036
2057
2068
2093
2114
2126
2150
2171
2174
2170
2157
2152
2142
2133
2105
2093
2081
2074
2074
2080
2078
2072
2062
2062
2079
2083
2089
2096
2093
2090
2079
2070
2059
2055
2037
2038
2057
2067
2084
2094
2093
2098
2105
2124
2140
2146
2164
2173
2166
2172
2180
2177
2184
2192
2202
2205
2210
2205
2194
2171
2166
2154
2134
2120
2120
2096
2097
2093
2104
2095
2110
2111
2112
2093
2087
2092
2105
2102
2112
2107
2118
2114
2127
2133
2146
2148
2153
2162
2162
2165
2189
2196
2207
2225
2225
2217
2210
2188
2156
2147
2129
2113
2099
2078
2077
2089
2078
2063
2054
2057
2053
2067
2070
2071
2079
2086
2065
2044
2025
2008
2001
2001
2002
2009
2012
2015
2010
2004
1988
1963
1953
1953
1976
1996
2017
2025
2025
2029
2034
2032
2019
1993
1984
1975
1957
1938
1916
1899
1893
1889
1889
1898
1901
1911
1923
1927
1925
1942
1946
1939
1925
1932
1920
1937
1934
1933
1929
1936
1934
1934
1917
1917
1921
1932
1923
1909
1861
1826
1804
1777
1771
1775
1791
1804
1825
1857
1901
1937
1974
1997
2013
2021
2030
2043
2047
2059
2064
2064
2078
2072
2084
2075
2081
2088
2075
2060
2043
2022
2002
1971
1955
1943
1933
1929
1922
1918
1919
1914
1917
1907
1909
1913
1915
1911
1932
1942
1959
1977
1987
2004
2005
2006
1989
1979
1957
1924
1883
1856
1828
1797
1784
1806
1817
1843
1863
1888
1902
1915
1941
1956
1955
1957
1967
1978
1982
1972
1978
1987
1982
1978
1977
2000
2009
2010
2021
2043
2051
2045
2032
2026
2027
2012
1979
1952
1914
1874
1862
1859
1850
1833
1808
1801
1801
1810
1827
1847
1864
1875
1888
1895
1902
1898
1901
1898
1894
1880
1886
1893
1886
1896
1899
1896
1914
1914
1904
1892
1877
1868
1869
1868
1869
1874
1872
1876
1891
1921
1937
1947
1958
1981
1995
2003
1984
1973
1955
1949
1926
1896
1878
1869
1860
1862
1872
1882
1909
1905
1908
1913
1909
1905
1899
1903
1915
1914
1917
1923
1929
1932
1927
1921
1905
1892
1855
1832
1841
1840
1837
1845
1855
1875
1883
1890
1884
1890
1891
1893
1886
1886
1893
1901
1907
1915
1921
1929
1911
1915
1904
1910
1913
1921
1918
1941
1942
1958
1971
1978
1991
1987
1976
1979
1976
1983
1986
1980
1970
1962
1958
1961
1960
1961
1962
1961
1962
1969
1978
1977
1964
1939
1926
1920
1936
1929
1933
1934
1938
1934
1942
1955
1947
1934
1923
1911
1892
1874
1850
1827
1793
1779
1772
1771
1763
1763
1765
1770
1766
1787
1785
1795
1800
1817
1820
1832
1857
1878
1900
1923
1925
1916
1887
1852
1841
1836
1833
1843
1843
1862
1881
1898
1908
1923
1946
1953
1948
1944
1926
1902
1902
1886
1869
1849
1849
1836
1839
1852
1864
1883
1909
1919
1928
1930
1923
1923
1914
1897
1888
1885
1888
1890
1902
1919
1934
1943
1956
1968
1983
1985
2005
2002
1989
1974
1961
1946
1937
1913
1890
1876
1857
1837
1803
1788
1787
1791
1793
1802
1803
1823
1835
1853
1863
1875
1897
1912
1904
1912
1917
1936
1945
1960
1979
1973
1967
1961
1954
1942
1951
1949
1945
1917
1898
1877
1871
1859
1858
1848
1842
1855
1877
1911
1917
1941
1956
1979
1969
1964
1959
1963
1965
1964
1968
1981
1996
2010
2004
2000
1993
1975
1963
1942
1908
1892
1855
1841
1826
1839
1835
1826
1812
1802
1791
1809
1832
1845
1857
1870
1892
1902
1924
1927
1933
1923
1915
1894
1873
1847
1825
1793
1791
1788
1774
1771
1759
1782
1804
1824
1847
1849
1847
1857
1852
1850
1852
1857
1849
1833
1816
1807
1816
1835
1844
1847
1827
1811
1782
1767
1733
1709
1680
1680
1680
1699
1707
1724
1730
1743
1751
1764
1758
1768
1771
1775
1777
1786
1797
1804
1807
1801
1797
1788
1796
1794
1807
1795
1809
1823
1843
1866
1873
1878
1898
1915
1935
1940
1941
1926
1915
1921
1919
1897
1912
1900
1902
1898
1898
1895
1901
1912
1923
1926
1937
1935
1931
1928
1905
1914
1917
1903
1890
1888
1884
1883
1888
1892
1897
1911
1934
1948
1982
1994
2011
2018
2038
2045
2048
2058
2077
2078
2066
2073
2075
2067
2048
2043
2053
2062
2086
2098
2119
2143
2156
2167
2157
2154
2145
2135
2123
2116
2119
2127
2131
2146
2153
2160
2155
2163
2168
2163
2169
2177
2167
2163
2148
2124
2113
2084
2024
1980
1967
1953
1937
1940
1923
1936
1923
1917
1932
1952
1957
1966
1955
1959
1958
1962
1969
1983
1999
2017
2047
2050
2043
2047
2043
2040
2015
2004
2001
1999
2009
2018
2020
2018
2034
2051
2081
2062
2052
2044
2032
2019
2009
1993
1980
1982
1980
1980
2002
2014
2029
2049
2060
2063
2046
2042
2046
2043
2042
2045
2066
2094
2111
2137
2154
2172
2183
2199
2200
2192
2183
2183
2174
2174
2165
2166
2162
2158
2161
2166
2180
2207
2226
2241
2245
2254
2223
2189
2196
2201
2193
2190
2172
2149
2124
2120
2130
2124
2130
2145
2168
2187
2225
2236
2262
2272
2264
2244
2236
2221
2215
2201
2195
2185
2200
2177
2178
2179
2184
2191
2196
2199
2206
2195
2189
2173
2160
2142
2150
2160
2174
2206
2229
2243
2260
2286
2300
2300
2314
2320
2329
2332
2318
2298
2270
2247
2235
2211
2189
2178
2179
2185
2192
2192
2176
2166
2150
2124
2109
2095
2081
2075
2073
2083
2068
2071
2064
2071
2069
2063
2054
2049
2062
2076
2085
2086
2111
2100
2112
2125
2122
2105
2092
2102
2097
2090
2094
2092
2107
2100
2113
2112
2101
2103
2108
2106
2100
2093
2089
2080
2074
2064
2069
2074
2070
2069
2070
2075
2071
2076
2068
2077
2072
2058
2054
2058
2067
2081
2110
2122
2128
2135
2147
2146
2132
2117
2103
2092
2087
2073
2057
2030
2010
1994
1992
1982
1982
1986
2021
2021
2049
2067
2075
2091
2093
2090
2102
2108
2120
2140
2149
2153
2163
2162
2197
2205
2221
2228
2242
2235
2239
2218
2194
2173
2168
2162
2144
2143
2139
2126
2127
2131
2123
2121
2135
2144
2147
2140
2148
2156
2160
2164
2153
2150
2161
2184
2204
2214
2194
2192
2183
2193
2209
2207
2209
2210
2207
2193
2198
2203
2210
2203
2208
2201
2196
2199
2188
2172
2170
2189
2197
2187
2187
2178
2165
2150
2160
2149
2135
2116
2101
2098
2094
2082
2070
2053
2062
2053
2054
2042
2048
2048
2033
2035
2028
2043
2043
2046
2040
2041
2057
2055
2054
2040
2028
2016
2016
2012
1990
1981
1971
1979
1971
1960
1958
1959
1981
1976
2006
2030
2056
2069
2084
2101
2119
2140
2157
2163
2150
2132
2118
2094
2072
2039
2021
2003
1989
1974
1966
1979
2000
2026
2038
2048
2070
2098
2115
2143
2149
2138
2130
2136
2127
2121
2110
2095
2092
2080
2051
2036
1999
1994
1981
1993
2016
2037
2060
2078
2090
2106
2131
2143
2154
2176
2199
2205
2211
2210
2212
2212
2213
2207
2219
2213
2203
2196
2192
2188
2197
2179
2171
2160
2164
2168
2155
2122
2116
2110
2097
2077
2083
2085
2106
2131
2154
2155
2167
2174
2164
2156
2126
2111
2088
2068
2062
2067
2071
2094
2116
2147
2153
2181
2179
2187
2171
2171
2141
2133
2113
2109
2096
2076
2040
1995
1958
1935
1913
1896
1888
1908
1911
1929
1932
1940
1950
1966
2002
2018
2036
2055
2061
2067
2081
2098
2094
2086
2086
2080
2086
2092
2099
2102
2103
2090
2061
2034
2012
1995
1986
1977
1969
1973
1976
1976
1982
1994
2011
2022
2018
2017
2028
2041
2060
2079
2089
2092
2130
2159
2169
2187
2178
2179
2175
2171
2172
2168
2164
2158
2172
2183
2180
2197
2212
2213
2192
2186
2160
2146
2118
2088
2078
2075
2083
2105
2129
2148
2176
2190
2201
2215
2207
2200
2172
2160
2157
2160
2155
2144
2149
2151
2152
2156
2156
2163
2179
2173
2147
2136
2121
2123
2115
2106
2101
2113
2106
2091
2089
2074
2067
2061
2055
2055
2043
2049
2058
2070
2043
2023
1994
1967
1929
1922
1927
1930
1923
1935
1971
1985
2005
2038
2068
2066
2071
2058
2044
2031
2023
2010
2005
2012
2008
2017
2029
2026
2024
2024
2035
2050
2057
2061
2063
2066
2075
2075
2067
2040
2029
2009
1994
1982
1969
1961
1953
1950
1941
1953
1963
1964
1953
1936
1930
1922
1918
1936
1948
1963
1967
1971
1979
1985
1980
1987
1975
1953
1930
1908
1888
1879
1871
1881
1862
1860
1845
1863
1877
1892
1913
1919
1938
1965
1964
1952
1968
1971
1975
1977
2021
2034
2044
2062
2067
2079
2095
2089
2095
2119
2131
2139
2151
2148
2152
2143
2147
2149
2137
2123
2115
2110
2117
2143
2165
2170
2173
2159
2148
2146
2136
2143
2144
2139
2132
2138
2144
2160
2171
2170
2171
2169
2170
2176
2180
2192
2213
2221
2225
2238
2245
2252
2255
2246
2254
2263
2284
2286
2287
2294
2303
2313
2319
2329
2352
2354
2361
2360
2360
2342
2321
2311
2304
2290
2298
2294
2286
2279
2264
2271
2261
2253
2265
2261
2268
2268
2255
2257
2254
2259
2263
2261
2254
2242
2228
2234
2239
2249
2251
2261
2275
2276
2298
2311
2326
2324
2334
2322
2319
2318
2314
2320
2326
2326
2321
2327
2331
2323
2331
2337
2345
2351
2346
2353
2327
2306
2293
2263
2224
2194
2178
2168
2180
2185
2205
2214
2210
2217
2215
2224
2221
2218
2219
2215
2204
2214
2217
2222
2226
2242
2247
2257
2265
2285
2295
2291
2298
2299
2298
2310
2322
2319
2311
2317
2317
2338
2334
2352
2354
2354
2368
2372
2384
2398
2402
2398
2390
2402
2417
2398
2386
2382
2375
2357
2351
2348
2356
2347
2330
2342
2353
2347
2343
2332
2309
2290
2302
2302
2291
2260
2248
2259
2278
2269
2282
2289
2295
2286
2295
2311
2299
2310
2315
2322
2309
2308
2309
2297
2297
2314
2336
2338
2344
2354
2324
2335
2340
2326
2323
2324
2314
2307
2307
2307
2297
2306
2316
2320
2303
2282
2285
2292
2276
2266
2256
2247
2237
2235
2233
2233
2215
2212
2208
2201
2201
2192
2202
2200
2209
2200
2216
2214
2223
2219
2214
2186
2172
2154
2154
2152
2147
2122
2132
2129
2123
2112
2106
2108
2117
2117
2148
2142
2145
2157
2174
2192
2181
2179
2183
2196
2187
2178
2167
2157
2158
2163
2163
2162
2166
2173
2179
2196
2215
2218
2203
2187
2160
2135
2120
2097
2072
2057
2051
2051
2059
2037
2026
2032
2065
2096
2126
2147
2159
2173
2180
2188
2197
2191
2183
2197
2179
2185
2188
2202
2199
2195
2211
2228
2221
2215
2197
2186
2181
2176
2176
2168
2167
2152
2147
2132
2115
2099
2095
2074
2059
2072
2083
2074
2070
2074
2102
2110
2104
2118
2134
2145
2155
2148
2163
2175
2174
2172
2178
2184
2178
2172
2193
2204
2199
2184
2169
2155
2134
2104
2085
2089
2079
2085
2087
2098
2117
2143
2140
2139
2150
2155
2152
2158
2145
2140
2136
2136
2131
2126
2107
2107
2087
2064
2041
2039
2041
2048
2042
2042
2052
2080
2084
2081
2094
2099
2090
2076
2059
2060
2048
2043
2042
2041
2028
2009
2019
2023
2040
2069
2080
2077
2088
2083
2092
2086
2094
2077
2064
2042
2043
2038
2026
2015
1983
1984
2007
2015
2012
2011
2011
2019
2035
2027
2022
2011
2008
2025
2027
2010
2002
1996
1982
1979
1966
1964
1952
1967
1955
1976
1977
1976
1986
1987
2002
2000
2000
1996
1991
1978
1971
1965
1955
1960
1954
1959
1952
1949
1939
1956
1965
1967
1954
1940
1936
1937
1939
1934
1942
1934
1955
1969
1971
1992
2013
2042
2042
2040
2034
2038
2041
2043
2038
2047
2047
2070
2099
2108
2132
2158
2167
2162
2143
2129
2110
2094
2063
2049
2018
2000
1993
1991
1972
1973
1976
1978
1986
1992
2008
2004
2003
1997
1997
2002
1999
1996
1997
2008
2009
2019
2040
2048
2064
2070
2079
2085
2083
2094
2092
2090
2064
2045
2041
2019
2002
1998
1989
1983
1990
1993
1989
1979
1985
1999
2000
2012
2028
2045
2051
2056
2048
2031
2031
2021
1999
1982
1982
1984
2017
2037
2048
2079
2088
2076
2059
2054
2032
2010
1986
1971
1955
1965
1977
1975
1967
2006
2042
2064
2059
2063
2053
2029
2021
1993
1983
1973
1978
1977
1981
2000
2020
2053
2073
2083
2073
2080
2072
2078
2080
2067
2046
2024
2017
1973
1965
1951
1926
1937
1951
1977
2016
2033
2042
2060
2092
2098
2098
2106
2112
2117
2111
2123
2115
2114
2093
2106
2103
2103
2082
2068
2034
2024
2017
2021
2030
2039
2058
2067
2079
2096
2103
2113
2093
2092
2096
2091
2085
2094
2091
2078
2071
2071
2072
2063
2060
2047
2045
2043
2037
2042
2051
2064
2076
2099
2113
2121
2115
2108
2105
2103
2082
2068
2060
2052
2046
2031
2034
2042
2058
2059
2040
2034
2059
2079
2087
2094
2104
2104
2095
2083
2079
2076
2085
2079
2039
2040
2050
2063
2078
2072
2064
2059
2060
2064
2063
2049
2040
2024
2011
2009
2039
2049
2063
2078
2081
2088
2108
2106
2122
2138
2161
2174
2171
2163
2145
2138
2116
2110
2093
2078
2058
2051
2051
2059
2056
2049
2053
2054
2056
2077
2092
2108
2116
2128
2126
2140
2137
2137
2147
2149
2164
2171
2168
2188
2208
2216
2223
2226
2243
2238
2241
2229
2227
2225
2230
2232
2243
2238
2235
2236
2242
2226
2204
2197
2197
2180
2163
2155
2161
2166
2177
2181
2187
2176
2152
2148
2151
2140
2119
2105
2088
2083
2070
2081
2087
2089
2099
2111
2135
2139
2132
2149
2160
2173
2189
2207
2226
2223
2209
2206
2216
2219
2211
2224
2229
2237
2248
2270
2276
2276
2270
2262
2275
2278
2272
2269
2274
2278
2275
2282
2259
2256
2262
2257
2272
2267
2256
2248
2253
2241
2248
2246
2254
2270
2285
2288
2294
2294
2279
2276
2288
2289
2291
2276
2272
2276
2279
2263
2272
2271
2284
2286
2296
2289
2264
2259
2260
2244
2222
2211
2195
2194
2186
2183
2179
2188
2183
2188
2185
2194
2194
2191
2186
2180
2178
2176
2161
2144
2133
2118
2116
2123
2125
2128
2139
2158
2173
2169
2188
2201
2203
2201
2200
2215
2217
2218
2228
2240
2232
2229
2224
2211
2196
2187
2144
2136
2133
2135
2140
2130
2134
2153
2175
2193
2222
2234
2262
2253
2251
2236
2212
2189
2175
2152
2145
2146
2132
2116
2112
2121
2134
2137
2147
2142
2160
2171
2176
2182
2184
2184
2210
2203
2220
2227
2233
2241
2236
2230
2211
2194
2162
2158
2153
2149
2147
2143
2144
2158
2185
2220
2225
2235
2235
2236
2220
2228
2214
2196
2195
2182
2171
2162
2149
2150
2138
2132
2151
2156
2157
2161
2171
2170
2169
2163
2158
2139
2132
2135
2136
2113
2094
2071
2044
2038
2038
2032
2012
2012
2019
2011
2003
2019
2034
2031
2064
2077
2089
2108
2118
2113
2093
2068
2034
2024
1998
1985
1959
1946
1937
1934
1957
1961
1976
2015
2025
2042
2052
2055
2033
2015
2006
2002
1995
1987
1988
1984
1980
1986
2009
2051
2090
2116
2130
2122
2110
2092
2067
2052
2045
2034
2024
2013
1988
1988
1984
1986
1988
1996
1999
1997
1997
2014
2028
2039
2045
2048
2045
2031
2026
2027
2032
2031
2040
2031
2028
2014
1997
2004
2005
2014
2014
2028
2046
2038
2044
2053
2059
2062
2075
2079
2090
2091
2086
2082
2084
2073
2078
2101
2105
2093
2085
2095
2092
2086
2072
2066
2043
2026
2009
1987
1988
1982
1984
1962
1958
1937
1924
1929
1913
1900
1889
1866
1834
1818
1813
1805
1812
1821
1824
1834
1848
1845
1847
1858
1873
1883
1891
1901
1895
1890
1887
1892
1880
1875
1868
1863
1847
1834
1827
1837
1838
1843
1857
1867
1873
1865
1873
1890
1883
1902
1913
1915
1910
1923
1925
1935
1948
1948
1961
1963
1967
1931
1918
1909
1911
1908
1910
1905
1907
1895
1885
1870
1859
1840
1830
1802
1781
1781
1809
1824
1846
1856
1866
1871
1884
1895
1911
1926
1918
1914
1913
1923
1937
1946
1942
1933
1916
1892
1885
1885
1884
1890
1906
1910
1902
1899
1899
1894
1881
1862
1859
1855
1857
1867
1886
1876
1889
1893
1909
1915
1924
1938
1960
1965
1967
1974
1980
1990
1987
1973
1965
1967
1977
1981
1992
1981
1990
1989
1987
1992
1999
2012
2010
2013
2022
2029
2031
2022
2008
1986
1968
1976
1975
1977
1976
1966
1975
1977
1974
1962
1949
1939
1942
1943
1946
1962
1983
1970
1978
1997
1994
1995
1987
1990
1969
1971
1971
1980
1997
2005
2030
2050
2060
2067
2070
2083
2100
2117
2133
2145
2155
2161
2171
2161
2166
2157
2149
2146
2139
2127
2117
2108
2102
2087
2082
2083
2085
2110
2126
2138
2140
2159
2160
2168
2158
2170
2162
2153
2165
2174
2177
2190
2203
2224
2219
2208
2191
2188
2169
2150
2129
2109
2103
2111
2084
2065
2076
2065
2080
2076
2086
2087
2097
2111
2122
2139
2151
2154
2174
2174
2197
2203
2206
2205
2211
2198
2188
2159
2152
2141
2124
2128
2111
2101
2103
2103
2109
2108
2126
2119
2121
2129
2129
2147
2159
2167
2174
2170
2158
2150
2135
2137
2122
2119
2105
2093
2062
2066
2067
2067
2066
2074
2092
2130
2140
2190
2202
2204
2192
2182
2173
2157
2131
2099
2070
2064
2040
2048
2048
2056
2051
2036
2027
2031
2027
2023
2019
2004
1984
1966
1946
1913
1888
1875
1883
1886
1890
1897
1924
1953
1986
2017
2032
2036
2034
2027
2020
2005
1982
1966
1952
1928
1887
1862
1853
1843
1834
1836
1848
1865
1884
1895
1903
1904
1914
1918
1919
1927
1927
1929
1913
1890
1885
1872
1873
1879
1899
1907
1917
1927
1934
1935
1938
1943
1954
1954
1966
1976
1974
1987
2010
2019
2032
2045
2066
2070
2070
2062
2060
2033
1989
1971
1967
1964
1966
1959
1966
1977
1983
2001
2007
2033
2059
2070
2081
2082
2075
2080
2072
2084
2094
2119
2111
2107
2100
2099
2102
2104
2108
2109
2104
2106
2105
2105
2112
2124
2131
2121
2113
2108
2110
2104
2097
2087
2094
2098
2101
2091
2078
2063
2068
2070
2077
2074
2078
2085
2093
2100
2111
2122
2139
2139
2143
2151
2161
2157
2156
2159
2160
2155
2160
2165
2187
2195
2173
2173
2170
2169
2169
2169
2161
2159
2145
2146
2143
2157
2163
2164
2164
2149
2157
2156
2163
2182
2185
2202
2204
2214
2213
2224
2221
2226
2210
2195
2191
2190
2191
2186
2182
2178
2163
2131
2103
2085
2061
2032
2029
2010
2005
2012
2012
2017
2025
2015
2034
2066
2090
2107
2139
2169
2171
2172
2156
2141
2127
2107
2101
2111
2126
2134
2158
2154
2140
2148
2170
2165
2158
2147
2137
2133
2124
2117
2114
2093
2072
2041
2031
2033
2034
2031
2063
2084
2108
2116
2126
2118
2120
2107
2124
2114
2096
2085
2060
2052
2051
2038
2042
2051
2061
2074
2063
2040
2016
1975
1949
1944
1919
1929
1927
1945
1965
1987
2033
2082
2094
2123
2128
2129
2126
2134
2143
2165
2167
2163
2162
2160
2158
2154
2155
2146
2123
2126
2127
2134
2129
2135
2123
2133
2117
2119
2110
2089
2075
2059
2062
2060
2062
2061
2074
2093
2108
2133
2160
2160
2156
2146
2128
2104
2100
2079
2073
2070
2069
2052
2037
2023
2023
2019
2032
2033
2050
2061
2069
2062
2069
2056
2063
2064
2055
2069
2093
2106
2120
2125
2134
2140
2125
2126
2111
2110
2115
2124
2119
2123
2119
2122
2113
2104
2108
2118
2104
2100
2094
2087
2089
2089
2064
2047
2024
2002
1982
1963
1938
1914
1891
1871
1857
1855
1870
1874
1880
1894
1898
1909
1916
1933
1936
1944
1958
1953
1955
1941
1910
1884
1892
1893
1906
1916
1925
1935
1949
1951
1950
1952
1962
1959
1947
1942
1925
1919
1914
1916
1942
1962
1984
1996
2019
2041
2050
2064
2067
2083
2088
2099
2111
2120
2123
2104
2100
2100
2110
2098
2101
2105
2119
2127
2127
2130
2134
2134
2128
2137
2139
2134
2126
2135
2156
2167
2176
2176
2169
2173
2180
2184
2184
2198
2208
2215
2214
2220
2244
2261
2270
2274
2293
2295
2303
2313
2311
2307
2309
2311
2291
2293
2287
2294
2306
2320
2312
2298
2277
2275
2266
2246
2232
2230
2210
2209
2216
2222
2208
2207
2202
2207
2200
2208
2223
2224
2231
2228
2235
2255
2258
2266
2278
2284
2286
2292
2292
2287
2285
2262
2260
2258
2254
2238
2225
2214
2208
2193
2191
2194
2205
2209
2228
2233
2237
2234
2228
2211
2205
2183
2159
2140
2123
2106
2114
2118
2108
2099
2097
2109
2105
2112
2124
2133
2142
2154
2173
2175
2172
2193
2207
2220
2206
2209
2216
2204
2202
2190
2183
2183
2181
2188
2197
2208
2200
2208
2215
2216
2212
2213
2204
2210
2215
2217
2217
2231
2238
2234
2230
2217
2223
2233
2213
2201
2187
2176
2186
2175
2180
2178
2191
2195
2201
2211
2217
2229
2235
2234
2231
2219
2202
2181
2165
2138
2107
2070
2039
2026
2020
2003
2003
2008
2019
2027
2036
2045
2057
2052
2060
2068
2080
2079
2092
2104
2120
2136
2136
2135
2163
2173
2190
2197
2210
2212
2214
2214
2209
2187
2190
2185
2188
2191
2197
2203
2216
2219
2217
2210
2208
2220
2222
2230
2216
2213
2179
2161
2138
2131
2112
2095
2083
2067
2065
2087
2094
2122
2133
2160
2167
2193
2208
2207
2212
2213
2210
2206
2200
2202
2203
2211
2215
2206
2213
2210
2213
2210
2225
2226
2224
2213
2210
2200
2190
2168
2154
2137
2117
2079
2059
2042
2037
2024
2012
2011
2009
2027
2049
2041
2058
2078
2090
2106
2121
2138
2161
2176
2180
2167
2163
2160
2163
2164
2159
2145
2134
2134
2099
2090
2081
2071
2067
2071
2063
2066
2086
2116
2125
2137
2155
2173
2176
2160
2153
2159
2150
2153
2154
2146
2151
2160
2165
2159
2148
2136
2128
2130
2135
2138
2145
2160
2174
2182
2187
2182
2198
2200
2202
2200
2192
2203
2205
2221
2234
2251
2258
2251
2258
2254
2264
2242
2229
2246
2239
2249
2244
2246
2242
2240
2252
2252
2251
2246
2249
2239
2250
2269
2280
2283
2315
2326
2337
2337
2338
2334
2345
2336
2324
2334
2327
2314
2285
2264
2226
2190
2138
2119
2107
2094
2080
2070
2065
2066
2083
2085
2082
2109
2116
2120
2117
2135
2141
2150
2152
2145
2131
2126
2126
2132
2131
2161
2171
2191
2203
2206
2209
2212
2209
2215
2216
2205
2205
2207
2196
2178
2172
2170
2156
2151
2147
2131
2104
2100
2090
2086
2086
2082
2088
2099
2114
2119
2117
2087
2092
2076
2067
2045
2027
2015
2020
1997
1993
1995
2000
1999
2017
2018
2025
2028
2023
2006
2001
2015
2005
2002
1997
1992
1988
1990
1983
1994
2013
2017
2019
2031
2038
2051
2069
2087
2081
2077
2071
2060
2049
2044
2038
2036
2039
2043
2036
2051
2039
2037
2032
2012
2005
2005
2015
2024
2031
2039
2044
2058
2064
2088
2106
2122
2127
2145
2169
2176
2172
2155
2136
2147
2160
2158
2149
2141
2144
2131
2123
2102
2067
2058
2047
2035
2021
2011
2009
2023
2046
2060
2073
2095
2096
2093
2089
2091
2073
2069
2062
2051
2061
2069
2091
2097
2092
2096
2102
2098
2088
2071
2048
2053
2044
2039
2034
2041
2030
2035
2042
2059
2056
2065
2075
2091
2098
2108
2106
2106
2098
2096
2084
2072
2032
2002
1965
1952
1935
1927
1918
1924
1944
1950
1958
1958
1960
1983
2015
2038
2044
2044
2046
2042
2048
2044
2050
2060
2061
2051
2045
2033
2031
2020
2006
1990
1974
1961
1945
1926
1924
1910
1918
1921
1927
1928
1933
1946
1936
1948
1951
1956
1954
1948
1940
1952
1953
1954
1955
1954
1948
1947
1934
1931
1924
1938
1947
1951
1947
1956
1977
2001
1992
2002
2008
1996
1992
1981
1965
1973
1951
1940
1940
1920
1909
1897
1884
1888
1890
1886
1873
1866
1870
1873
1871
1865
1861
1862
1876
1901
1929
1956
1980
2005
2023
2024
2041
2040
2042
2035
2023
2012
2005
1997
1981
1957
1947
1920
1900
1908
1913
1920
1930
1931
1945
1951
1961
1983
1995
1999
2006
2012
2017
2010
2011
2019
2025
2028
2028
2022
2014
2000
1987
1981
1998
2009
2006
2008
2006
2000
1995
1983
1965
1942
1926
1903
1889
1896
1896
1901
1920
1935
1964
1983
1996
1995
2001
2015
2024
2006
1993
1980
1964
1953
1942
1937
1927
1923
1920
1924
1936
1957
1988
2013
2013
2037
2050
2066
2058
2054
2030
2014
2014
2005
1999
1990
1975
1961
1930
1909
1880
1871
1843
1846
1851
1853
1855
1858
1858
1873
1885
1874
1882
1881
1886
1888
1900
1907
1931
1938
1953
1965
1978
1978
1972
1962
1968
1976
1982
1978
1993
1972
1945
1933
1927
1912
1894
1895
1895
1905
1926
1933
1953
1975
1979
2001
2004
2011
2018
2026
2031
2035
2039
2038
2048
2059
2046
2036
2019
2000
1981
1990
1980
1977
1977
1967
1961
1963
1982
1994
2022
2042
2044
2057
2059
2067
2078
2088
2091
2097
2098
2084
2082
2051
2033
2020
1997
1970
1947
1936
1925
1915
1908
1873
1891
1890
1911
1954
1962
1982
2005
2030
2059
2061
2077
2073
2070
2062
2061
2059
2056
2067
2087
2080
2058
2042
2027
2013
2012
1995
1967
1971
1969
1937
1909
1877
1839
1801
1776
1752
1733
1719
1715
1722
1725
1745
1761
1779
1791
1813
1834
1849
1894
1915
1933
1958
1972
1978
1987
1980
1981
1994
2001
2004
2000
2003
2009
2007
2018
2019
2011
2007
2006
2000
1987
1989
2002
2000
1990
1984
1982
1986
1981
1978
1969
1947
1932
1928
1930
1941
1946
1939
1914
1901
1903
1897
1899
1919
1936
1970
1994
2010
2030
2030
2022
2025
2014
2013
2004
1997
1999
1995
1999
1991
1990
1986
1990
1997
1996
1983
1983
1991
2001
2013
2027
2037
2044
2051
2049
2035
2030
2020
2033
2030
2024
2036
2063
2061
2054
2051
2063
2052
2053
2079
2083
2082
2083
2093
2108
2113
2114
2129
2134
2147
2157
2160
2160
2187
2180
2158
2150
2138
2110
2094
2077
2080
2066
2059
2051
2073
2101
2112
2097
2085
2077
2079
2090
2091
2096
2093
2078
2071
2082
2096
2100
2108
2109
2106
2102
2093
2105
2110
2109
2083
2081
2074
2082
2085
2106
2124
2150
2176
2189
2180
2184
2185
2187
2179
2187
2194
2191
2182
2190
2194
2182
2154
2158
2151
2137
2131
2140
2146
2147
2178
2189
2180
2159
2138
2138
2143
2143
2140
2138
2145
2153
2156
2158
2159
2161
2172
2169
2156
2148
2137
2142
2124
2118
2118
2128
2123
2120
2116
2131
2139
2156
2186
2204
2227
2241
2254
2267
2273
2276
2286
2289
2271
2265
2261
2244
2243
2252
2257
2271
2277
2280
2283
2278
2276
2273
2253
2252
2251
2238
2216
2186
2159
2137
2123
2105
2100
2102
2114
2128
2134
2150
2166
2186
2189
2184
2194
2179
2175
2179
2176
2182
2170
2179
2187
2186
2185
2186
2177
2191
2204
2205
2200
2217
2232
2249
2239
2248
2244
2235
2230
2222
2203
2197
2194
2200
2199
2206
2209
2206
2222
2216
2230
2216
2210
2218
2222
2217
2220
2218
2228
2228
2212
2205
2190
2176
2177
2159
2150
2138
2138
2126
2120
2105
2105
2104
2102
2090
2088
2086
2083
2069
2061
2064
2078
2080
2092
2089
2094
2104
2110
2115
2111
2098
2083
2090
2068
2038
2022
2023
2021
2013
2017
2027
2037
2061
2082
2092
2104
2103
2092
2082
2063
2027
1984
1953
1926
1913
1898
1904
1905
1929
1946
1969
1984
1994
2019
2045
2061
2076
2089
2100
2110
2114
2131
2134
2153
2159
2161
2175
2189
2197
2192
2172
2165
2150
2140
2131
2117
2096
2092
2094
2084
2097
2077
2093
2108
2108
2113
2103
2101
2120
2128
2137
2140
2145
2153
2147
2155
2167
2177
2187
2180
2162
2152
2142
2129
2113
2107
2107
2098
2099
2100
2100
2104
2112
2131
2144
2137
2132
2136
2122
2121
2126
2107
2095
2069
2072
2074
2074
2061
2066
2084
2097
2119
2135
2142
2146
2138
2131
2126
2109
2085
2078
2054
2053
2060
2075
2088
2088
2087
2077
2065
2066
2061
2039
2031
2029
2025
2027
2041
2060
2079
2079
2075
2065
2069
2061
2059
2060
2063
2071
2088
2087
2084
2087
2085
2082
2073
2050
2055
2046
2049
2050
2049
2026
2024
2017
2015
2011
2017
2020
2031
2048
2061
2066
2083
2094
2095
2090
2092
2096
2090
2111
2111
2117
2135
2147
2135
2125
2112
2107
2096
2093
2095
2091
2079
2077
2080
2078
2083
2063
2057
2059
2051
2053
2050
2056
2053
2053
2061
2087
2096
2094
2107
2110
2105
2074
2060
2057
2059
2046
2050
2046
2035
2021
2018
2010
1997
1989
1978
1988
1992
1991
1992
1986
1982
1978
1976
1968
1969
1969
1962
1958
1965
1961
1947
1943
1926
1913
1914
1910
1907
1893
1888
1900
1900
1903
1892
1907
1918
1932
1937
1970
1985
1983
1970
1962
1951
1938
1924
1918
1898
1917
1922
1934
1958
1947
1953
1926
1931
1930
1938
1923
1901
1885
1879
1865
1883
1891
1925
1941
1961
1969
1973
1983
1993
1997
2007
2016
2021
2017
2002
1986
1965
1953
1940
1928
1926
1921
1925
1935
1927
1927
1922
1907
1905
1911
1897
1891
1905
1932
1945
1972
1981
1995
2000
2005
1999
1992
1977
1967
1955
1943
1919
1924
1938
1948
1959
1963
1962
1957
1958
1960
1972
1965
1963
1946
1956
1955
1957
1960
1963
1979
1986
2001
2032
2059
2075
2083
2095
2079
2080
2073
2066
2051
2039
2022
2018
2020
2023
2019
2027
2035
2047
2061
2080
2091
2092
2077
2062
2051
2028
2023
2009
2020
2023
2049
2074
2089
2101
2120
2115
2102
2091
2094
2091
2102
2108
2135
2142
2155
2181
2204
2215
2226
2233
2239
2250
2241
2239
2226
2228
2222
2216
2212
2206
2194
2189
2173
2182
2192
2202
2204
2222
2230
2234
2240
2242
2242
2226
2200
2187
2180
2178
2176
2179
2183
2187
2179
2166
2151
2131
2124
2114
2096
2094
2104
2104
2124
2139
2148
2173
2197
2211
2219
2220
2228
2239
2258
2265
2268
2267
2280
2285
2281
2272
2258
2246
2234
2238
2226
2216
2211
2227
2242
2253
2267
2289
2294
2303
2299
2292
2279
2270
2266
2256
2245
2246
2236
2235
2245
2254
2263
2281
2296
2300
2303
2294
2298
2298
2279
2269
2274
2269
2267
2273
2270
2264
2269
2256
2245
2254
2246
2255
2273
2268
2274
2268
2275
2274
2278
2273
2265
2257
2245
2228
2208
2213
2203
2202
2192
2183
2181
2168
2167
2182
2180
2190
2187
2205
2187
2177
2192
2205
2204
2207
2205
2213
2204
2206
2219
2221
2225
2236
2244
2251
2244
2239
2215
2191
2171
2167
2171
2168
2168
2163
2150
2144
2136
2127
2125
2110
2093
2070
2063
2070
2076
2081
2078
2090
2097
2087
2081
2077
2079
2092
2107
2115
2114
2128
2141
2146
2142
2158
2174
2188
2180
2187
2214
2217
2219
2228
2223
2234
2230
2226
2235
2240
2247
2252
2240
2236
2226
2233
2241
2243
2244
2248
2244
2250
2254
2257
2274
2285
2291
2294
2289
2290
2290
2292
2285
2279
2290
2295
2308
2306
2303
2293
2278
2282
2272
2273
2284
2288
2290
2294
2307
2322
2330
2321
2328
2318
2312
2305
2306
2311
2310
2313
2318
2328
2317
2310
2294
2290
2281
2291
2281
2281
2272
2270
2258
2251
2253
2250
2242
2245
2227
2212
2208
2183
2168
2153
2158
2151
2150
2142
2143
2158
2175
2178
2194
2217
2219
2209
2194
2178
2177
2175
2177
2179
2184
2173
2172
2182
2180
2193
2209
2229
2217
2219
2207
2198
2183
2185
2177
2178
2162
2149
2139
2145
2147
2146
2152
2159
2151
2140
2132
2130
2137
2151
2144
2143
2131
2123
2115
2108
2119
2132
2149
2151
2153
2147
2161
2167
2168
2173
2169
2148
2159
2149
2148
2155
2172
2176
2174
2188
2201
2210
2218
2208
2191
2175
2168
2171
2179
2176
2168
2160
2153
2146
2153
2155
2144
2148
2146
2162
2184
2206
2227
2237
2249
2243
2230
5835
2015
2004
2015
1994
1977
1989
2000
2019
2034
2029
2017
1984
1961
1921
1896
1863
1859
1864
1906
1909
1901
1889
1879
1851
1848
1814
1799
1784
1775
1798
1836
1861
1892
1915
1949
1955
1989
2005
2051
2079
2131
2163
2209
2230
2250
2253
2271
2259
2253
2222
2200
2167
2148
2126
2112
2092
2094
2103
2118
2103
2095
2070
2060
2009
1976
1936
1908
1881
1869
1879
1877
1854
1838
1805
1774
1750
1723
1716
1724
1728
1731
1720
1710
1698
1652
1599
1551
1531
1533
1563
1614
1658
1706
1755
1794
1814
1819
1822
1845
1844
1818
1796
1778
1772
1762
1763
1784
1837
1877
1930
1956
1979
1990
2006
2025
2025
2007
1998
1988
1955
1937
1905
1878
1856
1856
1873
1924
2009
2086
2157
2220
2255
2269
2274
2265
2251
2242
2230
2218
2188
2166
2127
2086
2043
1992
1968
1950
1942
1947
1967
2003
2031
2067
2107
2136
2140
2152
2165
2174
2179
2194
2193
2187
2159
2153
2160
2161
2157
2158
2169
2163
2140
2092
2066
2052
2055
2079
2121
2165
2227
2265
2292
2288
2291
2277
2253
2229
2220
2207
2207
2183
2153
2110
2073
2033
2030
2006
2009
2026
2068
2095
2113
2115
2094
2055
2039
2006
2000
2007
2022
1994
2001
2017
2056
2080
2142
2175
2192
2167
2171
2155
2162
2156
2143
2108
2086
2088
2080
2084
2094
2108
2108
2068
2042
2009
2001
1976
1944
1937
1933
1953
1962
1939
1935
1944
1941
1963
1974
1993
2010
2033
2045
2090
2136
2166
2136
2112
2051
2015
1961
1934
1880
1837
1805
1779
1690
1589
1508
1481
1489
1547
1583
1623
1633
1661
1678
1701
1711
1718
1728
1741
1762
1780
1809
1831
1878
1918
1946
1976
1987
1982
1975
1971
2006
2025
2059
2080
2136
2186
2198
2182
2142
2084
2046
2020
2011
2009
2020
2026
1998
1944
1901
1867
1832
1841
1866
1889
1925
1954
1978
2003
2005
2023
2016
1963
1888
1816
1747
1668
1579
1500
1458
1447
1458
1462
1477
1493
1526
1614
1674
1738
1805
1874
1951
2029
2086
2111
2098
2090
2107
2109
2117
2130
2168
2212
2245
2262
2287
2306
2337
2361
2386
2359
2337
2314
2324
2323
2316
2301
2292
2303
2318
2336
2376
2407
2439
2461
2472
2496
2504
2493
2465
2444
2402
2357
2330
2315
2298
2302
2306
2296
2256
2226
2177
2139
2084
2026
1965
1930
1906
1913
1924
1959
1977
2007
2034
2084
2098
2111
2106
2122
2128
2136
2139
2183
2225
2274
2299
2313
2313
2283
2241
2219
2208
2209
2199
2190
2182
2170
2171
2173
2178
2207
2255
2291
2327
2339
2351
2334
2332
2293
2286
2255
2244
2194
2121
2013
1928
1833
1767
1715
1679
1658
1650
1647
1661
1678
1699
1709
1717
1687
1665
1656
1662
1679
1719
1775
1863
1939
2024
2121
2207
2245
2239
2202
2167
2131
2102
2061
2027
2010
2012
1991
1976
1973
1971
1973
1979
1991
2010
2029
2068
2131
2207
2270
2312
2343
2370
2379
2381
2354
2309
2237
2160
2089
2049
2045
2038
2035
2047
2012
1999
2006
2021
2038
2070
2088
2103
2083
2064
2048
2054
2011
2003
1987
2003
2042
2089
2122
2141
2162
2159
2186
2234
2256
2257
2277
2268
2273
2289
2305
2321
2340
2354
2371
2370
2360
2339
2311
2253
2196
2135
2081
2060
2056
2036
2031
2027
2047
2064
2073
2073
2093
2083
2075
2066
2067
2077
2096
2100
2144
2160
2184
2186
2203
2202
2212
2218
2253
2269
2308
2337
2354
2343
2328
2292
2236
2183
2145
2106
2071
2038
1995
1959
1943
1967
1981
2002
2000
2007
2012
2032
2027
2035
2026
2027
1983
1931
1867
1837
1824
1877
1900
1916
1916
1922
1913
1875
1843
1823
1820
1817
1859
1907
1948
1987
2007
2014
1999
1973
1934
1893
1865
1833
1771
1702
1646
1616
1599
1616
1665
1690
1712
1760
1804
1816
1841
1864
1851
1837
1827
1828
1833
1839
1833
1832
1838
1842
1841
1840
1851
1859
1857
1836
1785
1707
1606
1535
1475
1438
1435
1464
1519
1572
1671
1792
1906
1995
2071
2120
2148
2174
2189
2185
2175
2174
2182
2186
2195
2211
2226
2227
2218
2191
2163
2122
2059
1978
1878
1815
1775
1752
1741
1725
1712
1706
1730
1742
1751
1741
1741
1742
1754
1766
1827
1882
1938
1995
2021
2035
2033
2010
1962
1928
1879
1788
1663
1556
1475
1437
1444
1499
1573
1673
1751
1828
1875
1924
1979
2015
2021
2017
1999
1991
1961
1956
1964
1983
1995
2029
2054
2057
2048
2061
2084
2111
2120
2131
2117
2101
2076
2025
1906
1803
1711
1637
1607
1592
1569
1544
1539
1521
1525
1559
1622
1683
1754
1774
1787
1791
1813
1822
1834
1809
1789
1759
1769
1769
1772
1779
1796
1814
1849
1846
1823
1793
1770
1738
1731
1725
1708
1711
1732
1777
1835
1888
1945
1975
2002
2034
2076
2093
2048
1987
1922
1870
1781
1714
1656
1638
1635
1659
1701
1751
1807
1831
1850
1857
1858
1842
1822
1807
1806
1818
1803
1796
1825
1852
1857
1835
1776
1698
1614
1576
1574
1574
1598
1642
1696
1727
1736
1761
1763
1779
1772
1751
1740
1745
1775
1822
1845
1848
1829
1817
1803
1801
1783
1776
1763
1802
1826
1844
1855
1878
1939
1982
2018
2044
2049
2015
1987
1978
1964
1921
1897
1877
1858
1837
1841
1837
1843
1846
1871
1881
1883
1857
1840
1806
1795
1773
1771
1767
1795
1807
1831
1831
1845
1858
1842
1808
1787
1741
1692
1635
1573
1535
1486
1437
1401
1398
1406
1419
1444
1485
1517
1555
1555
1577
1581
1623
1681
1744
1801
1841
1881
1918
1910
1865
1741
1677
1621
1605
1601
1624
1665
1733
1786
1821
1866
1940
1988
2011
1986
1917
1854
1805
1766
1708
1678
1630
1605
1608
1650
1694
1756
1814
1861
1875
1898
1897
1900
1879
1864
1820
1781
1739
1719
1730
1812
1881
1947
1977
2002
2024
2058
2079
2079
2049
1994
1924
1867
1839
1821
1763
1671
1629
1573
1512
1465
1440
1431
1467
1539
1580
1611
1657
1692
1743
1764
1788
1807
1826
1858
1876
1882
1896
1911
1944
1975
1967
1950
1923
1900
1869
1857
1840
1827
1800
1755
1710
1645
1596
1589
1603
1652
1703
1768
1833
1878
1910
1964
1992
1955
1951
1929
1929
1933
1957
1968
2001
2043
2062
2052
2004
1946
1893
1833
1797
1731
1675
1602
1570
1576
1575
1560
1553
1530
1518
1522
1560
1618
1661
1703
1761
1833
1867
1916
1926
1918
1887
1857
1793
1731
1662
1599
1525
1489
1469
1465
1473
1528
1592
1647
1687
1728
1733
1733
1725
1733
1743
1737
1740
1712
1675
1659
1676
1713
1731
1731
1717
1651
1615
1558
1498
1401
1353
1317
1323
1330
1383
1418
1464
1496
1517
1557
1594
1601
1613
1586
1583
1605
1647
1667
1671
1661
1631
1607
1588
1598
1624
1643
1676
1722
1779
1842
1876
1910
1935
1974
2008
2042
2027
2003
1985
1969
1965
1950
1936
1944
1925
1901
1854
1824
1833
1866
1887
1907
1910
1929
1913
1891
1889
1863
1845
1819
1780
1757
1753
1751
1752
1759
1777
1818
1858
1919
1980
2046
2082
2103
2120
2148
2180
2182
2192
2208
2202
2194
2194
2158
2125
2110
2094
2108
2152
2193
2254
2300
2330
2353
2370
2363
2330
2282
2243
2223
2234
2235
2220
2220
2222
2249
2286
2312
2357
2354
2328
2294
2274
2258
2229
2197
2147
2066
1955
1822
1707
1640
1624
1607
1634
1659
1687
1689
1720
1751
1815
1858
1873
1867
1869
1870
1884
1916
1975
2012
2042
2090
2117
2123
2096
2059
2008
1974
1936
1917
1945
1973
1995
2037
2069
2116
2136
2162
2169
2130
2073
2041
1995
1961
1914
1883
1883
1914
1954
2007
2043
2068
2099
2123
2120
2085
2079
2084
2081
2078
2105
2144
2195
2248
2321
2361
2412
2416
2427
2412
2400
2381
2364
2331
2295
2266
2252
2224
2245
2256
2303
2359
2423
2461
2485
2477
2464
2394
2344
2313
2290
2267
2240
2205
2181
2141
2120
2127
2122
2138
2175
2251
2312
2391
2424
2477
2495
2495
2435
2382
2327
2300
2282
2267
2243
2229
2211
2211
2218
2256
2297
2311
2316
2303
2272
2245
2196
2144
2136
2144
2188
2251
2339
2430
2488
2541
2562
2591
2625
2642
2645
2632
2608
2548
2498
2409
2328
2286
2243
2193
2163
2146
2152
2179
2180
2178
2136
2093
2066
2030
1986
1964
1943
1927
1928
1926
1952
1981
1999
1996
1995
1999
2001
2010
2025
2041
2064
2150
2158
2170
2168
2163
2131
2113
2111
2110
2120
2119
2129
2144
2143
2141
2128
2128
2126
2121
2108
2094
2074
2072
2062
2037
2046
2068
2078
2083
2073
2054
2048
2046
2056
2054
2066
2052
2031
1988
1999
2048
2124
2196
2250
2258
2254
2246
2241
2204
2153
2110
2073
2038
1995
1926
1895
1859
1826
1814
1801
1838
1888
1957
2004
2062
2104
2125
2140
2146
2157
2210
2223
2244
2263
2286
2293
2318
2329
2386
2414
2448
2459
2476
2457
2430
2368
2301
2269
2239
2204
2172
2141
2114
2093
2085
2080
2101
2131
2165
2199
2225
2232
2230
2237
2231
2237
2230
2235
2251
2291
2316
2324
2313
2318
2315
2322
2318
2325
2298
2286
2269
2292
2328
2354
2345
2318
2284
2260
2255
2230
2215
2221
2248
2285
2290
2253
2227
2186
2169
2159
2139
2115
2074
2050
2034
2009
1999
1967
1942
1917
1929
1921
1931
1926
1930
1919
1908
1905
1927
1951
1947
1934
1938
1973
2008
2020
1994
1968
1937
1913
1878
1836
1787
1777
1779
1801
1810
1811
1823
1844
1875
1906
1954
2015
2072
2133
2170
2207
2255
2282
2299
2296
2266
2203
2134
2032
1943
1883
1837
1795
1762
1760
1785
1841
1898
1952
2019
2067
2127
2202
2243
2279
2286
2268
2246
2241
2206
2186
2139
2116
2077
2030
1947
1878
1816
1835
1848
1898
1941
2012
2110
2168
2222
2266
2295
2333
2374
2404
2427
2414
2416
2403
2395
2384
2395
2403
2421
2388
2362
2333
2332
2325
2336
2314
2264
2206
2201
2182
2183
2159
2148
2096
2019
1994
2035
2073
2128
2169
2207
2247
2288
2307
2271
2209
2134
2049
1979
1928
1898
1933
2001
2102
2172
2247
2287
2294
2268
2262
2244
2239
2181
2145
2106
2067
2001
1962
1903
1810
1700
1628
1565
1551
1573
1629
1669
1698
1718
1770
1808
1889
1966
2025
2080
2130
2142
2174
2194
2194
2186
2158
2145
2142
2159
2168
2195
2215
2217
2163
2083
1987
1925
1874
1847
1838
1837
1831
1861
1906
1940
1948
1955
1971
1987
1999
2033
2062
2129
2191
2242
2281
2317
2358
2389
2406
2418
2415
2385
2339
2304
2272
2249
2253
2277
2295
2323
2366
2367
2361
2310
2260
2184
2107
2027
1982
1965
1974
2004
2073
2158
2229
2277
2331
2382
2397
2363
2297
2222
2170
2144
2130
2121
2134
2159
2186
2207
2215
2224
2240
2232
2193
2156
2131
2119
2106
2087
2074
2068
2061
2038
2003
1977
1954
1931
1924
1927
1947
1960
1979
2007
2005
1958
1883
1767
1709
1661
1651
1661
1697
1745
1799
1873
1932
1996
2069
2134
2144
2111
2049
2003
1963
1935
1897
1867
1860
1904
1945
1981
1997
2016
2028
2054
2078
2117
2114
2110
2115
2117
2104
2085
2038
1995
1950
1909
1862
1818
1796
1782
1774
1802
1854
1871
1855
1847
1831
1811
1799
1796
1824
1871
1902
1922
1954
1970
1994
1967
1963
1893
1820
1751
1713
1661
1633
1610
1611
1596
1594
1593
1668
1723
1787
1827
1864
1900
1936
1965
1982
2000
2002
2006
2028
2115
2178
2223
2225
2219
2201
2225
2250
2312
2336
2379
2381
2355
2323
2318
2294
2275
2259
2234
2212
2209
2212
2236
2238
2284
2306
2305
2302
2284
2268
2257
2247
2231
2228
2229
2247
2238
2245
2264
2288
2302
2319
2310
2311
2326
2351
2392
2440
2458
2473
2474
2469
2456
2474
2509
2537
2551
2546
2547
2551
2575
2600
2631
2652
2680
2670
2652
2652
2653
2638
2597
2542
2484
2455
2439
2431
2419
2401
2374
2354
2358
2383
2388
2389
2388
2402
2397
2398
2418
2420
2415
2379
2350
2335
2323
2342
2380
2412
2421
2424
2481
2520
2553
2601
2621
2600
2604
2595
2584
2574
2568
2576
2561
2545
2513
2516
2526
2546
2570
2568
2576
2585
2591
2568
2529
2461
2389
2295
2198
2131
2090
2085
2100
2140
2212
2244
2260
2267
2277
2297
2288
2289
2293
2283
2282
2308
2326
2341
2359
2386
2405
2430
2455
2498
2506
2525
2536
2553
2552
2560
2536
2542
2542
2553
2564
2594
2621
2642
2656
2664
2671
2666
2670
2686
2691
2692
2691
2686
2673
2644
2613
2586
2564
2534
2519
2505
2527
2534
2543
2538
2529
2494
2468
2428
2407
2369
2350
2316
2299
2273
2285
2311
2342
2365
2389
2401
2416
2414
2423
2429
2441
2464
2482
2469
2442
2422
2421
2432
2447
2471
2486
2514
2515
2520
2489
2463
2448
2452
2434
2418
2414
2403
2397
2411
2408
2412
2405
2419
2430
2423
2414
2392
2367
2342
2311
2294
2252
2255
2245
2232
2204
2177
2146
2142
2164
2183
2210
2207
2224
2215
2236
2232
2229
2229
2210
2160
2126
2084
2062
2047
2041
2030
2025
2018
2016
2009
2003
2011
2054
2078
2115
2131
2176
2233
2260
2264
2269
2274
2279
2276
2253
2224
2198
2192
2189
2191
2195
2203
2216
2262
2316
2350
2365
2339
2284
2208
2148
2084
2024
1986
1951
1935
1910
1881
1875
1890
1921
1983
2071
2139
2214
2263
2289
2315
2347
2362
2361
2348
2330
2313
2311
2313
2323
2358
2382
2408
2430
2421
2374
2337
2280
2264
2244
2225
2197
2194
2192
2181
2153
2122
2082
2029
1993
1952
1927
1927
1938
1943
1956
1994
2069
2123
2161
2172
2200
2227
2242
2239
2264
2272
2285
2285
2293
2300
2294
2293
2321
2332
2315
2263
2194
2117
2064
2033
1992
1983
1989
2013
2069
2102
2163
2182
2194
2205
2228
2256
2266
2249
2216
2184
2139
2124
2111
2107
2101
2077
2032
1967
1915
1907
1923
1950
1946
1985
2014
2064
2098
2118
2107
2105
2097
2108
2089
2069
2018
1984
1957
1930
1910
1906
1930
1968
2034
2077
2105
2132
2151
2139
2140
2109
2074
2031
1989
1949
1921
1904
1897
1865
1858
1871
1907
1937
1953
1948
1966
1983
2007
2007
1986
1971
1971
1981
1983
1951
1898
1869
1887
1911
1889
1864
1835
1850
1874
1902
1896
1901
1927
1964
2006
2027
2016
1976
1930
1911
1891
1884
1875
1889
1856
1844
1843
1854
1862
1891
1908
1930
1907
1856
1820
1787
1786
1809
1848
1875
1917
1945
1971
2002
2043
2083
2119
2107
2100
2088
2064
2043
2060
2105
2126
2169
2241
2288
2328
2340
2347
2322
2266
2209
2142
2077
1997
1930
1866
1812
1775
1771
1763
1779
1814
1839
1863
1891
1914
1927
1931
1913
1897
1880
1879
1905
1928
1939
1963
2013
2076
2106
2142
2141
2161
2157
2166
2167
2163
2153
2094
2044
2009
1972
1935
1937
1930
1936
1939
1937
1944
1931
1947
1981
2018
2049
2080
2101
2101
2083
2032
1991
1938
1894
1878
1890
1899
1935
1993
2054
2101
2163
2178
2142
2088
2032
1946
1865
1805
1800
1799
1807
1816
1845
1928
2016
2103
2151
2156
2122
2070
1986
1881
1819
1824
1819
1831
1837
1876
1943
2040
2104
2164
2190
2181
2164
2158
2128
2076
1992
1935
1869
1841
1795
1766
1736
1723
1755
1823
1895
1985
2053
2105
2149
2180
2205
2211
2240
2247
2263
2262
2273
2246
2227
2198
2200
2171
2130
2045
1969
1878
1885
1907
1962
2010
2050
2087
2123
2150
2168
2170
2157
2126
2106
2089
2071
2071
2080
2087
2097
2110
2100
2084
2052
2019
2008
2003
1992
1997
2006
2033
2082
2146
2199
2239
2252
2249
2235
2200
2148
2107
2033
1998
1973
1971
1970
1986
1996
1992
1983
1996
2028
2093
2141
2166
2184
2197
2202
2197
2162
2127
2091
2078
2067
2038
2027
2059
2107
2128
2114
2093
2074
2058
2068
2057
2020
1990
1954
1951
1991
2062
2111
2121
2140
2149
2159
2196
2241
2291
2334
2365
2366
2348
2327
2281
2237
2180
2140
2083
2026
1981
1983
1989
2018
2025
2031
2039
2051
2089
2125
2170
2212
2230
2248
2246
2232
2217
2230
2257
2307
2356
2378
2378
2388
2401
2414
2432
2443
2439
2416
2399
2382
2378
2387
2408
2405
2402
2381
2383
2392
2394
2359
2306
2260
2214
2177
2151
2142
2169
2201
2229
2233
2247
2224
2194
2151
2110
2071
2039
2011
2003
2008
2028
2054
2080
2106
2142
2172
2219
2242
2251
2268
2281
2327
2375
2403
2409
2413
2392
2379
2355
2363
2347
2383
2410
2452
2459
2503
2513
2517
2496
2488
2463
2464
2457
2480
2472
2482
2473
2464
2451
2434
2425
2402
2397
2400
2386
2373
2348
2329
2356
2396
2425
2424
2436
2444
2454
2455
2466
2446
2437
2405
2403
2392
2390
2398
2402
2400
2422
2436
2458
2472
2460
2430
2381
2335
2302
2274
2242
2215
2198
2199
2190
2190
2195
2188
2192
2195
2192
2217
2237
2242
2217
2181
2178
2177
2144
2107
2066
2040
2037
2071
2115
2148
2190
2219
2260
2300
2340
2347
2342
2332
2338
2355
2361
2371
2392
2413
2400
2376
2327
2295
2263
2242
2149
2130
2125
2124
2148
2144
2175
2251
2332
2415
2478
2512
2523
2490
2458
2399
2321
2237
2190
2154
2132
2134
2136
2132
2119
2117
2157
2174
2183
2190
2219
2231
2245
2266
2287
2310
2350
2368
2385
2392
2404
2420
2405
2365
2291
2243
2181
2151
2132
2125
2126
2160
2191
2252
2327
2389
2421
2452
2442
2416
2362
2349
2326
2286
2228
2186
2160
2143
2110
2106
2124
2148
2179
2209
2242
2257
2237
2192
2180
2141
2147
2145
2146
2112
2086
2044
1998
1940
1902
1862
1859
1857
1867
1854
1820
1807
1833
1882
1938
1988
2070
2126
2169
2192
2200
2162
2120
2070
1991
1942
1874
1829
1796
1790
1781
1797
1849
1901
1940
2017
2061
2092
2104
2115
2062
2003
1963
1926
1917
1915
1901
1883
1883
1929
2013
2123
2220
2291
2301
2271
2201
2132
2075
2037
2010
1963
1927
1886
1848
1844
1874
1915
1961
1987
1995
2006
2025
2041
2063
2080
2098
2098
2099
2084
2086
2074
2060
2041
2031
2015
2010
1978
1974
1990
2022
2029
2034
2040
2058
2091
2122
2127
2123
2087
2088
2101
2131
2143
2124
2097
2092
2099
2125
2159
2184
2179
2148
2125
2095
2067
2036
2002
1963
1931
1906
1892
1902
1889
1871
1824
1799
1765
1735
1722
1722
1715
1667
1614
1557
1512
1515
1549
1563
1610
1656
1676
1679
1687
1700
1731
1752
1758
1775
1787
1784
1784
1769
1771
1753
1743
1713
1684
1636
1615
1602
1638
1676
1709
1719
1738
1757
1766
1800
1837
1866
1872
1872
1879
1873
1880
1903
1930
1962
1964
1962
1938
1940
1887
1834
1789
1767
1754
1758
1736
1751
1738
1720
1682
1660
1610
1565
1525
1513
1526
1600
1667
1723
1757
1788
1803
1829
1845
1860
1873
1871
1890
1906
1942
1962
1970
1960
1918
1858
1807
1783
1801
1811
1832
1861
1867
1846
1832
1837
1821
1806
1786
1737
1707
1716
1752
1782
1789
1792
1805
1843
1878
1903
1947
1960
1982
1992
2003
1998
2011
2004
1977
1963
1963
1978
1970
1987
1962
1935
1926
1922
1923
1959
2001
2038
2056
2058
2036
2004
1968
1911
1853
1815
1817
1839
1856
1855
1854
1870
1890
1880
1877
1870
1866
1872
1887
1915
1942
1966
1977
2002
2032
2049
2044
2020
1981
1944
1909
1900
1948
2013
2061
2111
2144
2169
2173
2186
2185
2204
2250
2304
2341
2364
2353
2336
2322
2302
2266
2235
2209
2175
2158
2112
2081
2056
2031
2024
2045
2098
2152
2204
2243
2260
2272
2278
2263
2230
2227
2236
2246
2276
2293
2295
2321
2349
2368
2356
2323
2270
2238
2186
2148
2100
2077
2068
2056
2009
1978
1968
1992
2027
2055
2087
2113
2153
2193
2196
2194
2214
2238
2282
2324
2360
2365
2365
2356
2356
2306
2257
2198
2155
2131
2116
2093
2079
2058
2056
2062
2107
2141
2159
2155
2181
2200
2226
2251
2271
2279
2288
2272
2247
2228
2181
2138
2082
2043
1999
1981
1946
1943
1929
1942
1966
2024
2088
2196
2322
2415
2432
2427
2374
2314
2234
2154
2057
1995
1926
1922
1917
1939
1930
1938
1937
1943
1942
1916
1910
1891
1874
1855
1812
1755
1681
1610
1569
1543
1565
1603
1695
1775
1862
1931
2000
2064
2121
2140
2121
2098
2042
1973
1911
1859
1804
1742
1653
1599
1577
1582
1608
1654
1694
1716
1749
1799
1850
1894
1923
1916
1899
1883
1856
1855
1850
1823
1787
1759
1748
1772
1814
1846
1865
1885
1905
1928
1962
1969
1967
1955
1956
1991
2037
2077
2110
2111
2143
2164
2194
2221
2230
2168
2090
1993
1906
1878
1846
1847
1857
1885
1919
1964
1986
2028
2091
2157
2191
2223
2219
2204
2177
2183
2179
2199
2208
2235
2218
2203
2165
2171
2172
2181
2190
2202
2209
2205
2206
2207
2215
2219
2217
2203
2189
2185
2165
2143
2137
2132
2138
2117
2099
2072
2060
2049
2063
2085
2100
2082
2101
2109
2124
2141
2179
2213
2249
2255
2268
2265
2270
2255
2247
2244
2248
2257
2282
2290
2310
2308
2288
2260
2251
2255
2266
2272
2259
2225
2182
2189
2210
2236
2244
2257
2252
2232
2238
2275
2297
2337
2346
2364
2349
2376
2370
2372
2343
2326
2313
2303
2284
2283
2281
2266
2233
2177
2129
2067
2011
1939
1871
1828
1809
1817
1847
1834
1845
1871
1909
1947
2013
2073
2134
2189
2260
2285
2287
2278
2263
2226
2189
2145
2127
2139
2178
2195
2224
2244
2255
2251
2241
2208
2161
2149
2144
2133
2111
2086
2057
2019
1958
1903
1879
1868
1890
1942
2043
2103
2147
2173
2185
2193
2196
2186
2183
2143
2090
2042
2002
1976
1963
1961
1985
1991
2004
2016
1992
1923
1847
1771
1689
1657
1639
1654
1711
1790
1879
1967
2068
2152
2208
2249
2252
2240
2238
2254
2278
2294
2286
2283
2271
2261
2232
2214
2197
2192
2150
2150
2132
2144
2134
2141
2150
2145
2109
2091
2055
2004
1969
1945
1949
1965
2008
2043
2091
2139
2196
2260
2315
2281
2249
2217
2186
2140
2105
2054
2008
1976
1971
1947
1918
1887
1882
1887
1912
1929
1975
1992
2024
2027
2007
1990
1996
2005
2048
2111
2163
2188
2204
2219
2231
2236
2208
2206
2197
2193
2203
2229
2203
2179
2158
2177
2170
2172
2168
2164
2151
2167
2144
2115
2084
2060
2017
1969
1889
1837
1817
1775
1728
1681
1627
1588
1563
1581
1626
1674
1722
1755
1798
1825
1858
1875
1882
1895
1917
1925
1915
1860
1794
1735
1718
1734
1780
1818
1855
1882
1926
1945
1954
1944
1934
1903
1875
1851
1835
1835
1862
1914
1978
2008
2051
2077
2112
2123
2149
2194
2247
2290
2306
2322
2322
2300
2270
2243
2207
2179
2178
2194
2221
2230
2255
2268
2260
2254
2247
2246
2238
2248
2243
2243
2243
2244
2249
2267
2302
2311
2324
2320
2337
2346
2347
2349
2391
2407
2423
2439
2468
2498
2524
2544
2578
2607
2608
2600
2585
2576
2540
2514
2506
2500
2494
2500
2500
2495
2466
2444
2406
2390
2360
2349
2330
2327
2312
2294
2271
2270
2244
2216
2202
2213
2230
2252
2292
2320
2353
2367
2407
2435
2452
2468
2476
2465
2450
2442
2457
2449
2435
2406
2384
2370
2351
2325
2299
2261
2248
2217
2218
2227
2250
2279
2320
2328
2335
2338
2326
2276
2221
2163
2088
2043
2009
2013
2039
2049
2036
2024
2016
2031
2038
2079
2118
2155
2174
2212
2241
2279
2314
2340
2346
2364
2356
2358
2330
2302
2283
2267
2240
2228
2226
2233
2263
2298
2323
2347
2357
2352
2342
2315
2294
2310
2340
2355
2380
2384
2378
2354
2337
2321
2324
2333
2309
2263
2238
2214
2224
2224
2240
2246
2238
2257
2279
2305
2342
2398
2425
2425
2375
2326
2257
2183
2119
2039
1957
1873
1803
1797
1792
1796
1801
1821
1859
1892
1957
1991
2013
2035
2048
2056
2092
2138
2184
2216
2244
2276
2302
2323
2359
2387
2419
2432
2439
2417
2394
2383
2372
2359
2361
2366
2348
2353
2355
2349
2346
2351
2365
2372
2391
2421
2429
2400
2332
2296
2218
2177
2115
2073
2040
2024
2011
1998
1995
2041
2088
2165
2224
2287
2337
2375
2383
2388
2386
2386
2371
2353
2324
2328
2336
2343
2346
2354
2357
2364
2365
2358
2385
2396
2384
2350
2305
2262
2215
2149
2081
2031
1984
1937
1897
1876
1865
1856
1850
1841
1857
1893
1952
1980
2026
2077
2154
2200
2226
2260
2293
2304
2294
2283
2284
2299
2302
2285
2246
2199
2166
2124
2071
2032
1991
1982
1998
2007
2009
2013
2048
2100
2155
2226
2262
2288
2291
2276
2252
2238
2223
2212
2199
2207
2217
2225
2230
2223
2199
2160
2101
2080
2119
2160
2211
2230
2253
2264
2288
2292
2291
2286
2271
2271
2280
2310
2348
2392
2432
2458
2477
2447
2430
2401
2390
2386
2390
2395
2407
2410
2402
2396
2387
2366
2345
2336
2336
2339
2346
2365
2386
2435
2483
2521
2561
2567
2580
2583
2595
2582
2582
2588
2554
2522
2470
2407
2349
2270
2180
2079
1991
1923
1898
1881
1864
1861
1888
1905
1940
1992
2027
2075
2113
2142
2147
2157
2177
2174
2151
2114
2103
2116
2134
2160
2210
2255
2277
2307
2327
2351
2364
2365
2331
2333
2325
2302
2281
2278
2244
2214
2171
2163
2151
2127
2100
2070
2033
2009
1991
1997
2011
2020
2038
2083
2125
2144
2146
2108
2069
2008
1962
1915
1878
1855
1838
1833
1856
1857
1881
1878
1898
1906
1928
1911
1905
1877
1874
1891
1915
1898
1857
1839
1825
1845
1871
1909
1932
1975
2019
2047
2075
2117
2143
2167
2168
2148
2113
2083
2038
2022
2002
2020
2024
2054
2052
2057
2033
2020
1974
1929
1886
1886
1921
1986
2030
2072
2099
2115
2152
2199
2248
2285
2305
2315
2337
2351
2284
2253
2240
2242
2235
2206
2188
2178
2170
2143
2099
2046
1970
1920
1876
1843
1821
1823
1865
1919
1988
2049
2098
2127
2117
2105
2073
2054
2031
2028
2034
2050
2070
2087
2100
2129
2141
2139
2132
2106
2075
2046
2021
2007
1990
1971
1956
1946
1948
1964
1984
2007
2030
2062
2079
2099
2111
2143
2162
2159
2154
2119
2061
1959
1852
1773
1723
1695
1682
1687
1678
1697
1743
1794
1845
1866
1916
1980
2047
2067
2083
2073
2062
2071
2079
2067
2066
2071
2075
2066
2062
2045
2020
1964
1910
1845
1813
1779
1741
1694
1660
1661
1709
1748
1779
1771
1785
1786
1779
1783
1802
1809
1820
1831
1857
1850
1859
1859
1872
1866
1851
1839
1824
1811
1789
1791
1803
1832
1855
1905
1947
1972
1968
1976
1975
1967
1939
1894
1836
1845
1840
1817
1783
1755
1708
1673
1646
1655
1651
1665
1672
1676
1660
1643
1613
1609
1617
1667
1718
1785
1873
1949
2042
2090
2127
2141
2163
2139
2117
2094
2049
2000
1960
1921
1878
1812
1767
1729
1714
1724
1759
1771
1792
1825
1871
1901
1939
1989
2025
2018
2009
1993
1985
1998
2018
2031
2039
2050
2054
2035
2005
1980
1942
1913
1898
1937
1964
1981
1964
1935
1897
1861
1814
1749
1707
1691
1697
1710
1741
1759
1786
1856
1921
1986
2026
2055
2053
2042
2020
1992
1953
1908
1871
1832
1792
1755
1734
1738
1762
1776
1819
1899
1991
2054
2099
2117
2118
2098
2076
2058
2033
2004
1967
1926
1893
1864
1837
1805
1723
1656
1600
1554
1517
1515
1541
1563
1615
1655
1675
1679
1699
1713
1725
1726
1754
1788
1827
1857
1907
1947
1982
2003
2025
1992
1972
1945
1963
1973
1984
1980
1959
1908
1869
1809
1764
1731
1727
1729
1759
1788
1822
1871
1910
1949
1963
1982
2013
2046
2054
2062
2068
2078
2105
2124
2129
2123
2079
2033
1964
1922
1875
1877
1866
1876
1858
1864
1863
1898
1944
2026
2065
2112
2123
2137
2132
2157
2181
2212
2230
2227
2196
2138
2068
2015
1971
1914
1836
1774
1720
1663
1653
1655
1661
1661
1677
1723
1787
1855
1941
2026
2114
2174
2237
2240
2243
2205
2177
2130
2110
2097
2123
2119
2133
2128
2102
2050
2004
1985
1954
1933
1923
1904
1862
1792
1698
1603
1512
1426
1358
1308
1273
1267
1304
1337
1374
1435
1497
1563
1605
1657
1725
1798
1891
1946
2013
2059
2094
2106
2078
2056
2035
2034
2035
2058
2073
2072
2065
2045
2031
2028
2025
2025
2008
1993
1984
1992
1990
1956
1958
1949
1931
1922
1916
1909
1875
1835
1801
1786
1796
1819
1825
1814
1755
1718
1719
1735
1788
1854
1907
1983
2065
2109
2118
2109
2073
2042
2012
2009
2000
1991
1972
1935
1930
1929
1933
1939
1946
1943
1943
1943
1965
1982
2024
2041
2040
2044
2054
2044
2028
2004
1999
1996
2024
2022
2033
2072
2101
2105
2099
2080
2062
2055
2077
2125
2167
2183
2189
2208
2231
2248
2276
2289
2306
2330
2340
2337
2325
2331
2304
2277
2241
2180
2093
2043
1994
1986
1986
2001
2009
2058
2111
2129
2111
2094
2078
2098
2121
2155
2162
2152
2104
2088
2081
2100
2139
2165
2178
2173
2173
2158
2155
2125
2096
2051
2039
2028
2063
2127
2219
2280
2328
2347
2364
2373
2364
2347
2334
2314
2319
2324
2340
2334
2306
2260
2222
2186
2188
2178
2159
2137
2147
2166
2194
2220
2239
2240
2220
2190
2153
2140
2139
2155
2183
2213
2225
2226
2242
2261
2254
2268
2255
2245
2204
2175
2139
2131
2128
2124
2122
2118
2109
2125
2169
2221
2291
2358
2406
2442
2469
2486
2521
2528
2543
2540
2529
2488
2442
2424
2413
2422
2425
2419
2443
2459
2467
2470
2468
2452
2433
2387
2348
2316
2277
2232
2173
2123
2061
2011
1980
1959
1959
1989
2074
2133
2186
2245
2294
2320
2315
2294
2270
2269
2274
2258
2255
2245
2266
2275
2273
2263
2262
2248
2269
2283
2315
2335
2366
2398
2409
2404
2403
2364
2346
2315
2290
2263
2224
2196
2203
2218
2250
2283
2296
2314
2315
2330
2329
2340
2352
2341
2322
2332
2332
2355
2355
2338
2306
2280
2227
2183
2123
2091
2078
2081
2046
2033
2015
2026
2027
2044
2042
2049
2042
2045
2005
2002
2008
2039
2072
2096
2105
2124
2157
2187
2200
2172
2142
2104
2077
2041
1978
1941
1923
1906
1923
1958
1994
2031
2111
2173
2220
2215
2205
2165
2112
2026
1923
1815
1732
1687
1663
1651
1661
1681
1788
1881
1955
2011
2057
2097
2127
2155
2195
2232
2259
2275
2282
2300
2308
2336
2349
2377
2398
2408
2406
2394
2329
2300
2238
2190
2139
2102
2088
2101
2095
2077
2065
2077
2100
2121
2135
2140
2145
2144
2151
2161
2198
2230
2246
2248
2238
2253
2276
2295
2296
2269
2229
2173
2134
2099
2065
2060
2053
2056
2051
2067
2081
2113
2167
2186
2201
2201
2187
2192
2175
2148
2126
2085
2053
2024
2015
2006
2009
2021
2062
2102
2163
2204
2223
2224
2245
2249
2221
2165
2112
2050
2024
1999
2005
2023
2060
2085
2099
2084
2076
2043
2021
1988
1972
1950
1943
1941
1951
1994
2027
2053
2062
2071
2040
2027
2023
2026
2048
2050
2080
2107
2118
2120
2091
2087
2055
2043
2000
1981
1980
2004
2007
2014
1989
1973
1957
1965
1966
1978
1982
2024
2046
2065
2088
2106
2116
2124
2136
2148
2164
2204
2237
2239
2254
2260
2256
2217
2154
2112
2085
2063
2057
2051
2066
2070
2069
2051
2061
2046
2043
2053
2072
2074
2093
2074
2057
2051
2062
2060
2094
2122
2151
2174
2148
2113
2063
2037
2045
2056
2052
2027
1983
1965
1940
1946
1942
1922
1908
1892
1906
1939
1935
1931
1912
1897
1882
1888
1904
1893
1857
1826
1827
1829
1836
1823
1801
1775
1739
1718
1699
1698
1693
1701
1717
1729
1733
1742
1772
1813
1866
1926
1997
2009
1976
1928
1880
1849
1823
1782
1749
1733
1747
1785
1837
1877
1865
1872
1884
1884
1883
1854
1786
1728
1694
1671
1669
1705
1780
1871
1919
1966
2002
2021
2025
2054
2065
2067
2058
2053
2041
1996
1909
1836
1794
1783
1798
1798
1796
1791
1791
1780
1775
1771
1779
1777
1745
1725
1757
1797
1859
1901
1962
1984
2005
2014
2024
1986
1948
1913
1892
1875
1845
1830
1821
1835
1857
1905
1923
1926
1925
1910
1901
1913
1919
1925
1913
1909
1901
1909
1926
1955
1962
1994
2057
2154
2201
2242
2250
2236
2204
2183
2134
2084
2028
2008
1984
1982
1997
2018
2016
2037
2049
2082
2130
2159
2167
2144
2098
2035
2001
1981
1993
1968
1989
2018
2091
2135
2184
2210
2239
2212
2198
2176
2177
2173
2195
2211
2260
2299
2342
2392
2443
2480
2501
2506
2490
2475
2432
2404
2371
2340
2321
2332
2329
2311
2302
2299
2287
2300
2311
2338
2374
2395
2388
2404
2411
2405
2366
2315
2262
2239
2201
2168
2157
2176
2199
2223
2224
2186
2152
2115
2063
2022
2004
2035
2072
2107
2160
2215
2272
2322
2353
2384
2395
2398
2399
2406
2439
2470
2510
2545
2561
2535
2471
2424
2364
2332
2302
2286
2273
2274
2290
2336
2372
2410
2448
2505
2545
2545
2496
2449
2430
2388
2357
2321
2297
2303
2321
2329
2363
2401
2444
2462
2499
2498
2497
2481
2462
2434
2428
2421
2412
2381
2360
2341
2347
2335
2333
2318
2311
2338
2358
2367
2388
2399
2434
2439
2449
2433
2414
2391
2352
2329
2304
2256
2194
2191
2175
2181
2179
2161
2163
2174
2188
2202
2185
2184
2180
2205
2193
2208
2247
2281
2295
2313
2310
2295
2266
2271
2288
2305
2345
2391
2408
2396
2360
2328
2272
2214
2177
2147
2143
2128
2135
2138
2175
2169
2156
2120
2086
2024
1997
1969
1985
2028
2078
2088
2081
2058
2061
2058
2066
2087
2111
2136
2145
2157
2171
2179
2205
2243
2267
2297
2315
2325
2327
2358
2387
2401
2415
2416
2396
2414
2424
2451
2468
2467
2466
2459
2446
2443
2430
2448
2446
2454
2431
2415
2411
2425
2456
2494
2509
2520
2532
2530
2527
2518
2483
2452
2471
2476
2502
2496
2502
2494
2472
2445
2409
2411
2424
2447
2468
2494
2520
2552
2576
2568
2561
2540
2528
2526
2519
2510
2498
2500
2500
2519
2524
2512
2486
2462
2402
2390
2380
2367
2363
2359
2344
2345
2343
2327
2318
2314
2308
2279
2240
2192
2151
2123
2100
2086
2072
2067
2064
2053
2075
2123
2191
2263
2300
2304
2304
2284
2266
2231
2224
2206
2194
2171
2155
2151
2187
2229
2279
2306
2330
2331
2314
2303
2262
2224
2188
2181
2156
2154
2156
2156
2126
2120
2124
2119
2108
2123
2134
2142
2137
2142
2158
2172
2173
2183
2162
2155
2140
2138
2170
2204
2230
2228
2261
2249
2240
2230
2220
2198
2191
2169
2183
2190
2207
2223
2231
2251
2276
2300
2325
2339
2327
2299
2271
2251
2239
2235
2220
2201
2161
2146
2133
2134
2116
2119
2144
2183
2221
2259
2298
2350
2374
2402
2412
2415
2402
47.05078125
1.646777272
999
