5835
2119
2070
2042
2072
2058
2080
2020
2037
2030
2090
2049
2097
2040
2109
2056
2089
2012
2060
2030
2107
2041
2087
2044
2104
2070
2103
2074
2085
2087
2097
2066
2046
2062
2071
2075
2028
2035
2013
2057
2024
2036
1984
2040
1984
2022
1945
1979
1952
2012
1949
2004
1957
2035
1998
2039
1975
2031
1998
2028
1994
2023
2022
2087
2063
2075
2071
2080
2117
2109
2110
2108
2158
2149
2143
2101
2134
2106
2155
2083
2115
2078
2141
2096
2140
2075
2148
2126
2167
2104
2149
2108
2137
2085
2091
2057
2093
2056
2061
2054
2059
2103
2108
2106
2108
2150
2147
2180
2123
2160
2101
2144
2075
2115
2043
2088
2060
2096
2041
2091
2078
2135
2083
2124
2082
2103
2081
2096
2053
2068
2054
2061
2073
2069
2091
2106
2125
2116
2129
2112
2174
2136
2174
2123
2165
2150
2187
2149
2162
2112
2164
2105
2124
2068
2124
2089
2102
2073
2114
2124
2153
2123
2129
2106
2123
2140
2128
2128
2145
2159
2146
2148
2110
2152
2114
2127
2068
2103
2090
2141
2081
2078
2032
2080
2040
2052
2017
2018
2014
2045
2031
2014
2029
2057
2079
2055
2089
2042
2069
2051
2063
2017
2045
2003
2026
1991
1995
1980
2006
2011
2011
2018
2012
2026
2024
2027
2016
2023
2006
2029
1985
1995
1938
1981
1951
1970
1904
1925
1901
1927
1921
1923
1914
1943
1951
1948
1950
1932
1960
1956
1951
1913
1923
1898
1946
1896
1921
1879
1933
1890
1899
1854
1877
1864
1908
1871
1897
1880
1937
1930
1902
1898
1875
1924
1904
1908
1870
1898
1884
1927
1867
1888
1853
1915
1855
1917
1883
1915
1903
1943
1890
1903
1878
1883
1877
1845
1844
1847
1876
1859
1862
1832
1875
1837
1856
1790
1815
1785
1831
1775
1821
1761
1841
1807
1867
1830
1893
1870
1896
1841
1874
1839
1874
1827
1841
1827
1799
1836
1808
1833
1803
1835
1815
1841
1762
1787
1704
1757
1685
1704
1631
1666
1671
1698
1683
1698
1711
1758
1760
1767
1806
1764
1813
1787
1833
1757
1804
1756
1812
1757
1790
1730
1780
1752
1767
1740
1748
1753
1788
1755
1754
1739
1739
1738
1673
1671
1583
1612
1535
1547
1476
1527
1505
1582
1537
1604
1583
1665
1627
1666
1622
1632
1628
1645
1603
1591
1583
1572
1585
1565
1578
1572
1593
1567
1581
1575
1636
1630
1674
1643
1695
1689
1778
1772
1809
1815
1856
1879
1885
1861
1879
1895
1881
1867
1844
1843
1851
1850
1799
1800
1728
1747
1718
1729
1680
1701
1678
1703
1699
1716
1721
1762
1781
1802
1816
1812
1844
1834
1838
1797
1811
1791
1809
1785
1803
1771
1810
1821
1851
1821
1823
1839
1855
1888
1876
1892
1889
1915
1882
1913
1867
1913
1901
1933
1877
1914
1902
1942
1886
1895
1854
1907
1890
1915
1870
1890
1935
1931
1927
1885
1901
1895
1891
1832
1840
1803
1854
1799
1831
1792
1867
1857
1917
1887
1910
1884
1947
1925
1927
1935
1903
1954
1938
1947
1895
1911
1881
1933
1871
1904
1838
1900
1837
1850
1791
1829
1790
1813
1751
1772
1739
1774
1749
1760
1767
1764
1814
1804
1827
1811
1853
1824
1891
1829
1870
1821
1880
1819
1863
1815
1861
1836
1886
1856
1900
1898
1938
1931
1935
1916
1919
1939
1926
1921
1907
1899
1850
1865
1802
1811
1750
1757
1696
1733
1675
1724
1704
1749
1708
1743
1734
1746
1719
1695
1689
1710
1703
1687
1679
1645
1709
1672
1705
1667
1722
1709
1733
1691
1713
1693
1750
1753
1781
1776
1827
1855
1868
1879
1862
1904
1910
1941
1894
1932
1874
1923
1912
1941
1918
1955
1951
1957
1967
1934
1946
1951
2002
1986
2005
1999
2040
2051
2082
2055
2085
2083
2122
2085
2060
2040
2004
1993
1954
1932
1910
1928
1898
1943
1882
1919
1882
1933
1911
1960
1941
1945
1955
1977
1955
1954
1963
1983
2033
2016
2047
2030
2076
2061
2079
2014
2051
2026
2073
2013
2048
2026
2099
2063
2085
2071
2071
2073
2078
2071
2043
2061
2044
2082
2039
2078
2060
2128
2074
2114
2061
2119
2096
2156
2093
2124
2087
2139
2128
2142
2121
2147
2154
2159
2152
2134
2167
2150
2177
2117
2150
2108
2182
2123
2160
2089
2142
2116
2159
2110
2167
2169
2198
2193
2191
2186
2212
2209
2181
2181
2114
2149
2114
2147
2080
2117
2091
2125
2100
2120
2098
2147
2151
2173
2151
2167
2179
2177
2214
2182
2203
2193
2241
2210
2225
2186
2217
2203
2225
2193
2199
2168
2162
2161
2136
2127
2097
2100
2071
2062
2003
2004
1977
2014
1982
2012
2002
2026
2026
2051
2043
2042
2065
2067
2059
2023
2033
1984
2026
1992
2030
1981
2019
2010
2034
1990
1993
1975
2002
1973
1961
1979
1966
2022
2016
2047
2006
2041
2014
2043
1999
2003
1963
2023
1985
2014
1977
2009
2053
2047
2045
2031
2051
2044
2057
2007
2053
2008
2079
2051
2087
2021
2059
1984
1986
1945
1920
1881
1899
1877
1869
1891
1844
1915
1932
1997
1961
2009
1982
2068
2034
2058
1995
2040
2004
2029
1965
1982
1988
1989
2006
1981
1975
1958
1975
1945
1998
1934
1998
1984
2043
1991
2033
2027
2078
2071
2089
2069
2082
2098
2104
2107
2048
2068
2039
2101
2060
2090
2062
2116
2091
2121
2060
2093
2065
2102
2063
2071
2071
2044
2080
2063
2091
2057
2091
2086
2140
2095
2124
2090
2145
2117
2139
2101
2096
2107
2099
2073
2055
2076
2081
2101
2066
2087
2041
2082
2059
2068
2019
2018
2005
2015
2007
2001
1997
2014
2016
2008
2051
2037
2094
2079
2100
2051
2104
2084
2120
2093
2106
2086
2111
2126
2118
2119
2087
2122
2116
2134
2078
2087
2045
2061
2031
2021
1973
2013
1996
2006
1967
1998
2008
2012
2031
1988
2004
1988
2029
1985
2028
1980
2040
2037
2096
2051
2095
2072
2094
2084
2085
2059
2056
2050
2040
2019
1949
1971
1902
1941
1865
1888
1827
1872
1837
1894
1847
1874
1854
1903
1851
1848
1872
1865
1921
1904
1942
1902
1974
1947
2014
1952
1997
1942
2015
1989
2016
1995
1987
2014
2023
2023
1996
2012
2019
2072
2045
2061
2000
2037
1993
2000
1941
1947
1943
1966
1960
1978
1983
2008
2018
1995
1997
1947
1975
1941
1958
1904
1931
1921
1969
1951
1963
1951
1987
2004
2017
2023
2003
2026
2011
2036
2003
2020
1984
2009
1974
1988
1974
2014
2040
2052
2002
1977
1963
1938
1949
1899
1892
1853
1885
1862
1898
1870
1910
1908
1956
1919
1942
1931
1937
1945
1918
1918
1892
1911
1890
1911
1860
1903
1873
1951
1914
1973
1928
1970
1968
1992
1966
1969
1961
1966
1927
1876
1890
1836
1868
1827
1861
1802
1880
1871
1949
1922
1979
1964
2054
2025
2043
2040
2014
2054
2045
2058
2013
2042
2022
2091
2029
2065
2012
2105
2077
2122
2050
2075
2064
2074
2044
2038
2026
2054
2069
2022
2054
1996
2070
2042
2085
2030
2082
2057
2130
2093
2107
2060
2097
2070
2083
2072
2051
2066
2064
2093
2068
2072
2051
2087
2041
2072
2010
2058
2032
2066
2028
2065
2053
2085
2099
2087
2078
2057
2065
2028
2056
2013
2024
1996
2033
1974
1973
1951
1974
1989
2001
1991
1998
2036
2055
2074
2033
2042
2008
2057
2024
2055
2019
2035
2023
2032
2011
2024
2023
2063
2057
2045
2070
2057
2119
2096
2117
2074
2102
2065
2095
2027
2028
2000
2036
1985
1995
2001
1993
2041
2035
2067
2038
2069
2054
2078
2006
2037
1984
2056
2024
2061
2020
2045
2062
2089
2082
2078
2078
2073
2065
2033
2063
2006
2075
2046
2094
2053
2120
2084
2142
2120
2152
2106
2142
2121
2104
2075
2020
2012
1953
1952
1892
1899
1866
1904
1848
1905
1862
1938
1916
1979
1940
1993
1984
2009
2016
2009
1989
1989
2004
1984
2029
1973
2002
1974
2019
1968
1986
1946
1971
1963
1984
1951
1973
1984
1993
1981
1943
1952
1939
1955
1905
1927
1891
1935
1927
1955
1929
1944
1944
1978
1952
1970
1974
1981
2023
2008
2017
2000
2042
2028
2064
2019
2035
2020
2065
2024
2040
2026
2007
2014
1980
1960
2036
2016
2104
2131
2163
2134
2153
2159
2183
2163
2161
2151
2131
2172
2141
2151
2131
2168
2112
2136
2092
2123
2104
2143
2094
2111
2094
2104
2113
2102
2106
2086
2125
2112
2119
2082
2125
2098
2166
2112
2142
2079
2138
2101
2132
2122
2132
2143
2187
2182
2188
2221
2196
2263
2222
2251
2187
2271
2245
2305
2247
2277
2229
2303
2260
2272
2231
2244
2272
2262
2268
2225
2223
2223
2243
2204
2242
2172
2229
2197
2250
2191
2257
2242
2297
2296
2310
2285
2308
2318
2316
2319
2255
2304
2263
2295
2238
2279
2249
2294
2266
2295
2258
2296
2285
2288
2251
2253
2270
2271
2300
2262
2282
2262
2298
2262
2293
2245
2260
2234
2262
2215
2223
2200
2228
2258
2240
2240
2246
2289
2284
2298
2256
2273
2257
2296
2256
2272
2245
2284
2300
2300
2289
2262
2289
2301
2297
2277
2299
2251
2309
2245
2274
2228
2288
2261
2296
2248
2248
2259
2302
2309
2286
2287
2224
2262
2212
2244
2168
2208
2196
2237
2206
2230
2190
2222
2194
2202
2159
2146
2173
2179
2203
2145
2173
2152
2190
2153
2206
2161
2220
2197
2219
2152
2189
2165
2192
2194
2181
2190
2193
2213
2189
2205
2138
2195
2177
2247
2184
2236
2184
2228
2198
2208
2165
2194
2174
2193
2151
2154
2184
2179
2218
2185
2213
2185
2248
2215
2263
2217
2255
2226
2295
2234
2277
2232
2245
2254
2248
2228
2212
2227
2226
2271
2219
2244
2216
2284
2252
2275
2222
2265
2254
2271
2235
2238
2205
2225
2205
2194
2199
2147
2184
2156
2169
2112
2156
2138
2212
2177
2195
2156
2209
2181
2187
2171
2147
2163
2148
2128
2097
2106
2111
2139
2105
2113
2066
2112
2098
2098
2068
2096
2102
2122
2112
2103
2117
2135
2153
2129
2160
2144
2185
2159
2178
2123
2136
2097
2124
2099
2081
2046
2057
2053
2023
2033
2003
2033
2031
2074
2053
2094
2058
2098
2072
2082
2044
2069
2030
2037
2008
2005
2006
2004
2038
2022
2042
2031
2090
2058
2112
2041
2076
2043
2099
2053
2099
2058
2087
2076
2078
2061
2060
2087
2112
2136
2089
2117
2088
2150
2102
2155
2086
2123
2091
2142
2078
2088
2030
2071
2012
2018
2026
2009
2047
2035
2042
2015
2052
2009
2086
2029
2070
2043
2124
2067
2111
2070
2082
2076
2077
2048
2059
2060
2085
2092
2065
2091
2059
2136
2109
2126
2073
2123
2084
2127
2077
2103
2057
2120
2115
2131
2122
2098
2118
2144
2147
2124
2128
2091
2115
2075
2092
2055
2101
2083
2124
2106
2121
2108
2114
2076
2079
2058
2072
2068
2062
2072
2023
2078
2063
2101
2068
2109
2094
2139
2141
2170
2134
2177
2182
2176
2188
2173
2186
2190
2216
2186
2206
2172
2215
2181
2210
2173
2202
2182
2197
2169
2138
2114
2114
2111
2087
2083
2054
2095
2079
2106
2073
2133
2117
2157
2087
2135
2082
2126
2091
2113
2066
2119
2107
2123
2130
2117
2154
2171
2202
2167
2162
2118
2176
2134
2176
2121
2176
2145
2190
2149
2157
2120
2158
2150
2143
2102
2114
2124
2111
2135
2095
2144
2122
2182
2148
2206
2151
2198
2148
2175
2118
2163
2116
2127
2124
2103
2106
2117
2142
2116
2134
2091
2154
2120
2192
2139
2188
2151
2211
2184
2201
2167
2208
2188
2198
2166
2160
2159
2136
2170
2128
2126
2085
2135
2090
2131
2070
2101
2081
2146
2097
2134
2113
2138
2159
2162
2169
2148
2172
2179
2166
2114
2129
2073
2116
2040
2050
1995
2054
2020
2051
2006
2010
2008
2048
2032
2012
2023
2010
2072
2041
2090
2070
2113
2102
2164
2124
2142
2105
2135
2095
2116
2079
2075
2083
2072
2068
2051
2061
2063
2071
2068
2112
2080
2132
2107
2127
2093
2130
2104
2113
2099
2084
2080
2090
2102
2099
2108
2075
2104
2094
2128
2084
2122
2103
2150
2121
2137
2118
2155
2139
2160
2142
2132
2154
2150
2171
2126
2130
2104
2143
2094
2113
2046
2087
2074
2111
2066
2107
2082
2085
2112
2087
2104
2095
2148
2132
2162
2104
2155
2105
2170
2122
2167
2102
2147
2142
2167
2133
2127
2127
2158
2136
2124
2157
2126
2196
2174
2203
2141
2217
2192
2245
2192
2225
2192
2260
2216
2252
2214
2192
2203
2199
2192
2152
2172
2176
2207
2153
2204
2140
2209
2184
2254
2218
2269
2246
2294
2246
2277
2244
2272
2254
2252
2270
2235
2261
2244
2277
2243
2283
2263
2329
2280
2322
2261
2324
2290
2330
2302
2300
2305
2329
2321
2300
2287
2300
2318
2278
2307
2250
2293
2259
2295
2235
2268
2227
2276
2266
2292
2270
2293
2299
2296
2316
2284
2277
2278
2296
2249
2264
2244
2286
2267
2293
2259
2297
2278
2342
2341
2337
2313
2331
2332
2307
2286
2271
2265
2260
2294
2240
2254
2243
2283
2255
2298
2274
2300
2299
2322
2298
2304
2319
2301
2311
2274
2303
2292
2326
2298
2293
2259
2274
2245
2245
2191
2208
2177
2215
2207
2198
2192
2178
2203
2193
2204
2202
2224
2206
2261
2220
2259
2216
2275
2247
2292
2271
2277
2271
2289
2284
2289
2276
2261
2298
2260
2275
2242
2279
2258
2284
2256
2277
2239
2283
2250
2285
2242
2287
2278
2281
2276
2247
2261
2263
2270
2237
2283
2223
2292
2249
2284
2231
2285
2238
2284
2246
2263
2236
2292
2293
2300
2262
2253
2305
2278
2300
2242
2280
2258
2293
2262
2283
2208
2280
2231
2268
2201
2280
2247
2268
2257
2252
2241
2254
2251
2229
2230
2159
2210
2176
2209
2137
2184
2157
2224
2188
2223
2182
2246
2216
2239
2189
2206
2225
2245
2254
2232
2240
2243
2266
2244
2280
2231
2274
2244
2289
2246
2270
2227
2263
2238
2244
2218
2241
2239
2242
2249
2223
2252
2243
2292
2255
2277
2228
2255
2217
2209
2132
2132
2110
2141
2078
2073
2052
2047
2081
2083
2077
2056
2091
2059
2100
2071
2108
2117
2180
2157
2177
2147
2154
2154
2151
2125
2109
2122
2134
2126
2119
2136
2122
2173
2132
2141
2087
2130
2123
2157
2109
2116
2102
2128
2097
2088
2078
2069
2101
2100
2109
2084
2112
2100
2155
2116
2141
2114
2182
2152
2164
2143
2139
2132
2138
2102
2077
2067
2078
2084
2057
2069
2030
2082
2060
2090
2045
2093
2068
2110
2068
2085
2050
2088
2073
2078
2081
2055
2062
2040
2062
2035
2054
1998
2057
2012
2053
2002
2055
2031
2068
2047
2064
2050
2089
2083
2084
2076
2091
2096
2078
2115
2086
2107
2086
2131
2083
2127
2074
2117
2079
2099
2024
2046
2007
1999
1994
1966
1949
1953
1983
1954
1950
1907
1979
1963
2024
1968
2021
2003
2078
2046
2070
2025
2075
2080
2095
2057
2073
2072
2065
2092
2066
2102
2083
2144
2105
2157
2103
2162
2134
2192
2131
2178
2128
2146
2136
2127
2101
2112
2128
2133
2111
2076
2112
2097
2155
2083
2127
2084
2141
2097
2133
2074
2101
2071
2128
2085
2116
2103
2110
2134
2130
2147
2136
2166
2159
2179
2127
2166
2129
2167
2100
2111
2043
2074
2068
2089
2067
2077
2049
2053
2017
2017
2010
1971
2010
2001
2029
2002
2051
2047
2105
2073
2080
2063
2108
2116
2122
2107
2092
2097
2105
2123
2099
2099
2098
2119
2083
2091
2036
2070
2057
2059
2004
2010
2006
2030
2031
2013
2014
2044
2069
2049
2068
2016
2054
2040
2066
2004
2021
1963
1974
1930
1925
1890
1891
1859
1845
1837
1799
1789
1773
1797
1757
1766
1755
1793
1791
1819
1793
1829
1822
1864
1830
1866
1861
1879
1916
1923
1941
1960
2008
1995
2015
1954
1977
1926
1982
1921
1952
1933
1976
1968
2016
1974
1992
1987
2014
1985
1950
1947
1905
1925
1890
1894
1855
1891
1863
1935
1893
1932
1892
1954
1899
1936
1899
1909
1904
1913
1873
1851
1832
1806
1856
1802
1838
1790
1859
1821
1858
1829
1857
1832
1883
1820
1839
1803
1877
1870
1870
1870
1850
1892
1894
1899
1861
1872
1817
1881
1811
1850
1788
1855
1805
1864
1810
1832
1813
1850
1824
1836
1820
1812
1872
1851
1857
1835
1878
1867
1908
1886
1939
1903
1981
1947
2001
1948
2015
1989
1998
1963
1959
1953
1978
1962
1956
1970
1923
1982
1955
2006
1962
2010
1982
2050
1995
2029
1983
2039
2008
2038
1990
2017
2027
2034
2048
2045
2050
2047
2072
2034
2071
2019
2081
2066
2111
2069
2128
2107
2141
2103
2120
2093
2125
2115
2117
2105
2074
2098
2082
2107
2065
2090
2069
2108
2092
2122
2092
2134
2120
2147
2114
2124
2104
2106
2097
2070
2057
2061
2092
2090
2119
2098
2137
2149
2202
2170
2178
2131
2148
2140
2132
2102
2112
2132
2120
2115
2074
2088
2063
2086
2031
2044
2009
2016
1996
2017
1988
2023
2025
2064
2139
2142
2121
2171
2147
2162
2108
2124
2100
2130
2100
2106
2065
2105
2099
2123
2089
2105
2115
2122
2154
2125
2143
2130
2149
2088
2112
2027
2059
2019
2066
2015
2061
2047
2106
2102
2121
2118
2144
2152
2162
2159
2126
2145
2122
2179
2133
2157
2119
2171
2144
2187
2137
2179
2138
2183
2117
2121
2094
2103
2116
2118
2126
2119
2147
2125
2187
2116
2149
2105
2182
2122
2175
2138
2183
2158
2217
2167
2206
2182
2231
2224
2203
2202
2189
2216
2202
2201
2154
2183
2132
2200
2133
2173
2122
2184
2121
2168
2142
2144
2126
2156
2129
2136
2122
2113
2143
2108
2127
2079
2121
2093
2125
2097
2130
2067
2111
2040
2056
1987
2030
2010
2032
2026
2022
2047
2063
2055
2042
2054
2010
2090
2067
2112
2061
2135
2118
2158
2119
2137
2107
2163
2147
2170
2127
2125
2162
2150
2145
2098
2121
2123
2140
2097
2125
2070
2130
2117
2145
2091
2137
2102
2107
2091
2064
2046
2057
2066
2043
2052
2003
2048
2034
2078
2044
2073
2064
2099
2075
2078
2042
2078
2066
2075
2056
2053
2042
2035
2040
1998
1998
1983
2012
1994
2013
1975
2007
1999
2030
2001
2032
2026
2041
2068
2056
2062
2065
2081
2056
2068
2027
2067
2037
2080
2036
2064
2034
2080
2071
2082
2054
2068
2063
2069
2041
2010
2019
2002
2049
2041
2076
2060
2121
2104
2157
2117
2151
2119
2171
2138
2154
2131
2097
2115
2110
2100
2067
2079
2046
2057
1989
2017
1940
1998
1960
2003
1941
2003
1998
2060
2053
2075
2070
2124
2121
2107
2139
2085
2124
2096
2133
2073
2107
2045
2120
2074
2118
2051
2107
2088
2111
2075
2088
2089
2090
2078
2048
2057
2076
2087
2045
2084
2024
2084
2051
2103
2050
2137
2094
2161
2120
2152
2096
2129
2104
2122
2112
2091
2097
2094
2102
2066
2054
1992
2014
1948
1980
1909
1949
1907
1952
1931
1952
1916
1959
1949
1984
1960
1971
1979
1980
2018
1988
1997
1986
2041
2003
2063
2031
2086
2067
2120
2077
2127
2097
2110
2114
2126
2109
2124
2154
2157
2148
2142
2182
2175
2220
2181
2199
2173
2238
2221
2247
2199
2252
2238
2271
2225
2242
2218
2238
2239
2213
2199
2186
2191
2162
2152
2083
2114
2117
2173
2110
2127
2103
2140
2149
2152
2134
2162
2185
2213
2203
2206
2215
2218
2253
2219
2234
2203
2242
2224
2238
2189
2200
2180
2217
2182
2208
2189
2188
2187
2165
2167
2147
2165
2140
2140
2078
2081
2058
2106
2057
2071
2027
2056
2067
2072
2052
2058
2082
2109
2105
2093
2117
2089
2134
2115
2138
2100
2160
2161
2215
2175
2210
2180
2233
2197
2198
2185
2165
2179
2175
2189
2148
2172
2174
2197
2145
2192
2134
2200
2162
2193
2132
2171
2155
2208
2176
2175
2147
2170
2163
2122
2132
2066
2110
2102
2124
2075
2108
2088
2171
2127
2182
2132
2201
2174
2212
2183
2169
2177
2195
2196
2173
2174
2171
2206
2186
2220
2167
2214
2163
2199
2117
2182
2132
2196
2167
2195
2140
2172
2146
2145
2143
2107
2115
2097
2104
2070
2076
2033
2090
2055
2099
2033
2076
2050
2104
2095
2122
2092
2133
2134
2152
2144
2147
2144
2118
2152
2111
2147
2111
2162
2112
2158
2094
2135
2107
2152
2098
2137
2105
2095
2096
2076
2062
2048
2053
2036
2020
2001
2042
2033
2094
2065
2107
2085
2150
2116
2120
2068
2077
2094
2120
2088
2086
2094
2081
2113
2101
2104
2083
2124
2093
2134
2074
2092
2073
2110
2044
2049
2017
2046
2067
2051
2048
2040
2054
2054
2057
2033
2068
2043
2079
2042
2058
2022
2072
2046
2059
2042
2060
2069
2105
2088
2098
2117
2109
2155
2137
2143
2121
2150
2136
2175
2127
2127
2080
2096
2063
2080
2036
2036
2063
2066
2085
2062
2077
2069
2073
2007
2037
1987
2027
1992
2031
1995
2044
2033
2061
2058
2071
2055
2079
2094
2088
2098
2048
2063
2052
2078
2011
2027
2006
2048
2009
2037
1994
2020
1984
1996
1932
1922
1916
1920
1937
1887
1861
1846
1876
1845
1903
1856
1925
1891
1962
1901
1955
1930
1993
1968
1997
1961
2014
2008
2044
2074
2050
2060
2031
2041
1977
1994
1993
2042
2005
2035
1969
2012
1960
2014
1944
1972
1934
1950
1947
1954
1949
1960
1982
1968
2022
1977
2024
1994
2058
2008
2059
2016
2075
2049
2084
2028
2064
2031
2090
2079
2070
2069
2052
2076
2065
2054
2030
2059
2034
2095
2047
2085
2035
2097
2064
2095
2078
2074
2079
2110
2112
2117
2117
2097
2159
2135
2169
2117
2157
2133
2157
2131
2146
2098
2135
2116
2126
2081
2108
2083
2084
2087
2055
2069
2086
2116
2097
2147
2118
2164
2135
2146
2102
2132
2115
2143
2137
2123
2114
2127
2140
2094
2075
2042
2086
2075
2097
2052
2069
2045
2071
2057
2061
2061
2087
2089
2090
2081
2091
2107
2102
2131
2101
2124
2119
2145
2099
2126
2102
2138
2110
2123
2088
2104
2089
2102
2109
2088
2089
2066
2078
2052
2054
1997
2031
2005
2060
2018
2068
2051
2121
2100
2118
2093
2094
2095
2122
2101
2103
2106
2079
2122
2090
2108
2072
2137
2119
2166
2131
2173
2140
2206
2153
2175
2130
2151
2181
2181
2185
2188
2228
2242
2250
2218
2260
2200
2275
2226
2274
2205
2289
2232
2262
2201
2206
2185
2235
2194
2211
2209
2179
2241
2212
2227
2183
2223
2196
2247
2191
2245
2203
2264
2200
2238
2166
2196
2196
2222
2193
2194
2182
2205
2217
2178
2233
2187
2256
2219
2257
2191
2222
2158
2196
2134
2153
2091
2142
2101
2119
2106
2089
2103
2095
2108
2076
2075
2067
2086
2038
2068
2007
2051
2020
2040
1981
2007
1976
2010
2000
2013
2001
2026
2058
2069
2102
2069
2118
2111
2154
2103
2118
2099
2146
2110
2123
2071
2086
2067
2081
2053
2034
2025
2031
2051
2028
2022
2014
2030
2014
2039
1984
2001
2005
2063
2012
2044
2032
2055
2083
2092
2078
2062
2070
2041
2069
2029
2040
2020
2078
2029
2044
2005
2036
2035
2068
2028
2029
2029
2062
2052
2018
2025
2005
2035
2003
2024
2003
2032
2017
2055
2007
2040
2011
2062
2015
2043
2037
2034
2041
2035
2017
1980
1977
1920
1958
1882
1906
1843
1902
1853
1903
1868
1898
1872
1927
1905
1952
1939
1997
1995
1993
2009
1973
1998
1984
2004
1954
1991
1919
1987
1953
2004
1935
1994
1960
1981
1965
1959
1936
1942
1927
1894
1870
1839
1889
1853
1897
1838
1898
1871
1924
1901
1935
1886
1951
1913
1937
1865
1890
1862
1857
1856
1811
1839
1849
1882
1847
1908
1845
1917
1908
1958
1895
1946
1927
1990
1991
2017
2004
2046
2046
2038
2012
1984
2010
1990
2026
1972
1996
1960
2002
1955
1987
1956
2002
1988
2034
2005
2045
2055
2076
2092
2066
2077
2063
2091
2077
2101
2053
2086
2065
2106
2038
2067
2036
2046
2031
2041
2012
2016
2034
2036
2008
1975
1993
1962
1997
1983
2008
1976
2029
2015
2066
2030
2042
2033
2083
2058
2059
2048
2022
2059
2045
2045
2018
2051
2044
2090
2065
2087
2053
2124
2118
2142
2100
2115
2132
2146
2132
2108
2105
2100
2105
2066
2086
2024
2070
2047
2089
2050
2098
2087
2126
2106
2089
2066
2090
2083
2077
2108
2063
2091
2075
2099
2071
2097
2073
2119
2092
2115
2055
2085
2063
2078
2037
2069
2073
2075
2070
2050
2064
2056
2096
2043
2085
2017
2066
2023
2078
2019
2064
2030
2078
2060
2076
2061
2091
2099
2109
2108
2076
2114
2095
2167
2118
2162
2105
2160
2108
2139
2079
2088
2039
2071
2016
1997
1987
1960
1998
2003
2022
1988
2022
1987
2061
2007
2047
1975
2050
2004
2033
2005
2017
2029
2073
2058
2080
2097
2152
2167
2121
2127
2070
2118
2078
2109
2046
2084
2045
2093
2038
2045
1980
2019
2004
2031
2018
1999
2014
2034
2053
2030
2040
1991
2026
2005
2030
1983
2036
2024
2038
2034
2047
2032
2051
2057
2065
2056
2059
2059
2034
2060
2015
2024
2000
2031
1986
1997
1955
1975
1977
1998
1972
1981
1994
1991
2004
1978
1981
1967
1991
1955
1964
1923
1933
1897
1918
1877
1894
1867
1895
1881
1856
1822
1798
1825
1795
1813
1779
1800
1790
1856
1824
1866
1841
1917
1882
1934
1906
1902
1898
1896
1849
1817
1817
1800
1855
1820
1863
1837
1911
1892
1915
1895
1927
1901
1954
1920
1967
1933
2003
1999
1983
1982
1970
2013
1988
1987
1943
1962
1912
1979
1935
1983
1937
2016
1986
2046
2009
2037
2040
2085
2076
2087
2077
2070
2128
2099
2114
2065
2107
2089
2126
2073
2117
2052
2107
2062
2112
2069
2123
2102
2125
2135
2124
2127
2131
2151
2123
2139
2136
2116
2108
2115
2132
2108
2083
2037
2066
2021
2064
2003
2041
1997
2067
2040
2074
2037
2070
2074
2117
2102
2115
2108
2118
2154
2144
2170
2139
2193
2174
2208
2155
2180
2164
2224
2187
2219
2167
2186
2199
2203
2185
2187
2208
2222
2226
2199
2223
2201
2254
2215
2232
2194
2254
2220
2242
2206
2227
2236
2281
2262
2252
2252
2235
2270
2270
2278
2247
2277
2250
2286
2255
2269
2241
2275
2241
2250
2217
2226
2235
2240
2224
2197
2208
2211
2228
2197
2232
2185
2244
2236
2283
2244
2275
2255
2290
2295
2289
2263
2273
2282
2270
2277
2229
2262
2254
2291
2237
2252
2226
2280
2255
2278
2222
2244
2218
2234
2172
2178
2164
2162
2189
2155
2174
2167
2214
2195
2246
2191
2254
2228
2282
2222
2268
2229
2276
2281
2281
2243
2243
2232
2248
2250
2193
2207
2178
2229
2181
2214
2158
2212
2180
2236
2176
2216
2178
2230
2179
2212
2222
2226
2261
2248
2252
2235
2253
2213
2254
2189
2225
2151
2206
2136
2179
2133
2160
2144
2172
2142
2172
2148
2160
2161
2141
2160
2123
2152
2120
2144
2097
2155
2120
2183
2135
2173
2131
2203
2168
2183
2170
2166
2175
2199
2207
2189
2176
2124
2170
2111
2131
2066
2121
2101
2123
2085
2107
2077
2126
2126
2139
2127
2168
2166
2163
2157
2121
2156
2143
2167
2115
2149
2102
2151
2134
2162
2124
2162
2140
2156
2159
2134
2119
2122
2131
2090
2100
2096
2147
2136
2149
2102
2127
2122
2153
2134
2135
2110
2116
2127
2125
2109
2114
2128
2131
2157
2124
2145
2116
2159
2110
2129
2091
2101
2084
2098
2074
2085
2089
2099
2121
2086
2096
2058
2068
2040
2057
2021
2052
2005
2057
2030
2061
2026
2078
2050
2040
2022
1995
2017
2031
2040
2010
2034
1999
2082
2038
2083
2019
2097
2066
2124
2078
2088
2046
2078
2053
2063
2031
2022
2069
2038
2071
2013
2055
2016
2051
2005
2026
1951
2015
1977
2006
1939
2000
2008
2026
2022
2007
2017
2033
2061
2035
2053
1998
2068
2035
2076
2018
2073
2037
2090
2067
2086
2063
2091
2079
2087
2059
2049
2076
2055
2101
2066
2085
2065
2093
2033
2043
1969
1988
1942
1975
1904
1943
1930
1960
1967
1983
1978
1997
2016
2028
2044
2019
2059
2060
2110
2078
2109
2084
2124
2106
2122
2080
2092
2083
2107
2070
2062
2061
2053
2069
2027
2022
1990
2013
1975
2001
1947
1950
1914
1955
1918
1938
1923
1941
1970
1978
1983
1966
1986
1978
1992
1948
1953
1929
1984
1943
1949
1918
1952
1939
1970
1957
1958
1958
1999
1981
1972
1978
1983
2019
1987
1982
1947
1989
1985
2021
1975
1997
1970
2000
1967
1982
1955
1946
1950
1941
1913
1902
1914
1915
1922
1884
1914
1881
1941
1899
1930
1875
1912
1896
1926
1897
1918
1894
1912
1899
1914
1931
1880
1905
1891
1917
1883
1913
1879
1934
1887
1924
1864
1904
1869
1892
1861
1867
1885
1916
1955
1963
1954
1961
2004
1962
2000
1928
1965
1907
1942
1856
1891
1845
1921
1912
1958
1923
1975
1962
1954
1967
1936
1940
1928
1950
1903
1907
1864
1934
1893
1943
1879
1930
1906
1974
1961
1973
1940
1974
1974
1973
1964
1980
2004
1990
2033
1978
2025
1991
2046
1972
2012
1950
2009
1979
2022
1990
2031
2015
2044
2050
2038
2036
2056
2056
2027
2023
1996
2035
2011
2064
2017
2061
2039
2090
2040
2060
2028
2051
2052
2077
2058
2066
2087
2087
2123
2104
2122
2098
2130
2103
2156
2131
2163
2148
2186
2144
2155
2134
2152
2175
2159
2138
2119
2146
2143
2156
2119
2136
2102
2155
2129
2163
2132
2193
2172
2195
2175
2173
2182
2199
2192
2165
2159
2113
2153
2125
2146
2088
2127
2087
2126
2075
2079
2065
2109
2096
2120
2094
2089
2138
2129
2131
2094
2128
2121
2147
2111
2136
2087
2140
2081
2093
2047
2091
2068
2088
2073
2056
2051
2069
2086
2074
2118
2073
2135
2120
2167
2124
2171
2147
2192
2137
2158
2095
2123
2073
2068
2025
2023
2036
2033
2052
2014
2022
2011
2055
2023
2073
2017
2082
2037
2084
2017
2053
2010
2052
2031
2034
2008
2018
2019
2012
2020
1961
1990
1980
2040
1987
2020
1977
2050
2010
2045
1972
2006
1979
2025
1976
1995
1997
2007
2038
2024
2026
2004
2057
2019
2072
1993
2042
2018
2087
2014
2055
2015
2031
2022
2053
2005
2009
2009
2027
2020
1952
1951
1924
1977
1916
1937
1881
1922
1888
1932
1867
1911
1903
1977
1934
1959
1958
1960
1981
1983
1977
1952
1973
1965
2032
2001
2036
2003
2056
2030
2063
2027
2035
2011
2036
2005
2005
1990
2024
2037
2016
2034
2001
2039
2027
2066
2031
2071
2022
2065
2033
2053
2004
2034
1987
1984
1978
1966
1984
1990
1998
1978
1978
1972
2038
2022
2047
2014
2069
2054
2078
2055
2041
2008
2018
2009
1998
1990
1989
1995
1984
2026
2000
2053
2052
2123
2093
2131
2119
2142
2152
2154
2126
2120
2131
2115
2150
2114
2135
2104
2181
2156
2190
2170
2207
2198
2237
2176
2180
2161
2200
2183
2163
2161
2135
2161
2151
2161
2124
2158
2120
2180
2121
2164
2117
2189
2128
2160
2096
2115
2100
2120
2069
2075
2046
2039
2089
2063
2096
2067
2133
2105
2137
2101
2138
2096
2169
2114
2163
2116
2172
2127
2129
2111
2095
2093
2097
2099
2083
2111
2055
2123
2067
2104
2042
2100
2064
2121
2084
2122
2080
2129
2104
2117
2072
2082
2116
2113
2127
2103
2130
2112
2138
2107
2133
2058
2104
2065
2089
2013
2031
1969
1998
1969
1959
1930
1961
1980
1984
2011
1978
2042
2046
2082
2037
2066
2058
2107
2072
2086
2038
2077
2050
2068
2027
2032
2036
2039
2046
2027
2023
2020
2036
2007
2028
1970
2011
1980
2023
1986
2018
2012
2039
2030
2014
1998
2008
2026
2020
2046
2006
2029
2015
2046
1983
2010
1986
2017
2008
2022
1987
2003
2011
2037
2004
2000
1994
1990
2008
1979
1994
1953
1983
1982
2017
1984
2007
1989
2017
1984
1996
1973
1944
1960
1944
1926
1918
1943
1953
1973
1930
1971
1926
1984
1951
1984
1929
1953
1939
1965
1949
1957
1945
1984
1989
1999
2019
1986
2039
2016
2028
1988
2023
1986
2048
2000
2031
1989
2048
2008
2023
1973
1950
1972
1989
1997
1977
2004
2021
2062
2008
2052
1995
2076
2031
2079
2000
2032
1995
2050
1998
2001
1953
1989
1965
1945
1963
1925
1961
1937
1946
1893
1933
1895
1951
1893
1931
1871
1926
1891
1926
1894
1921
1907
1939
1937
1942
1937
1958
1971
1946
1986
1935
1978
1954
1977
1891
1931
1879
1916
1860
1869
1803
1833
1807
1815
1817
1811
1825
1849
1879
1877
1895
1877
1924
1894
1923
1875
1894
1876
1920
1886
1900
1881
1907
1933
1946
1936
1921
1909
1895
1933
1901
1936
1915
1974
1953
2019
1987
2005
2016
2043
2008
2001
1993
1980
2005
1967
1966
1962
2007
2000
2017
1999
2020
2013
2051
2025
2035
2011
2046
2008
1995
1959
1936
1951
1959
1966
1945
1958
1931
1990
1954
1985
1953
1996
1961
1992
1959
1967
1955
1980
1965
1981
1984
1994
2054
2041
2059
2021
2060
2033
2049
2000
2009
1976
2012
1972
1976
1931
1963
1935
1942
1935
1912
1930
1952
1979
1967
2002
1953
2006
1960
1994
1937
1990
1952
1996
1958
1978
1951
2011
2007
2013
1993
1982
2029
2015
2047
1997
2018
2008
2059
2019
2036
1970
2014
1989
2035
1993
2042
2024
2049
2057
2043
2048
2079
2117
2096
2119
2045
2088
2053
2102
2036
2072
2030
2094
2079
2119
2083
2128
2121
2144
2102
2107
2131
2138
2158
2101
2092
2056
2085
2027
2062
1990
2034
2006
2073
2012
2065
2042
2068
2059
2065
2046
2054
2047
2028
2027
1975
2004
1967
2013
1952
1990
1951
2015
2014
2057
2008
2026
2005
2031
1981
1992
2005
2002
2024
2010
2017
2005
2053
2030
2073
2023
2042
2013
2069
2020
2035
1995
2014
2034
2033
2032
2016
2010
2032
2071
2039
2045
2007
2047
2031
2050
2003
1999
1977
2009
2003
1978
1981
2011
2036
2023
2051
2024
2059
2051
2080
2039
2059
2045
2077
2051
2049
2011
2037
2049
2050
2038
2016
2046
2063
2092
2053
2074
2082
2151
2135
2176
2142
2200
2193
2218
2155
2164
2144
2146
2138
2119
2111
2100
2118
2067
2100
2038
2072
2029
2102
2040
2090
2062
2121
2119
2151
2110
2139
2115
2156
2159
2126
2122
2114
2157
2127
2148
2111
2160
2118
2163
2096
2139
2097
2169
2105
2124
2098
2114
2123
2150
2143
2155
2162
2151
2197
2150
2175
2127
2180
2122
2148
2081
2095
2054
2101
2034
2066
2029
2098
2075
2080
2084
2151
2158
2145
2167
2183
2164
2216
2162
2201
2165
2243
2181
2208
2164
2194
2164
2218
2151
2177
2155
2211
2215
2191
2173
2154
2172
2154
2138
2119
2167
2134
2197
2148
2185
2145
2221
2171
2195
2148
2176
2175
2216
2199
2197
2178
2188
2231
2201
2223
2198
2250
2237
2257
2221
2263
2221
2263
2218
2242
2206
2244
2256
2269
2254
2248
2263
2267
2266
2245
2270
2218
2248
2220
2245
2192
2218
2209
2238
2222
2213
2202
2230
2246
2244
2238
2208
2239
2225
2253
2196
2224
2211
2237
2208
2213
2176
2204
2198
2201
2168
2186
2171
5835
2050
2059
2062
2045
2060
2044
2042
2039
2059
2059
2052
2054
2056
2078
2066
2066
2056
2037
2032
2034
2023
2036
2033
2045
2051
2052
2052
2055
2040
2019
1977
1947
1939
1927
1914
1908
1913
1936
1938
1957
1970
1976
1999
2001
2010
2016
2023
2015
2025
2035
2035
2044
2075
2084
2098
2104
2134
2133
2127
2129
2128
2122
2139
2144
2144
2120
2126
2130
2137
2134
2142
2167
2173
2173
2170
2158
2166
2161
2133
2111
2084
2067
2063
2065
2066
2057
2054
2055
2079
2103
2126
2151
2147
2151
2129
2123
2114
2105
2085
2075
2067
2052
2052
2048
2054
2069
2087
2089
2104
2107
2099
2078
2065
2049
2025
2028
2029
2040
2049
2069
2092
2100
2110
2116
2131
2128
2144
2141
2135
2138
2155
2155
2156
2150
2139
2134
2132
2116
2102
2081
2082
2081
2075
2078
2090
2105
2120
2123
2114
2110
2113
2114
2115
2124
2119
2113
2108
2111
2093
2074
2066
2084
2082
2082
2053
2030
2019
2015
1989
1983
1973
1981
1994
2005
2014
2021
2021
2029
2054
2062
2068
2073
2081
2074
2075
2055
2027
1998
2003
1998
1996
1987
1993
2001
2007
2014
2015
2013
2011
2011
2016
2018
2016
2013
2015
2007
1999
2004
1994
1976
1964
1945
1922
1915
1893
1880
1889
1900
1923
1936
1952
1963
1967
1969
1957
1955
1946
1946
1944
1948
1936
1911
1908
1895
1887
1889
1901
1907
1892
1882
1870
1863
1862
1864
1858
1859
1863
1879
1883
1883
1895
1887
1885
1887
1888
1889
1880
1882
1879
1883
1882
1883
1901
1913
1916
1920
1917
1911
1910
1901
1897
1883
1859
1827
1824
1821
1831
1825
1827
1827
1833
1828
1794
1766
1736
1715
1708
1716
1723
1735
1760
1771
1777
1793
1785
1792
1809
1835
1829
1831
1836
1832
1827
1833
1828
1827
1820
1824
1809
1806
1779
1743
1699
1663
1625
1608
1599
1605
1606
1623
1625
1643
1672
1714
1742
1766
1784
1783
1788
1792
1795
1793
1770
1742
1738
1723
1710
1702
1707
1721
1709
1708
1707
1733
1748
1766
1766
1727
1705
1662
1620
1601
1563
1529
1493
1479
1481
1486
1499
1519
1555
1585
1608
1630
1630
1636
1634
1635
1624
1599
1567
1553
1550
1541
1553
1536
1539
1543
1563
1568
1569
1581
1596
1601
1611
1613
1646
1676
1714
1751
1785
1797
1815
1814
1842
1853
1850
1838
1852
1854
1864
1874
1849
1824
1782
1759
1747
1737
1721
1703
1691
1686
1671
1668
1681
1695
1711
1731
1772
1787
1803
1794
1787
1791
1794
1793
1790
1795
1794
1783
1771
1767
1768
1770
1775
1787
1797
1817
1832
1833
1849
1862
1875
1890
1900
1907
1917
1921
1929
1928
1904
1891
1864
1841
1840
1827
1822
1816
1817
1826
1852
1872
1893
1916
1898
1863
1829
1805
1794
1784
1771
1775
1759
1758
1767
1807
1832
1863
1883
1887
1899
1917
1913
1914
1915
1916
1903
1890
1876
1863
1820
1794
1804
1821
1823
1834
1829
1827
1815
1797
1775
1749
1721
1698
1666
1641
1625
1617
1641
1666
1691
1713
1741
1768
1812
1829
1835
1818
1825
1824
1810
1801
1810
1800
1790
1787
1779
1791
1789
1816
1833
1845
1856
1868
1869
1883
1900
1910
1915
1919
1919
1901
1872
1852
1822
1805
1755
1729
1687
1681
1677
1683
1687
1704
1704
1709
1694
1673
1670
1665
1656
1655
1659
1662
1656
1663
1671
1673
1686
1675
1673
1677
1665
1663
1684
1693
1709
1725
1746
1785
1814
1832
1859
1889
1911
1921
1921
1919
1916
1927
1932
1944
1944
1946
1955
1972
1963
1962
1979
1984
1990
2005
2024
2041
2045
2044
2057
2077
2099
2117
2134
2137
2121
2099
2073
2041
2011
1983
1951
1938
1927
1906
1913
1917
1931
1943
1956
1961
1964
1968
1977
1970
1959
1955
1966
1992
2012
2027
2041
2068
2060
2057
2053
2046
2017
2015
2033
2044
2051
2065
2072
2072
2075
2106
2120
2134
2127
2110
2100
2091
2070
2085
2100
2089
2091
2098
2103
2105
2111
2123
2132
2134
2119
2100
2107
2112
2116
2136
2155
2168
2173
2177
2199
2213
2216
2211
2216
2197
2183
2172
2184
2186
2183
2179
2195
2202
2221
2237
2238
2258
2251
2247
2236
2238
2233
2238
2228
2218
2206
2200
2200
2188
2174
2163
2152
2140
2127
2125
2124
2119
2127
2150
2160
2169
2196
2229
2238
2245
2246
2264
2276
2274
2273
2252
2246
2236
2242
2241
2234
2226
2216
2200
2180
2157
2127
2099
2101
2087
2060
2045
2032
2013
1992
1995
2004
2020
2031
2040
2040
2040
2060
2081
2090
2085
2071
2065
2057
2049
2029
2028
2029
2019
2019
2002
1997
2001
1996
1981
1975
1983
1997
2001
2016
2031
2027
2029
2025
2018
2013
2019
2013
2015
2003
1994
1987
1984
1994
2017
2028
2043
2049
2051
2051
2055
2055
2053
2051
2033
2033
2038
2033
2013
1988
1959
1935
1913
1898
1879
1859
1863
1856
1873
1913
1945
1958
1986
2010
2024
2028
2042
2045
2042
2019
2025
2018
2007
1996
2008
2009
1995
2012
2022
2044
2037
2035
2013
2021
2009
2014
2021
2038
2036
2050
2076
2097
2100
2119
2120
2119
2121
2115
2119
2121
2116
2117
2102
2091
2094
2087
2077
2062
2058
2059
2069
2074
2083
2107
2110
2105
2110
2114
2129
2135
2136
2125
2127
2138
2152
2161
2155
2165
2161
2164
2156
2156
2155
2157
2146
2137
2122
2110
2107
2103
2099
2093
2088
2084
2100
2077
2069
2058
2050
2059
2048
2029
2031
2046
2059
2080
2102
2114
2108
2101
2109
2137
2154
2163
2168
2164
2156
2144
2142
2140
2143
2158
2159
2148
2138
2138
2133
2109
2093
2078
2042
2024
2012
2013
2008
2006
2011
2004
1992
1999
1999
1986
1997
1987
1992
2008
2017
2025
2042
2060
2077
2087
2089
2106
2112
2116
2117
2111
2095
2060
2026
1993
1966
1941
1929
1907
1885
1859
1846
1832
1833
1832
1841
1842
1858
1877
1893
1915
1929
1925
1922
1942
1959
1987
1977
1979
1988
2002
2002
2014
2031
2042
2029
2037
2038
2041
2052
2056
2042
2025
2035
2048
2046
2043
2049
2046
2040
2025
2017
2001
1986
1981
1987
2005
2016
2023
2042
2044
2046
2026
1999
1984
1987
1978
1970
1971
1975
1995
2010
2016
2026
2029
2032
2038
2028
2031
2033
2025
2033
2028
2023
2017
2010
2013
2005
1999
1991
1975
1965
1946
1936
1931
1896
1874
1840
1833
1839
1854
1878
1904
1916
1942
1945
1944
1953
1954
1947
1937
1926
1895
1880
1868
1860
1871
1877
1887
1911
1909
1925
1937
1955
1971
1977
1967
1952
1932
1919
1914
1894
1883
1869
1850
1831
1825
1825
1835
1858
1885
1907
1948
1965
2001
2026
2038
2051
2039
2027
2018
2016
2010
2019
2021
2023
2014
2013
2023
2037
2057
2083
2078
2067
2058
2048
2039
2041
2037
2020
2021
2013
2024
2016
2031
2027
2035
2042
2039
2041
2069
2070
2070
2072
2073
2086
2065
2059
2063
2062
2042
2033
2022
2009
1990
1996
1997
2002
1984
1988
1992
2009
2032
2048
2049
2069
2075
2077
2061
2052
2054
2040
2024
2016
2007
1985
1958
1939
1931
1928
1923
1926
1947
1946
1956
1967
1988
1982
1993
1988
1975
1976
1987
1996
1994
1996
1992
1987
1986
1980
1991
1997
2011
2019
2044
2064
2083
2095
2099
2091
2078
2056
2044
2029
1996
1971
1947
1936
1938
1950
1966
1982
2012
2022
2012
2007
2011
2005
2002
2004
2003
2009
2008
2030
2064
2074
2077
2077
2092
2086
2084
2059
2048
2027
2037
2061
2063
2071
2082
2093
2106
2109
2112
2125
2125
2111
2115
2098
2063
2043
2017
1990
1955
1915
1874
1867
1852
1865
1882
1911
1929
1945
1961
1986
2013
2029
2031
2040
2049
2051
2067
2058
2058
2057
2056
2051
2052
2024
1998
1980
1984
1984
1981
1966
1958
1958
1962
1947
1942
1939
1939
1934
1939
1927
1910
1907
1907
1914
1914
1925
1933
1939
1941
1956
1975
2002
2016
2035
2053
2049
2051
2056
2050
2045
2033
2028
2025
2013
2016
2029
2022
2006
2005
1996
1980
1976
1996
2017
2032
2039
2060
2094
2122
2136
2159
2176
2200
2203
2199
2212
2187
2163
2183
2183
2162
2136
2127
2114
2115
2102
2118
2125
2138
2141
2139
2137
2130
2134
2134
2131
2131
2115
2104
2088
2072
2080
2074
2075
2071
2072
2091
2119
2134
2149
2176
2215
2237
2245
2276
2296
2294
2284
2278
2282
2281
2282
2289
2291
2291
2293
2294
2291
2286
2275
2259
2237
2220
2202
2198
2195
2197
2204
2214
2220
2231
2229
2240
2247
2254
2262
2288
2291
2296
2305
2314
2324
2329
2335
2333
2327
2311
2310
2302
2298
2290
2301
2310
2312
2310
2310
2297
2288
2285
2288
2299
2308
2323
2325
2312
2317
2309
2302
2304
2299
2288
2276
2266
2271
2258
2262
2248
2249
2239
2238
2252
2261
2271
2281
2287
2299
2293
2291
2294
2299
2298
2312
2319
2339
2339
2332
2329
2325
2311
2324
2331
2326
2315
2316
2308
2299
2291
2271
2256
2270
2281
2287
2293
2296
2288
2280
2268
2265
2251
2233
2209
2200
2186
2169
2157
2141
2148
2162
2165
2171
2160
2152
2156
2155
2163
2162
2160
2159
2163
2181
2196
2206
2221
2219
2221
2216
2218
2206
2203
2186
2186
2180
2173
2191
2196
2204
2206
2205
2211
2221
2238
2241
2226
2216
2214
2219
2228
2221
2212
2208
2200
2204
2222
2221
2225
2237
2246
2262
2279
2281
2285
2281
2289
2299
2307
2298
2290
2289
2295
2297
2280
2282
2280
2270
2267
2256
2246
2260
2255
2274
2296
2310
2314
2314
2307
2302
2291
2293
2282
2257
2243
2239
2228
2231
2222
2209
2196
2220
2222
2225
2239
2239
2229
2220
2217
2222
2213
2198
2186
2186
2178
2155
2155
2149
2150
2135
2119
2120
2127
2137
2129
2132
2130
2131
2134
2149
2166
2194
2225
2241
2234
2246
2258
2257
2252
2253
2236
2223
2202
2173
2143
2123
2105
2084
2076
2075
2079
2075
2075
2079
2099
2113
2121
2134
2142
2124
2102
2081
2066
2033
2015
2007
2002
1986
1975
1987
2000
2018
2051
2046
2047
2060
2086
2110
2092
2091
2079
2087
2090
2095
2094
2097
2086
2096
2098
2102
2112
2116
2124
2136
2147
2157
2142
2134
2130
2118
2107
2096
2077
2050
2002
1979
1963
1975
1978
1972
2003
2009
2034
2053
2081
2074
2094
2097
2106
2096
2091
2084
2084
2086
2092
2081
2084
2088
2079
2087
2082
2089
2090
2106
2100
2117
2125
2143
2139
2131
2114
2126
2132
2136
2122
2116
2128
2142
2147
2145
2147
2158
2132
2115
2124
2115
2102
2093
2090
2082
2093
2078
2085
2095
2100
2092
2084
2085
2086
2084
2083
2076
2074
2073
2076
2075
2084
2091
2090
2110
2121
2132
2144
2158
2188
2187
2195
2204
2205
2200
2210
2217
2219
2234
2238
2239
2224
2219
2215
2195
2166
2158
2146
2126
2114
2108
2111
2096
2085
2086
2092
2085
2085
2093
2078
2078
2086
2086
2085
2082
2077
2077
2070
2085
2101
2112
2124
2139
2158
2161
2180
2200
2213
2222
2234
2225
2214
2206
2208
2196
2184
2179
2176
2178
2180
2184
2171
2164
2141
2139
2127
2135
2124
2112
2104
2098
2121
2128
2146
2161
2171
2166
2168
2182
2151
2152
2131
2106
2091
2082
2082
2085
2108
2114
2130
2149
2174
2179
2199
2193
2202
2196
2197
2185
2180
2186
2200
2187
2196
2179
2162
2162
2154
2151
2134
2113
2113
2099
2093
2099
2102
2107
2109
2115
2117
2129
2142
2163
2174
2179
2186
2193
2190
2172
2147
2118
2100
2079
2068
2049
2034
2025
2015
2010
2021
2024
2024
2005
2011
2006
2010
2024
2023
2020
2039
2062
2084
2121
2143
2170
2162
2158
2148
2135
2116
2082
2063
2067
2074
2063
2043
2038
2064
2079
2084
2099
2107
2114
2123
2124
2127
2118
2117
2117
2111
2087
2083
2092
2102
2104
2118
2119
2124
2123
2127
2113
2099
2088
2078
2077
2094
2111
2123
2129
2146
2161
2179
2171
2185
2173
2165
2154
2138
2109
2081
2067
2067
2053
2043
2039
2047
2046
2057
2069
2083
2098
2102
2115
2117
2117
2111
2113
2115
2119
2123
2133
2134
2115
2112
2105
2103
2111
2131
2135
2144
2147
2137
2150
2172
2185
2195
2212
2239
2236
2246
2250
2254
2254
2268
2262
2241
2226
2203
2203
2193
2176
2164
2167
2168
2175
2169
2190
2199
2220
2241
2262
2294
2302
2300
2304
2311
2315
2310
2293
2275
2263
2282
2290
2298
2298
2307
2297
2309
2313
2316
2324
2327
2339
2356
2350
2335
2328
2340
2344
2350
2343
2329
2334
2338
2338
2328
2321
2317
2317
2307
2304
2303
2306
2301
2317
2316
2332
2325
2327
2328
2334
2338
2343
2336
2327
2317
2310
2282
2263
2266
2257
2259
2268
2287
2294
2306
2318
2329
2336
2359
2359
2343
2334
2316
2314
2301
2284
2273
2267
2245
2249
2275
2281
2274
2284
2296
2299
2317
2328
2343
2347
2349
2345
2344
2334
2324
2321
2311
2309
2304
2295
2283
2283
2268
2246
2220
2201
2177
2173
2174
2188
2188
2201
2212
2215
2228
2237
2254
2270
2268
2286
2280
2283
2280
2281
2281
2290
2288
2297
2294
2300
2298
2300
2294
2293
2298
2297
2297
2302
2306
2300
2312
2318
2311
2315
2330
2323
2329
2329
2332
2311
2300
2304
2303
2304
2297
2287
2285
2281
2285
2296
2303
2311
2313
2317
2321
2330
2327
2324
2324
2312
2312
2302
2304
2305
2305
2288
2294
2294
2298
2293
2295
2291
2292
2292
2301
2300
2292
2283
2286
2292
2283
2285
2281
2282
2274
2275
2253
2252
2234
2231
2225
2216
2204
2226
2226
2246
2243
2239
2234
2231
2246
2228
2229
2237
2237
2248
2263
2267
2276
2278
2284
2284
2286
2270
2275
2266
2261
2251
2259
2258
2259
2249
2257
2242
2255
2275
2280
2296
2301
2310
2308
2304
2285
2250
2223
2201
2167
2152
2125
2120
2111
2098
2096
2082
2079
2090
2088
2079
2076
2071
2078
2102
2125
2141
2160
2173
2188
2187
2193
2180
2182
2161
2139
2118
2105
2090
2104
2111
2114
2124
2140
2142
2150
2149
2156
2135
2125
2134
2123
2115
2121
2120
2111
2095
2091
2079
2081
2099
2098
2102
2122
2156
2160
2167
2185
2187
2185
2180
2163
2150
2139
2124
2108
2086
2067
2072
2070
2080
2088
2079
2068
2071
2078
2079
2080
2092
2101
2099
2099
2085
2095
2090
2090
2106
2096
2084
2084
2073
2055
2032
2022
1999
2003
2010
2023
2032
2051
2081
2099
2091
2086
2086
2071
2076
2066
2062
2065
2065
2059
2057
2055
2071
2107
2122
2116
2121
2119
2089
2036
1994
1967
1926
1897
1880
1871
1866
1861
1864
1881
1903
1935
1959
1989
2005
2037
2039
2049
2043
2050
2042
2038
2046
2041
2055
2044
2046
2048
2066
2063
2079
2089
2109
2124
2141
2153
2160
2167
2171
2173
2179
2168
2166
2164
2151
2134
2138
2128
2122
2119
2131
2143
2136
2139
2130
2130
2116
2103
2110
2103
2102
2097
2086
2066
2082
2084
2088
2092
2101
2105
2111
2134
2147
2155
2154
2161
2170
2178
2179
2166
2152
2130
2106
2082
2071
2070
2078
2087
2090
2074
2058
2043
2037
2030
2012
2017
2022
2029
2037
2056
2061
2085
2089
2110
2110
2102
2103
2100
2098
2103
2113
2120
2124
2113
2111
2106
2105
2083
2071
2042
2020
2013
2012
2009
2017
2022
2028
2032
2028
2017
2007
1995
2011
2015
2015
2015
2006
1991
1974
1942
1917
1897
1868
1846
1840
1828
1826
1815
1801
1778
1769
1762
1768
1760
1765
1770
1790
1807
1817
1815
1821
1834
1838
1847
1875
1892
1912
1943
1973
1992
1996
1977
1963
1948
1929
1931
1911
1888
1886
1898
1928
1951
1971
1997
1989
1975
1970
1955
1945
1926
1914
1886
1882
1867
1867
1887
1914
1930
1943
1957
1967
1957
1955
1934
1911
1884
1870
1877
1862
1829
1805
1799
1799
1791
1776
1807
1801
1815
1823
1846
1865
1872
1866
1845
1837
1847
1849
1846
1859
1870
1886
1899
1887
1880
1873
1859
1848
1834
1841
1821
1823
1823
1812
1808
1800
1802
1790
1790
1794
1813
1817
1833
1840
1855
1867
1880
1877
1895
1906
1908
1923
1927
1931
1952
1963
1973
1969
1962
1948
1933
1918
1915
1904
1900
1904
1914
1923
1940
1967
1987
1997
1990
1998
2001
2009
2007
2005
2012
2009
2001
1999
1994
1998
2019
2039
2058
2056
2075
2053
2045
2032
2045
2050
2064
2071
2078
2082
2082
2079
2077
2083
2083
2077
2087
2090
2094
2091
2083
2073
2065
2071
2066
2075
2068
2083
2093
2109
2115
2130
2120
2124
2130
2128
2127
2124
2104
2106
2119
2118
2121
2129
2132
2139
2156
2146
2160
2163
2160
2155
2141
2123
2101
2090
2083
2072
2066
2056
2046
2026
2000
2001
1990
1983
1976
1990
2004
1995
2027
2060
2098
2117
2151
2159
2171
2173
2167
2156
2145
2132
2113
2119
2114
2099
2080
2075
2086
2097
2108
2112
2119
2140
2151
2156
2137
2111
2086
2076
2064
2038
2020
2012
2015
2029
2051
2078
2093
2119
2140
2146
2137
2156
2146
2161
2173
2163
2159
2169
2172
2173
2178
2172
2164
2150
2136
2132
2125
2113
2097
2099
2112
2100
2124
2137
2143
2163
2159
2163
2159
2160
2181
2170
2181
2189
2200
2202
2206
2214
2199
2191
2173
2184
2193
2218
2223
2226
2223
2218
2207
2211
2195
2183
2167
2175
2149
2132
2127
2122
2114
2109
2103
2103
2099
2098
2102
2080
2080
2081
2082
2068
2066
2074
2074
2074
2078
2074
2075
2061
2052
2039
2029
2017
2007
2006
1998
1981
1975
1976
1963
1967
1971
1990
1995
2007
2013
2038
2068
2091
2106
2126
2119
2115
2124
2129
2146
2161
2166
2172
2166
2154
2140
2125
2128
2113
2096
2091
2094
2103
2104
2094
2093
2087
2080
2078
2072
2060
2027
2010
1995
1984
1995
1999
2002
2018
2031
2044
2040
2049
2035
2027
2011
2024
2049
2037
2026
2035
2041
2045
2030
2030
2020
2009
2001
2010
2005
1996
1989
1982
1992
2002
2014
2015
2035
2033
2029
2032
2028
2029
2020
2043
2054
2055
2057
2064
2070
2073
2063
2063
2056
2061
2061
2048
2044
2028
2019
1998
2003
2011
2019
2015
2061
2088
2115
2141
2162
2166
2158
2147
2133
2120
2121
2116
2121
2114
2098
2095
2088
2073
2052
2047
2016
2006
2008
2005
2011
2008
2010
2016
2019
2040
2059
2063
2081
2091
2099
2098
2110
2122
2122
2126
2130
2137
2144
2137
2140
2137
2116
2121
2145
2137
2132
2137
2135
2133
2116
2102
2094
2100
2095
2094
2072
2071
2073
2073
2079
2079
2082
2086
2099
2123
2145
2134
2115
2106
2115
2116
2103
2086
2082
2077
2062
2049
2029
1995
1973
1938
1912
1892
1901
1880
1880
1882
1907
1942
1961
1961
1993
2008
2032
2059
2070
2060
2051
2051
2043
2038
2036
2052
2066
2088
2099
2113
2131
2154
2159
2154
2150
2155
2159
2148
2145
2158
2172
2176
2187
2199
2223
2230
2241
2232
2242
2250
2254
2255
2253
2252
2248
2245
2241
2249
2252
2255
2262
2255
2230
2210
2186
2169
2136
2113
2114
2110
2111
2120
2131
2148
2143
2148
2158
2167
2177
2199
2221
2239
2246
2251
2253
2257
2242
2244
2223
2223
2219
2212
2207
2207
2218
2196
2207
2208
2204
2194
2184
2166
2137
2112
2077
2064
2059
2066
2059
2054
2052
2063
2066
2066
2065
2062
2086
2100
2105
2106
2112
2114
2122
2129
2135
2140
2137
2140
2135
2133
2152
2180
2183
2201
2214
2220
2220
2230
2222
2212
2197
2196
2196
2208
2195
2194
2204
2212
2205
2196
2205
2211
2207
2204
2195
2197
2188
2184
2178
2168
2159
2149
2159
2147
2143
2129
2109
2108
2121
2112
2116
2125
2125
2149
2174
2185
2200
2207
2205
2196
2191
2180
2182
2178
2186
2202
2202
2218
2220
2224
2226
2206
2185
2177
2154
2149
2147
2154
2150
2150
2170
2172
2166
2149
2139
2120
2123
2114
2110
2086
2073
2062
2060
2048
2065
2071
2083
2091
2107
2129
2140
2156
2173
2176
2178
2176
2168
2141
2139
2140
2151
2145
2147
2165
2161
2155
2142
2147
2142
2129
2112
2097
2087
2074
2063
2048
2043
2034
2036
2027
2028
2046
2077
2093
2117
2126
2118
2123
2118
2108
2100
2091
2085
2093
2092
2094
2101
2107
2111
2111
2108
2104
2116
2113
2106
2109
2086
2073
2055
2043
2027
2028
2034
2046
2064
2062
2071
2083
2089
2093
2101
2099
2094
2090
2083
2069
2063
2047
2047
2051
2068
2074
2092
2108
2119
2125
2141
2137
2143
2143
2144
2155
2157
2162
2167
2161
2148
2116
2078
2061
2040
2032
2033
2039
2046
2048
2058
2055
2035
2042
2034
2024
2031
2034
2030
2043
2044
2037
2036
2061
2051
2079
2091
2085
2078
2078
2074
2080
2087
2090
2056
2034
2027
2015
1990
1978
1961
1953
1950
1935
1929
1926
1919
1919
1914
1906
1887
1874
1865
1858
1865
1862
1890
1907
1911
1935
1957
1973
1971
1979
1987
2017
2035
2060
2077
2092
2096
2104
2097
2085
2079
2067
2049
2045
2037
2025
2007
1995
1977
1970
1963
1953
1943
1937
1933
1948
1968
1992
2016
2036
2049
2062
2067
2053
2045
2045
2054
2055
2059
2063
2050
2054
2067
2072
2080
2081
2078
2078
2065
2059
2052
2057
2052
2057
2051
2056
2049
2042
2063
2069
2066
2087
2091
2107
2112
2124
2117
2140
2144
2156
2157
2167
2175
2182
2184
2183
2175
2167
2163
2161
2153
2121
2094
2077
2061
2055
2058
2060
2059
2075
2086
2108
2114
2122
2128
2135
2137
2127
2123
2130
2138
2147
2148
2154
2146
2131
2122
2119
2106
2092
2091
2082
2083
2074
2075
2068
2067
2062
2069
2059
2061
2070
2082
2097
2102
2101
2110
2104
2111
2128
2126
2120
2130
2122
2120
2118
2125
2124
2122
2114
2101
2100
2111
2127
2127
2122
2092
2075
2051
2035
2014
2010
2006
1997
2025
2045
2056
2069
2075
2087
2087
2095
2107
2104
2100
2081
2073
2072
2070
2074
2076
2081
2094
2108
2123
2148
2160
2162
2165
2172
2179
2176
2183
2194
2209
2213
2234
2244
2251
2251
2252
2259
2252
2250
2251
2256
2246
2240
2237
2234
2224
2213
2195
2193
2179
2186
2202
2219
2214
2225
2235
2236
2231
2234
2229
2227
2215
2210
2219
2226
2234
2231
2228
2220
2218
2208
2206
2198
2201
2212
2220
2214
2204
2209
2203
2181
2171
2158
2171
2170
2165
2148
2118
2103
2080
2087
2095
2098
2091
2102
2094
2105
2119
2118
2105
2099
2086
2072
2059
2048
2026
2029
2029
2036
2029
2031
2031
2041
2050
2070
2082
2084
2096
2123
2140
2143
2152
2148
2156
2152
2140
2133
2120
2109
2109
2097
2087
2065
2046
2034
2018
2023
2024
2032
2014
2011
2017
2019
2020
2039
2040
2038
2051
2074
2079
2087
2085
2076
2078
2063
2054
2042
2038
2022
2023
2027
2027
2042
2057
2062
2067
2063
2049
2048
2051
2043
2027
2025
2014
2019
2030
2034
2033
2030
1999
1990
1976
1981
1985
1995
2003
2022
2023
2023
2011
2015
2005
1988
1951
1919
1899
1889
1883
1845
1823
1833
1841
1861
1869
1884
1902
1921
1936
1960
1969
1980
2004
2015
2020
2012
2007
2010
2011
1989
1969
1954
1930
1936
1925
1923
1921
1909
1920
1909
1903
1889
1899
1879
1854
1835
1818
1807
1819
1824
1850
1862
1884
1899
1908
1915
1918
1913
1897
1872
1851
1842
1825
1819
1803
1811
1807
1816
1830
1860
1864
1890
1921
1928
1925
1925
1935
1954
1959
1994
2022
2040
2048
2047
2048
2042
2029
2016
2012
1993
1977
1959
1952
1939
1943
1958
1977
1982
2002
2005
2022
2037
2069
2067
2069
2075
2080
2087
2082
2086
2093
2109
2107
2091
2057
2050
2021
1995
1995
1993
1987
2011
2012
2018
2010
1999
1989
1983
1979
1974
1984
2002
2015
2020
2018
2026
2038
2039
2054
2055
2054
2055
2050
2055
2056
2053
2048
2054
2044
2057
2074
2087
2097
2097
2113
2126
2125
2134
2136
2130
2129
2112
2087
2072
2065
2043
2045
2053
2054
2062
2067
2073
2072
2077
2087
2083
2082
2090
2075
2061
2051
2050
2046
2058
2054
2055
2069
2063
2060
2065
2063
2058
2064
2054
2066
2068
2067
2066
2056
2050
2046
2040
2027
2020
2024
2021
2019
2021
2028
2022
2019
2021
2018
2011
2017
2030
2043
2054
2056
2063
2070
2086
2101
2112
2119
2134
2146
2145
2143
2139
2136
2136
2115
2110
2072
2043
2008
1998
1984
1973
1962
1964
1972
1972
1979
1982
1994
2000
2006
2022
2027
2032
2027
2036
2036
2039
2047
2044
2060
2075
2095
2108
2119
2148
2159
2151
2133
2120
2090
2070
2060
2054
2033
2021
2001
1985
1987
1994
2003
2019
2035
2057
2073
2064
2045
2012
1998
1981
1974
1965
1979
1981
1983
1982
1994
2004
2020
2039
2052
2061
2073
2062
2056
2066
2047
2038
2018
1989
1967
1952
1941
1941
1938
1943
1939
1967
1993
1994
2002
2011
2004
1981
1959
1937
1928
1921
1893
1877
1837
1827
1821
1812
1805
1791
1777
1765
1758
1756
1761
1764
1779
1777
1779
1791
1809
1835
1853
1844
1848
1870
1873
1869
1854
1823
1803
1795
1767
1770
1784
1797
1811
1815
1826
1846
1868
1880
1891
1912
1931
1947
1962
1967
1977
1986
1977
1980
1988
1981
1964
1959
1947
1940
1935
1928
1915
1924
1938
1951
1963
1983
1990
2005
2016
2023
2045
2066
2080
2080
2081
2082
2088
2105
2112
2117
2124
2120
2105
2101
2086
2084
2097
2102
2124
2121
2121
2114
2122
2128
2125
2126
2121
2128
2122
2134
2124
2125
2114
2107
2099
2089
2093
2100
2086
2090
2092
2023
2012
2024
2058
2081
2106
2109
2106
2124
2139
2150
2156
2152
2163
2191
2188
2190
2186
2195
2202
2216
2219
2226
2224
2217
2212
2214
2223
2232
2230
2234
2236
2233
2245
2242
2249
2253
2271
2269
2287
2286
2276
2269
2261
2269
2265
2269
2275
2274
2271
2272
2278
2281
2299
2298
2302
2307
2303
2295
2305
2287
2282
2271
2274
2271
2256
2253
2253
2240
2238
2222
2220
2210
2201
2215
2229
2235
2238
2238
2246
2256
2258
2273
2295
2310
2322
2308
2301
2289
2280
2275
2276
2270
2277
2282
2283
2283
2270
2251
2239
2235
2228
2221
2210
2201
2193
2183
2154
2136
2129
2145
2162
2178
2201
2222
2243
2257
2270
2272
2278
2285
2290
2294
2296
2304
2295
2282
2275
2276
2262
2243
2229
2237
2229
2215
2206
2208
2198
2184
2178
2181
2188
2193
2206
2212
2224
2229
2250
2262
2261
2259
2254
2259
2258
2229
2226
2212
2210
2190
2176
2178
2174
2171
2182
2176
2177
2183
2192
2189
2189
2191
2186
2169
2159
2167
2151
2145
2137
2153
2154
2165
2178
2179
2204
2201
2202
2195
2192
2212
2218
2201
2191
2190
2187
2172
2163
2150
2148
2131
2127
2132
2122
2115
2121
2134
2151
2161
2169
2182
2185
2190
2194
2189
2195
2204
2186
2181
2174
2167
2168
2167
2171
2170
2164
2169
2156
2164
2170
2154
2139
2134
2120
2113
2105
2110
2117
2130
2144
2147
2156
2149
2151
2140
2148
2147
2152
2147
2156
2153
2164
2168
2165
2159
2166
2164
2162
2150
2121
2114
2117
2113
2096
2084
2084
2080
2086
2089
2086
2090
2094
2082
2087
2089
2075
2068
2070
2061
2039
2031
2036
2027
2042
2051
2035
2016
2017
2006
1998
1992
1990
1989
2002
2015
2024
2046
2068
2075
2078
2078
2088
2079
2056
2046
2045
2034
2030
2030
2033
2014
2023
2016
2020
2018
2027
2042
2040
2022
2024
2007
2000
1996
1988
2001
2013
2022
2036
2039
2025
2029
2026
2034
2046
2059
2060
2061
2070
2087
2088
2089
2098
2109
2109
2105
2093
2086
2085
2079
2086
2091
2083
2076
2087
2090
2083
2061
2034
2012
1994
1972
1940
1902
1899
1895
1903
1925
1939
1959
1976
1992
1999
2012
2029
2042
2064
2087
2096
2111
2120
2131
2123
2127
2121
2116
2096
2095
2083
2081
2061
2045
2034
2018
1992
1983
1953
1914
1880
1874
1878
1874
1886
1901
1910
1921
1934
1966
1989
1998
2003
1988
1975
1959
1965
1955
1950
1951
1954
1964
1974
1976
1980
1963
1954
1961
1971
1967
1968
1964
1963
1976
1986
1987
2000
2005
2003
2000
2002
2003
1997
1991
1992
1982
1985
1976
1966
1948
1931
1917
1885
1875
1873
1859
1871
1889
1903
1905
1914
1920
1927
1939
1937
1930
1915
1909
1911
1925
1919
1915
1911
1910
1907
1896
1883
1889
1896
1900
1896
1890
1894
1895
1889
1878
1867
1849
1842
1855
1878
1889
1914
1924
1911
1909
1907
1913
1904
1893
1873
1859
1852
1852
1860
1881
1906
1929
1955
1968
1976
1975
1975
1957
1944
1922
1922
1912
1906
1897
1897
1913
1924
1923
1928
1938
1942
1950
1959
1970
1983
1985
1987
1987
1987
1991
1988
1988
1983
1979
1976
1964
1955
1961
1950
1953
1966
2001
2020
2041
2057
2067
2065
2056
2061
2056
2049
2029
2038
2046
2048
2050
2048
2051
2058
2061
2048
2060
2058
2051
2055
2059
2058
2071
2085
2103
2116
2119
2110
2092
2089
2098
2092
2092
2109
2123
2122
2122
2119
2125
2121
2132
2128
2124
2121
2118
2127
2126
2114
2109
2103
2099
2103
2116
2118
2113
2123
2140
2160
2158
2162
2146
2154
2152
2158
2160
2172
2158
2137
2144
2130
2117
2098
2076
2067
2054
2074
2078
2079
2101
2112
2106
2102
2096
2098
2089
2096
2092
2100
2104
2103
2100
2096
2075
2065
2052
2036
2046
2040
2038
2030
2039
2051
2064
2069
2086
2100
2115
2124
2145
2160
2180
2182
2177
2164
2153
2130
2109
2064
2027
2001
1978
1957
1938
1922
1927
1962
1975
1989
1986
1998
2008
2022
2017
2004
1988
1981
1974
1971
1963
1955
1953
1937
1946
1956
1976
1975
1978
1980
1983
1971
1967
1963
1969
1965
1971
1965
1957
1948
1938
1940
1947
1968
1985
1997
2004
2024
2016
2008
2010
2024
2037
2051
2048
2052
2054
2046
2059
2074
2070
2072
2060
2048
2032
2005
1981
1952
1917
1881
1862
1818
1805
1778
1787
1798
1807
1811
1834
1876
1890
1892
1901
1913
1935
1954
1976
1993
1986
1995
1996
1998
1989
2006
2011
2005
2000
1996
1993
1980
1977
1973
1981
1975
1975
1965
1967
1973
1982
1989
1991
1984
1981
1990
1986
1979
1991
1976
1976
1947
1946
1935
1924
1910
1897
1892
1887
1907
1926
1949
1962
1971
1986
2007
2034
2049
2046
2037
2016
1995
1981
1967
1951
1927
1929
1927
1940
1963
1979
1998
2029
2050
2071
2086
2106
2114
2110
2127
2130
2137
2146
2123
2110
2135
2147
2158
2171
2195
2196
2203
2205
2194
2190
2172
2152
2145
2137
2143
2154
2159
2165
2165
2154
2144
2141
2132
2127
2133
2142
2148
2162
2165
2154
2131
2115
2111
2101
2094
2083
2083
2069
2063
2075
2099
2116
2125
2129
2150
2143
2138
2143
2154
2166
2160
2154
2148
2145
2141
2132
2125
2123
2117
2110
2084
2078
2071
2081
2076
2074
2076
2090
2093
2090
2092
2093
2091
2092
2077
2068
2056
2044
2042
2061
2074
2087
2098
2101
2095
2081
2094
2093
2075
2051
2037
2015
1991
1979
1958
1944
1939
1938
1931
1925
1921
1927
1931
1942
1968
1990
2001
1999
1997
1991
1980
1981
1986
1998
2005
2007
1998
2017
2019
2023
2024
2043
2036
2026
2033
2035
2036
2022
2016
1996
1987
1981
1974
1973
1983
1992
2005
2020
2042
2037
2042
2035
2027
2027
2028
2031
2028
2022
1999
1999
2000
2000
1990
1999
2022
2031
2039
2043
2054
2056
2045
2024
2013
2004
1990
2001
1998
2007
2015
2017
2041
2046
2071
2070
2063
2050
2025
1999
1965
1946
1934
1932
1929
1927
1943
1966
1988
1981
1986
1985
1981
1983
1962
1954
1941
1947
1930
1926
1921
1937
1956
1977
2003
2014
2030
2032
2037
2036
2050
2065
2065
2053
2048
2045
2030
2016
1994
1996
1996
1995
2007
2028
2045
2050
2054
2055
2066
2077
2074
2062
2065
2053
2040
2024
2009
2009
1983
1962
1959
1950
1943
1928
1923
1912
1923
1920
1919
1922
1931
1936
1927
1918
1937
1941
1933
1934
1927
1911
1894
1881
1887
1894
1886
1903
1935
1950
1959
1958
1955
1945
1920
1903
1878
1860
1833
1805
1781
1782
1769
1773
1787
1799
1802
1804
1812
1817
1830
1830
1851
1867
1885
1881
1892
1892
1894
1881
1891
1899
1912
1918
1928
1935
1932
1916
1916
1903
1898
1914
1922
1917
1906
1914
1951
1974
1979
1979
1975
1982
1973
1973
1995
2002
2003
2001
2016
2023
2023
2032
2030
2036
2050
2053
2054
2053
2050
2052
2043
2029
2017
1987
1963
1959
1959
1963
1965
1955
1970
1975
1972
1983
1979
1970
1966
1969
1967
1974
1995
2009
2015
2015
2024
2042
2054
2065
2072
2079
2065
2045
2054
2045
2041
2026
1995
1981
1953
1944
1947
1950
1956
1957
1972
1976
1983
1983
1992
1991
1993
1993
1999
1999
1997
2002
2003
2006
2017
2013
2011
2004
2009
2015
2024
2032
2035
2020
2025
2031
2030
2028
2034
2030
2022
2022
2015
2029
2024
2020
2010
2007
2018
2024
2036
2064
2065
2054
2067
2077
2081
2086
2078
2088
2095
2096
2103
2109
2120
2123
2125
2125
2124
2123
2106
2096
2078
2054
2028
2001
1982
1963
1951
1932
1926
1937
1960
1987
2004
2006
2021
2017
2014
2004
1981
1963
1942
1932
1921
1940
1941
1934
1918
1924
1937
1959
1978
1978
1989
1999
1990
1987
1980
1977
1976
1978
1984
1994
2002
2009
2021
2015
2030
2033
2034
2041
2036
2016
2005
2001
2007
2007
2014
2023
2037
2044
2046
2041
2051
2056
2049
2040
2010
1996
1983
1973
1973
1978
1975
1999
2008
2022
2032
2035
2034
2031
2033
2038
2042
2052
2050
2050
2037
2040
2030
2024
2030
2019
2012
2025
2044
2066
2083
2107
2105
2123
2138
2145
2150
2166
2187
2198
2221
2245
2254
2248
2237
2223
2203
2165
2158
2154
2149
2142
2125
2115
2126
2117
2112
2113
2111
2119
2128
2124
2123
2131
2127
2122
2118
2125
2115
2105
2097
2112
2118
2129
2116
2120
2112
2124
2133
2144
2133
2125
2119
2113
2105
2106
2119
2114
2136
2144
2137
2156
2160
2165
2163
2142
2124
2098
2070
2053
2034
2025
2023
2018
2036
2042
2037
2050
2060
2082
2099
2117
2133
2131
2126
2146
2151
2161
2159
2161
2172
2186
2211
2197
2172
2176
2184
2184
2192
2175
2173
2180
2179
2175
2169
2162
2156
2160
2159
2171
2160
2160
2173
2185
2180
2184
2190
2208
2203
2196
2192
2192
2204
2223
2230
2243
2261
2266
2277
2280
2284
2275
2277
2272
2266
2258
2260
2267
2264
2269
2247
2240
2255
2270
2288
2298
2302
2290
2291
2287
2287
2287
2276
2275
2265
2269
2247
2240
2244
2255
2251
2264
2263
2273
2285
2292
2290
2284
2269
2261
2255
2250
2257
2259
2248
2243
2231
2226
2223
2213
2203
2195
2201
2202
2208
2207
2205
2183
2184
2198
2202
2198
2188
2200
2202
5835
2031
2038
2033
2012
2008
1983
1986
1993
2025
2049
2071
2094
2091
2104
2064
2020
1967
1948
1954
1982
1986
2004
2003
2043
2047
2062
2055
2041
1967
1884
1812
1776
1747
1745
1743
1763
1795
1842
1883
1926
1968
2007
2044
2062
2077
2071
2087
2071
2069
2064
2083
2108
2146
2188
2257
2276
2295
2284
2303
2298
2304
2282
2281
2255
2250
2232
2242
2253
2273
2274
2284
2299
2317
2333
2320
2295
2272
2228
2169
2121
2065
2032
1995
1981
1975
1996
2023
2078
2116
2180
2236
2295
2304
2294
2245
2203
2139
2108
2060
2039
2025
2015
2007
1997
2009
2053
2101
2124
2136
2118
2085
2037
1998
1958
1919
1911
1929
1979
2042
2104
2164
2191
2226
2227
2241
2240
2260
2262
2276
2271
2294
2299
2307
2271
2238
2194
2156
2102
2070
2044
2028
2040
2047
2078
2097
2102
2106
2105
2086
2088
2095
2108
2140
2169
2164
2160
2137
2094
2025
1980
1967
1984
1995
1973
1915
1860
1818
1803
1777
1776
1804
1832
1881
1924
1955
1985
2011
2039
2086
2088
2078
2093
2087
2067
2029
1972
1905
1863
1843
1837
1842
1860
1887
1905
1930
1964
1974
1967
1958
1943
1943
1952
1969
1976
1964
1920
1888
1860
1845
1812
1751
1698
1640
1595
1570
1579
1610
1663
1730
1781
1830
1882
1920
1908
1882
1864
1860
1846
1845
1818
1790
1772
1743
1707
1702
1721
1753
1764
1747
1714
1683
1656
1623
1617
1623
1659
1696
1741
1770
1787
1782
1792
1783
1769
1754
1748
1751
1756
1740
1724
1721
1745
1778
1785
1798
1813
1827
1826
1821
1791
1750
1677
1598
1541
1525
1539
1578
1610
1638
1633
1627
1583
1504
1431
1355
1319
1312
1347
1399
1461
1539
1583
1601
1623
1647
1671
1692
1710
1727
1745
1724
1720
1684
1660
1660
1675
1667
1659
1627
1577
1486
1368
1242
1153
1092
1075
1074
1099
1129
1170
1213
1294
1448
1543
1629
1691
1738
1746
1733
1695
1664
1625
1591
1547
1511
1481
1487
1478
1502
1531
1519
1524
1543
1579
1627
1656
1605
1531
1423
1327
1225
1153
1058
987
919
906
897
929
988
1084
1197
1310
1374
1403
1405
1409
1392
1362
1311
1247
1175
1137
1117
1103
1131
1158
1203
1226
1241
1235
1261
1289
1333
1357
1383
1407
1487
1584
1689
1773
1830
1857
1888
1917
1945
1932
1913
1894
1899
1915
1936
1926
1849
1747
1623
1527
1457
1411
1371
1375
1359
1348
1337
1366
1419
1480
1524
1578
1650
1701
1728
1727
1701
1681
1663
1657
1627
1603
1595
1589
1598
1596
1596
1624
1644
1665
1675
1699
1733
1756
1791
1816
1846
1866
1883
1893
1895
1903
1908
1887
1820
1742
1685
1646
1619
1605
1590
1601
1642
1695
1755
1822
1863
1856
1796
1714
1612
1537
1488
1461
1461
1458
1467
1487
1567
1647
1736
1825
1873
1908
1912
1923
1927
1930
1908
1878
1842
1806
1744
1694
1621
1603
1595
1639
1650
1691
1675
1645
1598
1545
1476
1393
1319
1231
1160
1120
1141
1179
1279
1366
1459
1517
1603
1665
1731
1744
1748
1730
1729
1701
1679
1657
1659
1627
1590
1551
1551
1587
1640
1705
1763
1806
1821
1849
1865
1881
1907
1936
1947
1944
1895
1824
1740
1671
1573
1459
1312
1235
1184
1185
1197
1239
1295
1356
1389
1409
1393
1366
1355
1335
1309
1282
1279
1293
1305
1323
1341
1358
1378
1378
1389
1387
1381
1383
1424
1463
1520
1573
1658
1745
1822
1911
1978
2038
2063
2059
2021
1991
1978
2004
2023
2030
2035
2051
2065
2064
2044
2042
2058
2075
2099
2119
2135
2151
2172
2210
2269
2328
2383
2406
2402
2368
2306
2243
2163
2048
1945
1846
1743
1717
1721
1730
1761
1803
1859
1902
1939
1945
1930
1925
1908
1875
1863
1882
1944
2003
2057
2103
2144
2177
2187
2167
2132
2104
2088
2085
2098
2088
2096
2144
2179
2214
2246
2282
2302
2311
2295
2258
2201
2177
2167
2171
2172
2176
2174
2204
2219
2240
2243
2244
2236
2240
2217
2214
2207
2227
2262
2272
2302
2338
2370
2377
2397
2395
2381
2361
2359
2335
2327
2302
2294
2267
2249
2258
2307
2372
2426
2448
2463
2478
2455
2413
2395
2398
2390
2384
2358
2346
2326
2316
2285
2246
2193
2140
2081
2054
2047
2055
2064
2106
2142
2173
2230
2275
2322
2376
2405
2421
2438
2457
2446
2442
2430
2412
2394
2370
2355
2352
2343
2320
2286
2235
2183
2123
2069
2020
1979
1940
1890
1854
1807
1785
1793
1822
1875
1933
1971
2003
2014
2025
2056
2088
2111
2109
2082
2051
2022
1983
1958
1952
1932
1912
1892
1886
1894
1896
1862
1839
1822
1826
1853
1898
1946
2003
2015
2019
1994
1982
1976
1956
1946
1931
1911
1902
1907
1951
1998
2043
2075
2094
2110
2108
2105
2078
2043
1999
2004
2006
2040
2029
1986
1941
1879
1818
1758
1705
1652
1619
1585
1594
1618
1708
1815
1895
1962
2025
2092
2117
2122
2124
2105
2069
2018
1995
1991
1991
1987
2007
2018
2026
2045
2061
2079
2076
2059
2017
2009
1980
1976
1969
2016
2073
2144
2188
2237
2250
2266
2265
2267
2272
2270
2267
2238
2220
2192
2179
2155
2129
2086
2056
2023
2026
2037
2081
2123
2144
2164
2193
2215
2228
2234
2241
2245
2241
2240
2239
2273
2294
2321
2312
2310
2290
2285
2268
2270
2264
2255
2230
2181
2141
2102
2088
2085
2086
2071
2063
2062
2075
2071
2056
2025
2018
2009
2009
2006
2019
2040
2080
2102
2143
2156
2149
2176
2219
2246
2268
2284
2291
2276
2242
2221
2204
2200
2214
2234
2222
2201
2181
2150
2122
2085
2034
1976
1924
1867
1815
1798
1809
1841
1885
1898
1892
1894
1874
1848
1857
1868
1873
1917
1954
2001
2058
2132
2172
2199
2215
2218
2201
2192
2191
2156
2092
1986
1900
1808
1735
1681
1650
1589
1577
1545
1531
1490
1475
1481
1511
1574
1641
1709
1766
1809
1827
1847
1863
1925
1965
2011
2007
2012
2007
2036
2038
2060
2084
2094
2101
2107
2101
2105
2097
2078
2080
2054
2058
2063
2089
2092
2085
2043
2015
1969
1938
1914
1908
1903
1934
2007
2046
2070
2061
2040
2010
1972
1940
1899
1868
1840
1817
1847
1884
1927
1953
1976
1996
2034
2072
2071
2069
2059
2057
2048
2045
2015
1969
1925
1906
1896
1892
1901
1901
1877
1842
1796
1734
1688
1640
1587
1538
1522
1559
1626
1720
1780
1829
1848
1870
1899
1919
1897
1854
1792
1736
1669
1632
1601
1579
1601
1648
1692
1736
1808
1861
1904
1936
1962
1970
1962
1939
1893
1845
1796
1728
1677
1615
1579
1547
1555
1583
1642
1707
1807
1906
2013
2082
2123
2160
2174
2168
2128
2090
2050
2054
2080
2097
2061
2025
2018
2040
2063
2089
2131
2163
2166
2141
2105
2076
2058
2045
2018
2009
2000
1983
1998
2019
2061
2061
2104
2124
2140
2145
2164
2162
2159
2150
2145
2135
2127
2119
2104
2082
2028
1981
1948
1950
1931
1944
1942
1961
1929
1922
1940
1981
2036
2095
2143
2198
2188
2158
2115
2074
2051
2010
1967
1926
1873
1827
1793
1766
1761
1749
1757
1775
1822
1859
1935
1962
1991
1999
1993
1968
1955
1964
1999
2000
1989
1980
1963
1959
1966
1984
2007
2029
2059
2109
2167
2203
2229
2235
2246
2202
2117
2035
1963
1901
1856
1817
1772
1759
1757
1807
1879
1952
2004
2003
1987
1986
1992
1992
1967
1943
1943
1965
1995
2063
2119
2144
2156
2161
2152
2141
2125
2083
2046
2022
2019
2037
2089
2138
2193
2230
2250
2254
2255
2252
2246
2232
2212
2167
2051
1950
1840
1738
1661
1609
1521
1519
1532
1559
1591
1683
1763
1838
1922
1989
2039
2067
2098
2112
2119
2140
2145
2122
2095
2086
2078
2043
2011
1969
1952
1909
1878
1847
1843
1834
1855
1867
1880
1863
1859
1846
1824
1812
1801
1781
1719
1715
1730
1772
1782
1796
1829
1864
1932
1999
2042
2080
2108
2126
2138
2148
2145
2131
2120
2087
2067
2032
1994
1966
1968
1985
1985
1975
1961
1952
1927
1929
1956
2003
2043
2086
2167
2242
2294
2355
2410
2457
2480
2490
2489
2394
2353
2307
2273
2251
2209
2182
2146
2120
2097
2096
2132
2161
2174
2173
2191
2203
2207
2185
2161
2146
2151
2151
2116
2057
2020
2033
2060
2076
2090
2116
2142
2200
2261
2346
2434
2483
2520
2574
2598
2614
2617
2608
2570
2549
2527
2534
2536
2554
2547
2549
2520
2509
2476
2431
2374
2315
2282
2247
2246
2233
2234
2226
2263
2294
2327
2346
2394
2423
2459
2494
2526
2529
2552
2561
2599
2604
2581
2560
2528
2507
2489
2479
2456
2452
2440
2455
2474
2503
2499
2490
2456
2449
2468
2471
2480
2475
2467
2475
2492
2508
2514
2495
2488
2444
2394
2337
2306
2287
2296
2298
2304
2303
2297
2304
2334
2374
2413
2441
2456
2465
2458
2440
2456
2482
2510
2543
2567
2575
2585
2580
2568
2547
2510
2502
2505
2505
2498
2480
2457
2432
2397
2359
2329
2349
2366
2394
2443
2466
2473
2450
2414
2366
2296
2248
2178
2139
2095
2065
2053
2085
2126
2163
2201
2188
2178
2158
2141
2142
2157
2176
2217
2231
2254
2278
2327
2352
2368
2374
2388
2395
2372
2335
2273
2222
2195
2194
2198
2209
2229
2281
2308
2347
2359
2403
2428
2440
2402
2376
2354
2335
2318
2296
2291
2276
2276
2300
2332
2340
2357
2385
2416
2442
2476
2484
2500
2473
2483
2468
2475
2491
2506
2511
2511
2488
2459
2423
2381
2355
2342
2340
2330
2367
2404
2452
2465
2476
2474
2479
2477
2482
2452
2418
2352
2305
2278
2269
2268
2251
2228
2209
2219
2255
2305
2325
2338
2323
2311
2302
2308
2310
2318
2297
2263
2225
2205
2188
2168
2163
2146
2133
2111
2117
2134
2138
2150
2157
2154
2181
2218
2269
2319
2374
2428
2448
2469
2476
2482
2477
2453
2424
2366
2281
2201
2115
2032
1967
1923
1898
1900
1929
1964
1997
2025
2055
2089
2107
2149
2184
2178
2147
2097
2042
1980
1915
1869
1847
1833
1831
1836
1862
1917
1977
2066
2099
2129
2144
2153
2163
2150
2154
2158
2157
2127
2109
2086
2090
2123
2146
2164
2183
2194
2202
2193
2212
2233
2259
2240
2232
2211
2177
2135
2073
2000
1927
1830
1771
1752
1797
1837
1894
1978
2035
2113
2129
2174
2181
2209
2223
2236
2204
2175
2161
2159
2156
2144
2112
2092
2079
2083
2104
2093
2099
2109
2139
2176
2234
2256
2269
2277
2265
2215
2193
2177
2184
2179
2203
2216
2237
2265
2259
2247
2231
2205
2180
2175
2149
2127
2105
2087
2078
2100
2109
2134
2153
2173
2162
2160
2162
2157
2133
2098
2074
2069
2069
2073
2069
2076
2106
2148
2194
2212
2244
2292
2328
2376
2390
2381
2381
2391
2393
2410
2431
2451
2454
2451
2436
2407
2383
2360
2324
2232
2180
2148
2112
2071
2051
2043
2033
2008
1994
1977
1980
1989
2024
2052
2067
2093
2099
2099
2108
2106
2106
2111
2128
2172
2192
2218
2253
2309
2354
2395
2405
2408
2416
2430
2408
2392
2354
2315
2291
2268
2257
2250
2245
2245
2222
2185
2152
2120
2096
2059
2055
2059
2083
2093
2095
2109
2144
2181
2228
2277
2273
2240
2211
2153
2109
2067
2024
1997
1998
2017
2060
2109
2140
2183
2199
2236
2278
2326
2349
2354
2334
2320
2294
2290
2289
2290
2290
2273
2265
2238
2213
2156
2122
2087
2076
2054
2042
2031
2040
2053
2079
2098
2144
2194
2239
2261
2294
2301
2321
2316
2290
2235
2192
2141
2080
2032
1989
1953
1898
1839
1803
1814
1820
1860
1888
1897
1893
1895
1895
1892
1915
1930
1970
2011
2083
2208
2299
2338
2353
2329
2295
2239
2179
2099
2072
2046
2026
2011
2004
1979
1988
2039
2077
2108
2133
2137
2153
2177
2189
2205
2193
2167
2141
2111
2086
2072
2065
2082
2107
2141
2178
2201
2212
2204
2165
2093
2058
2049
2070
2115
2160
2216
2257
2309
2331
2343
2348
2342
2308
2277
2232
2154
2090
2022
1971
1942
1929
1946
1975
2012
2046
2079
2102
2119
2138
2161
2190
2201
2201
2183
2190
2197
2206
2210
2212
2189
2165
2174
2161
2191
2223
2257
2264
2273
2268
2269
2313
2369
2402
2445
2478
2514
2511
2514
2495
2490
2486
2473
2453
2414
2370
2319
2264
2228
2199
2180
2193
2208
2230
2233
2270
2292
2369
2439
2503
2553
2575
2589
2585
2571
2564
2544
2523
2482
2457
2473
2480
2503
2509
2538
2548
2564
2564
2579
2571
2588
2582
2607
2599
2595
2586
2586
2585
2585
2585
2567
2563
2550
2536
2505
2478
2451
2448
2422
2426
2435
2465
2481
2524
2535
2542
2520
2540
2549
2557
2560
2538
2496
2460
2419
2380
2357
2334
2348
2351
2381
2415
2459
2490
2546
2578
2595
2615
2628
2608
2571
2524
2475
2442
2407
2375
2354
2335
2316
2299
2330
2386
2406
2450
2484
2522
2552
2578
2594
2597
2571
2552
2525
2494
2472
2462
2446
2447
2442
2423
2403
2367
2318
2267
2195
2160
2149
2133
2131
2168
2211
2236
2262
2307
2351
2384
2410
2433
2445
2467
2465
2459
2448
2436
2449
2447
2465
2475
2475
2469
2444
2419
2408
2403
2415
2434
2464
2462
2461
2445
2445
2445
2455
2471
2504
2511
2493
2468
2452
2445
2420
2437
2407
2394
2382
2379
2390
2398
2418
2452
2460
2469
2460
2460
2482
2496
2495
2480
2480
2452
2443
2437
2446
2436
2445
2434
2390
2378
2376
2382
2408
2414
2413
2395
2376
2380
2372
2375
2385
2391
2369
2354
2342
2339
2319
2307
2267
2238
2215
2222
2224
2244
2253
2268
2295
2332
2337
2353
2346
2346
2349
2347
2374
2399
2411
2416
2446
2452
2472
2458
2457
2462
2462
2448
2428
2397
2384
2369
2370
2356
2346
2325
2335
2340
2367
2404
2449
2488
2506
2507
2482
2462
2384
2305
2199
2138
2082
2052
1997
1977
1956
1954
1959
1971
1967
1978
1998
2011
2013
2015
2046
2104
2163
2218
2290
2318
2357
2366
2346
2282
2231
2183
2128
2090
2080
2064
2091
2113
2160
2193
2212
2224
2233
2226
2200
2176
2166
2174
2157
2151
2127
2097
2069
2053
2043
2020
2023
2077
2134
2193
2247
2287
2315
2346
2362
2358
2335
2295
2250
2222
2169
2116
2049
2003
1977
1993
2012
2032
2036
2034
2023
2046
2085
2110
2111
2111
2125
2118
2101
2087
2090
2113
2128
2127
2117
2093
2069
2029
1980
1937
1923
1899
1897
1912
1978
2020
2069
2118
2149
2151
2138
2134
2109
2101
2066
2045
2021
2012
2008
2036
2074
2127
2179
2211
2221
2207
2149
2066
1945
1842
1735
1646
1586
1532
1501
1511
1569
1627
1705
1771
1862
1920
1993
2030
2092
2115
2128
2120
2124
2116
2093
2071
2058
2061
2054
2064
2076
2117
2164
2196
2225
2261
2275
2307
2318
2353
2365
2351
2322
2312
2283
2268
2254
2239
2220
2200
2140
2115
2129
2140
2157
2147
2155
2147
2140
2121
2120
2093
2075
2060
2046
2021
2003
2004
2005
2027
2039
2071
2090
2124
2170
2225
2250
2266
2269
2280
2290
2267
2196
2141
2074
2026
1996
1976
1979
1991
1978
1971
1963
1947
1917
1875
1844
1838
1859
1863
1900
1931
1987
2032
2105
2154
2183
2174
2167
2155
2159
2148
2169
2180
2196
2205
2171
2136
2074
2031
1990
1959
1920
1891
1847
1840
1829
1851
1877
1907
1917
1924
1903
1891
1886
1912
1919
1910
1901
1879
1833
1775
1702
1608
1561
1531
1519
1491
1467
1460
1446
1412
1381
1371
1384
1435
1472
1502
1524
1564
1596
1625
1643
1655
1675
1701
1736
1776
1847
1924
2024
2092
2120
2094
2030
1947
1882
1824
1781
1763
1764
1796
1842
1900
1966
2034
2080
2075
2042
1989
1914
1855
1784
1737
1677
1666
1656
1694
1731
1800
1867
1917
1927
1916
1892
1886
1857
1798
1751
1708
1661
1607
1560
1497
1481
1488
1511
1531
1579
1605
1654
1711
1763
1791
1811
1779
1730
1721
1742
1758
1768
1755
1771
1825
1840
1813
1791
1759
1711
1695
1674
1662
1643
1646
1650
1645
1630
1597
1583
1601
1640
1675
1723
1731
1750
1763
1782
1786
1835
1860
1891
1908
1922
1937
1962
1981
2037
2063
2047
2006
1958
1906
1854
1813
1780
1767
1765
1787
1807
1854
1916
2001
2069
2098
2088
2071
2052
2057
2039
2019
1999
1983
1993
1987
2006
2026
2053
2092
2134
2135
2140
2107
2087
2069
2101
2125
2159
2171
2174
2165
2161
2155
2149
2154
2190
2211
2208
2183
2147
2119
2094
2078
2077
2096
2109
2121
2111
2147
2174
2214
2242
2261
2259
2251
2226
2210
2174
2155
2121
2101
2099
2121
2156
2194
2210
2228
2270
2280
2287
2264
2237
2214
2176
2128
2073
2027
1990
1968
1981
1973
1962
1923
1871
1847
1829
1824
1845
1876
1914
1951
2054
2135
2223
2287
2338
2354
2369
2370
2320
2254
2185
2135
2106
2101
2112
2078
2065
2060
2074
2093
2128
2159
2190
2216
2241
2222
2188
2148
2096
2025
1958
1874
1806
1801
1847
1933
2022
2110
2184
2246
2286
2299
2298
2302
2292
2286
2258
2258
2246
2241
2251
2270
2265
2259
2250
2218
2168
2132
2084
2050
2043
2060
2087
2108
2155
2193
2225
2234
2235
2225
2225
2213
2226
2240
2265
2302
2330
2333
2328
2317
2300
2294
2290
2292
2300
2328
2345
2370
2376
2360
2307
2275
2226
2206
2182
2169
2130
2103
2078
2071
2047
2054
2036
2031
2053
2064
2056
2027
2011
1984
1986
1986
2015
2031
2054
2045
2052
2031
2021
2003
1958
1915
1896
1870
1862
1857
1838
1825
1811
1809
1817
1825
1837
1886
1919
1959
2030
2097
2163
2213
2246
2276
2277
2284
2273
2287
2301
2324
2330
2334
2312
2276
2229
2177
2141
2115
2086
2059
2072
2080
2107
2121
2141
2115
2087
2041
1991
1942
1883
1857
1831
1829
1845
1865
1891
1945
2019
2041
2031
2028
2032
2039
2012
2005
2018
2029
2039
2042
2057
2030
1995
1977
1933
1923
1923
1934
1938
1903
1884
1890
1934
1968
2010
2020
2024
2035
2037
2045
2043
2056
2082
2094
2073
2075
2104
2112
2130
2129
2114
2091
2092
2115
2133
2099
2044
1999
1958
1932
1931
1946
1987
2043
2132
2217
2293
2345
2370
2361
2339
2303
2273
2223
2194
2184
2167
2151
2138
2124
2105
2087
2050
1979
1929
1915
1906
1910
1912
1932
1951
1967
2010
2058
2111
2151
2193
2204
2214
2200
2220
2209
2225
2217
2210
2199
2207
2202
2197
2185
2187
2182
2186
2185
2171
2182
2196
2188
2145
2109
2059
2044
2022
2042
2019
2012
2021
2039
2068
2108
2130
2163
2182
2211
2219
2225
2209
2178
2163
2143
2111
2066
2033
1980
1950
1919
1902
1833
1739
1647
1594
1561
1555
1550
1575
1635
1750
1835
1917
1965
2027
2079
2117
2142
2161
2154
2119
2067
2015
2026
2051
2113
2155
2209
2234
2288
2327
2351
2350
2335
2309
2281
2267
2258
2274
2314
2336
2354
2375
2393
2429
2452
2461
2470
2478
2469
2487
2490
2487
2468
2460
2450
2446
2450
2462
2442
2403
2369
2339
2269
2185
2115
2049
2019
2014
2041
2086
2126
2138
2176
2202
2240
2254
2277
2310
2346
2388
2435
2467
2483
2482
2464
2424
2394
2355
2325
2309
2294
2282
2261
2276
2291
2326
2296
2291
2270
2231
2177
2107
2039
1959
1914
1877
1890
1904
1931
1958
1987
2011
2031
2049
2066
2093
2129
2153
2156
2156
2181
2193
2191
2197
2207
2206
2194
2198
2223
2257
2312
2357
2390
2415
2430
2418
2420
2398
2358
2320
2297
2282
2296
2283
2289
2292
2280
2262
2268
2286
2286
2282
2275
2256
2261
2260
2256
2221
2168
2135
2111
2098
2079
2079
2051
2009
2009
2033
2066
2101
2140
2188
2227
2272
2311
2320
2304
2286
2257
2222
2210
2228
2259
2275
2299
2323
2377
2388
2381
2329
2264
2220
2197
2177
2172
2167
2177
2184
2195
2199
2198
2180
2151
2133
2100
2068
2027
2017
1983
1958
1915
1897
1896
1938
1982
2041
2108
2171
2212
2242
2263
2276
2277
2253
2260
2250
2234
2201
2183
2174
2177
2184
2215
2214
2216
2207
2207
2163
2136
2100
2060
2012
1990
1972
1945
1909
1890
1883
1895
1951
2017
2097
2160
2212
2222
2218
2201
2197
2154
2098
2030
2011
2026
2044
2083
2113
2134
2113
2098
2126
2132
2117
2111
2104
2084
2050
2005
1920
1883
1865
1898
1925
1962
1997
2029
2080
2091
2096
2094
2089
2086
2068
2067
2022
1992
1996
1998
2005
2015
2034
2045
2096
2141
2187
2230
2259
2279
2292
2301
2282
2280
2277
2279
2264
2220
2149
2063
1974
1896
1859
1859
1876
1907
1930
1955
1987
1975
1946
1910
1890
1906
1932
1946
1949
1967
1966
1975
1988
2020
2045
2071
2103
2103
2080
2080
2065
2070
2063
2043
1989
1953
1891
1848
1804
1772
1736
1701
1701
1709
1722
1719
1711
1681
1658
1632
1603
1571
1563
1551
1567
1601
1657
1713
1801
1884
1955
1989
2011
2024
2042
2093
2142
2198
2228
2256
2251
2257
2245
2221
2172
2138
2095
2059
2024
1988
1945
1909
1870
1835
1803
1780
1780
1809
1835
1888
1972
2034
2093
2128
2155
2137
2113
2078
2052
2043
2053
2055
2058
2073
2079
2084
2087
2087
2099
2100
2091
2095
2086
2066
2038
2049
2026
2027
2019
2018
2018
2032
2076
2123
2148
2174
2175
2182
2192
2226
2252
2286
2306
2322
2339
2361
2374
2369
2359
2333
2314
2264
2241
2194
2145
2068
2003
1966
1937
1919
1914
1929
1985
2035
2092
2129
2158
2172
2158
2160
2158
2187
2194
2198
2201
2214
2239
2235
2221
2190
2155
2146
2119
2065
2042
2029
2030
2015
2031
2017
2014
2023
2013
2003
2013
2045
2115
2155
2165
2172
2176
2174
2182
2188
2210
2215
2207
2210
2216
2200
2174
2148
2137
2131
2129
2148
2165
2183
2161
2107
2062
2002
1944
1888
1849
1847
1857
1899
1967
2024
2066
2114
2147
2165
2162
2144
2142
2134
2118
2095
2065
2048
2051
2099
2146
2181
2195
2232
2266
2302
2323
2338
2326
2333
2348
2350
2362
2376
2392
2409
2445
2462
2474
2475
2495
2483
2477
2456
2447
2428
2393
2349
2329
2307
2300
2285
2267
2259
2252
2275
2292
2326
2341
2369
2348
2335
2320
2323
2319
2321
2300
2314
2329
2343
2343
2338
2319
2296
2268
2239
2226
2211
2224
2231
2265
2266
2275
2242
2218
2185
2167
2152
2148
2139
2130
2077
1995
1940
1925
1956
1996
2019
2021
2048
2087
2116
2100
2090
2068
2057
2032
1987
1934
1914
1889
1901
1890
1899
1882
1908
1945
1966
1991
2031
2082
2144
2186
2231
2286
2305
2305
2282
2264
2226
2218
2191
2170
2127
2097
2068
2036
1983
1937
1901
1879
1883
1867
1903
1915
1909
1919
1949
1982
2003
2017
2039
2057
2073
2079
2102
2131
2123
2076
2026
1991
1969
1944
1925
1933
1933
1934
1967
1997
2043
2051
2060
2035
2019
1999
1978
1960
1962
1959
1962
1961
1962
1967
1935
1888
1842
1824
1829
1885
1922
1931
1947
1961
1970
1979
1958
1903
1823
1748
1675
1643
1610
1580
1543
1550
1583
1623
1676
1731
1787
1826
1853
1880
1915
1962
2030
2095
2125
2124
2102
2057
2035
1999
1968
1916
1871
1820
1800
1783
1765
1731
1720
1739
1765
1777
1758
1693
1633
1615
1592
1579
1580
1613
1641
1711
1774
1835
1877
1909
1908
1894
1855
1778
1727
1683
1645
1613
1591
1567
1559
1589
1635
1686
1756
1795
1845
1879
1919
1905
1915
1940
1996
2070
2131
2168
2192
2210
2189
2160
2116
2085
2035
2000
1953
1897
1843
1825
1812
1825
1857
1911
1958
2010
2059
2108
2164
2202
2209
2233
2245
2248
2238
2218
2210
2207
2213
2188
2141
2077
2026
1957
1910
1866
1879
1889
1923
1952
1993
2008
1991
1959
1924
1891
1881
1913
1947
1985
2024
2064
2076
2084
2075
2086
2093
2102
2125
2137
2096
2082
2085
2093
2104
2109
2099
2123
2159
2195
2218
2241
2254
2238
2220
2216
2216
2220
2188
2121
2074
2026
2001
1988
1995
2002
2019
2058
2087
2123
2143
2153
2145
2114
2086
2030
2015
1997
2009
2014
2019
2033
2050
2082
2094
2084
2068
2069
2071
2081
2075
2092
2092
2086
2074
2069
2044
2017
1994
1982
1979
1996
1997
2011
2008
1996
1976
1969
1977
1991
1982
1983
1999
2038
2081
2097
2125
2137
2172
2207
2238
2246
2274
2269
2294
2297
2294
2255
2208
2138
2069
1969
1885
1834
1815
1801
1771
1767
1785
1807
1831
1867
1893
1928
1941
1973
1973
1980
1981
1983
1993
2009
2024
2026
2044
2095
2146
2211
2270
2284
2289
2266
2232
2160
2110
2055
1999
1951
1925
1876
1856
1830
1826
1832
1857
1894
1947
1993
2041
2055
2031
1996
1929
1871
1825
1811
1797
1818
1835
1879
1915
1949
1968
2002
2014
2029
2055
2070
2080
2079
2061
2014
1957
1877
1812
1745
1731
1720
1743
1767
1795
1840
1886
1934
1975
1973
1971
1929
1868
1799
1768
1743
1693
1635
1592
1544
1523
1501
1476
1458
1450
1457
1414
1382
1389
1429
1457
1466
1476
1512
1547
1604
1661
1727
1752
1785
1818
1846
1827
1766
1697
1640
1627
1621
1605
1613
1628
1658
1688
1740
1791
1833
1891
1929
1948
1977
2016
2050
2075
2072
2077
2067
2081
2064
2031
1969
1929
1880
1839
1809
1803
1809
1861
1909
1955
1998
2013
2042
2055
2083
2120
2150
2175
2204
2207
2225
2231
2246
2260
2273
2256
2227
2195
2168
2133
2121
2115
2135
2159
2188
2205
2225
2229
2234
2231
2201
2188
2155
2173
2168
2176
2165
2172
2162
2145
2124
2116
2091
2069
2044
2021
2007
1930
1936
1980
2053
2091
2138
2158
2208
2236
2264
2285
2293
2309
2303
2333
2365
2375
2367
2379
2393
2408
2399
2390
2360
2341
2330
2341
2353
2365
2375
2394
2402
2396
2390
2392
2416
2422
2414
2416
2433
2419
2418
2415
2419
2411
2396
2394
2416
2423
2447
2446
2443
2443
2446
2462
2478
2492
2498
2489
2477
2451
2427
2397
2366
2345
2312
2304
2285
2268
2269
2263
2254
2254
2262
2282
2316
2330
2341
2355
2377
2419
2450
2483
2507
2518
2522
2519
2486
2458
2434
2419
2411
2425
2420
2403
2382
2368
2351
2339
2338
2333
2318
2306
2253
2205
2154
2115
2082
2073
2102
2156
2233
2287
2346
2412
2470
2495
2516
2514
2529
2526
2525
2523
2507
2504
2494
2482
2456
2437
2399
2383
2363
2323
2285
2282
2251
2250
2236
2206
2197
2202
2218
2246
2300
2335
2363
2402
2431
2448
2470
2478
2465
2431
2390
2339
2319
2283
2261
2221
2208
2198
2223
2245
2262
2264
2265
2277
2289
2275
2268
2273
2258
2238
2203
2189
2164
2169
2173
2188
2202
2238
2262
2284
2306
2303
2307
2309
2313
2310
2299
2277
2268
2264
2248
2213
2189
2143
2114
2092
2104
2092
2095
2093
2118
2155
2207
2228
2247
2266
2283
2293
2286
2284
2277
2278
2247
2225
2195
2195
2181
2174
2159
2165
2179
2192
2190
2201
2204
2178
2140
2114
2078
2061
2072
2085
2119
2144
2167
2165
2156
2153
2168
2174
2192
2204
2216
2214
2220
2214
2227
2236
2245
2248
2234
2207
2169
2143
2137
2117
2096
2049
2004
1998
2019
2050
2078
2092
2119
2119
2094
2073
2062
2048
2020
2005
1976
1939
1903
1877
1891
1917
1928
1944
1944
1920
1895
1891
1878
1876
1871
1879
1895
1939
1992
2061
2120
2153
2158
2149
2120
2090
2057
2029
2012
1990
1976
1951
1942
1909
1897
1907
1956
1981
2002
1997
1990
1945
1927
1901
1907
1893
1886
1907
1938
1958
1967
1955
1929
1931
1963
2012
2054
2095
2116
2143
2139
2147
2154
2181
2189
2186
2171
2163
2161
2148
2139
2098
2086
2088
2090
2090
2120
2106
2079
2020
1964
1891
1824
1739
1670
1617
1608
1633
1698
1759
1836
1891
1939
1972
1991
2024
2066
2110
2140
2191
2247
2290
2291
2305
2287
2279
2248
2224
2190
2165
2139
2107
2052
1997
1945
1913
1831
1769
1708
1655
1616
1584
1583
1599
1667
1723
1780
1833
1908
1965
2011
2013
1986
1942
1913
1891
1880
1870
1871
1875
1890
1914
1929
1919
1891
1887
1902
1897
1915
1916
1934
1958
1986
2014
2034
2038
2021
2011
1999
2001
2020
2032
2033
2017
1996
1975
1957
1911
1881
1818
1757
1713
1665
1646
1654
1682
1720
1763
1795
1821
1866
1884
1905
1902
1895
1871
1847
1812
1814
1823
1818
1808
1813
1790
1764
1728
1725
1763
1804
1844
1859
1851
1823
1781
1753
1735
1705
1692
1701
1746
1803
1866
1897
1916
1903
1903
1887
1886
1844
1813
1755
1711
1677
1685
1730
1800
1875
1936
2039
2077
2073
2042
1999
1925
1875
1834
1834
1823
1823
1815
1829
1833
1844
1847
1881
1911
1927
1941
1991
2025
2035
2029
2031
2040
2047
2039
2025
2042
2029
2011
1970
1936
1895
1906
1929
1976
2023
2075
2125
2173
2206
2208
2208
2200
2195
2146
2109
2060
2044
2037
2060
2070
2084
2084
2102
2098
2107
2099
2106
2089
2086
2082
2111
2158
2205
2228
2229
2225
2219
2224
2229
2241
2233
2240
2229
2234
2231
2215
2217
2249
2247
2238
2238
2251
2243
2236
2212
2180
2157
2146
2154
2147
2129
2142
2175
2197
2224
2235
2255
2255
2255
2240
2245
2260
2274
2286
2268
2256
2225
2183
2115
2065
2020
1987
1964
1957
1972
1994
2030
2075
2105
2109
2121
2119
2113
2110
2136
2127
2138
2149
2139
2110
2070
2039
2002
1959
1920
1899
1895
1903
1913
1943
1988
2056
2106
2153
2187
2208
2213
2245
2279
2311
2321
2312
2277
2218
2139
2059
1957
1867
1786
1725
1687
1644
1635
1645
1723
1788
1859
1921
1965
1971
1963
1930
1886
1870
1850
1830
1805
1782
1776
1780
1789
1799
1800
1841
1856
1861
1855
1863
1868
1881
1882
1888
1878
1865
1819
1786
1757
1770
1797
1855
1913
1951
2002
2025
2029
2002
2010
2021
2050
2083
2110
2097
2100
2095
2102
2114
2132
2118
2097
2063
1997
1957
1894
1823
1737
1639
1534
1465
1402
1402
1395
1411
1418
1441
1494
1587
1702
1783
1838
1892
1930
1945
1967
1974
1967
1953
1973
1990
2007
2022
2051
2048
2035
1996
1951
1929
1918
1910
1904
1905
1907
1899
1897
1914
1924
1931
1928
1923
1933
1940
1941
1937
1924
1919
1915
1921
1847
1785
1727
1690
1675
1671
1687
1725
1768
1818
1870
1924
1987
2029
2071
2086
2113
2101
2069
2027
1962
1909
1846
1784
1751
1771
1801
1839
1894
1966
2033
2103
2195
2250
2270
2294
2301
2306
2300
2290
2297
2292
2280
2273
2281
2290
2311
2328
2379
2407
2416
2398
2367
2328
2282
2243
2218
2207
2202
2212
2210
2230
2219
2200
2178
2166
2162
2187
2189
2208
2230
2241
2225
2210
2170
2119
2092
2065
2039
2025
2009
2003
2036
2084
2129
2157
2180
2180
2189
2190
2218
2241
2281
2272
2265
2232
2199
2179
2155
2130
2113
2110
2102
2091
2051
2020
1999
2027
2036
2077
2100
2136
2118
2109
2095
2093
2085
2073
2041
2023
2025
2057
2091
2101
2110
2118
2124
2116
2113
2106
2104
2072
2030
1979
1930
1892
1863
1815
1771
1734
1713
1683
1690
1706
1724
1757
1787
1836
1886
1939
1965
1991
1988
1978
1957
1957
1972
1985
1978
1987
2005
2046
2059
2074
2078
2093
2097
2085
2066
2041
2019
1992
1966
1924
1873
1857
1865
1887
1925
1967
2016
2043
2079
2084
2061
2043
2013
1995
1989
1974
1967
1953
1913
1897
1893
1896
1921
1964
2007
2062
2102
2086
2071
2044
2022
1980
1956
1926
1904
1895
1908
1939
1982
2014
2057
2103
2132
2117
2074
2016
1941
1862
1777
1724
1702
1705
1731
1766
1816
1869
1903
1907
1925
1936
1928
1902
1846
1804
1764
1749
1750
1769
1801
1855
1934
2007
2076
2089
2085
2078
2079
2083
2103
2130
2123
2097
2078
2057
2035
2005
1961
1950
1958
1982
2010
2049
2083
2105
2118
2134
2152
2165
2138
2123
2092
2055
2027
2007
1979
1915
1861
1816
1797
1770
1746
1733
1716
1701
1718
1723
1749
1745
1784
1799
1819
1808
1819
1804
1785
1765
1745
1711
1681
1670
1667
1714
1758
1816
1847
1879
1891
1913
1931
1905
1825
1751
1665
1607
1534
1484
1444
1438
1442
1469
1511
1550
1562
1568
1595
1613
1652
1688
1734
1778
1823
1830
1836
1823
1807
1781
1812
1828
1869
1893
1919
1932
1918
1885
1861
1836
1851
1852
1837
1851
1864
1896
1950
1995
2011
2034
2031
2009
1998
1993
2002
2019
2028
2034
2061
2087
2095
2111
2122
2129
2119
2112
2120
2126
2122
2089
2043
1974
1926
1895
1858
1839
1836
1835
1852
1851
1862
1864
1858
1859
1853
1853
1871
1880
1879
1887
1920
1945
1974
1996
2057
2097
2128
2128
2150
2140
2111
2069
2054
2043
2019
1973
1869
1790
1738
1747
1772
1796
1810
1823
1850
1883
1905
1934
1942
1935
1925
1924
1922
1921
1914
1924
1941
1961
1967
1966
1961
1951
1957
1961
1968
1972
1996
1990
1997
1985
1979
1983
2002
1984
1966
1965
1979
1997
1993
1985
1982
1985
2010
2042
2075
2109
2098
2119
2130
2153
2148
2153
2154
2166
2171
2199
2209
2230
2238
2238
2253
2251
2255
2233
2174
2103
2045
1992
1915
1851
1820
1764
1739
1713
1726
1765
1866
1942
1995
2032
2049
2048
2033
2001
1937
1882
1800
1751
1740
1743
1775
1790
1785
1818
1874
1937
1975
1984
1969
1980
1979
1971
1940
1950
1950
1959
1974
2011
2031
2030
2036
2046
2069
2088
2092
2068
2042
1987
1966
1940
1945
1947
1964
1999
2033
2058
2067
2066
2083
2073
2038
2007
1957
1925
1896
1875
1874
1885
1906
1963
2010
2040
2034
2052
2058
2051
2048
2062
2083
2082
2056
2036
2026
2016
1999
2000
2018
2026
2037
2049
2085
2150
2199
2214
2236
2253
2270
2292
2313
2356
2402
2444
2488
2512
2516
2480
2417
2347
2287
2229
2191
2164
2131
2094
2089
2070
2058
2057
2063
2082
2109
2127
2137
2152
2162
2175
2167
2151
2131
2121
2127
2143
2138
2157
2168
2182
2199
2210
2203
2219
2205
2211
2186
2160
2129
2113
2098
2102
2110
2147
2209
2236
2250
2238
2266
2266
2258
2202
2115
2047
1999
1959
1922
1896
1907
1927
1970
1991
2008
2033
2090
2147
2206
2252
2265
2282
2285
2314
2319
2331
2330
2347
2353
2385
2391
2292
2246
2227
2233
2256
2276
2264
2257
2255
2254
2239
2232
2230
2212
2210
2209
2228
2219
2251
2259
2294
2344
2354
2345
2354
2344
2353
2363
2371
2391
2426
2449
2467
2483
2490
2509
2507
2505
2479
2466
2454
2434
2413
2404
2384
2368
2376
2376
2392
2421
2450
2463
2471
2472
2466
2461
2463
2449
2425
2400
2371
2318
2308
2292
2303
2315
2343
2352
2383
2416
2428
2430
2427
2407
2404
2384
2368
2374
2374
2380
2370
2357
2340
2316
2282
2251
2216
2210
2218
2236
2251
2264
2259
2241
2240
2246
2262
2273
2281
2276
2285
2293
47.29248047
1.661279321
999
