5835
2169
2172
2161
2209
2151
2183
2161
2188
2136
2165
2130
2172
2139
2163
2146
2192
2187
2199
2204
2181
2205
2198
2200
2160
2197
2192
2240
2172
2202
2141
2208
2149
2191
2132
2201
2166
2208
2149
2196
2173
2249
2178
2203
2176
2213
2198
2219
2201
2216
2191
2190
2163
2121
2116
2112
2104
2064
2068
2033
2085
2048
2087
2041
2087
2049
2083
2069
2108
2092
2141
2093
2113
2094
2137
2131
2126
2117
2126
2126
2109
2092
2086
2102
2107
2124
2080
2085
2073
2119
2067
2101
2067
2128
2120
2149
2111
2130
2120
2132
2097
2086
2073
2096
2095
2094
2087
2078
2135
2119
2151
2107
2180
2151
2166
2104
2139
2095
2158
2100
2144
2080
2143
2095
2115
2052
2100
2086
2138
2098
2125
2115
2125
2144
2123
2132
2111
2138
2089
2118
2066
2103
2061
2120
2080
2111
2076
2128
2109
2146
2112
2160
2143
2158
2120
2127
2110
2112
2118
2098
2116
2101
2150
2134
2164
2123
2167
2176
2241
2205
2234
2219
2235
2255
2264
2250
2242
2254
2227
2213
2146
2146
2118
2169
2100
2127
2089
2132
2122
2133
2085
2099
2099
2138
2113
2122
2141
2136
2182
2161
2176
2145
2189
2138
2176
2104
2152
2112
2165
2094
2139
2097
2138
2090
2093
2047
2053
2043
2057
2046
2034
2058
2035
2079
2048
2079
2042
2086
2035
2069
1998
2044
2020
2076
2017
2045
1995
2046
2023
2042
2010
2038
2053
2081
2066
2068
2080
2095
2098
2082
2075
2032
2054
2012
2036
1979
2024
2007
2050
2008
2021
1993
2031
2035
2043
2014
2032
2044
2051
2054
2025
2039
2053
2051
2023
2051
2012
2065
2035
2053
2007
2057
2063
2081
2069
2072
2076
2080
2074
2058
2054
2034
2069
2031
2050
2010
2078
2063
2088
2039
2091
2061
2118
2057
2100
2076
2135
2103
2121
2077
2106
2094
2113
2070
2080
2075
2087
2116
2080
2097
2081
2116
2085
2115
2045
2088
2038
2088
2029
2062
2024
2066
2036
2053
2032
2052
2046
2075
2056
2055
2081
2066
2119
2063
2097
2081
2142
2120
2160
2103
2127
2116
2153
2116
2142
2131
2137
2158
2158
2148
2136
2159
2137
2158
2133
2159
2135
2176
2140
2164
2138
2183
2187
2193
2182
2187
2201
2213
2205
2197
2207
2196
2224
2171
2188
2173
2220
2163
2182
2133
2174
2156
2197
2128
2163
2134
2154
2140
2139
2118
2136
2138
2145
2159
2129
2179
2179
2222
2202
2235
2233
2300
2226
2267
2192
2251
2211
2257
2204
2239
2193
2232
2186
2199
2159
2207
2185
2191
2184
2170
2195
2186
2190
2152
2154
2128
2175
2115
2132
2070
2117
2071
2082
2019
2025
1991
2018
2015
1998
1987
2012
2019
2001
2003
1972
2002
1994
2016
1959
1986
1959
1997
1986
2025
2017
2064
2021
2064
2039
2090
2081
2101
2063
2091
2091
2092
2066
2027
1999
1992
2013
1986
2001
1974
2024
2022
2072
2054
2104
2081
2115
2067
2100
2046
2081
2035
2053
2011
2050
2048
2070
2072
2066
2091
2104
2126
2091
2122
2064
2106
2053
2102
2048
2094
2055
2119
2074
2130
2100
2176
2156
2203
2149
2174
2179
2198
2181
2169
2172
2187
2189
2158
2182
2141
2189
2141
2146
2086
2133
2099
2140
2075
2087
2040
2086
2042
2076
2035
2077
2084
2094
2072
2074
2080
2089
2069
2037
2046
2063
2103
2078
2105
2087
2141
2126
2149
2129
2172
2153
2175
2133
2165
2152
2164
2157
2125
2100
2112
2127
2108
2113
2063
2103
2075
2102
2057
2089
2070
2135
2093
2131
2094
2159
2129
2162
2137
2149
2156
2178
2129
2110
2091
2095
2094
2038
2046
2008
2059
2042
2086
2055
2119
2080
2140
2092
2129
2073
2141
2093
2125
2092
2110
2087
2129
2110
2120
2115
2122
2171
2140
2156
2122
2168
2127
2150
2112
2125
2101
2155
2095
2116
2069
2125
2095
2122
2104
2113
2133
2145
2123
2115
2107
2110
2130
2081
2085
2076
2107
2050
2076
2035
2058
2031
2027
1992
2008
2007
2020
2022
1985
2003
2013
2041
2029
2054
2029
2079
2068
2100
2052
2092
2059
2112
2090
2126
2083
2148
2127
2162
2116
2151
2135
2147
2170
2150
2147
2155
2196
2161
2186
2108
2165
2135
2186
2117
2157
2128
2192
2155
2198
2136
2186
2152
2177
2126
2117
2132
2138
2144
2106
2106
2093
2111
2098
2119
2048
2083
2071
2108
2055
2072
2055
2091
2085
2090
2065
2075
2096
2089
2098
2058
2072
2076
2125
2072
2106
2092
2148
2147
2172
2132
2142
2142
2152
2113
2103
2096
2099
2124
2090
2085
2057
2101
2087
2134
2110
2126
2109
2147
2102
2109
2079
2067
2074
2062
2054
2044
2085
2079
2096
2049
2089
2053
2123
2062
2088
2025
2087
2073
2114
2063
2079
2043
2075
2033
2042
2074
2043
2095
2084
2111
2073
2119
2096
2157
2075
2117
2055
2128
2085
2142
2128
2148
2140
2173
2163
2178
2168
2190
2208
2163
2184
2107
2134
2086
2089
2018
2062
2004
2051
2009
2036
1987
2040
2018
2046
2053
2046
2050
2061
2053
2016
1995
1965
2007
1965
1977
1932
1961
1934
1960
1937
1942
1922
1953
1963
1956
1952
1968
2011
2006
2013
1980
2012
2000
2036
1987
2021
1986
2029
2017
2023
1969
1990
1975
1969
1977
1947
1979
1986
2025
1998
2029
1999
2058
2011
2044
1985
2016
1982
2016
1966
1964
1921
1941
1940
1957
1959
1983
2014
1996
2037
1976
1997
1973
2037
1981
2020
1963
2011
1981
2036
1989
2040
2020
2047
2048
2045
2028
2035
2036
2017
1983
1924
1954
1939
1977
1918
1934
1903
1943
1917
1928
1876
1896
1903
1932
1903
1901
1883
1883
1918
1889
1894
1885
1937
1928
1961
1925
1941
1955
1995
1957
1979
1981
2000
2033
2031
2035
2018
2053
2034
2029
1980
2003
1979
2041
1986
2016
1967
2027
2027
2055
2021
2023
2021
2048
2010
2021
2010
1995
2042
2013
2040
1995
2048
2023
2066
1998
2037
2001
2070
2028
2079
2041
2088
2112
2123
2121
2124
2152
2152
2152
2111
2148
2076
2137
2086
2121
2066
2113
2094
2134
2105
2126
2108
2144
2137
2142
2129
2096
2122
2111
2133
2071
2081
2051
2094
2080
2119
2080
2139
2140
2171
2131
2144
2127
2139
2144
2110
2094
2107
2135
2131
2164
2144
2184
2188
2231
2196
2219
2201
2223
2215
2202
2187
2195
2216
2215
2232
2199
2204
2173
2215
2163
2178
2136
2180
2171
2195
2146
2168
2143
2173
2138
2155
2165
2153
2174
2148
2158
2128
2153
2097
2120
2035
2076
2023
2084
2023
2080
2047
2060
2061
2093
2080
2095
2095
2124
2147
2118
2138
2102
2139
2103
2127
2069
2118
2069
2120
2065
2103
2064
2115
2063
2100
2070
2069
2066
2067
2051
2029
2035
2019
2068
2021
2047
2009
2063
2043
2057
2023
2036
2009
2048
2012
2005
1977
2005
2013
2003
2008
1969
1993
1982
1991
1951
1981
1962
2009
1987
1998
1959
2006
2003
2016
2018
2004
2021
2021
2032
1990
2019
1980
2042
1994
2025
1972
2030
1999
2036
2017
2033
2020
2073
2070
2071
2052
2088
2098
2094
2106
2051
2077
2052
2088
2036
2087
2016
2062
2013
2031
1964
1985
1931
1912
1884
1854
1826
1848
1863
1859
1864
1850
1920
1912
1967
1916
1950
1931
1998
1980
2016
1978
2019
2020
2040
2003
2020
2025
2034
2055
2033
2041
2046
2086
2068
2095
2063
2110
2106
2151
2114
2123
2109
2105
2125
2099
2101
2083
2094
2066
2046
2001
2019
1983
2019
1969
1986
1954
2020
2006
2016
1993
2006
2003
2031
2007
2004
2014
1984
2020
1993
2021
1976
2026
1990
2031
1975
2023
1981
2046
2003
2038
1995
2019
2016
1995
1969
1941
1948
1935
1935
1910
1966
1922
1997
1945
2002
1933
1996
1952
2017
1975
2011
1987
2047
2023
2051
2044
2020
2038
2016
2015
1985
1998
1984
1999
1934
1964
1911
1977
1950
1980
1918
1929
1917
1945
1909
1900
1882
1916
1915
1919
1941
1900
1949
1942
1982
1965
2017
1998
2039
1998
2013
1978
2017
2014
2025
2016
1994
2019
2030
2067
2045
2052
2043
2070
2034
2037
1983
2011
1987
1998
1950
1958
1952
1971
1973
1957
1953
1949
1975
1904
1926
1849
1887
1854
1897
1822
1858
1818
1860
1839
1866
1829
1883
1899
1944
1956
1935
1966
1958
1995
1971
1983
1925
1938
1885
1932
1859
1894
1841
1892
1845
1905
1883
1920
1935
1962
1934
1942
1949
1926
1953
1901
1912
1857
1908
1847
1847
1799
1828
1796
1840
1783
1805
1790
1835
1807
1805
1795
1783
1804
1807
1810
1805
1846
1853
1919
1892
1926
1907
1966
1939
1959
1953
1960
1985
1996
1972
1945
1944
1907
1943
1900
1911
1844
1882
1844
1895
1898
1931
1903
1951
1921
1934
1892
1920
1919
1912
1946
1906
1934
1921
1948
1906
1963
1904
1958
1909
1952
1899
1958
1927
1968
1954
1952
1925
1971
1969
1965
1944
1921
1975
1959
1992
1934
1958
1902
1931
1888
1916
1860
1909
1879
1900
1841
1874
1871
1903
1903
1886
1872
1878
1902
1882
1891
1837
1871
1856
1885
1830
1846
1835
1873
1884
1881
1863
1884
1904
1897
1866
1823
1832
1805
1846
1802
1834
1807
1859
1854
1893
1886
1921
1953
1986
1966
1961
1951
1929
1965
1926
1942
1919
1956
1945
1983
1943
1971
1941
1978
1947
1962
1928
1938
1963
1965
1967
1950
1974
1973
1992
1954
2000
1935
2009
1971
2011
1953
2025
1993
2034
1986
1996
1960
2018
1999
2005
1987
1950
1981
1981
1999
1952
1973
1964
2014
1959
2006
1934
1988
1942
1971
1895
1931
1914
1951
1933
1936
1924
1952
1952
1922
1940
1891
1934
1915
1948
1907
1943
1926
1997
1978
2031
1998
2062
2065
2081
2064
2042
2038
2052
2056
2036
2030
2044
2057
2037
2051
2009
2037
2029
2044
2000
2022
1999
2008
2020
2005
2009
2008
2037
2023
2046
1998
2029
2011
2060
2004
2050
2022
2044
2003
2019
1979
1979
1973
1980
1981
1957
1975
1957
1999
1953
1970
1924
1975
1945
1995
1931
1971
1924
1988
1922
1966
1947
1960
1967
1996
1989
1995
2006
1998
2071
2026
2057
2017
2087
2026
2056
2012
2054
2031
2097
2072
2121
2083
2159
2138
2129
2103
2086
2099
2084
2061
2009
2012
1983
2024
1983
2000
1959
2021
1984
2013
1969
1970
1962
1988
1975
1966
1966
1963
2007
1982
1978
1933
1991
1992
2025
2017
2043
2030
2086
2068
2069
2043
2079
2075
2075
2076
2044
2096
2100
2132
2106
2135
2092
2150
2126
2173
2126
2171
2138
2151
2134
2135
2120
2136
2147
2122
2106
2096
2151
2132
2170
2116
2151
2112
2163
2113
2137
2063
2107
2067
2104
2042
2056
2006
2002
1998
1963
1950
1924
1937
1900
1931
1892
1985
1983
2065
2036
2081
2074
2144
2124
2135
2088
2111
2089
2093
2051
2026
2043
2049
2062
2027
2055
2053
2113
2092
2121
2073
2098
2088
2123
2080
2115
2083
2091
2095
2068
2055
2040
2056
2039
2053
2003
2016
2009
2054
2026
2063
2051
2079
2091
2089
2065
2063
2074
2072
2068
2035
2052
2014
2061
2020
2048
2009
2073
2053
2085
2028
2053
2029
2082
2058
2094
2086
2062
2079
2064
2056
2030
2042
2025
2037
1961
2006
1951
2023
1961
1993
1924
1971
1959
2001
1962
1978
1971
2018
1999
1991
1989
1940
1981
1957
1975
1920
1958
1927
1993
1935
1967
1921
1995
1962
1990
1960
1954
1963
1991
1975
1962
1964
1971
1992
1966
1987
1959
2018
2017
2044
2025
2050
2019
2049
2021
2013
1941
1949
1944
1966
1938
1963
1914
1970
1919
1943
1895
1912
1911
1937
1927
1923
1919
1930
1924
1903
1920
1852
1908
1887
1920
1871
1916
1887
1945
1890
1912
1880
1938
1886
1898
1862
1832
1840
1861
1871
1846
1857
1869
1899
1826
1849
1777
1832
1786
1826
1785
1841
1814
1893
1894
1935
1916
1972
1952
1951
1931
1888
1897
1876
1871
1830
1841
1828
1891
1866
1899
1864
1909
1905
1944
1920
1937
1941
1972
1972
1960
1983
2005
2021
1994
2000
1965
1994
1993
2030
1983
2019
1991
2009
2016
2033
2040
2062
2080
2079
2103
2083
2102
2092
2134
2097
2113
2087
2123
2107
2151
2127
2141
2119
2146
2142
2126
2126
2081
2127
2119
2147
2105
2165
2123
2197
2150
2185
2148
2218
2170
2199
2189
2192
2198
2216
2204
2186
2191
2173
2232
2177
2213
2156
2231
2180
2216
2150
2193
2163
2221
2168
2211
2185
2255
2241
2232
2223
2208
2222
2212
2208
2179
2210
2169
2235
2192
2240
2204
2266
2255
2294
2275
2291
2278
2320
2303
2304
2289
2278
2310
2286
2298
2262
2306
2296
2328
2306
2328
2294
2342
2307
2339
2314
2323
2304
2311
2305
2261
2247
2239
2257
2222
2244
2214
2251
2227
2262
2224
2246
2236
2264
2264
2252
2246
2268
2298
2286
2289
2278
2322
2319
2364
2303
2338
2291
2354
2313
2337
2286
2329
2305
2348
2306
2319
2312
2323
2332
2306
2325
2328
2359
2326
2356
2274
2311
2283
2340
2261
2304
2268
2314
2299
2301
2250
2257
2241
2259
2219
2201
2204
2173
2214
2170
2208
2180
2238
2213
2254
2228
2256
2243
2287
2247
2273
2272
2271
2288
2284
2269
2240
2258
2254
2245
2183
2193
2161
2204
2172
2188
2152
2185
2194
2217
2210
2202
2212
2235
2240
2215
2232
2202
2250
2220
2226
2160
2203
2156
2192
2129
2137
2102
2170
2143
2163
2161
2145
2181
2174
2197
2161
2176
2171
2204
2158
2204
2134
2193
2164
2201
2143
2175
2155
2205
2175
2177
2145
2179
2156
2150
2152
2102
2120
2088
2092
2027
2045
1995
2047
2002
2041
1998
2069
2057
2089
2058
2065
2062
2091
2095
2094
2085
2082
2085
2042
2046
1994
2002
1975
2002
1953
1985
1945
1968
1938
1934
1904
1926
1933
1927
1946
1931
1959
1955
1995
1970
1990
1984
2028
2027
2040
2010
2026
2020
2065
2055
2048
2057
2067
2112
2104
2123
2091
2120
2097
2139
2081
2109
2069
2108
2052
2059
2018
2020
2029
2024
1979
1959
1955
1923
1942
1878
1886
1849
1893
1849
1879
1851
1907
1892
1970
1905
1951
1920
1979
1947
1966
1943
1977
1988
1996
1968
1981
1996
1997
2021
1980
2010
1995
2061
2017
2066
2017
2067
2038
2082
2020
2030
1987
2013
2003
1988
1958
1966
1985
1991
1974
1960
1993
1967
2023
1983
1994
1957
1993
1963
1978
1947
1951
1938
1953
1916
1910
1916
1927
1960
1959
1968
1949
1984
1978
2026
1983
1979
1953
1992
1942
1961
1946
1969
2013
2013
2018
2002
2048
2049
2061
2017
2060
2030
2106
2058
2103
2047
2096
2031
2057
2003
1999
1980
2018
1981
1986
1980
1947
2006
1965
1981
1914
1974
1933
1987
1930
1969
1918
1981
1941
1975
1938
1949
1959
1971
1959
1948
1934
1940
1944
1925
1973
1931
1996
1983
2038
1994
2020
1994
2049
2031
2051
2021
2048
2040
2051
2059
2054
2061
2061
2102
2056
2070
2046
2066
2046
2081
2046
2078
2082
2107
2057
2071
2080
2097
2152
2119
2143
2134
2175
2143
2179
2130
2150
2142
2189
2142
2177
2153
2168
2179
2162
2144
2140
2155
2157
2144
2073
2088
2057
2113
2065
2096
2054
2131
2127
2192
2146
2183
2169
2231
2196
2204
2206
2196
2234
2207
2216
2183
2215
2169
2228
2174
2216
2164
2229
2188
2221
2172
2162
2147
2166
2150
2157
2148
2167
2190
2163
2216
2187
2251
2231
2266
2222
2262
2213
2268
2218
2213
2165
2207
2182
2182
2184
2153
2153
2160
2179
2144
2147
2122
2156
2135
2145
2090
2115
2103
2132
2121
2101
2080
2099
2120
2120
2130
2130
2137
2113
2143
2107
2135
2132
2176
2118
2159
2130
2158
2153
2167
2139
2157
2173
2166
2206
2172
2192
2184
2237
2197
2226
2171
2205
2172
2218
2166
2208
2181
2232
2215
2201
2209
2230
2256
2266
2277
2267
2271
2224
2274
2208
2254
2197
2248
2171
2220
2169
2217
2186
2224
2178
2214
2203
2209
2231
2210
2217
2193
2224
2197
2191
2155
2179
2142
2199
2146
2156
2099
2131
2084
2106
2071
2073
2067
2091
2077
2091
2112
2075
2110
2076
2095
2039
2083
2065
2109
2081
2109
2097
2150
2150
2166
2156
2155
2196
2191
2202
2182
2212
2207
2210
2158
2155
2076
2108
2058
2067
2002
2056
2034
2063
2058
2049
2072
2100
2123
2109
2132
2088
2146
2110
2150
2100
2149
2103
2154
2126
2164
2126
2183
2161
2167
2107
2090
2081
2040
2028
1979
1956
1929
1936
1898
1941
1893
1961
1940
2007
1962
2006
1979
2034
2010
2025
2006
2028
2046
2063
2089
2064
2084
2085
2119
2073
2086
2064
2106
2075
2093
2031
2048
2035
2061
2027
2055
2041
2057
2085
2099
2097
2089
2122
2102
2123
2068
2080
2076
2129
2092
2111
2108
2138
2158
2164
2142
2122
2136
2148
2155
2099
2101
2071
2118
2061
2082
2041
2103
2105
2154
2115
2140
2138
2180
2146
2159
2171
2154
2194
2184
2205
2175
2215
2175
2238
2166
2204
2146
2215
2155
2177
2139
2151
2145
2167
2135
2147
2143
2173
2170
2133
2165
2122
2162
2125
2179
2111
2160
2113
2188
2142
2187
2134
2200
2156
2186
2175
2163
2171
2193
2195
2164
2152
2128
2198
2163
2176
2120
2174
2155
2189
2158
2187
2164
2223
2219
2232
2189
2213
2218
2193
2176
2135
2149
2129
2138
2103
2133
2099
2159
2146
2167
2129
2147
2131
2137
2147
2120
2142
2137
2161
2136
2150
2102
2155
2139
2179
2122
2155
2127
2164
2137
2131
2114
2132
2138
2129
2106
2106
2125
2118
2149
2101
2152
2124
2179
2115
2160
2103
2160
2126
2151
2089
2108
2078
2101
2106
2082
2078
2069
2098
2083
2077
2050
2104
2072
2126
2071
2106
2053
2126
2089
2112
2073
2072
2059
2101
2079
2097
2095
2075
2092
2057
2052
2005
2050
2025
2045
1985
1994
1964
2025
1991
2011
1971
1986
2019
2023
2024
2022
2048
2060
2062
2032
2043
2016
2065
2040
2062
2018
2069
2059
2081
2066
2059
2045
2071
2063
2029
2024
1971
2021
1979
1991
1951
1987
1935
1973
1925
1951
1914
1987
1972
2008
1967
2001
2031
2029
2027
1998
1985
1951
1959
1894
1930
1837
1911
1869
1907
1844
1890
1840
1879
1825
1845
1814
1859
1855
1879
1898
1884
1916
1921
1958
1931
1940
1922
1981
1942
1999
1951
1978
1947
1987
1931
1923
1915
1897
1901
1870
1863
1835
1853
1830
1861
1797
1818
1796
1839
1801
1813
1807
1815
1834
1837
1834
1837
1846
1858
1867
1828
1840
1810
1846
1801
1821
1775
1815
1810
1829
1793
1803
1786
1818
1787
1747
1766
1719
1763
1739
1753
1718
1747
1711
1759
1710
1737
1687
1732
1695
1719
1708
1701
1713
1730
1721
1701
1711
1715
1740
1700
1743
1683
1757
1724
1778
1729
1816
1779
1848
1822
1859
1819
1866
1842
1869
1884
1853
1868
1852
1852
1818
1827
1789
1858
1838
1877
1833
1890
1865
1913
1893
1896
1850
1887
1881
1879
1864
1894
1902
1889
1907
1864
1866
1830
1838
1775
1787
1712
1737
1706
1719
1668
1700
1704
1743
1767
1755
1766
1772
1814
1802
1816
1797
1824
1813
1829
1787
1830
1820
1857
1837
1812
1811
1811
1858
1858
1867
1871
1916
1925
1983
1938
1981
1940
2001
1944
1981
1933
1961
1925
1935
1871
1895
1876
1878
1908
1887
1911
1875
1914
1886
1911
1866
1899
1841
1907
1871
1923
1864
1935
1884
1910
1876
1909
1917
1954
1921
1930
1932
1898
1948
1922
1952
1910
1956
1933
1995
1930
1972
1950
2007
1955
1968
1928
1961
2005
2017
2013
1981
1990
1995
1984
1960
1967
1930
1983
1964
1986
1946
1997
1986
2019
2025
2026
2024
2037
2039
2016
2016
1979
2017
2002
2027
1980
2023
2011
2063
2017
2030
1992
2023
2014
2032
2001
1989
2008
2000
2022
2000
2020
2008
2051
2016
2063
2007
2061
2042
2083
2005
2037
1981
2008
1989
1983
1940
1962
1974
1977
1996
1954
1995
2002
2067
2031
2083
2057
2138
2113
2165
2109
2160
2144
2205
2146
2173
2161
2159
2166
2155
2150
2145
2176
2146
2183
2123
2138
2115
2175
2112
2137
2107
2142
2145
2149
2114
2133
2132
2171
2177
2142
2129
2115
2137
2086
2087
2051
2084
2062
2079
2024
2041
2023
2057
2009
1985
1998
2013
2017
2005
1999
2022
2024
2034
2012
2034
2000
2039
2003
2035
1991
2056
2054
2084
2041
2070
2054
2100
2063
2066
2067
2042
2074
2059
2073
2028
2066
2034
2109
2056
2112
2076
2153
2107
2170
2147
2192
2184
2203
2152
2144
2116
2147
2142
2103
2109
2063
2113
2084
2095
2027
2067
2026
2107
2037
2071
2016
2052
1967
1972
1919
1908
1912
1935
1928
1941
1975
1974
2043
2017
2048
2017
2076
2069
2082
2046
2052
2031
2062
2029
2028
2002
2038
2038
2025
2029
2003
2030
2028
2033
1994
2022
1978
2003
1978
1991
1956
2000
2000
2018
2010
1989
1995
1989
2010
1967
1974
1931
1995
1965
1998
1930
1962
1921
1975
1944
1964
1942
1972
1980
1996
1978
2003
2032
2025
2063
2021
2053
2029
2083
2037
2091
2034
2074
2043
2099
2023
2051
1999
2029
2029
2034
2024
2038
2063
2069
2066
2038
2085
2089
2146
2085
2102
2068
2120
2077
2109
2061
2078
2076
2096
2041
2070
2078
2087
2090
2057
2053
2038
2074
2059
2082
2039
2046
2028
2079
2050
2079
2043
2080
2103
2104
2110
2093
2121
2141
2173
2166
2208
2178
2227
2209
2232
2181
2223
2219
2240
2228
2206
2194
2209
2202
2172
2163
2108
2145
2101
2152
2103
2151
2112
2163
2136
2160
2119
2177
2181
2216
2181
2192
2202
2210
2219
2162
2164
2146
2176
2122
2147
2075
2114
2057
2110
2052
2081
2020
2057
2036
2059
2027
2065
2063
2075
2084
2057
2095
2094
2134
2106
2150
2129
2202
2181
2225
2166
2207
2174
2203
2142
2142
2124
2136
2140
2138
2115
2098
2104
2069
2114
2075
2107
2099
2155
2102
2119
2093
2115
2111
2126
2092
2101
2105
2126
2113
2093
2097
2082
2127
2107
2128
2090
2131
2109
2135
2098
2092
2075
2117
2082
2084
2079
2076
2102
2110
2124
2111
2141
2118
2177
2140
2178
2134
2203
2144
2179
2139
2163
2157
2197
2160
2183
2163
2213
2206
2168
2171
2130
2165
2132
2116
2064
2096
2063
2133
2069
2117
2069
2137
2085
2113
2059
2067
2072
2107
2081
2086
2072
2079
2141
2115
2127
2091
2154
2137
2161
2120
2155
2112
2172
2123
2150
2096
2131
2094
2074
2049
2021
2031
2027
2014
1983
2006
1987
2035
2003
2027
2004
2051
2032
2051
2035
2043
2024
2035
2031
2023
2032
2017
2066
2045
2080
2040
2068
2038
2084
2048
2064
2005
2036
2024
2046
2005
2028
2007
1998
2008
1972
1970
1950
1972
1929
1963
1925
2001
1990
2064
2020
2081
2077
2120
2110
2113
2066
2071
2058
2046
2008
1970
1995
1980
2023
1970
2006
1977
2043
2001
2035
1966
2018
1982
2021
1956
1993
1971
1997
2006
2001
2007
2018
2023
2003
2019
1983
2011
1999
2035
1985
2017
1999
2034
2022
2050
1998
2022
2004
2013
1980
1986
1997
1996
2014
1985
1979
1943
1976
1968
2003
1970
1999
2000
2056
2023
2027
2023
2018
2028
2018
2016
1995
2025
2033
2075
2048
2060
2027
2086
2022
2041
1986
2020
2020
2036
2008
2027
2032
2084
2053
2054
2079
2034
2078
2050
2068
2002
2055
2016
2082
2020
2065
2030
2105
2060
2075
2048
2054
2070
2099
2090
2073
2078
2088
2121
2066
2107
2071
2134
2081
2124
2061
2117
2077
2134
2079
2103
2060
2103
2054
2037
2019
1977
1973
1986
1984
1959
1955
1942
2006
1952
1959
1895
1924
1877
1901
1864
1863
1845
1883
1886
1905
1920
1965
1989
1968
1986
1969
1991
1982
2011
1955
1995
1969
2026
2035
2048
2030
2048
2061
2076
2101
2079
2094
2087
2141
2114
2128
2101
2147
2129
2156
2114
2131
2104
2134
2113
2103
2088
2077
2098
2057
2036
2020
2041
1995
2030
1982
2038
2002
2070
2007
2075
2015
2045
2006
2047
1987
2004
1974
1974
1984
1959
1955
1961
1994
1978
1978
1944
1998
1953
1986
1927
1970
1924
1991
1990
2024
1995
2042
2060
2103
2064
2064
2051
2038
2061
2036
2045
2021
2041
2001
2046
2001
2014
1987
2008
1958
1965
1935
1941
1971
1969
1948
1928
1946
1945
1950
1930
1962
1930
1990
1958
1993
1957
2021
2020
2056
2049
2042
2046
2074
2071
2046
2043
2005
2047
2007
2034
1977
2021
2000
2059
2039
2050
2034
2081
2074
2065
2023
1989
1994
1975
2007
1976
2012
2020
2087
2042
2094
2036
2107
2079
2131
2057
2078
2039
2063
2067
2082
2074
2089
2113
2131
2165
2117
2154
2124
2177
2129
2189
2154
2227
2214
2261
2211
2244
2236
2286
2246
2268
2251
2234
2243
2233
2218
2187
2213
2179
2217
2174
2203
2193
2253
2224
2260
2243
2268
2282
2303
2282
2279
2286
2293
2297
2261
2261
2240
2296
2265
2280
2240
2275
2269
2291
2252
2253
2252
2287
2259
2262
2262
2243
2294
2270
2297
2278
2304
2262
2326
2285
2319
2289
2353
2327
2348
2329
2321
2337
2353
2361
2357
2363
2378
2405
2368
2406
2348
2408
2360
2418
2363
2431
2378
2434
2381
2419
2375
2434
2393
2420
2426
2384
2380
2365
2362
2325
2319
2271
2322
2282
2342
2286
2347
2319
2369
2338
2362
2323
2364
2356
2376
2346
2356
2345
2343
2341
2302
2313
2312
2348
2303
2340
2294
2335
2319
2360
2329
2352
2350
2376
2391
2374
2361
2379
2399
2360
2355
2318
2349
2311
2339
2284
2303
2288
2324
2315
2296
2266
2280
2301
2293
2283
2270
2279
2276
2320
2264
2301
2273
2312
2233
2265
2213
2245
2215
2253
2187
2220
2198
2211
2236
2228
2239
2223
2251
2226
2231
2186
2227
2176
2242
2190
2247
2178
2246
2207
2240
2210
2238
2230
2265
2246
2258
2254
2235
2278
2254
2270
2228
2252
2222
2275
2226
2260
2220
2269
2235
2251
2190
2196
2204
2217
2198
2175
2172
2181
2160
2135
2145
2110
2150
2107
2134
2100
2155
2149
2178
2155
2148
2153
2192
2175
2154
2166
2139
2189
2194
2207
2179
2217
2197
2230
2172
2171
2132
2169
2143
2166
2142
2164
2164
2146
2140
2106
2110
2090
2093
2032
2071
2024
2070
2025
2050
1977
2017
1992
2036
2007
2015
1992
2026
2029
2035
2031
1995
2027
1997
2019
1986
2025
1988
2023
1969
1988
1922
1973
1934
1987
1917
1929
1935
1967
1977
2001
1983
1970
1993
1987
2042
1990
2038
2021
2090
2021
2036
1971
2010
1974
1987
1934
1963
1959
2001
2005
1999
2018
2051
2082
2070
2077
2069
2119
2099
2132
2068
2075
2035
2052
1999
1990
1957
1950
1961
1956
1954
1943
1966
1958
2005
1972
2001
1971
2024
1983
2019
2030
2061
2081
2119
2105
2121
2135
2176
2190
2153
2181
2144
2211
2176
2202
2173
2221
2191
2244
2195
2230
2174
2221
2162
2173
2158
2134
2139
2129
2122
2111
2128
2095
2175
2144
2182
2104
2156
2120
2162
2107
2134
2087
2136
2102
2131
2095
2123
2118
2115
2109
2083
2117
2132
2167
2128
2154
2086
2134
2105
2147
2088
2143
2127
2161
2130
2144
2138
2186
2199
2191
2171
2151
2205
2191
2202
2144
2175
2173
2215
2178
2184
2158
2187
2176
2171
2153
2183
2191
2171
2178
2143
2156
2146
2179
2142
2179
2145
2198
2196
2230
2183
2210
2203
2214
2214
2204
2207
2196
2224
2215
2232
2205
2242
2208
2266
2198
2240
2197
2253
2178
2190
2137
2142
2125
2151
2127
2126
2139
2090
2139
2088
2127
2079
2147
2116
2189
2140
2170
2120
2199
2163
2206
2149
2167
2188
2212
2206
2188
2195
2199
2202
2171
2194
2138
2194
2154
2186
2130
2165
2128
2189
2170
2178
2155
2202
2188
2186
2172
2131
2151
2139
2139
2088
2109
2106
2123
2094
2111
2075
2107
2102
2129
2107
2108
2116
2135
2157
2142
2146
2137
2172
2138
2170
2128
2166
2147
2185
2144
2166
2135
2147
2151
2152
2139
2143
2172
2176
2207
2166
2186
2162
2216
2153
2184
2130
2173
2137
2154
2101
2141
2128
2167
2133
2142
2152
2159
2199
2188
2204
2167
2208
2157
2212
2125
2144
2087
2129
2045
2071
2003
2028
2007
2039
2013
2024
2028
2057
2060
2024
2039
2044
2099
2067
2084
2032
2091
2062
2094
2032
2066
2042
2096
2051
2082
2065
2053
2067
2071
2063
2063
2075
2048
2078
2012
2023
1978
2018
1977
1991
1970
1967
1957
1983
1970
1987
1991
2002
2033
2021
2059
2044
2102
2087
2126
2086
2139
2100
2123
2075
2081
2026
2055
2040
2039
2032
1984
2014
2011
2037
2008
2025
2002
2063
2018
2069
2008
2069
2025
2067
2036
2058
2037
2056
2058
2071
2055
2087
2108
2095
2121
2083
2115
2096
2118
2045
2098
2021
2078
2042
2080
2048
2119
2107
2146
2146
2148
2144
2164
2182
2167
2168
2148
2202
2169
2191
2155
2190
2181
2218
2178
2174
2133
2142
2130
2122
2107
2122
2139
2189
2174
2200
2237
2244
2210
2205
2161
2218
2190
2205
2166
2212
2188
2226
2214
2228
2203
2244
2239
2256
2238
2256
2253
2236
2256
2217
2262
2226
2277
2227
2251
2179
2241
2214
2252
2185
2221
2185
2202
2211
2194
2188
2219
2261
2254
2257
2224
2290
2258
2299
2247
2289
2251
2312
2272
2306
2256
2302
2294
2324
2271
2285
2276
2259
2264
2216
2202
2182
2191
2135
2151
2090
2123
2107
2153
2123
2153
2127
2153
2159
2144
2122
2129
2147
2151
2151
2140
2152
2156
2204
2168
2183
2165
2225
2221
2233
2209
2208
2193
2187
2156
2134
2130
2103
2135
2093
2101
2053
2092
2077
2139
2112
2146
2132
2179
2156
2190
2156
2171
2211
2195
2206
2173
2192
2171
2177
2141
2165
2088
2165
2110
2153
2077
2134
2096
2155
2111
2131
2097
2132
2106
2104
2097
2038
2069
2042
2061
2007
2045
2037
2097
2049
2104
2055
2154
2127
2176
2115
2149
2152
2179
2159
2150
2139
2177
2170
2157
2178
2135
2169
2139
2163
2129
2163
2130
2170
2143
2140
2114
2149
2157
2164
2168
2136
2143
2132
2144
2114
2123
2082
2104
2085
2104
2066
2082
2075
2106
2076
2086
2100
2101
2136
2109
2118
2077
2107
2041
2054
1971
1982
1923
1965
1923
1974
1969
2001
2023
2054
2065
2088
2109
2118
2130
2071
2081
2044
2089
2016
2039
1966
2024
1989
2037
1995
2045
2027
2098
2051
2062
2054
2050
2089
2073
2055
2032
2066
2046
2095
2022
2057
2010
2072
2033
2060
2036
2059
2055
2075
2058
2074
2068
2102
2086
2042
2043
1997
2040
2019
2040
2000
2045
2010
2053
2035
2047
2025
2045
2043
2016
2019
1985
1997
1987
2011
1998
2025
2005
2054
2035
2056
2024
2050
2027
2056
2042
2008
2002
2007
2023
2013
2033
2020
2046
2013
2069
2007
2040
2002
2067
2016
2056
2031
2053
2075
2100
2080
2108
2123
2122
2158
2096
2117
2094
2154
2104
2129
2092
2140
2109
2144
2082
2124
2083
2136
2089
2077
2039
2056
2072
2062
2042
2029
2064
2045
2103
2049
2105
2061
2123
2061
2105
2060
2090
2073
2112
2074
2104
2097
2113
2141
2123
2133
2106
2131
2101
2114
2095
2128
2103
2139
2110
2131
2081
2105
2079
2083
2082
2082
2104
2115
2117
2081
2078
2044
2079
2029
2043
1983
2027
1991
2036
2014
2027
2036
2100
2075
2101
2083
2084
2121
2087
2091
2053
2105
2088
2098
2051
2088
2052
2105
2047
2078
2005
2051
2023
2022
1990
1972
1996
2027
2029
2025
2064
2027
2115
2081
2122
2052
2121
2088
2154
2096
2121
2072
2140
2098
2100
2044
2067
2069
2055
2034
1984
1981
1982
1987
1962
1988
1943
2011
2010
2049
2010
2045
2032
2065
2040
2039
2015
2042
2056
2042
2027
1994
2018
1993
2019
1970
2000
2003
2063
2048
2069
2040
2054
2048
2059
2044
2035
2040
2034
2064
2024
2020
2008
2051
1992
2024
1967
2005
1986
2013
1951
1966
1962
1987
2006
1993
1997
1990
2015
2003
2036
1984
2029
1990
2048
1984
2029
1983
2017
1993
2019
1970
2006
1982
2025
1995
2007
2020
2006
2031
1980
1986
1954
1988
1942
1994
1934
1956
1911
1970
1919
1967
1939
1955
1951
1974
1954
1962
1979
2011
2029
1994
2025
2000
2056
2027
2052
2009
2054
2032
2041
1990
2002
1985
1999
1962
1951
1951
1938
1973
1965
1989
1970
2016
1996
2031
1994
2024
1985
2018
1992
2003
1993
1990
2014
2040
2068
2060
2075
2082
2103
2064
2091
2031
2066
2020
2043
1966
1986
1933
1966
1938
1930
1911
1950
1948
1940
1965
1930
1958
1933
1974
1930
1965
1924
1991
1957
1999
1921
1980
1964
2024
1997
2009
2016
2051
2069
2060
2078
2103
2117
2077
2106
2039
2084
2049
2096
2027
2085
2045
2101
2077
2087
2043
2072
2066
2093
2100
2071
2075
2081
2114
2105
2130
2126
2167
2156
2200
2165
2197
2169
2190
2154
2147
2123
2127
2128
2118
2116
2104
2108
2098
2161
2138
2170
2143
2194
2163
2208
2176
2175
2173
2199
2187
2190
2190
2186
2239
2199
2225
2171
2230
2205
2222
2172
2190
2162
2221
2161
2187
2132
2192
2159
2146
2145
2112
2142
2142
2152
2116
2160
2097
2165
2110
2146
2086
2159
2124
2185
2127
2145
2116
2170
2118
2129
2088
2095
2128
2125
2136
2117
2146
2131
2156
2141
2182
2137
2197
2151
2192
2161
2211
2179
2211
2198
2217
2222
2253
2243
2243
2231
2183
2218
2192
2221
2178
2189
2165
2191
2161
2152
2116
2123
2110
2091
2065
2046
2061
2059
2081
2045
2070
2051
2100
2088
2109
2050
2087
2094
2129
2102
2134
2130
2148
2180
2144
2138
2103
2144
2105
2130
2062
2100
2074
2149
2098
2149
2106
2126
2122
2100
2058
2035
2031
2038
2028
1996
2029
1975
2047
2002
2051
2006
2089
2073
2133
2090
2133
2102
2154
2127
2164
2147
2147
2175
2187
2186
2166
2173
2175
2209
2156
2177
2131
2191
2155
2192
2156
2191
2193
2222
2202
2214
2174
2195
2187
2181
2190
2149
2194
2177
2207
2156
2191
2177
2215
2186
2195
2144
2163
2158
2177
2198
2172
2162
2134
2123
2080
2059
2025
2024
2006
2029
1996
2032
2025
2053
2027
2066
2049
2065
2076
2063
2060
2072
2100
2069
2107
2025
2076
2049
2111
2051
2093
2058
2118
2098
2135
2102
2147
2146
2173
2167
2131
2135
2132
2170
2125
2139
2119
2163
2132
2187
2112
2162
2123
2188
2123
2160
2133
2152
2133
2144
2123
2135
2120
2088
2126
2082
2110
2066
2116
2083
2113
2078
2108
2092
2155
2117
2136
2114
2174
2174
2191
2199
2188
2214
2229
2235
2225
2252
2228
2270
2241
2270
2248
2295
2258
2271
2265
2245
2253
2270
2256
2230
2233
2216
2265
2223
2250
2192
2254
2223
2246
2234
2251
2243
2282
2246
2241
2195
2215
2226
2212
2223
2174
2204
2192
2217
2173
2217
2151
2221
2162
2202
2136
2212
2180
2225
2203
2223
2205
2238
2236
2248
2237
2208
5835
2152
2162
2173
2174
2178
2182
2182
2202
2204
2212
2230
2226
2237
2246
2227
2215
2201
2200
2192
2191
2189
2179
2163
2170
2185
2199
2208
2211
2213
2210
2223
2223
2223
2210
2213
2209
2205
2201
2178
2163
2155
2136
2112
2092
2090
2076
2077
2085
2092
2089
2092
2070
2071
2088
2114
2117
2128
2119
2132
2144
2153
2160
2171
2177
2187
2179
2167
2160
2151
2135
2128
2119
2111
2115
2133
2138
2147
2164
2167
2178
2185
2184
2185
2169
2155
2146
2146
2162
2151
2156
2154
2152
2154
2162
2184
2207
2223
2229
2217
2198
2179
2166
2164
2148
2122
2110
2107
2116
2120
2128
2128
2140
2153
2156
2166
2160
2157
2167
2159
2143
2143
2135
2133
2145
2138
2130
2119
2123
2124
2143
2144
2157
2160
2163
2169
2164
2147
2142
2158
2176
2176
2165
2160
2149
2129
2120
2116
2120
2120
2124
2130
2131
2160
2174
2163
2154
2171
2190
2218
2216
2207
2191
2182
2185
2177
2168
2161
2134
2115
2097
2090
2084
2081
2069
2063
2081
2102
2105
2103
2107
2108
2115
2138
2145
2149
2160
2142
2144
2138
2122
2097
2089
2089
2083
2097
2097
2098
2099
2087
2076
2060
2052
2030
2025
2019
2018
2015
2021
2034
2040
2045
2064
2054
2056
2038
2046
2047
2045
2036
2039
2037
2035
2043
2051
2057
2055
2072
2087
2093
2104
2118
2140
2137
2139
2126
2106
2103
2100
2085
2077
2056
2038
2036
2030
2030
2031
2032
2027
2024
2026
2027
2036
2041
2055
2059
2074
2080
2069
2077
2083
2086
2085
2072
2081
2076
2074
2072
2093
2099
2114
2119
2132
2113
2100
2101
2089
2081
2074
2072
2065
2064
2066
2072
2083
2088
2099
2100
2103
2108
2111
2121
2121
2105
2092
2093
2102
2102
2088
2090
2095
2095
2103
2112
2123
2119
2110
2077
2078
2058
2044
2043
2042
2041
2071
2091
2100
2090
2087
2085
2092
2083
2073
2065
2071
2080
2086
2093
2100
2096
2087
2106
2108
2104
2088
2088
2099
2120
2126
2143
2150
2154
2159
2170
2179
2180
2174
2176
2179
2170
2157
2152
2149
2161
2172
2166
2184
2187
2204
2215
2220
2217
2215
2196
2200
2199
2203
2210
2216
2217
2211
2222
2221
2213
2210
2208
2189
2170
2183
2185
2176
2174
2189
2178
2156
2143
2133
2134
2136
2140
2153
2161
2170
2191
2199
2209
2247
2267
2292
2303
2303
2308
2312
2308
2309
2301
2275
2264
2248
2231
2229
2224
2211
2214
2220
2216
2215
2213
2201
2191
2180
2173
2157
2143
2128
2118
2119
2110
2088
2071
2058
2043
2018
2019
1997
1997
2003
2014
2014
2022
2031
2028
2021
2020
2033
2026
2016
2022
2021
2024
2028
2027
2046
2053
2056
2068
2072
2087
2097
2104
2081
2070
2059
2060
2044
2013
2007
2008
1995
1997
1996
1995
2006
2024
2055
2068
2084
2074
2065
2061
2052
2045
2040
2025
2027
2032
2017
2020
2034
2046
2059
2076
2090
2099
2102
2114
2107
2100
2112
2117
2123
2124
2132
2134
2152
2162
2179
2207
2211
2217
2212
2197
2194
2202
2207
2216
2215
2216
2205
2208
2198
2187
2170
2159
2137
2123
2114
2105
2080
2072
2069
2074
2073
2069
2077
2076
2071
2062
2065
2076
2083
2084
2089
2091
2091
2092
2116
2122
2140
2157
2169
2178
2192
2194
2202
2195
2189
2176
2165
2162
2142
2137
2140
2138
2125
2114
2105
2089
2079
2077
2087
2097
2105
2117
2121
2123
2117
2125
2129
2150
2154
2158
2147
2135
2133
2109
2088
2079
2073
2067
2042
2035
2039
2041
2055
2072
2087
2094
2122
2133
2137
2120
2122
2108
2097
2083
2075
2079
2075
2093
2103
2114
2127
2138
2146
2143
2148
2157
2169
2185
2171
2167
2150
2143
2120
2118
2108
2095
2092
2102
2098
2106
2122
2121
2114
2123
2121
2110
2108
2095
2099
2089
2077
2062
2050
2023
2023
2012
1998
1982
1980
1971
1976
1976
1990
1973
1979
1976
1961
1971
1971
1989
2023
2030
2053
2085
2100
2090
2093
2093
2105
2133
2146
2164
2186
2193
2189
2186
2187
2191
2196
2197
2191
2197
2175
2171
2166
2166
2174
2167
2164
2167
2168
2166
2168
2157
2167
2178
2181
2188
2178
2188
2194
2190
2163
2138
2128
2115
2108
2110
2106
2097
2089
2100
2097
2116
2124
2117
2094
2087
2077
2086
2097
2100
2096
2095
2093
2097
2106
2120
2135
2150
2176
2172
2190
2207
2212
2206
2188
2154
2124
2108
2102
2088
2089
2094
2092
2098
2108
2116
2136
2158
2172
2168
2167
2166
2160
2153
2145
2136
2112
2101
2093
2078
2085
2087
2089
2102
2128
2135
2146
2155
2143
2140
2127
2091
2061
2043
2030
2044
2056
2058
2059
2077
2082
2074
2084
2126
2150
2169
2172
2164
2155
2164
2158
2147
2139
2144
2152
2157
2162
2175
2179
2204
2203
2165
2154
2135
2115
2082
2061
2048
2036
2009
1985
1971
1970
1963
1961
1970
1983
2001
2017
2039
2048
2055
2067
2077
2078
2068
2043
2016
1994
1993
1973
1937
1923
1908
1906
1902
1910
1933
1942
1957
1969
1971
1979
1979
1988
1990
1998
2000
2005
2000
1992
1987
1991
1982
1970
1972
1986
1971
1954
1951
1946
1950
1967
1978
2002
2027
2035
2040
2046
2035
2030
2034
2052
2052
2042
2014
2001
2003
1992
1969
1945
1940
1950
1977
2007
2006
2009
2020
2026
2022
2022
2016
2010
1999
2001
2010
2019
2028
2048
2043
2029
2035
2024
2002
1982
1981
1968
1959
1951
1947
1921
1898
1882
1883
1879
1877
1869
1862
1851
1871
1891
1899
1911
1909
1915
1906
1895
1908
1925
1922
1933
1945
1955
1956
1953
1955
1970
1981
1989
1998
1980
1990
1997
2000
2009
2008
2010
2003
1986
1984
1986
2002
2008
2010
2017
2028
2029
2029
2026
2020
2025
2019
2023
2026
2027
2025
2011
2004
2006
1996
2001
1994
1987
1994
1992
1998
2027
2044
2060
2078
2095
2108
2119
2126
2120
2114
2111
2114
2088
2079
2061
2075
2075
2067
2071
2070
2071
2081
2092
2098
2101
2114
2117
2111
2092
2088
2083
2076
2072
2059
2066
2065
2084
2080
2081
2085
2090
2088
2088
2083
2084
2096
2111
2120
2120
2123
2140
2153
2158
2166
2175
2174
2179
2197
2207
2207
2208
2209
2200
2210
2211
2211
2207
2210
2211
2205
2189
2178
2177
2168
2170
2164
2178
2189
2192
2196
2205
2206
2201
2219
2214
2207
2196
2193
2194
2173
2152
2146
2127
2116
2085
2083
2075
2084
2099
2105
2112
2127
2129
2129
2142
2145
2156
2167
2176
2168
2170
2161
2164
2164
2155
2145
2150
2134
2127
2120
2117
2110
2119
2119
2118
2110
2093
2090
2088
2089
2066
2048
2054
2060
2074
2091
2091
2092
2086
2077
2080
2079
2069
2072
2073
2066
2052
2043
2045
2041
2037
2044
2048
2038
2038
2048
2039
2030
2026
2031
2048
2066
2090
2097
2101
2102
2105
2109
2108
2099
2081
2059
2041
2030
2025
2011
2004
2019
2022
2024
2038
2060
2078
2087
2098
2098
2098
2106
2118
2103
2110
2102
2095
2071
2068
2064
2049
2034
2013
1973
1944
1903
1874
1857
1850
1841
1850
1869
1895
1916
1944
1973
1980
1978
1976
1978
1984
1983
1982
1994
1988
1985
1999
2004
2007
2009
2023
2040
2049
2055
2063
2079
2097
2104
2115
2112
2121
2127
2113
2116
2122
2110
2102
2114
2114
2092
2090
2080
2076
2074
2078
2068
2054
2044
2039
2031
2030
2026
2011
1999
2004
2026
2034
2021
2022
2014
2030
2038
2042
2035
2046
2045
2045
2044
2029
2022
2020
2018
2009
1998
1999
2001
2001
1992
1981
1975
1954
1916
1904
1926
1941
1967
1972
1985
1991
1995
1995
2008
2015
2016
2026
2013
2011
2020
2032
2037
2055
2059
2079
2075
2054
2021
2013
1993
1979
1975
1980
1976
1975
1978
1982
1976
1964
1937
1929
1919
1923
1916
1915
1923
1925
1945
1947
1946
1957
1969
1978
1983
1986
2007
2007
2001
1991
1997
2005
1997
2004
2008
2011
2044
2044
2041
2046
2042
2033
2018
2006
2002
1983
1970
1954
1940
1911
1893
1890
1889
1902
1916
1935
1918
1912
1911
1892
1871
1880
1879
1867
1855
1844
1848
1844
1844
1848
1859
1877
1893
1913
1927
1950
1948
1938
1926
1899
1853
1837
1831
1835
1831
1851
1845
1839
1846
1857
1869
1887
1900
1922
1936
1947
1933
1909
1890
1867
1853
1842
1808
1782
1762
1747
1758
1755
1760
1761
1770
1768
1778
1789
1783
1788
1801
1797
1805
1807
1814
1841
1851
1877
1910
1933
1946
1946
1949
1945
1928
1932
1938
1957
1953
1943
1918
1901
1879
1862
1858
1843
1852
1861
1872
1881
1906
1927
1935
1933
1943
1945
1951
1950
1957
1955
1939
1931
1943
1955
1949
1960
1951
1969
1972
1986
1984
1986
1995
2003
1997
1993
1990
1997
1998
1986
1985
1981
1993
1988
1984
1970
1951
1925
1905
1884
1876
1856
1848
1829
1824
1832
1836
1841
1842
1857
1875
1887
1910
1914
1909
1916
1919
1917
1902
1907
1894
1895
1882
1884
1903
1915
1905
1904
1913
1920
1908
1891
1874
1873
1873
1879
1878
1894
1911
1924
1950
1983
2000
2012
2021
2025
2018
2015
1994
1963
1952
1960
1972
1989
1994
1992
2003
2018
2013
2001
1998
1989
1977
1966
1969
1967
1983
2007
2022
2021
2016
2003
1993
1991
1989
1996
2022
2034
2037
2048
2038
2038
2024
2012
1962
1955
1945
1951
1946
1942
1944
1946
1930
1929
1932
1952
1957
1955
1951
1963
1950
1942
1944
1947
1939
1936
1927
1924
1924
1926
1936
1936
1943
1946
1950
1953
1961
1953
1957
1965
1979
1993
1999
2001
2035
2060
2080
2087
2094
2098
2093
2083
2075
2075
2060
2065
2067
2068
2072
2068
2056
2049
2037
2027
2012
2012
2005
2008
2012
2021
2018
2016
2021
2022
2022
2012
2020
2014
2003
2007
2007
2010
2003
1982
1964
1967
1963
1960
1959
1963
1967
1967
1969
1978
1956
1940
1943
1941
1941
1932
1930
1933
1935
1936
1946
1938
1933
1942
1962
1980
2000
2016
2037
2045
2056
2061
2072
2068
2070
2050
2055
2066
2074
2084
2084
2101
2102
2090
2095
2090
2065
2045
2027
2016
1979
1971
1952
1957
1958
1971
1975
1976
1969
1946
1923
1908
1901
1897
1879
1881
1883
1888
1885
1873
1860
1864
1887
1914
1944
1946
1949
1940
1943
1953
1968
1987
2008
2013
2002
2013
2022
2040
2062
2081
2088
2116
2131
2136
2138
2150
2158
2145
2127
2116
2119
2109
2108
2099
2090
2085
2086
2086
2080
2079
2081
2092
2107
2104
2102
2091
2090
2082
2060
2047
2033
2025
2011
2002
1989
1956
1930
1919
1907
1907
1900
1915
1941
1979
2011
2032
2062
2102
2120
2144
2154
2157
2146
2127
2109
2088
2078
2078
2076
2068
2059
2072
2095
2109
2119
2125
2126
2114
2113
2101
2096
2086
2075
2063
2065
2055
2065
2074
2049
2037
2026
2024
2025
2034
2036
2048
2057
2062
2059
2057
2048
2034
2034
2034
2032
2039
2039
2039
2030
2031
2035
2037
2046
2042
2030
2017
2005
2013
2011
2008
2018
2035
2046
2057
2052
2043
2040
2055
2048
2029
1999
1986
1968
1973
1967
1960
1943
1940
1943
1957
1957
1963
1964
1975
1976
1981
1980
1963
1946
1932
1933
1934
1944
1932
1928
1931
1941
1940
1957
1959
1965
1961
1945
1943
1958
1972
1968
1961
1950
1940
1935
1937
1940
1958
1960
1993
2003
2009
2015
2028
2031
2043
2016
1998
1974
1953
1935
1916
1895
1881
1880
1883
1883
1892
1902
1907
1914
1903
1893
1895
1911
1927
1927
1917
1923
1928
1918
1913
1912
1927
1939
1943
1945
1949
1947
1931
1918
1893
1871
1865
1870
1873
1869
1870
1893
1898
1897
1894
1889
1873
1851
1848
1835
1824
1830
1851
1866
1898
1923
1935
1933
1928
1926
1915
1899
1882
1870
1858
1852
1850
1860
1877
1876
1871
1851
1855
1884
1904
1928
1946
1961
1967
1983
1988
1995
2011
2015
2016
2012
2007
1994
1987
1981
1976
1961
1977
1999
2000
2011
2019
2033
2056
2059
2071
2085
2093
2098
2097
2098
2102
2092
2083
2075
2090
2087
2087
2087
2088
2085
2090
2100
2103
2118
2129
2130
2124
2144
2163
2170
2190
2197
2194
2190
2190
2190
2196
2202
2197
2205
2207
2208
2210
2214
2218
2225
2224
2226
2227
2215
2206
2208
2212
2214
2218
2227
2223
2242
2245
2240
2239
2247
2250
2232
2238
2220
2215
2203
2192
2190
2205
2232
2238
2237
2248
2259
2272
2281
2307
2335
2346
2356
2336
2338
2343
2339
2343
2337
2333
2341
2348
2353
2348
2355
2366
2357
2355
2353
2365
2355
2333
2306
2283
2274
2283
2279
2262
2252
2247
2256
2265
2270
2271
2265
2279
2278
2273
2271
2281
2275
2275
2302
2308
2316
2320
2327
2328
2329
2335
2337
2346
2348
2349
2345
2334
2321
2319
2331
2325
2326
2339
2334
2346
2332
2337
2342
2346
2346
2334
2315
2322
2330
2321
2303
2298
2282
2273
2275
2275
2266
2254
2228
2232
2221
2214
2221
2208
2197
2189
2190
2195
2208
2217
2223
2231
2240
2244
2252
2251
2258
2268
2281
2262
2261
2262
2256
2262
2249
2229
2218
2212
2206
2196
2198
2190
2180
2187
2194
2196
2200
2210
2218
2225
2224
2231
2225
2240
2243
2244
2230
2219
2193
2161
2131
2119
2105
2114
2108
2112
2125
2141
2159
2165
2177
2188
2192
2204
2205
2214
2224
2235
2222
2213
2199
2196
2189
2190
2190
2192
2192
2198
2187
2167
2154
2130
2107
2077
2054
2037
2010
1980
1981
1976
1971
1983
1990
1987
1997
2021
2042
2046
2056
2066
2069
2075
2087
2111
2122
2139
2121
2118
2097
2081
2047
2030
1996
1978
1952
1952
1946
1945
1935
1932
1938
1946
1952
1948
1951
1958
1971
1981
1992
2004
2017
2015
2024
2023
2011
2032
2037
2042
2067
2081
2099
2110
2126
2149
2153
2147
2142
2131
2125
2108
2084
2064
2038
2016
2004
1985
1967
1933
1933
1934
1943
1936
1923
1887
1867
1858
1859
1845
1839
1841
1851
1864
1901
1924
1944
1963
1976
1978
1977
1979
1975
1976
1984
1990
2000
1996
2018
2023
2010
2019
2009
2003
2004
2032
2044
2051
2064
2073
2074
2084
2059
2035
2022
1999
1979
1988
1976
1979
1985
1979
1972
1965
1969
1982
1997
1996
1978
1965
1959
1940
1921
1903
1905
1897
1895
1895
1908
1912
1924
1925
1927
1935
1955
1965
1970
1976
1968
1975
1966
1972
1988
2007
2022
2028
2032
2036
2058
2070
2073
2070
2061
2069
2075
2073
2070
2078
2063
2058
2041
2039
2029
2009
1995
2004
1990
1979
1982
1987
1982
1973
1967
1962
1971
1971
1974
1980
1973
1969
1959
1976
1993
1998
1994
1981
1982
1974
1960
1942
1947
1946
1958
1974
2000
2005
2000
2013
2024
2030
2037
2026
2026
2016
2046
2055
2059
2076
2081
2080
2088
2079
2085
2086
2087
2078
2074
2076
2051
2044
2041
2042
2037
2043
2058
2082
2101
2129
2137
2145
2147
2142
2141
2138
2149
2154
2141
2141
2147
2152
2148
2138
2121
2116
2110
2093
2079
2078
2089
2077
2082
2079
2070
2071
2068
2079
2097
2110
2124
2137
2147
2161
2165
2171
2187
2184
2172
2164
2165
2156
2163
2158
2157
2160
2164
2155
2141
2138
2129
2125
2132
2125
2125
2105
2107
2112
2118
2151
2150
2173
2190
2205
2239
2237
2234
2220
2217
2206
2183
2168
2140
2129
2134
2118
2116
2129
2125
2137
2145
2121
2117
2096
2095
2091
2077
2069
2071
2072
2062
2059
2063
2063
2061
2083
2085
2102
2133
2133
2136
2144
2154
2159
2161
2173
2173
2163
2154
2171
2180
2195
2188
2181
2191
2206
2208
2218
2226
2224
2228
2229
2239
2235
2226
2207
2208
2201
2209
2200
2216
2236
2242
2251
2261
2274
2289
2287
2291
2290
2284
2294
2277
2263
2255
2239
2223
2227
2230
2230
2228
2231
2228
2235
2236
2231
2234
2232
2235
2236
2237
2228
2222
2207
2197
2179
2172
2166
2147
2142
2118
2092
2084
2073
2062
2062
2076
2092
2097
2107
2104
2096
2095
2088
2075
2070
2066
2078
2087
2095
2102
2105
2120
2136
2153
2169
2183
2202
2227
2239
2252
2235
2201
2161
2136
2106
2080
2059
2041
2015
2010
2018
2031
2053
2082
2105
2124
2135
2139
2157
2156
2145
2144
2145
2129
2122
2126
2131
2127
2126
2117
2114
2091
2083
2068
2050
2031
1989
1959
1925
1895
1878
1865
1867
1881
1895
1912
1931
1951
1966
1977
1979
1980
1991
2004
2023
2041
2068
2083
2102
2116
2127
2129
2115
2109
2093
2055
2042
2034
2039
2024
2008
2003
2004
2001
2010
2029
2031
2027
2027
2038
2020
2004
2015
2023
2035
2038
2044
2055
2067
2107
2133
2164
2177
2180
2178
2148
2134
2109
2091
2063
2043
2041
2041
2055
2068
2077
2086
2084
2104
2116
2133
2132
2154
2152
2145
2150
2145
2162
2168
2182
2179
2174
2185
2188
2184
2180
2170
2158
2148
2148
2138
2136
2131
2131
2130
2118
2114
2119
2130
2126
2135
2146
2152
2167
2184
2178
2180
2182
2200
2201
2206
2206
2204
2202
2201
2204
2203
2198
2190
2200
2208
2208
2193
2178
2160
2155
2150
2155
2159
2175
2182
2194
2220
2229
2229
2245
2250
2231
2209
2185
2169
2160
2140
2122
2113
2110
2119
2126
2132
2136
2133
2124
2137
2137
2156
2159
2158
2168
2169
2167
2175
2181
2170
2180
2175
2177
2186
2198
2200
2201
2199
2176
2163
2152
2148
2124
2126
2116
2127
2121
2126
2133
2145
2147
2158
2155
2171
2178
2166
2142
2133
2110
2107
2099
2088
2099
2094
2077
2058
2051
2064
2093
2102
2089
2082
2080
2083
2089
2097
2098
2096
2090
2096
2100
2098
2117
2130
2123
2117
2108
2110
2096
2077
2060
2042
2032
2042
2024
2021
2028
2035
2031
2044
2021
2014
2026
2041
2050
2064
2068
2091
2102
2087
2094
2086
2082
2083
2104
2113
2105
2100
2107
2108
2100
2089
2073
2061
2066
2064
2058
2046
2030
2016
2006
2003
1995
1974
1969
1972
1969
1957
1966
1979
1994
2009
2021
2028
2039
2038
2016
1993
1987
1981
1978
1959
1932
1911
1889
1875
1863
1856
1863
1862
1859
1862
1865
1885
1893
1920
1957
1970
1973
1989
1993
2008
2018
2035
2038
2041
2037
2030
2003
1990
1959
1947
1926
1895
1869
1853
1875
1861
1867
1866
1873
1872
1869
1856
1841
1852
1851
1857
1855
1862
1876
1866
1857
1862
1850
1838
1836
1837
1841
1827
1837
1835
1829
1824
1825
1817
1812
1810
1787
1771
1760
1752
1748
1730
1705
1705
1728
1731
1738
1732
1735
1740
1730
1730
1724
1708
1703
1703
1692
1693
1679
1674
1679
1696
1686
1685
1705
1711
1721
1746
1778
1801
1802
1827
1833
1836
1835
1851
1858
1861
1862
1866
1876
1871
1868
1843
1832
1815
1810
1801
1797
1813
1839
1841
1854
1880
1897
1901
1898
1880
1878
1869
1874
1887
1910
1906
1924
1924
1903
1877
1837
1802
1747
1721
1691
1656
1648
1659
1667
1687
1707
1727
1753
1764
1781
1804
1824
1832
1846
1846
1825
1807
1782
1779
1783
1777
1781
1785
1787
1804
1820
1843
1869
1875
1888
1897
1903
1911
1924
1940
1954
1965
1974
1966
1972
1961
1942
1912
1883
1890
1889
1879
1884
1884
1895
1900
1922
1927
1928
1921
1903
1896
1911
1912
1909
1905
1899
1887
1892
1898
1910
1927
1929
1928
1917
1919
1918
1923
1928
1930
1943
1948
1940
1945
1945
1949
1947
1958
1957
1964
1964
1989
1983
1987
2007
2008
2012
2007
2005
1987
1983
1973
1958
1945
1946
1951
1958
1971
1987
1998
2000
1995
2034
2060
2066
2064
2052
2055
2050
2035
2021
2001
1993
1978
1982
1988
1991
1992
1999
2002
2012
2005
1997
1987
1978
1975
1985
1995
2002
2014
2050
2069
2075
2072
2067
2056
2018
1982
1949
1934
1922
1910
1893
1912
1919
1946
1974
2013
2046
2074
2083
2115
2136
2143
2154
2174
2180
2178
2183
2176
2180
2199
2202
2198
2192
2179
2170
2158
2152
2133
2126
2124
2143
2140
2154
2152
2131
2121
2104
2091
2085
2091
2105
2108
2111
2124
2135
2143
2127
2113
2104
2108
2101
2073
2058
2054
2036
2037
2038
2031
2024
2024
2014
1999
1997
1991
1973
1990
1991
2003
2025
2035
2046
2079
2060
2069
2083
2090
2095
2076
2071
2072
2068
2064
2069
2060
2058
2069
2082
2084
2068
2084
2082
2082
2089
2096
2099
2119
2135
2145
2178
2207
2225
2236
2238
2221
2196
2181
2165
2157
2141
2132
2110
2100
2096
2088
2077
2074
2080
2083
2072
2063
2033
2019
2000
1987
1972
1952
1937
1946
1952
1972
1996
2027
2043
2063
2092
2099
2111
2105
2100
2078
2072
2058
2055
2051
2053
2045
2028
2036
2043
2032
2033
2014
2000
1986
1978
1974
1967
1977
1961
1961
1980
1992
1994
1989
1995
2003
2014
2025
2004
1987
1977
1960
1959
1955
1949
1937
1929
1911
1910
1914
1921
1929
1946
1960
1979
1987
2002
2008
2007
2020
2023
2039
2051
2051
2058
2081
2094
2083
2082
2084
2069
2048
2035
2041
2045
2046
2055
2059
2063
2076
2089
2107
2126
2134
2144
2143
2145
2128
2120
2098
2078
2064
2055
2037
2048
2026
2010
2008
2013
2011
2017
2039
2047
2048
2035
2030
2045
2043
2054
2071
2086
2114
2108
2103
2094
2085
2086
2084
2106
2119
2134
2154
2189
2211
2229
2224
2237
2243
2233
2225
2237
2220
2215
2204
2187
2167
2151
2146
2128
2110
2101
2099
2102
2102
2104
2117
2123
2143
2148
2162
2181
2202
2223
2226
2243
2247
2225
2212
2197
2172
2162
2142
2128
2109
2099
2090
2064
2057
2056
2056
2050
2035
2039
2050
2053
2065
2078
2108
2136
2153
2172
2193
2218
2237
2237
2248
2251
2240
2234
2237
2214
2182
2168
2159
2154
2142
2121
2116
2122
2121
2115
2108
2117
2100
2107
2115
2110
2106
2109
2089
2091
2089
2098
2088
2099
2110
2103
2131
2144
2157
2162
2157
2159
2167
2158
2159
2155
2173
2156
2159
2146
2144
2133
2127
2122
2123
2114
2105
2102
2103
2113
2118
2127
2144
2155
2175
2190
2187
2182
2186
2185
2193
2196
2198
2170
2169
2190
2190
2185
2161
2128
2105
2074
2063
2066
2077
2100
2113
2114
2135
2148
2143
2138
2116
2092
2070
2070
2073
2077
2061
2082
2103
2124
2122
2140
2147
2162
2167
2182
2179
2170
2152
2168
2170
2167
2162
2145
2126
2122
2101
2083
2062
2032
2023
2009
2008
2007
2011
2011
2003
1997
1995
1989
1981
1996
2000
1989
1985
1980
1980
1989
2003
2009
2033
2041
2047
2071
2066
2045
2031
2029
2026
2019
2009
2000
2010
2015
2021
2034
2030
2035
2046
2044
2034
2006
1994
1987
1981
1999
2016
2055
2079
2100
2118
2133
2140
2139
2122
2095
2072
2038
2022
2003
1976
1967
1973
1971
1988
1992
1996
2004
2003
2022
2031
2028
2026
2006
1995
2002
1988
1980
2008
2023
2028
2016
2017
2009
2010
2003
1997
1983
1987
2002
2003
1998
2008
1998
1983
1968
1965
1964
1971
1967
1958
1948
1925
1934
1945
1948
1946
1947
1951
1968
1991
2009
2036
2050
2042
2034
2031
2023
2007
1999
2013
2025
2041
2066
2082
2073
2066
2063
2046
2031
2039
2048
2042
2048
2043
2053
2078
2083
2081
2077
2071
2067
2061
2049
2049
2046
2045
2052
2060
2065
2064
2082
2092
2099
2095
2095
2083
2088
2097
2101
2090
2091
2111
2126
2141
2124
2112
2112
2105
2112
2118
2112
2112
2098
2097
2077
2067
2035
2019
1999
1981
1974
1965
1962
1949
1941
1947
1947
1942
1946
1946
1934
1897
1887
1876
1868
1869
1862
1871
1898
1912
1933
1958
1967
1978
1980
1976
1974
1963
1952
1953
1966
1986
2011
2023
2038
2043
2045
2054
2073
2076
2070
2077
2078
2075
2095
2095
2103
2116
2108
2097
2093
2092
2092
2090
2094
2095
2090
2072
2062
2053
2038
2009
2002
2004
1986
1985
1991
1990
1985
1992
2003
2016
2026
2016
2010
1991
1976
1946
1936
1928
1935
1932
1944
1951
1962
1967
1973
1974
1975
1968
1971
1965
1975
1983
1998
2010
2024
2033
2063
2076
2082
2063
2052
2049
2035
2022
2017
2005
2007
2011
2007
1987
1983
1983
1959
1946
1925
1919
1919
1918
1930
1933
1952
1939
1940
1937
1942
1945
1946
1950
1961
1986
2009
2016
2025
2031
2042
2048
2043
2022
2008
1988
1970
1968
1952
1939
1942
1959
1967
1964
1981
2012
2031
2038
2036
2036
2012
1995
1965
1954
1936
1931
1934
1950
1971
1978
1992
2004
2021
2017
2017
2023
2025
2023
2032
2042
2063
2068
2069
2071
2073
2097
2111
2127
2128
2152
2158
2182
2188
2199
2215
2237
2249
2255
2246
2251
2248
2234
2235
2246
2251
2250
2246
2242
2239
2233
2225
2220
2226
2234
2254
2265
2270
2263
2277
2273
2280
2297
2301
2318
2314
2304
2287
2283
2282
2274
2276
2296
2305
2294
2295
2296
2300
2304
2310
2311
2293
2282
2289
2282
2281
2281
2303
2324
2328
2341
2348
2339
2342
2340
2338
2329
2331
2338
2351
2350
2356
2378
2402
2416
2420
2423
2427
2429
2433
2430
2435
2444
2452
2458
2456
2458
2447
2445
2450
2436
2433
2438
2435
2412
2403
2391
2379
2353
2342
2328
2333
2321
2324
2322
2345
2358
2363
2363
2364
2370
2377
2378
2380
2388
2373
2361
2348
2352
2347
2345
2337
2335
2330
2345
2352
2371
2383
2392
2398
2412
2409
2412
2407
2423
2427
2437
2434
2439
2415
2399
2398
2380
2357
2332
2330
2323
2315
2316
2330
2330
2322
2322
2337
2347
2347
2350
2366
2373
2371
2362
2341
2318
2304
2281
2272
2258
2258
2249
2218
2220
2220
2221
2229
2233
2245
2257
2254
2242
2232
2232
2238
2222
2231
2226
2225
2219
2230
2241
2261
2262
2257
2242
2239
2248
2255
2271
2284
2299
2302
2305
2293
2299
2288
2300
2297
2292
2275
2285
2284
2277
2254
2236
2227
2223
2214
2199
2190
2171
2157
2143
2134
2123
2114
2108
2116
2114
2126
2137
2151
2157
2155
2158
2171
2172
2182
2187
2204
2222
2234
2241
2242
2237
2236
2236
2223
2212
2193
2179
2170
2167
2163
2155
2143
2125
2117
2098
2078
2057
2042
2031
2018
1995
1981
1969
1971
1975
1977
1979
1974
1974
1987
1996
2018
2030
2030
2040
2022
2014
2016
2016
2016
2013
2006
1997
1986
1981
1984
1990
1987
1976
1956
1948
1927
1917
1925
1922
1949
1976
1990
1998
2023
2034
2064
2055
2046
2022
2020
2011
2007
1986
1970
1968
1966
1972
1979
1990
2003
2025
2034
2055
2085
2096
2099
2094
2092
2082
2048
2029
2013
1999
1967
1959
1954
1958
1961
1968
1971
1986
1987
2005
2006
2019
2023
2025
2040
2063
2088
2107
2123
2122
2126
2133
2153
2177
2191
2202
2208
2214
2223
2233
2239
2225
2234
2244
2249
2256
2258
2261
2255
2245
2228
2203
2195
2176
2151
2140
2135
2130
2145
2163
2180
2182
2202
2199
2216
2225
2204
2179
2171
2140
2126
2107
2085
2086
2092
2100
2116
2146
2168
2171
2171
2162
2143
2137
2126
2129
2126
2125
2118
2123
2111
2112
2135
2154
2166
2190
2198
2194
2195
2189
2197
2210
2219
2223
2226
2210
2197
2195
2197
2179
2179
2180
2160
2180
2171
2160
2155
2151
2159
2159
2172
2176
2176
2177
2180
2180
2181
2183
2183
2182
2180
2190
2192
2206
2201
2206
2211
2205
2203
2216
2226
2218
2216
2218
2208
2202
2202
2187
2171
2148
2133
2114
2091
2092
2089
2099
2101
2109
2114
2114
2117
2122
2119
2134
2140
2153
2145
2157
2151
2172
2191
2187
2189
2197
2210
2215
2213
2211
2215
2211
2196
2178
2170
2158
2136
2121
2112
2106
2118
2130
2144
2146
2148
2150
2142
2128
2126
2119
2112
2099
2089
2093
2097
2097
2102
2105
2106
2111
2100
2116
2127
2151
2150
2146
2148
2150
2145
2158
2173
2175
2170
2174
2189
2186
2184
2182
2167
2150
2140
2133
2136
2152
2136
2150
2158
2169
2186
2192
2192
2186
2179
2185
2176
2156
2140
2131
2135
2113
2118
2112
2118
2122
2126
2133
2149
2164
2171
2175
2171
2153
2135
2110
2082
2036
2022
1999
1991
1993
1993
2011
2010
1999
2015
2032
2023
2027
2025
2038
2038
2043
2039
2043
2033
2034
2028
2025
2013
2009
2006
2010
2001
2020
2031
2033
2049
2036
2051
2058
2055
2048
2045
2035
2012
1999
2001
1990
1971
1962
1968
1964
1978
1994
2020
2026
2034
2043
2067
2083
2100
2109
2124
2125
2124
2127
2118
2098
2084
2074
2055
2030
2000
1975
1962
1950
1956
1956
1971
1972
1966
1974
1984
1990
2003
2006
2024
2031
2035
2057
2067
2078
2100
2100
2099
2101
2100
2103
2107
2119
2114
2123
2101
2091
2057
2039
2040
2047
2067
2082
2098
2116
2132
2148
2162
2172
2181
2178
2199
2189
2189
2183
2169
2164
2155
2151
2156
2147
2147
2124
2114
2103
2106
2097
2089
2100
2112
2129
2133
2134
2151
2172
2181
2196
2195
2204
2209
2217
2226
2226
2220
2190
2183
2200
2228
2239
2238
2217
2218
2240
2251
2245
2237
2224
2222
2209
2200
2202
2191
2200
2191
2203
2208
2198
2181
2179
2180
2191
2205
2199
2214
2224
2229
2235
2256
2263
2282
2283
2295
2301
2327
2325
2316
2313
2326
2332
2327
2315
2308
2306
2307
2303
2288
2258
2227
2209
2179
2166
2137
2128
2102
2102
2096
2101
2107
2126
2136
2136
2139
2141
2146
2151
2152
2163
2165
2161
2170
2183
2192
2207
2234
2256
2259
2249
2243
2232
2211
2190
2162
2137
2122
2118
2113
2107
2115
2118
2126
2117
2120
2134
2164
2188
2189
2195
2211
2214
2227
2233
2229
2219
2219
2216
2214
2192
2171
2161
2167
2154
2136
2109
2099
2094
2091
2100
2105
2105
2093
2087
2079
2076
2070
2078
2056
2059
2049
2042
2040
2074
2082
2098
2085
2098
2108
2114
2134
2135
2146
2157
2166
2171
2171
2174
2174
2168
2171
2155
2159
2165
2181
2179
2191
2170
2172
2150
2147
2143
2147
2142
2139
2149
2154
2146
2154
2150
2145
2142
2133
2114
2094
2082
2071
2054
2044
2039
2037
2062
2085
2086
2086
2087
2101
2094
2088
2095
2079
2038
2019
1982
1955
1926
1919
1930
1951
1978
1997
2018
2043
2072
2096
2109
2117
2099
2079
2070
2040
2025
2017
2007
2001
2007
2023
2021
2027
2028
2040
2045
2063
2067
2085
2077
2076
2063
2070
2077
2065
2060
2066
2076
2088
2085
2085
2081
2092
2110
2127
2133
2124
2115
2103
2097
2084
2066
2042
2043
2035
2033
2030
2022
2021
2032
2060
2073
2071
2069
2069
2065
2056
2044
2027
1995
1994
2004
1996
1996
2003
2003
2003
2018
2019
2006
1995
2007
2016
2013
2009
2003
2005
2024
2043
2048
2033
2034
2030
2027
2008
1986
1991
2010
2027
2037
2056
2075
2100
2116
2126
2134
2145
2139
2150
2145
2150
2145
2135
2139
2130
2125
2124
2134
2131
2111
2109
2105
2108
2104
2100
2097
2097
2088
2076
2076
2059
2047
2046
2046
2048
2062
2079
2095
2099
2104
2105
2095
2077
2068
2073
2073
2077
2079
2085
2095
2113
2105
2110
2116
2128
2140
2154
2162
2172
2166
2139
2137
2131
2126
2126
2110
2103
2101
2105
2100
2092
2087
2081
2084
2065
2036
2006
2006
1988
1995
2008
2016
2031
2052
2052
2046
2053
2050
2050
2045
2052
2046
2052
2051
2053
2062
2063
2079
2087
2084
2075
2056
2023
2002
1977
1980
1961
1961
1988
1999
2007
2025
2040
2066
2080
2101
2114
2122
2119
2116
2110
2098
2096
2095
2101
2098
2099
2096
2083
2047
2025
2015
2005
1981
1963
1955
1961
1966
1979
1990
2014
2025
2045
2057
2056
2051
2044
2030
2032
2028
2019
2000
1994
1976
1967
1961
1966
1972
1981
2007
2022
2038
2040
2028
2018
2013
2003
2000
2011
2010
2010
2006
2020
2023
2029
2027
2022
2002
1980
1963
1956
1933
1923
1931
1937
1930
1923
1926
1940
1958
1975
1980
1976
1978
1973
1975
1980
1975
1971
1974
1982
1988
1979
1971
1974
1985
2002
1990
1988
1979
1965
1952
1953
1949
1936
1923
1920
1916
1907
1907
1911
1903
1898
1905
1913
1924
1948
1955
1962
1969
1967
1973
1987
2023
2038
2034
2033
2032
2043
2055
2050
2042
2017
2003
1992
1987
1978
1966
1959
1957
1957
1955
1959
1969
1975
1970
1968
1972
1972
1975
1983
1980
1970
1968
1994
2017
2028
2046
2065
2078
2084
2070
2066
2066
2056
2034
2005
1981
1947
1918
1899
1883
1888
1893
1883
1885
1897
1910
1920
1939
1945
1941
1950
1931
1922
1915
1922
1926
1928
1924
1923
1946
1960
1975
1992
1993
1990
2001
2016
2034
2048
2053
2057
2049
2033
2028
2023
2023
2027
2029
2029
2038
2038
2050
2040
2044
2044
2053
2054
2062
2058
2070
2091
2090
2100
2113
2134
2156
2170
2185
2184
2173
2158
2147
2138
2122
2120
2112
2120
2142
2167
2178
2183
2178
2190
2197
2192
2181
2171
2186
2201
2221
2209
2199
2204
2204
2200
2194
2196
2202
2200
2202
2212
2228
2231
2232
2236
2233
2219
2224
2222
2212
2178
2160
2143
2124
2108
2104
2103
2108
2110
2120
2130
2142
2135
2126
2124
2137
2135
2134
2130
2151
2152
2144
2130
2109
2099
2096
2094
2088
2089
2102
2114
2136
2143
2148
2160
2168
2167
2173
2191
2191
2206
2205
2219
2230
2238
2235
2234
2238
2233
2230
2219
2219
2204
2202
2195
2186
2176
2174
2162
2155
2132
2114
2098
2080
2056
2055
2059
2070
2076
2084
2078
2090
2087
2085
2094
2121
2123
2136
2137
2146
2172
2175
2188
2188
2182
2179
2172
2156
2138
2122
2114
2086
2068
2068
2078
2095
2098
2109
2089
2071
2047
2013
1987
1979
1976
1975
1992
1999
2003
2005
2035
2051
2070
2077
2089
2098
2102
2112
2138
2151
2142
2159
2173
2178
2185
2192
2180
2185
2180
2182
2174
2184
2180
2183
2180
2185
2193
2198
2200
2207
2200
2194
2199
2201
2194
2198
2202
2197
2193
2198
2203
2213
2214
2186
2179
2167
2159
2150
2159
2178
2175
2179
2160
2164
2156
2142
2118
2097
2082
2058
2056
2047
2056
2051
2057
2059
2058
2063
2069
2081
2083
2076
2080
2082
2068
2063
2067
2072
2065
2078
2091
2095
2098
2101
2111
2124
2141
2168
2183
2185
2171
2181
2172
2174
2176
2164
2136
2143
2140
2149
2159
2179
2185
2187
2191
2191
2172
2174
2172
2167
2156
2138
2136
2126
2120
2111
2117
2116
2125
2113
2126
2135
2139
2144
2138
2136
2157
2160
2183
2199
2209
2206
2219
2228
2233
2241
2239
2252
2263
2268
2275
2288
2303
2304
2305
2319
2306
2295
2288
2289
2282
2263
2248
2246
2234
2228
2228
2239
2239
2250
2251
2262
2265
2258
2254
2253
2257
2245
2248
2241
2241
2235
2225
2216
2208
2203
2200
2193
2179
2182
2198
2201
2188
2195
2195
2203
2212
2226
2232
2248
2246
2250
2260
2266
2271
2260
2276
2281
2286
2280
2266
2248
2228
2209
2207
2202
2183
2161
2145
5835
2204
2236
2279
2311
2334
2349
2364
2401
2430
2452
2454
2452
2433
2417
2376
2352
2318
2286
2257
2243
2207
2199
2215
2236
2270
2300
2332
2342
2340
2333
2337
2345
2351
2342
2342
2324
2297
2251
2217
2170
2146
2113
2065
2015
2002
1989
1998
2010
2038
2039
2061
2073
2099
2120
2155
2163
2193
2230
2253
2287
2304
2312
2326
2318
2301
2267
2242
2234
2220
2191
2148
2119
2101
2110
2172
2209
2239
2294
2323
2335
2326
2310
2294
2253
2224
2201
2190
2195
2192
2194
2204
2215
2246
2286
2335
2387
2423
2417
2375
2332
2281
2217
2165
2117
2099
2084
2083
2111
2140
2174
2189
2207
2222
2230
2246
2263
2263
2260
2214
2192
2172
2171
2152
2145
2125
2121
2110
2131
2148
2181
2199
2215
2201
2201
2207
2207
2201
2214
2234
2245
2248
2243
2210
2159
2127
2106
2099
2100
2123
2137
2182
2211
2243
2255
2273
2285
2317
2325
2346
2353
2358
2344
2322
2296
2274
2231
2186
2129
2071
2013
1966
1947
1958
1981
2004
2031
2068
2082
2103
2097
2124
2159
2211
2228
2248
2249
2232
2211
2163
2105
2069
2062
2087
2105
2134
2117
2110
2097
2073
2054
2018
1984
1923
1906
1900
1912
1927
1951
1979
2027
2054
2072
2058
2050
2017
1999
1987
1996
2001
1990
1971
1975
1991
2029
2040
2069
2114
2145
2164
2199
2219
2242
2244
2243
2217
2173
2146
2105
2059
1999
1971
1947
1946
1926
1934
1947
1972
1974
1972
1970
1997
2013
2039
2059
2084
2091
2104
2094
2094
2099
2095
2082
2077
2068
2063
2074
2125
2175
2208
2228
2227
2231
2198
2150
2091
2061
2051
2045
2040
2042
2055
2062
2060
2098
2137
2142
2148
2159
2178
2193
2214
2213
2179
2145
2127
2127
2118
2118
2101
2104
2124
2152
2181
2212
2200
2174
2128
2098
2058
2045
2031
2037
2043
2078
2133
2159
2153
2142
2138
2131
2108
2084
2081
2081
2103
2103
2132
2131
2142
2150
2176
2191
2207
2203
2219
2205
2221
2248
2273
2289
2309
2301
2293
2277
2279
2279
2313
2319
2307
2290
2264
2251
2244
2262
2281
2309
2318
2332
2343
2364
2346
2339
2334
2335
2332
2338
2331
2326
2327
2332
2345
2348
2333
2329
2307
2303
2299
2300
2300
2264
2222
2183
2147
2128
2130
2134
2135
2146
2161
2194
2232
2264
2290
2343
2422
2487
2533
2551
2558
2570
2570
2554
2529
2505
2469
2420
2361
2307
2273
2256
2236
2214
2219
2227
2254
2254
2244
2220
2200
2171
2136
2091
2083
2049
2024
1997
1960
1912
1894
1863
1811
1770
1778
1784
1808
1816
1838
1858
1890
1923
1934
1926
1905
1896
1898
1926
1936
1935
1939
1956
1957
1970
1972
2019
2053
2079
2099
2126
2146
2077
2036
2011
1977
1918
1851
1818
1829
1828
1849
1864
1897
1937
2001
2063
2096
2109
2100
2088
2049
2007
1982
1968
1960
1959
1967
1969
1990
2025
2066
2105
2159
2209
2234
2259
2256
2233
2199
2199
2176
2176
2178
2198
2233
2273
2305
2341
2408
2435
2450
2394
2350
2327
2336
2355
2374
2367
2365
2332
2315
2289
2260
2210
2155
2102
2055
2022
2003
1985
1986
1972
1970
1970
1976
1984
1997
2010
2038
2045
2055
2054
2052
2059
2062
2094
2118
2165
2203
2245
2297
2326
2344
2353
2345
2342
2325
2303
2244
2206
2171
2138
2113
2116
2083
2064
2048
2036
2026
2045
2045
2039
2056
2096
2124
2137
2153
2169
2198
2232
2269
2274
2257
2239
2206
2148
2100
2059
2029
2006
1995
1979
1962
1973
2002
2049
2101
2151
2193
2222
2212
2200
2183
2130
2075
2036
2027
2014
2013
2020
2076
2118
2159
2183
2203
2220
2254
2301
2335
2341
2320
2269
2244
2190
2139
2105
2088
2062
2050
2049
2078
2090
2117
2141
2144
2138
2142
2134
2139
2139
2114
2093
2065
2021
1951
1923
1887
1861
1832
1827
1818
1825
1842
1858
1875
1882
1858
1851
1870
1897
1924
1956
1995
2045
2085
2127
2161
2176
2204
2228
2240
2268
2318
2362
2392
2419
2435
2429
2423
2419
2402
2397
2397
2367
2336
2328
2304
2282
2253
2247
2247
2269
2284
2291
2303
2293
2274
2279
2303
2311
2320
2311
2299
2272
2239
2204
2172
2128
2105
2098
2111
2111
2100
2079
2094
2099
2117
2111
2111
2086
2087
2068
2063
2071
2097
2111
2113
2111
2122
2145
2186
2234
2309
2382
2406
2421
2417
2399
2351
2271
2168
2091
2044
2027
2016
2027
2042
2058
2081
2106
2162
2221
2250
2271
2276
2284
2263
2227
2190
2161
2123
2093
2056
2024
2011
2021
2036
2064
2120
2163
2203
2227
2225
2203
2147
2094
2035
1970
1927
1894
1901
1924
1947
1954
1987
2022
2069
2114
2215
2254
2291
2304
2305
2288
2254
2201
2184
2169
2175
2199
2220
2251
2283
2321
2363
2333
2252
2178
2111
2062
1992
1942
1889
1845
1811
1776
1745
1756
1753
1755
1792
1861
1915
1972
2015
2054
2074
2104
2093
2060
2019
1960
1902
1831
1768
1717
1704
1690
1681
1690
1713
1745
1778
1836
1912
1934
1921
1905
1897
1918
1959
1987
2015
2024
1998
1967
1949
1941
1931
1919
1914
1909
1888
1877
1865
1864
1871
1914
1981
2027
2074
2098
2110
2108
2103
2099
2090
2093
2077
2047
1997
1944
1890
1857
1818
1814
1845
1903
1954
2001
2023
2038
2057
2059
2027
2011
1993
1978
1986
2002
2033
2054
2060
2080
2085
2076
2032
1992
1956
1906
1883
1840
1824
1793
1781
1747
1712
1678
1663
1661
1673
1662
1652
1649
1688
1747
1787
1798
1799
1798
1795
1786
1804
1826
1847
1883
1920
1935
1919
1908
1925
1958
1984
1993
1999
2002
2010
2020
2023
2012
1995
1990
1973
1968
1959
1960
1985
1989
1986
2002
2031
2059
2068
2060
2051
2034
2019
2029
2017
2011
1984
1969
1983
2000
1993
1970
1964
1945
1930
1961
2024
2083
2141
2170
2202
2214
2244
2256
2292
2276
2242
2215
2184
2135
2102
2072
2081
2089
2092
2102
2116
2141
2163
2189
2196
2194
2189
2205
2189
2146
2126
2130
2123
2115
2086
2084
2093
2120
2109
2117
2110
2118
2119
2133
2153
2159
2185
2210
2204
2213
2237
2264
2301
2332
2346
2350
2363
2384
2412
2419
2416
2423
2438
2429
2419
2411
2403
2389
2371
2338
2316
2296
2298
2281
2260
2273
2294
2312
2337
2339
2329
2327
2330
2337
2345
2338
2324
2312
2293
2238
2175
2104
2057
1996
1966
1935
1944
1960
2000
2045
2078
2098
2108
2113
2139
2169
2178
2222
2255
2275
2260
2267
2264
2263
2250
2213
2160
2144
2121
2110
2115
2111
2123
2150
2164
2167
2122
2102
2073
2046
2011
1977
1965
1970
2000
2029
2072
2075
2080
2076
2074
2063
2055
2025
1998
1987
1992
1995
1989
1970
1955
1962
1963
1961
1974
1998
2034
2053
2045
2036
2046
2076
2121
2150
2150
2171
2186
2190
2195
2174
2135
2101
2033
1972
1932
1914
1917
1931
1964
2002
2044
2091
2138
2187
2220
2227
2222
2221
2203
2198
2169
2139
2105
2088
2069
2063
2033
2010
1959
1898
1793
1698
1604
1549
1524
1518
1534
1586
1683
1762
1849
1924
1980
1991
2007
1999
1973
1961
1968
1967
2010
2028
2043
2058
2065
2063
2065
2078
2102
2126
2167
2200
2235
2271
2294
2306
2304
2297
2261
2239
2225
2226
2221
2212
2179
2162
2130
2103
2078
2072
2058
2050
2018
1995
1965
1957
1930
1919
1905
1898
1897
1918
1938
1967
1992
2004
1994
1994
1999
2002
2010
2026
2027
2018
2001
1991
1970
1943
1897
1881
1874
1888
1896
1899
1880
1856
1832
1775
1730
1709
1728
1743
1791
1813
1860
1914
1943
1965
1985
1986
1976
1966
1959
1943
1956
1999
2045
2100
2097
2105
2097
2063
1988
1944
1913
1909
1891
1880
1869
1870
1863
1862
1838
1807
1754
1722
1689
1690
1706
1719
1743
1763
1794
1817
1833
1853
1882
1912
1938
1957
1976
1970
1979
1968
1966
1971
1977
1984
2001
2031
2052
2059
2064
2056
2029
2011
1991
1940
1899
1861
1800
1731
1685
1679
1667
1675
1699
1726
1763
1787
1775
1761
1720
1674
1654
1675
1682
1647
1601
1557
1527
1519
1543
1592
1670
1746
1789
1847
1878
1893
1872
1844
1770
1696
1605
1554
1527
1535
1551
1569
1569
1585
1619
1684
1736
1781
1810
1856
1894
1879
1857
1792
1745
1695
1648
1579
1493
1420
1403
1396
1413
1405
1411
1433
1489
1553
1595
1606
1599
1581
1567
1590
1631
1667
1708
1755
1803
1868
1915
1938
1958
1959
1950
1929
1901
1911
1916
1923
1893
1854
1794
1729
1682
1668
1662
1661
1653
1683
1745
1822
1890
1912
1925
1929
1922
1906
1896
1888
1882
1881
1866
1867
1849
1853
1846
1878
1914
1948
1955
1971
1975
1979
1976
1979
1983
1987
2013
2016
1995
1985
1979
1947
1929
1889
1867
1820
1782
1735
1701
1677
1657
1619
1585
1568
1568
1586
1613
1641
1685
1725
1775
1830
1868
1880
1870
1871
1838
1832
1817
1811
1783
1780
1786
1816
1833
1856
1863
1864
1869
1862
1840
1796
1761
1749
1759
1774
1835
1914
1961
2007
2065
2121
2147
2164
2155
2135
2115
2081
2017
1971
1957
1960
1976
1996
2011
2036
2060
2071
2079
2057
2022
1974
1931
1912
1902
1923
1973
2024
2066
2057
2019
1975
1949
1930
1942
1980
2031
2062
2084
2093
2075
2042
1978
1903
1824
1807
1823
1856
1857
1852
1823
1800
1783
1804
1817
1868
1908
1945
1926
1918
1895
1893
1883
1867
1855
1852
1832
1804
1810
1816
1851
1873
1895
1881
1876
1868
1886
1891
1927
1957
1992
2019
2057
2089
2151
2196
2227
2231
2241
2229
2191
2151
2116
2113
2113
2112
2105
2078
2049
2038
2029
2018
1993
1969
1934
1919
1899
1911
1930
1968
1993
2011
2019
2005
2000
1972
1932
1897
1887
1903
1927
1936
1931
1905
1852
1832
1832
1844
1848
1859
1865
1878
1875
1875
1842
1823
1824
1824
1820
1804
1821
1828
1829
1844
1849
1856
1859
1863
1887
1935
2000
2061
2130
2166
2176
2158
2134
2124
2115
2104
2114
2111
2126
2151
2201
2223
2233
2207
2185
2161
2080
2013
1937
1907
1848
1829
1806
1813
1821
1853
1852
1866
1837
1795
1729
1678
1635
1613
1633
1667
1686
1703
1708
1710
1695
1685
1717
1788
1860
1899
1916
1910
1934
1973
2021
2045
2054
2041
2059
2093
2126
2169
2204
2237
2268
2297
2318
2347
2356
2353
2315
2284
2243
2215
2196
2174
2144
2130
2108
2075
2046
2034
2054
2089
2127
2135
2110
2090
2095
2087
2056
2016
1976
1930
1911
1915
1890
1837
1765
1692
1638
1603
1605
1634
1663
1738
1822
1937
2030
2125
2216
2295
2340
2385
2396
2373
2314
2247
2158
2099
2054
2023
2006
2007
2038
2079
2121
2153
2194
2200
2210
2188
2165
2127
2090
2077
2093
2089
2080
2049
2041
2007
1970
1944
1931
1942
1965
1981
2009
2043
2062
2074
2063
2050
2019
1995
1953
1956
1974
1982
1998
2002
1994
2004
2001
2016
2005
1987
1955
1936
1930
1947
1956
1993
2035
2074
2089
2102
2109
2105
2072
2057
2014
1970
1903
1869
1843
1833
1810
1777
1755
1753
1765
1813
1854
1887
1913
1936
1942
1927
1908
1865
1827
1771
1759
1747
1757
1773
1818
1830
1851
1848
1869
1891
1892
1881
1856
1851
1857
1880
1896
1871
1816
1806
1800
1805
1817
1864
1908
1970
2019
2053
2061
2065
2066
2042
1996
1950
1868
1798
1715
1673
1660
1655
1659
1706
1775
1807
1813
1803
1798
1756
1744
1773
1827
1853
1860
1852
1849
1848
1841
1839
1845
1865
1888
1884
1881
1869
1851
1795
1726
1677
1639
1628
1645
1673
1702
1734
1757
1782
1777
1771
1733
1688
1643
1644
1643
1643
1685
1744
1788
1847
1901
1930
1932
1910
1868
1815
1769
1737
1714
1689
1667
1681
1719
1775
1796
1764
1737
1711
1750
1803
1880
1939
1985
1991
2027
2048
2093
2084
2069
2053
2035
2015
1986
1952
1918
1911
1911
1944
1976
2014
2035
2067
2098
2147
2190
2223
2234
2230
2227
2224
2231
2223
2211
2196
2177
2165
2167
2163
2159
2168
2172
2188
2223
2225
2238
2246
2247
2262
2282
2310
2323
2337
2336
2347
2335
2332
2320
2327
2343
2367
2383
2390
2411
2414
2426
2413
2412
2392
2386
2356
2324
2308
2311
2330
2355
2356
2391
2426
2446
2454
2433
2421
2410
2410
2388
2362
2307
2283
2269
2265
2276
2308
2319
2344
2371
2418
2454
2515
2554
2586
2604
2629
2615
2589
2565
2549
2538
2533
2526
2521
2542
2562
2592
2594
2624
2620
2611
2590
2562
2532
2499
2468
2438
2406
2380
2360
2342
2320
2302
2291
2290
2300
2296
2320
2349
2372
2376
2380
2367
2380
2397
2408
2439
2464
2497
2505
2497
2512
2538
2548
2568
2562
2554
2540
2525
2496
2472
2468
2495
2510
2522
2535
2531
2547
2544
2544
2544
2544
2530
2518
2507
2488
2470
2455
2402
2364
2344
2349
2371
2369
2336
2312
2271
2239
2216
2187
2183
2173
2176
2171
2202
2221
2242
2250
2284
2306
2359
2382
2394
2401
2418
2417
2424
2413
2413
2395
2384
2381
2351
2320
2288
2259
2229
2223
2237
2249
2247
2234
2231
2242
2286
2322
2369
2383
2393
2410
2414
2422
2425
2420
2371
2316
2224
2140
2060
2020
2017
2024
2031
2048
2068
2114
2171
2239
2298
2339
2338
2325
2314
2327
2325
2338
2316
2295
2273
2294
2304
2307
2304
2286
2290
2274
2223
2157
2111
2034
1989
1964
1915
1853
1794
1757
1758
1754
1784
1800
1819
1823
1868
1935
2008
2057
2091
2100
2121
2147
2180
2200
2218
2229
2200
2172
2117
2056
1943
1843
1768
1741
1718
1725
1712
1726
1724
1728
1755
1791
1811
1828
1826
1845
1885
1901
1928
1964
1986
2006
2000
1979
1968
1981
2003
2044
2102
2147
2196
2232
2288
2315
2303
2286
2256
2225
2166
2089
2019
1948
1882
1813
1758
1716
1702
1673
1659
1656
1683
1681
1677
1643
1625
1590
1575
1542
1517
1523
1573
1659
1756
1835
1902
1945
1957
1954
1953
1961
1962
1965
1964
1993
1995
2011
2010
2016
2004
1981
1947
1964
1987
2041
2089
2122
2145
2169
2160
2135
2086
2039
1972
1921
1863
1829
1825
1834
1870
1873
1881
1875
1897
1907
1928
1922
1883
1845
1816
1769
1724
1694
1694
1702
1727
1743
1773
1813
1862
1876
1879
1883
1908
1948
1961
1959
1948
1949
1970
1977
2005
2049
2091
2118
2145
2160
2163
2159
2159
2170
2166
2167
2162
2165
2171
2180
2157
2104
2055
2001
1956
1939
1918
1916
1916
1925
1926
1915
1886
1882
1873
1876
1871
1880
1874
1875
1865
1885
1942
1955
1955
1968
1969
1935
1901
1871
1854
1819
1829
1842
1894
1922
1971
1991
2031
2050
2067
2072
2068
2037
2038
2052
2097
2131
2148
2154
2150
2149
2166
2172
2165
2154
2126
2088
2048
2039
2005
2013
2011
2021
2031
2071
2128
2198
2248
2275
2267
2269
2298
2313
2315
2299
2285
2275
2275
2258
2229
2215
2205
2201
2175
2161
2147
2129
2103
2079
2067
2051
2063
2066
2066
2055
2067
2103
2148
2209
2256
2299
2323
2343
2373
2394
2394
2380
2368
2325
2304
2303
2304
2286
2298
2276
2245
2205
2186
2190
2199
2203
2203
2156
2132
2120
2135
2160
2186
2227
2270
2330
2373
2411
2441
2458
2436
2401
2322
2290
2258
2241
2196
2171
2121
2099
2082
2074
2095
2129
2143
2116
2097
2062
2059
2029
2006
1987
1988
1978
1975
1973
1990
2015
2046
2082
2129
2144
2172
2205
2240
2266
2261
2251
2265
2276
2274
2277
2272
2282
2282
2285
2277
2288
2301
2319
2349
2396
2419
2423
2418
2392
2378
2362
2349
2319
2283
2258
2266
2298
2330
2361
2410
2463
2506
2530
2537
2546
2521
2497
2467
2464
2432
2408
2360
2316
2282
2268
2281
2307
2315
2322
2329
2334
2350
2334
2329
2319
2310
2296
2292
2299
2296
2273
2255
2197
2175
2137
2095
2044
1999
1950
1928
1911
1933
1958
1999
2024
2054
2076
2075
2059
2035
2027
2003
2005
1985
1990
1994
2033
2087
2148
2219
2282
2342
2377
2397
2423
2451
2456
2424
2349
2255
2157
2074
1993
1928
1881
1835
1823
1814
1847
1917
2002
2087
2150
2202
2226
2217
2216
2221
2228
2227
2244
2246
2228
2194
2183
2157
2138
2132
2135
2123
2087
2037
1968
1893
1819
1745
1671
1609
1543
1536
1558
1631
1685
1743
1798
1864
1910
1945
1984
2013
2029
2051
2075
2133
2193
2240
2283
2315
2316
2315
2282
2222
2166
2096
2049
2011
1985
1946
1929
1904
1925
1970
2009
2047
2062
2054
2045
2035
2014
2008
2008
2027
2046
2066
2093
2159
2210
2294
2349
2414
2432
2418
2369
2283
2205
2127
2059
2009
1965
1947
1952
2009
2074
2124
2171
2214
2242
2274
2298
2302
2299
2282
2280
2290
2306
2324
2330
2363
2392
2412
2416
2393
2351
2325
2287
2253
2228
2202
2206
2215
2207
2195
2185
2179
2188
2199
2219
2231
2266
2277
2285
2271
2267
2275
2296
2303
2333
2348
2364
2341
2319
2307
2293
2294
2287
2277
2272
2291
2295
2305
2274
2238
2215
2212
2185
2182
2208
2259
2308
2376
2407
2447
2460
2448
2403
2327
2250
2192
2154
2128
2103
2087
2081
2077
2104
2123
2131
2136
2129
2135
2157
2177
2215
2243
2274
2283
2273
2265
2267
2247
2247
2251
2251
2260
2272
2295
2315
2306
2281
2247
2207
2170
2138
2104
2108
2093
2092
2084
2116
2146
2193
2227
2240
2235
2243
2245
2230
2173
2126
2075
2042
2019
2010
2008
2004
2001
1987
2024
2060
2080
2068
2053
2052
2066
2092
2110
2107
2121
2119
2119
2112
2107
2111
2142
2180
2189
2154
2109
2065
2031
1993
1930
1912
1910
1931
1925
1930
1956
1968
1947
1936
1920
1946
1970
2017
2045
2085
2092
2104
2107
2102
2109
2114
2112
2124
2149
2168
2161
2149
2145
2141
2140
2115
2075
2061
2049
2026
1993
1951
1926
1886
1865
1858
1849
1831
1813
1812
1808
1826
1867
1928
1993
2038
2079
2097
2088
2054
2004
1958
1920
1870
1834
1772
1719
1666
1651
1627
1619
1613
1617
1631
1652
1683
1715
1744
1774
1849
1924
1967
2000
2035
2064
2112
2142
2163
2135
2110
2069
2047
2003
1966
1891
1813
1734
1679
1629
1617
1603
1615
1656
1692
1723
1713
1712
1693
1677
1666
1687
1684
1697
1707
1733
1719
1672
1634
1649
1675
1694
1693
1689
1670
1651
1662
1665
1667
1659
1645
1624
1615
1583
1553
1509
1476
1448
1409
1400
1415
1471
1506
1526
1526
1535
1516
1499
1478
1453
1426
1419
1427
1411
1397
1363
1377
1409
1445
1440
1480
1534
1590
1630
1656
1710
1757
1787
1840
1864
1859
1848
1845
1857
1868
1868
1872
1892
1884
1864
1816
1740
1670
1645
1640
1680
1717
1781
1825
1879
1898
1907
1895
1881
1848
1831
1804
1819
1861
1915
1931
1934
1925
1876
1790
1641
1533
1411
1331
1235
1184
1192
1247
1309
1395
1459
1515
1561
1623
1671
1725
1754
1777
1780
1733
1668
1601
1563
1554
1575
1605
1620
1632
1658
1694
1736
1780
1837
1870
1917
1945
1958
1973
1981
1983
2004
2023
2042
2022
1990
1939
1865
1816
1797
1779
1758
1743
1741
1742
1779
1832
1905
1905
1893
1860
1824
1779
1776
1765
1762
1755
1746
1741
1750
1779
1814
1834
1821
1816
1811
1814
1817
1853
1869
1896
1909
1920
1913
1916
1908
1899
1887
1883
1855
1867
1898
1943
1979
1988
1987
1974
1969
1970
1979
1968
1925
1862
1829
1822
1860
1889
1895
1905
1939
1976
2014
2033
2081
2113
2134
2141
2137
2100
2062
2009
1941
1907
1890
1889
1909
1920
1928
1918
1932
1923
1926
1922
1911
1895
1891
1886
1904
1937
2004
2065
2133
2177
2192
2179
2112
2024
1913
1823
1739
1699
1685
1684
1691
1752
1807
1889
1965
2054
2147
2224
2269
2326
2353
2382
2394
2414
2417
2403
2382
2368
2362
2370
2362
2346
2321
2290
2270
2249
2230
2182
2189
2186
2197
2202
2222
2182
2151
2094
2071
2060
2063
2052
2090
2138
2178
2193
2186
2173
2169
2147
2117
2085
2035
1979
1934
1914
1920
1937
1953
1967
1952
1948
1932
1902
1865
1852
1831
1849
1884
1934
1985
2046
2083
2098
2059
2056
2086
2107
2121
2112
2116
2096
2099
2085
2074
2088
2101
2128
2144
2138
2130
2131
2130
2145
2159
2162
2189
2228
2305
2366
2407
2437
2464
2469
2449
2386
2314
2273
2233
2210
2183
2152
2096
2062
2043
2052
2045
2054
2038
2041
2019
1993
1920
1868
1809
1773
1746
1715
1698
1715
1815
1915
2009
2068
2131
2176
2220
2236
2252
2196
2151
2084
2058
2032
2024
2005
1977
1988
1999
1995
2003
1989
1958
1908
1851
1823
1798
1807
1817
1841
1861
1895
1933
1947
1955
1969
1991
2018
2025
2010
1987
1948
1905
1870
1846
1827
1799
1761
1742
1743
1760
1781
1806
1829
1868
1936
2017
2069
2097
2114
2105
2099
2085
2100
2128
2163
2175
2195
2204
2203
2179
2166
2131
2107
2073
2066
2061
2081
2111
2138
2198
2230
2262
2298
2330
2315
2302
2289
2271
2240
2195
2126
2074
2031
2001
1971
1970
1954
1941
1957
1986
2011
2036
2052
2053
2058
2052
2089
2111
2147
2174
2200
2189
2190
2175
2155
2138
2130
2129
2137
2161
2207
2265
2341
2402
2453
2476
2482
2493
2487
2468
2444
2415
2391
2372
2341
2297
2256
2214
2161
2106
2075
2051
2031
2051
2079
2120
2156
2198
2242
2268
2320
2399
2456
2501
2524
2542
2490
2422
2342
2260
2202
2158
2125
2112
2090
2083
2055
2005
1973
1952
1954
1955
1963
1978
1991
2031
2071
2129
2212
2270
2321
2358
2396
2438
2459
2457
2472
2473
2460
2424
2387
2301
2253
2213
2191
2161
2124
2116
2107
2072
2053
2071
2076
2104
2113
2107
2084
2061
2048
2075
2085
2090
2095
2101
2104
2133
2166
2193
2218
2244
2251
2275
2294
2308
2304
2286
2255
2235
2249
2246
2217
2167
2146
2136
2139
2136
2131
2101
2088
2079
2095
2119
2148
2198
2246
2270
2301
2346
2362
2347
2322
2307
2301
2311
2304
2282
2279
2286
2275
2228
2169
2095
2039
1993
1993
2008
2045
2087
2135
2167
2206
2231
2223
2183
2117
2061
2013
1979
1975
1976
2016
2058
2095
2155
2197
2235
2241
2275
2271
2284
2286
2280
2246
2251
2232
2226
2198
2169
2126
2071
2020
1974
1926
1883
1868
1855
1873
1863
1858
1839
1833
1838
1846
1851
1849
1842
1857
1855
1872
1852
1838
1847
1917
1990
2058
2107
2116
2129
2104
2069
2038
1994
1955
1942
1934
1920
1946
1992
2043
2071
2093
2100
2095
2032
1981
1920
1901
1880
1887
1918
1983
2093
2169
2247
2305
2331
2323
2280
2213
2114
2018
1922
1840
1793
1764
1749
1751
1792
1832
1853
1876
1895
1932
1987
2001
1986
1946
1907
1870
1868
1878
1898
1932
1965
1981
1971
1957
1928
1898
1863
1855
1836
1859
1876
1922
1937
1939
1913
1873
1833
1824
1815
1827
1809
1802
1773
1757
1764
1771
1781
1793
1818
1856
1911
1976
2058
2092
2098
2072
2046
2011
1985
1960
1969
1982
2010
2059
2111
2147
2139
2113
2077
2039
2002
1973
1986
1991
2023
2038
2085
2106
2116
2125
2124
2091
2078
2042
2026
2017
2008
2001
2016
2031
2045
2056
2095
2114
2132
2158
2176
2164
2149
2155
2148
2146
2129
2150
2167
2202
2191
2160
2133
2131
2119
2110
2102
2100
2075
2054
2010
1979
1931
1857
1803
1759
1746
1753
1763
1758
1775
1764
1764
1753
1761
1735
1676
1611
1574
1549
1555
1563
1593
1652
1762
1843
1876
1877
1888
1903
1925
1907
1874
1845
1846
1876
1911
1971
2021
2073
2099
2121
2154
2158
2158
2152
2136
2150
2166
2179
2210
2199
2198
2204
2219
2195
2144
2105
2091
2107
2118
2110
2076
2028
1967
1947
1913
1900
1871
1833
1807
1808
1839
1865
1897
1929
1981
2024
2041
2008
1939
1869
1823
1789
1774
1764
1768
1768
1820
1859
1904
1924
1933
1908
1905
1874
1857
1847
1866
1911
1982
2040
2112
2130
2154
2180
2180
2140
2078
2029
1987
1971
1976
1987
1987
1983
1957
1942
1889
1855
1796
1789
1770
1771
1791
1814
1825
1830
1836
1855
1855
1851
1856
1865
1864
1873
1906
1964
2037
2089
2108
2095
2084
2053
2019
1984
1958
1936
1890
1853
1822
1814
1843
1867
1902
1919
1951
2005
2081
2135
2136
2092
2007
1909
1820
1755
1736
1754
1796
1831
1892
1938
1971
1998
2003
2005
2025
2030
2036
2041
2052
2067
2095
2109
2105
2108
2111
2149
2193
2237
2274
2316
2362
2404
2420
2456
2470
2495
2511
2511
2506
2503
2497
2486
2469
2448
2430
2409
2399
2389
2386
2384
2384
2365
2382
2390
2434
2447
2470
2486
2526
2545
2558
2555
2544
2524
2480
2452
2442
2424
2418
2424
2450
2458
2464
2475
2498
2505
2495
2483
2468
2457
2442
2438
2437
2447
2472
2499
2518
2532
2537
2551
2571
2588
2577
2552
2551
2555
2570
2594
2625
2644
2671
2701
2727
2736
2728
2737
2736
2732
2736
2754
2765
2769
2776
2775
2778
2773
2751
2730
2712
2700
2674
2663
2657
2632
2599
2544
2512
2465
2438
2384
2380
2368
2398
2413
2480
2521
2544
2552
2560
2564
2590
2596
2591
2599
2562
2544
2506
2482
2463
2460
2457
2467
2468
2505
2546
2598
2628
2661
2658
2669
2666
2686
2696
2723
2726
2751
2759
2743
2690
2621
2572
2526
2491
2472
2441
2432
2428
2426
2447
2474
2494
2514
2520
2542
2555
2565
2572
2579
2571
2528
2463
2416
2372
2330
2300
2258
2227
2189
2175
2192
2209
2222
2257
2288
2292
2296
2300
2281
2279
2274
2276
2273
2284
2283
2312
2311
2307
2308
2311
2329
2347
2373
2391
2411
2420
2448
2446
2463
2471
2470
2455
2460
2454
2458
2441
2422
2386
2392
2375
2376
2342
2318
2285
2239
2179
2136
2075
2041
2020
2000
2001
1989
1989
1981
1990
2016
2066
2106
2151
2167
2181
2181
2204
2232
2270
2303
2339
2360
2391
2420
2432
2432
2411
2366
2319
2263
2225
2192
2184
2176
2175
2162
2131
2108
2083
2024
1943
1890
1889
1883
1853
1812
1771
1740
1753
1779
1795
1803
1824
1872
1914
1952
2005
2034
2023
2016
1974
1955
1948
1958
1965
1963
1938
1923
1900
1909
1912
1905
1875
1831
1789
1761
1733
1733
1771
1821
1893
1945
2005
2038
2090
2118
2144
2122
2124
2089
2049
2004
1985
1942
1920
1902
1892
1887
1906
1922
1968
2024
2090
2171
2237
2268
2260
2239
2191
2145
2062
2004
1924
1879
1823
1798
1791
1805
1815
1841
1863
1900
1931
1955
1972
1988
2006
2025
2070
2123
2181
2236
2274
2310
2324
2352
2394
2407
2427
2447
2467
2478
2486
2490
2487
2489
2492
2503
2509
2515
2512
2505
2464
2380
2327
2266
2230
2186
2148
2117
2118
2127
2167
2204
2262
2287
2334
2351
2343
2304
2271
2240
2188
2114
2049
2020
2012
2039
2075
2114
2155
2203
2235
2268
2269
2270
2228
2195
2148
2131
2106
2114
2122
2137
2155
2189
2226
2266
2277
2288
2300
2322
2341
2349
2373
2384
2391
2382
2362
2318
2290
2269
2266
2253
2256
2244
2238
2250
2251
2240
2232
2226
2220
2211
2213
2234
2243
2265
2300
2296
2302
2302
2302
2299
2303
2314
2322
2321
2310
2300
2314
2320
2340
2361
2361
2348
2354
2361
2344
2316
2282
2210
2137
2082
2030
1975
1928
1930
1934
1959
2002
2059
2082
2099
2103
2126
2133
2184
2211
2243
2227
2232
2241
2282
2339
2352
2359
2355
2346
2324
2331
2303
2289
2262
2233
2193
2162
2120
2076
2040
2029
2042
2074
2098
2135
2150
2153
2144
2129
2108
2068
2019
1974
1972
1982
2052
2088
2103
2077
2074
2071
2080
2069
2094
2121
2179
2209
2213
2216
2225
2232
2246
2258
2263
2280
2293
2316
2305
2298
2272
2247
2199
2152
2115
2102
2120
2158
2202
2241
2284
2300
2301
2301
2287
2271
2267
2247
2211
2159
2127
2092
2075
2091
2111
2135
2157
2183
2196
2233
2260
2290
2291
2255
2198
2129
2046
1968
1888
1839
1816
1807
1821
1859
1887
1893
1903
1935
1972
1979
1981
1975
1975
1972
1981
1979
1978
1945
1932
1907
1900
1882
1892
1896
1918
1940
1990
2020
2034
2041
2031
2043
2055
2042
2014
1981
1931
1882
1855
1841
1793
1787
1793
1807
1834
1893
1969
2048
2064
2076
2076
2125
2172
2219
2266
2281
2287
2299
2292
2255
2188
2114
2053
1993
1947
1910
1867
1833
1812
1819
1822
1847
1885
1906
1932
1968
2009
2036
2045
2060
2088
2122
2165
2164
2152
2160
2169
2211
2235
2223
2231
2233
2232
2202
2162
2119
2106
2078
2080
2082
2110
2122
2162
2220
2272
2322
2362
2400
2414
2412
2396
2379
2342
2338
2311
2300
2290
2276
2246
2244
2228
2222
2194
2182
2145
2129
2099
2101
2130
2170
2203
2230
2258
2278
2294
2320
2346
2367
2389
2396
2408
2417
2404
2367
2287
2297
2345
2390
2424
2421
2408
2395
2387
2388
2389
2376
2365
2338
2322
2306
2300
2294
2295
2288
2289
2296
2282
2256
2249
2257
2279
2307
2325
2341
2362
2404
2429
2461
2479
2514
2530
2556
2565
2556
2533
2516
2506
2514
2519
2525
2512
2497
2482
2462
2437
2399
2351
2286
2226
2108
2044
1980
1957
1956
1978
1981
2018
2067
2106
2117
2135
2139
2151
2147
2155
2164
2167
2167
2200
2239
2282
2334
2386
2425
2436
2445
2416
2375
2318
2265
2209
2133
2070
2042
2027
2020
2018
2027
2022
2014
2042
2107
2176
2253
2293
2313
2331
2350
2367
2373
2367
2367
2347
2343
2317
2268
2236
2199
2157
2125
2095
2055
2004
1974
1972
1989
2023
2045
2067
2068
2069
2043
2020
1977
1969
1944
1950
1922
1927
1950
1996
2026
2071
2082
2101
2120
2166
2217
2255
2276
2285
2283
2279
2255
2252
2229
2219
2231
2222
2241
2247
2260
2249
2250
2230
2228
2215
2230
2223
2216
2201
2179
2160
2161
2169
2155
2149
2152
2156
2122
2085
2039
1999
1949
1930
1925
1928
1948
2014
2038
2064
2076
2091
2100
2107
2114
2095
2055
1962
1853
1733
1641
1602
1610
1679
1765
1864
1963
2038
2107
2186
2248
2265
2247
2218
2168
2120
2058
1999
1944
1930
1922
1927
1970
2004
2028
2045
2052
2071
2091
2114
2123
2123
2150
2142
2141
2118
2099
2071
2080
2098
2116
2125
2157
2160
2182
2197
2229
2233
2232
2215
2182
2140
2079
2048
2025
2004
1990
1983
1986
2008
2027
2049
2091
2123
2124
2112
2073
2050
2019
1978
1954
1914
1903
1889
1893
1888
1905
1925
1934
1928
1944
1955
1964
1962
1950
1939
1953
1968
2005
2041
2069
2076
2065
2033
2009
1978
1947
1938
1938
1955
2011
2079
2138
2204
2261
2310
2350
2368
2378
2360
2339
2308
2289
2266
2249
2236
2206
2192
2176
2154
2149
2121
2103
2110
2118
2107
2109
2095
2064
2020
1992
1985
1958
1945
1940
1973
2003
2063
2114
2147
2143
2157
2140
2126
2083
2058
2040
2043
2063
2091
2124
2140
2166
2187
2222
2236
2265
2276
2297
2299
2310
2292
2262
2229
2184
2128
2104
2083
2072
2045
2030
2051
2071
2076
2082
2034
1960
1885
1814
1795
1798
1833
1867
1909
1966
2005
2035
2043
2024
1995
1986
1970
1975
1987
2009
2027
2055
2059
2073
2070
2098
2090
2033
1981
1919
1856
1796
1773
1784
1810
1841
1881
1924
1999
2047
2118
2173
2225
2239
2226
2207
2185
2175
2158
2143
2143
2158
2148
2127
2090
2045
1983
1925
1886
1842
1799
1771
1744
1770
1795
1855
1914
2005
2049
2072
2079
2077
2052
2032
2023
2011
1983
1937
1892
1840
1806
1794
1787
1821
1848
1880
1946
2010
2039
2019
1999
1970
1940
1922
1914
1936
1957
1970
1987
2004
2026
2027
2013
1961
1904
1831
1765
1723
1709
1708
1726
1760
1775
1769
1775
1823
1879
1929
1948
1941
1925
1894
1877
1862
1873
1885
1904
1927
1951
1938
1920
1912
1906
1937
1948
1934
1906
1871
1840
1859
1841
1810
1756
1709
1673
1685
1710
1758
1782
1776
1781
1776
1789
1827
1856
1900
1941
1957
1960
1980
2029
2060
2088
2088
2115
2126
2113
2066
2022
2004
1987
1946
1910
1872
1853
1836
1812
1808
1829
1869
1913
1934
1923
1909
1914
1934
1947
1960
1933
1917
1918
1935
1990
2044
2102
2149
2144
2140
2129
2110
2069
2025
1971
1896
1823
1746
1682
1651
1626
1634
1660
1687
1704
1734
1770
1819
1849
1862
1851
1843
1823
1817
1803
1814
1813
1839
1836
1847
1875
1912
1955
1995
2015
2035
2070
2102
2133
2140
2148
2126
2115
2077
2054
2027
2019
2026
2031
2016
2020
2032
2060
2069
2076
2063
2059
2058
2065
2078
2108
2166
2195
2233
2282
2328
2357
2386
2387
2363
2322
2280
2230
2176
2121
2097
2094
2125
2188
2242
2295
2304
2310
2321
2316
2312
2298
2284
2289
2314
2351
2372
2366
2348
2344
2329
2309
2298
2304
2319
2338
2352
2381
2377
2374
2365
2360
2356
2352
2308
2260
2187
2143
2089
2032
1990
1957
1974
2034
2079
2115
2141
2188
2180
2168
2147
2125
2113
2104
2095
2101
2117
2121
2113
2071
2041
2016
2005
2014
2041
2066
2099
2139
2198
2228
2276
2295
2319
2309
2339
2349
2368
2384
2413
2418
2415
2401
2401
2392
2378
2367
2340
2308
2264
2244
2213
2207
2188
2186
2152
2120
2070
2019
1942
1905
1878
1870
1889
1914
1942
1982
2019
2044
2055
2065
2089
2124
2150
2183
2208
2220
2240
2260
2275
2287
2279
2269
2206
2153
2088
2038
2005
1987
1990
2021
2079
2117
2116
2115
2085
2034
1980
1914
1847
1814
1816
1832
1853
1881
1906
1921
1980
2029
2092
2117
2149
2172
2202
2229
2270
2311
2348
2366
2371
2378
2393
2402
2382
2350
2310
2291
2266
2271
2268
2291
2297
2322
2320
2310
2306
2323
2324
2336
2335
2325
2320
2308
2303
2304
2304
2340
2369
2366
2339
2295
2275
2248
2224
2204
2196
2204
2212
2211
2205
2197
2160
2115
2058
1989
1920
1883
1870
1876
1897
1933
1984
2014
2035
2046
2058
2060
2077
2074
2060
2053
2065
2062
2051
2041
2058
2102
2152
2190
2212
2224
2229
2255
2301
2359
2388
2376
2333
2307
2275
2276
2258
2253
2226
2222
2210
2226
2257
2312
2321
2331
2304
2286
2255
2241
2221
2207
2180
2162
2142
2118
2113
2099
2112
2117
2138
2148
2164
2164
2176
2175
2197
2208
2246
2284
2321
2355
2387
2405
2400
2417
2436
2448
2445
2462
2480
2510
2530
2546
2545
2544
2537
2533
2532
2523
2492
2475
2437
2411
2363
2350
2348
2347
2338
2338
2326
2332
2368
2387
2412
2418
2398
2389
2371
2348
2336
2328
2312
2313
2290
2257
2211
2203
2195
2210
2208
2234
2242
2242
2243
2253
2287
2299
2326
2354
2382
2402
2414
2425
2444
2448
2472
2472
2476
2467
2466
2423
2401
2368
2345
2300
2256
2197
2141
2067
2024
47.05078125
1.662084937
999
