5835
2141
2138
2156
2124
2145
2136
2164
2143
2158
2118
2140
2161
2183
2163
2167
2168
2199
2164
2146
2134
2134
2119
2104
2070
2059
2063
2044
2032
2000
1996
1999
2004
2002
1992
1969
2019
2019
2032
2005
2050
2062
2073
2029
2048
2030
2081
2040
2053
2011
2054
2027
2056
2003
2026
2016
2046
1992
2030
1975
2054
2013
2049
1999
2055
2009
2013
1940
1949
1865
1890
1821
1843
1775
1844
1832
1877
1839
1912
1907
1967
1921
1962
1939
1993
1954
1967
1925
1977
1951
1981
1945
1961
1938
1992
1963
1990
1969
2028
2016
2033
2001
2015
1995
2045
2016
2039
2029
2073
2065
2080
2047
2064
2046
2084
2042
2040
2009
2044
2031
2037
1993
1999
1959
1953
1941
1911
1895
1930
1940
1928
1922
1907
1937
1933
1943
1943
1951
1976
2011
1971
1988
1950
2017
1992
2023
1980
2021
2022
2079
2039
2081
2036
2070
2003
2040
1983
2030
2005
2055
1997
2043
2015
2087
2050
2081
2027
2062
2035
2097
2035
2079
2047
2088
2083
2110
2096
2134
2139
2145
2137
2117
2097
2093
2105
2093
2080
2049
2100
2081
2118
2088
2131
2121
2156
2112
2162
2094
2164
2111
2148
2092
2130
2086
2151
2135
2186
2139
2202
2176
2208
2172
2178
2139
2171
2131
2142
2099
2152
2135
2140
2126
2124
2115
2153
2127
2129
2135
2119
2142
2116
2113
2073
2079
2078
2076
2041
2044
2048
2075
2069
2086
2102
2123
2124
2135
2115
2137
2156
2181
2179
2207
2195
2242
2229
2241
2216
2233
2231
2234
2182
2215
2170
2212
2165
2194
2157
2206
2196
2241
2195
2213
2175
2209
2172
2215
2151
2167
2136
2184
2137
2170
2129
2184
2151
2193
2147
2213
2187
2223
2160
2205
2182
2229
2206
2230
2200
2263
2235
2249
2225
2228
2218
2244
2199
2205
2182
2221
2219
2222
2195
2214
2207
2208
2170
2154
2162
2165
2183
2159
2182
2205
2248
2226
2252
2207
2260
2247
2283
2244
2265
2209
2279
2226
2269
2216
2281
2233
2284
2250
2284
2259
2308
2280
2306
2253
2280
2248
2282
2237
2246
2214
2254
2233
2250
2241
2243
2259
2281
2290
2284
2271
2291
2297
2273
2267
2221
2240
2229
2244
2224
2219
2218
2251
2225
2219
2198
2230
2231
2232
2200
2207
2201
2222
2179
2191
2194
2237
2222
2231
2192
2219
2201
2213
2171
2202
2163
2219
2188
2202
2139
2192
2166
2209
2163
2189
2174
2234
2178
2197
2145
2185
2156
2171
2098
2125
2085
2154
2107
2162
2141
2145
2130
2143
2146
2148
2096
2093
2039
2092
2067
2079
2022
2058
2067
2120
2058
2106
2034
2102
2063
2099
2044
2088
2047
2111
2046
2089
2021
2090
2049
2109
2060
2088
2053
2096
2049
2075
2030
2068
2055
2099
2081
2100
2088
2127
2079
2088
2058
2083
2081
2088
2055
2065
2064
2082
2097
2078
2098
2124
2161
2143
2141
2136
2187
2159
2166
2130
2173
2174
2162
2105
2113
2080
2136
2102
2115
2078
2102
2070
2109
2069
2093
2054
2108
2068
2071
2038
2058
2041
2065
2005
2020
1993
2039
2017
2030
1996
2051
2025
2044
2013
2034
1995
2035
2008
2032
2009
2065
2043
2070
2054
2082
2077
2120
2080
2099
2071
2112
2058
2053
2005
2004
1992
2002
1963
1973
1942
1977
1972
1985
1950
1981
1980
2000
1986
1981
1987
1997
1965
1946
1915
1929
1937
1925
1934
1906
1931
1942
1960
1962
1994
1986
2042
2005
2033
1990
2019
1983
1996
1902
1930
1889
1935
1869
1905
1864
1916
1878
1943
1886
1951
1914
1985
1926
1986
1947
2013
1976
2004
1935
1992
1938
1958
1902
1911
1882
1941
1909
1938
1896
1944
1966
1998
1962
1978
1976
2008
1982
1981
1968
1968
1965
1965
1946
1956
1970
1987
2013
1994
1999
2007
2038
2033
2042
2042
2067
2063
2070
2057
2053
2029
2021
1988
2005
1982
2012
2014
2028
2021
2037
2023
2064
2031
2038
1988
2021
2013
2014
1980
2004
1986
2034
1998
2019
1987
2028
1991
2029
1975
1989
1957
2000
1944
1971
1915
1970
1927
1953
1893
1935
1889
1937
1887
1905
1857
1897
1865
1886
1821
1876
1852
1879
1847
1854
1847
1873
1860
1882
1883
1880
1918
1912
1911
1904
1920
1931
1931
1892
1924
1899
1967
1945
1963
1925
1968
1914
1965
1887
1925
1854
1910
1844
1912
1855
1918
1893
1961
1928
1992
1950
2011
2003
2021
1994
2038
2017
2040
2005
2013
2003
2010
2029
2006
1987
1984
1998
1999
2035
1988
2011
2006
2043
2019
2033
1992
2038
2026
2073
2037
2057
2044
2096
2074
2106
2052
2098
2082
2128
2071
2086
2042
2091
2070
2090
2036
2061
2053
2073
2041
2039
2023
2063
2056
2087
2062
2112
2107
2146
2138
2133
2120
2162
2167
2175
2159
2150
2165
2189
2165
2133
2121
2137
2163
2135
2146
2117
2156
2160
2179
2158
2173
2118
2156
2093
2091
2006
2046
2001
2047
1973
2003
1939
2007
1960
2012
1961
2027
2022
2055
2019
2062
2040
2108
2067
2098
2091
2095
2117
2137
2129
2138
2148
2163
2210
2177
2205
2172
2198
2171
2155
2066
2094
2011
2032
1962
1977
1924
1983
1933
1992
1933
1988
1975
2054
2001
2033
1999
2034
2012
2044
1995
2017
2001
2049
2027
2039
2006
2034
2029
2045
1999
2013
2029
2049
2065
2035
2028
2052
2074
2061
2070
2044
2072
2069
2076
2038
2047
2075
2120
2120
2137
2113
2149
2152
2155
2113
2125
2078
2113
2055
2071
2036
2053
2026
2063
2021
2032
1982
2031
1994
2019
1965
1984
1966
2015
1985
2031
2003
2067
2030
2052
2024
2037
2026
2056
2026
2036
2021
2045
2048
2046
2045
2063
2076
2091
2079
2053
2067
2026
2068
2039
2043
2002
2010
1943
1987
1926
1958
1917
1985
1923
1954
1903
1953
1927
1996
1955
2006
1980
2049
2000
2026
1967
1996
1955
1980
1914
1948
1911
1918
1921
1913
1901
1928
1939
1971
1978
1930
1954
1961
1989
1931
1940
1924
1969
1951
1999
1938
1985
1960
1984
1929
1967
1899
1944
1922
1965
1905
1941
1909
1958
1968
1993
1964
2007
2011
2028
1998
2011
2001
2012
2038
2046
2035
2057
2074
2070
2095
2081
2096
2105
2130
2130
2135
2116
2142
2135
2151
2131
2124
2110
2125
2084
2097
2053
2075
2060
2079
2025
2026
1980
2019
1976
1978
1928
1975
1963
1979
1939
1951
1916
1972
1926
1942
1886
1961
1944
1991
1971
2003
2013
2060
2047
2062
2057
2038
2060
2063
2058
2041
2058
2071
2096
2053
2061
2014
2067
2022
2036
1995
2035
1976
2011
1921
1945
1862
1911
1832
1867
1795
1851
1819
1888
1843
1889
1861
1942
1956
1991
1966
1995
1979
2016
1961
1952
1943
1936
1960
1953
1941
1928
1943
1942
1989
1963
1979
1942
1987
1947
1947
1895
1922
1876
1924
1903
1941
1929
1988
1979
2011
1957
1974
1933
1954
1896
1896
1861
1910
1889
1892
1828
1818
1795
1809
1782
1773
1744
1777
1783
1785
1745
1779
1770
1801
1794
1803
1813
1858
1872
1870
1885
1871
1884
1882
1871
1848
1848
1844
1816
1765
1742
1691
1710
1687
1710
1693
1737
1722
1790
1763
1801
1745
1783
1760
1799
1752
1773
1738
1796
1747
1775
1752
1795
1783
1819
1785
1827
1795
1854
1807
1843
1827
1834
1835
1842
1830
1831
1819
1812
1849
1824
1819
1797
1827
1827
1819
1757
1781
1731
1789
1750
1797
1761
1827
1819
1894
1845
1888
1843
1905
1841
1875
1827
1857
1819
1851
1772
1806
1771
1841
1842
1869
1852
1903
1907
1919
1880
1893
1890
1879
1890
1853
1856
1851
1870
1853
1866
1814
1847
1841
1890
1841
1855
1829
1859
1828
1860
1811
1866
1847
1884
1834
1865
1811
1840
1799
1790
1723
1740
1704
1716
1694
1729
1717
1787
1800
1841
1822
1843
1836
1848
1813
1807
1777
1810
1781
1785
1778
1771
1766
1792
1806
1816
1815
1822
1860
1861
1885
1870
1893
1899
1899
1872
1897
1867
1933
1909
1935
1880
1918
1898
1957
1903
1931
1890
1972
1917
1953
1913
1957
1943
1999
1944
1982
1931
2003
1967
1979
1931
1929
1922
1966
1931
1934
1922
1918
1935
1912
1908
1896
1908
1896
1930
1877
1922
1907
1963
1915
1932
1879
1916
1880
1933
1846
1876
1827
1887
1811
1872
1834
1896
1899
1948
1901
1951
1933
1984
1982
1999
1965
2001
1996
2043
2007
2036
2021
2039
2050
2051
2039
2052
2061
2048
2079
2059
2075
2090
2128
2100
2089
2048
2080
2063
2054
2007
2009
1995
2003
1955
1972
1910
1944
1933
1954
1912
1935
1929
1985
1962
1973
1935
1983
1986
2006
1977
1995
1971
2038
2018
2039
1992
2052
2026
2059
2016
2017
2004
2038
2003
1994
1977
1981
2012
2021
2017
2026
2044
2074
2073
2030
2035
1999
2023
1995
1991
1959
2005
1981
2056
2011
2053
2004
2067
2013
2062
2005
2039
1998
2055
1990
2050
1998
2046
2010
2031
1977
1999
1958
2005
1953
2005
1994
1998
2009
2031
2015
2038
2053
2045
2076
2038
2063
2058
2086
2069
2066
2010
2036
2002
2066
2009
2028
1994
2063
2038
2090
2052
2117
2100
2174
2118
2163
2136
2155
2153
2190
2153
2171
2160
2218
2223
2202
2181
2184
2198
2204
2174
2164
2154
2145
2161
2141
2150
2156
2192
2174
2182
2143
2169
2145
2157
2115
2122
2107
2139
2136
2166
2140
2182
2184
2217
2198
2255
2231
2279
2251
2269
2222
2239
2220
2239
2203
2212
2170
2209
2172
2212
2160
2190
2185
2218
2182
2193
2156
2189
2178
2191
2198
2198
2218
2242
2254
2243
2211
2197
2243
2227
2244
2196
2200
2178
2157
2094
2116
2021
2079
2015
2034
1965
2058
2034
2120
2073
2116
2066
2153
2098
2122
2084
2105
2073
2119
2068
2095
2057
2108
2075
2073
2041
2030
2025
2047
2014
2023
2038
2039
2085
2079
2097
2087
2139
2140
2172
2127
2165
2152
2210
2167
2199
2170
2191
2167
2203
2143
2186
2158
2224
2170
2216
2182
2207
2192
2229
2192
2215
2203
2245
2226
2252
2208
2235
2217
2240
2218
2234
2208
2215
2222
2233
2216
2231
2233
2234
2242
2226
2228
2237
2251
2253
2230
2238
2250
2256
2263
2228
2228
2233
2252
2216
2226
2163
2209
2187
2207
2165
2189
2178
2245
2202
2214
2153
2196
2149
2175
2138
2167
2132
2207
2181
2205
2167
2247
2226
2271
2237
2243
2221
2259
2224
2242
2231
2228
2247
2244
2239
2227
2234
2247
2248
2195
2209
2165
2205
2182
2192
2157
2191
2154
2230
2174
2230
2167
2253
2212
2275
2223
2269
2231
2290
2218
2241
2173
2205
2188
2216
2166
2189
2159
2202
2151
2177
2163
2187
2224
2241
2238
2246
2243
2258
2298
2263
2260
2235
2276
2254
2250
2220
2242
2215
2259
2228
2245
2224
2266
2216
2251
2186
2216
2213
2260
2201
2218
2192
2233
2211
2232
2188
2224
2222
2241
2221
2247
2223
2268
2248
2278
2240
2276
2252
2289
2267
2272
2258
2304
2301
2310
2310
2308
2312
2339
2316
2315
2297
2318
2325
2316
2318
2301
2312
2302
2293
2272
2282
2229
2298
2263
2301
2254
2299
2266
2311
2237
2267
2192
2243
2187
2218
2142
2174
2133
2179
2113
2146
2094
2172
2126
2179
2151
2168
2171
2230
2204
2210
2173
2183
2228
2217
2218
2190
2197
2219
2181
2257
2218
2270
2226
2261
2208
2257
2215
2261
2201
2206
2144
2187
2157
2180
2116
2149
2109
2138
2109
2107
2046
2081
2055
2081
2078
2082
2084
2135
2135
2142
2119
2122
2123
2109
2106
2101
2097
2105
2117
2122
2143
2134
2177
2181
2192
2168
2170
2161
2213
2181
2187
2145
2174
2166
2183
2142
2170
2130
2167
2134
2153
2094
2133
2102
2158
2104
2120
2085
2153
2113
2130
2091
2100
2073
2112
2064
2091
2070
2143
2134
2138
2126
2147
2158
2171
2142
2130
2106
2107
2114
2074
2050
2035
2064
2071
2107
2047
2091
2079
2146
2104
2128
2103
2155
2111
2159
2088
2132
2085
2145
2079
2134
2079
2133
2085
2124
2052
2082
2019
2026
1999
2005
1980
2035
2054
2092
2063
2085
2098
2104
2124
2113
2110
2118
2137
2104
2126
2076
2105
2100
2135
2112
2131
2084
2138
2082
2118
2055
2089
2052
2108
2084
2105
2049
2077
2063
2095
2059
2086
2067
2106
2094
2100
2071
2108
2110
2121
2122
2108
2095
2111
2107
2108
2087
2122
2117
2118
2120
2109
2123
2146
2167
2147
2158
2151
2203
2214
2218
2185
2221
2227
2247
2195
2191
2131
2158
2103
2116
2060
2106
2076
2122
2066
2099
2046
2107
2058
2099
2036
2071
2034
2099
2035
2058
2013
2050
2063
2088
2062
2059
2035
2050
2010
2005
2007
1989
2017
2015
2031
2024
2056
2012
2069
2020
2036
1998
2050
2022
2050
1995
2042
2009
2075
2006
2052
2018
2121
2098
2152
2101
2125
2113
2185
2131
2179
2141
2175
2171
2171
2140
2157
2145
2172
2138
2123
2110
2132
2146
2131
2115
2131
2150
2145
2164
2133
2153
2146
2171
2154
2170
2135
2176
2177
2185
2158
2182
2182
2202
2156
2166
2120
2142
2103
2118
2067
2098
2068
2114
2092
2120
2071
2103
2098
2128
2095
2107
2061
2111
2101
2131
2093
2112
2124
2158
2134
2147
2114
2147
2121
2113
2085
2064
2067
2077
2064
2060
2071
2081
2138
2118
2131
2107
2146
2122
2113
2076
2091
2034
2087
2040
2074
2027
2100
2054
2106
2035
2065
2020
2073
1982
1993
1933
1973
1945
2005
1956
2009
1983
2050
2003
1988
1954
1976
1981
1992
1957
1982
1978
1976
1984
1941
1939
1939
1950
1940
1967
1931
1965
1935
1997
1949
1983
1970
2020
1995
2051
2003
2067
2022
2078
2029
2080
2038
2072
2027
2063
2006
2048
2023
2051
2017
2018
1983
2024
2005
2030
1981
1987
1989
1994
1999
1994
1969
1989
1973
1968
1960
1933
1936
1937
1929
1932
1926
1927
1973
1978
1997
1976
2014
2047
2061
2055
2084
2053
2099
2077
2086
2051
2079
2076
2124
2084
2107
2062
2100
2067
2092
2053
2091
2074
2119
2084
2113
2085
2135
2100
2128
2078
2092
2079
2126
2068
2097
2045
2067
2038
2033
1983
2006
1988
2012
1975
1952
1929
1939
1935
1932
1934
1951
1961
1951
1968
1961
1969
1961
1982
1950
1971
1922
1984
1953
2001
1957
1986
1968
2034
1986
2032
1973
2058
2035
2105
2056
2116
2077
2136
2094
2138
2078
2126
2085
2110
2084
2094
2072
2112
2072
2074
2019
2013
2051
2039
2030
2010
2013
2020
2017
2002
2011
1999
2039
2014
2026
2003
2040
2000
2040
2003
2037
2013
2053
2048
2066
2049
2086
2068
2104
2072
2084
2058
2108
2091
2108
2066
2091
2064
2098
2038
2066
2019
2037
2026
2042
2005
2034
2023
2070
2066
2073
2070
2090
2103
2121
2098
2109
2099
2109
2122
2113
2122
2109
2118
2101
2123
2067
2099
2085
2134
2100
2134
2114
2155
2134
2172
2102
2139
2102
2155
2085
2143
2085
2148
2120
2158
2096
2146
2112
2154
2135
2155
2112
2159
2146
2181
2144
2163
2169
2183
2175
2162
2160
2196
2203
2183
2202
2159
2181
2158
2168
2112
2131
2072
2125
2069
2115
2055
2119
2099
2148
2107
2145
2092
2152
2103
2130
2072
2133
2121
2173
2134
2163
2125
2175
2137
2152
2130
2124
2136
2155
2148
2140
2154
2160
2176
2170
2186
2152
2166
2163
2173
2149
2161
2112
2156
2139
2161
2127
2151
2148
2185
2152
2164
2102
2136
2119
2133
2073
2108
2068
2114
2063
2083
2048
2103
2077
2112
2071
2080
2060
2130
2107
2141
2106
2148
2171
2199
2174
2176
2174
2210
2176
2167
2158
2154
2163
2142
2122
2127
2135
2113
2159
2118
2146
2133
2187
2161
2160
2122
2174
2147
2204
2131
2169
2111
2159
2114
2159
2108
2149
2105
2158
2089
2125
2047
2061
2023
2022
1955
1965
1928
1954
1950
1952
1946
1964
1987
2019
2029
2043
2063
2066
2103
2073
2082
2065
2094
2063
2087
2058
2104
2099
2130
2088
2119
2107
2135
2094
2124
2067
2116
2098
2131
2082
2130
2075
2132
2106
2123
2063
2091
2063
2096
2068
2087
2069
2118
2098
2116
2066
2078
2093
2121
2106
2113
2100
2144
2136
2133
2100
2087
2081
2062
2024
1997
1969
1949
1969
1945
1943
1944
1981
1992
1982
1962
2006
1975
2034
1988
2012
1956
2001
1942
1979
1916
1948
1919
1999
1955
2021
2031
2094
2079
2141
2107
2153
2110
2157
2097
2105
2065
2085
2070
2111
2060
2077
2048
2040
2052
2047
2035
2018
2027
2034
2048
2008
2036
2011
2058
2022
2043
1998
2000
1958
2000
1910
1956
1934
2012
1972
2046
2011
2085
2064
2119
2071
2129
2114
2180
2159
2189
2149
2218
2214
2243
2180
2190
2173
2183
2151
2127
2083
2088
2063
2033
2045
2029
2048
2044
2052
2023
2023
2010
2057
2032
2051
2017
2061
2079
2110
2096
2120
2076
2138
2133
2150
2143
2177
2163
2213
2186
2219
2184
2247
2221
2246
2220
2247
2216
2261
2230
2253
2198
2231
2205
2224
2177
2173
2156
2203
2168
2198
2183
2186
2211
2238
2217
2215
2207
2243
2238
2209
2203
2163
2189
2183
2194
2172
2190
2155
2190
2113
2140
2091
2124
2076
2108
2039
2064
2036
2089
2005
2046
1994
2057
2013
2058
1992
2045
2027
2091
2032
2051
2003
2048
2048
2066
2042
2083
2080
2089
2102
2088
2091
2105
2109
2082
2066
2041
2076
2074
2113
2089
2119
2124
2163
2136
2179
2133
2166
2136
2155
2107
2130
2092
2126
2088
2125
2070
2117
2091
2126
2105
2121
2066
2105
2082
2095
2051
2094
2078
2116
2086
2104
2073
2114
2093
2108
2065
2064
2068
2090
2067
2074
2051
2090
2098
2082
2073
2082
2119
2140
2133
2147
2160
2153
2199
2186
2195
2156
2186
2160
2184
2135
2182
2150
2216
2161
2208
2155
2231
2200
2259
2200
2226
2186
2252
2198
2258
2206
2227
2203
2238
2175
2205
2161
2190
2181
2156
2126
2123
2127
2146
2126
2126
2155
2182
2226
2199
2236
2219
2244
2210
2250
2192
2227
2192
2238
2185
2205
2146
2188
2131
2183
2125
2161
2100
2159
2124
2154
2106
2159
2144
2204
2167
2211
2205
2239
2218
2242
2204
2215
2202
2210
2183
2174
2152
2158
2165
2172
2159
2182
2192
2197
2199
2180
2197
2208
2200
2167
2190
2168
2213
2195
2211
2179
2206
2211
2221
2189
2193
2144
2177
2158
2190
2141
2176
2159
2210
2177
2197
2156
2187
2171
2195
2165
2163
2150
2209
2182
2203
2162
2196
2208
2242
2213
2211
2199
2248
2208
2206
2189
2156
2152
2128
2100
2059
2030
1981
2035
2006
2051
2028
2082
2084
2121
2092
2148
2104
2162
2107
2153
2092
2150
2125
2200
2122
2150
2100
2159
2103
2129
2094
2121
2109
2150
2115
2137
2114
2171
2166
2163
2152
2154
2175
2191
2184
2177
2200
2206
2245
2222
2227
2207
2237
2226
2248
2208
2239
2238
2311
2272
2288
2258
2280
2268
2304
2251
2271
2255
2287
2234
2268
2251
2283
2260
2281
2236
2263
2234
2240
2198
2184
2129
2165
2161
2192
2154
2195
2205
2252
2248
2268
2239
2268
2264
2269
2245
2239
2220
2240
2226
2222
2206
2199
2228
2212
2215
2210
2235
2238
2256
2225
2251
2193
2249
2221
2260
2215
2244
2193
2257
2193
2216
2158
2211
2165
2196
2163
2196
2151
2230
2180
2231
2188
2264
2242
2276
2248
2267
2258
2316
2290
2313
2292
2281
2325
2325
2309
2303
2323
2334
2340
2279
2274
2235
2284
2252
2267
2241
2283
2244
2310
2254
2294
2261
2341
2296
2343
2286
2324
2293
2349
2291
2330
2294
2330
2305
2319
2271
2313
2295
2312
2258
2292
2287
2317
2309
2318
2274
2288
2293
2289
2277
2252
2213
2206
2215
2219
2205
2187
2206
2202
2222
2206
2206
2212
2218
2212
2239
2204
2233
2222
2238
2206
2217
2187
2222
2193
2228
2187
2225
2224
2247
2226
2244
2199
2261
2235
2254
2206
2262
2228
2292
2241
2276
2236
2295
2245
2274
2241
2252
2234
2277
2236
2246
2222
2273
2249
2248
2241
2230
2238
2252
2236
2220
2199
2195
2176
2151
2138
2107
2121
2087
2093
2107
2092
2118
2107
2137
2137
2185
2164
2213
2166
2200
2185
2236
2183
2201
2163
2214
2173
2222
2170
2219
2194
2248
2211
2230
2156
2178
2148
2189
2147
2169
2142
2170
2156
2173
2136
2168
2156
2192
2187
2179
2162
2183
2180
2189
2169
2196
2207
2226
2230
2203
2197
2215
2223
2213
2216
2188
2202
2191
2174
2138
2128
2133
2135
2110
2145
2122
2166
2143
2157
2121
2166
2118
2162
2112
2146
2089
2158
2118
2169
2122
2163
2105
2158
2117
2151
2095
2130
2115
2169
2131
2182
2148
2206
2149
2172
2145
2135
2136
2146
2106
2094
2069
2055
2103
2080
2076
2056
2086
2073
2075
2066
2088
2048
2107
2065
2086
2041
2098
2053
2111
2039
2094
2058
2135
2064
2098
2062
2078
2051
2090
2046
2073
2040
2106
2065
2090
2062
2098
2088
2101
2044
2045
2022
2027
2042
2026
2007
2034
2049
2069
2082
2054
2053
2049
2059
2019
1998
1988
1988
1978
1984
1948
1972
1986
2014
1996
2029
2003
2052
2053
2094
2057
2067
2071
2112
2073
2097
2042
2065
2053
2077
2033
2069
2029
2078
2039
2062
2015
2067
2042
2062
2031
2038
1994
2037
2006
2028
1983
2018
2027
2072
2057
2068
2050
2084
2046
2041
2026
2005
2026
2033
2033
2024
2018
1987
2045
1993
2000
1927
1964
1928
1954
1911
1949
1884
1962
1919
1953
1887
1957
1906
1943
1875
1900
1865
1947
1924
1974
1949
1962
1960
2004
1982
2006
1995
2045
2045
2022
2024
2018
2049
2067
2056
2051
2051
2021
2053
2022
2037
2001
2029
1978
1976
1908
1912
1867
1899
1855
1886
1853
1894
1889
1940
1894
1914
1889
1943
1915
1962
1952
1971
1932
1960
1931
1962
1934
1966
1938
1947
1892
1929
1928
1969
1908
1930
1906
1937
1931
1952
1919
1948
1931
1963
1973
1984
1985
2036
2057
2071
2061
2065
2092
2088
2092
2049
2042
2024
2027
1979
2002
1937
1989
1965
1983
1926
1951
1908
1982
1928
1968
1886
1932
1875
1899
1843
1898
1856
1915
1870
1917
1859
1930
1896
1926
1876
1885
1829
1846
1768
1792
1761
1774
1789
1805
1787
1812
1813
1872
1877
1865
1875
1858
1882
1884
1887
1890
1911
1925
1954
1937
1958
1960
2007
2010
2029
1970
1967
1946
1979
1942
1942
1910
1934
1926
1965
1925
1951
1930
1964
1937
1971
1926
1971
1955
1970
1915
1921
1897
1928
1893
1906
1844
1898
1864
1890
1841
1858
1834
1869
1839
1871
1828
1870
1848
1890
1890
1911
1906
1948
1959
1983
1963
1976
1999
2008
2015
2004
2005
2008
1993
1945
1961
1903
1944
1897
1914
1883
1943
1925
1998
1945
2008
1955
2017
1955
2005
1942
1976
1916
1959
1888
1911
1840
1899
1880
1954
1923
1971
1961
2056
2021
2061
2051
2060
2066
2091
2072
2066
2032
2055
2025
1963
1928
1895
1926
1904
1881
1849
1867
1854
1909
1888
1901
1901
1968
1957
2009
1986
2014
2008
2043
2013
2027
2012
2033
2018
2051
1996
2022
2011
2047
1997
2020
1973
2007
1995
2016
1967
2007
1987
2026
2007
2022
1964
2010
1981
1988
1934
1959
1922
1959
1926
1953
1923
1999
1994
2028
2021
2047
2052
2098
2066
2070
2031
2017
2025
2008
1960
1927
1915
1912
1886
1839
1854
1798
1852
1853
1886
1880
1933
1921
2011
1970
2018
1953
2011
1949
1983
1943
1989
1946
2018
1956
2008
1955
2030
1977
2014
1954
1972
1960
2021
1983
2005
1970
1978
1987
1995
1974
1994
1992
2027
2018
1994
1997
2008
2027
2030
2014
2015
2028
2057
2083
2068
2065
2073
2096
2093
2100
2070
2091
2106
2133
2116
2123
2137
2158
2133
2126
2071
2104
2085
2108
2080
2111
2053
2087
2056
2092
2049
2067
2042
2094
2056
2091
2032
2089
2078
2133
2098
2163
2153
2212
2185
2214
2157
2200
2169
2196
2172
2163
2134
2165
2144
2164
2131
2136
2162
2171
2169
2145
2160
2178
2178
2131
2162
2087
2137
2090
2099
2063
2112
2077
2157
2093
2120
2053
2096
2030
2024
1958
1991
1939
2001
1937
1988
1949
2026
1996
2036
1991
2050
2030
2073
2020
2052
2022
2048
2044
2060
2025
2058
2049
2073
2042
2031
2014
2032
2024
2019
1996
1998
1985
1996
2001
1971
1972
1988
1998
2002
2009
1999
2014
2020
2039
2023
2013
2023
2031
2017
2047
2045
2061
2069
2090
2073
2105
2062
2111
2094
2130
2069
2094
2065
2095
2039
2064
1989
2025
1981
2021
1953
1995
1962
2040
2020
2053
2010
2076
2067
2121
2111
2117
2085
2107
2064
2047
1990
1971
1983
1956
1949
1926
1926
1931
1930
1918
1958
1931
1995
1991
2003
1950
1979
1944
2027
1967
2008
1962
2022
1982
2019
1985
2022
1970
2023
1968
2000
1925
1986
1962
1984
1935
1960
1923
1968
1915
1928
1895
1909
1888
1908
1853
1859
1825
1863
1842
1864
1862
1887
1906
1935
1905
1926
1895
1888
1874
1864
1826
1815
1806
1806
1782
1762
1770
1788
1816
1811
1802
1801
1803
1800
1826
1792
1783
1782
1823
1809
1867
1825
1890
1882
1924
1852
1872
1827
1862
1776
1787
1700
1748
1695
1735
1663
1727
1675
1732
1660
1675
1627
1689
1641
1677
1664
1679
1658
1715
1708
1755
1740
1775
1795
1800
1806
1815
1828
1872
1883
1913
1951
1931
1964
1962
1981
1979
1983
1947
1981
1965
1990
1959
1981
1959
1954
1914
1928
1893
1928
1886
1888
1855
1880
1857
1907
1883
1909
1894
1950
1905
1911
1895
1919
1916
1963
1912
1932
1895
1936
1895
1913
1859
1886
1864
1903
1828
1843
1805
1842
1818
1847
1811
1867
1841
1881
1847
1844
1812
1836
1825
1849
1833
1866
1870
1891
1895
1869
1873
1879
1896
1882
1902
1866
1899
1875
1896
1854
1898
1896
1953
1903
1954
1908
1975
1945
1983
1938
1993
1928
1992
1932
1973
1909
1976
1929
1972
1929
1935
1875
1923
1874
1882
1821
1855
1849
1888
1859
1879
1867
1910
1891
1896
1898
1890
1889
1914
1902
1899
1878
1902
1937
1935
1938
1927
1962
1980
1965
1970
1984
1997
2015
2002
1979
1949
1965
1937
1966
1930
1936
1957
1997
1978
1994
1996
2047
2024
2049
1995
2016
1993
2035
1986
2014
1954
1999
1969
1987
1915
1955
1909
1973
1912
1928
1848
1898
1861
1902
1869
1899
1881
1961
1925
1957
1920
1978
1957
1980
1963
1980
1971
2022
2014
2042
2058
2038
2067
2061
2083
2075
2093
2117
2126
2095
2118
2096
2128
2113
2129
2100
2112
2076
2125
2090
2110
2057
2079
2055
2058
2017
2041
2019
2088
2052
2093
2068
2135
2126
2179
2134
2150
2120
2159
2115
2142
2088
2107
2088
2119
2068
2077
2061
2096
2078
2071
2024
2040
2022
2074
2012
2059
2054
2107
2100
2114
2070
2105
2081
2096
2077
2046
2032
2063
2077
2074
2039
2022
2037
2015
2026
1998
1999
1998
2010
1967
2019
1972
2038
2027
2060
2018
2050
2000
2071
1999
2036
1970
2029
2001
2061
2032
2081
2029
2088
2060
2102
2057
2115
2082
2127
2094
2114
2064
2105
2076
2096
2063
2061
2065
2109
2090
2088
2060
2094
2073
2065
2051
2043
2053
2084
2064
2066
2088
2080
2114
2114
2116
2094
2095
2109
2112
2092
2091
2091
2117
2097
2090
2089
2107
2100
2138
2105
2123
2115
2149
2125
2151
2093
2126
2121
2170
2116
2165
2153
2183
2144
2190
2141
2183
2150
2202
2133
2173
2104
2159
2125
2166
2105
2151
2135
2187
2158
2179
2141
2184
2169
2203
2162
2182
2194
2199
2226
2224
2217
2216
2239
2208
2228
2176
2178
2157
2168
2128
2149
2120
2180
2161
2208
2161
2198
2199
2245
2214
2263
2204
2266
2249
2280
2216
2239
2232
2274
2242
2255
2201
2269
2247
2260
2240
2245
2216
2276
2245
2264
2228
2264
2247
2286
2234
2251
2231
2285
2246
2266
2222
2237
2224
2264
2228
2261
2237
2282
2270
2265
2246
2262
2274
2283
2261
2270
2262
2267
2276
2270
2258
2240
2254
2248
2267
2230
2241
2217
2251
2223
2237
2198
2224
2174
2219
2140
2173
2138
2196
2158
2234
2168
2226
2187
2250
2183
2228
2203
2266
2215
2224
2162
2209
2172
2197
2146
2187
2157
2208
2187
2187
2157
2194
2188
2203
2191
2178
2142
2183
2175
2183
2146
2157
2194
2207
2185
2165
2168
2181
2137
2106
2080
2048
2064
2058
2044
2035
2042
2063
2117
2103
2109
2101
2131
2131
2123
2100
2137
2114
2165
2139
2166
2135
2175
2141
2193
2140
2189
2140
2195
2137
2160
2107
2142
2102
2140
2077
2124
2090
2165
2147
2193
2144
2190
2152
2182
2101
2141
2103
2131
2114
2124
2083
2119
2094
2127
2123
2098
2079
2075
2084
2075
2055
2056
2070
2097
2095
2076
2121
2076
2075
2008
2041
2048
2070
2048
2063
2058
2106
2080
2105
2087
2107
2129
2136
2097
2114
2091
2072
2068
2032
2006
2025
2032
2025
1992
1969
1973
1974
1967
1940
1922
1931
1950
1962
1973
1941
1967
1970
1961
1944
1945
1913
1957
1921
1947
1900
1944
1923
1956
1927
1961
1912
1975
1932
1966
1897
1941
1907
1966
1912
1944
1861
1903
1841
1878
1825
1857
1816
1878
1830
1871
1805
1862
1841
1879
1854
1865
1859
1907
1859
1879
1864
1855
1876
1867
1863
1857
1884
1915
1950
1939
1962
1949
1996
1962
1954
1915
1899
1882
1918
1861
1854
1839
1878
1851
1893
1863
1911
1918
1965
1935
1955
1929
1935
1884
1891
1837
1864
1833
1875
1845
1901
1863
1915
1884
1901
1848
1897
1875
1921
1877
1916
1849
1900
1865
1901
1855
1911
1895
1968
1952
1974
1927
1981
1951
1963
1929
1921
1897
1903
1865
1864
1807
1794
1815
1788
1779
1747
1760
1774
1768
1739
1772
1740
1797
1796
1840
1824
1864
1815
1881
1817
1843
1796
1855
1820
1839
1797
1849
1829
1894
1861
1892
1860
1906
1882
1904
1855
1880
1869
1920
1881
1912
1890
1934
1915
1936
1871
1891
1867
1890
1833
1814
1767
1779
1769
1796
1754
1776
1775
1824
1819
1851
1848
1898
1899
1929
1940
1935
1926
1937
1920
1912
1875
1906
1890
1882
1879
1863
1884
1891
1894
1880
1921
1889
1942
1928
1951
1912
1949
1935
1968
1898
1927
1862
1947
1908
1953
1882
1954
1906
1976
1926
1987
1935
2041
2013
2073
2026
2060
2020
2064
1996
1990
1894
1870
1836
1836
1762
1752
1719
1759
1720
1735
1719
1712
1732
1725
1700
1699
1711
1710
1750
1735
1751
1787
1840
1848
1848
1846
1856
1852
1863
1815
1794
1787
1809
1779
1799
1761
1787
1792
1844
1825
1866
1853
1882
1855
1875
1824
1837
1805
1827
1788
1810
1770
1818
1781
1813
1770
1813
1803
1871
1837
1868
1803
1824
1763
1800
1760
1758
1720
1769
1749
1794
1757
1820
1808
1856
1853
1870
1870
1905
1882
1885
1889
1853
1870
1865
1860
1816
1799
1803
1798
1732
1741
1683
1734
1717
1736
1688
1716
1667
1737
1704
1758
1715
1772
1741
1779
1715
1748
1717
1789
1742
1781
1727
1779
1768
1803
1756
1795
1790
1856
1816
1869
1848
1902
1898
1940
1907
1937
1943
1994
1990
2011
1990
2035
2013
2042
1997
2008
1979
1997
1978
1981
1949
1973
1944
1961
1951
1956
1943
1986
1993
2019
1995
2008
2034
2041
2056
2046
2051
2073
2075
2071
2087
2052
2087
2069
2070
2031
2049
2022
2084
2014
2047
2007
2082
2068
2090
2038
2085
2039
2119
2056
2104
2037
2109
2073
2107
2023
2040
1999
2065
2002
2036
2012
2064
2064
2099
2050
2082
2089
2145
2124
2125
2088
2109
2097
2102
2054
2071
2063
2096
2103
2088
2095
2134
2146
2136
2141
2128
2138
2162
2161
2135
2131
2150
2144
2139
2131
2130
2137
2158
2143
2135
2145
2114
2141
2119
2122
2091
2093
2076
2081
2024
2049
2001
2058
2035
2060
2041
2105
2069
2136
2087
2132
2093
2162
2137
2212
2145
2169
2129
2202
2142
2174
2103
2141
2118
2154
2091
2126
2102
2154
2076
2079
2033
2052
2041
2054
2010
2022
2007
2024
2042
2027
2014
2026
2052
2070
2065
2066
2095
2084
2115
2091
2091
2093
2114
2083
2107
2052
2091
2086
2114
2060
2070
2017
2081
2039
2067
2016
2036
2019
2029
1995
2005
1959
2007
1987
2006
1958
1977
1942
1991
1963
2006
1983
2032
2008
2037
2011
2042
2026
2088
2048
2080
2053
2125
2103
2139
2101
2130
2113
2153
2092
2105
2056
2052
2026
2036
1999
2005
1986
2023
2010
1994
1978
1980
1975
1960
1949
1943
1957
1947
1999
1970
1984
1967
2017
1993
2016
1930
1962
1932
1979
1923
1938
1899
1946
1907
1938
1877
1959
1939
2011
1970
2049
2024
2079
2048
2080
2021
2069
2044
2095
2059
2067
2024
2062
2051
2070
2022
2027
2009
2039
2016
2003
1963
1991
1955
1957
1919
1926
1925
1948
1944
1970
1949
1957
1985
1986
1971
1970
1976
1992
1974
2006
2013
1999
2029
2029
2039
2046
2069
2037
2065
2010
2009
1958
1979
1949
1960
1914
1939
1892
1942
1881
1908
1857
1903
1856
1894
1821
1870
1839
1903
1827
1867
1813
1867
1851
1903
1858
1903
1887
1936
1907
1903
1866
1888
1880
1894
1848
1878
1901
1932
1945
1942
1945
1975
2003
2011
2011
1974
1998
1988
2007
1965
1978
1969
1984
1965
1987
1952
1969
1956
1955
1904
1907
1865
1917
1886
1894
1856
1873
1843
1870
1822
1847
1822
1892
1862
1906
1875
1926
1902
1966
1952
1995
1954
1993
1955
2005
1977
2008
1996
2047
2008
2058
2024
2046
2017
2025
1961
1964
1930
1969
1908
1926
1888
1889
1883
1915
1901
1932
1945
1948
1977
1975
1998
1999
2049
2055
2073
2039
2072
2020
2080
2022
2061
2035
2090
2032
2092
2019
2069
2015
2054
1965
1979
1944
2005
1996
2046
1992
2031
2009
2073
2042
2049
1993
2024
1990
1993
1934
1957
1937
1948
1930
1919
1887
1924
1909
1926
1930
1926
1942
1971
1989
1993
2001
2057
2077
2091
2093
2082
2087
2089
2082
2055
2039
2007
2037
2021
2016
1996
2018
2039
2063
2027
2046
1998
2043
2035
2058
2019
2042
1999
2046
1990
2010
1946
1984
1928
1967
1903
1917
1868
1951
1900
1955
1920
1991
1984
2048
2015
2053
2016
2096
2051
2091
2056
2074
2087
2112
2067
2096
2088
2106
2130
2102
2077
2078
2087
2072
2053
2032
2053
2034
2065
2025
2033
2030
2058
2031
2048
2001
2038
2050
2093
2081
2109
2086
2142
2117
2128
2062
2091
2073
2097
2044
2053
2001
2030
1983
1997
1961
1993
1990
2046
2008
2031
1988
2031
2007
2053
2037
2072
2049
2093
2064
2093
2058
2129
2104
2131
2099
2129
2099
2133
2081
2109
2078
2071
2092
2121
2113
2141
2126
2167
2159
2142
2153
2144
2166
2151
2152
2145
2166
2143
2184
2150
2159
2116
2168
2145
2192
2114
2155
2102
2152
2076
2109
2059
2097
2049
2067
1999
2051
2030
2099
2038
2109
2054
2103
2072
2096
2015
2060
2037
2056
5835
2139
2164
2166
2155
2177
2186
2178
2158
2137
2112
2101
2094
2078
2040
2024
2027
2027
2005
1989
1978
1989
1987
1987
1992
2010
2010
2030
2041
2053
2074
2081
2081
2073
2062
2045
2031
2014
2008
2002
2002
2007
2023
2022
2042
2046
2058
2047
2036
2030
2018
2003
1948
1915
1865
1839
1817
1801
1789
1775
1787
1796
1814
1833
1871
1898
1895
1905
1921
1934
1951
1962
1960
1966
1976
1968
1972
1970
1967
1964
1972
1973
1968
1972
1983
2004
2007
2014
2023
2032
2038
2053
2055
2055
2066
2063
2065
2077
2075
2064
2062
2055
2035
2031
2000
1976
1964
1937
1921
1893
1870
1850
1859
1843
1846
1869
1851
1852
1864
1860
1874
1894
1913
1912
1915
1918
1919
1921
1933
1935
1945
1957
1971
1979
1995
2011
2032
2024
2038
2022
2009
1992
1985
1985
1979
1980
1972
1976
2003
1999
2029
2040
2063
2077
2079
2080
2079
2083
2085
2084
2081
2071
2080
2093
2100
2103
2097
2088
2071
2077
2064
2052
2039
2045
2043
2059
2084
2097
2115
2131
2143
2154
2146
2153
2145
2138
2140
2137
2149
2170
2182
2184
2186
2192
2208
2222
2237
2221
2208
2200
2195
2178
2154
2116
2098
2089
2084
2085
2087
2101
2105
2139
2148
2157
2164
2166
2162
2134
2126
2091
2099
2069
2054
2042
2051
2057
2068
2075
2082
2100
2113
2131
2150
2147
2157
2170
2186
2185
2205
2227
2240
2245
2238
2240
2243
2240
2246
2244
2246
2231
2232
2225
2226
2220
2216
2221
2225
2223
2236
2211
2195
2182
2176
2177
2166
2158
2160
2168
2186
2196
2195
2201
2219
2219
2211
2202
2201
2203
2214
2219
2220
2242
2253
2264
2261
2260
2236
2228
2226
2224
2224
2211
2182
2184
2183
2191
2177
2190
2181
2174
2161
2153
2149
2154
2157
2167
2159
2176
2191
2200
2211
2227
2241
2246
2251
2261
2253
2247
2242
2251
2267
2257
2251
2245
2258
2262
2273
2276
2295
2311
2310
2299
2302
2283
2263
2253
2252
2236
2216
2211
2212
2206
2208
2218
2229
2239
2244
2246
2250
2256
2266
2260
2256
2257
2253
2254
2248
2239
2248
2257
2259
2261
2266
2267
2244
2246
2252
2257
2248
2232
2234
2224
2231
2235
2239
2247
2248
2246
2250
2262
2266
2251
2240
2232
2232
2219
2219
2205
2197
2203
2194
2195
2198
2196
2185
2178
2181
2183
2174
2156
2160
2153
2140
2120
2113
2122
2122
2133
2152
2165
2178
2183
2171
2153
2136
2124
2102
2093
2074
2051
2030
2044
2065
2066
2066
2076
2074
2066
2066
2080
2083
2064
2065
2062
2081
2085
2087
2079
2065
2066
2075
2065
2034
2014
2019
2029
2036
2053
2043
2053
2052
2061
2059
2091
2075
2071
2066
2070
2068
2062
2053
2055
2059
2073
2094
2102
2103
2117
2107
2125
2139
2150
2162
2170
2159
2156
2147
2136
2131
2132
2109
2096
2105
2109
2106
2087
2083
2075
2064
2051
2062
2066
2071
2060
2052
2046
2027
2027
2011
2005
1991
1978
1969
1967
1985
1986
1988
1992
1994
2009
2022
2021
2017
2019
2023
2039
2043
2065
2084
2094
2103
2106
2100
2090
2071
2045
2025
2019
2003
1999
1996
1990
1992
1989
2002
1996
1998
1992
1976
1944
1948
1949
1947
1941
1933
1925
1923
1915
1924
1916
1920
1901
1907
1903
1911
1917
1924
1941
1964
1983
2004
2017
2037
2042
2044
2027
2005
1994
1979
1947
1925
1896
1884
1872
1875
1879
1892
1903
1915
1947
1950
1967
1985
2003
2003
1996
1980
1963
1935
1908
1882
1884
1887
1889
1886
1900
1907
1903
1925
1951
1965
1974
1980
1987
1983
2003
2011
2006
1987
1975
1962
1965
1983
1983
1985
2001
2010
2017
2031
2052
2079
2090
2103
2104
2107
2112
2111
2095
2080
2057
2038
2028
2021
2022
2031
2031
2046
2067
2077
2079
2081
2072
2049
2027
2015
2012
2004
2005
1981
1989
1996
2016
2026
2014
1988
1979
1961
1945
1922
1926
1931
1922
1908
1914
1901
1899
1904
1908
1900
1887
1874
1861
1847
1845
1840
1844
1859
1860
1878
1887
1882
1859
1843
1839
1854
1854
1869
1879
1900
1909
1906
1910
1916
1909
1901
1886
1901
1910
1915
1912
1909
1909
1912
1907
1896
1875
1866
1838
1834
1838
1833
1847
1869
1892
1926
1963
1990
2014
2017
2011
2010
2009
2000
2000
1998
2001
1990
2004
1992
1987
1981
1971
1955
1958
1959
1962
1958
1953
1952
1954
1947
1958
1971
1979
2007
2034
2047
2040
2046
2063
2066
2065
2067
2068
2070
2068
2070
2057
2027
1998
2003
1994
1998
2018
2024
2031
2036
2057
2073
2094
2103
2109
2123
2131
2152
2140
2141
2148
2152
2159
2165
2176
2184
2182
2183
2183
2168
2178
2160
2162
2166
2165
2181
2192
2197
2201
2196
2183
2160
2135
2113
2094
2067
2031
2011
1989
1965
1959
1971
1981
1995
1999
2008
2027
2029
2017
2020
2019
2027
2059
2069
2091
2101
2108
2127
2122
2130
2137
2144
2154
2165
2173
2179
2178
2160
2139
2121
2076
2026
1993
1958
1941
1908
1910
1915
1919
1945
1953
1965
1966
1958
1985
1998
1999
2002
2006
2000
1998
1997
2005
1995
1977
1979
1990
1995
1998
2007
2012
2019
2024
2035
2051
2059
2070
2066
2070
2082
2098
2112
2103
2101
2094
2108
2116
2135
2150
2159
2159
2159
2170
2164
2168
2176
2166
2150
2132
2121
2091
2063
2021
2010
1988
1986
1996
1998
2003
2022
2017
2015
2017
2005
2002
2011
2019
2027
2046
2050
2055
2053
2054
2068
2057
2058
2044
2038
2046
2028
2032
2031
2032
2039
2055
2051
2064
2065
2061
2052
2048
2033
2016
1985
1985
1975
1973
1955
1956
1959
1968
1968
1962
1965
1970
1977
1989
1997
2025
2031
2032
2034
2026
2024
2005
1980
1953
1938
1917
1902
1901
1904
1907
1910
1899
1895
1893
1913
1916
1922
1901
1902
1912
1939
1956
1981
1995
1997
1995
1973
1945
1943
1937
1937
1934
1928
1922
1932
1934
1952
1966
1965
1968
1984
2001
2014
2022
2033
2037
2034
2033
2035
2045
2041
2045
2051
2071
2088
2114
2130
2140
2138
2141
2142
2149
2151
2156
2156
2158
2160
2150
2146
2126
2116
2114
2090
2071
2047
2033
2019
2028
2024
2041
2032
2024
2005
2000
1993
1991
1999
2004
1985
1962
1960
1958
1961
1963
1971
1994
2006
2031
2039
2070
2087
2095
2089
2075
2084
2075
2070
2064
2064
2050
2052
2050
2035
2022
2008
2003
1982
1948
1928
1897
1874
1853
1849
1840
1832
1826
1816
1814
1828
1841
1861
1875
1881
1900
1923
1947
1979
1995
1997
1987
1965
1969
1963
1947
1932
1928
1917
1906
1914
1920
1935
1952
1961
1949
1939
1935
1934
1929
1912
1901
1894
1891
1883
1898
1927
1948
1974
1982
1985
1971
1959
1937
1920
1897
1891
1889
1879
1858
1814
1783
1766
1736
1708
1690
1684
1690
1696
1700
1721
1727
1751
1774
1801
1800
1803
1815
1837
1855
1872
1874
1851
1842
1830
1813
1814
1808
1796
1774
1763
1741
1713
1699
1695
1688
1680
1690
1704
1712
1733
1753
1769
1765
1763
1757
1745
1757
1765
1757
1752
1758
1767
1769
1770
1767
1763
1769
1766
1754
1763
1763
1770
1767
1771
1791
1792
1795
1793
1819
1821
1817
1817
1812
1807
1797
1790
1770
1759
1757
1741
1741
1746
1762
1767
1792
1829
1854
1853
1849
1834
1815
1820
1815
1804
1799
1796
1803
1826
1827
1827
1833
1838
1849
1862
1889
1887
1882
1882
1861
1850
1826
1831
1819
1807
1799
1786
1767
1773
1765
1761
1761
1768
1779
1786
1778
1774
1780
1784
1791
1798
1798
1808
1812
1805
1786
1748
1713
1689
1667
1647
1658
1669
1679
1693
1725
1766
1796
1823
1836
1826
1826
1829
1811
1820
1800
1784
1780
1769
1785
1799
1799
1793
1795
1797
1807
1813
1848
1859
1878
1885
1891
1896
1899
1894
1901
1902
1901
1884
1881
1882
1897
1893
1899
1896
1900
1902
1908
1913
1917
1940
1957
1967
1972
1970
1963
1955
1940
1932
1924
1907
1897
1892
1864
1847
1848
1870
1886
1900
1904
1919
1924
1935
1929
1932
1934
1923
1936
1942
1927
1912
1911
1915
1908
1902
1888
1875
1856
1848
1849
1849
1860
1861
1893
1919
1945
1947
1963
1971
1966
1951
1953
1973
1992
2013
2041
2053
2067
2072
2080
2083
2078
2071
2070
2080
2100
2111
2123
2122
2116
2114
2094
2080
2081
2073
2053
2040
2011
1990
1975
1964
1949
1931
1917
1933
1943
1945
1960
1949
1954
1963
1976
1980
1978
1979
1983
1970
1994
2011
2019
2037
2052
2056
2053
2046
2039
2013
2001
1990
1976
1977
1970
1971
1978
2000
2011
2023
2029
2033
2030
2035
2026
2005
2000
2001
1991
1990
2003
2005
2002
2008
2022
2046
2058
2052
2035
2031
2017
2007
2011
2017
2019
2011
2002
1975
1959
1951
1959
1949
1960
1967
1979
1993
2009
2020
2041
2055
2073
2086
2090
2099
2096
2088
2085
2077
2070
2055
2056
2049
2042
2052
2057
2050
2063
2086
2106
2118
2138
2156
2173
2176
2191
2200
2203
2209
2204
2184
2208
2214
2225
2217
2210
2209
2194
2212
2210
2216
2207
2190
2167
2163
2171
2164
2174
2183
2193
2194
2191
2197
2180
2173
2176
2172
2162
2162
2169
2190
2212
2229
2248
2266
2271
2285
2306
2317
2335
2332
2303
2288
2268
2258
2244
2219
2216
2206
2216
2219
2218
2226
2229
2240
2231
2231
2211
2212
2210
2214
2234
2247
2263
2267
2280
2278
2270
2257
2236
2217
2201
2194
2182
2162
2139
2106
2100
2085
2072
2072
2058
2062
2058
2056
2069
2087
2119
2110
2103
2083
2073
2069
2058
2059
2068
2074
2087
2093
2084
2066
2049
2045
2044
2049
2050
2035
2031
2035
2061
2085
2105
2141
2160
2156
2162
2169
2180
2195
2206
2218
2235
2239
2236
2229
2237
2242
2231
2219
2214
2222
2240
2259
2263
2275
2282
2290
2297
2291
2281
2263
2259
2265
2274
2278
2287
2289
2276
2254
2240
2253
2249
2238
2231
2221
2224
2224
2238
2253
2258
2276
2281
2266
2259
2263
2274
2280
2265
2253
2262
2267
2263
2264
2271
2258
2258
2260
2253
2246
2244
2240
2244
2232
2210
2204
2201
2188
2180
2176
2191
2191
2199
2202
2217
2237
2265
2267
2277
2275
2286
2289
2294
2307
2304
2292
2275
2270
2270
2281
2287
2283
2263
2261
2254
2246
2240
2233
2222
2218
2206
2208
2204
2213
2215
2226
2251
2261
2284
2300
2311
2310
2315
2315
2286
2258
2238
2207
2188
2175
2178
2179
2197
2203
2210
2235
2271
2277
2280
2280
2298
2281
2292
2302
2305
2289
2288
2294
2294
2292
2274
2275
2268
2266
2268
2261
2247
2236
2218
2215
2220
2230
2238
2241
2236
2232
2230
2234
2239
2232
2232
2224
2221
2229
2218
2220
2230
2244
2255
2260
2259
2253
2257
2258
2263
2267
2284
2305
2314
2312
2313
2323
2323
2318
2311
2308
2311
2314
2326
2327
2320
2311
2291
2281
2270
2274
2262
2260
2260
2270
2268
2287
2291
2296
2282
2271
2257
2241
2223
2223
2200
2189
2181
2163
2144
2141
2145
2132
2115
2109
2110
2118
2126
2152
2180
2194
2205
2200
2205
2199
2206
2205
2215
2199
2203
2189
2183
2183
2196
2205
2211
2226
2240
2248
2256
2257
2261
2219
2183
2168
2159
2157
2148
2142
2135
2122
2123
2120
2118
2105
2104
2107
2105
2118
2119
2117
2122
2136
2150
2154
2166
2174
2163
2150
2122
2114
2099
2095
2117
2127
2141
2155
2166
2195
2199
2204
2200
2198
2207
2208
2183
2174
2176
2170
2179
2158
2139
2137
2122
2116
2108
2105
2110
2111
2112
2118
2127
2133
2133
2129
2136
2129
2115
2114
2110
2112
2103
2117
2137
2165
2191
2191
2195
2190
2182
2170
2137
2120
2080
2058
2056
2044
2033
2043
2057
2075
2092
2105
2114
2137
2142
2154
2151
2146
2136
2126
2111
2102
2097
2087
2085
2079
2064
2050
2019
1996
1979
1953
1944
1929
1935
1946
1980
2000
2025
2042
2072
2086
2103
2110
2121
2120
2118
2109
2104
2095
2104
2106
2126
2132
2127
2114
2098
2100
2100
2091
2089
2096
2092
2076
2060
2071
2071
2071
2061
2058
2056
2083
2083
2091
2083
2083
2084
2090
2092
2094
2099
2101
2100
2096
2099
2083
2087
2097
2119
2141
2146
2146
2177
2195
2198
2210
2218
2213
2224
2239
2239
2245
2242
2252
2247
2254
2243
2215
2169
2146
2120
2136
2113
2103
2098
2088
2075
2072
2064
2063
2062
2055
2056
2061
2055
2051
2042
2036
2024
2015
2011
2019
2013
2003
2010
2002
2010
2022
2022
2016
2017
2014
2026
2036
2050
2058
2070
2050
2046
2050
2062
2060
2065
2058
2066
2086
2078
2082
2082
2084
2095
2106
2120
2142
2158
2170
2184
2187
2181
2181
2179
2171
2164
2158
2153
2133
2136
2136
2134
2147
2144
2150
2162
2164
2157
2155
2157
2162
2155
2149
2151
2170
2180
2172
2168
2176
2180
2185
2194
2191
2195
2186
2190
2176
2153
2134
2107
2096
2078
2079
2079
2084
2082
2079
2096
2110
2109
2103
2111
2111
2129
2126
2132
2139
2146
2149
2140
2141
2131
2117
2109
2105
2099
2087
2081
2078
2081
2080
2070
2082
2091
2107
2126
2125
2120
2112
2101
2101
2108
2104
2092
2089
2094
2083
2073
2056
2050
2035
2021
1984
1969
1941
1944
1947
1950
1961
1973
1986
2003
1998
2004
1982
1977
1970
1961
1959
1955
1963
1962
1974
1952
1952
1955
1958
1959
1942
1922
1917
1932
1949
1943
1960
1978
1992
2008
2025
2034
2036
2045
2054
2066
2065
2069
2072
2076
2066
2068
2048
2053
2050
2059
2051
2046
2030
2026
2025
2028
2031
2022
2017
2008
2000
1999
2005
1992
1984
1974
1956
1951
1925
1901
1883
1890
1905
1902
1910
1929
1951
1965
1988
2012
2025
2039
2040
2060
2078
2087
2103
2105
2114
2120
2115
2124
2120
2120
2108
2088
2094
2094
2089
2090
2071
2074
2072
2091
2091
2109
2121
2122
2113
2115
2102
2086
2094
2076
2059
2032
1998
1969
1959
1949
1930
1911
1891
1854
1830
1822
1831
1857
1886
1914
1938
1954
1967
1967
1960
1955
1953
1934
1931
1927
1927
1948
1961
1963
1975
1978
1989
1989
1996
1996
2011
2037
2056
2084
2104
2124
2132
2132
2130
2113
2100
2089
2079
2086
2082
2085
2088
2078
2063
2070
2062
2045
2038
2036
2028
2035
2028
2021
2013
2011
2001
1993
1994
1995
2011
2013
2015
2010
2022
2034
2062
2088
2092
2098
2105
2115
2139
2143
2136
2127
2117
2100
2102
2102
2101
2100
2099
2080
2071
2067
2048
2030
2015
2011
1990
1998
2024
2051
2064
2092
2118
2125
2134
2151
2145
2143
2154
2159
2168
2156
2144
2132
2090
2072
2063
2063
2058
2066
2071
2085
2096
2101
2102
2102
2113
2111
2098
2097
2084
2074
2083
2086
2092
2107
2116
2129
2125
2117
2111
2128
2134
2124
2127
2150
2152
2169
2173
2173
2163
2152
2140
2155
2156
2169
2165
2170
2157
2156
2144
2141
2132
2115
2096
2074
2085
2100
2094
2101
2094
2105
2103
2106
2115
2131
2132
2118
2113
2104
2105
2099
2109
2115
2130
2161
2173
2179
2194
2190
2181
2174
2173
2184
2180
2188
2200
2197
2194
2183
2179
2172
2168
2159
2146
2147
2141
2150
2151
2152
2144
2146
2151
2149
2146
2136
2129
2111
2095
2096
2082
2068
2064
2062
2063
2071
2079
2091
2099
2113
2135
2137
2147
2161
2180
2187
2199
2207
2208
2206
2218
2250
2255
2251
2240
2224
2207
2205
2202
2207
2216
2212
2199
2181
2170
2164
2164
2169
2158
2158
2169
2178
2181
2188
2180
2200
2199
2183
2182
2185
2179
2164
2146
2141
2111
2086
2072
2061
2046
2024
1990
1964
1955
1952
1952
1947
1950
1956
1960
1964
1985
2004
2025
2027
2035
2051
2050
2057
2053
2049
2052
2046
2062
2079
2083
2096
2098
2085
2078
2084
2091
2094
2092
2099
2098
2108
2118
2117
2109
2094
2088
2073
2044
2031
2021
2016
2021
2029
2041
2070
2068
2085
2088
2098
2097
2098
2099
2109
2109
2102
2087
2087
2077
2066
2054
2034
2014
1994
1975
1961
1942
1948
1945
1949
1949
1964
1985
1996
1996
2002
1999
1988
1968
1961
1942
1947
1934
1934
1931
1947
1967
1998
2029
2051
2094
2118
2131
2131
2138
2140
2119
2103
2095
2089
2091
2091
2089
2091
2093
2085
2091
2082
2072
2053
2059
2051
2046
2034
2025
2023
2030
2009
1993
1981
1980
1967
1953
1936
1929
1933
1939
1959
1980
2010
2027
2042
2067
2091
2100
2115
2125
2136
2147
2161
2167
2193
2202
2195
2187
2167
2158
2137
2112
2087
2066
2041
2035
2047
2049
2039
2024
2015
2008
2000
2008
2006
2000
1995
1987
1970
1974
1964
1979
2000
2007
2028
2063
2095
2125
2138
2135
2137
2140
2155
2151
2164
2169
2180
2184
2196
2204
2216
2203
2198
2186
2178
2162
2150
2149
2150
2144
2152
2161
2166
2169
2183
2205
2207
2209
2215
2223
2223
2231
2224
2196
2174
2175
2162
2166
2168
2173
2157
2157
2141
2120
2097
2073
2051
2026
2012
2010
2015
2019
2033
2042
2039
2032
2049
2045
2040
2046
2042
2044
2042
2050
2056
2054
2048
2042
2050
2054
2078
2081
2099
2111
2116
2122
2124
2116
2105
2099
2100
2091
2097
2118
2127
2140
2167
2189
2209
2216
2221
2219
2200
2183
2161
2143
2121
2104
2104
2086
2081
2093
2097
2099
2109
2123
2125
2118
2116
2129
2129
2133
2132
2134
2124
2102
2105
2092
2078
2069
2055
2055
2080
2092
2108
2099
2089
2100
2122
2134
2136
2142
2137
2168
2174
2185
2207
2218
2213
2209
2190
2182
2166
2154
2156
2162
2156
2166
2192
2212
2208
2220
2218
2209
2208
2199
2204
2211
2211
2216
2223
2218
2199
2181
2178
2162
2169
2174
2171
2164
2158
2147
2166
2169
2174
2170
2181
2184
2197
2218
2225
2227
2240
2242
2250
2241
2235
2237
2230
2217
2204
2196
2170
2155
2142
2146
2143
2129
2124
2131
2132
2133
2132
2143
2173
2196
2218
2236
2248
2258
2247
2246
2240
2238
2228
2211
2213
2204
2190
2173
2180
2177
2180
2184
2194
2203
2196
2198
2206
2210
2211
2218
2219
2215
2208
2213
2210
2210
2211
2210
2203
2196
2197
2191
2191
2199
2202
2197
2214
2228
2225
2216
2222
2231
2215
2214
2208
2212
2190
2186
2188
2202
2203
2207
2223
2232
2226
2230
2221
2221
2220
2216
2209
2182
2156
2115
2079
2049
2030
2016
2025
2035
2060
2087
2111
2124
2153
2155
2171
2187
2186
2176
2168
2172
2179
2190
2194
2196
2203
2179
2174
2156
2157
2156
2160
2157
2140
2144
2145
2156
2148
2149
2165
2166
2171
2175
2171
2191
2188
2195
2194
2209
2215
2230
2239
2248
2232
2237
2249
2258
2275
2276
2285
2306
2312
2312
2302
2290
2294
2284
2267
2255
2251
2258
2269
2266
2265
2247
2218
2207
2197
2180
2170
2166
2151
2147
2154
2169
2191
2212
2230
2252
2275
2288
2283
2276
2276
2263
2250
2232
2215
2203
2204
2198
2207
2215
2229
2223
2213
2218
2227
2229
2240
2244
2256
2251
2252
2256
2263
2253
2258
2250
2227
2208
2206
2215
2215
2209
2204
2213
2213
2214
2209
2214
2218
2244
2259
2274
2291
2301
2295
2304
2313
2336
2334
2347
2342
2341
2334
2346
2365
2363
2373
2378
2382
2362
2343
2334
2325
2327
2322
2328
2332
2339
2349
2359
2350
2346
2354
2351
2348
2345
2328
2335
2360
2364
2362
2347
2332
2330
2329
2327
2340
2338
2334
2328
2329
2339
2345
2350
2355
2353
2352
2348
2342
2339
2312
2286
2271
2262
2250
2245
2238
2243
2253
2242
2244
2261
2254
2250
2250
2249
2248
2246
2234
2239
2244
2233
2227
2225
2238
2243
2258
2261
2266
2270
2268
2259
2260
2258
2269
2276
2287
2286
2296
2312
2303
2303
2305
2287
2274
2278
2281
2277
2268
2275
2272
2276
2272
2279
2280
2294
2271
2272
2268
2282
2275
2270
2264
2274
2270
2261
2235
2220
2205
2178
2154
2131
2115
2133
2140
2172
2207
2231
2232
2233
2229
2232
2255
2268
2262
2244
2230
2247
2254
2267
2271
2275
2261
2254
2251
2236
2211
2193
2182
2179
2170
2167
2161
2172
2175
2189
2209
2208
2203
2206
2185
2185
2186
2189
2191
2195
2219
2231
2233
2257
2261
2261
2239
2239
2226
2220
2208
2205
2202
2182
2160
2139
2127
2137
2140
2136
2139
2136
2144
2154
2164
2181
2194
2189
2181
2154
2129
2110
2107
2111
2119
2127
2125
2126
2135
2130
2122
2119
2125
2142
2154
2154
2169
2157
2156
2158
2160
2149
2141
2130
2100
2091
2085
2082
2083
2082
2091
2091
2084
2076
2069
2066
2071
2075
2077
2073
2071
2079
2082
2086
2096
2103
2108
2122
2116
2101
2086
2083
2071
2051
2057
2070
2083
2086
2069
2070
2072
2089
2080
2086
2070
2050
2030
2018
2009
2014
2007
2005
1995
2002
1995
2011
2034
2055
2063
2059
2053
2041
2017
1994
1983
1982
1991
1998
2009
2011
2022
2030
2041
2036
2043
2053
2075
2097
2095
2092
2099
2107
2104
2097
2081
2079
2093
2093
2082
2072
2065
2078
2070
2056
2044
2026
2024
2022
2013
2012
2024
2028
2038
2050
2051
2057
2067
2075
2089
2076
2061
2056
2056
2048
2037
2029
2028
2025
2031
2032
2026
2023
2021
1986
1965
1943
1920
1898
1880
1866
1863
1875
1883
1888
1888
1895
1895
1888
1890
1894
1902
1899
1913
1924
1941
1947
1959
1959
1973
1985
1987
1989
1991
2001
2008
2022
2008
2002
1997
1986
1972
1947
1928
1932
1917
1917
1911
1907
1898
1888
1881
1881
1881
1872
1874
1886
1912
1918
1921
1907
1911
1898
1892
1902
1903
1900
1904
1893
1898
1900
1886
1877
1862
1845
1840
1847
1867
1870
1868
1871
1883
1869
1881
1902
1910
1904
1906
1905
1927
1942
1950
1972
2020
2045
2068
2085
2089
2095
2102
2084
2057
2043
2027
1997
1985
1965
1947
1931
1943
1958
1959
1952
1944
1916
1905
1896
1891
1878
1861
1860
1867
1883
1892
1889
1893
1905
1895
1900
1883
1863
1832
1811
1762
1745
1723
1706
1718
1738
1757
1800
1827
1853
1883
1905
1915
1914
1904
1908
1899
1901
1899
1896
1898
1920
1937
1969
1986
1992
1996
1996
2002
2000
2000
1978
1965
1956
1941
1937
1940
1935
1938
1935
1933
1925
1935
1941
1942
1948
1954
1956
1942
1923
1909
1898
1876
1854
1847
1856
1852
1850
1856
1848
1851
1855
1856
1857
1853
1862
1857
1856
1879
1902
1913
1923
1933
1940
1951
1953
1959
1955
1950
1958
1975
1978
1974
1968
1955
1941
1937
1930
1942
1937
1933
1954
1969
1976
1977
1970
1970
1944
1910
1907
1895
1878
1879
1868
1848
1847
1852
1867
1887
1912
1919
1939
1965
2000
2024
2045
2058
2061
2041
2028
2019
2012
1993
1973
1955
1937
1903
1884
1871
1862
1869
1867
1863
1871
1874
1889
1913
1938
1969
1992
2011
2019
2031
2031
2042
2042
2040
2045
2034
2018
2014
2016
2009
2010
2009
1996
2005
2006
1997
1996
1992
1999
2000
1992
2002
2004
1992
1979
1958
1929
1917
1913
1909
1915
1922
1927
1947
1965
1989
2007
2032
2050
2063
2075
2083
2059
2040
2014
2016
1991
1969
1942
1919
1890
1858
1823
1805
1789
1794
1794
1833
1870
1887
1903
1945
1970
1978
1988
2004
2006
2003
2001
2003
1993
1996
1992
2005
2000
1990
1998
1995
1992
1968
1967
1947
1931
1915
1921
1921
1919
1929
1952
1957
1979
1985
1996
2004
2022
2024
2033
2039
2034
2042
2046
2044
2039
2040
2048
2051
2055
2052
2061
2079
2099
2095
2110
2114
2122
2144
2141
2122
2093
2083
2073
2059
2046
2044
2068
2080
2079
2081
2078
2078
2078
2080
2090
2083
2086
2088
2101
2104
2110
2138
2189
2202
2210
2226
2224
2224
2222
2209
2210
2212
2209
2199
2186
2184
2174
2166
2169
2188
2199
2199
2184
2198
2205
2207
2204
2199
2178
2163
2146
2144
2138
2126
2129
2126
2120
2103
2083
2057
2041
2025
2001
1995
1991
1989
2000
2011
2039
2049
2054
2062
2077
2082
2106
2114
2117
2115
2118
2105
2103
2110
2103
2101
2087
2060
2041
2017
1994
1979
1977
1978
1996
1993
2004
2015
2021
2036
2027
2032
2041
2048
2042
2031
2026
2028
2037
2067
2079
2071
2071
2059
2062
2066
2077
2088
2098
2111
2127
2140
2131
2118
2129
2134
2143
2136
2132
2113
2086
2057
2039
2022
2022
2021
2031
2035
2040
2050
2059
2064
2072
2100
2099
2116
2133
2136
2128
2095
2073
2056
2031
2008
1982
1970
1943
1941
1925
1919
1922
1942
1970
1985
1985
1999
1999
1992
1995
2003
1994
1992
1985
1984
1987
1999
2009
2026
2030
2022
2014
1998
2006
1997
1998
2000
1991
1983
1993
1976
1955
1942
1935
1907
1887
1865
1845
1822
1791
1787
1783
1810
1844
1859
1876
1903
1922
1929
1922
1929
1913
1882
1847
1815
1799
1791
1781
1776
1769
1772
1779
1785
1794
1796
1800
1798
1795
1809
1806
1798
1802
1810
1832
1855
1865
1888
1897
1892
1904
1878
1842
1795
1755
1707
1685
1669
1661
1666
1659
1666
1674
1679
1666
1663
1645
1628
1602
1606
1607
1623
1647
1679
1715
1741
1768
1792
1811
1819
1813
1836
1857
1876
1894
1903
1922
1953
1976
1995
1993
1992
1993
1976
1982
1977
1976
1969
1956
1938
1930
1917
1913
1922
1922
1906
1902
1888
1876
1879
1884
1899
1894
1899
1909
1940
1962
1985
1989
1988
1978
1967
1945
1920
1902
1891
1870
1853
1846
1848
1839
1847
1848
1844
1851
1851
1856
1841
1851
1851
1843
1838
1841
1830
1823
1821
1825
1829
1836
1851
1871
1879
1884
1878
1874
1882
1896
1893
1884
1871
1866
1867
1887
1895
1917
1921
1935
1942
1944
1930
1947
1947
1961
1969
1963
1956
1947
1967
1959
1954
1955
1954
1935
1917
1883
1876
1870
1865
1842
1837
1814
1810
1807
1827
1838
1843
1848
1868
1866
1861
1863
1853
1847
1843
1863
1885
1893
1908
1922
1947
1949
1959
1956
1959
1961
1982
1979
1974
1949
1934
1937
1938
1945
1950
1965
1976
2002
2019
2023
2041
2049
2023
2029
2035
2026
2012
2001
2003
1989
1968
1948
1927
1934
1931
1929
1921
1909
1893
1873
1863
1860
1876
1888
1908
1924
1941
1954
1959
1974
1969
1978
1988
2002
2010
2018
2035
2058
2059
2090
2097
2110
2101
2100
2103
2106
2105
2117
2115
2126
2131
2142
2149
2155
2158
2157
2143
2137
2123
2118
2108
2082
2054
2035
2033
2032
2048
2059
2078
2103
2118
2131
2135
2153
2154
2149
2134
2124
2107
2101
2090
2081
2072
2055
2059
2059
2066
2055
2038
2040
2018
2015
2013
2019
2016
2028
2034
2051
2067
2092
2089
2086
2071
2058
2050
2043
2042
2028
2017
2015
2025
2014
2023
2013
1998
1984
1985
1990
2000
2003
2018
2032
2041
2039
2044
2043
2049
2046
2060
2073
2076
2056
2058
2055
2061
2075
2083
2088
2080
2092
2101
2103
2113
2134
2136
2123
2110
2112
2097
2092
2081
2082
2077
2069
2058
2052
2039
2036
2018
2010
2003
2012
2014
2028
2054
2078
2091
2121
2127
2125
2133
2129
2113
2113
2110
2109
2112
2103
2109
2117
2119
2133
2144
2149
2156
2149
2148
2159
2158
2168
2187
2179
2181
2179
2182
2191
2186
2186
2183
2182
2179
2172
2173
2166
2150
2151
2141
2141
2146
2149
2155
2157
2167
2163
2157
2152
2160
2176
2190
2186
2185
2177
2183
2185
2195
2203
2217
2227
2221
2215
2218
2204
2207
2188
2168
2142
2144
2136
2130
2134
2154
2167
2179
2191
2208
2217
2238
2234
2248
2254
2263
2267
2260
2269
2254
2252
2247
2243
2234
2239
2238
2252
2248
2234
2234
2226
2221
2225
2252
2252
2245
2236
2242
2247
2265
2270
2280
2277
2278
2269
2288
2284
2269
2272
2267
2265
2264
2275
2283
2291
2294
2281
2269
2259
2250
2265
2271
2275
2277
2267
2257
2263
2243
2241
2238
2246
2258
2261
2231
2207
2173
2171
2164
2163
2167
2183
2176
2183
2180
2198
2213
2223
2224
2226
2233
2239
2232
2223
2231
2241
2256
2239
2235
2218
2216
2218
2224
2205
2202
2196
2198
2194
2194
2195
2195
2186
2191
2194
2187
2179
2193
2194
2178
2163
2155
2138
2120
2089
2066
2048
2040
2037
2029
2020
2034
2050
2061
2068
2077
2098
2126
2138
2156
2168
2178
2176
2170
2164
2164
2158
2144
2146
2151
2154
2148
2155
2171
2176
2173
2168
2152
2142
2122
2110
2090
2086
2085
2081
2071
2087
2116
2131
2142
2147
2127
2111
2102
2103
2090
2084
2077
2078
2098
2107
2109
2109
2101
2105
2101
2092
2081
2083
2075
2092
2092
2113
2109
2131
2138
2136
2122
2111
2118
2115
2106
2091
2066
2086
2079
2089
2108
2123
2120
2109
2126
2132
2137
2122
2112
2091
2072
2056
2025
2008
1994
1979
1965
1971
1952
1938
1929
1914
1909
1908
1912
1909
1923
1928
1936
1931
1924
1916
1909
1898
1899
1905
1896
1885
1896
1886
1907
1910
1929
1928
1945
1935
1923
1918
1904
1878
1866
1850
1858
1860
1853
1854
1847
1843
1850
1873
1872
1878
1864
1868
1884
1888
1872
1866
1846
1847
1858
1855
1839
1856
1865
1882
1912
1936
1952
1980
1991
2011
2006
1995
1960
1929
1914
1901
1885
1866
1849
1839
1841
1853
1859
1871
1895
1913
1930
1940
1951
1939
1935
1922
1909
1899
1897
1903
1871
1855
1853
1856
1853
1856
1850
1853
1862
1856
1865
1872
1871
1865
1862
1870
1881
1866
1869
1870
1876
1887
1927
1943
1955
1963
1951
1937
1935
1924
1897
1884
1849
1827
1819
1808
1781
1761
1751
1742
1733
1731
1742
1757
1777
1786
1786
1772
1769
1763
1763
1751
1745
1738
1743
1735
1743
1754
1759
1775
1787
1813
1831
1850
1848
1842
1838
1825
1812
1813
1810
1797
1795
1799
1807
1805
1823
1834
1841
1839
1827
1816
1785
1753
1736
1723
1702
1685
1683
1675
1671
1677
1684
1704
1735
1765
1809
1823
1840
1849
1862
1862
1863
1861
1857
1843
1826
1821
1821
1819
1822
1825
1821
1817
1815
1830
1836
1848
1875
1894
1916
1924
1908
1889
1884
1885
1867
1861
1850
1866
1883
1898
1907
1926
1945
1965
1978
1982
2000
2018
2034
2013
1991
1963
1935
1907
1862
1801
1751
1710
1703
1695
1697
1695
1699
1701
1714
1722
1721
1714
1710
1717
1719
1725
1727
1744
1762
1775
1808
1821
1827
1839
1840
1832
1819
1800
1783
1767
1746
1745
1743
1752
1756
1777
1804
1838
1860
1863
1863
1859
1853
1834
1809
1793
1761
1737
1747
1737
1737
1745
1773
1801
1810
1829
1843
1829
1813
1793
1767
1752
1737
1731
1715
1707
1701
1702
1730
1777
1801
1818
1851
1887
1888
1899
1920
1921
1891
1874
1859
1851
1832
1820
1807
1796
1749
1720
1682
1645
1635
1632
1623
1621
1619
1641
1658
1661
1656
1658
1650
1646
1633
1631
1645
1659
1675
1691
1709
1719
1747
1763
1778
1791
1813
1818
1848
1855
1873
1875
1878
1878
1893
1916
1946
1968
1983
1996
2014
2028
2029
2031
2045
2031
2013
1994
1969
1956
1943
1938
1935
1935
1937
1941
1959
1963
1972
1989
2017
2036
2055
2060
2070
2086
2090
2104
2116
2103
2104
2104
2101
2100
2094
2081
2090
2084
2060
2040
2034
2036
2032
2033
2039
2039
2049
2052
2052
2055
2067
2086
2083
2095
2090
2081
2063
2058
2041
2023
2011
1984
1982
2001
2007
2011
2008
2036
2059
2074
2081
2097
2101
2094
2086
2088
2093
2091
2073
2056
2053
2063
2071
2097
2119
2146
2157
2154
2158
2164
2178
2174
2170
2168
2162
2159
2151
2142
2141
2138
2134
2143
2147
2150
2157
2139
2123
2123
2100
2082
2069
2057
2051
2057
2048
2043
2047
2063
2069
2080
2082
2088
2092
2110
2136
2162
2177
2192
2195
2199
2183
2160
2125
2123
2125
2131
2132
2124
2126
2117
2110
2084
2067
2065
2064
2055
2046
2025
2025
2021
2023
2015
2030
2021
2030
2030
2036
2033
2039
2043
2059
2070
2091
2104
2105
2102
2092
2080
2095
2098
2104
2100
2102
2088
2074
2066
2065
2059
2053
2044
2037
2053
2036
2060
2067
2066
2057
2066
2057
2047
2025
2034
2028
2033
2044
2041
2050
2043
2048
2054
2053
2045
2053
2064
2083
2095
2096
2104
2114
2110
2099
2094
2083
2079
2078
2093
2081
2069
2074
2068
2038
2015
1994
1986
1976
1984
1985
1979
1963
1948
1922
1922
1931
1948
1939
1951
1952
1968
1966
1962
1940
1920
1901
1901
1901
1890
1877
1883
1887
1894
1907
1915
1943
1951
1971
1991
2028
2027
2034
2043
2068
2076
2073
2068
2060
2060
2065
2060
2063
2068
2053
2042
2027
2011
1999
1982
1959
1938
1926
1923
1923
1924
1931
1941
1933
1925
1919
1915
1916
1929
1944
1955
1966
1970
1976
1991
2003
2010
2033
2028
2018
2028
2026
2028
2018
2003
1972
1931
1911
1894
1902
1899
1882
1879
1901
1895
1889
1890
1886
1867
1860
1847
1832
1815
1806
1802
1807
1795
1792
1800
1813
1829
1859
1871
1869
1874
1879
1893
1877
1867
1860
1854
1865
1891
1910
1932
1945
1962
1971
1981
1974
1966
1970
1977
1965
1953
1961
1960
1965
1980
1968
1969
1978
1982
1977
1969
1955
1937
1910
1897
1896
1901
1891
1875
1867
1847
1849
1865
1871
1881
1915
1935
1948
1980
1988
1994
2003
1999
1992
1999
1984
1976
1980
1997
2022
2022
2029
2041
2060
2069
2057
2038
2018
2007
1978
1957
1927
1904
1889
1886
1900
1909
1921
1940
1963
1969
1989
1991
1995
1999
2013
2016
2031
2046
2055
2072
2085
2090
2101
2107
2101
2092
2097
2090
2072
2049
2009
2003
1980
1980
1996
2000
2018
2010
2028
2058
2069
2078
2061
2054
2032
2007
1987
1966
1944
1931
1920
1917
1905
1914
1901
1895
1898
1909
1922
1943
1955
1957
1975
1997
2031
2059
2081
2101
2116
2103
2091
2072
2063
2038
2026
2025
2027
2041
2043
2046
2030
2029
2029
2026
2032
2034
2038
2050
2042
2040
2026
2015
2002
1988
1950
1933
1928
1914
1899
1895
1899
1905
1929
1937
1951
1966
1984
1999
2016
2011
2035
2034
2042
2057
2068
2063
2063
2069
2078
2084
2093
2095
2099
2078
2085
2075
2045
2026
2027
2026
2028
2003
1989
1975
1993
1995
1997
1991
1971
1974
1996
2025
2060
2095
2111
2116
2128
2128
2123
2107
2089
2083
2055
2036
2038
2031
2022
2006
1982
1976
1964
1970
1975
1979
1984
1973
1990
2002
2023
2041
2058
2058
2055
2054
2070
2085
2098
2104
2106
2109
2107
2112
2114
2113
2103
2093
2074
2071
2080
2094
2119
2141
2142
2149
2138
2139
2136
2134
2129
2132
2133
2142
2150
2152
2139
2137
2118
2130
2139
2157
2158
2161
2135
2122
2112
2087
2061
2040
2000
1971
1969
1976
2003
2014
2016
2012
2030
2045
2055
2050
2055
2051
2036
2023
2016
2001
1997
1990
1996
2018
2030
2029
2044
2045
2052
2057
2046
5835
2199
2276
2286
2263
2252
2239
2220
2192
2148
2081
2035
1979
1921
1877
1861
1846
1830
1807
1795
1795
1805
1797
1834
1877
1922
1955
2001
2034
2082
2115
2139
2117
2072
2021
1967
1919
1898
1896
1923
1942
1983
2014
2035
2043
2052
2046
2018
1993
1962
1934
1863
1775
1691
1588
1507
1439
1385
1361
1366
1420
1485
1587
1676
1755
1803
1829
1858
1889
1920
1956
1969
1972
1958
1970
1941
1945
1925
1928
1929
1931
1911
1905
1929
1974
2024
2054
2051
2085
2115
2136
2124
2114
2118
2153
2188
2182
2155
2131
2099
2081
2051
2001
1963
1916
1865
1809
1744
1691
1662
1631
1597
1573
1589
1615
1637
1649
1651
1687
1709
1744
1777
1813
1824
1848
1849
1875
1889
1911
1939
1971
1983
2015
2070
2112
2149
2165
2143
2115
2065
2021
2002
1978
1943
1922
1924
1940
1990
2047
2083
2107
2130
2169
2198
2210
2203
2172
2164
2170
2168
2168
2154
2161
2145
2155
2166
2149
2127
2083
2064
2033
2040
2040
2052
2070
2099
2142
2200
2238
2288
2303
2314
2299
2298
2266
2246
2259
2275
2304
2340
2367
2385
2419
2432
2422
2413
2430
2403
2383
2329
2290
2238
2173
2071
2024
2000
1985
1995
2034
2072
2107
2167
2214
2239
2262
2250
2229
2166
2090
2012
1968
1923
1890
1877
1901
1917
1943
2013
2069
2141
2179
2219
2259
2292
2321
2335
2338
2358
2379
2417
2454
2471
2481
2487
2492
2490
2470
2458
2451
2429
2395
2372
2362
2356
2363
2349
2318
2266
2253
2250
2229
2187
2158
2139
2123
2130
2148
2187
2213
2232
2241
2244
2261
2261
2251
2243
2246
2287
2304
2337
2369
2398
2412
2411
2406
2398
2366
2364
2345
2332
2295
2258
2223
2215
2202
2210
2223
2231
2204
2183
2151
2145
2145
2148
2141
2166
2180
2222
2246
2301
2339
2383
2406
2434
2449
2459
2435
2409
2384
2386
2368
2348
2341
2351
2380
2399
2420
2447
2488
2522
2539
2511
2484
2418
2383
2334
2305
2289
2290
2252
2251
2251
2272
2277
2301
2332
2374
2406
2436
2443
2442
2436
2420
2386
2360
2337
2317
2327
2348
2372
2396
2406
2369
2344
2339
2321
2295
2269
2249
2247
2260
2274
2308
2331
2346
2350
2355
2361
2378
2372
2358
2342
2324
2308
2302
2290
2279
2261
2247
2234
2226
2218
2219
2220
2232
2229
2222
2223
2213
2197
2166
2119
2073
2026
2015
2024
2068
2136
2177
2211
2236
2229
2194
2138
2074
2022
1977
1951
1929
1927
1921
1919
1940
1962
2003
2022
2023
2033
2039
2053
2060
2050
2040
2022
2039
2067
2081
2074
2050
2037
1994
1969
1937
1907
1912
1939
1947
1966
1970
1996
2022
2075
2077
2083
2072
2054
2008
1988
1973
1983
1974
1983
2008
2065
2109
2141
2155
2182
2190
2204
2207
2231
2226
2246
2247
2240
2228
2208
2182
2158
2136
2131
2120
2123
2122
2109
2107
2070
2053
2039
2051
2064
2064
2048
2030
1998
1965
1934
1883
1864
1856
1823
1807
1809
1836
1859
1877
1883
1894
1913
1930
1940
1959
1980
2016
2080
2120
2157
2194
2201
2181
2170
2131
2067
2027
1995
1964
1948
1917
1890
1895
1901
1907
1931
1943
1937
1918
1878
1855
1825
1819
1820
1830
1826
1817
1781
1762
1755
1775
1773
1761
1723
1722
1719
1743
1772
1823
1875
1964
2026
2094
2111
2138
2128
2112
2063
1996
1916
1828
1758
1701
1628
1617
1619
1638
1672
1736
1811
1868
1946
1975
2012
2043
2058
2059
2038
1983
1896
1803
1766
1731
1726
1739
1762
1779
1828
1856
1897
1935
1974
2002
2023
2023
2022
2000
2002
2011
2014
1986
1951
1933
1930
1947
1956
1963
1977
1998
2022
2063
2130
2176
2211
2253
2285
2302
2279
2237
2159
2101
2036
1993
1969
1961
1967
1997
2046
2085
2129
2167
2179
2146
2093
2019
1953
1908
1884
1854
1844
1847
1874
1908
1951
1949
1933
1904
1876
1828
1794
1730
1703
1689
1693
1702
1714
1705
1717
1714
1700
1685
1666
1657
1652
1644
1634
1637
1669
1696
1723
1748
1763
1751
1713
1676
1645
1662
1703
1762
1808
1845
1853
1856
1828
1829
1818
1815
1815
1825
1821
1836
1854
1854
1854
1855
1836
1791
1728
1686
1646
1629
1630
1640
1691
1758
1835
1923
2004
2050
2080
2074
2067
2047
2036
2023
2009
1985
1986
1991
1996
1994
1995
1974
1924
1889
1876
1876
1880
1875
1867
1844
1865
1889
1932
1986
2029
2080
2129
2139
2142
2155
2153
2157
2168
2178
2184
2193
2159
2115
2086
2030
1983
1970
1973
1985
2006
2043
2079
2104
2130
2168
2198
2235
2273
2299
2313
2303
2282
2279
2300
2329
2352
2359
2368
2371
2379
2382
2367
2349
2327
2314
2304
2321
2326
2354
2363
2383
2397
2364
2324
2252
2159
2093
2012
1944
1823
1771
1725
1722
1749
1805
1846
1899
1929
1943
1938
1926
1922
1914
1936
1980
2046
2089
2138
2172
2200
2205
2218
2238
2277
2287
2302
2306
2343
2358
2364
2291
2191
2089
1988
1880
1784
1693
1649
1631
1638
1673
1734
1784
1812
1840
1858
1879
1916
1942
1960
1979
1981
1965
1933
1914
1913
1926
1918
1912
1924
1940
1962
1991
2008
2034
2067
2099
2128
2138
2137
2120
2143
2172
2197
2230
2238
2228
2212
2218
2238
2270
2287
2323
2348
2361
2352
2327
2326
2327
2316
2270
2201
2123
2039
1968
1877
1860
1833
1829
1852
1870
1890
1934
1988
1959
1927
1904
1911
1947
1980
2003
2043
2071
2091
2099
2120
2124
2103
2059
2036
1999
1987
1974
1986
2006
2043
2071
2100
2127
2167
2148
2118
2079
2027
1973
1925
1884
1865
1841
1832
1818
1828
1839
1864
1870
1882
1883
1895
1933
1975
2008
2050
2080
2082
2077
2058
2024
1963
1917
1845
1783
1721
1693
1710
1756
1801
1816
1800
1791
1776
1809
1826
1844
1835
1839
1861
1906
1949
1984
1994
1993
1977
1933
1876
1853
1833
1825
1807
1807
1814
1819
1812
1852
1871
1893
1937
1983
2011
2046
2081
2099
2089
2080
2082
2089
2100
2090
2107
2142
2192
2238
2290
2324
2338
2328
2336
2326
2307
2297
2289
2266
2256
2250
2230
2194
2136
2100
2081
2039
1972
1912
1867
1875
1899
1928
1960
1964
1914
1848
1811
1841
1867
1877
1870
1849
1823
1809
1819
1837
1858
1890
1907
1960
2026
2096
2166
2198
2202
2192
2164
2148
2114
2111
2100
2125
2092
2066
2045
2035
1995
1964
1918
1868
1778
1693
1606
1564
1537
1546
1551
1543
1523
1518
1534
1570
1622
1687
1714
1746
1811
1881
1960
2010
2039
2025
2006
1964
1924
1868
1827
1785
1777
1772
1787
1811
1845
1862
1877
1867
1882
1869
1853
1838
1816
1770
1720
1687
1690
1731
1803
1871
1944
1999
2012
1995
1947
1900
1823
1758
1710
1678
1661
1653
1595
1476
1353
1282
1256
1249
1257
1286
1308
1321
1339
1391
1453
1517
1577
1608
1629
1671
1735
1751
1773
1790
1793
1771
1739
1701
1649
1620
1613
1584
1531
1462
1397
1336
1276
1281
1283
1304
1327
1373
1427
1513
1563
1576
1557
1519
1482
1472
1479
1493
1516
1549
1566
1563
1547
1536
1532
1543
1549
1538
1523
1545
1571
1588
1608
1648
1666
1649
1659
1659
1696
1713
1731
1725
1691
1633
1596
1559
1527
1488
1457
1411
1399
1423
1486
1559
1635
1704
1753
1753
1696
1651
1632
1616
1592
1560
1561
1566
1552
1572
1565
1573
1603
1661
1708
1745
1784
1807
1798
1787
1719
1662
1631
1619
1577
1539
1486
1468
1453
1499
1499
1496
1477
1494
1533
1559
1549
1537
1528
1550
1583
1596
1597
1596
1578
1537
1478
1387
1293
1215
1183
1168
1208
1271
1319
1383
1502
1594
1686
1752
1766
1755
1727
1697
1680
1639
1606
1565
1575
1599
1628
1640
1620
1613
1609
1626
1654
1693
1738
1787
1859
1889
1900
1874
1866
1861
1859
1840
1833
1815
1820
1813
1828
1835
1833
1824
1829
1832
1843
1870
1892
1924
1947
1944
1921
1907
1893
1868
1847
1821
1772
1729
1692
1682
1655
1644
1649
1711
1772
1819
1855
1864
1870
1908
1918
1923
1916
1915
1915
1896
1848
1811
1805
1821
1827
1800
1733
1675
1641
1632
1632
1641
1687
1736
1813
1895
1979
2018
2022
1991
1957
1912
1915
1941
2000
2071
2158
2202
2210
2198
2170
2167
2160
2151
2167
2184
2204
2249
2283
2269
2231
2182
2144
2106
2092
2062
2003
1957
1888
1845
1816
1777
1747
1721
1706
1745
1785
1821
1848
1864
1878
1899
1922
1945
1957
1945
1955
1961
1988
2017
2050
2078
2102
2119
2128
2097
2037
1951
1865
1836
1833
1851
1867
1892
1921
1966
2020
2065
2080
2081
2077
2068
2028
1986
1947
1954
1961
1980
2004
2035
2040
2050
2071
2091
2092
2085
2079
2057
2033
2019
1981
1961
1947
1923
1882
1847
1825
1817
1839
1867
1897
1926
1963
1989
2034
2070
2134
2182
2233
2228
2226
2213
2214
2192
2144
2091
2065
2059
2066
2045
2030
2028
2021
2027
2086
2179
2268
2314
2358
2359
2364
2372
2391
2399
2397
2415
2433
2428
2419
2414
2400
2409
2390
2387
2370
2378
2352
2332
2312
2282
2237
2212
2205
2203
2207
2231
2268
2280
2288
2263
2238
2235
2224
2218
2229
2234
2242
2282
2334
2379
2437
2486
2539
2595
2631
2646
2640
2622
2534
2481
2425
2365
2318
2274
2251
2250
2286
2302
2315
2335
2329
2327
2304
2278
2247
2241
2263
2299
2338
2363
2403
2405
2416
2415
2395
2353
2312
2263
2235
2208
2174
2106
2041
1986
1957
1921
1891
1867
1879
1918
1962
1991
2040
2086
2141
2152
2116
2063
2008
1965
1942
1970
2021
2092
2127
2142
2110
2067
2028
2017
2018
1992
1983
1984
1987
2027
2080
2159
2225
2286
2336
2350
2363
2377
2379
2390
2413
2433
2463
2476
2480
2476
2447
2417
2404
2395
2399
2408
2419
2452
2494
2530
2548
2553
2545
2522
2496
2479
2481
2485
2498
2488
2463
2441
2415
2399
2388
2390
2368
2348
2324
2324
2342
2374
2409
2434
2445
2463
2468
2476
2472
2472
2478
2466
2446
2439
2431
2436
2435
2416
2411
2403
2398
2374
2356
2354
2356
2344
2340
2332
2312
2265
2224
2210
2195
2178
2207
2221
2262
2317
2396
2426
2462
2498
2510
2509
2492
2487
2485
2496
2489
2486
2467
2476
2461
2453
2430
2416
2387
2375
2376
2363
2318
2288
2235
2217
2215
2231
2251
2274
2308
2353
2411
2448
2484
2510
2540
2551
2556
2522
2430
2340
2265
2219
2198
2187
2203
2200
2218
2253
2330
2401
2462
2480
2497
2507
2529
2527
2537
2535
2551
2558
2552
2539
2527
2506
2484
2468
2453
2418
2371
2329
2302
2302
2292
2291
2302
2322
2334
2350
2355
2354
2350
2326
2314
2301
2301
2314
2311
2322
2315
2335
2359
2368
2368
2366
2373
2372
2400
2424
2456
2477
2507
2522
2528
2519
2523
2532
2540
2541
2534
2529
2532
2545
2551
2540
2511
2495
2474
2432
2395
2375
2360
2357
2364
2384
2400
2442
2480
2499
2472
2409
2338
2295
2233
2206
2169
2143
2112
2087
2062
2038
2019
2007
1977
1978
2007
2051
2124
2178
2234
2277
2304
2300
2311
2317
2326
2310
2304
2257
2238
2228
2240
2250
2287
2311
2341
2366
2413
2436
2469
2470
2467
2222
2163
2127
2122
2107
2109
2097
2079
2063
2061
2038
2037
2006
1990
1979
1986
1993
2022
2075
2160
2196
2223
2226
2218
2208
2178
2132
2066
2053
2049
2051
2077
2126
2184
2249
2304
2331
2325
2319
2301
2298
2270
2259
2244
2233
2216
2188
2157
2115
2104
2099
2080
2076
2072
2058
2047
2044
2069
2083
2104
2106
2111
2124
2107
2068
2028
2016
2038
2061
2104
2158
2211
2268
2303
2313
2313
2298
2241
2167
2070
1991
1939
1896
1858
1841
1845
1902
1983
2041
2090
2136
2185
2221
2223
2235
2219
2208
2175
2140
2087
2060
2035
2033
2025
2012
1964
1891
1824
1778
1727
1687
1682
1706
1748
1794
1900
1968
2052
2122
2175
2202
2201
2188
2200
2200
2215
2205
2211
2193
2191
2188
2204
2202
2188
2163
2147
2140
2143
2154
2142
2134
2108
2094
2059
2029
2017
2021
2017
2063
2101
2126
2096
2089
2080
2083
2092
2104
2117
2124
2135
2156
2155
2138
2125
2122
2130
2127
2156
2187
2225
2272
2332
2357
2375
2417
2442
2446
2438
2444
2458
2475
2475
2488
2482
2458
2377
2273
2164
2108
2078
2074
2051
2030
2012
1999
1986
1982
1981
1994
1989
1979
1982
1991
1971
1966
1950
1915
1880
1874
1888
1904
1908
1883
1883
1888
1916
1927
1936
1949
1985
2004
2023
2047
2076
2084
2086
2080
2085
2075
2068
2066
2079
2083
2100
2097
2117
2132
2138
2154
2171
2212
2263
2322
2364
2382
2377
2363
2339
2326
2318
2309
2288
2244
2196
2186
2184
2177
2172
2174
2174
2188
2202
2200
2191
2188
2165
2158
2145
2163
2193
2230
2237
2248
2246
2244
2267
2287
2302
2315
2312
2290
2262
2210
2124
2072
2019
1987
1981
1982
2007
2020
2051
2086
2102
2123
2140
2141
2144
2137
2162
2185
2207
2231
2242
2236
2217
2195
2163
2129
2104
2077
2059
2018
1998
2000
1990
1984
2025
2073
2125
2162
2189
2197
2183
2148
2115
2079
2063
2061
2064
2067
2051
2032
2026
2007
1988
1942
1885
1835
1799
1760
1743
1743
1754
1801
1850
1897
1953
1993
1979
1947
1903
1863
1827
1820
1813
1823
1832
1874
1873
1887
1868
1871
1836
1792
1754
1741
1779
1843
1886
1920
1973
2008
2050
2077
2090
2095
2097
2122
2134
2139
2111
2102
2079
2060
2059
2062
2066
2063
2072
2050
2044
2027
2023
2013
2042
2040
2010
1972
1953
1948
1946
1940
1923
1900
1854
1795
1726
1687
1667
1677
1682
1697
1709
1741
1805
1866
1930
1967
1997
2025
2069
2131
2205
2246
2283
2296
2278
2260
2236
2220
2206
2196
2184
2180
2161
2159
2155
2145
2121
2108
2122
2139
2176
2194
2221
2249
2251
2228
2189
2144
2110
2091
2045
1987
1908
1833
1773
1751
1705
1663
1603
1553
1491
1459
1448
1493
1585
1701
1797
1859
1902
1935
1911
1880
1829
1816
1811
1819
1802
1807
1833
1875
1897
1931
1952
1975
1969
1980
2005
2052
2138
2214
2274
2308
2325
2334
2320
2294
2248
2195
2165
2148
2163
2159
2152
2136
2115
2110
2090
2049
2017
2002
1987
1967
1964
1966
1959
1943
1932
1928
1952
1973
1977
1967
1960
1965
1986
2020
2066
2122
2178
2198
2216
2247
2262
2281
2305
2309
2284
2231
2167
2118
2111
2134
2140
2119
2072
2054
2001
1954
1929
1927
1931
1948
1990
2052
2124
2183
2224
2242
2260
2282
2290
2291
2297
2290
2275
2274
2260
2226
2159
2108
2073
2044
2028
2053
2079
2097
2116
2141
2143
2156
2166
2183
2168
2155
2123
2127
2137
2136
2140
2147
2173
2199
2210
2216
2202
2198
2207
2208
2207
2220
2270
2288
2305
2304
2306
2287
2260
2242
2277
2275
2283
2282
2286
2257
2230
2199
2191
2145
2112
2055
2022
2028
2067
2109
2153
2145
2157
2154
2149
2146
2152
2152
2141
2160
2154
2164
2167
2194
2229
2270
2304
2327
2350
2363
2359
2363
2346
2350
2342
2326
2320
2326
2336
2337
2296
2276
2248
2228
2223
2228
2231
2236
2237
2217
2208
2192
2182
2174
2172
2170
2165
2133
2087
2056
2028
1995
1965
1962
1970
1993
2038
2084
2118
2137
2154
2202
2240
2272
2303
2331
2349
2359
2384
2412
2435
2449
2480
2473
2436
2415
2387
2355
2329
2301
2307
2300
2306
2269
2232
2208
2180
2169
2185
2196
2209
2232
2258
2257
2276
2282
2284
2260
2237
2225
2237
2222
2196
2157
2119
2078
2012
1968
1912
1861
1810
1753
1691
1677
1674
1686
1708
1737
1756
1783
1841
1909
1955
2007
2042
2062
2076
2094
2082
2091
2082
2099
2113
2138
2150
2165
2193
2209
2209
2220
2211
2203
2187
2152
2173
2181
2210
2216
2216
2187
2161
2115
2066
2000
1939
1915
1937
1983
2042
2080
2132
2154
2146
2133
2133
2134
2135
2141
2163
2161
2165
2158
2117
2079
2040
2002
1938
1878
1822
1756
1731
1739
1746
1749
1802
1832
1851
1879
1915
1941
1973
1960
1946
1903
1868
1815
1795
1783
1793
1789
1835
1921
2032
2121
2196
2270
2313
2332
2329
2289
2240
2184
2143
2128
2124
2124
2121
2124
2116
2095
2061
2049
2008
1981
1939
1971
1970
1969
1963
1978
1962
1933
1880
1847
1803
1787
1761
1748
1720
1707
1764
1803
1852
1913
1987
2061
2124
2166
2200
2224
2250
2277
2321
2343
2370
2390
2409
2382
2355
2314
2268
2214
2149
2070
1989
1942
1929
1920
1939
1932
1922
1887
1869
1871
1870
1868
1864
1853
1848
1836
1844
1857
1873
1894
1938
2011
2095
2185
2263
2316
2336
2343
2329
2324
2323
2331
2375
2390
2392
2387
2388
2395
2403
2382
2314
2265
2248
2229
2201
2191
2187
2172
2184
2210
2246
2287
2317
2336
2355
2368
2385
2375
2371
2361
2351
2326
2287
2244
2186
2176
2168
2195
2207
2204
2150
2083
1984
1934
1894
1863
1841
1851
1865
1892
1935
1981
1974
1934
1928
1939
1955
1963
1974
1986
1990
1989
2004
2019
2008
1995
2022
2040
2087
2123
2169
2211
2240
2243
2242
2212
2167
2110
2081
2074
2111
2152
2234
2293
2354
2424
2470
2468
2442
2387
2335
2291
2228
2166
2124
2096
2069
2057
2056
2086
2116
2144
2141
2142
2139
2152
2183
2211
2220
2232
2231
2244
2218
2169
2102
2070
2022
1998
1997
2025
2082
2114
2129
2147
2152
2167
2166
2184
2211
2254
2304
2363
2392
2411
2424
2437
2437
2414
2344
2290
2233
2188
2158
2157
2189
2249
2318
2371
2378
2385
2367
2349
2322
2310
2318
2340
2366
2379
2371
2336
2299
2256
2217
2200
2207
2212
2206
2196
2191
2188
2214
2227
2239
2250
2274
2283
2327
2351
2392
2396
2398
2388
2401
2408
2418
2418
2382
2321
2258
2209
2165
2120
2089
2068
2075
2076
2084
2091
2097
2121
2157
2179
2229
2299
2354
2405
2430
2429
2407
2401
2375
2368
2353
2342
2303
2257
2211
2201
2196
2207
2218
2223
2243
2280
2297
2321
2334
2331
2306
2304
2324
2326
2309
2310
2307
2304
2274
2251
2232
2219
2194
2175
2185
2206
2227
2241
2262
2284
2298
2327
2341
2339
2309
2288
2255
2236
2222
2230
2248
2265
2295
2322
2342
2361
2366
2384
2380
2361
2346
2331
2266
2178
2079
1979
1864
1806
1774
1761
1782
1848
1967
2063
2170
2230
2302
2326
2322
2308
2305
2281
2250
2237
2234
2247
2270
2286
2309
2298
2246
2197
2162
2152
2156
2166
2165
2185
2204
2209
2187
2192
2218
2237
2224
2243
2256
2286
2304
2342
2352
2366
2389
2421
2433
2449
2455
2449
2454
2458
2483
2505
2560
2586
2584
2570
2534
2496
2457
2432
2411
2393
2384
2369
2380
2371
2370
2338
2303
2270
2240
2198
2168
2130
2102
2123
2187
2258
2331
2387
2412
2458
2483
2510
2514
2493
2448
2417
2391
2358
2331
2300
2275
2276
2305
2334
2350
2351
2349
2340
2340
2342
2348
2358
2396
2402
2417
2423
2436
2449
2438
2410
2370
2323
2288
2260
2258
2262
2257
2246
2238
2260
2279
2316
2355
2401
2450
2498
2533
2562
2568
2574
2595
2616
2618
2632
2626
2640
2638
2644
2664
2666
2655
2635
2613
2591
2554
2532
2496
2496
2490
2509
2540
2553
2560
2569
2581
2576
2596
2594
2599
2589
2580
2581
2571
2549
2543
2522
2511
2508
2508
2499
2503
2511
2510
2528
2534
2544
2566
2581
2582
2572
2549
2515
2486
2463
2427
2380
2332
2296
2277
2275
2281
2284
2301
2303
2311
2332
2365
2372
2366
2351
2338
2322
2319
2314
2304
2306
2308
2322
2342
2356
2402
2416
2433
2435
2426
2407
2391
2383
2395
2425
2454
2476
2507
2524
2520
2509
2492
2449
2406
2398
2395
2397
2400
2405
2394
2407
2408
2417
2415
2421
2419
2432
2418
2418
2403
2419
2414
2403
2368
2328
2267
2219
2147
2084
2026
1999
1962
2139
2219
2285
2341
2372
2390
2398
2410
2395
2390
2395
2398
2390
2390
2404
2423
2431
2425
2410
2368
2335
2301
2256
2218
2208
2185
2179
2149
2155
2175
2203
2223
2258
2265
2254
2230
2218
2195
2194
2190
2217
2252
2302
2335
2378
2398
2392
2380
2367
2351
2335
2322
2294
2265
2244
2203
2148
2106
2070
2051
2053
2075
2084
2109
2124
2163
2191
2223
2267
2273
2245
2193
2136
2066
2055
2046
2053
2086
2129
2147
2178
2175
2171
2152
2138
2141
2152
2180
2194
2210
2203
2191
2183
2188
2187
2149
2090
2037
2017
2018
2014
2026
2037
2033
2026
2034
2023
2019
2024
2038
2030
2023
2002
2014
2041
2072
2091
2113
2126
2126
2129
2135
2107
2081
2065
2034
2025
2044
2075
2075
2065
2051
2067
2072
2092
2081
2070
2025
1983
1960
1923
1876
1849
1826
1832
1838
1866
1888
1940
2008
2076
2099
2084
2023
1974
1915
1859
1823
1803
1803
1832
1894
1928
1957
1994
2020
2051
2087
2126
2173
2209
2213
2205
2193
2180
2166
2145
2110
2109
2128
2144
2146
2147
2109
2085
2050
2004
1975
1949
1937
1920
1907
1909
1931
1956
1992
2023
2044
2071
2108
2109
2097
2078
2039
2008
1981
1950
1937
1928
1934
1937
1953
1950
1941
1915
1858
1786
1717
1647
1591
1541
1533
1535
1552
1570
1607
1633
1655
1679
1699
1705
1696
1688
1735
1764
1796
1845
1855
1853
1873
1911
1938
1969
1971
1998
2002
2005
2014
2038
2031
1997
1945
1902
1855
1818
1774
1752
1724
1729
1734
1734
1724
1712
1677
1643
1654
1675
1720
1767
1826
1839
1818
1787
1762
1755
1755
1766
1772
1787
1785
1779
1769
1738
1687
1647
1613
1599
1598
1610
1651
1687
1704
1716
1743
1763
1796
1835
1862
1855
1841
1842
1877
1934
2003
2072
2160
2208
2264
2288
2286
2264
2236
2177
2082
1995
1934
1856
1807
1750
1724
1720
1769
1794
1817
1795
1754
1722
1706
1679
1633
1608
1579
1589
1624
1669
1694
1709
1717
1722
1711
1704
1675
1611
1518
1430
1307
1248
1213
1240
1307
1409
1490
1593
1703
1806
1841
1847
1835
1811
1787
1781
1773
1778
1780
1777
1785
1837
1906
1987
2007
2030
2047
2052
2036
2015
1999
1949
1887
1867
1851
1856
1848
1841
1829
1815
1805
1814
1813
1813
1822
1862
1890
1879
1818
1773
1723
1685
1628
1583
1562
1567
1577
1598
1614
1645
1659
1670
1685
1693
1705
1694
1688
1686
1728
1774
1829
1865
1905
1921
1939
1948
1965
1963
1963
1956
1981
1968
1960
1924
1908
1863
1856
1853
1876
1879
1878
1877
1901
1929
1958
1954
1936
1870
1798
1747
1710
1680
1659
1636
1616
1627
1635
1694
1757
1836
1883
1950
2027
2101
2154
2186
2176
2186
2139
2102
2045
2009
1957
1897
1836
1780
1710
1659
1640
1643
1655
1670
1677
1702
1722
1772
1838
1892
1958
2018
2057
2067
2081
2099
2116
2112
2101
2079
2052
2030
2033
2012
1992
1976
1954
1935
1931
1939
1933
1939
1935
1932
1945
1953
1959
1963
1943
1889
1831
1794
1758
1735
1740
1754
1777
1821
1892
1936
1979
2052
2125
2177
2197
2201
2171
2112
2062
1992
1953
1895
1831
1754
1656
1559
1484
1438
1418
1407
1431
1480
1592
1683
1781
1855
1926
1980
2039
2059
2092
2086
2063
2023
1988
1976
1989
1996
2014
2033
1997
1977
1946
1929
1882
1845
1787
1767
1754
1765
1773
1793
1823
1882
1946
1989
2004
2027
2035
2041
2056
2066
2092
2117
2111
2120
2114
2098
2089
2087
2100
2105
2129
2158
2192
2230
2248
2261
2279
2294
2287
2262
2238
2191
2142
2099
2078
2071
2074
2120
2151
2153
2130
2113
2090
2097
2091
2082
2089
2100
2120
2148
2193
2253
2320
2377
2418
2449
2476
2479
2468
2433
2423
2406
2376
2346
2312
2295
2285
2276
2280
2282
2312
2317
2340
2335
2346
2326
2329
2303
2285
2230
2180
2144
2136
2148
2150
2139
2099
2066
2033
1980
1930
1876
1837
1799
1756
1740
1760
1823
1929
1997
2048
2082
2116
2152
2152
2177
2175
2177
2175
2195
2189
2183
2161
2128
2079
2046
1991
1934
1856
1809
1803
1808
1822
1848
1885
1931
1965
1993
2032
2050
2035
2033
2030
2008
1999
2013
2041
2079
2100
2109
2099
2064
2036
2031
2045
2076
2113
2152
2188
2220
2225
2226
2210
2207
2216
2214
2175
2148
2104
2057
1986
1939
1899
1904
1914
1929
1940
1968
1991
2021
2070
2103
2162
2193
2229
2257
2255
2192
2097
2040
2001
1935
1886
1804
1750
1707
1686
1669
1693
1714
1782
1842
1912
1935
1971
1963
1945
1928
1915
1898
1889
1890
1921
1944
1981
2016
2031
2034
2027
2021
1974
1971
1946
1945
1938
1929
1896
1883
1872
1842
1807
1769
1721
1666
1603
1553
1492
1465
1491
1548
1610
1671
1702
1775
1857
1925
1960
1958
1920
1859
1754
1653
1537
1476
1467
1470
1477
1477
1496
1533
1583
1598
1593
1596
1583
1575
1587
1613
1626
1653
1678
1719
1758
1799
1851
1901
1908
1878
1782
1657
1489
1347
1223
1165
1153
1182
1227
1280
1319
1327
1322
1309
1275
1225
1191
1145
1165
1197
1271
1361
1481
1545
1617
1643
1667
1678
1708
1721
1768
1821
1871
1935
1985
2020
2061
2092
2115
2122
2091
2064
2037
2019
1986
1954
1929
1894
1843
1807
1784
1768
1763
1760
1735
1721
1701
1706
1721
1740
1767
1787
1821
1864
1922
1967
1991
1985
1963
1919
1859
1801
1750
1695
1645
1609
1581
1584
1624
1635
1662
1683
1671
1684
1688
1687
1673
1667
1668
1664
1667
1672
1652
1648
1639
1655
1670
1717
1763
1787
1767
1748
1735
1762
1759
1771
1759
1768
1767
1765
1756
1791
1823
1855
1899
1933
1928
1933
1943
1952
1953
1963
1969
1952
1935
1916
1929
1922
1935
1894
1858
1803
1731
1671
1647
1619
1602
1554
1534
1507
1521
1553
1643
1679
1705
1730
1763
1767
1775
1736
1709
1682
1705
1747
1805
1847
1863
1862
1934
1986
2016
2042
2034
2004
1988
2005
1985
1947
1902
1886
1883
1898
1935
1977
2055
2127
2167
2176
2185
2168
2131
2095
2086
2074
2067
2046
2038
2000
1958
1906
1875
1860
1839
1809
1781
1752
1719
1677
1634
1639
1686
1731
1794
1859
1907
1953
1981
2017
2019
2020
2026
2054
2073
2105
2146
2191
2207
2241
2237
2241
2228
2245
2232
2251
2258
2269
2276
2305
2298
2307
2299
2282
2264
2254
2237
2223
2188
2142
2067
2007
1990
1971
1962
1970
2012
2057
2146
2216
2272
2305
2296
2298
2286
2276
2254
2216
2176
2131
2091
2044
2026
2018
2037
2043
2041
2042
2000
1966
1922
1913
1947
1974
2003
2032
2059
2111
2151
2199
2186
2145
2098
2040
2005
1979
1985
1972
1996
1997
1995
1982
1983
1959
1939
1902
1892
1886
1918
1955
2019
2048
2075
2084
2090
2101
2112
2114
2114
2120
2111
2090
2094
2096
2104
2124
2161
2176
2173
2159
2187
2242
2250
2277
2283
2277
2242
2194
2134
2114
2095
2089
2095
2102
2085
2072
2028
1991
1958
1956
1945
1966
1996
2045
2112
2174
2218
2252
2250
2233
2230
2230
2241
2248
2245
2222
2211
2205
2202
2209
2206
2230
2248
2263
2277
2303
2313
2300
2282
2276
2286
2306
2306
2311
2317
2325
2341
2353
2327
2299
2283
2288
2290
2283
2256
2242
2235
2224
2217
2218
2222
2242
2244
2254
2253
2253
2256
2258
2257
2266
2292
2282
2307
2340
2379
2379
2374
2375
2363
2351
2335
2297
2267
2210
2171
2111
2099
2083
2095
2138
2204
2242
2279
2310
2390
2421
2429
2448
2478
2492
2501
2494
2460
2440
2411
2406
2385
2365
2359
2375
2375
2371
2356
2347
2326
2337
2355
2372
2389
2399
2397
2392
2400
2426
2450
2463
2467
2465
2455
2441
2432
2410
2398
2404
2409
2419
2430
2433
2447
2450
2447
2434
2413
2418
2432
2435
2432
2427
2406
2383
2369
2359
2360
2368
2373
2373
2353
2320
2261
2230
2165
2139
2138
2160
2170
2189
2201
2221
2237
2267
2285
2298
2307
2324
2342
2348
2340
2335
2340
2335
2326
2332
2322
2301
2298
2289
2286
2266
2262
2254
2256
2254
2260
2248
2268
2264
2275
2275
2286
2289
2284
2260
2235
2187
2154
2118
2061
1997
1942
1893
1857
1835
1840
1862
1911
1973
2023
2055
2090
2159
2208
2253
2296
2311
2324
2311
2284
2258
2243
2238
2236
2243
2258
2257
2269
2274
2280
2279
2270
2260
2226
2164
2117
2075
2043
1994
1984
2010
2035
2069
2120
2171
2206
2212
2188
2151
2091
2040
2016
2007
2019
2084
2138
2162
2165
2168
2154
2131
2088
2060
2028
2037
2057
2086
2119
2169
2199
2234
2247
2236
2199
2179
2139
2103
2058
2018
1980
2086
2104
2123
2148
2170
2187
2198
2210
2214
2213
2196
2163
2101
2027
1951
1867
1838
1811
1799
1775
1758
1733
1721
1692
1676
1671
1674
1720
1753
1777
1793
1826
1812
1784
1741
1714
1698
1703
1688
1689
1711
1750
1782
1814
1835
1854
1853
1830
1814
1800
1774
1746
1720
1701
1693
1676
1685
1700
1708
1715
1707
1717
1729
1732
1743
1737
1761
1740
1740
1719
1717
1683
1675
1677
1700
1724
1773
1800
1841
1914
1993
2041
2077
2099
2093
2057
2024
1943
1861
1772
1689
1624
1603
1596
1578
1587
1624
1690
1776
1872
1918
1942
1921
1911
1898
1862
1811
1773
1758
1749
1730
1717
1708
1696
1668
1635
1628
1657
1691
1711
1720
1711
1707
1709
1696
1697
1690
1698
1710
1739
1787
1797
1850
1908
1952
1995
2005
1979
1926
1878
1839
1797
1726
1638
1554
1503
1468
1442
1399
1388
1366
1379
1407
1463
1496
1540
1562
1562
1533
1524
1531
1519
1492
1472
1454
1469
1491
1518
1555
1582
1620
1675
1748
1778
1788
1787
1774
1755
1727
1696
1663
1631
1609
1595
1614
1632
1658
1690
1716
1721
1703
1673
1621
1557
1474
1400
1345
1309
1295
1298
1309
1320
1341
1371
1443
1528
1611
1728
1798
1837
1873
1896
1879
1861
1836
1760
1697
1647
1635
1627
1629
1632
1639
1642
1675
1695
1727
1739
1769
1803
1862
1889
1893
1868
1835
1786
1766
1735
1727
1731
1762
1789
1840
1881
1935
1981
2017
2047
2076
2125
2124
2128
2071
1999
1905
1777
1673
1549
1391
1268
1191
1183
1192
1219
1245
1288
1313
1343
1373
1404
1409
1393
1367
1374
1381
1422
1466
1524
1595
1696
1738
1761
1774
1754
1705
1642
1594
1531
1499
1469
1474
1485
1514
1586
1671
1768
1827
1884
1880
1831
1784
1749
1710
1606
1535
1469
1432
1432
1449
1487
1527
1588
1651
1708
1731
1726
1682
1645
1589
1525
1479
1444
1409
1361
1343
1373
1423
1523
1637
1729
1827
1889
1933
1960
1975
1968
1950
1908
1865
1811
1777
1718
1659
1563
1521
1458
1387
1287
1215
1177
1183
1186
1219
1257
1302
1340
1357
1345
1332
1298
1281
1281
1299
1350
1405
1474
1540
1607
1635
1675
1720
1751
1771
1803
1829
1878
1907
1926
1918
1931
1939
1982
2015
2074
2116
2146
2172
2197
2198
2199
2204
2184
2143
2092
2024
1964
1927
1906
1903
1893
1883
1881
1892
1938
1988
2058
2105
2144
2171
2222
2229
2234
2240
2237
2246
2262
2259
2264
2244
2219
2170
2147
2112
2091
2061
2031
1995
1971
1945
1938
1935
1983
2022
2061
2091
2089
2097
2121
2132
2133
2140
2104
2070
2031
1998
1970
1928
1867
1831
1812
1840
1870
1933
2004
2088
2166
2208
2199
2178
2166
2163
2157
2151
2138
2118
2085
2069
2067
2088
2149
2185
2222
2255
2295
2325
2347
2366
2368
2368
2340
2301
2257
2228
2221
2220
2217
2213
2237
2246
2240
2215
2189
2171
2167
2146
2098
2066
2016
1989
1963
1960
1973
1993
2002
2044
2081
2111
2114
2125
2162
2224
2296
2347
2378
2397
2390
2346
2286
2251
2204
2178
2149
2131
2134
2136
2132
2096
2033
1981
1944
1940
1943
1927
1898
1895
1910
1887
1887
1887
1923
1928
1938
1941
1974
1993
2023
2063
2112
2140
2192
2221
2212
2172
2144
2131
2147
2156
2138
2121
2080
2077
2074
2060
2058
2043
2011
1979
1970
1993
2020
2056
2063
2057
2042
2040
2018
2001
1953
1959
1979
2009
2023
2017
2031
2041
2039
2034
2023
2031
2059
2092
2136
2160
2186
2201
2200
2197
2205
2203
2147
2112
2079
2077
2066
2049
2034
1998
1933
1899
1857
1845
1838
1835
1819
1805
1770
1736
1718
1731
1741
1749
1761
1809
1845
1880
1875
1854
1787
1743
1701
1694
1676
1655
1615
1619
1645
1696
1751
1798
1875
1922
1968
2016
2068
2096
2108
2120
2132
2135
2131
2107
2099
2081
2073
2057
2041
2037
2026
1993
1949
1905
1862
1822
1777
1719
1679
1670
1690
1722
1734
1733
1732
1741
1739
1746
1767
1806
1850
1874
1889
1897
1922
1963
2008
2042
2067
2063
2043
2049
2044
2017
1992
1929
1853
1764
1734
1702
1703
1688
1695
1700
1719
1707
1725
1725
1720
1692
1631
1551
1503
1485
1479
1480
1488
1495
1504
1551
1595
1664
1748
1779
1790
1795
1811
1820
1800
1779
1746
1765
1790
1845
1905
1967
2010
2030
2038
2021
1999
1989
1977
1941
1898
1892
1918
1935
1940
1950
1943
1971
2012
2033
2004
1953
1890
1828
1793
1767
1783
1773
1738
1700
1672
1649
1651
1692
1731
1780
1887
1944
2000
2070
2081
2084
2073
2059
1999
1964
1955
1957
1992
2031
2078
2101
2152
2163
2161
2157
2143
2103
2052
1967
1836
1748
1679
1614
1603
1651
1720
1792
1862
1883
1910
1928
1946
1966
1984
1998
2049
2077
2123
2155
2185
2196
2208
2218
2240
2235
2212
2187
2186
2156
2087
1992
1906
1864
1855
1886
1913
1927
1960
1982
2025
2106
2142
2168
2138
2095
2007
1921
1829
1775
1733
1745
1748
1761
1736
1722
1699
1719
1723
1755
1767
1806
1845
1914
1989
2071
2146
2195
2246
2290
2298
2280
2219
2144
2096
2062
2043
2023
2019
2021
2016
2006
2001
1997
1999
1988
1974
1992
2042
2079
2072
2025
1965
1934
1892
1864
1829
1795
1752
1715
1672
1670
1691
1727
1772
1830
1897
1955
2002
2048
2087
2099
2115
2129
2132
2122
2126
2122
2142
2155
2178
2159
2162
2134
2121
2101
2082
2052
2017
1992
1976
1949
1898
1847
1838
1854
1886
1876
1859
1852
1877
1912
1965
2033
2141
2215
2272
2314
2309
2271
2231
2192
2124
2061
1992
1968
1951
1912
1869
1845
1825
1823
1807
1810
1818
1845
1863
1875
1907
1949
2024
2081
2112
2114
2113
2114
2130
2168
2217
2243
2232
2216
2206
2211
2187
2162
2125
2086
2076
2089
2124
2191
2258
2302
2311
2322
2297
2280
2246
2247
2257
2267
2255
2247
2219
2216
2218
2240
2235
2239
2253
2286
2285
2265
2221
2172
2100
2034
1964
1906
1829
1797
1798
1839
1920
1961
1991
2006
2029
2049
2068
2075
2077
2052
2009
1956
1905
1876
1891
1919
1967
2002
2059
2083
2108
2132
2150
2142
2100
47.05078125
1.662890553
999
