5835
1970
1988
2025
2032
2093
2062
2095
2074
2125
2071
2107
2023
2081
2037
2059
1974
1998
1951
1974
1919
1915
1882
1913
1883
1871
1836
1821
1855
1830
1833
1816
1872
1858
1898
1864
1935
1904
1973
1931
1979
1927
1994
1948
1980
1926
1966
1931
1972
1925
1957
1934
1957
1940
1938
1920
1939
1948
1950
1949
1905
1942
1930
1963
1943
2006
2007
2070
2044
2086
2040
2095
2046
2061
2030
2037
2028
2038
2027
2022
2015
2018
1996
1954
1949
1916
1967
1946
1974
1945
2015
2020
2046
2005
2017
2012
2039
1996
1997
1965
1957
1984
1956
1942
1926
1953
1926
1921
1858
1864
1830
1851
1797
1823
1795
1829
1821
1822
1818
1814
1813
1828
1828
1822
1852
1842
1896
1839
1876
1835
1907
1884
1925
1907
1952
1945
2000
1977
1998
1998
1989
2020
1992
1997
1942
1973
1919
1935
1851
1885
1831
1867
1803
1833
1785
1848
1839
1884
1863
1889
1903
1946
1937
1948
1984
1963
2035
2013
2054
2029
2096
2058
2111
2020
2043
2011
2064
1995
2032
2013
2045
2076
2078
2068
2078
2107
2105
2106
2055
2090
2061
2120
2050
2078
1992
2019
1962
1974
1925
1951
1958
2002
1984
1989
2013
2013
2040
1997
2004
1952
1995
1956
1984
1943
1977
1956
1998
1957
1991
1951
1976
1969
1967
1963
1965
1985
2003
2027
2005
2034
2007
2049
2002
2017
1994
2042
2025
2044
1989
2004
1997
2021
1974
1958
1953
1983
1986
1966
1968
1984
2041
2041
2055
2019
2052
2039
2057
2010
2038
2010
2047
2027
2027
2002
2025
2053
2048
2046
2015
2046
2046
2054
2011
2027
2018
2064
2036
2066
2032
2099
2086
2107
2060
2091
2106
2135
2132
2136
2142
2179
2192
2176
2212
2180
2230
2178
2218
2161
2207
2181
2247
2190
2230
2191
2255
2208
2255
2213
2243
2223
2242
2206
2218
2204
2225
2229
2200
2218
2195
2212
2160
2171
2124
2166
2114
2149
2094
2124
2103
2167
2103
2121
2095
2098
2093
2075
2045
2028
2048
2030
2081
2030
2061
2040
2130
2074
2086
2024
2043
2039
2069
2039
2052
2043
2091
2118
2123
2139
2113
2167
2140
2160
2118
2157
2114
2151
2111
2121
2092
2125
2087
2085
2063
2055
2089
2094
2106
2099
2142
2126
2169
2127
2159
2154
2204
2166
2184
2142
2161
2122
2107
2079
2083
2094
2115
2110
2103
2124
2128
2181
2153
2170
2143
2172
2142
2168
2099
2133
2112
2153
2116
2146
2123
2186
2196
2208
2199
2214
2218
2199
2230
2189
2212
2185
2222
2159
2186
2133
2161
2118
2134
2056
2096
2065
2112
2080
2101
2098
2128
2127
2111
2108
2120
2152
2103
2133
2054
2089
2055
2132
2075
2128
2072
2125
2107
2149
2106
2136
2135
2143
2141
2125
2146
2138
2147
2107
2102
2055
2144
2098
2138
2097
2174
2131
2184
2145
2187
2170
2235
2191
2208
2176
2212
2205
2197
2193
2173
2182
2167
2168
2155
2197
2171
2234
2195
2231
2190
2242
2211
2243
2240
2239
2245
2267
2260
2248
2236
2216
2246
2207
2225
2190
2232
2221
2258
2227
2243
2220
2268
2220
2234
2199
2229
2211
2218
2191
2173
2176
2158
2159
2136
2139
2129
2181
2141
2173
2142
2188
2149
2184
2166
2188
2198
2221
2209
2203
2202
2190
2216
2181
2195
2186
2240
2226
2248
2217
2280
2260
2286
2248
2300
2264
2313
2282
2292
2255
2286
2289
2279
2256
2268
2291
2274
2283
2237
2268
2245
2263
2201
2234
2178
2242
2208
2244
2169
2212
2201
2239
2239
2234
2235
2263
2284
2275
2284
2249
2293
2249
2301
2230
2274
2224
2286
2249
2278
2231
2257
2249
2277
2248
2251
2242
2225
2266
2215
2232
2190
2233
2193
2239
2191
2217
2190
2247
2217
2243
2212
2246
2256
2246
2255
2238
2254
2255
2269
2257
2297
2256
2306
2270
2293
2237
2295
2271
2271
2235
2207
2214
2224
2208
2189
2201
2172
2216
2174
2185
2132
2157
2118
2123
2060
2051
2032
2059
2034
2049
2044
2077
2104
2104
2114
2106
2152
2131
2148
2106
2131
2088
2129
2078
2093
2062
2108
2091
2083
2056
2059
2074
2092
2099
2095
2112
2102
2148
2114
2154
2140
2195
2150
2189
2142
2173
2159
2195
2134
2141
2095
2100
2108
2086
2059
2052
2070
2063
2057
2029
2060
2014
2076
2020
2063
2022
2098
2077
2118
2079
2102
2099
2143
2115
2111
2113
2086
2137
2083
2093
2032
2078
2026
2078
2035
2087
2070
2148
2102
2152
2102
2133
2163
2157
2146
2127
2163
2163
2162
2103
2120
2047
2080
2014
2036
1973
2033
1983
2021
1984
2020
2016
2064
2046
2052
2046
2013
2059
2020
2040
2003
2044
2027
2063
2006
2035
1989
2025
1979
1995
1958
1982
2017
2036
2050
2055
2078
2084
2108
2094
2123
2092
2124
2088
2090
2051
2076
2026
2038
2013
1986
1964
1969
1980
1955
1981
1953
1994
1984
1999
1946
1958
1943
1952
1929
1906
1883
1898
1918
1912
1914
1907
1946
1947
1994
1954
1995
1968
2012
1982
2001
1945
1958
1970
1998
1957
1962
1963
1968
2024
2002
2019
1990
2033
1987
2015
1940
1958
1917
1948
1879
1904
1863
1871
1893
1898
1895
1886
1905
1908
1913
1866
1907
1850
1900
1837
1887
1835
1907
1879
1921
1894
1921
1912
1950
1922
1937
1936
1906
1954
1930
1965
1912
1958
1903
1950
1893
1906
1855
1910
1863
1897
1850
1871
1899
1927
1925
1903
1919
1929
1939
1909
1927
1879
1946
1935
1962
1933
1983
1958
1995
1988
1993
1977
1996
2001
1984
1981
1939
1967
1944
1963
1919
1944
1934
1953
1947
1959
1915
1941
1946
1947
1907
1881
1898
1901
1937
1914
1955
1958
2017
2023
2035
1996
2024
2005
2010
1967
1983
1983
1989
2000
1982
1991
1973
2002
1967
1984
1936
1962
1952
1988
1960
1978
1969
2006
2037
2017
2026
2018
2046
2028
2027
2012
2042
2015
2078
2031
2074
2032
2105
2073
2082
2054
2048
2044
2039
2023
2006
1994
1956
1994
1943
1971
1917
1967
1919
1955
1895
1903
1864
1903
1878
1886
1848
1853
1898
1889
1945
1899
1932
1932
1990
1943
1982
1907
1961
1927
1949
1890
1933
1910
1933
1934
1918
1925
1953
1988
1963
2021
1976
2043
2006
2057
1982
2020
1995
2024
2001
2002
1977
2002
2005
2010
1991
1969
2011
2000
2048
2006
2037
2010
2070
2020
2032
1973
2005
1996
2034
2013
2042
2045
2058
2083
2070
2093
2100
2123
2097
2113
2056
2049
2016
2042
1994
2014
1983
1994
2019
2024
2023
2013
2061
2066
2081
2058
2077
2060
2124
2089
2062
2051
2073
2092
2148
2118
2120
2087
2145
2121
2153
2116
2146
2136
2183
2140
2157
2130
2178
2167
2157
2162
2140
2193
2187
2204
2159
2195
2160
2230
2154
2191
2134
2195
2144
2178
2149
2152
2151
2166
2130
2119
2121
2112
2162
2111
2155
2098
2163
2115
2134
2084
2114
2075
2120
2084
2122
2088
2149
2156
2144
2151
2128
2154
2150
2176
2149
2164
2100
2161
2103
2138
2059
2117
2075
2103
2072
2080
2078
2103
2107
2088
2070
2023
2071
2035
2063
2003
2054
2026
2065
2010
2018
1951
1985
1960
1953
1908
1917
1900
1904
1926
1902
1922
1923
1972
1946
1999
1959
2009
2000
2035
2007
2041
2034
2067
2102
2078
2079
2090
2128
2114
2122
2106
2139
2141
2164
2111
2115
2078
2099
2072
2044
2024
2007
2022
2005
1994
1970
1969
1960
2010
1967
1990
1962
2001
1974
2013
2011
2009
2013
2020
2023
2026
2039
2025
2085
2047
2067
2026
2091
2062
2098
2072
2083
2059
2086
2072
2082
2035
2058
2055
2046
2077
2039
2064
2050
2080
2031
2075
2016
2071
2006
2036
1983
2042
2017
2032
2018
2007
2015
2027
2031
2004
1997
1955
2043
2015
2044
1984
2054
2023
2074
2015
2028
1992
2047
2032
2043
2013
2020
1996
1987
1989
1934
1964
1940
1982
1919
1963
1908
1970
1940
1979
1948
1995
1995
2022
2013
1990
1993
1999
2016
1996
2011
2005
2058
2019
2039
1999
2019
1995
2029
1978
1973
1938
1934
1952
1952
1961
1966
2005
2017
2078
2054
2069
2042
2085
2048
2067
2049
2050
2058
2088
2077
2071
2092
2101
2149
2120
2143
2120
2191
2162
2186
2178
2183
2152
2179
2153
2149
2117
2143
2150
2138
2141
2107
2168
2169
2181
2133
2171
2138
2196
2151
2166
2117
2162
2128
2150
2149
2130
2159
2157
2180
2176
2209
2178
2251
2200
2229
2151
2206
2162
2178
2124
2120
2096
2138
2124
2130
2117
2133
2139
2105
2127
2067
2113
2070
2115
2065
2130
2084
2158
2128
2178
2134
2191
2174
2207
2206
2190
2198
2207
2221
2193
2195
2149
2220
2193
2227
2156
2190
2162
2215
2175
2197
2152
2192
2206
2234
2214
2219
2224
2206
2222
2162
2192
2171
2220
2175
2238
2185
2214
2210
2234
2200
2214
2198
2178
2189
2152
2141
2130
2168
2142
2136
2103
2128
2103
2134
2074
2098
2072
2114
2095
2089
2070
2055
2070
2056
2038
2011
2029
2008
2049
2025
2061
2038
2096
2065
2076
2064
2045
2041
2035
2028
2022
2037
1995
2039
1992
1998
1964
2010
1991
2013
1999
1991
1980
2010
2036
2043
2038
2044
2071
2056
2106
2052
2080
2053
2106
2042
2077
2035
2056
2036
2039
1991
1995
2014
2007
2028
1977
1990
1948
1989
1940
1962
1934
1980
1951
2002
1966
2006
1996
2050
2033
2027
2043
2047
2092
2074
2072
2028
2038
1985
2023
1928
1950
1901
1968
1906
1966
1947
1977
1966
2005
1982
1997
1996
1965
2007
1945
1959
1915
1958
1902
1919
1882
1928
1891
1925
1884
1939
1929
1981
1984
1981
1974
1957
1985
1976
1974
1939
1953
1910
1939
1906
1923
1899
1963
1948
1986
1983
1978
1969
1965
1954
1915
1896
1851
1896
1855
1857
1827
1866
1858
1894
1863
1861
1862
1895
1900
1907
1904
1919
1940
1926
1936
1889
1940
1933
1982
1939
1992
1958
2003
1970
1963
1931
1946
1931
1916
1931
1883
1899
1886
1922
1885
1915
1893
1942
1914
1942
1888
1920
1904
1943
1927
1891
1892
1915
1939
1924
1951
1926
1967
1927
1983
1935
1990
1955
2003
1948
1998
1976
2009
1992
1991
1954
1951
1961
1925
1963
1915
1944
1899
1959
1917
1973
1925
1974
1946
1996
1948
1981
1950
2005
2022
2023
2026
2010
2045
2031
2051
2012
2073
2041
2121
2079
2125
2081
2135
2096
2143
2122
2143
2168
2202
2194
2187
2184
2171
2231
2187
2209
2171
2222
2179
2207
2167
2174
2140
2173
2133
2138
2126
2181
2187
2173
2171
2158
2173
2144
2134
2081
2110
2071
2109
2056
2055
2002
2057
2041
2070
2067
2053
2083
2108
2116
2107
2115
2094
2127
2114
2150
2114
2152
2154
2193
2186
2200
2209
2225
2245
2237
2233
2204
2203
2171
2197
2142
2168
2158
2199
2152
2204
2195
2226
2253
2268
2265
2267
2288
2267
2303
2244
2254
2215
2286
2254
2277
2220
2228
2223
2270
2232
2258
2260
2301
2296
2282
2289
2278
2320
2288
2299
2259
2317
2274
2324
2242
2278
2236
2314
2246
2269
2228
2243
2256
2268
2247
2250
2261
2238
2286
2211
2247
2196
2271
2221
2263
2244
2295
2271
2325
2288
2319
2297
2354
2345
2332
2337
2313
2332
2321
2341
2305
2333
2291
2350
2304
2339
2286
2343
2318
2315
2303
2296
2299
2317
2331
2315
2302
2265
2308
2281
2305
2269
2313
2296
2329
2317
2328
2303
2330
2331
2319
2304
2323
2314
2315
2319
2278
2302
2298
2338
2300
2345
2313
2347
2360
2373
2346
2359
2363
2350
2360
2323
2323
2306
2342
2311
2334
2312
2338
2332
2359
2308
2331
2310
2332
2321
2310
2310
2286
2325
2298
2319
2305
2334
2292
2342
2281
2320
2283
2347
2317
2344
2320
2318
2330
2333
2320
2296
2303
2277
2311
2240
2287
2225
2284
2227
2279
2247
2272
2230
2271
2222
2240
2200
2225
2219
2179
2187
2147
2180
2165
2196
2149
2192
2153
2233
2176
2209
2139
2190
2134
2143
2123
2110
2123
2151
2161
2153
2160
2147
2231
2197
2247
2199
2252
2231
2271
2227
2228
2174
2212
2186
2191
2148
2158
2150
2138
2153
2103
2124
2102
2130
2079
2125
2055
2103
2079
2098
2077
2105
2099
2110
2151
2115
2132
2122
2169
2133
2153
2129
2155
2112
2134
2072
2076
2029
2053
2014
1986
1988
1968
2007
2002
2003
1963
1986
1972
2010
1993
2032
2008
2066
2055
2081
2075
2065
2063
2082
2091
2086
2089
2059
2131
2128
2164
2138
2197
2181
2192
2159
2136
2091
2105
2078
2056
2009
2007
1997
1967
1993
1945
2002
1986
2013
1960
2024
2011
2079
2059
2079
2037
2070
2044
2039
2051
2013
2032
2023
2059
2012
2031
1987
2043
2008
2049
1994
2048
2017
2078
2038
2057
2044
2065
2070
2067
2074
2080
2100
2058
2096
2025
2056
2007
2064
1984
2023
1971
1994
1987
2040
2000
2020
2019
2027
2058
2041
2043
2026
2073
2052
2076
2040
2072
2044
2100
2064
2111
2077
2147
2108
2114
2094
2068
2063
2054
2038
2022
2043
2029
2096
2061
2089
2049
2104
2070
2085
2056
2070
2063
2079
2060
2041
2025
1996
2031
1997
2011
1973
2040
2027
2049
2053
2069
2044
2084
2055
2061
2051
2102
2104
2096
2087
2051
2068
2050
2041
1993
2016
1975
2028
1986
1990
1964
1994
1979
1982
1991
1983
1998
2018
2050
2028
2035
1990
2042
2014
2052
2007
2036
2001
2031
2012
2026
2009
2028
2033
2032
2020
2014
2036
2030
2073
2012
2041
2006
2075
2024
2083
2054
2106
2080
2105
2073
2107
2094
2102
2141
2084
2090
2065
2126
2077
2079
2042
2085
2056
2119
2040
2056
2013
2064
2023
2011
1977
1953
1956
1953
1949
1941
1967
1934
2020
1951
1988
1952
2041
1995
2048
1987
2023
2019
2092
2075
2110
2106
2124
2165
2138
2155
2135
2180
2153
2172
2125
2155
2107
2152
2091
2126
2083
2129
2110
2128
2123
2114
2123
2142
2140
2133
2172
2148
2214
2182
2208
2160
2201
2167
2184
2162
2159
2134
2154
2134
2110
2085
2067
2116
2088
2123
2099
2148
2151
2189
2165
2171
2144
2188
2196
2201
2183
2193
2191
2205
2228
2184
2207
2193
2218
2154
2181
2120
2145
2103
2113
2057
2066
2052
2044
2067
2016
2010
1991
2021
1990
2001
1976
2019
2001
2054
1994
2039
2000
2046
2026
2008
1985
1993
2026
2031
2026
2019
2035
2008
2054
1984
2019
1987
2064
2004
2067
2023
2060
2046
2099
2071
2085
2052
2037
2067
2028
2023
1985
2025
1988
2015
1989
2029
1992
2062
2003
2029
1973
2030
1996
2005
2007
2008
1999
2016
2012
1997
2030
1990
2051
2016
2068
2013
2077
2042
2070
2028
2048
2027
2073
2054
2044
2028
2041
2089
2084
2088
2039
2094
2074
2107
2076
2111
2071
2134
2117
2128
2115
2138
2097
2090
2066
2023
2011
2005
2018
1987
2024
2002
2057
2062
2104
2069
2107
2109
2136
2129
2108
2107
2109
2133
2117
2119
2090
2116
2097
2132
2075
2098
2090
2131
2100
2095
2058
2068
2080
2090
2088
2086
2123
2119
2172
2142
2167
2151
2191
2158
2196
2148
2153
2132
2167
2132
2122
2083
2072
2096
2061
2056
2013
2054
2042
2072
2046
2091
2040
2102
2055
2086
2044
2106
2081
2087
2079
2067
2079
2089
2105
2070
2111
2061
2135
2085
2130
2054
2101
2150
2112
2126
2120
2152
2172
2157
2142
2147
2161
2132
2177
2110
2146
2128
2189
2126
2187
2139
2188
2162
2196
2169
2221
2223
2245
2269
2239
2258
2246
2296
2273
2294
2261
2294
2256
2307
2257
2287
2258
2324
2303
2303
2288
2268
2282
2291
2285
2261
2281
2252
2312
2277
2316
2287
2344
2309
2336
2302
2299
2300
2326
2290
2274
2267
2247
2283
2253
2270
2239
2283
2263
2281
2262
2270
2245
2263
2207
2194
2169
2200
2181
2170
2174
2142
2170
2163
2183
2145
2175
2141
2197
2170
2186
2161
2190
2168
2168
2151
2133
2153
2162
2191
2163
2172
2129
2184
2139
2177
2126
2168
2124
2158
2121
2128
2105
2127
2118
2106
2110
2103
2118
2094
2125
2055
2079
2030
2079
2002
2071
2027
2075
2048
2088
2053
2083
2084
2101
2141
2099
2095
2067
2118
2106
2122
2076
2076
2027
2074
2003
2028
1986
2046
2017
2029
2017
2032
2060
2070
2078
2088
2136
2121
2177
2109
2134
2069
2131
2069
2104
2045
2060
2055
2107
2075
2073
2050
2060
2108
2103
2126
2103
2146
2129
2164
2144
2186
2155
2207
2160
2198
2150
2200
2164
2157
2130
2100
2101
2106
2110
2088
2103
2067
2094
2054
2081
2034
2070
2041
2064
2054
2049
2041
2058
2061
2053
2036
1992
2029
2001
2021
1979
2006
1998
2039
2026
2042
2014
2054
2068
2068
2053
2079
2103
2102
2131
2099
2122
2100
2130
2083
2103
2022
2027
2005
2021
1971
1977
1964
1965
1990
1960
1979
1995
2047
2016
2040
2006
2026
1999
2043
1984
2014
1974
2024
2005
2006
2007
2012
2030
2016
2017
2007
2051
2031
2099
2037
2088
2039
2115
2058
2126
2086
2120
2101
2159
2121
2137
2116
2103
2147
2115
2142
2099
2134
2084
2097
2038
2072
2030
2107
2063
2114
2074
2150
2147
2180
2176
2167
2158
2171
2180
2149
2132
2072
2127
2092
2125
2065
2113
2091
2139
2095
2088
2046
2094
2068
2050
2013
2010
2043
2032
2030
1979
1990
1973
2000
1985
2018
1977
2023
2009
2028
1988
2026
1995
2008
2011
1993
1989
1977
1991
1949
1966
1915
1959
1946
1966
1938
1963
1954
1969
1973
1968
1980
2001
2024
2007
2018
1974
2021
1995
2020
1982
2024
2003
2053
2055
2063
2056
2077
2075
2078
2059
2033
2047
2017
2038
1987
2009
1958
2000
1942
1968
1918
1947
1925
1968
1922
1945
1949
1977
2015
2002
2018
1982
2042
2042
2071
2020
2063
2030
2092
2030
2056
1999
2075
2027
2039
2014
2015
2019
2060
2043
2026
2048
2021
2093
2054
2097
2045
2123
2085
2141
2086
2132
2083
2147
2095
2107
2059
2039
2047
2019
2013
1986
2003
1979
1969
1920
1971
1923
1990
1953
2014
1988
2052
2026
2055
2009
2007
1994
2018
2005
1995
1998
1945
1993
1955
1996
1933
1983
1963
1994
1941
1969
1927
1960
1942
1979
1962
1973
1999
2006
2023
1999
2017
2016
2076
2089
2139
2107
2145
2122
2136
2092
2104
2079
2079
2094
2052
2063
2045
2069
2033
2042
1996
2019
2016
2054
2021
2028
2000
2021
2043
2022
2016
2005
2040
2032
2035
2023
2054
2027
2071
2036
2058
2034
2085
2061
2065
2040
2033
2042
2041
2026
2018
2043
2021
2069
2010
2045
2008
2083
2069
2118
2106
2142
2133
2175
2138
2157
2130
2111
2126
2098
2116
2083
2122
2101
2140
2104
2153
2105
2153
2107
2138
2075
2127
2089
2100
2101
2089
2077
2085
2123
2118
2139
2076
2134
2097
2144
2067
2108
2068
2113
2093
2102
2058
2104
2092
2101
2082
2090
2114
2113
2143
2088
2113
2085
2141
2084
2099
2015
2064
2040
2072
2010
2038
2033
2051
2061
2051
2043
2044
2076
2034
2057
2014
2048
2030
2058
2003
2044
2042
2072
2070
2069
2056
2070
2082
2084
2065
2049
2082
2058
2096
2059
2082
2060
2113
2104
2112
2077
2079
2063
2077
2051
2050
2043
2033
2061
2040
2056
2034
2086
2056
2092
2055
2075
2045
2071
2045
2044
2001
2011
2053
2055
2074
2043
2071
2078
2117
2095
2125
2071
2116
2084
2113
2062
2102
2083
2110
2112
2108
2132
2154
2186
2173
2195
2138
2204
2171
2215
2155
2205
2180
2208
2169
2170
2128
2173
2149
2142
2116
2109
2149
2138
2164
2122
2165
2146
2186
2131
2148
2075
2115
2086
2112
2042
2074
2039
2056
2059
2025
2027
2014
2051
2030
2054
1997
2058
2038
2109
2069
2135
2103
2152
2143
2162
2129
2144
2153
2172
2143
2131
2167
2147
2194
2142
2167
2126
2176
2120
2148
2082
2116
2087
2131
2087
2110
2094
2091
2113
2086
2090
2063
2107
2094
2134
2096
2124
2084
2147
2110
2139
2082
2099
2115
2131
2088
2061
2052
2052
2032
1999
2010
1965
2014
1978
2002
1974
2030
2025
2071
2044
2041
2037
2057
2052
2046
2055
2012
2054
2020
2025
1974
1997
1961
2017
1979
1975
1945
1986
1976
1978
1959
1954
1986
1990
2015
1989
2013
1995
2023
1997
2040
2015
2065
2047
2096
2042
2072
2068
2083
2085
2064
2067
2053
2074
2046
2070
1988
2025
1972
2014
1939
1961
1908
1935
1893
1906
1886
1902
1903
1916
1902
1895
1938
1940
2007
1982
2046
2018
2102
2074
2126
2070
2104
2072
2128
2065
2089
2066
2060
2096
2080
2086
2052
2098
2090
2115
2040
2065
2025
2077
2009
2046
1990
1983
1982
1984
1939
1945
1955
1979
1961
1949
1978
1937
2002
1962
1999
1965
2009
1979
2026
1977
1999
1979
2019
1981
1996
1990
1971
2014
2012
2033
2002
2030
2003
2041
2009
2014
1965
1979
1943
1951
1917
1924
1938
1938
1949
1938
1947
1939
1956
1929
1953
1908
1943
1933
1954
1909
1939
1923
1941
1934
1887
1880
1880
1918
1910
1938
1903
1943
1927
1980
1938
1963
1930
1969
1978
1982
1964
1975
1993
1991
1983
1959
2002
1982
2024
1986
2016
1974
2039
2001
2022
1991
2020
2001
2055
2015
2035
2037
2028
2075
2033
2056
2029
2087
2051
2108
2051
2092
2052
2119
2064
2107
2069
2106
2107
2107
2100
2102
2124
2139
2150
2113
2170
2106
2172
2111
2147
2083
2124
2091
2124
2093
2102
2073
2100
2093
2084
2087
2035
2080
2028
2053
1993
2027
2011
2080
2057
2078
2028
2069
2053
2070
2034
2032
2031
2035
2057
2016
2025
2026
2063
2061
2095
2067
2120
2081
2111
2059
2076
2050
2055
2036
2002
1986
1985
2015
2002
2027
1974
1990
2003
2056
2021
2052
2046
2067
2070
2071
2057
2061
2072
2077
2075
2041
2058
2035
2073
2011
2034
1988
2026
2005
2013
1992
2003
2007
2038
2031
2040
2051
2025
2060
2021
2038
1998
2039
2011
2043
1993
2020
1981
2031
2007
2039
2001
2023
2055
2033
2040
2013
2049
2035
2046
2008
2032
1943
1982
1905
1915
1822
1860
1797
1834
1827
1827
1808
1848
1875
1878
1938
1890
1954
1921
1965
1906
1945
1909
1978
1924
1950
1905
1955
1933
1946
1906
1908
1932
1938
1947
1932
1975
1986
2027
1996
2028
1958
2005
1965
1999
1941
1995
1980
2034
2047
2052
2038
2044
2046
2021
2013
1949
1977
1953
1991
1947
1965
1940
1965
1939
1957
1923
1926
1910
1896
1871
1874
1889
1874
1910
1888
1931
1902
1960
1940
1954
1915
1909
1897
1930
1924
1927
1945
1954
1998
1990
2024
2013
2060
2053
2081
2035
2045
2027
2058
2001
2001
1937
1941
1972
1971
1966
1930
1955
1944
1955
1923
1977
1950
2016
1965
1995
1952
1998
1954
1969
1955
1956
1988
2015
2031
2026
2081
2046
2109
2050
2075
2003
2044
1981
2010
1970
1986
1951
2005
1990
2002
1996
1991
2048
2039
2061
2050
2092
2072
2119
2085
2127
2069
2128
2079
2093
2020
2058
2015
2023
2028
2018
2023
2051
2113
2110
2137
2081
2138
2103
2159
2100
2137
2086
2103
2088
2108
2067
2096
2099
2103
2084
2080
2110
2085
2134
2091
2128
2083
2138
2099
2135
2076
2103
2089
2126
2088
2110
2106
2117
2150
2126
2124
2110
2152
2137
2168
2127
2155
2136
2180
2128
2142
2099
2109
2116
2127
2107
2105
2138
2162
2164
2139
2165
2143
2185
2151
2162
2127
2165
2127
2140
2119
2105
2098
2112
2109
2100
2106
2070
2127
2091
2115
2063
2102
2070
2095
2046
2046
2008
2044
2023
2023
2025
2021
2044
2019
2036
2003
2038
2022
2070
2036
2067
2012
2070
2026
2054
2007
2051
2046
2051
2058
2016
2032
2031
2060
2028
2067
1997
2037
2006
2064
2002
2045
2013
2034
2009
1998
1967
1999
2014
2007
1983
1958
1994
1985
2037
2006
2056
2026
2087
2057
2085
2026
2048
2012
2043
1999
2003
1992
2003
2023
2003
2013
1998
2052
2029
2100
2036
2073
2038
2087
2028
2059
2018
2050
2064
2056
2056
2056
2072
2080
2080
2073
2108
2098
2058
2072
2060
2062
2002
2019
1992
2030
2024
2053
2026
2041
2024
2029
2032
2014
1978
1959
1983
1969
1957
1942
1954
1942
1996
1978
2020
2018
2080
2082
2076
2067
2070
2114
2131
2140
2118
2148
2126
2180
2135
2155
2110
2157
2111
2115
2063
2051
2036
2061
2039
2030
2027
2033
2089
2060
2106
2071
2141
2119
2131
2103
2121
2065
2089
2064
2058
2018
2026
2028
2006
2020
1988
2034
2036
2111
2083
2126
2073
2127
2093
2113
2054
2063
2016
2011
1996
1935
1911
1885
1904
1882
1905
1876
1954
1926
1990
1943
1993
1962
2048
2010
2022
2006
2039
2057
2089
2083
2089
2108
2090
2149
2102
2133
2080
2161
2098
2155
2103
2126
2116
2155
2114
2135
2099
2102
2128
2109
2111
2086
2137
2120
2142
2123
2157
2149
2220
2171
2189
2159
2216
2194
2201
2174
2173
2190
2211
2187
2166
2182
2149
2182
2141
2155
2117
2162
2131
2147
2121
2122
2123
2164
2174
2172
2175
2173
2227
2202
2231
2207
2255
2240
2262
2247
2268
2231
2253
2224
2227
2198
2202
2195
2162
2173
2124
2143
2129
2172
2139
2185
2140
2180
2175
2202
2130
2146
2135
2158
2176
2146
2138
2140
2156
2116
2135
2073
2115
2092
2130
2055
2089
2055
2108
2076
2087
2067
2105
2126
2126
2119
2115
2121
2096
2137
2061
2095
2042
2089
2018
2077
2023
2079
2061
2087
2038
2048
2020
2030
2051
2004
2015
1995
2036
1999
2022
1976
2004
1955
1999
1936
1985
1951
2002
1964
1950
1932
1931
1943
1926
1906
1872
1868
1819
1848
1797
1817
1761
1837
1821
1874
1836
1859
1864
1898
1876
1873
1848
1845
1880
1838
1858
1809
1851
1835
1848
1838
1865
1827
1863
1840
1857
1826
1862
1856
1879
1903
1886
1924
1948
1982
1963
2000
1966
2014
1983
1995
1964
2010
1990
1971
1947
1912
1897
1889
1881
1824
1810
1753
1787
1752
1789
1743
1773
1758
1801
1806
1802
1804
1820
1850
1851
1856
1855
1883
1857
1901
1861
1914
1894
1951
1895
1945
1902
1916
1890
1890
1851
1874
1889
1914
1961
1929
1965
1948
2005
1960
2005
1984
2038
2015
2086
2029
2067
2040
2102
2067
2061
2060
2051
2087
2096
2116
2099
2154
2113
2182
2120
2165
2108
2164
2100
2128
2063
2046
2027
2040
1998
2013
2011
1998
2040
1975
1988
1921
1972
1923
1952
1906
1937
1906
1955
1907
1941
1898
1951
1924
1900
1891
1881
1916
1924
1939
1902
1942
1881
1903
1860
1869
1823
1866
1849
1882
1867
1878
1889
1915
1910
1903
1917
1906
1955
1935
1960
1927
1974
1967
1994
1978
1962
1930
1946
1917
1908
1898
1923
1946
1942
1965
1927
1979
1972
2021
1975
2000
1954
1987
1987
1999
1968
1986
2000
1998
2024
1981
2006
1987
2020
1973
1994
1953
1983
1967
1996
1935
1960
1935
1981
1960
1937
1916
1882
1886
1845
1839
1812
1841
1815
1871
1807
1848
1821
1886
1831
1903
1873
1923
1941
1991
1961
1996
2018
2019
2058
2008
2026
1999
2042
1980
1994
1920
1954
1918
1953
1883
1919
1878
1939
1935
1921
1924
1919
1946
1939
1922
1874
1882
1838
1869
1805
1816
1751
1791
1733
1749
1715
1718
1715
1749
1740
1751
1729
1698
1748
1733
1762
1707
1763
1744
1785
1757
1791
1774
1833
1807
1823
1769
1791
1781
1774
1755
1726
1743
1737
1729
1681
1698
1647
1698
1666
1678
1623
1657
1652
1693
1702
1685
1693
1717
1749
1727
1750
1753
1779
1773
1820
1802
1833
1832
1887
1886
1881
1879
1868
1885
1862
1855
1813
1810
1781
1829
1779
1799
1768
1804
1754
1774
1752
1734
1731
1716
1700
1664
1681
1648
1715
1676
1722
1677
1748
1720
1775
1755
1788
1783
1819
1811
1816
1788
1804
1818
1786
1801
1754
1799
1788
1812
1770
1839
1808
1877
1851
1909
1872
1947
1924
1966
1967
1953
1978
1989
1992
1952
1960
1914
1985
1924
1959
1900
1965
1935
1960
1903
1918
1888
1935
1912
1911
1868
1888
1892
1867
1911
1868
1940
1941
1972
1930
2006
1962
2014
1988
2007
1961
1994
1979
1986
1975
1926
1899
1882
1879
1832
1831
1819
1879
1887
1957
1955
2011
2014
2067
2088
2102
2089
2103
2109
2103
2097
2088
2089
2059
2090
2040
2044
2013
2050
1989
1981
1942
1932
1932
1939
1936
1932
1960
1958
2007
1963
1991
1974
2050
2035
2064
2057
2081
2082
2117
2093
2096
2085
2126
2131
2090
2098
2063
2116
2098
2117
2064
2114
2078
2133
2079
2111
2078
2149
2100
2099
2080
2049
2070
2048
2041
2024
2046
2019
2088
2029
2068
2015
2090
2064
2107
2075
2102
2102
2149
2119
2131
2112
2120
2132
2095
2126
2081
2143
2114
2147
2092
2149
2083
2150
2102
2119
2062
2101
2067
2062
2060
2029
2048
2054
2079
2058
2068
2039
2104
2075
2114
2055
2101
2087
2146
2110
2123
2116
2143
2161
2184
2183
2192
2200
2192
2235
2180
2223
2193
2260
2200
2245
2180
2218
2224
2248
2207
2225
2216
2224
2234
2183
2197
2196
2247
2207
2216
2203
2230
2224
2261
2219
2238
2203
2230
2187
2168
2145
2138
2154
2137
2128
2113
2143
2132
2175
2145
2173
2150
2196
2174
2191
2174
2171
2189
2208
2202
2183
2195
2152
2208
2162
2201
2164
2204
2181
2221
2206
2230
2224
2263
2251
2257
2236
2252
2255
2212
2214
2172
2208
2164
2196
2154
2235
2201
2250
2228
2254
2221
2267
2239
2230
2234
2199
2226
2229
2258
2219
2254
2228
2306
2272
2304
2235
2279
2246
2290
2261
2266
2247
2259
2248
2238
2234
2239
2238
2208
2258
2186
2218
2188
2257
2192
2243
2200
2260
2242
2279
2230
2256
2249
2249
2268
2234
2241
2236
2282
2248
2264
2228
2278
2238
2282
2218
2224
2175
2230
2199
2211
2198
2209
2223
2234
2246
2240
2254
2248
2313
2277
2304
2269
2310
2278
2316
2289
2293
2286
2300
2287
2294
2291
2278
2327
2297
2324
2277
2323
2302
2304
2263
2267
2239
2276
2253
2247
2225
2245
2255
2257
2272
2254
2287
2279
2301
2254
2283
2239
2272
2242
2263
2216
2247
2238
2249
2249
2218
2226
2233
2274
2258
2265
2236
2307
2274
2292
2235
2283
2265
2314
2290
2278
2256
2263
2258
2229
2213
2216
2256
2255
2287
2241
2283
2244
2293
2222
2270
2195
2223
2196
2191
2138
2159
2156
2154
2193
2160
2167
2128
2158
2113
2126
2079
2106
2061
2114
2049
2090
2065
2136
2124
2148
2136
2139
2164
2160
2141
2100
2096
2049
2110
2061
2123
2065
2142
2109
2145
2121
2115
2081
2102
2065
2051
2026
1967
2009
1957
1981
1915
1957
1938
1985
1963
1995
1971
2057
2057
2088
2051
2081
2059
2049
2048
2001
2011
2002
2016
1959
1984
1927
1978
1939
1969
1919
1952
1945
1943
1937
1927
1927
1931
1953
1931
1948
1931
1973
1955
1968
1926
1956
1945
1982
1982
1982
1969
1982
1985
1982
1990
1990
2010
1994
2030
2006
2040
2031
2082
2049
2098
2079
2095
2098
2119
2092
2076
2064
2033
2064
2031
2043
2009
2055
2023
2063
2035
2064
2048
2095
2060
2085
2053
2097
2067
2039
2021
1988
2021
1999
2000
1944
1979
1923
1987
1919
1925
1836
1875
1832
1857
1847
1839
1829
1850
1853
1839
1847
1834
1913
1882
1939
1897
1979
1967
2039
2014
2053
1987
2040
2002
2011
1954
1965
1935
1909
1900
1864
1897
1894
1921
1887
1922
1885
1952
1929
1965
1908
1945
1923
1948
1934
1922
1907
1925
1934
1929
1939
1936
1981
1968
2018
1984
2009
2009
2052
2021
2021
1993
2011
2019
2026
1989
1984
1977
1952
1970
1913
1927
1910
1961
1924
1969
1934
1956
1955
1990
1983
2004
2024
2040
2083
2072
2103
2078
2123
2097
2109
2091
2109
2100
2152
2135
2156
2120
2163
2138
2114
2103
2090
2135
2123
2124
2099
2129
2083
2148
2111
2142
2099
2163
2142
2179
2148
2135
2129
2135
2119
2094
2072
2027
2081
2049
2070
2017
2076
2038
2085
2065
2083
2025
2065
2043
2084
2057
2091
2081
2059
2063
2014
2035
2035
2073
2025
2092
2035
2098
2046
2091
2042
2093
2059
2089
2078
2070
2067
2094
2141
2132
2122
2078
2129
2108
2159
2087
2123
2079
2144
2082
2089
2034
2056
2047
2064
2039
2048
2040
2021
2070
2040
2062
2045
2095
2033
2079
2000
2046
2035
2094
2046
2083
2061
2077
2095
2083
2079
2064
2095
2090
2091
2067
2092
2058
2083
2022
2039
1996
2039
2030
2050
2034
2034
2042
2051
2038
2037
2047
2020
2070
2036
2054
2015
2062
2032
2051
2018
2018
2006
2020
2015
2022
2028
2014
2055
2049
2084
2077
2123
2097
2131
2121
2133
2080
2104
2088
2098
2079
2084
2079
2102
2112
2041
2044
2033
2019
2033
1999
2061
2012
2053
2003
2074
2040
2085
2045
2062
2032
2081
2055
2058
2022
2044
2052
2029
2045
1997
2029
2022
2073
2015
2063
2011
2076
2048
2086
2041
2079
2050
2077
2084
2096
2101
2116
2107
2087
2070
2033
2080
2059
2119
2048
2083
2045
2108
2067
2088
2051
2075
2088
2117
2107
2107
2119
2092
2115
2076
2115
2093
2161
2134
2197
2176
2224
2208
2247
2208
2217
2209
2224
2245
2221
2221
2182
2214
2193
2164
2132
2136
2114
2155
2097
2119
2072
2119
2098
2090
2064
2049
2058
2059
2060
2030
2054
2024
2066
2036
2079
2049
2077
2055
2081
2070
2071
2076
2111
2132
2139
2137
2144
2201
2203
2226
2188
2235
2219
2237
2190
2198
2157
2182
2160
2164
2123
2112
2105
2087
2096
2062
2089
2068
2087
2057
2106
2064
2098
2095
2132
2089
2114
2110
2127
2185
2151
2160
2123
2175
2152
2186
2153
2201
2185
2249
2183
2220
2161
2211
2169
2160
2139
2106
2151
2151
2158
2123
2138
2104
2179
2127
2180
2134
2219
2171
2215
2165
2182
2164
2201
2165
2160
2123
2089
2116
2078
2093
2052
2106
2064
2076
2043
2078
2021
2069
2020
2046
2000
2065
2051
2062
2060
2061
2071
2066
2056
2022
2053
2015
2078
2048
2100
2069
2116
2098
2109
2087
2100
2082
2100
2111
2100
2091
2070
2126
2116
2140
2092
2107
2087
2133
2099
2100
2052
2100
2107
2131
2115
2134
2143
2147
2160
2136
2146
2122
2152
2094
2128
2090
2112
2110
2122
2067
2077
2075
2083
2111
2077
2079
2070
2109
2069
2083
2055
2092
2079
2144
2114
2147
2124
2192
2188
2188
2178
2176
2191
2192
2193
2187
2198
2159
2212
2150
2170
2098
2137
2071
2071
2012
2013
1973
1985
1947
1954
1924
1914
1975
1961
1991
1952
2016
2001
2058
2023
2063
2030
2121
2084
2122
2085
2137
2111
2123
2118
2087
2080
2090
2099
2061
2078
2003
2082
2045
2103
2042
2093
2055
2096
2047
2039
2010
2046
2040
2035
2003
2005
2062
2047
2082
2035
2069
2047
2079
2057
2081
2025
2074
2065
2104
2066
2106
2097
2113
2101
2054
2036
2023
2044
2016
2025
5835
2030
1988
1962
1955
1941
1903
1884
1868
1855
1844
1827
1820
1813
1799
1807
1807
1813
1839
1871
1891
1914
1937
1956
1970
1979
1994
2007
2006
2005
1999
1996
1999
1981
1984
1984
1988
1986
1988
1980
1996
2002
1982
1979
1979
1974
1980
1993
1996
2001
2023
2041
2058
2053
2066
2071
2083
2085
2099
2095
2084
2064
2063
2060
2058
2039
2027
2010
2002
1991
1966
1963
1962
1967
1958
1955
1948
1939
1957
1971
1981
2000
2005
1997
1995
1976
1982
1973
1957
1945
1931
1901
1877
1844
1814
1792
1784
1757
1742
1743
1757
1777
1788
1777
1772
1762
1751
1760
1773
1781
1812
1836
1823
1819
1813
1819
1832
1837
1860
1881
1888
1904
1936
1948
1969
1982
1976
1980
1980
1977
1967
1942
1924
1903
1887
1850
1816
1795
1772
1755
1741
1735
1739
1767
1788
1811
1837
1866
1895
1924
1948
1956
1957
1965
1981
2023
2040
2053
2052
2049
2033
2029
2022
2006
1999
1995
2003
2002
2024
2036
2045
2058
2079
2071
2072
2084
2084
2079
2074
2043
2024
2000
1980
1966
1956
1945
1945
1932
1953
1979
2007
2029
2038
2027
2008
1982
1958
1950
1946
1939
1917
1913
1903
1905
1900
1899
1899
1910
1918
1931
1951
1975
1988
2019
2045
2071
2090
2076
2050
2025
2029
2019
2006
1980
1966
1961
1965
1970
1970
1965
1962
1965
1970
1975
1983
1990
1997
1996
2016
2026
2022
2028
2027
2032
2015
1995
1997
2000
2002
2004
2013
2013
2008
2010
2013
2010
2016
2012
1993
1982
1983
1976
1992
1992
2000
2007
2022
2027
2036
2046
2058
2090
2112
2138
2159
2192
2208
2213
2210
2214
2203
2193
2164
2157
2154
2147
2157
2178
2196
2208
2223
2239
2247
2256
2248
2237
2229
2233
2216
2188
2191
2199
2205
2202
2194
2184
2174
2152
2127
2110
2116
2106
2090
2083
2071
2045
2038
2043
2041
2043
2049
2051
2055
2051
2027
2012
2010
2010
2034
2056
2088
2082
2076
2069
2067
2075
2075
2083
2075
2062
2051
2042
2056
2073
2094
2105
2105
2114
2114
2109
2095
2079
2071
2059
2059
2031
2022
2021
2029
2038
2052
2057
2070
2092
2087
2082
2082
2079
2086
2096
2116
2120
2122
2131
2135
2140
2134
2136
2143
2127
2109
2098
2099
2114
2141
2158
2169
2181
2185
2195
2189
2188
2173
2157
2139
2116
2099
2095
2107
2115
2139
2163
2181
2191
2214
2218
2212
2218
2236
2255
2257
2243
2222
2197
2167
2136
2109
2083
2061
2049
2032
2030
2043
2059
2079
2081
2090
2117
2139
2136
2138
2126
2126
2110
2111
2098
2100
2096
2097
2104
2110
2117
2119
2120
2106
2099
2090
2079
2080
2094
2109
2110
2102
2114
2122
2142
2137
2163
2165
2166
2165
2181
2193
2197
2201
2212
2214
2206
2218
2224
2220
2220
2227
2199
2172
2148
2159
2172
2179
2175
2188
2191
2219
2234
2241
2227
2236
2239
2246
2252
2257
2252
2251
2250
2228
2236
2229
2232
2234
2266
2280
2290
2299
2303
2288
2294
2277
2280
2279
2269
2251
2239
2211
2205
2177
2163
2151
2142
2117
2106
2116
2128
2147
2157
2168
2177
2193
2228
2243
2244
2244
2240
2236
2227
2223
2239
2251
2263
2271
2284
2299
2313
2316
2341
2345
2340
2346
2350
2344
2343
2345
2339
2344
2335
2334
2321
2322
2314
2306
2302
2275
2259
2248
2231
2215
2197
2200
2194
2203
2217
2226
2243
2269
2283
2304
2324
2331
2319
2308
2315
2322
2332
2330
2346
2323
2311
2309
2303
2301
2295
2303
2300
2290
2288
2295
2295
2301
2295
2294
2273
2277
2278
2264
2258
2268
2266
2266
2268
2274
2280
2298
2306
2303
2312
2315
2309
2308
2310
2312
2302
2301
2303
2302
2303
2316
2315
2325
2329
2326
2325
2306
2294
2288
2278
2261
2233
2220
2211
2208
2198
2200
2192
2195
2180
2169
2159
2145
2123
2093
2071
2083
2078
2075
2087
2107
2121
2141
2149
2162
2174
2178
2167
2176
2192
2190
2176
2159
2143
2119
2113
2098
2099
2102
2091
2093
2103
2109
2118
2144
2159
2166
2179
2178
2188
2192
2188
2192
2190
2184
2171
2145
2123
2118
2126
2097
2082
2086
2074
2052
2049
2050
2069
2074
2084
2080
2094
2103
2100
2093
2088
2091
2098
2124
2130
2141
2158
2164
2163
2138
2119
2099
2064
2051
2029
2024
2025
2039
2050
2065
2085
2104
2131
2154
2164
2183
2188
2189
2202
2202
2201
2181
2151
2122
2112
2074
2058
2028
2013
2000
1993
1999
2001
2006
2009
2033
2043
2055
2055
2060
2058
2054
2044
2031
2027
2022
2015
2020
2018
2020
2010
2002
2013
2001
1991
2006
2000
2013
2032
2052
2083
2101
2123
2136
2146
2147
2150
2141
2150
2143
2120
2081
2079
2063
2053
2026
1993
1980
1983
1980
1966
1970
1986
2007
2016
2017
2004
1987
1967
1935
1929
1927
1939
1943
1957
1982
1987
2003
2005
2012
2011
2010
2002
1996
1984
1976
1982
1983
1991
2001
2011
2012
2008
2022
2034
2031
2028
2021
1987
1965
1960
1951
1945
1928
1923
1924
1916
1896
1884
1867
1867
1866
1868
1870
1867
1849
1852
1859
1857
1843
1843
1864
1883
1877
1876
1883
1906
1926
1921
1921
1900
1885
1880
1890
1878
1889
1897
1892
1899
1901
1892
1888
1868
1853
1844
1837
1842
1835
1853
1857
1867
1878
1888
1903
1925
1934
1940
1939
1929
1924
1925
1929
1935
1937
1956
1978
2001
2012
2015
2018
2010
1997
1976
1959
1942
1922
1916
1930
1929
1930
1940
1949
1940
1954
1971
1972
1953
1955
1954
1952
1963
1975
1991
2003
2003
2016
2019
2018
2028
2032
2030
2022
2023
2024
2035
2039
2019
2011
2015
1994
1988
1991
1988
1982
1981
1987
1999
2020
2027
2023
2034
2043
2062
2065
2067
2059
2059
2071
2083
2092
2101
2110
2114
2119
2119
2120
2116
2098
2097
2096
2076
2070
2051
2047
2024
2000
1987
1969
1950
1939
1927
1931
1912
1895
1877
1875
1872
1872
1880
1887
1911
1940
1957
1960
1986
2001
1987
1993
1993
1996
1973
1964
1962
1948
1943
1945
1962
1962
1974
1971
1982
1989
1989
2030
2061
2073
2078
2087
2076
2087
2067
2058
2042
2048
2054
2044
2037
2045
2044
2039
2038
2037
2046
2055
2071
2070
2077
2065
2043
2031
2025
2020
2024
2031
2047
2062
2073
2092
2110
2137
2146
2151
2131
2118
2094
2076
2055
2037
2027
2030
2018
2012
2019
2031
2044
2058
2070
2081
2095
2114
2137
2143
2131
2124
2126
2125
2117
2094
2084
2099
2115
2123
2132
2136
2138
2141
2139
2170
2168
2170
2186
2176
2169
2153
2151
2163
2170
2181
2199
2207
2205
2212
2203
2195
2176
2170
2172
2171
2160
2148
2138
2125
2116
2124
2118
2132
2135
2129
2137
2131
2122
2122
2114
2111
2100
2102
2089
2088
2092
2095
2106
2122
2134
2149
2160
2170
2162
2153
2133
2123
2102
2101
2087
2071
2051
2043
2031
2036
2037
2060
2076
2077
2070
2073
2078
2083
2087
2080
2101
2083
2063
2037
2028
2005
1997
1981
1968
1939
1930
1915
1905
1883
1871
1877
1885
1893
1894
1892
1891
1909
1909
1912
1922
1943
1967
1987
2008
2045
2064
2089
2110
2123
2136
2135
2122
2113
2106
2106
2115
2120
2108
2108
2107
2091
2088
2059
2038
2015
1997
1975
1958
1939
1927
1919
1920
1930
1934
1940
1952
1965
1973
1971
1984
2007
2004
1991
2016
2041
2056
2071
2088
2094
2098
2099
2077
2088
2090
2089
2088
2091
2098
2105
2103
2096
2083
2077
2077
2087
2098
2101
2093
2089
2082
2073
2060
2055
2039
2025
2015
2013
2008
2017
2031
2050
2062
2063
2083
2088
2085
2076
2067
2063
2071
2077
2068
2041
2023
2004
2000
1988
1997
1982
1967
1989
1986
1984
1981
1975
1963
1951
1930
1935
1928
1912
1907
1912
1917
1927
1926
1954
1973
1994
2002
1990
1999
2005
2024
2024
2039
2053
2054
2050
2061
2062
2066
2062
2058
2022
1996
1981
1971
1963
1957
1977
1998
2004
2032
2040
2043
2044
2039
2041
2019
2019
2029
2040
2041
2053
2072
2092
2103
2111
2132
2143
2151
2158
2159
2182
2186
2173
2159
2149
2152
2146
2120
2125
2128
2138
2130
2140
2147
2153
2176
2186
2194
2183
2178
2177
2171
2162
2158
2167
2161
2171
2170
2175
2186
2198
2213
2236
2259
2264
2271
2266
2262
2251
2234
2207
2172
2140
2121
2131
2139
2143
2150
2146
2137
2131
2131
2132
2128
2119
2103
2105
2097
2105
2114
2126
2141
2156
2166
2178
2198
2225
2238
2249
2255
2248
2253
2246
2229
2224
2237
2225
2219
2205
2196
2183
2189
2188
2192
2193
2204
2215
2220
2222
2217
2218
2225
2226
2210
2206
2204
2206
2191
2202
2220
2225
2208
2204
2205
2207
2221
2203
2181
2176
2171
2144
2130
2121
2110
2096
2079
2073
2073
2061
2062
2061
2056
2055
2065
2061
2073
2068
2064
2054
2044
2046
2032
2028
2034
2040
2050
2045
2060
2060
2068
2067
2055
2043
2002
1982
1967
1957
1958
1954
1943
1940
1956
1967
1980
1980
1975
1987
2006
2028
2043
2054
2054
2067
2070
2084
2088
2059
2048
2046
2044
2048
2044
2038
2043
2049
2030
2014
2017
2031
2029
2014
1998
1999
1990
1991
1969
1957
1959
1970
1989
2004
2020
2035
2041
2035
2050
2071
2086
2081
2063
2051
2042
2032
2004
1987
1961
1933
1900
1899
1908
1933
1959
1977
1998
2016
2024
2031
2033
2022
2014
1999
1981
1956
1934
1897
1882
1870
1869
1864
1863
1865
1899
1918
1926
1938
1959
1970
1976
1975
1984
1970
1946
1924
1922
1924
1917
1911
1916
1911
1891
1873
1888
1899
1909
1918
1903
1878
1846
1823
1797
1781
1793
1789
1806
1823
1826
1824
1829
1822
1823
1811
1813
1825
1821
1818
1830
1836
1846
1848
1876
1903
1916
1908
1916
1924
1926
1933
1899
1872
1855
1846
1843
1843
1840
1845
1876
1884
1902
1916
1927
1941
1943
1929
1917
1904
1905
1913
1913
1911
1918
1914
1915
1930
1937
1938
1942
1954
1968
1975
1981
1980
1971
1967
1983
1987
1980
1966
1976
1990
1990
1985
1991
1982
1967
1950
1965
1964
1979
1997
2009
2014
2019
2029
2030
2042
2045
2056
2064
2064
2060
2069
2054
2065
2072
2084
2083
2108
2112
2119
2122
2132
2130
2148
2161
2179
2190
2200
2229
2234
2243
2236
2222
2211
2215
2206
2220
2207
2196
2188
2203
2205
2206
2192
2189
2183
2195
2188
2178
2154
2143
2134
2114
2107
2079
2062
2046
2038
2030
2023
2022
2040
2041
2058
2065
2069
2070
2103
2134
2132
2145
2139
2137
2135
2136
2125
2151
2164
2173
2179
2188
2187
2198
2204
2211
2200
2196
2192
2190
2183
2178
2160
2156
2180
2199
2216
2239
2251
2265
2275
2300
2296
2295
2301
2283
2282
2273
2260
2243
2236
2226
2222
2226
2238
2260
2277
2295
2302
2319
2323
2326
2329
2328
2335
2323
2321
2312
2306
2303
2290
2283
2258
2228
2210
2212
2210
2233
2238
2243
2244
2280
2288
2295
2303
2310
2289
2291
2283
2281
2277
2278
2291
2300
2306
2317
2320
2340
2345
2340
2337
2341
2345
2354
2354
2331
2326
2305
2306
2303
2311
2306
2319
2314
2303
2295
2306
2318
2321
2331
2336
2351
2342
2339
2344
2339
2331
2335
2341
2339
2325
2314
2315
2319
2325
2328
2324
2341
2347
2344
2341
2330
2328
2332
2331
2337
2348
2352
2354
2362
2366
2373
2376
2384
2398
2393
2390
2383
2368
2351
2345
2346
2340
2350
2349
2351
2343
2333
2317
2313
2306
2296
2293
2281
2292
2302
2305
2320
2317
2330
2332
2327
2340
2343
2336
2329
2329
2321
2330
2345
2345
2338
2337
2327
2317
2319
2305
2291
2284
2285
2279
2266
2245
2242
2255
2255
2253
2258
2263
2254
2248
2245
2252
2252
2254
2242
2222
2205
2204
2210
2202
2188
2188
2168
2177
2181
2173
2167
2168
2157
2160
2152
2154
2147
2158
2181
2193
2226
2226
2251
2267
2282
2290
2294
2282
2270
2251
2251
2233
2213
2211
2204
2196
2185
2172
2160
2156
2151
2140
2123
2116
2107
2102
2082
2066
2064
2076
2077
2094
2103
2107
2120
2123
2127
2122
2126
2136
2138
2125
2112
2091
2076
2062
2030
2028
2026
2011
2000
1995
1981
1979
1987
1995
2006
2016
2017
2013
2021
2041
2053
2063
2071
2068
2068
2080
2101
2117
2123
2130
2133
2135
2139
2151
2160
2178
2171
2156
2150
2130
2112
2078
2043
2027
2003
1982
1988
1995
1996
1996
1980
1992
2001
2006
2022
2031
2037
2044
2042
2044
2034
2029
2028
2020
2010
1997
1989
1992
2006
2014
2019
2014
2022
2025
2019
2011
1996
1987
1998
2010
2019
2029
2038
2055
2063
2067
2055
2054
2041
2053
2037
2022
1992
1981
1973
1964
1976
1982
1990
2005
2012
2012
1995
2001
2007
2014
2025
2025
2044
2039
2051
2070
2093
2095
2099
2098
2097
2095
2087
2068
2062
2067
2054
2023
2018
2021
2023
2041
2045
2059
2066
2079
2089
2087
2079
2070
2051
2050
2017
2000
1996
2003
2005
2008
2019
2030
2019
2010
1990
1990
2009
2026
2039
2043
2057
2055
2068
2079
2080
2079
2076
2054
2039
2015
1991
1968
1951
1935
1930
1959
1971
1974
1965
1967
1972
1997
2009
2026
2041
2040
2044
2040
2035
2040
2057
2033
2030
2013
2011
2022
2026
2001
1993
1980
1978
1976
1971
1975
1978
1992
1997
1995
2018
2035
2044
2062
2069
2066
2065
2064
2076
2104
2126
2126
2129
2126
2131
2117
2126
2111
2098
2078
2059
2048
2041
2023
2013
1992
1967
1944
1927
1924
1903
1895
1898
1891
1890
1895
1913
1936
1976
2001
2023
2030
2036
2041
2042
2047
2059
2062
2075
2080
2093
2097
2098
2105
2125
2125
2133
2116
2134
2136
2133
2139
2131
2120
2118
2113
2124
2118
2128
2124
2119
2115
2112
2119
2123
2135
2148
2167
2179
2201
2202
2197
2182
2182
2182
2179
2161
2159
2142
2119
2107
2099
2094
2099
2116
2122
2133
2148
2158
2162
2176
2186
2195
2204
2219
2203
2180
2189
2201
2210
2218
2227
2226
2210
2202
2187
2150
2117
2099
2071
2063
2061
2051
2049
2045
2049
2046
2039
2040
2041
2027
2015
2008
1987
1988
1988
1997
1999
1986
1975
1989
2001
2003
2009
2011
2004
1999
2003
1995
2002
2011
2000
2018
2027
2036
2054
2054
2067
2080
2091
2088
2096
2095
2074
2067
2055
2043
2026
2021
2020
2032
2032
2031
2034
2037
2039
2030
2012
1996
1977
1980
1980
1976
1979
1990
2015
2028
2031
2030
2039
2036
2034
2021
2016
2023
2043
2048
2051
2046
2053
2055
2049
2048
2058
2073
2080
2098
2120
2131
2117
2109
2093
2106
2101
2111
2110
2121
2116
2129
2112
2107
2079
2060
2026
1999
1978
1969
1987
2007
2027
2032
2045
2075
2080
2075
2083
2086
2099
2108
2104
2099
2104
2097
2096
2097
2100
2085
2079
2080
2079
2071
2061
2069
2075
2064
2074
2063
2065
2069
2095
2119
2139
2166
2183
2187
2174
2186
2185
2197
2187
2172
2161
2146
2135
2114
2097
2073
2056
2035
2025
2042
2042
2054
2066
2069
2064
2065
2069
2090
2100
2092
2077
2062
2055
2066
2071
2103
2120
2116
2114
2110
2103
2105
2104
2093
2084
2081
2083
2081
2094
2109
2139
2173
2172
2184
2183
2190
2200
2199
2186
2178
2195
2209
2216
2199
2205
2220
2235
2266
2270
2270
2280
2282
2297
2316
2316
2327
2326
2324
2318
2315
2308
2314
2319
2314
2309
2320
2320
2315
2313
2313
2316
2315
2322
2318
2324
2317
2314
2321
2336
2351
2357
2354
2342
2333
2322
2315
2314
2301
2296
2278
2270
2270
2275
2281
2269
2273
2280
2286
2286
2294
2283
2281
2266
2247
2227
2223
2215
2186
2173
2179
2187
2182
2195
2191
2205
2215
2218
2219
2199
2198
2197
2182
2187
2181
2172
2179
2175
2185
2184
2177
2171
2166
2149
2151
2161
2164
2160
2156
2150
2143
2146
2145
2140
2140
2145
2148
2150
2156
2141
2122
2110
2080
2076
2057
2052
2062
2067
2072
2078
2089
2106
2119
2134
2135
2136
2131
2117
2122
2116
2105
2076
2072
2052
2035
2022
2007
2000
1989
1982
1999
2010
2038
2056
2086
2115
2132
2156
2161
2160
2154
2164
2147
2134
2099
2090
2089
2081
2074
2078
2088
2099
2102
2115
2122
2131
2144
2167
2191
2193
2194
2198
2209
2210
2206
2194
2191
2191
2181
2161
2153
2135
2124
2123
2102
2086
2081
2086
2081
2071
2063
2069
2059
2053
2043
2055
2075
2083
2078
2091
2070
2042
2028
2025
2010
1997
1996
1995
2010
2006
2018
2024
2022
2025
2041
2066
2082
2087
2088
2099
2118
2124
2140
2155
2159
2130
2099
2084
2068
2030
2002
1975
1947
1937
1934
1937
1927
1935
1938
1944
1984
1990
1997
2011
1990
1962
1968
1969
1977
1976
1970
1981
1989
2005
2009
2018
2006
2007
2006
2022
2044
2052
2041
2060
2071
2080
2073
2075
2077
2078
2074
2087
2090
2123
2127
2102
2096
2088
2090
2089
2083
2051
2043
2042
2062
2057
2060
2054
2067
2081
2094
2102
2122
2144
2151
2152
2156
2169
2164
2146
2129
2112
2096
2098
2081
2065
2064
2073
2079
2080
2074
2052
2048
2021
2014
1987
1980
1965
1959
1966
1951
1956
1945
1943
1950
1962
1984
1992
1999
2004
2021
2010
1999
1988
1990
1984
1969
1960
1937
1923
1924
1912
1909
1917
1917
1939
1950
1956
1972
1997
2010
2001
2012
2021
2027
2013
2019
2019
2020
2029
2038
2048
2061
2065
2066
2055
2057
2054
2041
2056
2050
2049
2041
2029
2017
2019
2006
1983
1959
1950
1947
1942
1944
1944
1949
1954
1947
1969
1985
1998
2015
2014
2000
1998
1998
2004
2012
2015
2032
2036
2042
2034
2029
2027
2019
2012
2008
2009
2010
2009
2006
2027
2035
2047
2055
2069
2090
2099
2119
2132
2132
2144
2150
2147
2143
2130
2095
2056
2033
2003
1972
1957
1942
1932
1919
1910
1916
1920
1930
1943
1963
1964
1987
1990
1988
1988
1975
1960
1971
1979
1981
1988
1981
1979
1971
1970
1968
1970
1942
1947
1952
1950
1937
1935
1939
1967
1989
1990
1989
1977
1976
1981
1998
2026
2055
2075
2097
2105
2095
2099
2083
2080
2072
2052
2058
2054
2049
2058
2059
2047
2024
2018
2008
2005
2005
2022
2020
2012
2019
2008
2010
2006
2013
2023
2034
2042
2046
2042
2037
2036
2026
2017
2027
2035
2033
2028
2029
2030
2044
2045
2031
2027
2016
2015
2032
2039
2049
2035
2056
2074
2096
2123
2133
2154
2154
2149
2144
2143
2130
2126
2116
2118
2126
2123
2109
2123
2134
2153
2159
2156
2144
2113
2114
2110
2095
2087
2081
2082
2085
2081
2077
2091
2109
2114
2127
2123
2109
2107
2102
2091
2078
2078
2073
2072
2070
2080
2076
2085
2096
2098
2097
2091
2089
2080
2076
2089
2080
2067
2054
2052
2052
2045
2040
2035
2034
2024
2016
2021
2013
2008
1997
1989
1999
2007
2005
2002
2000
2008
1996
2007
2005
2014
2029
2050
2066
2064
2075
2071
2075
2082
2079
2074
2075
2081
2095
2107
2100
2090
2102
2103
2103
2096
2071
2059
2049
2040
2045
2044
2044
2053
2065
2064
2080
2087
2092
2095
2081
2058
2036
2034
2021
2031
2038
2048
2057
2065
2084
2106
2124
2124
2122
2125
2125
2105
2104
2106
2102
2106
2128
2154
2169
2195
2226
2252
2252
2258
2268
2255
2242
2243
2242
2221
2204
2192
2195
2184
2172
2151
2158
2151
2151
2145
2147
2154
2152
2139
2127
2124
2116
2110
2099
2082
2079
2062
2053
2025
2013
2010
2007
2020
2019
2031
2035
2018
2015
2022
2027
2033
2050
2085
2109
2135
2143
2159
2175
2189
2191
2184
2175
2177
2175
2186
2181
2165
2161
2158
2150
2139
2135
2128
2120
2117
2108
2104
2101
2091
2097
2099
2085
2087
2111
2111
2100
2091
2083
2095
2092
2091
2096
2109
2125
2136
2119
2102
2082
2069
2056
2039
2012
1985
1973
1964
1973
1967
1954
1958
1962
1979
1974
1973
1980
1989
2012
2021
2046
2049
2051
2049
2037
2018
2003
1972
1964
1958
1953
1944
1931
1932
1949
1981
1987
1986
1989
1987
1980
1976
1988
1989
2001
1998
2008
2025
2037
2044
2045
2044
2057
2051
2050
2064
2074
2070
2062
2037
2022
2004
1987
1976
1957
1951
1921
1905
1901
1905
1890
1864
1871
1881
1899
1907
1917
1905
1905
1931
1962
1969
1996
2024
2052
2058
2052
2055
2059
2063
2043
2022
2012
2017
2010
2021
2032
2041
2060
2068
2084
2095
2074
2060
2035
2019
1987
1979
1965
1959
1952
1955
1947
1931
1925
1920
1910
1903
1893
1888
1891
1903
1919
1931
1959
1967
1968
1969
1975
1974
1965
1948
1941
1952
1949
1958
1983
1991
1995
2012
2021
2031
2017
2006
1996
1976
1949
1937
1937
1947
1953
1961
1957
1971
1976
1969
1964
1951
1945
1935
1939
1938
1939
1935
1927
1923
1933
1930
1930
1934
1936
1940
1955
1942
1955
1969
1971
1967
1971
1976
1972
1976
1983
1989
2001
2003
2002
2002
1995
1994
1997
2005
2006
2003
2000
1998
2007
2011
2015
2017
2021
2011
2022
2027
2025
2052
2063
2062
2066
2057
2058
2083
2103
2111
2113
2122
2121
2129
2130
2129
2117
2106
2107
2113
2121
2132
2144
2142
2162
2165
2167
2172
2186
2186
2158
2151
2147
2131
2125
2113
2112
2106
2103
2107
2102
2114
2101
2101
2090
2068
2052
2054
2041
2049
2035
2041
2049
2065
2064
2054
2059
2062
2057
2044
2038
2042
2048
2063
2091
2109
2111
2115
2113
2113
2107
2113
2113
2105
2091
2070
2054
2030
2024
1998
1981
1964
1961
1968
1967
1971
1983
2005
2015
2028
2033
2043
2047
2054
2062
2066
2049
2051
2037
2032
2025
2016
2004
1991
1978
1957
1967
1962
1965
1973
1982
1999
2005
2004
2003
2006
2022
2026
2021
2004
2007
1999
1983
1969
1983
1987
1979
1979
1987
1991
1992
2000
2002
2001
2007
2017
2003
2007
1993
1979
1966
1951
1943
1917
1873
1851
1830
1815
1810
1798
1783
1783
1806
1851
1885
1926
1957
2000
2022
2022
2022
2021
2008
1988
1962
1940
1924
1919
1927
1931
1943
1947
1962
1966
1976
1981
1996
1994
2000
2003
2005
2009
2020
2022
2022
2006
2003
1997
2020
2035
2069
2070
2079
2083
2071
2060
2030
2009
1990
1964
1933
1921
1900
1902
1902
1908
1896
1878
1875
1867
1842
1850
1855
1861
1868
1877
1890
1888
1915
1910
1897
1889
1882
1868
1862
1866
1869
1885
1906
1929
1958
1991
2016
2033
2025
2023
2024
2019
2012
1995
1970
1959
1951
1949
1943
1939
1942
1935
1928
1921
1909
1919
1931
1937
1957
1968
1957
1941
1925
1922
1919
1936
1936
1952
1978
2009
2019
2043
2060
2068
2072
2062
2035
2011
1974
1931
1920
1918
1910
1926
1955
1965
1987
2013
2057
2081
2088
2107
2135
2118
2132
2145
2143
2141
2131
2118
2087
2091
2078
2063
2056
2055
2054
2062
2077
2111
2131
2150
2150
2166
2171
2167
2161
2172
2162
2154
2152
2154
2152
2154
2152
2143
2139
2141
2135
2123
2126
2114
2111
2111
2107
2084
2086
2085
2098
2098
2105
2105
2084
2094
2122
2148
2162
2171
2175
2177
2170
2180
2192
2179
2173
2153
2141
2156
2150
2141
2128
2144
2152
2170
2202
2233
2243
2255
2261
2240
2242
2229
2226
2221
2208
2188
2184
2179
2186
2169
2150
2142
2144
2162
2165
2153
2153
2142
2135
2126
2099
2088
2087
2081
2080
2064
2054
2033
2043
2033
2029
2031
2039
2051
2059
2061
2069
2059
2066
2067
2065
2046
2043
2042
2026
2033
2036
2034
2039
2046
2045
2040
2044
2047
2042
2046
2041
2044
2052
2061
2050
2042
2026
2011
1993
1976
1975
1967
1961
1960
1987
2013
2030
2031
2053
2072
2081
2079
2088
2080
2073
2049
2011
1986
1978
1968
1963
1952
1956
1960
1967
1993
2001
2020
2042
2049
2051
2034
2014
2006
2000
2007
2016
2021
2027
2025
2035
2043
2055
2060
2082
2083
2096
2098
2100
2099
2082
2064
2065
2046
2025
1994
1990
2004
1973
1945
1934
1951
1920
1895
1885
1895
1911
1926
1921
1930
1943
1953
1990
2013
2031
2042
2066
2095
2111
2119
2140
2157
2167
2170
2177
2164
2167
2152
2131
2112
2086
2074
2062
2053
2039
2036
2030
2021
2038
2042
2064
2080
2077
2095
2110
2109
2093
2081
2071
2055
2029
1996
1992
1992
2005
2009
2013
2035
2053
2071
2102
2111
2118
2127
2123
2106
2090
2076
2048
2020
1991
1975
1954
1934
1925
1916
1876
1864
1871
1878
1899
1934
1951
1960
1985
2001
2010
2014
2039
2068
2101
2120
2139
2151
2161
2178
2180
2174
2151
2152
2143
2150
2166
2177
2159
2157
2141
2136
2125
2108
2106
2101
2104
2094
2100
2116
2144
2150
2150
2152
2157
2156
2179
2188
2205
2204
2206
2209
2223
2222
2213
2203
2186
2183
2199
2211
2203
2188
2174
2170
2167
2164
2156
2159
2156
2174
2173
2182
2192
2200
2206
2209
2213
2226
2233
2251
2279
2289
2287
2286
2278
2282
2284
2269
2267
2261
2241
2233
2211
2189
2181
2174
2177
2175
2172
2168
2181
2184
2191
2191
2201
2191
2189
2188
2186
2188
2171
2163
2155
2141
2134
2121
2109
2091
2080
2080
2075
2087
2088
2093
2107
2111
2118
2121
2126
2136
2133
2135
2149
2149
2135
2117
2102
2086
2066
2068
2072
2058
2055
2054
2054
2038
2019
2011
2009
2009
2003
1990
1979
1976
1974
1964
1952
1937
1939
1929
1930
1933
1923
1927
1931
1924
1908
1883
1859
1851
1820
1797
1776
1758
1748
1747
1748
1752
1756
1777
1794
1801
1803
1817
1827
1827
1842
1841
1830
1822
1815
1818
1813
1810
1807
1798
1808
1807
1807
1812
1827
1827
1831
1836
1853
1882
1910
1933
1953
1985
1998
2014
2009
2014
2008
1998
1982
1970
1936
1903
1871
1864
1833
1798
1787
1773
1750
1751
1749
1746
1745
1750
1771
1767
1770
1782
1806
1817
1817
1814
1814
1827
1844
1854
1861
1865
1874
1875
1859
1844
1849
1850
1845
1837
1843
1841
1863
1878
1892
1915
1948
1972
1983
1991
2003
1994
1996
1986
1982
1988
2005
2009
2026
2046
2045
2053
2055
2066
2076
2085
2095
2103
2118
2139
2146
2167
2155
2151
2145
2138
2123
2107
2089
2071
2045
2041
2041
2036
2034
2032
2046
2051
2053
2038
2024
2015
1990
1979
1965
1961
1969
1957
1946
1939
1939
1921
1898
1900
1905
1904
1937
1958
1963
1969
1948
1928
1900
1899
1863
1859
1863
1873
1877
1891
1890
1894
1909
1916
1933
1945
1951
1958
1947
1943
1944
1942
1940
1944
1952
1962
1958
1947
1957
1957
1972
1970
1975
1996
2008
2016
2001
1992
1981
1998
2007
1999
1989
2001
2019
2022
2020
2027
2014
1995
1986
1989
1961
1949
1952
1941
1925
1927
1922
1915
1912
1933
1939
1950
1936
1918
1900
1884
1835
1797
1781
1780
1797
1807
1820
1830
1841
1859
1874
1881
1888
1907
1913
1928
1954
1972
1990
2021
2053
2060
2049
2025
2010
1988
1980
1969
1951
1930
1916
1908
1921
1911
1905
1909
1892
1899
1915
1926
1931
1931
1922
1911
1893
1866
1822
1806
1798
1787
1760
1754
1732
1728
1729
1726
1703
1706
1709
1704
1705
1706
1729
1739
1748
1748
1760
1774
1788
1807
1823
1825
1832
1826
1811
1799
1796
1803
1789
1771
1763
1751
1748
1745
1729
1713
1685
1667
1645
1649
1650
1660
1662
1688
1711
1749
1781
1792
1813
1802
1818
1831
1840
1854
1869
1873
1894
1885
1905
1911
1904
1894
1903
1901
1893
1868
1842
1826
1824
1829
1811
1807
1782
1776
1781
1778
1770
1772
1760
1745
1734
1728
1746
1745
1748
1753
1754
1775
1791
1812
1818
1828
1829
1834
1824
1818
1797
1785
1784
1790
1797
1808
1825
1832
1837
1863
1870
1880
1899
1929
1963
1981
1996
1999
2015
2026
2019
2017
2030
2023
2015
2002
2007
1984
1982
1962
1969
1977
1972
1977
1967
1962
1968
1962
1942
1940
1944
1947
1937
1933
1935
1944
1955
1964
1982
2012
2023
2037
2034
2037
2022
2002
1997
1974
1951
1909
1876
1870
1843
1829
1837
1843
1864
1888
1909
1932
1991
2042
2087
2104
2119
2107
2110
2103
2108
2095
2079
2071
2058
2050
2046
2037
2019
1994
1965
1938
1909
1904
1898
1903
1911
1935
1954
1974
1999
2017
2033
2051
2086
2116
2104
2098
2094
2094
2094
2100
2111
2104
2106
2114
2117
2120
2126
2131
2121
2122
2122
2119
2119
2126
2134
2143
2137
2135
2127
2108
2101
2095
2087
2073
2065
2070
2063
2064
2064
2066
2073
2071
2079
2089
2103
2109
2098
2109
2122
2126
2125
2125
2113
2114
2104
2116
2118
2116
2113
2123
2121
2119
2112
2098
2058
2036
2016
2005
2004
2003
2007
2008
2026
2033
2041
2021
2021
2029
2043
2060
2062
2044
2064
2070
2072
2084
2114
2144
2167
2195
2212
2220
2222
2230
2232
2225
2218
2217
2218
2225
2216
2216
2203
2230
2229
2228
2208
2206
2211
2206
2206
2217
2218
2212
2226
2238
2243
2245
2253
2258
2251
2224
2214
2204
2169
2153
2139
2124
2121
2116
2122
2112
2112
2117
2114
2131
2139
2139
2141
2146
2159
2170
2161
2161
2138
2124
2106
2113
2113
2123
2136
2145
2161
2175
2187
2197
2205
2202
2209
2215
2209
2212
2214
2222
2206
2193
2187
2180
2158
2150
2136
2133
2164
2182
2205
2224
2228
2236
2253
2255
2256
2260
2257
2258
2268
2286
2322
2322
2326
2309
2313
2309
2300
2288
2290
2311
2308
2300
2282
2281
2291
2289
2284
2280
2273
2252
2246
2241
2252
2261
2276
2290
2294
2299
2295
2295
2287
2284
2290
2292
2280
2269
2277
2274
2278
2284
2283
2268
2253
2231
2228
2221
2221
2219
2205
2192
2199
2196
2202
2191
2192
2194
2201
2207
2212
2222
2227
2242
2249
2251
2279
2297
2304
2303
2296
2310
2312
2325
2333
2336
2344
2344
2339
2343
2345
2335
2339
2334
2320
2309
2315
2303
2297
2272
2249
2244
2225
2229
2218
2236
2245
2263
2279
2270
2279
2276
2270
2263
2267
2275
2279
2276
2264
2265
2266
2275
2279
2271
2282
2289
2278
2288
2303
2294
2302
2301
2300
2295
2309
2314
2312
2312
2309
2310
2317
2307
2304
2299
2302
2296
2294
2301
2290
2286
2271
2248
2235
2208
2190
2177
2176
2168
2163
2166
2175
2183
2186
2172
2153
2139
2110
2094
2089
2073
2057
2053
2055
2064
2082
2099
2114
2126
2123
2127
2140
2138
2134
2131
2113
2102
2085
2084
2078
2096
2106
2118
2111
2111
2104
2099
2077
2040
2035
2023
1999
1977
1966
1955
1955
1957
1962
1972
1989
1991
2020
2036
2061
2071
2065
2061
2064
2062
2043
2013
2002
1985
1958
1933
1922
1923
1917
1918
1909
1929
1928
1935
1944
1952
1947
1953
1949
1938
1940
1937
1953
1970
1979
1979
1982
1979
1982
1982
1987
1989
1988
1984
1988
2005
2013
2018
2021
2016
2024
2028
2033
2045
2057
2065
2078
2101
2121
2131
2130
2117
2111
2102
2081
2048
2028
2010
1999
1999
2003
2014
2039
2055
2076
2082
2062
2048
2039
2042
2045
2021
2014
2013
1993
1985
1980
1966
1958
1935
1905
1878
1860
1853
1835
1833
1857
1893
1908
1911
1878
1875
1885
1881
1893
1899
1913
1939
1965
1992
2021
2029
2026
2042
2047
2030
2006
2000
1980
1973
1956
1945
1933
1928
1916
1931
1920
1931
1938
1935
1929
1933
1943
1955
1952
1953
1945
1952
1958
1959
1968
1974
1976
1985
2004
2015
2030
2041
2060
2052
2039
2036
2021
2006
2002
1988
1995
2002
2002
1982
1973
1965
1957
1947
1955
1959
1958
1959
1959
1949
1959
1977
1984
1998
2024
2047
2074
2106
2109
2114
2111
2118
2124
2133
2151
2149
2159
2173
2175
2182
2177
2177
2160
2161
2140
2151
2153
2159
2164
2146
2141
2150
2158
2165
2152
2143
2129
2146
2165
2186
2194
2180
2146
2132
2118
2102
2091
2080
2070
2062
2063
2066
2059
2063
2065
2046
2049
2042
2033
2041
2055
2057
2063
2069
2075
2071
2063
2066
2050
2042
2035
2046
2043
2037
2025
2027
2031
2045
2058
2072
2083
2090
2109
2122
2141
2164
2162
2145
2142
2127
2126
2124
2114
2105
2093
2063
2055
2046
2048
2057
2053
2060
2065
2079
2074
2063
2051
2047
2016
2015
2025
2048
2064
2068
2054
2050
2060
2084
2103
2127
2140
2137
2137
2123
2125
2111
2094
2084
2075
2041
2026
2015
2026
2020
2034
2035
2039
2046
2061
2070
2068
2072
2058
2053
2058
2061
2056
2051
2038
2043
2049
2051
2039
2027
2040
2042
2048
2049
2055
2069
2082
2109
2129
2142
2157
2164
2163
2138
2124
2095
2066
2053
2044
2046
2043
2051
2055
2060
2049
2031
2013
2008
2009
2012
2003
2014
2050
2065
2080
2087
2067
2046
2060
2078
2064
2047
2024
2023
2026
2026
2026
2019
2039
2049
2050
2064
2082
2097
2103
2096
2084
2087
2084
2094
2104
2116
2138
2151
2139
2132
2127
2127
2126
2119
2118
2118
2115
2102
2093
2086
2085
2086
2095
2096
2107
2119
2134
2143
2141
2132
2140
2156
2159
2164
2168
2181
2196
2220
2232
2236
2244
2251
2248
2242
2256
2242
2223
2221
2195
2178
2166
2156
2133
2106
2083
2063
2051
2050
2065
2079
2077
2069
2061
2051
2050
2047
2040
2046
2051
2074
2071
2087
2110
2125
2111
2106
2119
2128
2134
2138
2155
2178
2195
2217
2243
2265
2282
2273
2271
2270
2267
2252
2234
2227
2208
2187
2158
2131
2130
2120
2108
2106
2098
2088
2094
2092
2095
2100
2119
2127
2140
2151
2162
2165
2169
2180
2194
2210
2212
2217
2214
2214
2213
2215
2215
2215
2227
2219
2233
2240
2225
2219
2214
2215
2210
2195
2192
2189
2197
2191
2196
2209
2197
2197
2193
2209
2202
2193
2199
2199
2183
2171
2157
2140
2134
2130
2135
2111
2106
2108
2090
2067
2061
2057
2049
2055
2056
2070
2090
2089
2094
2090
2095
2094
2088
2083
2080
2079
2053
2065
2077
2079
2080
2081
2079
2083
2076
2092
2102
2101
2077
2067
2077
2079
2105
2119
2139
2145
2141
2150
2144
2120
2089
2070
2057
2056
2046
2054
2052
2071
2075
2083
2108
2109
2101
2105
2091
2090
2078
2088
2074
2066
2069
2059
2061
2070
2065
2064
2069
2073
2077
2047
2031
2036
2040
2054
2074
2097
2114
2125
2137
2164
2179
2183
2196
2199
2195
2207
2205
2194
2170
2152
2151
2128
2112
2099
2077
2055
2035
2013
1994
1980
1951
1938
1918
1916
1929
1939
1973
1980
1986
2000
2013
2024
2026
2026
2045
2050
2071
2072
2082
2102
2115
2121
2133
2163
2162
2151
2140
2128
2105
2103
2070
2045
2033
2017
2012
2019
2020
2034
2034
2027
2034
2029
2025
2034
2048
2043
2043
2057
2088
2103
2110
2105
2092
2080
2080
2076
2074
2076
2085
2091
2088
2096
2102
2100
2103
2081
2048
2030
2015
1996
1968
1954
1937
1931
1951
1977
1975
1982
1980
1987
1975
1971
1961
5835
1936
1796
1699
1655
1645
1611
1567
1545
1541
1511
1474
1449
1448
1433
1473
1519
1585
1632
1722
1795
1867
1920
1963
1990
2009
2021
2038
2021
2004
1983
1973
1957
1921
1898
1888
1890
1911
1927
1937
1932
1905
1907
1894
1874
1859
1877
1905
1960
1990
2042
2075
2103
2123
2149
2139
2155
2165
2168
2127
2108
2069
2028
1994
1992
1980
1955
1909
1884
1844
1797
1765
1743
1749
1759
1771
1768
1773
1810
1851
1885
1940
1963
1980
1967
1922
1855
1795
1753
1723
1677
1612
1540
1477
1423
1382
1347
1316
1296
1339
1395
1413
1439
1451
1460
1437
1430
1459
1506
1562
1607
1637
1627
1623
1617
1623
1657
1709
1766
1812
1869
1928
1990
2066
2080
2066
2052
2020
2002
1957
1930
1881
1842
1770
1688
1581
1493
1393
1345
1311
1293
1327
1389
1474
1557
1646
1730
1825
1900
1987
2032
2054
2071
2097
2117
2178
2223
2230
2201
2189
2140
2099
2047
2011
1991
1993
2038
2075
2123
2166
2203
2222
2245
2226
2208
2179
2182
2156
2116
2011
1936
1873
1823
1773
1744
1723
1729
1762
1836
1920
1998
2057
2076
2062
2000
1906
1827
1780
1758
1763
1750
1751
1727
1725
1709
1723
1737
1789
1837
1890
1929
1977
2035
2129
2197
2228
2215
2177
2127
2052
2011
1969
1931
1890
1877
1843
1843
1843
1840
1825
1832
1843
1867
1895
1909
1899
1906
1954
2015
2052
2064
2061
2040
2017
2006
1991
1990
1988
1960
1954
1973
1988
1998
2014
2016
2002
1974
1943
1904
1875
1871
1898
1932
1958
1991
2005
2031
2073
2085
2133
2178
2236
2295
2364
2427
2482
2482
2484
2463
2446
2395
2333
2288
2258
2258
2275
2292
2330
2361
2403
2445
2469
2491
2497
2490
2457
2412
2348
2304
2261
2271
2270
2285
2284
2268
2235
2200
2136
2105
2054
2021
2001
1999
1992
1977
1952
1932
1920
1941
1948
1971
1981
1991
1977
1947
1912
1887
1894
1939
1999
2061
2118
2139
2141
2098
2075
2059
2042
2014
2009
2004
2033
2093
2151
2197
2230
2235
2216
2182
2151
2119
2081
2048
2009
1982
1934
1919
1928
1967
2001
2025
2064
2091
2090
2079
2066
2063
2078
2116
2155
2189
2233
2259
2268
2258
2244
2237
2218
2198
2129
2112
2114
2125
2156
2204
2253
2300
2342
2381
2374
2345
2312
2259
2205
2151
2082
2047
2059
2108
2158
2231
2305
2371
2418
2424
2429
2421
2417
2419
2418
2403
2354
2293
2239
2155
2067
1972
1899
1850
1850
1858
1891
1943
2002
2062
2087
2135
2199
2242
2263
2241
2187
2150
2107
2093
2097
2106
2106
2121
2128
2154
2171
2184
2175
2146
2120
2088
2084
2091
2132
2152
2184
2200
2228
2247
2285
2285
2300
2294
2308
2316
2335
2354
2372
2377
2386
2387
2393
2395
2384
2360
2337
2304
2258
2220
2190
2194
2228
2274
2304
2350
2368
2409
2432
2434
2435
2449
2462
2487
2480
2474
2450
2426
2401
2351
2344
2341
2375
2399
2460
2487
2503
2510
2535
2526
2504
2471
2425
2395
2378
2357
2327
2279
2231
2154
2078
2032
2007
2012
2059
2112
2164
2220
2264
2306
2369
2421
2456
2470
2445
2418
2412
2408
2410
2420
2413
2429
2458
2492
2539
2563
2581
2618
2615
2620
2632
2622
2610
2612
2600
2601
2593
2580
2573
2561
2514
2482
2462
2442
2410
2353
2287
2243
2202
2186
2184
2209
2249
2288
2310
2351
2416
2462
2508
2555
2571
2567
2553
2530
2528
2515
2527
2539
2568
2534
2497
2478
2466
2443
2433
2420
2432
2426
2432
2426
2425
2429
2415
2382
2352
2341
2329
2335
2327
2347
2334
2339
2353
2398
2429
2459
2481
2493
2503
2520
2519
2505
2494
2490
2484
2478
2474
2471
2481
2478
2502
2517
2512
2496
2480
2459
2452
2442
2401
2322
2241
2197
2180
2163
2159
2150
2154
2179
2169
2148
2099
2051
1994
1960
1916
1895
1882
1892
1943
2010
2078
2149
2201
2231
2266
2282
2282
2296
2303
2278
2235
2196
2152
2115
2085
2053
2044
2051
2074
2115
2159
2185
2216
2222
2240
2252
2278
2297
2312
2322
2340
2352
2352
2324
2268
2204
2140
2093
2072
2052
2030
2003
1973
1956
1976
1992
2007
2011
2055
2066
2083
2087
2082
2047
2043
2071
2119
2191
2254
2284
2290
2270
2217
2162
2102
2033
1952
1916
1891
1894
1933
1999
2039
2084
2141
2224
2313
2368
2398
2396
2362
2359
2359
2359
2338
2284
2224
2149
2089
2004
1939
1869
1825
1811
1811
1831
1864
1903
1956
1990
2029
2055
2059
2059
2040
2036
2019
2008
1989
1980
1969
1986
1984
1991
1971
1947
1891
1879
1880
1902
1940
2013
2091
2167
2237
2268
2305
2323
2334
2324
2311
2290
2272
2223
2168
2092
2048
2010
1979
1929
1847
1803
1801
1805
1821
1847
1894
1938
1949
1939
1884
1827
1765
1737
1724
1723
1743
1771
1831
1887
1919
1954
1989
2008
2019
2008
1993
1971
1940
1912
1891
1912
1954
1998
2010
2005
2000
2039
2058
2065
2043
2006
1954
1910
1861
1823
1766
1727
1705
1691
1654
1639
1629
1625
1598
1585
1605
1621
1645
1626
1626
1629
1620
1585
1597
1633
1674
1697
1721
1748
1804
1841
1837
1801
1757
1725
1701
1732
1747
1773
1776
1783
1794
1800
1780
1751
1701
1649
1606
1607
1623
1665
1702
1725
1756
1777
1833
1874
1917
1941
1925
1904
1869
1836
1824
1836
1889
1940
2004
2064
2098
2113
2100
2073
2038
1995
1944
1885
1828
1785
1767
1818
1843
1862
1888
1928
1940
1974
1992
1981
1953
1923
1900
1903
1921
1970
2034
2072
2082
2096
2107
2113
2104
2088
2063
2041
2039
2044
2055
2045
2045
2026
1997
1958
1926
1911
1878
1867
1884
1923
1978
2026
2039
2063
2075
2070
2075
2078
2075
2080
2098
2122
2162
2193
2211
2220
2223
2224
2221
2212
2197
2182
2173
2147
2071
2011
1947
1909
1869
1819
1782
1766
1745
1735
1726
1721
1703
1691
1665
1663
1675
1697
1723
1754
1803
1853
1907
1947
2007
2039
2063
2063
2044
2004
1952
1900
1878
1866
1860
1856
1868
1893
1912
1929
1959
2010
2054
2129
2171
2202
2218
2208
2158
2140
2120
2113
2088
2088
2069
2058
2037
2035
2052
2063
2063
2053
2070
2094
2148
2149
2150
2117
2074
2017
1983
1947
1971
1987
2040
2092
2147
2207
2275
2319
2326
2298
2232
2174
2107
2049
1978
1932
1913
1913
1923
1948
1976
2016
2046
2081
2130
2173
2199
2227
2251
2280
2292
2281
2234
2199
2167
2153
2159
2180
2200
2212
2223
2239
2241
2226
2221
2332
2327
2329
2309
2264
2226
2201
2206
2232
2265
2304
2350
2368
2373
2378
2347
2307
2252
2237
2228
2195
2169
2134
2106
2089
2087
2084
2119
2135
2157
2161
2172
2161
2151
2119
2107
2100
2095
2105
2116
2108
2098
2103
2144
2189
2223
2243
2252
2250
2225
2163
2109
2095
2095
2089
2039
1999
1948
1927
1899
1915
1955
2011
2054
2076
2074
2093
2116
2123
2127
2110
2103
2066
2045
2008
1976
1907
1856
1798
1774
1761
1751
1723
1691
1663
1625
1626
1655
1683
1689
1688
1724
1765
1774
1807
1836
1907
1969
2039
2127
2191
2224
2271
2303
2328
2332
2328
2303
2284
2245
2208
2196
2176
2179
2180
2174
2143
2097
2039
1983
1905
1837
1778
1728
1717
1713
1713
1737
1765
1768
1790
1827
1849
1868
1908
1944
1970
1995
2011
2067
2121
2162
2180
2192
2204
2198
2177
2145
2141
2129
2139
2142
2144
2149
2155
2155
2153
2154
2152
2154
2160
2141
2114
2110
2121
2114
2082
2031
1990
1947
1929
1951
1965
1967
1984
2036
2074
2109
2132
2132
2128
2122
2106
2108
2110
2111
2097
2070
2036
1987
1923
1878
1858
1862
1868
1870
1893
1870
1861
1846
1841
1820
1804
1795
1778
1748
1757
1743
1753
1773
1815
1846
1913
1972
2037
2067
2075
2067
2064
2083
2100
2118
2112
2102
2091
2116
2127
2130
2086
2031
1967
1907
1856
1829
1804
1814
1851
1903
1962
2044
2099
2130
2134
2072
2038
2015
2026
2034
2051
2076
2113
2197
2248
2279
2298
2323
2339
2351
2361
2363
2354
2337
2310
2280
2254
2242
2211
2180
2159
2144
2153
2183
2241
2288
2327
2332
2336
2340
2325
2303
2287
2259
2261
2259
2256
2243
2238
2281
2306
2327
2350
2418
2483
2530
2552
2562
2520
2463
2408
2315
2260
2187
2132
2097
2103
2111
2120
2143
2174
2181
2188
2168
2154
2096
2053
2024
2022
2023
2060
2089
2152
2205
2253
2283
2327
2394
2457
2502
2501
2486
2478
2457
2428
2397
2372
2351
2321
2321
2293
2294
2263
2266
2259
2266
2268
2299
2337
2368
2385
2388
2362
2339
2328
2323
2326
2330
2341
2316
2310
2302
2308
2308
2325
2326
2337
2314
2259
2214
2205
2197
2167
2144
2086
2028
1979
1970
1967
1969
1959
1967
1985
2004
2008
2011
2009
2023
2024
2030
2007
1986
1970
1942
1942
1940
1952
1998
2034
2048
2043
2020
2011
1973
1938
1873
1845
1823
1792
1761
1763
1781
1803
1852
1887
1899
1916
1931
1966
2016
2080
2128
2159
2160
2176
2171
2159
2138
2108
2078
2052
2049
2051
2040
2011
2004
1988
1979
1979
1973
1958
1926
1902
1903
1897
1878
1870
1852
1839
1861
1892
1928
1960
1996
2027
2056
2083
2109
2126
2145
2148
2137
2114
2048
1986
1899
1823
1741
1693
1662
1692
1741
1813
1889
1957
2024
2078
2098
2068
2032
1991
1960
1916
1854
1768
1701
1649
1631
1613
1610
1601
1621
1673
1783
1849
1883
1903
1931
1954
1950
1953
1948
1921
1874
1843
1804
1789
1778
1782
1767
1759
1756
1774
1802
1817
1827
1830
1779
1706
1617
1547
1493
1492
1529
1551
1588
1626
1658
1682
1694
1685
1689
1665
1637
1618
1613
1628
1641
1672
1729
1771
1827
1861
1897
1923
1928
1933
1899
1855
1785
1707
1676
1661
1655
1676
1701
1709
1747
1824
1899
1938
1969
1970
1964
1926
1881
1849
1821
1812
1815
1796
1803
1807
1835
1893
1939
1975
1984
1996
2007
2011
2021
2029
2028
2027
2011
2001
1984
1972
1982
1973
1961
1945
1936
1929
1907
1890
1924
1944
1989
2009
2028
2036
2056
2078
2092
2089
2093
2101
2132
2165
2166
2167
2161
2164
2171
2192
2196
2206
2210
2235
2265
2295
2338
2378
2404
2430
2439
2460
2499
2506
2483
2445
2404
2368
2354
2332
2330
2320
2327
2326
2331
2326
2324
2300
2275
2257
2243
2226
2216
2187
2146
2124
2090
2063
2014
1972
1915
1897
1902
1935
1975
2017
2049
2079
2100
2119
2159
2224
2274
2290
2282
2250
2228
2204
2219
2237
2276
2298
2320
2354
2386
2416
2427
2414
2394
2377
2345
2302
2255
2224
2196
2206
2238
2293
2343
2412
2470
2521
2572
2608
2611
2610
2587
2556
2504
2468
2452
2432
2403
2389
2383
2367
2363
2382
2415
2456
2519
2562
2600
2625
2630
2608
2584
2575
2531
2508
2486
2478
2458
2433
2391
2341
2300
2283
2270
2285
2321
2369
2423
2469
2510
2524
2533
2518
2521
2496
2492
2463
2447
2437
2467
2497
2535
2547
2572
2569
2581
2611
2621
2628
2593
2553
2521
2502
2470
2479
2478
2488
2496
2505
2502
2513
2516
2500
2493
2508
2526
2552
2574
2584
2578
2554
2522
2496
2488
2478
2482
2467
2456
2462
2457
2444
2450
2460
2478
2487
2516
2532
2533
2516
2492
2464
2467
2478
2508
2546
2582
2616
2635
2652
2661
2673
2675
2662
2623
2599
2580
2548
2498
2481
2492
2494
2504
2508
2528
2526
2502
2466
2424
2392
2361
2360
2364
2381
2404
2441
2491
2508
2527
2535
2522
2505
2496
2492
2500
2508
2524
2538
2560
2548
2537
2531
2518
2498
2467
2411
2362
2330
2311
2292
2290
2294
2301
2304
2313
2332
2347
2354
2341
2340
2318
2334
2339
2342
2288
2244
2204
2188
2183
2195
2190
2193
2170
2164
2149
2142
2113
2076
2059
2058
2060
2061
2109
2159
2225
2262
2313
2361
2423
2446
2504
2524
2517
2490
2463
2406
2370
2327
2286
2240
2210
2182
2148
2121
2109
2105
2079
2074
2039
2006
1966
1954
1926
1924
1958
1995
2019
2060
2098
2136
2166
2195
2214
2204
2185
2152
2138
2132
2114
2050
1958
1917
1886
1863
1856
1838
1818
1798
1808
1817
1800
1814
1847
1894
1930
1974
2005
2034
2063
2084
2080
2068
2074
2093
2139
2192
2202
2210
2216
2239
2268
2300
2330
2339
2314
2266
2223
2172
2099
2013
1905
1827
1783
1770
1795
1821
1828
1822
1817
1837
1864
1896
1927
1954
1973
2004
2038
2036
2009
1970
1949
1921
1893
1867
1885
1906
1930
1945
1960
1948
1959
1962
1973
1950
1920
1923
1932
1970
1996
2029
2057
2088
2102
2119
2100
2082
2062
2038
1993
1954
1905
1858
1823
1835
1860
1894
1940
1951
1964
1969
1996
2009
2021
2014
2025
2029
2057
2088
2144
2172
2202
2225
2246
2241
2207
2148
2100
2039
2015
1987
1941
1911
1908
1914
1936
1966
2011
2053
2104
2148
2150
2126
2075
2035
1962
1908
1881
1884
1890
1909
1930
1942
1945
1947
1934
1914
1906
1920
1952
1980
2012
2030
2065
2110
2133
2149
2144
2131
2107
2043
1961
1885
1823
1762
1699
1694
1728
1790
1838
1844
1847
1849
1873
1909
1948
1999
2065
2079
2099
2077
2060
2038
2020
1985
1983
1995
1994
1991
1950
1912
1880
1843
1799
1811
1839
1873
1892
1906
1934
1962
2013
2045
2072
2110
2124
2138
2138
2158
2191
2232
2262
2274
2277
2261
2248
2209
2171
2132
2093
2039
1978
1934
1910
1892
1857
1810
1767
1720
1675
1670
1650
1650
1646
1652
1683
1735
1806
1880
1943
2031
2088
2127
2130
2115
2102
2092
2104
2127
2158
2172
2210
2224
2239
2227
2239
2248
2283
2299
2309
2294
2271
2225
2200
2178
2175
2176
2185
2180
2178
2175
2162
2150
2140
2154
2168
2205
2252
2313
2370
2404
2368
2339
2306
2280
2237
2212
2179
2179
2151
2127
2096
2073
2082
2080
2122
2141
2156
2186
2214
2241
2294
2335
2360
2362
2321
2290
2282
2301
2312
2339
2365
2369
2352
2315
2249
2173
2091
2009
1943
1906
1881
1892
1888
1900
1910
1907
1885
1869
1872
1873
1871
1852
1830
1812
1811
1828
1838
1842
1842
1855
1869
1879
1887
1895
1879
1880
1873
1879
1885
1910
1902
1917
1951
1981
2002
2013
2042
2072
2113
2147
2142
2125
2088
2033
2003
1962
1955
1945
1949
1932
1930
1913
1936
1957
1970
1954
1946
1924
1881
1851
1842
1835
1834
1848
1903
1968
2018
2044
2046
2043
2029
2012
1965
1961
1966
2004
2033
2052
2040
2032
2026
2034
2052
2076
2110
2147
2178
2197
2172
2146
2126
2118
2120
2122
2157
2180
2212
2195
2189
2162
2096
2016
1942
1866
1795
1779
1799
1869
1937
1997
2034
2064
2098
2144
2158
2167
2172
2190
2200
2193
2160
2140
2119
2090
2079
2085
2071
2060
2099
2115
2107
2092
2077
2060
2044
2033
2054
2087
2132
2177
2219
2274
2333
2360
2372
2366
2364
2350
2332
2315
2298
2266
2202
2131
2059
1998
1929
1884
1865
1841
1871
1899
1934
1974
2012
2052
2087
2092
2091
2085
2066
2037
2029
2045
2071
2107
2150
2170
2173
2142
2114
2126
2138
2148
2122
2099
2075
2084
2104
2161
2209
2264
2328
2368
2401
2404
2407
2384
2367
2324
2321
2355
2372
2374
2361
2384
2424
2473
2509
2528
2538
2554
2578
2603
2628
2636
2641
2603
2586
2552
2556
2554
2568
2569
2544
2530
2541
2532
2526
2523
2530
2498
2498
2514
2516
2526
2530
2554
2570
2584
2586
2575
2550
2532
2504
2492
2478
2460
2422
2380
2355
2354
2357
2376
2379
2367
2390
2413
2439
2454
2446
2411
2380
2346
2280
2225
2182
2149
2131
2115
2110
2150
2195
2218
2242
2285
2312
2326
2304
2280
2250
2230
2210
2201
2204
2206
2238
2238
2237
2201
2169
2156
2160
2166
2197
2202
2213
2218
2200
2176
2156
2140
2138
2148
2162
2177
2179
2211
2214
2198
2146
2084
2010
2002
1975
1982
1976
2003
2041
2074
2120
2164
2196
2234
2271
2268
2262
2227
2194
2139
2093
2022
1976
1919
1888
1865
1846
1833
1831
1848
1897
1971
2046
2102
2167
2226
2282
2332
2334
2326
2305
2270
2211
2194
2155
2113
2083
2065
2059
2092
2128
2181
2208
2231
2253
2277
2303
2312
2355
2394
2419
2411
2420
2403
2382
2359
2306
2265
2233
2206
2196
2168
2134
2084
2037
2005
1995
1994
1972
1968
1974
1981
1986
1998
2011
2038
2066
2082
2068
2060
2039
2019
1977
1930
1867
1834
1824
1851
1895
1930
1958
1983
1996
2026
2077
2112
2155
2189
2230
2258
2283
2301
2317
2313
2286
2222
2130
2055
1974
1903
1827
1757
1695
1689
1689
1702
1733
1764
1821
1876
1935
1963
1967
1950
1916
1893
1896
1899
1907
1907
1907
1914
1928
1964
1990
2017
2025
2043
2054
2071
2076
2093
2114
2130
2137
2141
2151
2160
2175
2197
2212
2236
2261
2279
2284
2246
2211
2158
2119
2072
2053
2034
2044
2033
2051
2049
2070
2092
2126
2151
2188
2228
2268
2292
2309
2316
2315
2316
2285
2248
2208
2176
2124
2082
2011
1997
2008
2020
2025
2026
1997
1967
1900
1857
1845
1803
1779
1773
1785
1801
1811
1809
1803
1814
1867
1912
1952
1963
1984
1999
2014
1982
1965
1956
1970
1956
1896
1828
1773
1756
1742
1737
1743
1773
1836
1870
1888
1916
1956
2015
2047
2070
2093
2090
2077
2057
2051
2041
2037
2075
2093
2109
2101
2089
2087
2079
2092
2103
2086
2094
2089
2080
2054
2037
2004
1974
1937
1891
1844
1814
1785
1786
1794
1797
1832
1879
1933
2003
2067
2099
2104
2063
2010
1995
2013
2040
2071
2067
2088
2114
2125
2095
2069
2066
2073
2062
2046
2041
2032
2030
2028
2050
2057
2096
2136
2187
2231
2275
2301
2334
2359
2377
2374
2364
2314
2235
2130
2009
1918
1851
1811
1785
1757
1710
1715
1721
1752
1764
1808
1844
1914
1947
1979
1968
1951
1935
1920
1881
1872
1892
1903
1922
1922
1907
1881
1869
1852
1854
1827
1819
1804
1796
1801
1827
1871
1928
1963
1966
1949
1939
1943
1966
2021
2078
2176
2247
2293
2288
2256
2220
2166
2135
2127
2107
2099
2086
2109
2111
2088
2043
1989
1966
1945
1944
1951
1967
1996
1991
1982
1953
1964
1980
2009
2025
2044
2082
2105
2103
2064
2027
2000
1999
2003
2030
2054
2076
2082
2086
2069
2042
2031
2014
2012
2024
2062
2085
2096
2117
2156
2192
2231
2286
2329
2363
2374
2366
2309
2265
2224
2205
2175
2150
2147
2161
2184
2219
2252
2282
2285
2245
2210
2158
2119
2116
2114
2092
2090
2088
2088
2132
2147
2154
2151
2175
2172
2159
2135
2135
2130
2118
2076
2054
2049
2067
2056
2051
2065
2080
2109
2115
2127
2111
2094
2081
2072
2055
2052
2022
1990
1942
1926
1932
1934
1943
1946
1933
1936
1949
1936
1914
1873
1877
1889
1902
1912
1936
1943
1941
1943
1960
1969
2011
2044
2093
2125
2157
2163
2148
2119
2103
2086
2087
2103
2135
2152
2170
2165
2154
2161
2151
2133
2105
2069
2040
2017
1997
1993
1997
1997
2026
2061
2067
2088
2109
2135
2120
2060
2009
1944
1921
1917
1915
1953
1998
2049
2101
2162
2176
2184
2191
2196
2185
2182
2164
2147
2155
2168
2189
2233
2308
2368
2432
2493
2547
2548
2542
2524
2507
2491
2471
2440
2397
2331
2280
2260
2242
2230
2201
2170
2130
2134
2122
2129
2148
2152
2150
2130
2105
2113
2094
2074
2029
1994
1957
1897
1857
1839
1835
1838
1870
1905
1935
1954
1957
1965
2003
2031
2077
2107
2168
2250
2315
2350
2372
2395
2408
2399
2370
2329
2292
2287
2290
2296
2278
2270
2263
2255
2217
2203
2176
2154
2133
2111
2068
2059
2062
2055
2071
2085
2104
2124
2128
2119
2107
2085
2083
2086
2112
2140
2185
2214
2196
2147
2120
2076
2028
1970
1928
1869
1825
1790
1776
1776
1780
1783
1798
1852
1876
1889
1901
1915
1942
1987
2048
2092
2122
2132
2097
2027
1956
1886
1833
1805
1806
1790
1775
1775
1805
1840
1885
1922
1930
1922
1903
1897
1899
1921
1946
2003
2025
2049
2057
2087
2088
2072
2062
2085
2101
2125
2140
2144
2132
2098
2049
1973
1932
1893
1853
1809
1761
1711
1677
1652
1661
1654
1646
1665
1709
1740
1760
1767
1767
1807
1850
1911
1960
2020
2082
2149
2163
2162
2142
2129
2104
2080
2046
2009
1978
1987
2019
2049
2105
2152
2189
2206
2196
2138
2085
2012
1958
1914
1881
1845
1852
1852
1833
1802
1797
1785
1764
1739
1711
1697
1694
1719
1749
1826
1884
1935
1953
1960
1954
1957
1932
1910
1863
1860
1869
1904
1945
1980
2024
2065
2105
2140
2145
2110
2061
2013
1972
1927
1899
1899
1911
1926
1935
1942
1968
1972
1957
1918
1866
1832
1814
1819
1816
1819
1825
1840
1845
1845
1861
1866
1853
1858
1863
1884
1925
1942
1958
1959
1957
1964
1970
1997
1997
2000
1990
1994
2004
2010
2024
2019
2008
2009
2013
2017
2007
1997
1985
1999
2011
2022
2026
2044
2042
2041
2050
2063
2088
2090
2081
2107
2122
2140
2168
2186
2198
2196
2213
2225
2249
2233
2214
2189
2182
2186
2205
2227
2241
2264
2278
2328
2356
2360
2354
2354
2336
2311
2256
2200
2150
2135
2122
2137
2123
2105
2082
2088
2095
2076
2071
2031
1997
1963
1940
1917
1940
1932
1947
1962
1992
1986
2006
2030
2024
2029
2017
1999
2010
2033
2079
2177
2222
2241
2219
2228
2215
2198
2178
2160
2136
2103
2028
1977
1943
1915
1885
1847
1810
1805
1810
1809
1832
1876
1937
2022
2076
2069
2072
2073
2086
2109
2091
2052
2036
2015
1991
1940
1910
1886
1860
1858
1876
1895
1899
1899
1909
1927
1963
1991
1992
2003
2016
2021
2019
1992
1979
1967
1966
1942
1910
1883
1882
1894
1921
1955
1975
1996
2011
2042
2034
2021
2010
1977
1959
1938
1907
1869
1825
1769
1681
1568
1496
1435
1392
1375
1379
1391
1440
1587
1725
1844
1975
2074
2145
2158
2166
2140
2114
2045
1980
1905
1841
1786
1773
1783
1817
1874
1913
1971
2003
2024
2036
2052
2032
2031
2027
2058
2070
2072
2040
1995
1969
1967
1992
2036
2066
2114
2158
2208
2200
2129
2061
1978
1894
1799
1731
1675
1648
1641
1687
1691
1682
1663
1656
1622
1607
1601
1589
1588
1630
1674
1722
1769
1787
1817
1807
1797
1764
1717
1673
1662
1671
1715
1788
1853
1935
2011
2077
2130
2149
2133
2118
2093
2049
1990
1929
1866
1835
1829
1840
1849
1839
1814
1778
1732
1715
1719
1756
1817
1855
1864
1860
1853
1845
1826
1812
1813
1827
1863
1927
2011
2084
2149
2209
2215
2210
2184
2160
2085
1997
1886
1797
1751
1735
1765
1819
1896
1955
2025
2086
2185
2245
2301
2316
2350
2345
2342
2339
2334
2300
2280
2235
2153
2120
2075
2045
2045
2057
2080
2101
2142
2212
2270
2335
2369
2384
2370
2380
2359
2335
2292
2292
2283
2288
2269
2243
2194
2164
2173
2165
2159
2134
2135
2118
2130
2120
2120
2106
2117
2110
2100
2080
2088
2094
2107
2136
2190
2241
2299
2328
2335
2343
2330
2317
2297
2278
2249
2237
2209
2184
2167
2154
2144
2175
2235
2312
2403
2460
2484
2496
2484
2462
2423
2374
2338
2306
2268
2237
2213
2170
2156
2128
2136
2151
2164
2178
2191
2190
2178
2151
2092
2048
2006
1987
1963
1943
1932
1937
1905
1880
1875
1874
1905
1925
1938
1958
1991
2008
2020
2030
2057
2060
2061
2036
1994
1986
1977
1997
2001
1999
1987
1987
1985
1981
1987
2000
1998
2004
1999
2008
2003
2010
1997
1967
1940
1907
1871
1832
1781
1766
1793
1818
1874
1933
1999
2045
2106
2127
2147
2155
2153
2099
2024
1950
1894
1863
1835
1820
1807
1792
1779
1803
1880
1959
2015
2066
2085
2093
2071
2021
1946
1933
1929
1961
1975
2002
2012
2033
2057
2074
2122
2158
2207
2218
2239
2238
2222
2178
2135
2099
2052
1986
1921
1870
1862
1948
1868
1787
1719
1707
1664
1631
1637
1663
1727
1783
1817
1857
1912
1973
2037
2093
2125
2156
2187
2238
2282
2331
2390
2414
2432
2425
2397
2358
2330
2287
2212
2148
2100
2044
2011
1983
1960
1945
1936
1954
1987
2015
2058
2107
2134
2140
2132
2102
2077
2040
2021
1992
1931
1883
1856
1852
1857
1891
1939
2015
2091
2154
2224
2255
2270
2256
2221
2177
2134
2079
1998
1913
1839
1778
1720
1660
1633
1621
1590
1573
1618
1679
1774
1843
1917
1972
2030
2063
2109
2125
2172
2233
2316
2377
2416
2455
2443
2434
2396
2369
2327
2298
2288
2316
2347
2348
2311
2279
2207
2161
2129
2134
2127
2113
2121
2137
2188
2206
2252
2253
2257
2243
2266
2301
2329
2349
2375
2380
2398
2391
2404
2396
2359
2315
2311
2322
2339
2327
2302
2283
2260
2225
2223
2226
2211
2210
2203
2234
2257
2299
2326
2341
2353
2365
2378
2412
2467
2502
2530
2534
2539
2552
2538
2516
2487
2455
2424
2401
2365
2315
2270
2240
2209
2193
2212
2217
2233
2241
2245
2252
2254
2277
2286
2262
2247
2255
2243
2240
2201
2176
2128
2088
2064
2040
2005
1972
1971
1979
2001
2021
2051
2062
2083
2104
2137
2166
2184
2187
2179
2179
2162
2141
2102
2059
2015
1973
1925
1938
1967
2005
2017
2001
1955
1922
1875
1839
1825
1806
1797
1791
1796
1791
1806
1796
1785
1758
1737
1707
1735
1769
1795
1808
1804
1765
1719
1642
1551
1488
1413
1368
1338
1325
1319
1327
1343
1368
1400
1453
1487
1534
1567
1614
1672
1689
1666
1641
1629
1620
1630
1630
1612
1598
1598
1587
1577
1581
1596
1616
1659
1678
1715
1745
1779
1839
1913
1980
2058
2103
2138
2154
2148
2125
2097
2067
2005
1917
1826
1741
1671
1612
1522
1446
1371
1345
1335
1339
1369
1399
1421
1432
1429
1463
1516
1574
1609
1606
1617
1633
1656
1692
1717
1748
1785
1800
1801
1797
1770
1743
1738
1731
1727
1710
1706
1726
1804
1859
1917
1970
2029
2067
2088
2084
2070
2031
2008
1984
2001
2026
2064
2090
2109
2120
2142
2163
2188
2193
2197
2202
2243
2283
2318
2355
2354
2346
2314
2302
2250
2208
2150
2102
2059
2018
1977
1941
1890
1895
1930
1959
2004
2010
1997
1951
1914
1861
1814
1785
1777
1783
1794
1768
1753
1748
1728
1697
1666
1651
1677
1739
1814
1862
1888
1879
1828
1755
1686
1654
1609
1597
1597
1623
1653
1713
1759
1781
1820
1845
1864
1887
1902
1903
1903
1884
1875
1881
1890
1908
1936
1946
1933
1915
1937
1953
1947
1951
1978
2003
2028
2017
2011
2008
2018
2034
2046
2050
2046
2073
2091
2106
2094
2058
2037
1994
1946
1891
1839
1829
1831
1812
1798
1789
1807
1816
1817
1821
1835
1852
1825
1769
1691
1608
1474
1395
1365
1371
1419
1495
1545
1619
1694
1715
1717
1735
1779
1828
1871
1941
2030
2079
2135
2202
2244
2219
2168
2099
2038
1991
1942
1887
1852
1804
1787
1762
1751
1743
1739
1746
1757
1784
1805
1823
1823
1819
1779
1708
1628
1589
1537
1493
1447
1437
1395
1358
1323
1294
1285
1297
1313
1339
1375
1391
1409
1419
1453
1478
1505
1513
1537
1577
1632
1676
1736
1764
1752
1721
1700
1683
1649
1613
1586
1561
1522
1508
1502
1479
1425
1391
1336
1285
1223
1208
1217
1263
1327
1438
1528
1611
1670
1691
1715
1727
1767
1803
1844
1859
1875
1884
1896
1924
1971
1979
1987
1966
1923
1870
1812
1743
1695
1659
1642
1640
1646
1598
1579
1567
1561
1538
1522
1503
1479
1467
1443
1443
1464
1487
1495
1500
1552
1591
1629
1680
1719
1723
1725
1723
1690
1642
1585
1555
1551
1574
1606
1641
1655
1691
1725
1768
1809
1870
1927
2004
2072
2103
2124
2123
2148
2166
2155
2137
2131
2104
2076
2024
1995
1970
1964
1943
1945
1956
1977
1986
1996
1987
1967
1909
1857
1855
1834
1825
1837
1855
1867
1907
1949
1995
2042
2106
2110
2105
2086
2083
2046
2001
1945
1887
1810
1727
1633
1567
1534
1533
1569
1611
1677
1757
1862
1976
2111
2207
2312
2348
2353
2334
2317
2274
2233
2197
2154
2119
2086
2039
2015
1990
1942
1893
1812
1755
1702
1679
1683
1729
1796
1850
1911
1970
2033
2095
2149
2204
2259
2269
2238
2227
2210
2197
2189
2178
2180
2186
2177
2201
2202
2205
2203
2215
2215
2208
2212
2194
2185
2191
2201
2220
2247
2235
2175
2125
2083
2045
2036
2007
2019
2021
2035
2027
2031
2043
2056
2070
2101
2135
2159
2186
2210
2218
2227
2235
2217
2221
2214
2207
2183
2171
2164
2184
2176
2181
2170
2151
2080
2024
1962
1912
1869
1843
1832
1865
1917
1957
1977
1967
1966
1949
1967
1971
1998
1999
2027
2045
2075
2081
2121
2196
2271
2336
2398
2433
2461
2492
2501
2503
2487
2486
2448
2399
2348
2360
2376
2412
2412
2408
2378
2382
2389
2390
2375
2356
2338
2336
2348
2348
2380
2399
2411
2409
2435
2441
2415
2354
2285
2226
2164
2111
2089
2062
2046
2049
2084
2103
2128
2162
2169
2178
2183
2191
2214
2263
2290
2289
2277
2252
2209
2173
2122
2111
2130
2181
2225
2270
2320
2357
2380
2394
2411
2418
2407
2398
2391
2416
2418
2411
2357
2313
2252
2207
2168
2146
2145
2187
2252
2316
2364
2404
2432
2468
2498
2499
2486
2487
2508
2508
2516
2536
2563
2579
2600
2598
2589
2553
2540
2533
2535
2538
2514
2504
2508
2505
2497
2489
2466
2439
2393
2373
2358
2362
2388
2432
2460
2473
2481
2498
2500
2499
2482
2492
2484
2479
2466
2451
2455
2445
2449
2457
2441
2404
2388
2350
2320
2283
2260
2234
2211
2215
2232
2237
2226
2213
2208
2213
2262
2302
2331
2353
2381
2418
2451
2500
2514
2540
2547
2554
2557
2557
2557
2591
2613
2624
2623
2608
2599
2600
2600
2580
2556
2527
2503
2492
2484
2446
2410
2365
2299
2260
2245
2257
2276
2299
2346
2389
2413
2434
2443
2468
2471
2454
2447
2424
2402
2384
2370
2366
2379
2415
2444
2455
2453
2463
2454
2462
2472
2477
2486
2482
2480
2474
2476
2486
2490
2497
2493
2483
2482
2470
2451
2440
2435
2440
2439
2436
2398
2363
2322
2288
2237
2183
2150
2118
2059
2061
2088
2118
2157
2194
2199
2155
2091
2025
1985
1937
1898
1873
1861
1866
1904
1945
1979
2018
2056
2077
2100
2135
2154
2154
2113
2076
2044
2035
2001
1999
1999
2041
2075
2113
2118
2092
2043
1991
1946
1899
1858
1826
1782
1725
1706
1690
1712
1739
1791
1826
1880
1924
1984
2017
2067
2094
2088
2088
2073
2043
1992
1943
1854
1782
1709
1680
1681
1710
1718
1730
1737
1770
1793
1826
1846
1853
1834
1830
1826
1827
1862
1890
1918
1921
1936
1936
1951
1935
1945
1945
1948
1955
1972
1987
1998
2003
2004
2023
2037
2038
2039
2027
2040
2073
2108
2147
2184
2223
2256
2285
2315
2275
2197
2112
1997
1902
1857
1847
1890
1941
1981
2020
2059
2102
2137
2138
2095
2048
2006
2002
2014
2006
1971
1925
1881
1867
1849
1816
1763
1739
1680
1603
1555
1528
1522
1558
1645
1701
1725
1710
1710
1708
1727
1725
1752
1795
1880
1954
2078
2122
2152
2168
2166
2156
2138
2111
2079
2068
2001
1920
1854
1791
1755
1738
1768
1811
1819
1830
1819
1822
1803
1811
1826
1872
1901
1914
1899
1917
1920
1938
1940
1944
1970
2010
2060
2085
2117
2139
2136
2108
2082
2050
2029
1993
1978
1967
1967
1989
1983
1936
1911
1869
1835
1823
1839
1847
1865
1891
1902
1917
1932
1975
2050
2107
2152
2199
2242
2288
2299
2300
2318
2305
2299
2311
2321
2316
2328
2345
2361
2382
2363
2326
2266
2227
2203
2229
2236
2225
2229
2224
2217
2231
2237
2233
2218
2216
2247
2297
2327
2322
2305
2273
2215
2162
2122
2086
2073
2047
2020
1997
1989
2008
2020
2012
1996
1975
1948
1948
1983
2015
2041
2040
2029
2029
2019
2026
2026
2037
2032
2028
2021
2004
1964
1955
1934
1954
1976
2008
2037
2073
2110
2153
2227
2282
2314
2303
2285
2267
2268
2246
2208
2150
2102
2074
2043
2005
1988
1965
1978
2003
2031
2039
2023
2020
2022
2039
2026
2027
1993
1986
2007
2046
2055
2055
2043
2077
2125
2185
2225
2259
2262
2254
2263
2240
2220
2169
2136
2083
2031
1948
1873
1843
1856
1888
1916
1948
1971
1997
2009
2010
2005
2020
2027
2037
2055
2072
2060
2054
2034
2022
2020
2020
2007
1995
1989
2011
2051
2091
2122
2158
2215
2261
2312
2335
2337
2317
2267
2186
2098
2036
1977
1960
1954
1947
1943
1944
1971
1967
1930
1895
1841
1845
1862
1887
1911
1967
2038
2084
2110
2096
2068
2065
2085
2094
2030
1965
1919
1928
1940
1960
1955
1972
1997
2031
2062
2090
2115
2146
2147
2156
2125
2103
2092
2103
2134
2159
2191
2191
2165
2144
2130
2124
2142
2139
2138
2118
2080
2039
2012
1998
2019
2036
2072
2100
2151
2197
2238
2261
2254
2249
2249
2262
2275
2304
2319
2338
2367
2403
2435
2469
2512
2526
2496
2486
2464
2430
2386
2333
2260
2186
2121
2083
2043
1991
1952
1935
1943
1957
1993
2027
2032
2014
1975
1949
1931
1933
1952
1962
1987
2024
2069
2114
2183
2202
2191
2178
2172
2185
2217
2260
2300
2355
2407
2451
2504
2547
2572
2572
2564
2532
2487
2432
2376
2330
2267
2206
2147
2099
2059
2037
2023
2030
2014
2006
2024
2051
2074
2088
2095
2122
2164
2212
2260
2275
2297
2319
2338
2356
2354
2361
2374
2377
2364
2354
2357
2357
2371
2375
2372
2362
2317
2287
2276
2276
2279
2268
2257
2262
2267
2276
2270
2293
2294
2307
2333
2344
2320
2312
2310
2278
2237
2212
2178
2150
2127
2115
2107
2078
2062
2047
2038
2006
1978
1950
1945
1938
1946
1969
2046
2069
2070
2056
2059
2055
2046
2045
2051
2051
2039
2050
2049
2045
2039
2080
2101
2107
2090
2089
2074
2089
2066
2071
2092
2125
2167
2210
2250
2267
2275
2276
2242
2161
2083
2037
2016
2006
1997
2000
2039
2090
2126
2158
2184
2185
2176
2162
2138
2120
2099
2094
2087
2068
2069
2076
2088
2088
2070
2057
2065
2059
2056
2028
2016
2042
2073
2122
2170
2215
2262
2316
2382
2429
2458
2476
2482
2478
2455
2453
2437
2416
2357
2296
2229
2191
2160
2114
2036
1974
1929
1881
1832
1769
1713
1676
1659
1685
1757
1807
1866
1908
1941
1971
2009
2032
2049
2074
2109
2134
2181
2207
2258
2287
2300
2320
2345
2349
2336
2318
2277
2247
2197
2152
2064
2002
1961
1955
1954
1973
2006
2026
2019
2019
2007
2016
2051
2054
2072
2061
2082
2109
2155
2185
2180
2142
2111
2079
2083
2053
2034
2018
2046
2092
2117
2134
2152
2145
2107
2055
1971
1914
1854
1806
1761
1736
1741
1794
1883
1935
1947
1957
1941
1923
1869
1838
1815
47.21191406
1.662084937
999
