5835
1661
1719
1749
1767
1819
1811
1863
1879
1931
1914
1963
1919
1990
1958
2009
1944
2001
1951
1957
1877
1879
1838
1864
1804
1813
1791
1807
1801
1793
1778
1803
1851
1860
1857
1840
1876
1862
1887
1823
1843
1820
1854
1817
1828
1813
1855
1830
1825
1791
1829
1834
1846
1827
1814
1826
1827
1834
1805
1811
1765
1795
1757
1795
1742
1812
1788
1853
1815
1859
1853
1914
1871
1894
1838
1856
1836
1823
1784
1794
1795
1810
1792
1768
1781
1788
1812
1797
1828
1833
1867
1812
1849
1800
1875
1832
1863
1800
1839
1811
1873
1833
1854
1822
1863
1830
1836
1821
1805
1813
1802
1802
1787
1817
1818
1847
1819
1855
1867
1915
1887
1909
1891
1926
1918
1944
1911
1924
1902
1906
1873
1877
1891
1895
1899
1850
1845
1824
1844
1822
1834
1790
1837
1787
1820
1778
1825
1824
1877
1841
1882
1863
1943
1910
1954
1914
1926
1931
1939
1924
1934
1942
1953
1970
1938
1956
1916
1969
1941
1967
1927
1985
1939
1988
1936
1994
1962
2010
1946
2006
1976
2038
2005
2028
1986
2021
1998
2006
1979
1957
1961
1984
1998
1996
2013
2016
2079
2041
2068
2032
2077
2041
2058
2025
2053
2048
2071
2039
2057
2067
2108
2095
2073
2053
2030
2044
2012
2011
1985
2004
1990
2027
1992
2011
1983
2018
1971
1978
1938
1913
1920
1909
1892
1871
1891
1886
1927
1888
1938
1926
1982
1949
1987
1944
1998
1947
1995
1941
1983
1951
2008
1992
2026
2010
2034
2042
2048
2048
2062
2101
2064
2101
2058
2108
2080
2142
2078
2127
2041
2074
2008
2012
1931
1975
1919
1939
1917
1887
1889
1909
1943
1935
1952
1933
2004
2003
2048
2028
2081
2081
2131
2100
2141
2111
2176
2159
2174
2122
2153
2131
2130
2097
2075
2078
2087
2081
2065
2061
2062
2118
2105
2149
2130
2195
2167
2205
2173
2180
2174
2194
2153
2160
2134
2115
2126
2087
2086
2047
2097
2071
2090
2040
2097
2062
2119
2060
2092
2041
2109
2078
2110
2091
2083
2097
2137
2151
2138
2160
2121
2201
2167
2226
2163
2219
2161
2195
2125
2153
2112
2169
2113
2154
2101
2130
2155
2160
2163
2137
2158
2161
2189
2171
2201
2178
2227
2186
2210
2156
2199
2180
2194
2145
2151
2138
2171
2129
2125
2093
2086
2088
2052
2056
2047
2086
2079
2124
2082
2114
2090
2127
2064
2086
2059
2093
2091
2092
2069
2087
2107
2116
2101
2099
2129
2115
2127
2099
2108
2088
2118
2054
2092
2020
2088
2065
2124
2088
2150
2132
2179
2159
2158
2138
2183
2187
2177
2174
2137
2161
2130
2135
2075
2105
2091
2134
2093
2115
2070
2134
2128
2171
2152
2191
2180
2196
2195
2179
2179
2188
2207
2175
2208
2177
2205
2187
2224
2179
2212
2207
2256
2208
2213
2176
2217
2208
2229
2217
2202
2228
2228
2245
2227
2252
2240
2263
2226
2236
2206
2244
2211
2231
2176
2193
2198
2219
2217
2206
2211
2227
2252
2218
2245
2186
2242
2214
2266
2205
2254
2235
2301
2276
2308
2279
2338
2312
2330
2292
2268
2274
2273
2259
2224
2228
2228
2261
2191
2215
2155
2207
2158
2187
2129
2196
2183
2239
2181
2221
2182
2243
2209
2233
2213
2243
2263
2259
2245
2239
2252
2231
2254
2205
2217
2203
2235
2176
2183
2137
2173
2142
2152
2115
2147
2139
2174
2159
2173
2172
2178
2183
2167
2186
2183
2207
2179
2199
2147
2176
2140
2151
2098
2135
2125
2147
2144
2154
2147
2154
2166
2136
2143
2101
2138
2121
2173
2120
2153
2108
2167
2140
2172
2126
2154
2114
2147
2127
2116
2132
2124
2159
2143
2161
2138
2187
2168
2215
2149
2188
2163
2234
2186
2211
2171
2180
2186
2202
2176
2162
2184
2168
2211
2157
2162
2109
2156
2117
2131
2100
2111
2087
2112
2077
2051
2021
2035
2023
1988
1972
1933
1965
1955
1978
1947
2009
1994
2037
1998
2002
1990
2051
2028
2050
2058
2069
2099
2101
2094
2078
2124
2107
2153
2087
2125
2083
2154
2090
2122
2082
2123
2105
2137
2089
2112
2090
2161
2152
2128
2142
2145
2174
2152
2167
2142
2167
2119
2163
2105
2151
2113
2179
2126
2158
2093
2127
2106
2131
2095
2099
2090
2095
2096
2084
2079
2081
2099
2077
2089
2060
2098
2097
2146
2116
2152
2144
2204
2186
2199
2176
2177
2177
2170
2139
2112
2091
2064
2076
2020
2034
1995
2048
2005
2014
2004
2027
2058
2087
2064
2067
2079
2057
2104
2074
2092
2070
2133
2086
2089
2043
2058
2021
2062
1998
2005
1973
2013
1983
1969
1975
1943
1986
1972
1976
1944
1989
1942
2009
1956
1991
1940
2023
1990
2030
2008
2015
2016
2040
2010
1992
1981
1955
2017
1973
2013
1961
2020
2000
2023
2017
2003
2022
2058
2073
2072
2054
2076
2067
2118
2090
2126
2094
2151
2119
2141
2114
2096
2082
2099
2078
2063
2059
2074
2077
2043
2069
2023
2087
2076
2109
2050
2066
2043
2063
2045
2051
2032
2064
2063
2056
2085
2042
2084
2073
2103
2056
2091
2048
2108
2069
2099
2044
2087
2047
2069
2053
2020
2015
2020
2020
1999
1997
1995
2027
1987
2053
2010
2081
2064
2114
2044
2064
2026
2046
2011
2004
1967
1978
1979
1983
2000
1955
1984
1964
2026
1991
2009
1990
2037
2031
2056
2008
2010
2004
2002
1972
1948
1951
1951
1959
1911
1903
1846
1859
1844
1865
1836
1863
1848
1903
1870
1898
1928
1918
1955
1939
1955
1917
1947
1909
1962
1915
1963
1902
1971
1936
1981
1953
1960
1963
1981
1964
1951
1944
1954
1954
1897
1931
1854
1915
1893
1942
1888
1971
1954
2023
1986
2016
1978
2045
2031
2042
2040
2015
2036
2054
2063
2040
2052
2033
2102
2054
2068
2007
2050
2023
2037
2004
1981
1963
1993
1991
1990
2007
2045
2068
2068
2090
2061
2110
2105
2129
2071
2092
2070
2096
2086
2068
2056
2051
2073
2045
2058
1999
2017
1981
2010
1945
1987
1956
1999
1996
2029
2025
2049
2055
2079
2091
2060
2074
2037
2072
2023
2064
2016
2090
2057
2106
2059
2099
2087
2124
2089
2089
2104
2052
2083
2059
2072
2038
2087
2062
2133
2075
2128
2074
2157
2129
2172
2141
2153
2137
2166
2146
2133
2118
2143
2156
2119
2130
2086
2145
2136
2168
2115
2153
2116
2156
2130
2141
2100
2130
2137
2144
2139
2100
2121
2126
2152
2115
2128
2106
2164
2156
2160
2129
2158
2171
2180
2174
2141
2155
2145
2167
2130
2151
2120
2169
2162
2190
2156
2204
2197
2229
2174
2188
2190
2199
2211
2185
2188
2179
2211
2163
2220
2169
2204
2163
2241
2198
2260
2255
2311
2293
2331
2302
2324
2318
2354
2329
2296
2308
2282
2325
2290
2293
2252
2293
2265
2310
2271
2302
2265
2322
2270
2282
2252
2261
2265
2275
2260
2252
2263
2246
2291
2239
2246
2205
2254
2226
2234
2204
2210
2214
2244
2245
2242
2246
2262
2285
2256
2275
2218
2283
2246
2282
2217
2252
2225
2254
2199
2204
2159
2204
2185
2187
2198
2166
2221
2199
2208
2172
2203
2161
2229
2159
2175
2105
2166
2117
2129
2084
2076
2067
2087
2074
2062
2054
2074
2098
2059
2085
2034
2082
2039
2061
2005
2041
2003
2044
2037
2065
2061
2111
2129
2147
2167
2139
2158
2164
2186
2150
2156
2134
2156
2121
2121
2065
2061
2049
2045
2030
2018
2039
2054
2087
2071
2106
2087
2137
2123
2162
2129
2147
2126
2183
2151
2162
2157
2144
2184
2174
2178
2156
2194
2149
2209
2155
2193
2141
2215
2168
2206
2177
2195
2202
2234
2223
2220
2214
2228
2232
2173
2184
2109
2165
2110
2130
2056
2102
2077
2138
2065
2107
2078
2151
2113
2150
2142
2130
2144
2140
2109
2090
2095
2077
2128
2091
2125
2090
2172
2144
2170
2161
2167
2164
2173
2140
2139
2148
2172
2199
2148
2167
2117
2159
2141
2149
2102
2133
2118
2153
2123
2134
2112
2136
2146
2123
2137
2101
2128
2106
2139
2100
2139
2130
2190
2159
2162
2108
2139
2115
2135
2111
2058
2040
2017
2033
1986
1976
1933
1970
1929
1966
1896
1923
1871
1916
1822
1837
1796
1815
1811
1818
1806
1817
1848
1855
1914
1861
1900
1885
1942
1878
1895
1852
1886
1860
1875
1820
1821
1810
1827
1799
1771
1760
1748
1784
1756
1754
1723
1755
1733
1759
1718
1728
1695
1720
1687
1705
1726
1737
1797
1796
1821
1824
1871
1849
1912
1871
1901
1872
1914
1870
1874
1844
1817
1825
1825
1814
1761
1756
1742
1763
1710
1754
1689
1752
1695
1741
1687
1756
1734
1778
1763
1812
1796
1829
1838
1833
1870
1833
1863
1855
1887
1831
1854
1814
1874
1818
1855
1806
1851
1833
1866
1857
1854
1848
1881
1887
1866
1857
1852
1879
1855
1871
1820
1841
1826
1823
1758
1766
1726
1723
1696
1685
1688
1705
1743
1748
1797
1765
1812
1800
1845
1793
1807
1774
1797
1767
1762
1715
1711
1702
1692
1703
1663
1684
1665
1707
1654
1674
1623
1656
1603
1624
1550
1583
1543
1610
1572
1612
1631
1632
1643
1607
1613
1608
1645
1598
1666
1609
1668
1643
1711
1691
1752
1739
1756
1763
1789
1779
1768
1763
1763
1760
1709
1743
1701
1772
1764
1815
1776
1823
1803
1860
1868
1872
1845
1875
1884
1869
1874
1832
1855
1847
1867
1827
1838
1813
1855
1843
1851
1837
1871
1883
1885
1867
1823
1827
1815
1840
1799
1809
1781
1825
1818
1836
1809
1835
1853
1904
1873
1912
1914
1912
1942
1913
1911
1882
1915
1860
1914
1863
1914
1895
1968
1903
1949
1926
1967
1983
2001
1975
1969
1985
2001
2006
1950
1977
1934
2005
1946
1979
1930
1989
1965
2024
1979
2011
1991
2036
1989
2008
2021
2018
2057
2044
2075
2062
2105
2087
2128
2072
2095
2056
2110
2081
2111
2104
2107
2131
2134
2143
2122
2133
2134
2164
2127
2144
2080
2114
2082
2098
2055
2071
2057
2078
2061
2043
2037
2044
2064
2033
2071
2029
2095
2078
2130
2059
2115
2092
2150
2109
2104
2054
2099
2079
2083
2082
2049
2069
2060
2082
2018
2045
2031
2084
2062
2090
2059
2128
2108
2190
2143
2188
2167
2191
2205
2194
2168
2167
2184
2166
2210
2149
2180
2164
2218
2164
2164
2124
2133
2114
2100
2066
2067
2077
2075
2079
2054
2075
2069
2125
2073
2104
2075
2132
2130
2169
2148
2163
2162
2194
2176
2171
2156
2110
2137
2082
2097
2040
2082
2048
2099
2033
2072
2064
2154
2132
2176
2161
2147
2163
2158
2158
2125
2147
2148
2181
2132
2189
2139
2199
2164
2225
2142
2163
2116
2135
2087
2073
2027
2049
2032
2018
2024
1977
2035
2037
2084
2055
2119
2113
2183
2148
2159
2104
2150
2124
2130
2125
2111
2131
2141
2159
2159
2185
2186
2199
2177
2153
2092
2115
2092
2098
2040
2043
2036
2067
2098
2102
2115
2113
2147
2108
2138
2091
2107
2069
2105
2054
2083
2061
2076
2075
2057
2037
2030
2043
2023
2036
1972
1992
1955
2014
1955
2010
1954
2028
2012
2057
2022
2059
2045
2089
2045
2053
2066
2059
2082
2033
2049
2016
2061
2013
2075
2019
2071
2032
2101
2048
2095
2066
2074
2071
2076
2049
2028
2018
2041
2049
2011
2048
2008
2066
2037
2062
2007
2057
2046
2090
2059
2076
2059
2095
2089
2091
2100
2075
2123
2119
2139
2100
2129
2108
2158
2114
2121
2084
2120
2106
2108
2120
2084
2114
2097
2115
2067
2098
2082
2110
2068
2094
2045
2104
2075
2116
2059
2068
2063
2087
2104
2094
2103
2103
2117
2066
2102
2046
2114
2085
2148
2099
2150
2143
2202
2184
2209
2176
2202
2196
2209
2188
2143
2152
2143
2183
2139
2158
2126
2178
2155
2200
2171
2203
2189
2250
2222
2241
2244
2251
2276
2267
2258
2241
2269
2241
2268
2219
2234
2207
2248
2207
2213
2209
2207
2247
2247
2268
2248
2278
2278
2314
2260
2274
2215
2269
2223
2251
2191
2220
2219
2270
2241
2231
2231
2251
2257
2236
2266
2201
2260
2231
2252
2195
2241
2204
2284
2215
2245
2190
2252
2213
2232
2190
2158
2161
2155
2170
2158
2189
2187
2230
2190
2225
2165
2219
2172
2200
2164
2190
2166
2202
2208
2209
2203
2202
2224
2196
2219
2193
2219
2214
2261
2237
2272
2238
2243
2231
2223
2197
2182
2184
2171
2164
2118
2133
2102
2136
2099
2123
2072
2094
2094
2128
2108
2116
2131
2142
2136
2136
2157
2122
2189
2174
2218
2173
2226
2218
2279
2239
2256
2217
2274
2228
2235
2198
2167
2201
2205
2222
2206
2230
2219
2242
2182
2218
2145
2206
2155
2166
2092
2155
2144
2174
2143
2147
2141
2175
2165
2149
2160
2091
2137
2122
2156
2101
2151
2129
2192
2148
2174
2145
2209
2201
2223
2231
2227
2248
2263
2279
2262
2261
2246
2281
2263
2279
2240
2258
2240
2273
2240
2256
2244
2248
2246
2211
2215
2190
2209
2170
2200
2154
2202
2190
2236
2186
2219
2196
2212
2203
2200
2191
2190
2198
2201
2228
2194
2213
2161
2200
2142
2179
2099
2125
2078
2124
2064
2090
2051
2107
2059
2055
2057
2034
2076
2062
2071
2049
2082
2046
2115
2072
2110
2063
2129
2072
2103
2071
2072
2066
2079
2065
2072
2074
2096
2102
2065
2072
2031
2075
2035
2053
2007
2039
2039
2093
2077
2092
2097
2151
2156
2154
2169
2135
2162
2145
2163
2122
2165
2162
2224
2207
2214
2185
2231
2226
2218
2191
2137
2126
2090
2089
2057
2072
2038
2063
2000
2044
2004
2060
2037
2096
2043
2098
2082
2102
2102
2090
2140
2137
2145
2133
2094
2108
2099
2146
2102
2122
2085
2142
2112
2156
2075
2124
2104
2148
2103
2122
2116
2125
2132
2112
2090
2082
2103
2085
2124
2080
2118
2120
2159
2110
2124
2097
2126
2138
2136
2112
2100
2124
2130
2132
2077
2082
2075
2131
2089
2118
2091
2140
2145
2173
2150
2163
2155
2178
2171
2161
2170
2131
2171
2121
2136
2088
2125
2083
2131
2072
2112
2071
2123
2085
2123
2114
2102
2148
2154
2185
2167
2201
2190
2234
2185
2233
2175
2238
2177
2230
2172
2203
2187
2240
2222
2220
2191
2233
2227
2200
2222
2155
2176
2147
2188
2130
2173
2154
2219
2195
2220
2150
2181
2159
2188
2191
2186
2192
2212
2231
2207
2224
2243
2265
2240
2251
2196
2230
2224
2242
2201
2194
2191
2196
2204
2184
2185
2168
2190
2147
2179
2123
2145
2120
2162
2107
2138
2128
2157
2152
2142
2144
2151
2177
2184
2206
2150
2183
2160
2221
2159
2205
2153
2219
2183
2221
2151
2186
2171
2236
2196
2205
2219
2206
2233
2212
2208
2179
2207
2158
2199
2136
2181
2123
2188
2128
2165
2148
2158
2165
2199
2200
2217
2209
2219
2222
2183
2197
2140
2183
2165
2191
2147
2169
2156
2185
2147
2130
2103
2137
2130
2130
2137
2107
2155
2157
2175
2133
2168
2177
2259
2252
2267
2237
2283
2280
2294
2286
2236
2252
2253
2268
2225
2239
2216
2239
2203
2232
2184
2244
2226
2280
2229
2254
2249
2274
2274
2259
2228
2219
2222
2163
2202
2124
2163
2126
2179
2112
2170
2143
2209
2198
2237
2204
2239
2224
2253
2247
2228
2244
2238
2283
2255
2274
2242
2289
2269
2303
2255
2290
2255
2296
2242
2276
2268
2260
2287
2283
2285
2261
2287
2281
2320
2287
2291
2247
2295
2295
2317
2293
2263
2272
2277
2284
2257
2259
2256
2267
2232
2240
2176
2218
2213
2246
2195
2226
2200
2236
2254
2243
2216
2213
2228
2195
2219
2158
2191
2173
2231
2165
2204
2182
2242
2209
2234
2168
2216
2194
2215
2199
2160
2170
2178
2218
2196
2217
2199
2241
2207
2253
2181
2209
2180
2239
2159
2187
2147
2165
2151
2139
2133
2142
2143
2128
2166
2114
2141
2112
2170
2138
2176
2145
2178
2163
2194
2165
2185
2182
2217
2221
2205
2221
2208
2232
2193
2184
2129
2143
2121
2146
2107
2126
2110
2138
2114
2148
2147
2130
2158
2165
2180
2136
2152
2107
2167
2108
2137
2072
2120
2058
2085
2045
2062
2052
2094
2085
2105
2084
2115
2129
2082
2103
2065
2130
2105
2137
2084
2144
2095
2163
2094
2134
2061
2121
2085
2121
2108
2102
2131
2149
2135
2120
2130
2090
2147
2079
2088
2033
2082
2054
2087
2049
2064
2038
2089
2071
2082
2069
2087
2098
2075
2062
2022
2042
2031
2043
2001
2043
2011
2061
2066
2090
2069
2085
2086
2110
2116
2097
2121
2113
2132
2091
2110
2060
2097
2056
2081
2035
2054
2018
2057
2015
1985
1967
1947
1957
1933
1931
1911
1946
1906
1956
1899
1951
1917
1994
1925
1975
1950
1988
1977
2000
1963
1989
1988
2002
2055
2016
2039
2013
2081
2052
2069
2035
2070
2035
2111
2071
2113
2080
2146
2121
2109
2095
2091
2099
2078
2039
1987
1995
1976
2007
1956
1987
1987
2058
2059
2097
2072
2082
2102
2129
2123
2129
2131
2115
2150
2096
2087
2042
2083
2042
2051
2022
2024
1987
2013
1980
1998
1992
2023
2017
1982
1982
1928
1961
1944
1986
1945
2018
1990
2061
2024
2058
2012
2051
2002
1996
1984
1953
1946
1942
1949
1944
1956
1916
2006
1974
2043
1998
2066
2019
2080
2064
2097
2051
2094
2073
2084
2030
2046
2029
1999
1985
1927
1938
1915
1941
1892
1951
1908
1967
1945
1974
1899
1923
1894
1899
1892
1871
1848
1847
1860
1846
1838
1816
1863
1868
1918
1885
1901
1897
1948
1944
1964
1942
1935
1947
1937
1940
1929
1933
1924
1976
1932
1984
1979
2059
2027
2083
2055
2068
2075
2085
2043
2048
2020
1998
2022
1957
1952
1880
1922
1888
1923
1887
1946
1927
1971
1891
1915
1855
1891
1833
1813
1790
1772
1807
1823
1839
1835
1887
1854
1935
1899
1956
1911
1975
1932
1999
1982
2003
1990
2031
2018
2034
2013
2015
2046
2036
2062
2012
2041
2022
2051
2024
2046
1991
2019
2010
2019
1962
1974
1958
1952
1934
1890
1864
1852
1870
1803
1838
1819
1877
1876
1913
1879
1915
1920
1947
1957
1926
1918
1926
1963
1932
1926
1889
1939
1903
1954
1882
1908
1864
1935
1917
1949
1931
1964
1962
1979
1967
1981
1977
1965
2007
1952
1990
1948
1981
1899
1922
1839
1850
1801
1843
1783
1827
1793
1799
1796
1782
1758
1736
1752
1737
1714
1697
1756
1743
1811
1789
1840
1811
1868
1834
1850
1813
1826
1830
1852
1859
1871
1898
1869
1923
1920
1948
1915
1951
1931
1959
1943
1951
1920
1939
1940
1934
1938
1907
1935
1938
1972
1934
1962
1947
2003
1980
1997
1953
1976
1962
1963
1931
1930
1915
1911
1924
1886
1899
1897
1955
1927
1990
1952
2026
2018
2074
2035
2066
2020
2013
2007
1999
1980
1980
2002
1997
1984
1962
2017
1998
2063
1995
2024
1979
2049
2016
2055
2015
2056
2052
2088
2067
2087
2063
2062
2098
2053
2059
2027
2048
1989
2004
1940
1955
1899
1937
1859
1879
1830
1839
1855
1857
1866
1861
1883
1893
1895
1908
1947
1915
1973
1952
1975
1947
1997
2017
2043
2045
2041
2059
2074
2073
2050
2061
2018
2083
2063
2110
2073
2128
2098
2146
2109
2110
2096
2148
2132
2145
2113
2118
2165
2163
2192
2139
2167
2156
2195
2139
2173
2119
2171
2139
2173
2102
2148
2125
2162
2160
2160
2165
2191
2213
2213
2239
2189
2237
2208
2245
2199
2236
2214
2246
2198
2200
2142
2161
2143
2143
2101
2104
2117
2112
2135
2098
2123
2106
2142
2114
2111
2068
2091
2083
2108
2075
2091
2105
2126
2158
2148
2172
2155
2200
2177
2198
2144
2160
2133
2158
2092
2100
2052
2056
2082
2096
2115
2107
2147
2143
2142
2114
2155
2095
2151
2097
2138
2075
2159
2122
2172
2129
2154
2145
2185
2164
2161
2140
2116
2160
2141
2154
2096
2114
2083
2148
2073
2094
2037
2116
2066
2120
2070
2113
2143
2171
2168
2175
2194
2218
2224
2206
2239
2202
2270
2246
2282
2238
2285
2247
2277
2242
2226
2192
2216
2205
2183
2176
2138
2159
2145
2165
2126
2151
2141
2188
2156
2147
2104
2129
2122
2123
2086
2059
2068
2061
2080
2031
2056
2041
2093
2064
2084
2052
2086
2068
2115
2073
2111
2113
2130
2145
2115
2112
2099
2142
2138
2171
2118
2176
2136
2184
2125
2180
2133
2192
2171
2186
2150
2162
2141
2137
2083
2055
2064
2039
2086
2063
2109
2064
2108
2079
2135
2079
2124
2096
2148
2088
2097
2064
2064
2072
2075
2064
2058
2080
2089
2105
2045
2055
2020
2063
2007
2013
1955
1979
1999
2033
2025
2035
2061
2105
2101
2083
2093
2051
2109
2088
2110
2061
2119
2113
2151
2118
2125
2122
2152
2137
2122
2128
2083
2137
2108
2121
2078
2107
2083
2124
2087
2126
2074
2131
2106
2137
2101
2117
2130
2136
2128
2100
2094
2098
2110
2055
2101
2044
2097
2044
2070
1976
1994
1917
1946
1914
1909
1870
1893
1904
1922
1955
1945
1962
1956
1993
1959
1971
1929
1962
1926
1935
1898
1910
1902
1939
1899
1899
1885
1871
1882
1849
1839
1818
1859
1841
1875
1828
1845
1843
1889
1869
1886
1896
1908
1942
1935
1948
1953
2003
2012
2034
2000
2048
2024
2099
2051
2097
2045
2087
2089
2100
2081
2080
2059
2058
2011
1976
1977
1925
1973
1920
1930
1865
1915
1876
1961
1911
1945
1896
1941
1889
1925
1925
1921
1946
1964
1978
1991
2022
2031
2072
2029
2077
2027
2075
2039
2073
2020
2039
2021
2052
2038
2032
2043
2044
2073
2066
2096
2055
2084
2058
2099
2057
2070
2031
2039
2026
2009
1973
1953
1953
1954
1963
1955
1986
1993
2076
2066
2102
2063
2101
2092
2109
2074
2072
2065
2101
2063
2037
2038
2010
2056
2017
2027
1971
2020
1999
2069
2026
2077
2047
2107
2079
2118
2119
2111
2132
2140
2114
2071
2077
2043
2031
1972
2009
1960
2053
2026
2081
2031
2082
2073
2118
2081
2103
2072
2116
2106
2109
2129
2117
2168
2173
2195
2150
2197
2169
2236
2183
2217
2149
2212
2182
2196
2156
2141
2132
2138
2147
2123
2122
2140
2150
2124
2148
2096
2122
2092
2109
2064
2072
2056
2073
2086
2091
2086
2096
2128
2111
2132
2080
2119
2104
2143
2083
2109
2081
2100
2083
2081
2048
2061
2069
2078
2085
2035
2045
2014
2036
1955
1969
1920
1963
1934
1959
1899
1898
1947
1909
1966
1920
1941
1928
1937
1921
1948
1965
1979
2003
1973
2016
2018
2070
2019
2041
1974
1995
1958
1972
1922
1961
1953
1993
1963
1970
1959
1956
1971
1941
1944
1923
1948
1919
1950
1897
1904
1905
1973
1969
1988
1979
1969
2015
2021
2029
2002
2030
2025
2043
1988
2017
1966
2015
1955
1972
1931
1955
1961
1973
1961
1953
1940
1955
1949
1916
1944
1889
1938
1907
1935
1867
1926
1917
1989
1945
1967
1923
1983
1963
1999
1990
1954
1959
1958
1949
1915
1928
1909
1923
1859
1898
1829
1887
1859
1890
1841
1866
1843
1882
1872
1871
1847
1867
1874
1852
1867
1813
1854
1837
1873
1828
1855
1840
1883
1872
1881
1841
1864
1867
1889
1903
1881
1901
1915
1940
1903
1920
1896
1938
1932
1952
1927
1957
1962
2000
1980
2014
2025
2017
2069
2043
2063
2035
2065
2021
2060
1998
2037
2019
2080
2026
2065
2041
2057
2077
2062
2043
2020
2031
2040
2052
1979
2002
1944
2012
1957
1999
1936
2006
1999
2048
2002
2040
2017
2075
2043
2062
2072
2045
2090
2077
2091
2045
2063
2025
2102
2032
2051
1982
2054
2001
2039
2020
2015
2025
2057
2061
2059
2079
2099
2119
2075
2091
2051
2111
2110
2135
2101
2132
2131
2147
2135
2132
2123
2135
2146
2136
2158
2106
2136
2116
2143
2101
2141
2119
2162
2143
2156
2138
2176
2183
2189
2201
2173
2208
2207
2247
2209
2231
2201
2232
2183
2202
2123
2151
2116
2165
2117
2151
2129
2130
2148
2132
2140
2145
2163
2131
2184
2131
2171
2128
2192
2146
2210
2190
2235
2232
2256
2228
2242
2231
2249
2258
2236
2232
2205
2252
2224
2235
2197
2230
2210
2249
2198
2220
2206
2260
2228
2227
2232
2206
2249
2246
2262
2232
2264
2227
2289
2250
2275
2226
2268
2246
2248
2239
2205
2225
2234
2236
2201
2218
2207
2231
2172
2188
2117
2184
2140
2185
2135
2186
2184
2218
2207
2211
2193
2228
2226
2207
2215
2175
2222
2186
2218
2163
2209
2180
2254
2202
2232
2173
2226
2188
2217
2187
2174
2185
2202
2217
2213
2210
2209
2239
2203
2242
2199
2242
2210
2232
2166
2187
2167
2181
2179
2163
2152
2141
2160
2130
2172
2128
2147
2124
2186
2157
2167
2153
2148
2179
2199
2176
2148
2170
2180
2154
2096
2103
2040
2095
2049
2062
2019
2058
2063
2107
2087
2093
2086
2121
2106
2099
2119
2052
2092
2063
2095
2032
2069
2017
2056
1990
2011
1947
1986
1936
1967
1948
1929
1965
1977
1977
1951
1980
1999
2040
2001
2041
1976
2039
2001
2033
1963
2009
1989
2051
2012
2025
1994
2037
2041
2052
2052
2031
2078
2068
2082
2050
2078
2041
2090
2050
2067
2007
2035
2004
2011
1980
1963
1956
1967
1979
1955
1955
1949
1962
1933
1948
1904
1929
1914
1923
1881
1888
1867
1887
1898
1893
1904
1893
1930
1931
1974
1922
1964
1955
2019
1974
2009
1983
2033
2002
2025
1983
2000
1983
2012
2024
1989
2008
2012
2048
2004
2007
1957
1983
1927
1941
1847
1870
1825
1865
1802
1841
1815
1841
1852
1857
1827
1793
1788
1733
1771
1721
1773
1764
1834
1818
1876
1876
1930
1913
1933
1891
1893
1873
1896
1869
1824
1817
1795
1833
1799
1805
1761
1797
1795
1835
1800
1827
1832
1893
1878
1884
1903
1888
1929
1921
1956
1933
1975
1952
1997
1944
1963
1918
1967
1925
1939
1905
1903
1915
1943
1972
1966
1978
1974
2011
1963
2015
1964
2032
2002
2058
2005
2058
2026
2098
2073
2091
2054
2097
2077
2054
2057
2006
2028
2026
2077
2052
2105
2097
2175
2155
2189
2131
2193
2154
2188
2157
2160
2156
2178
2184
2165
2159
2183
2198
2183
2212
2182
2226
2201
2213
2151
2135
2104
2120
2106
2092
2050
2047
2073
2053
2086
2046
2076
2063
2123
2087
2139
2117
2158
2160
2164
2130
2141
2147
2157
2160
2119
2126
2106
2151
2110
2122
2075
2142
2111
2134
2089
2126
2078
2117
2063
2053
2047
2023
2036
2013
2007
1983
2018
1968
2032
1983
2055
2021
2110
2068
2106
2074
2113
2119
2176
2156
2178
2180
2224
2229
2218
2234
2194
2244
2209
2233
2187
2226
2189
2241
2192
2235
2196
2259
2227
2241
2223
2210
2236
2231
2235
2200
2203
2166
2219
2185
2221
2199
2266
2256
2272
2249
2225
2220
2231
2233
2209
2220
2219
2230
2183
2204
2135
2147
2097
2110
2046
2076
2049
2077
2066
2067
2063
2075
2069
2014
2024
1937
1959
1913
1942
1872
1913
1880
1959
1939
1986
1960
2010
1983
2018
2019
2002
1979
1955
1959
1924
1917
1900
1939
1907
1952
1899
1923
1898
1965
1928
1955
1931
1938
1940
1949
1932
1907
1900
1866
1912
1864
1880
1856
1909
1881
1896
1883
1877
1877
1890
1871
1875
1885
1907
1915
1874
1893
1863
1912
1866
1867
1802
1830
1811
1837
1800
1817
1822
1880
1866
1877
1892
1854
1911
1899
1915
1851
1885
1847
1924
1875
1922
1875
1948
1912
1931
1900
1873
1875
1884
1882
1858
1859
1877
1922
1883
1932
1887
1957
1915
1951
1887
1944
1915
1961
1943
1958
1929
1970
1961
1944
1958
1921
1942
1936
1945
1899
1918
1895
1959
1945
1963
1938
1983
1976
2004
1989
1972
1969
1990
2022
2015
2031
1999
2046
2053
2094
2063
2083
2065
2098
2078
2079
2079
2055
2100
2087
2110
2080
2111
2080
2116
2058
2083
2021
2053
1987
1971
1918
1898
1900
1911
1904
1877
1875
1881
1871
1804
1835
1765
1847
1826
1900
1848
1900
1884
1958
1924
1937
1891
1929
1888
1848
1837
1808
1867
1867
1914
1893
1953
1966
2063
2016
2043
1996
2061
2016
2049
2034
2042
2047
2070
2063
2046
2050
2064
2082
2056
2085
2052
2093
2083
2103
2055
2049
2020
2033
2020
2010
2009
2043
2069
2034
2049
1991
2009
1982
2012
1971
2013
2011
2073
2073
2088
2088
2109
2126
2128
2137
2104
2134
2114
2161
2121
2159
2100
2150
2116
2162
2119
2173
2144
2197
2127
2134
2130
2116
2138
2118
2129
2118
2162
2139
2206
2147
2198
2155
2236
2175
2206
2164
2179
2183
2204
2171
2174
2190
2219
2228
2198
2215
2182
2240
2215
2252
2200
2235
2220
2253
2199
2217
2191
2241
2217
2226
2223
2202
2222
2196
2200
2172
2187
2171
2226
2198
2194
2146
2186
2162
2169
2179
2176
2200
2200
2217
2181
2213
2206
2244
2210
2238
2172
2216
2179
2227
2180
2211
2184
2190
2169
2163
2146
2155
2180
2151
2180
2100
2130
2083
2130
2057
2098
2064
2125
2092
2125
2088
2133
2123
2158
2151
2121
2108
2087
2105
2065
2063
2040
2083
2050
2082
2026
2031
1994
2020
1974
1975
1948
1946
1952
1935
1916
1908
1950
1936
1993
1955
1987
1980
2038
2003
2017
1990
1983
1984
1949
1927
1906
1923
1913
1929
1886
1911
1874
1939
1896
1925
1865
1887
1861
1867
1829
1837
1850
1901
1884
1881
1894
1857
1909
1897
1936
1915
1974
1952
2000
1929
1945
1877
1917
1842
1861
1831
1801
1807
1812
1820
1824
1851
1875
1931
1895
1971
1941
2025
1985
2038
1971
2006
1975
2008
1953
1947
1906
1931
1926
1914
1951
1931
1971
1968
1995
1967
1999
1971
2013
1981
2002
1944
1980
1971
1986
1982
1969
1973
1987
2008
1966
1947
1916
1923
1914
1927
1887
1915
1937
1979
1947
1960
1970
1983
2013
2002
2006
1981
2021
1969
1998
1919
1930
1897
1958
1898
1953
1942
1979
1981
2000
1991
2002
2018
2029
2050
1973
2003
1959
2010
1955
1988
1944
2036
2035
2112
2065
2098
2060
2111
2039
2041
2038
2031
2059
2042
2056
2042
2088
2085
2148
2112
2152
2116
2175
2133
2161
2135
2132
2117
2130
2101
2097
2100
2099
2106
2075
2111
2084
2140
2132
2179
2152
2199
2193
2196
2179
2174
2147
2156
2153
2126
2122
2066
2091
2066
2084
2009
2026
2005
2047
2038
2045
2017
2053
2059
2094
2107
2068
2097
2099
2137
2093
2128
2107
2165
2135
2183
2118
2160
2135
2198
2136
2164
2145
2163
2175
2192
2197
2196
2240
2212
2256
2197
2243
2204
2257
2185
2192
2150
2184
2166
2169
2116
2136
2112
2127
2127
2089
2094
2084
2133
2106
2136
2104
2142
2139
2166
2121
2133
2123
2152
2127
2131
2125
2120
2175
2157
2173
2137
2160
2134
2168
2110
2121
2076
2111
2111
2132
2126
2093
2126
2120
2141
2108
2141
2118
2156
2110
2137
2071
2119
2092
2136
2089
2114
2100
2120
2137
2134
2139
2147
2165
2107
2142
2067
2120
2076
2131
2056
2110
2080
2132
2115
2127
2083
2096
2080
2095
2079
2042
2050
2039
2102
2075
2094
2065
2148
2132
2180
2127
2166
2151
2179
2118
2142
2116
2124
2131
2114
2102
2115
2108
2149
2127
2152
2134
2160
2112
2122
2101
2118
2109
2091
2055
2043
2050
2060
2055
2049
2084
2081
2154
2115
2142
2083
2139
2096
2128
2078
2085
2065
2100
2069
2099
2108
2091
2151
2131
2162
2129
2178
2150
2201
2140
2193
2136
2216
2172
2214
2168
2188
2204
2220
2213
2194
2187
2190
2183
2123
2129
2048
2081
2044
2075
2024
2069
2037
2081
2039
2054
2027
2086
2082
2098
2080
2044
2077
2098
2130
2097
2124
2123
2170
2155
2177
2140
2177
2138
2125
2078
2063
2074
2069
2074
2025
2039
2037
2103
2085
2124
2090
2153
2144
2176
2126
2151
2129
2127
2124
2087
2087
2063
2072
2042
2080
2023
2078
2043
2117
2058
2088
2037
2072
2052
2059
2013
2031
2030
2058
2034
2044
2074
2057
2098
2045
2063
2019
2074
2043
2087
2014
2035
1986
2019
1950
1973
1955
1964
1971
1982
1995
2004
2063
2087
2109
2057
2083
2054
2081
2037
2039
1966
1958
1967
1976
1971
1970
2004
2032
2050
2016
2031
1993
2052
2024
2046
1999
2038
2018
2038
2013
2002
1997
2023
2010
2003
2017
1972
2031
2014
2037
1959
1991
1939
1968
1893
1903
1841
1899
1867
1900
1865
1897
1953
1964
1992
1964
1995
1997
2011
1948
1977
1918
1983
1965
2019
1965
2013
1993
2041
2033
2028
2005
2028
2033
2022
2006
1973
2033
2012
2042
1996
2030
2021
2068
2048
2062
2016
2031
2017
2020
1992
1989
1988
1977
2003
1967
1987
1971
2009
1986
2019
1974
1979
1965
1991
1951
1954
1950
1951
1975
1949
1975
1951
1987
1959
1967
1915
1925
1894
1953
1926
1955
1932
1951
1984
1995
1995
1978
1995
1993
1989
1941
1986
1924
2007
1951
1982
1911
1988
1949
1997
1958
1976
1958
1990
1960
1977
1979
1959
2014
1990
2015
1982
2041
2021
2051
1994
2023
1963
2032
1986
2017
1978
2011
2021
2032
2039
2042
2051
2066
2086
2084
2139
2112
2176
2171
2206
2173
2210
2176
2198
2171
2178
2172
2182
2183
2158
2150
2110
2144
2110
2124
2066
2078
2053
2099
2081
2091
2075
2106
2119
2138
2127
2130
2170
2161
2207
2162
2185
2164
2212
2173
2209
2137
2173
2147
2195
2134
2157
2142
2166
2169
2161
2153
2129
2156
2139
2155
2089
2128
2099
2162
2110
2131
2089
2141
2142
2175
2154
2180
2182
2210
2171
2137
2121
2099
2118
2062
2051
2017
2080
2079
2107
2061
2090
2090
2138
2103
2110
2094
2092
2116
2094
2094
2067
2094
2075
2085
2034
2049
2025
2061
2024
2032
2004
2024
2047
2035
2032
2008
2040
2036
2056
2019
2048
1997
2067
2014
2052
1997
2049
2028
2057
2021
2023
2005
2021
2034
2012
2040
1980
2045
2007
2053
1985
2036
1997
2045
2031
2063
2033
2078
2087
2111
2083
2062
2085
2059
2092
2049
2065
2031
2091
2067
2101
2023
2052
2038
2108
2068
2104
2069
2086
2105
2098
2081
2058
2076
2053
2067
2015
2013
1996
2040
2003
2021
1998
2022
2025
2018
1990
1974
2002
2016
2027
2021
2048
2025
2083
2046
2077
2052
2114
2107
2127
2093
2096
2095
2115
2086
2053
2038
1999
2034
2002
2029
1976
2040
2017
2080
2045
2078
2031
2083
2043
2063
2007
2016
2053
2051
2075
2053
2091
2099
2133
2108
2150
2075
2138
2102
2143
2084
2120
2079
2109
2087
2095
2057
2079
2072
2065
2072
2027
2067
2042
2088
2059
2092
2068
2103
2075
2090
2054
2077
2061
2058
2035
2033
2060
2095
2153
2134
2168
2162
2201
2179
2213
2179
2213
2196
2236
2210
2221
2223
2225
2246
2221
2229
2208
2245
2198
2213
2157
2195
2184
2229
2177
2207
2167
2156
2171
2159
2134
2118
2150
2151
2147
2104
2164
2131
2204
2163
2212
2155
2233
2194
2240
2187
2204
2183
2228
2201
2217
2218
2201
2237
2209
2239
2206
2246
2230
2299
2243
2287
2247
2290
2233
2231
2165
2133
2131
2108
2084
2061
2068
2060
2072
2055
2079
2035
2081
2061
2087
2053
2092
2091
5835
2000
1998
1977
1956
1910
1875
1841
1817
1801
1795
1795
1801
1815
1824
1829
1841
1857
1854
1862
1863
1853
1853
1869
1883
1881
1867
1855
1841
1823
1826
1825
1815
1807
1784
1788
1794
1804
1809
1802
1801
1800
1807
1815
1811
1805
1777
1745
1737
1736
1721
1726
1745
1765
1787
1819
1853
1869
1887
1881
1866
1845
1811
1777
1749
1728
1709
1702
1706
1711
1731
1741
1770
1792
1804
1801
1803
1821
1817
1811
1806
1817
1802
1791
1790
1779
1770
1772
1754
1758
1763
1765
1761
1767
1772
1777
1778
1771
1770
1773
1782
1802
1826
1845
1872
1882
1892
1907
1886
1888
1907
1895
1901
1885
1866
1857
1847
1821
1807
1801
1788
1775
1779
1786
1789
1789
1791
1791
1800
1803
1800
1804
1803
1803
1815
1844
1877
1898
1915
1930
1931
1925
1942
1950
1945
1935
1928
1921
1915
1913
1925
1930
1940
1942
1952
1969
1984
1989
2000
1998
2009
1995
1966
1954
1950
1945
1951
1965
1985
2012
2018
2015
2004
1989
1979
1975
1973
1990
1998
2003
2029
2045
2050
2057
2068
2069
2069
2077
2053
2049
2048
2066
2058
2063
2054
2049
2061
2063
2035
2017
2005
1986
1967
1941
1923
1919
1927
1928
1943
1951
1949
1943
1924
1903
1889
1872
1856
1848
1828
1816
1824
1814
1825
1855
1893
1927
1937
1947
1947
1944
1947
1962
1973
1980
1985
1992
2003
2020
2023
2039
2031
2031
2057
2067
2074
2081
2086
2095
2095
2085
2086
2078
2070
2073
2069
2074
2049
2006
1973
1927
1898
1872
1851
1833
1822
1826
1843
1891
1929
1967
2008
2042
2066
2097
2101
2115
2124
2143
2144
2148
2158
2170
2170
2159
2145
2134
2124
2105
2095
2082
2093
2095
2100
2108
2114
2123
2143
2165
2173
2192
2199
2188
2190
2210
2203
2189
2184
2173
2159
2147
2121
2099
2079
2064
2053
2049
2052
2050
2049
2042
2056
2061
2065
2068
2073
2063
2059
2055
2055
2066
2099
2114
2140
2142
2154
2155
2171
2177
2178
2140
2128
2110
2110
2105
2108
2105
2106
2104
2117
2128
2138
2137
2137
2150
2167
2191
2202
2220
2226
2238
2229
2228
2223
2222
2221
2208
2199
2202
2197
2196
2181
2182
2175
2151
2118
2091
2077
2077
2080
2088
2099
2117
2130
2136
2136
2124
2112
2110
2103
2089
2085
2086
2086
2082
2085
2106
2114
2128
2135
2130
2127
2126
2111
2100
2098
2094
2084
2084
2092
2120
2127
2148
2171
2186
2194
2202
2211
2217
2225
2224
2225
2219
2206
2183
2156
2152
2146
2132
2146
2149
2164
2160
2163
2168
2179
2189
2193
2201
2217
2215
2222
2216
2229
2229
2222
2219
2212
2220
2218
2237
2250
2266
2266
2265
2264
2273
2275
2288
2286
2281
2270
2267
2270
2276
2290
2291
2298
2299
2310
2296
2290
2281
2289
2296
2289
2287
2288
2289
2278
2271
2274
2280
2288
2304
2303
2307
2303
2309
2310
2315
2325
2315
2310
2310
2319
2331
2346
2349
2360
2374
2371
2369
2375
2371
2357
2349
2320
2281
2259
2231
2214
2195
2193
2181
2186
2171
2178
2187
2191
2203
2224
2231
2239
2237
2239
2251
2254
2254
2258
2266
2281
2287
2297
2314
2311
2306
2297
2299
2292
2272
2242
2227
2198
2185
2168
2164
2160
2161
2164
2175
2184
2200
2200
2191
2183
2195
2192
2191
2199
2196
2187
2172
2156
2145
2131
2115
2109
2109
2115
2130
2149
2180
2181
2179
2172
2178
2177
2171
2159
2154
2171
2173
2179
2176
2165
2161
2151
2140
2123
2116
2127
2120
2115
2113
2135
2152
2178
2189
2196
2220
2228
2221
2217
2215
2229
2230
2236
2247
2236
2227
2222
2207
2208
2204
2203
2198
2202
2195
2161
2169
2164
2154
2145
2132
2122
2107
2090
2078
2070
2046
2015
1997
1976
1951
1938
1944
1955
1971
1988
2027
2048
2053
2067
2084
2094
2092
2098
2116
2122
2134
2145
2145
2138
2153
2154
2155
2162
2168
2176
2167
2151
2138
2132
2121
2118
2111
2119
2153
2147
2131
2138
2153
2161
2169
2189
2202
2194
2180
2176
2162
2158
2151
2152
2147
2141
2131
2126
2116
2119
2115
2123
2122
2120
2111
2095
2111
2118
2122
2125
2134
2127
2131
2128
2152
2168
2174
2182
2199
2197
2202
2202
2200
2204
2205
2192
2171
2147
2126
2103
2086
2059
2035
2018
2006
2003
2001
2011
2030
2036
2042
2048
2076
2086
2071
2063
2068
2078
2088
2085
2075
2082
2075
2077
2064
2058
2046
2033
2017
1999
1989
1992
1991
1981
1983
1987
1983
1983
1973
1984
1997
1997
2002
2009
2011
2018
1998
1984
1977
1979
1989
1986
1997
1998
2002
1988
1973
1976
1988
1991
2003
1993
1994
1998
2007
2001
2007
2003
2015
2023
2043
2046
2056
2067
2098
2092
2105
2089
2089
2100
2126
2112
2120
2101
2089
2088
2092
2092
2097
2110
2110
2108
2104
2104
2112
2115
2102
2088
2068
2067
2068
2069
2058
2045
2037
2051
2069
2067
2067
2077
2079
2074
2078
2077
2065
2055
2047
2028
2013
1995
1987
1981
1976
1985
1992
2004
2014
2027
2043
2066
2058
2062
2056
2054
2045
2032
2012
2004
1980
1958
1928
1915
1913
1921
1947
1970
1987
2006
2017
2018
2034
2031
2026
2003
2007
2011
2030
2010
1997
1971
1960
1945
1931
1915
1890
1879
1861
1848
1828
1825
1815
1827
1848
1875
1907
1939
1972
1985
2003
1985
1977
1965
1949
1931
1932
1923
1927
1933
1943
1956
1962
1978
1992
1995
1999
2003
2001
1985
1976
1973
1953
1928
1910
1912
1922
1921
1934
1961
1974
1994
1993
1999
2010
2020
2026
2025
2036
2051
2081
2088
2092
2091
2089
2092
2086
2086
2092
2083
2071
2032
2003
1983
1969
1955
1947
1936
1965
2008
2023
2051
2078
2094
2117
2125
2136
2144
2130
2126
2128
2115
2094
2081
2070
2068
2060
2049
2040
2031
2015
1981
1939
1922
1928
1928
1933
1953
1971
1996
2007
2026
2029
2029
2033
2040
2043
2036
2022
2018
2028
2026
2036
2047
2063
2078
2087
2105
2102
2111
2110
2118
2123
2123
2102
2088
2093
2097
2102
2093
2103
2104
2118
2130
2163
2183
2186
2185
2167
2148
2142
2146
2142
2138
2142
2149
2140
2158
2151
2166
2163
2159
2147
2142
2136
2158
2164
2162
2144
2144
2148
2147
2150
2155
2160
2152
2151
2162
2181
2176
2180
2189
2197
2197
2205
2206
2211
2199
2190
2179
2172
2181
2192
2192
2199
2208
2207
2202
2209
2211
2205
2211
2212
2220
2217
2199
2200
2209
2202
2196
2209
2218
2228
2239
2258
2270
2285
2307
2314
2311
2327
2344
2347
2359
2375
2381
2365
2360
2336
2319
2300
2291
2291
2298
2295
2306
2300
2315
2296
2297
2303
2297
2296
2296
2273
2256
2248
2248
2245
2260
2267
2262
2258
2253
2241
2224
2212
2201
2209
2208
2203
2205
2207
2211
2225
2245
2270
2280
2303
2309
2315
2298
2283
2262
2249
2228
2220
2221
2194
2177
2174
2166
2194
2201
2220
2234
2216
2209
2204
2196
2191
2181
2164
2132
2136
2111
2090
2072
2048
2055
2066
2072
2093
2109
2104
2101
2095
2091
2082
2087
2055
2046
2027
2021
2022
2012
2035
2067
2087
2108
2119
2126
2138
2151
2169
2183
2185
2162
2132
2100
2083
2079
2067
2048
2046
2031
2027
2018
2010
2023
2038
2042
2063
2077
2105
2120
2140
2141
2159
2171
2171
2183
2185
2185
2192
2196
2180
2181
2196
2202
2197
2200
2209
2211
2216
2207
2201
2205
2203
2212
2205
2195
2201
2202
2210
2223
2211
2214
2208
2195
2178
2150
2120
2113
2106
2103
2090
2080
2085
2089
2088
2102
2110
2124
2138
2143
2145
2153
2158
2150
2149
2148
2137
2119
2127
2128
2151
2162
2168
2159
2168
2179
2176
2168
2159
2159
2156
2163
2164
2156
2145
2139
2132
2123
2127
2119
2112
2123
2127
2118
2120
2116
2117
2118
2114
2120
2122
2123
2131
2144
2139
2131
2139
2145
2134
2130
2121
2127
2126
2096
2079
2038
2025
2018
1990
1974
1951
1946
1952
1951
1942
1956
1943
1925
1907
1877
1846
1828
1823
1828
1845
1857
1858
1872
1889
1897
1915
1916
1912
1905
1895
1875
1875
1849
1832
1817
1810
1801
1781
1755
1741
1734
1721
1715
1730
1730
1720
1707
1695
1696
1690
1677
1664
1658
1651
1675
1677
1713
1751
1792
1839
1869
1884
1880
1884
1891
1888
1892
1902
1896
1876
1854
1831
1825
1811
1790
1763
1751
1739
1727
1743
1753
1743
1727
1722
1712
1708
1711
1723
1743
1759
1776
1808
1834
1847
1850
1859
1851
1858
1861
1867
1875
1876
1873
1875
1861
1861
1851
1855
1854
1846
1838
1850
1857
1849
1854
1859
1866
1857
1864
1874
1875
1855
1851
1848
1844
1821
1795
1763
1724
1699
1675
1655
1651
1660
1697
1722
1745
1757
1769
1772
1774
1762
1744
1729
1719
1693
1666
1633
1619
1611
1611
1626
1631
1627
1622
1620
1617
1599
1567
1551
1517
1506
1495
1482
1493
1504
1531
1555
1570
1585
1590
1592
1585
1579
1581
1593
1587
1597
1602
1628
1648
1679
1702
1731
1746
1755
1755
1757
1751
1723
1711
1704
1705
1707
1727
1755
1770
1782
1792
1813
1839
1865
1887
1907
1908
1897
1886
1875
1852
1838
1815
1817
1820
1811
1809
1806
1801
1818
1815
1823
1822
1815
1819
1844
1857
1866
1863
1852
1838
1830
1821
1813
1817
1822
1815
1836
1845
1855
1873
1885
1885
1883
1890
1884
1883
1884
1886
1889
1887
1887
1900
1912
1910
1929
1952
1965
1978
1960
1956
1953
1955
1943
1920
1920
1931
1932
1937
1956
1969
1969
1969
1969
1974
1989
2000
2010
2012
2016
1996
1997
1998
2006
2024
2045
2045
2070
2083
2108
2109
2127
2124
2126
2114
2104
2106
2119
2125
2121
2121
2132
2140
2137
2124
2127
2132
2121
2115
2076
2059
2048
2044
2035
2013
1998
1994
1988
2002
2020
2029
2042
2044
2046
2062
2080
2091
2088
2073
2061
2054
2051
2046
2038
2032
2022
2032
2041
2050
2065
2083
2096
2099
2087
2076
2085
2102
2113
2133
2140
2155
2164
2169
2182
2185
2196
2196
2220
2225
2218
2212
2204
2198
2199
2205
2206
2198
2194
2186
2161
2125
2100
2081
2060
2055
2056
2065
2088
2105
2115
2126
2139
2149
2149
2153
2151
2151
2146
2151
2150
2132
2127
2119
2111
2094
2085
2074
2061
2041
2028
2020
2029
2039
2054
2083
2123
2133
2146
2155
2163
2162
2161
2147
2147
2156
2142
2133
2148
2153
2152
2175
2171
2173
2159
2137
2115
2091
2067
2053
2020
1985
1968
1963
1975
1983
1986
1999
2027
2051
2078
2100
2114
2121
2131
2128
2132
2134
2121
2123
2136
2143
2150
2161
2165
2157
2137
2119
2100
2071
2057
2046
2028
2022
2007
2025
2059
2082
2104
2126
2145
2147
2142
2148
2150
2146
2149
2126
2104
2088
2087
2083
2083
2081
2075
2058
2049
2046
2038
2025
2018
2021
2020
2013
2017
2028
2029
2035
2044
2059
2056
2065
2081
2083
2068
2065
2069
2064
2068
2065
2069
2056
2044
2036
2033
2033
2035
2029
2043
2056
2063
2064
2067
2043
2035
2023
2021
2031
2027
2029
2042
2040
2023
2026
2025
2040
2042
2071
2069
2076
2082
2086
2086
2087
2084
2085
2091
2099
2100
2098
2092
2082
2066
2074
2071
2072
2080
2080
2083
2082
2060
2046
2037
2017
2015
2021
2026
2033
2038
2042
2038
2040
2043
2034
2037
2037
2046
2062
2076
2076
2076
2083
2075
2079
2068
2062
2076
2085
2102
2101
2106
2116
2127
2147
2151
2169
2185
2201
2213
2210
2197
2200
2215
2223
2228
2231
2220
2217
2209
2202
2210
2215
2226
2247
2252
2260
2266
2284
2292
2288
2279
2291
2307
2308
2308
2306
2290
2271
2251
2241
2236
2231
2228
2239
2240
2233
2243
2252
2267
2280
2279
2294
2318
2326
2320
2306
2297
2291
2285
2269
2277
2266
2268
2253
2257
2254
2258
2264
2265
2253
2233
2234
2247
2262
2279
2277
2284
2283
2274
2263
2240
2231
2217
2206
2209
2188
2180
2186
2184
2193
2199
2215
2218
2210
2197
2208
2195
2194
2184
2189
2196
2203
2202
2204
2219
2212
2207
2178
2160
2161
2163
2169
2202
2218
2234
2248
2262
2263
2254
2235
2208
2179
2150
2126
2117
2103
2087
2069
2055
2047
2051
2066
2064
2073
2085
2097
2134
2142
2147
2160
2159
2151
2157
2161
2150
2153
2174
2194
2205
2212
2212
2220
2226
2222
2217
2210
2189
2195
2190
2195
2208
2210
2210
2208
2217
2234
2218
2205
2172
2148
2138
2135
2129
2131
2121
2131
2131
2143
2140
2140
2134
2121
2128
2131
2129
2128
2133
2135
2159
2155
2159
2165
2185
2188
2196
2204
2211
2228
2250
2251
2254
2250
2251
2264
2259
2251
2239
2234
2242
2235
2229
2237
2238
2232
2222
2204
2199
2176
2162
2151
2133
2137
2147
2156
2172
2189
2188
2196
2198
2203
2189
2188
2190
2183
2180
2176
2183
2185
2191
2177
2163
2160
2137
2116
2100
2070
2057
2044
2034
2040
2027
2021
2003
1987
1991
1983
1993
1994
2007
2005
2022
2036
2042
2038
2049
2063
2059
2063
2058
2065
2063
2081
2078
2080
2075
2069
2075
2079
2064
2069
2064
2066
2064
2067
2057
2058
2070
2099
2122
2138
2157
2177
2178
2184
2179
2186
2176
2182
2172
2167
2171
2185
2212
2215
2215
2194
2178
2153
2144
2132
2120
2088
2061
2050
2019
2005
2015
2033
2045
2056
2066
2071
2078
2089
2105
2117
2120
2121
2120
2102
2102
2099
2097
2102
2117
2122
2130
2147
2136
2120
2113
2109
2118
2113
2122
2120
2125
2141
2138
2138
2124
2120
2119
2104
2103
2093
2110
2119
2126
2120
2110
2112
2131
2136
2132
2132
2133
2137
2124
2116
2107
2081
2081
2076
2095
2116
2116
2135
2135
2137
2146
2170
2181
2181
2185
2176
2166
2167
2149
2152
2144
2131
2125
2138
2135
2124
2126
2128
2134
2127
2127
2130
2137
2138
2134
2151
2167
2167
2186
2203
2202
2210
2206
2216
2223
2226
2225
2227
2228
2226
2232
2215
2215
2219
2220
2231
2228
2217
2207
2195
2191
2195
2171
2168
2177
2186
2188
2180
2181
2185
2175
2177
2176
2172
2169
2171
2184
2189
2193
2215
2223
2221
2220
2233
2241
2256
2262
2259
2249
2252
2236
2224
2209
2197
2181
2158
2137
2134
2131
2136
2142
2130
2123
2117
2122
2124
2126
2132
2130
2142
2156
2167
2177
2176
2168
2179
2180
2183
2185
2194
2186
2187
2173
2179
2179
2176
2195
2197
2220
2234
2233
2229
2223
2192
2191
2174
2196
2195
2184
2167
2162
2159
2163
2158
2164
2168
2187
2192
2211
2222
2227
2222
2226
2227
2217
2217
2202
2188
2181
2180
2175
2175
2170
2165
2151
2138
2116
2128
2132
2144
2151
2146
2160
2182
2202
2216
2224
2233
2248
2263
2272
2269
2290
2296
2284
2287
2295
2280
2279
2272
2259
2274
2259
2246
2227
2229
2221
2215
2235
2239
2242
2246
2251
2270
2268
2264
2255
2237
2223
2202
2195
2188
2176
2178
2189
2201
2206
2220
2221
2222
2236
2236
2246
2266
2275
2269
2276
2280
2286
2300
2295
2303
2310
2318
2330
2333
2327
2326
2338
2347
2332
2332
2324
2317
2314
2335
2338
2331
2324
2328
2331
2329
2326
2307
2316
2319
2315
2303
2312
2308
2313
2303
2292
2281
2282
2275
2273
2268
2244
2247
2242
2252
2255
2258
2252
2245
2234
2226
2220
2209
2201
2201
2191
2198
2205
2220
2235
2235
2256
2264
2262
2253
2245
2227
2193
2178
2163
2166
2168
2168
2168
2179
2198
2232
2228
2249
2258
2267
2258
2262
2252
2223
2195
2179
2170
2149
2121
2114
2114
2113
2127
2122
2114
2131
2135
2126
2133
2142
2152
2166
2179
2191
2205
2216
2210
2212
2200
2198
2192
2185
2185
2195
2197
2185
2158
2144
2124
2112
2105
2091
2093
2105
2120
2142
2167
2167
2157
2170
2158
2153
2145
2144
2136
2134
2132
2129
2116
2108
2100
2087
2088
2067
2057
2056
2061
2075
2077
2088
2087
2104
2113
2132
2132
2127
2130
2135
2126
2103
2066
2053
2045
2054
2080
2080
2103
2118
2128
2145
2147
2158
2155
2150
2149
2128
2110
2090
2076
2074
2084
2079
2081
2080
2103
2106
2104
2106
2089
2078
2077
2075
2083
2083
2075
2069
2057
2064
2072
2092
2096
2109
2129
2137
2126
2133
2144
2154
2164
2172
2178
2176
2189
2185
2174
2166
2137
2119
2067
2037
2014
2009
2009
2005
1992
1979
1955
1959
1972
1956
1939
1942
1946
1938
1937
1942
1961
1984
1993
2013
2030
2045
2063
2062
2060
2041
2045
2054
2080
2087
2107
2105
2118
2119
2111
2100
2106
2115
2124
2131
2125
2117
2110
2109
2105
2093
2077
2054
2029
2013
2004
1998
1981
1978
1983
1997
2039
2068
2097
2134
2129
2139
2144
2142
2147
2136
2133
2142
2129
2107
2082
2073
2057
2032
2002
1979
1961
1964
1981
2000
2001
2006
1986
1996
1991
1999
2015
2027
2046
2055
2057
2057
2057
2055
2040
2034
2034
2016
1994
1962
1957
1938
1931
1933
1951
1965
1985
2002
2038
2051
2066
2085
2093
2100
2113
2115
2118
2111
2078
2060
2025
2008
1994
1985
1976
1971
1960
1955
1953
1958
1979
1994
1995
2000
1981
1965
1939
1917
1889
1869
1845
1821
1793
1791
1803
1823
1827
1845
1875
1884
1894
1903
1917
1930
1940
1951
1960
1951
1956
1955
1953
1950
1951
1954
1971
1975
2006
2016
2045
2068
2082
2094
2097
2098
2079
2069
2056
2023
2005
1979
1943
1918
1889
1875
1880
1894
1898
1911
1908
1900
1884
1856
1828
1801
1787
1788
1783
1796
1819
1846
1875
1897
1908
1921
1925
1929
1935
1965
1969
1985
1987
1995
2003
2002
2009
2019
2025
2019
2021
2023
2025
2019
2020
2021
2023
2013
2005
1997
1987
1972
1977
1965
1955
1954
1928
1906
1887
1860
1829
1820
1811
1799
1802
1820
1825
1848
1882
1907
1933
1950
1960
1967
1952
1933
1923
1924
1923
1910
1907
1904
1882
1878
1883
1893
1900
1908
1928
1929
1949
1978
2006
2014
2014
2019
2013
2015
2010
1995
1981
1939
1896
1869
1852
1828
1804
1784
1771
1787
1791
1772
1758
1751
1733
1719
1710
1704
1714
1710
1729
1758
1801
1804
1815
1835
1840
1838
1848
1860
1877
1893
1905
1920
1921
1929
1931
1927
1924
1921
1914
1923
1907
1910
1916
1925
1931
1932
1917
1926
1945
1946
1943
1949
1951
1954
1957
1965
1963
1967
1965
1941
1916
1903
1878
1877
1866
1860
1851
1845
1861
1891
1910
1924
1951
1985
2003
2026
2046
2048
2054
2049
2033
2014
1989
1981
1981
1980
1980
1986
2003
2021
2053
2053
2045
2011
2009
2014
2002
1995
2008
2008
2016
2035
2048
2067
2067
2087
2087
2090
2082
2074
2051
2030
1991
1960
1922
1892
1857
1838
1831
1821
1807
1790
1786
1784
1795
1812
1832
1858
1889
1907
1929
1933
1946
1949
1952
1966
1990
2011
2026
2035
2052
2058
2074
2086
2100
2109
2116
2111
2115
2119
2130
2129
2113
2100
2092
2096
2118
2133
2153
2162
2170
2164
2174
2173
2176
2170
2166
2153
2141
2121
2104
2099
2104
2108
2112
2127
2149
2157
2162
2179
2177
2183
2193
2195
2186
2189
2210
2226
2225
2236
2226
2232
2218
2211
2209
2193
2169
2159
2160
2153
2150
2146
2143
2138
2134
2132
2121
2107
2111
2105
2096
2083
2093
2088
2094
2091
2103
2118
2123
2141
2159
2157
2150
2136
2122
2116
2120
2102
2095
2078
2085
2095
2107
2135
2142
2142
2143
2140
2148
2151
2152
2164
2182
2174
2166
2152
2147
2147
2169
2170
2172
2185
2180
2170
2154
2152
2125
2115
2103
2099
2095
2092
2082
2071
2054
2056
2047
2050
2055
2060
2074
2095
2122
2148
2160
2181
2193
2203
2223
2236
2253
2263
2279
2278
2295
2288
2302
2310
2316
2305
2301
2292
2287
2259
2229
2213
2195
2177
2167
2164
2147
2140
2139
2141
2135
2141
2128
2119
2114
2099
2075
2054
2045
2040
2029
2033
2025
2026
2034
2034
2034
2051
2059
2051
2061
2049
2045
2049
2071
2085
2086
2091
2107
2115
2137
2145
2164
2174
2186
2198
2173
2164
2178
2182
2189
2183
2182
2180
2172
2156
2125
2094
2076
2056
2044
2017
2010
2015
2029
2055
2071
2085
2097
2116
2117
2110
2097
2100
2094
2090
2085
2086
2081
2074
2072
2070
2060
2052
2034
2034
2029
2018
1987
1974
1960
1953
1931
1958
1989
2027
2064
2085
2090
2110
2105
2097
2080
2064
2064
2061
2074
2082
2092
2098
2103
2119
2139
2132
2116
2107
2100
2095
2098
2109
2096
2090
2086
2084
2081
2075
2060
2058
2063
2061
2067
2076
2096
2106
2100
2113
2112
2094
2091
2077
2083
2076
2060
2033
2015
1989
1957
1936
1920
1879
1867
1839
1845
1849
1857
1885
1909
1935
1944
1932
1912
1904
1886
1879
1855
1855
1871
1869
1881
1883
1867
1852
1844
1835
1832
1839
1846
1842
1834
1841
1832
1829
1832
1838
1840
1837
1837
1850
1865
1878
1892
1924
1972
2007
2030
2040
2052
2057
2070
2084
2106
2115
2106
2100
2111
2114
2099
2093
2090
2073
2056
2032
2012
1993
1971
1953
1940
1922
1914
1922
1923
1918
1911
1907
1913
1925
1927
1934
1934
1938
1945
1975
2023
2065
2091
2109
2108
2102
2101
2096
2095
2105
2092
2082
2060
2064
2071
2092
2086
2105
2095
2105
2133
2142
2142
2129
2127
2118
2096
2076
2059
2030
2009
1989
1964
1945
1931
1918
1931
1952
1991
2013
2040
2060
2070
2079
2078
2081
2066
2054
2023
2015
1992
1983
1992
1981
1986
1981
1970
1964
1973
1984
2002
2010
2027
2046
2071
2083
2086
2089
2095
2097
2098
2093
2073
2072
2044
2025
2012
2021
2026
2041
2063
2073
2090
2106
2118
2130
2140
2135
2126
2134
2134
2124
2146
2155
2179
2199
2208
2216
2219
2213
2209
2200
2200
2201
2194
2167
2160
2150
2138
2138
2140
2147
2146
2155
2144
2150
2141
2141
2142
2128
2094
2082
2069
2059
2059
2043
2038
2048
2061
2090
2122
2148
2162
2165
2146
2130
2139
2132
2106
2089
2084
2076
2064
2056
2074
2080
2075
2064
2051
2044
2023
2001
1969
1940
1931
1927
1923
1903
1894
1891
1891
1889
1880
1885
1876
1876
1880
1900
1924
1932
1937
1938
1981
1989
2014
2051
2057
2037
2022
2012
2011
2018
1995
1976
1948
1943
1946
1936
1953
1957
1956
1953
1958
1950
1939
1926
1918
1914
1922
1919
1927
1942
1961
1980
2000
2003
2022
2028
2030
2038
2046
2045
2052
2060
2052
2037
2000
1985
1974
1963
1950
1944
1952
1958
1967
1966
1974
1972
1972
1963
1956
1949
1957
1962
1946
1943
1937
1941
1947
1955
1966
1966
1960
1957
1967
1959
1947
1931
1916
1916
1897
1884
1877
1873
1883
1892
1883
1878
1865
1861
1852
1835
1833
1837
1847
1854
1855
1865
1860
1855
1863
1871
1880
1882
1892
1879
1863
1850
1848
1842
1834
1851
1865
1899
1933
1950
1964
1954
1942
1940
1939
1931
1931
1929
1928
1936
1977
2003
2010
2025
2035
2037
2043
2040
2059
2049
2034
2033
2034
2027
2033
2033
2051
2067
2077
2088
2094
2083
2058
2048
2029
2016
2002
1986
1970
1962
1940
1938
1947
1968
1993
2008
2018
2017
2020
2012
2019
2028
2033
2053
2068
2082
2086
2074
2070
2052
2031
2019
2016
2008
2003
1991
2000
1993
2017
2031
2043
2061
2075
2072
2070
2074
2063
2056
2053
2063
2070
2091
2106
2114
2123
2129
2132
2134
2131
2123
2124
2119
2116
2112
2107
2116
2116
2117
2114
2110
2107
2118
2117
2132
2155
2158
2170
2180
2196
2218
2228
2235
2239
2239
2224
2207
2190
2177
2152
2144
2127
2115
2098
2077
2068
2064
2066
2064
2073
2084
2102
2110
2118
2138
2138
2144
2155
2159
2178
2193
2203
2227
2243
2253
2262
2254
2257
2259
2246
2235
2224
2219
2220
2233
2230
2236
2246
2245
2241
2230
2231
2242
2255
2260
2253
2250
2258
2265
2267
2284
2302
2303
2300
2297
2279
2260
2245
2229
2210
2217
2215
2219
2214
2214
2194
2197
2181
2194
2208
2200
2188
2179
2171
2173
2166
2172
2180
2185
2197
2220
2232
2238
2250
2250
2257
2248
2246
2249
2268
2261
2256
2247
2246
2246
2249
2250
2254
2240
2228
2228
2230
2232
2235
2218
2217
2224
2232
2249
2237
2236
2223
2223
2223
2221
2209
2218
2214
2213
2206
2195
2197
2201
2207
2211
2207
2213
2226
2214
2200
2184
2197
2200
2196
2181
2171
2166
2174
2184
2202
2198
2190
2184
2171
2153
2131
2117
2113
2099
2103
2105
2103
2100
2104
2114
2128
2132
2127
2123
2118
2091
2073
2079
2058
2046
2035
2010
1995
1977
1967
1958
1964
1951
1933
1929
1927
1948
1953
1969
1971
1970
1985
2016
2049
2067
2079
2093
2089
2085
2075
2062
2038
2018
1997
1998
2000
2006
2013
2024
2027
2041
2060
2067
2097
2107
2094
2086
2092
2073
2057
2035
2019
1998
1997
1990
1980
1947
1935
1925
1910
1913
1923
1927
1928
1937
1929
1917
1909
1910
1889
1882
1880
1879
1871
1875
1867
1871
1882
1901
1907
1919
1929
1949
1967
1984
2006
2013
2020
2007
2018
2007
1995
1990
1976
1975
1970
1970
1968
1969
1973
1976
1949
1927
1902
1886
1877
1868
1835
1814
1819
1818
1810
1803
1794
1787
1751
1723
1710
1699
1705
1708
1736
1745
1774
1812
1852
1888
1915
1925
1919
1916
1923
1902
1886
1867
1859
1823
1790
1775
1748
1746
1738
1748
1759
1768
1774
1796
1818
1834
1850
1864
1879
1885
1909
1916
1922
1935
1937
1933
1946
1949
1951
1932
1913
1918
1905
1883
1886
1891
1903
1927
1955
1967
1975
1995
2012
2024
2023
2025
2034
2052
2065
2068
2068
2068
2064
2073
2071
2061
2055
2046
2046
2049
2055
2047
2071
2103
2120
2128
2154
2164
2179
2172
2179
2182
2187
2187
2179
2184
2198
2199
2207
2202
2199
2205
2217
2222
2218
2220
2205
2190
2163
2154
2127
2115
2093
2090
2086
2085
2097
2107
2109
2121
2135
2139
2137
2140
2156
2164
2162
2158
2162
2149
2130
2127
2126
2127
2124
2130
2120
2128
2134
2140
2131
2121
2107
2108
2101
2078
2068
2044
2025
2036
2043
2029
2008
1991
2008
2003
2003
2023
2054
2056
2067
2076
2092
2094
2089
2093
2102
2119
2132
2146
2179
2204
2220
2235
2242
2256
2255
2261
2258
2256
2247
2239
2234
2246
2246
2255
2264
2260
2252
2252
2264
2270
2284
2279
2247
2235
2231
2230
2232
2232
2231
2238
2260
2264
2265
2280
2283
2276
2267
2256
2250
2242
2240
2230
2232
2239
2248
2219
2187
2155
2120
2102
2085
2072
2061
2056
2060
2053
2035
2017
1998
1981
1940
1916
1904
1893
1870
1874
1882
1896
1907
1931
1967
1985
1982
1979
1974
1970
1967
1943
1915
1899
1875
1867
1871
1902
1920
1937
1947
1971
1976
1977
1971
1963
1953
1941
1934
1916
1907
1895
1883
1875
1857
1860
1871
1859
1852
1830
1821
1813
1814
1818
1834
1819
1823
1840
1836
1825
1811
1805
1810
1799
1775
1769
1781
1795
1803
1807
1819
1822
1818
1829
1828
1819
1830
1848
1849
1867
1869
1880
1889
1893
1911
1921
1932
1933
1928
1943
1940
1925
1907
1888
1875
1868
1854
1867
1873
1887
1895
1906
1919
1922
1926
1946
1947
1970
1971
1976
1976
1947
1950
1946
1946
1944
1948
1947
1941
1938
1945
1944
1960
1954
1957
1939
1935
1952
1968
1969
1981
1987
1984
2013
2035
2053
2058
2064
2077
2086
2088
2093
2088
2111
2122
2130
2120
2119
2115
2116
2121
2117
2122
2115
2106
2079
2058
2014
1970
1933
1901
1873
1863
1855
1853
1853
1847
1836
1813
1800
1803
1803
1807
1832
1858
1893
1925
1947
1961
1955
1947
1927
1908
1895
1889
1878
1881
1893
1910
1924
1961
1982
1999
2014
2046
2051
2074
2073
2089
2078
2072
2068
2070
2079
2083
2086
2096
2104
2113
2119
2131
2137
2127
2116
2096
2073
2051
2034
2020
2011
2001
2023
2029
2029
2025
2024
2031
2029
2044
2050
2076
2095
2100
2100
2137
2157
2164
2175
2173
2184
2185
2182
2182
2181
2177
2184
2195
2179
2168
2177
2198
2205
2209
2202
2199
2201
2183
2167
2160
2146
2139
2147
2156
2158
2168
2181
2207
2202
2202
2197
2213
2226
2224
2227
2236
2224
2214
2216
2231
2240
2235
2245
2264
2273
2267
2266
2270
2267
2272
2261
2256
2256
2243
2230
2192
2198
2199
2195
2191
2194
2199
2206
2210
2214
2199
2196
2211
2200
2196
2196
2197
2195
2206
2207
2215
2198
2193
2191
2207
2213
2222
2226
2223
2229
2227
2236
2254
2242
2238
2218
2208
2190
2184
2185
2184
2169
2168
2153
2144
2126
2120
2110
2107
2107
2110
2110
2108
2114
2129
2147
2150
2142
2133
2130
2094
2076
2043
2031
2016
2011
2007
2002
2015
2031
2038
2027
2015
2023
2005
1986
1973
1967
1955
1949
1953
1959
1977
1970
1972
1965
1980
1987
1993
1994
1993
1980
1983
1965
1948
1933
1930
1905
1893
1893
1901
1912
1901
1881
1876
1849
1835
1843
1858
1839
1831
1820
1819
1819
1822
1843
1864
1882
1883
1898
1918
1917
1929
1928
1913
1891
1876
1864
1847
1815
1790
1773
1774
1768
1777
1807
1864
1885
1895
1922
1942
1951
1954
1951
1943
1949
1939
1935
1938
1934
1919
1897
1880
1866
1867
1880
1892
1899
1916
1939
1969
1982
2009
2004
2000
2000
1983
1973
1969
1956
1954
1953
1952
1944
1943
1937
1946
1943
1934
1921
1897
1906
1909
1913
1926
1937
1937
1945
1970
1993
1999
2007
2016
2016
2009
2010
1999
1995
1978
1966
1953
1955
1961
1970
1978
1995
2003
2022
2053
2068
2073
2084
2091
2074
2048
2023
1996
2005
2004
2018
2035
2055
2078
2090
2094
2073
2065
2053
2035
2018
2020
2037
2068
2076
2093
2097
2136
2157
2159
2165
2167
2166
2166
2164
2163
2143
2129
2116
2089
2078
2058
2064
2084
2106
2127
2149
2169
2189
2200
2209
2205
2214
2221
2231
2219
2200
2176
2155
2132
2104
2076
2053
2033
2033
2034
2043
2041
2048
2075
2077
2083
2091
2107
2111
2114
2130
2134
2130
2122
2121
2145
2152
2157
2166
2160
2161
2158
2166
2169
2162
2161
2170
2183
2205
2223
2232
2244
2247
2252
2261
2257
2253
2248
2231
2218
2217
2219
2204
2174
2155
2145
2150
2142
2126
2115
2107
2098
2091
2101
2121
2142
2158
2177
2190
2191
2193
2187
2191
2187
2181
2182
2174
2168
2165
2167
2160
2157
2157
2158
2136
2111
2102
2092
2077
2075
2069
2067
2079
2093
2109
2124
2130
2142
2147
2135
2139
2133
2123
2124
2122
2125
2126
2115
2119
2128
2139
2147
2148
2146
2131
2110
2098
2092
2106
2112
2108
2109
2096
2101
2112
2135
2133
2118
2121
2102
2082
2067
2054
2039
2042
2058
2083
2107
2124
2149
2168
2165
2170
2162
2178
2166
2167
2135
2134
2121
2105
2117
2102
2097
2081
2074
2078
2093
2097
2109
2106
2111
2106
2113
2106
2014
2005
2015
2036
2057
2065
2078
2094
2121
2144
2162
2150
2117
2108
2096
2092
2087
2086
2089
2095
2105
2122
2123
2140
2153
2169
2183
2203
2203
2202
2207
2203
2200
2213
2231
2232
2228
2242
2245
2237
2234
2224
2220
2216
2202
2163
2141
2099
2067
2054
2059
2053
2046
2053
2049
2044
2042
2037
2051
2058
2067
2079
2105
2114
2119
2135
2160
2175
2180
2190
2204
2216
2202
2184
2143
2119
2086
2067
2053
2032
2020
2031
2051
2065
2077
2102
2120
2138
2152
2148
2149
2144
2142
2141
2134
2120
2107
2093
2085
2066
2056
2047
2042
2048
2032
2028
2039
2038
2050
2062
2072
2073
2071
2051
2043
2029
2028
2021
2022
2011
1993
1994
1988
1980
1969
1949
1935
1926
1931
1925
1934
1936
1927
1945
1958
1974
1993
2019
2068
2099
2094
2096
2087
2079
2057
2041
2006
1999
1974
1961
1945
1946
1958
1979
2007
2025
2025
2027
2019
2017
1996
1999
1985
1983
1977
1967
1971
1971
1978
1989
1999
2009
2014
2027
2030
2023
2005
1983
1959
1941
1937
1910
1899
1874
1874
1868
1871
1897
1925
1966
1992
1998
1999
2002
2002
1977
1963
1943
1939
1940
1951
1956
1969
1982
1988
1982
1994
1999
2020
2018
2014
2011
2002
2006
2006
2010
2016
2028
2040
2068
2074
2095
2086
2083
2084
2079
2070
2044
2012
2003
1996
1991
2005
2034
2052
2053
2051
2037
2038
2019
1990
1966
1968
1953
1945
1945
1943
1936
1942
1949
1966
1957
1943
1934
1942
1955
1948
1933
1935
1949
1951
1941
1950
1961
1976
1984
1991
1993
1988
1988
1999
1993
1978
1972
1982
1979
1974
1976
1972
1964
1969
1971
1973
1974
1963
1974
1991
1999
2006
2021
2025
2017
1999
1983
1978
1956
1948
1960
1967
1963
1959
1978
2003
2037
2074
2095
2125
2146
2152
2171
2210
2213
2207
2208
2222
2207
2212
2214
2201
2199
2206
2201
2207
2204
2201
2179
2182
2159
2150
2142
2119
2109
2112
2105
2106
2115
2131
2142
2130
2134
2144
2158
2172
2176
2179
2190
2201
2197
2207
2208
2207
2196
2179
2180
2156
2142
2123
2110
2103
2103
2119
2136
2149
2150
2153
2157
2159
2161
2163
2178
2167
2159
2155
2154
2143
2139
2123
2135
2137
2133
2145
2155
2154
2144
2135
2094
2056
2046
2024
2018
2025
2043
2057
2069
2095
2114
2135
2127
2117
2109
2105
2098
2093
2088
2084
2070
2061
2072
2062
2051
2044
2054
2051
2041
2036
2028
2026
2017
2016
2010
1990
1985
1977
1988
2003
1997
1997
2015
2027
2025
2006
1999
1995
1982
1973
1983
1983
1982
1991
2011
2027
2038
2044
2054
2052
2064
2068
2080
2085
2084
2080
2087
2093
2088
2073
2059
2047
2040
2036
2031
2028
2032
2046
2056
2068
2062
2058
2059
2055
2060
2083
2099
2119
2113
2101
2085
2059
2040
2016
1995
1974
1964
1962
1974
1977
1992
1994
1984
1968
1960
1956
1972
1983
2003
2014
2027
2030
2059
2074
2070
2081
2091
2096
2108
2114
2117
2108
2104
2079
2053
2018
2003
2003
1978
1962
1970
1970
1993
1998
2005
2003
1995
1984
1992
1998
1997
2015
2015
2026
2041
2094
2096
2108
2129
2142
2137
2124
2119
2119
2117
2104
2102
2090
2083
2081
2074
2070
2064
2057
2065
2072
2074
2080
2070
2070
2073
2072
2066
2045
2048
2039
2031
2018
2000
2022
2045
2072
2110
2139
2152
2163
2177
2191
2203
2208
2217
2221
2237
2240
2254
2271
2279
2284
2280
2267
2275
2274
2260
2248
2236
2234
2234
2232
2233
2231
2221
2210
2207
2199
2190
2169
2130
2090
2082
2079
2080
2089
2112
2148
2169
2193
2208
2208
2207
2200
2190
2197
2202
2202
2208
2202
2188
2207
2218
2221
2240
2231
2234
2248
2258
2256
2260
2244
2229
2197
2183
2157
2127
2089
2075
2040
2030
2012
2003
2014
2010
2013
1997
1992
2001
2017
2024
2015
2018
2032
2042
2038
2031
2023
2026
2048
2079
2103
2115
2135
2148
2159
5835
2181
2146
2071
1946
1802
1687
1595
1544
1502
1492
1481
1499
1545
1587
1648
1698
1739
1766
1783
1755
1746
1741
1753
1762
1764
1734
1699
1667
1657
1633
1620
1595
1574
1567
1587
1603
1619
1616
1623
1638
1659
1667
1659
1637
1593
1538
1489
1425
1391
1397
1439
1499
1571
1655
1735
1805
1847
1862
1824
1761
1683
1570
1474
1391
1340
1309
1302
1331
1409
1507
1568
1614
1663
1691
1699
1690
1697
1684
1689
1680
1656
1625
1583
1550
1533
1502
1503
1491
1504
1525
1539
1547
1545
1563
1553
1539
1523
1548
1595
1642
1677
1732
1770
1810
1853
1899
1907
1895
1863
1857
1835
1790
1738
1703
1685
1655
1605
1547
1493
1482
1515
1567
1600
1628
1626
1619
1621
1619
1633
1644
1656
1678
1708
1740
1804
1884
1937
1971
1988
1979
1971
1984
1980
1992
1985
1961
1906
1865
1845
1850
1859
1886
1907
1959
2000
2030
2041
2040
2013
1989
1947
1906
1879
1877
1891
1925
1969
2039
2087
2115
2106
2058
2007
1945
1924
1928
1955
1977
2028
2060
2107
2135
2170
2178
2197
2177
2160
2121
2094
2088
2097
2083
2068
2057
2089
2099
2079
2032
1973
1899
1815
1746
1709
1697
1701
1727
1784
1841
1888
1890
1847
1788
1703
1647
1616
1597
1573
1539
1498
1509
1529
1587
1677
1799
1883
1925
1952
1933
1934
1939
1945
1957
1973
1993
2017
2051
2082
2114
2140
2137
2139
2143
2142
2170
2184
2197
2211
2235
2249
2231
2212
2187
2148
2146
2114
2034
1924
1825
1681
1586
1521
1474
1459
1480
1544
1636
1778
1879
1978
2069
2147
2202
2264
2277
2321
2348
2363
2367
2393
2416
2416
2386
2326
2260
2214
2184
2165
2165
2161
2171
2184
2188
2183
2212
2240
2287
2335
2375
2397
2406
2390
2378
2368
2355
2349
2323
2283
2238
2174
2090
2016
1967
1937
1905
1903
1923
1958
1988
2003
2016
2028
2030
2032
2031
2016
2008
2023
2062
2111
2175
2240
2301
2340
2377
2369
2342
2310
2278
2217
2193
2158
2149
2138
2133
2137
2153
2156
2171
2186
2196
2222
2257
2305
2339
2403
2425
2448
2478
2494
2467
2446
2427
2410
2374
2333
2285
2247
2236
2253
2262
2249
2211
2139
2058
2005
1973
1959
1981
2046
2091
2134
2185
2233
2227
2194
2164
2122
2083
2053
2045
2025
2031
2054
2085
2142
2195
2234
2232
2220
2208
2186
2143
2124
2092
2080
2058
2074
2094
2124
2184
2267
2330
2371
2385
2401
2407
2419
2419
2420
2413
2372
2338
2282
2234
2189
2168
2175
2206
2220
2249
2264
2276
2275
2300
2348
2377
2395
2413
2386
2385
2372
2371
2371
2390
2396
2385
2394
2393
2417
2430
2475
2494
2511
2508
2490
2474
2459
2434
2429
2434
2446
2450
2462
2482
2494
2509
2499
2482
2473
2458
2438
2444
2454
2451
2439
2430
2433
2422
2416
2420
2438
2452
2455
2459
2470
2477
2470
2478
2476
2467
2478
2487
2488
2508
2537
2576
2602
2628
2660
2666
2643
2615
2577
2539
2476
2415
2343
2276
2209
2167
2131
2115
2092
2095
2118
2162
2197
2239
2265
2299
2311
2316
2339
2366
2392
2418
2444
2465
2462
2464
2475
2506
2517
2526
2537
2501
2474
2416
2359
2286
2236
2188
2151
2111
2115
2151
2165
2172
2191
2212
2228
2230
2225
2239
2276
2289
2292
2269
2235
2215
2191
2165
2110
2083
2068
2092
2122
2139
2175
2211
2248
2258
2270
2262
2255
2238
2226
2217
2228
2248
2266
2270
2249
2218
2171
2137
2096
2081
2078
2094
2100
2128
2155
2195
2249
2312
2363
2402
2423
2439
2423
2424
2426
2428
2418
2420
2406
2396
2374
2378
2372
2327
2306
2265
2224
2224
2224
2223
2191
2168
2153
2120
2087
2062
2052
2027
2008
1977
1915
1841
1768
1715
1699
1714
1754
1825
1901
1981
2059
2107
2151
2179
2210
2221
2215
2216
2240
2256
2261
2273
2291
2318
2340
2354
2358
2363
2356
2333
2291
2266
2248
2226
2206
2203
2208
2215
2231
2239
2242
2263
2288
2323
2339
2361
2349
2335
2291
2257
2206
2216
2212
2218
2193
2179
2163
2170
2174
2184
2192
2187
2172
2155
2136
2120
2122
2128
2136
2141
2181
2180
2206
2215
2237
2260
2289
2314
2347
2363
2372
2357
2368
2341
2302
2248
2208
2153
2100
2041
1984
1945
1909
1857
1827
1823
1846
1891
1934
1987
2018
2049
2069
2101
2122
2126
2137
2142
2151
2142
2127
2111
2093
2075
2039
2001
1949
1920
1894
1868
1849
1847
1850
1857
1871
1886
1892
1907
1936
1965
1957
1960
1958
1974
1962
1945
1928
1904
1904
1919
1937
1927
1941
1949
1958
1940
1938
1944
1979
1979
1998
1984
1991
1995
1999
2003
2012
2020
2052
2075
2098
2114
2141
2174
2200
2195
2272
2256
2254
2261
2256
2213
2184
2156
2142
2127
2122
2132
2148
2171
2181
2181
2198
2190
2187
2167
2130
2094
2037
1994
1975
1969
1956
1952
1977
1999
2036
2074
2105
2119
2120
2106
2082
2046
1998
1963
1942
1912
1875
1848
1845
1840
1869
1901
1958
2008
2024
2067
2098
2122
2113
2107
2074
2049
2019
1993
1940
1882
1813
1749
1674
1654
1664
1701
1776
1858
1943
2001
2035
2038
2044
2027
1992
1961
1978
1993
2011
1979
1950
1891
1840
1780
1741
1695
1662
1649
1613
1572
1551
1544
1555
1579
1649
1739
1836
1951
2019
2053
2053
2034
1968
1903
1853
1824
1792
1774
1780
1816
1863
1910
1952
1992
2006
2022
2022
2013
1988
1967
1933
1877
1804
1756
1711
1727
1755
1779
1819
1881
1927
1987
2009
2026
2036
2056
2087
2107
2146
2166
2191
2211
2223
2203
2195
2169
2156
2128
2126
2100
2021
1922
1851
1803
1783
1775
1811
1831
1880
1971
2051
2123
2179
2216
2268
2303
2293
2268
2234
2217
2180
2155
2120
2091
2035
2002
2001
2011
2005
1960
1881
1791
1702
1677
1679
1705
1746
1814
1892
1962
2015
2036
2057
2081
2070
2046
2005
1982
1968
1969
1970
2001
2031
2077
2115
2139
2179
2213
2251
2271
2267
2240
2208
2173
2163
2158
2170
2150
2161
2167
2180
2202
2257
2310
2359
2378
2367
2340
2294
2226
2185
2181
2170
2177
2181
2202
2205
2220
2208
2213
2202
2207
2186
2177
2155
2170
2168
2176
2169
2170
2180
2162
2152
2158
2192
2213
2228
2242
2266
2295
2311
2300
2288
2291
2299
2303
2295
2273
2262
2250
2235
2242
2252
2266
2303
2334
2324
2299
2295
2299
2308
2309
2306
2285
2263
2259
2259
2260
2252
2250
2293
2319
2338
2356
2411
2463
2513
2545
2565
2591
2623
2636
2633
2642
2634
2620
2593
2572
2525
2478
2409
2387
2372
2372
2375
2405
2410
2429
2414
2416
2402
2389
2365
2339
2308
2286
2274
2292
2308
2331
2357
2355
2344
2315
2285
2241
2214
2187
2205
2201
2204
2221
2263
2300
2330
2373
2416
2457
2488
2513
2509
2487
2447
2386
2332
2270
2233
2197
2148
2129
2120
2141
2182
2231
2279
2304
2304
2270
2252
2224
2218
2209
2182
2135
2078
2028
1977
1942
1911
1931
1967
2013
2053
2105
2108
2101
2082
2062
2051
2036
1976
1943
1908
1903
1892
1904
1939
2016
2096
2150
2215
2264
2310
2340
2355
2363
2302
2225
2163
2095
2059
2028
2006
1962
1930
1910
1896
1886
1923
1966
2025
2064
2122
2184
2217
2243
2256
2270
2303
2323
2342
2356
2358
2358
2343
2341
2321
2304
2295
2327
2352
2361
2359
2359
2360
2347
2329
2329
2337
2346
2333
2336
2331
2333
2346
2349
2336
2342
2315
2255
2160
2117
2069
2059
2062
2035
1991
1983
1996
2005
2015
2063
2114
2169
2238
2270
2281
2260
2240
2210
2198
2169
2151
2123
2124
2138
2225
2268
2298
2303
2303
2296
2289
2277
2274
2273
2261
2249
2235
2237
2223
2205
2171
2149
2144
2137
2123
2128
2126
2128
2121
2137
2129
2110
2095
2084
2091
2110
2145
2179
2205
2204
2182
2166
2171
2184
2145
2123
2084
2019
1985
1938
1867
1817
1743
1698
1658
1646
1655
1678
1693
1710
1678
1627
1555
1493
1447
1425
1429
1459
1521
1565
1627
1675
1722
1737
1749
1746
1753
1735
1733
1704
1651
1597
1552
1515
1481
1440
1391
1345
1319
1309
1313
1347
1376
1371
1315
1291
1290
1286
1267
1252
1231
1235
1239
1283
1361
1478
1593
1704
1805
1861
1875
1886
1904
1910
1890
1862
1856
1844
1815
1762
1685
1612
1550
1517
1468
1439
1421
1435
1443
1451
1441
1431
1407
1383
1393
1405
1458
1511
1575
1612
1689
1745
1796
1802
1798
1771
1757
1748
1771
1782
1795
1783
1790
1756
1734
1722
1716
1703
1692
1704
1720
1724
1714
1719
1719
1743
1751
1765
1748
1725
1681
1668
1665
1641
1583
1518
1425
1339
1259
1187
1115
1151
1243
1358
1459
1540
1578
1587
1580
1565
1539
1484
1431
1372
1319
1269
1182
1157
1152
1173
1205
1243
1251
1259
1253
1231
1181
1121
1065
1016
978
976
1013
1056
1120
1194
1265
1298
1317
1323
1301
1271
1267
1271
1266
1265
1317
1373
1467
1537
1582
1629
1672
1716
1755
1764
1747
1683
1574
1517
1472
1489
1532
1609
1685
1721
1731
1757
1795
1877
1950
1989
1999
1978
1934
1889
1841
1793
1766
1739
1696
1679
1691
1705
1729
1759
1759
1749
1752
1752
1755
1770
1794
1817
1807
1774
1723
1695
1680
1681
1702
1722
1721
1702
1721
1759
1810
1879
1918
1921
1896
1874
1849
1824
1790
1793
1816
1833
1852
1853
1893
1932
1995
2053
2086
2091
2060
2037
2002
1980
1927
1894
1883
1889
1928
1965
1991
2005
1994
1998
1999
2013
2031
2049
2057
2065
2044
2025
2026
2032
2076
2114
2174
2201
2226
2249
2276
2278
2284
2249
2204
2175
2176
2202
2227
2254
2276
2282
2271
2274
2286
2287
2271
2238
2197
2145
2084
2034
2003
1964
1929
1891
1875
1879
1908
1941
1979
2019
2063
2077
2099
2138
2170
2180
2165
2140
2110
2055
2018
2002
1970
1980
1995
2024
2050
2078
2106
2140
2161
2175
2156
2157
2159
2205
2238
2266
2292
2303
2318
2362
2403
2426
2442
2444
2448
2427
2414
2392
2377
2362
2365
2364
2344
2314
2278
2210
2147
2080
2039
1987
1945
1943
1963
2005
2080
2141
2186
2214
2246
2270
2258
2239
2225
2209
2206
2209
2204
2185
2149
2104
2066
2019
1987
1972
1981
1973
1962
1937
1960
1993
2053
2118
2210
2263
2301
2320
2309
2284
2267
2243
2204
2192
2158
2154
2188
2230
2238
2237
2239
2249
2212
2146
2070
2001
1925
1856
1765
1720
1704
1685
1697
1718
1770
1851
1950
2028
2124
2180
2224
2233
2241
2223
2223
2208
2208
2215
2228
2243
2269
2310
2317
2275
2204
2125
2052
2005
1957
1935
1926
1923
1950
2010
2088
2164
2223
2263
2290
2290
2286
2274
2247
2214
2191
2167
2136
2106
2068
2042
2027
2022
2009
1985
1963
1960
1926
1895
1889
1893
1895
1907
1919
1933
1952
2002
2052
2083
2108
2092
2075
2081
2096
2111
2137
2129
2093
2042
2001
1985
1989
1985
2004
2000
2019
2015
2044
2054
2055
2052
2028
1994
1990
1980
1982
2013
2017
2021
2017
2012
1991
1989
1981
2034
2071
2104
2128
2140
2134
2149
2162
2169
2172
2187
2194
2188
2173
2157
2139
2118
2111
2105
2100
2109
2113
2098
2086
2074
2047
1994
1945
1915
1919
1950
1975
2007
2018
2019
2013
2026
2031
2029
2041
2077
2116
2131
2121
2108
2112
2120
2121
2109
2121
2154
2180
2199
2207
2192
2207
2218
2254
2320
2372
2415
2446
2448
2437
2425
2399
2402
2417
2431
2425
2402
2379
2392
2378
2391
2382
2399
2411
2426
2441
2480
2515
2561
2582
2590
2572
2561
2563
2550
2539
2525
2485
2422
2359
2308
2278
2286
2285
2283
2286
2306
2343
2387
2450
2487
2521
2555
2572
2555
2498
2447
2417
2383
2369
2357
2367
2384
2404
2396
2388
2368
2359
2343
2339
2335
2359
2360
2354
2367
2382
2400
2425
2432
2414
2378
2321
2295
2267
2265
2239
2198
2178
2183
2175
2205
2211
2249
2265
2275
2262
2241
2213
2208
2232
2254
2259
2278
2282
2308
2298
2269
2222
2184
2164
2163
2197
2240
2323
2375
2440
2477
2484
2463
2422
2342
2226
2144
2052
1979
1930
1879
1854
1868
1884
1893
1917
1944
1987
2044
2116
2177
2242
2264
2264
2260
2241
2227
2218
2212
2222
2259
2289
2327
2381
2411
2424
2418
2416
2399
2354
2328
2289
2281
2291
2327
2346
2355
2358
2358
2354
2357
2309
2264
2191
2130
2074
2043
2052
2058
2073
2093
2147
2153
2164
2150
2162
2149
2151
2134
2126
2136
2176
2214
2251
2247
2239
2234
2253
2282
2327
2374
2428
2449
2463
2454
2461
2452
2441
2442
2427
2416
2379
2347
2349
2360
2356
2354
2339
2334
2302
2264
2216
2185
2150
2115
2109
2132
2161
2198
2225
2242
2242
2248
2247
2259
2242
2212
2191
2192
2194
2227
2264
2265
2229
2205
2171
2133
2061
2003
1950
1915
1882
1859
1856
1862
1851
1851
1836
1805
1785
1779
1815
1861
1926
1947
1979
1981
2002
2017
2048
2082
2115
2109
2089
2073
2066
2065
2080
2086
2087
2078
2071
2068
2060
2053
2049
2053
2041
2050
2086
2109
2128
2185
2257
2327
2381
2421
2418
2387
2337
2323
2307
2305
2311
2303
2313
2341
2382
2392
2368
2332
2279
2220
2155
2088
2023
1955
1906
1869
1833
1825
1855
1896
1947
1984
2018
2048
2098
2126
2147
2140
2135
2125
2127
2106
2107
2114
2141
2150
2171
2192
2219
2235
2195
2171
2161
2172
2189
2210
2189
2165
2143
2161
2191
2215
2198
2170
2113
2086
2086
2070
2083
2095
2112
2117
2146
2179
2200
2194
2203
2199
2199
2182
2157
2100
2072
2045
2032
2035
2057
2087
2145
2204
2245
2259
2281
2310
2322
2311
2301
2283
2282
2292
2270
2220
2178
2146
2121
2125
2143
2152
2155
2150
2146
2138
2140
2124
2124
2130
2148
2195
2242
2291
2334
2368
2369
2374
2374
2389
2406
2418
2407
2392
2367
2347
2348
2352
2342
2339
2352
2350
2348
2318
2283
2227
2203
2189
2174
2148
2148
2167
2203
2217
2243
2246
2234
2206
2184
2177
2169
2183
2216
2251
2299
2356
2377
2399
2410
2406
2388
2390
2401
2420
2380
2354
2306
2273
2228
2208
2189
2152
2111
2099
2108
2113
2094
2086
2057
2049
2060
2079
2112
2137
2180
2224
2248
2247
2230
2232
2235
2263
2281
2293
2281
2256
2241
2244
2260
2272
2278
2282
2333
2361
2396
2405
2388
2341
2303
2266
2260
2270
2286
2249
2224
2210
2216
2206
2199
2177
2193
2219
2270
2322
2371
2399
2390
2378
2360
2350
2336
2335
2306
2285
2261
2240
2214
2203
2182
2166
2120
2102
2086
2108
2155
2193
2238
2258
2274
2316
2370
2405
2432
2449
2472
2488
2516
2540
2570
2576
2556
2531
2508
2472
2456
2443
2415
2394
2353
2314
2282
2277
2277
2300
2343
2370
2400
2419
2434
2456
2472
2449
2388
2331
2291
2261
2253
2233
2217
2217
2245
2279
2312
2342
2354
2375
2409
2428
2432
2438
2444
2449
2453
2464
2466
2484
2501
2540
2546
2556
2555
2554
2543
2542
2537
2528
2510
2508
2490
2475
2475
2494
2506
2502
2497
2484
2484
2469
2463
2447
2447
2457
2463
2468
2479
2466
2445
2412
2396
2387
2382
2359
2338
2332
2330
2330
2326
2312
2319
2323
2315
2282
2254
2235
2218
2208
2200
2197
2204
2218
2255
2309
2352
2379
2392
2391
2384
2347
2288
2215
2147
2103
2072
2084
2113
2151
2181
2217
2261
2327
2360
2412
2426
2443
2398
2362
2300
2245
2193
2140
2084
2062
2049
2042
2053
2059
2071
2070
2093
2094
2101
2103
2116
2116
2147
2183
2244
2303
2354
2354
2338
2314
2274
2236
2226
2222
2216
2214
2227
2207
2158
2093
2020
1978
1961
1953
1975
2022
2080
2151
2200
2227
2235
2228
2203
2181
2157
2151
2145
2123
2098
2068
2049
2021
1976
1951
1928
1909
1898
1927
1981
2023
2051
2069
2075
2114
2131
2159
2164
2174
2173
2147
2106
2054
1978
1944
1937
1959
2001
2049
2112
2153
2171
2191
2228
2244
2254
2237
2201
2142
2095
2042
2020
2013
2020
2016
2027
2039
2072
2085
2088
2073
2021
1989
2007
2033
2049
2059
2043
2021
1998
2013
2032
2078
2126
2174
2206
2225
2211
2195
2224
2243
2282
2314
2328
2321
2321
2298
2264
2212
2145
2066
1966
1892
1834
1809
1821
1819
1787
1756
1738
1747
1737
1722
1700
1699
1698
1727
1762
1813
1854
1920
1989
2039
2081
2095
2081
2066
2059
2068
2101
2134
2153
2157
2183
2197
2213
2208
2195
2184
2207
2235
2262
2244
2219
2197
2168
2137
2114
2078
2037
1986
1910
1834
1779
1765
1748
1765
1827
1929
2024
2103
2176
2235
2260
2274
2254
2251
2236
2244
2252
2244
2213
2152
2059
1990
1926
1872
1825
1779
1767
1804
1904
1957
1973
1948
1935
1923
1923
1941
1987
2039
2084
2121
2135
2115
2092
2066
2042
1999
1967
1910
1858
1790
1751
1718
1731
1742
1774
1817
1887
1956
2029
2111
2167
2192
2206
2203
2216
2231
2239
2209
2129
2065
1974
1899
1847
1826
1803
1797
1806
1827
1835
1873
1891
1926
1930
1949
1902
1839
1749
1670
1591
1529
1471
1426
1376
1379
1435
1493
1551
1601
1658
1711
1773
1800
1839
1880
1927
1956
1966
1957
1937
1927
1909
1892
1896
1911
1944
1984
2077
2136
2199
2245
2271
2288
2289
2242
2180
2133
2075
2004
1937
1854
1773
1702
1650
1639
1655
1680
1710
1723
1715
1689
1631
1579
1522
1464
1429
1431
1454
1516
1633
1749
1818
1860
1859
1874
1883
1922
1948
1995
2008
2024
2028
2042
2044
2051
2044
2044
2039
2023
2034
2065
2084
2079
2064
2046
2021
1977
1953
1930
1907
1887
1878
1879
1866
1811
1737
1673
1602
1526
1473
1457
1473
1521
1552
1578
1620
1678
1765
1851
1911
1953
1958
1965
1949
1908
1849
1820
1806
1783
1743
1710
1691
1694
1711
1737
1771
1810
1863
1895
1932
1994
2062
2102
2105
2096
2061
2055
2010
1961
1856
1783
1695
1620
1558
1497
1446
1423
1405
1405
1413
1410
1412
1425
1406
1354
1315
1299
1329
1397
1487
1575
1643
1673
1690
1695
1719
1743
1777
1830
1867
1881
1909
1931
1928
1920
1898
1883
1880
1873
1862
1851
1836
1848
1854
1862
1872
1881
1892
1885
1876
1888
1918
1945
1962
1952
1981
2005
2012
1991
1927
1839
1765
1730
1714
1717
1693
1665
1664
1684
1723
1771
1864
1939
2003
2066
2129
2186
2224
2229
2198
2141
2057
1974
1911
1883
1872
1866
1907
1945
1996
2043
2098
2090
2073
2026
1981
1953
1940
1926
1951
1974
2014
2048
2104
2162
2201
2227
2209
2186
2142
2104
2033
1976
1855
1756
1650
1561
1497
1476
1458
1455
1432
1425
1437
1460
1475
1519
1589
1667
1753
1831
1884
1894
1903
1923
1976
2043
2095
2125
2159
2181
2203
2232
2265
2275
2276
2278
2288
2299
2306
2320
2312
2303
2267
2242
2235
2241
2253
2274
2288
2292
2313
2326
2360
2364
2338
2292
2234
2199
2167
2149
2123
2103
2107
2122
2160
2192
2211
2234
2245
2261
2282
2304
2320
2341
2340
2359
2394
2415
2414
2414
2395
2384
2350
2311
2257
2215
2175
2151
2162
2167
2164
2162
2172
2171
2165
2157
2140
2118
2086
2057
2059
2046
2046
2042
2054
2073
2108
2131
2157
2174
2200
2228
2227
2177
2145
2138
2123
2106
2081
2065
2081
2117
2162
2212
2250
2265
2268
2259
2262
2287
2280
2273
2279
2250
2241
2219
2230
2262
2279
2279
2284
2284
2259
2242
2205
2164
2109
2083
2059
2054
2043
2037
1998
1983
1975
1987
1984
2000
2001
2030
2071
2146
2220
2280
2319
2350
2371
2419
2461
2489
2532
2557
2585
2599
2622
2613
2603
2590
2574
2551
2531
2510
2446
2376
2304
2249
2203
2153
2113
2103
2086
2084
2087
2093
2095
2102
2072
2054
2015
1954
1882
1861
1846
1844
1846
1847
1851
1882
1943
1976
2009
2025
2023
2000
2001
1995
2017
2031
2057
2076
2094
2113
2148
2193
2251
2269
2300
2324
2332
2326
2324
2335
2332
2335
2326
2299
2281
2258
2205
2142
2074
2007
1954
1893
1837
1791
1801
1819
1887
1946
2036
2098
2140
2156
2162
2122
2085
2065
2050
2033
2033
2033
2025
2016
1996
2002
1962
1921
1899
1891
1855
1818
1736
1687
1644
1633
1660
1736
1839
1953
2070
2146
2160
2176
2164
2121
2070
2030
2000
2015
2047
2081
2119
2163
2178
2166
2167
2163
2137
2127
2097
2076
2063
2068
2041
2049
2058
2058
2043
2006
1980
1973
1995
2003
2037
2080
2103
2112
2129
2139
2139
2095
2065
2046
2041
2015
1984
1917
1811
1757
1714
1663
1614
1539
1490
1462
1501
1532
1594
1705
1799
1858
1839
1801
1729
1695
1649
1618
1606
1634
1670
1675
1656
1647
1632
1624
1612
1606
1593
1588
1629
1644
1638
1627
1619
1639
1652
1657
1645
1655
1663
1693
1729
1779
1852
1935
2041
2110
2149
2178
2207
2226
2260
2281
2272
2257
2236
2222
2218
2212
2216
2193
2137
2072
1997
1932
1882
1826
1803
1764
1741
1716
1725
1728
1730
1722
1717
1699
1700
1734
1784
1833
1872
1907
1942
2016
2125
2208
2248
2262
2246
2247
2251
2258
2227
2197
2144
2106
2057
2065
2094
2144
2169
2193
2218
2250
2298
2314
2288
2263
2218
2184
2158
2092
2001
1897
1814
1764
1731
1703
1674
1672
1710
1791
1923
2030
2131
2182
2204
2195
2167
2127
2090
2057
1990
1927
1870
1862
1885
1899
1915
1912
1896
1889
1902
1919
1956
2023
2078
2115
2172
2212
2239
2260
2292
2300
2273
2223
2145
2058
1974
1925
1908
1933
1957
2019
2096
2173
2222
2263
2290
2304
2297
2275
2229
2220
2232
2253
2293
2339
2397
2422
2455
2460
2486
2481
2473
2440
2410
2369
2309
2249
2236
2220
2201
2182
2171
2179
2183
2218
2227
2234
2217
2209
2190
2140
2057
2022
1986
1959
1926
1931
1958
2006
2078
2150
2218
2267
2301
2316
2284
2246
2185
2121
2063
2022
1999
1988
1990
1999
2056
2082
2095
2086
2043
1989
1906
1822
1713
1663
1622
1605
1603
1603
1604
1599
1633
1642
1637
1624
1633
1651
1681
1732
1784
1800
1809
1825
1977
2035
2091
2140
2150
2119
2057
2019
1992
1965
1906
1849
1796
1778
1775
1785
1813
1831
1861
1882
1862
1840
1806
1775
1749
1727
1707
1715
1793
1871
1949
2004
2050
2071
2094
2097
2096
2104
2105
2098
2093
2078
2037
1986
1905
1865
1843
1821
1812
1807
1814
1822
1864
1888
1901
1891
1877
1846
1849
1847
1836
1835
1830
1835
1848
1843
1856
1865
1875
1883
1888
1905
1912
1877
1830
1783
1722
1706
1687
1654
1617
1623
1635
1658
1635
1637
1627
1619
1591
1569
1555
1568
1603
1636
1664
1671
1672
1671
1668
1679
1718
1716
1714
1694
1681
1650
1638
1631
1644
1715
1800
1885
1935
1955
1964
1947
1931
1911
1900
1893
1897
1918
1927
1959
2037
2079
2126
2167
2187
2194
2191
2178
2152
2147
2104
2066
2056
2050
2062
2086
2131
2177
2206
2210
2205
2184
2136
2086
1997
1942
1866
1807
1790
1778
1764
1789
1858
1915
1974
2015
2024
2029
2018
2013
2029
2049
2105
2153
2192
2185
2175
2144
2092
2042
2022
1993
1979
1960
1949
1929
1963
2004
2045
2086
2103
2114
2127
2136
2142
2123
2100
2079
2058
2074
2095
2127
2182
2226
2246
2254
2258
2260
2266
2263
2250
2235
2201
2180
2168
2171
2161
2153
2162
2167
2176
2182
2197
2228
2264
2294
2332
2365
2402
2442
2463
2485
2505
2501
2448
2393
2320
2260
2209
2182
2141
2098
2055
2022
2014
2014
2028
2044
2094
2151
2205
2222
2230
2238
2247
2269
2306
2350
2402
2432
2483
2514
2536
2534
2536
2524
2509
2486
2454
2416
2386
2352
2342
2355
2366
2396
2403
2416
2398
2402
2409
2419
2429
2434
2436
2452
2467
2490
2494
2512
2538
2542
2544
2515
2462
2400
2354
2323
2296
2284
2291
2288
2294
2280
2259
2255
2242
2235
2229
2208
2183
2158
2137
2140
2172
2209
2242
2262
2304
2360
2423
2439
2449
2452
2459
2442
2429
2411
2401
2384
2400
2396
2403
2396
2396
2385
2377
2349
2337
2325
2305
2297
2286
2266
2269
2294
2339
2362
2350
2360
2332
2334
2326
2329
2308
2289
2255
2248
2235
2235
2241
2264
2273
2283
2283
2285
2288
2274
2259
2238
2235
2238
2234
2208
2201
2210
2230
2240
2265
2282
2261
2211
2171
2120
2094
2068
2018
1990
1993
2007
2036
2077
2108
2134
2152
2173
2165
2133
2100
2071
2048
2014
1969
1941
1895
1836
1799
1772
1761
1739
1720
1719
1727
1763
1787
1821
1823
1840
1863
1915
1956
2014
2085
2160
2196
2222
2203
2147
2075
2012
1946
1902
1884
1902
1934
1936
1964
1996
2025
2071
2126
2163
2183
2172
2148
2111
2084
2039
2019
1974
1928
1895
1873
1823
1784
1723
1708
1696
1709
1729
1751
1796
1823
1817
1791
1762
1720
1696
1676
1663
1656
1665
1667
1668
1683
1705
1721
1762
1803
1835
1877
1933
2012
2058
2093
2112
2122
2090
2061
2039
1998
1951
1923
1926
1943
1961
1972
1976
1961
1943
1879
1828
1752
1682
1622
1588
1538
1502
1494
1529
1551
1545
1493
1449
1389
1331
1291
1285
1333
1379
1441
1503
1641
1749
1864
1944
2011
2026
2006
1977
1941
1873
1804
1735
1659
1588
1536
1492
1444
1435
1437
1449
1464
1507
1580
1660
1748
1807
1839
1869
1877
1903
1921
1958
1987
2014
1998
1981
2003
2003
1988
1949
1891
1844
1800
1775
1749
1758
1821
1896
1969
2006
2039
2069
2097
2127
2139
2151
2146
2145
2150
2145
2155
2154
2147
2149
2158
2145
2119
2069
2051
2039
2046
2041
2108
2162
2231
2291
2363
2396
2419
2402
2381
2359
2356
2352
2352
2340
2343
2356
2370
2377
2377
2390
2410
2420
2401
2364
2281
2235
2180
2130
2099
2082
2044
2030
2000
2016
2056
2101
2144
2176
2192
2210
2230
2268
2296
2290
2255
2234
2215
2181
2152
2134
2116
2110
2109
2127
2148
2182
2198
2226
2213
2205
2182
2134
2092
2057
1997
1965
1943
1951
1951
1918
1894
1864
1876
1900
1932
1969
2012
2045
2076
2106
2161
2183
2178
2181
2193
2224
2271
2322
2402
2470
2512
2548
2566
2579
2572
2562
2538
2516
2474
2447
2421
2436
2458
2493
2513
2506
2494
2487
2492
2494
2478
2433
2377
2354
2337
2324
2318
2325
2351
2384
2428
2449
2470
2482
2460
2430
2403
2378
2341
2329
2329
2348
2366
2358
2340
2294
2194
2087
1973
1895
1861
1856
1864
1882
1896
1889
1860
1814
1761
1691
1621
1581
1550
1541
1540
1555
1595
1629
1696
1774
1866
1907
1897
1885
1877
1862
1839
1801
1726
1690
1665
1674
1693
1758
1829
1896
1923
1929
1931
1928
1901
1893
1864
1840
1810
1773
1739
1718
1693
1687
1673
1673
1673
1656
1647
1606
1592
1572
1588
1629
1671
1668
1664
1682
1690
1675
1664
1661
1669
1653
1640
1626
1633
1660
1685
1705
1726
1723
1733
1747
1748
1745
1745
1739
1748
1783
1817
1856
1888
1924
1974
1993
2018
2000
1971
1934
1884
1855
1790
1749
1713
1717
1717
1740
1767
1818
1851
1883
1913
1924
1929
1956
1994
2033
2036
2028
1986
1956
1941
1936
1924
1894
1886
1869
1859
1877
1902
1901
1901
1872
1860
1830
1864
1910
1946
1967
1991
1997
2018
2066
2130
2192
2214
2202
2203
2231
2249
2256
2264
2286
2298
2305
2286
2275
2254
2260
2265
2264
2249
2210
2152
2086
1999
1913
1787
1697
1607
1551
1543
1573
1599
1600
1559
1519
1474
1464
1473
1505
1562
1635
1748
1845
1925
1965
1985
1969
1900
1847
1780
1728
1696
1675
1721
1778
1849
1914
2015
2075
2145
2169
2212
2214
2228
2211
2216
2205
2208
2221
2233
2240
2229
2230
2239
2285
2314
2342
2325
2315
2267
2228
2148
2078
2010
1967
1941
1928
1925
1974
2027
2048
2044
2052
2048
2054
2057
2085
2118
2163
2210
2259
2321
2364
2401
2422
2418
2423
2411
2380
2371
2358
2330
2331
2334
2339
2350
2368
2382
2388
2388
2370
2338
2309
2295
2269
2218
2200
2211
2230
2266
2274
2299
2306
2337
2338
2351
2350
2360
2368
2361
2359
2360
2367
2379
2388
2411
2410
2411
2439
2469
2491
2490
2489
2468
2449
2426
2397
2361
2326
2299
2291
2256
2251
2252
2262
2264
2269
2286
2306
2341
2342
2331
2325
2317
2294
2293
2287
2312
2325
2314
2317
2307
2294
2301
2304
2324
2338
2350
2360
2362
2389
2390
2386
2399
2372
2359
2320
2266
2230
2226
2213
2204
2186
2179
2165
2142
2116
2090
2064
2054
2069
2085
2092
2100
2107
2149
2182
2201
2204
2176
2138
2079
2019
1955
1912
1858
1853
1858
1897
1932
1974
1986
1995
1967
1937
1899
1865
1825
1805
1781
1795
1813
1838
1855
1844
1849
1855
1870
1885
1929
1956
1958
1938
1903
1853
1806
1766
1725
1696
1680
1710
1741
1746
1738
1703
1656
1617
1603
1591
1594
1587
1593
1597
1605
1613
1653
1691
1741
1791
1844
1873
1909
1919
1923
1890
1843
1786
1751
1702
1639
1595
1551
1513
1483
1513
1585
1687
1799
1870
1931
2004
2045
2060
2028
2010
1991
1979
1986
1982
1968
1933
1870
1803
1738
1701
1693
1727
1801
1857
1927
1985
2046
2059
2088
2082
2072
2041
1998
1963
1931
1927
1935
1933
1908
1908
1930
1918
1923
1921
1884
1834
1784
1771
1775
1795
1844
1890
1930
1970
2027
2081
2123
2147
2134
2122
2082
2054
2021
1973
1903
1875
1857
1878
1913
1947
1969
1992
2022
2068
2151
2198
2207
2199
2162
2107
2039
1987
1926
1894
1888
1934
2017
2123
2182
2206
2198
2168
2113
2063
2022
1973
1961
1962
2051
2131
2223
2279
2336
2359
2382
2383
2381
2359
2340
2296
2254
2200
2142
2092
2033
2011
2009
2021
2066
2126
2192
2261
2308
2340
2347
2370
2377
2391
2394
2383
2342
2280
2209
2136
2074
2016
1960
1913
1875
1893
1903
1934
1972
2008
2045
2059
2070
2087
2099
2125
2145
2168
2178
2187
2196
2195
2217
2242
2243
2248
2230
2237
2254
2254
2236
2230
2257
2277
2301
2330
2381
2416
2455
2469
2476
2483
2480
2460
2430
2399
2367
2324
2299
2254
2212
2157
2128
2111
2095
2069
2040
2011
1992
1992
2062
2143
2190
2242
2265
2282
2290
2297
2272
2266
2253
2240
2222
2195
2188
2212
2205
2215
2207
2178
2124
2078
2050
2007
1967
1944
1953
1985
2015
2056
2099
2158
2227
2247
2263
2238
2195
2171
2137
2136
2138
2144
2154
2151
2143
2154
2183
2210
2224
2222
2191
2138
2102
2069
2055
2070
2098
2102
2091
2104
2133
2159
2162
2148
2103
2093
2040
2005
1980
1971
1962
1991
2050
2120
2190
2251
2300
2329
2319
2323
2318
2302
2269
2233
2196
2184
2171
2143
2118
2078
2040
2011
2034
2072
2106
2114
2140
2141
2154
2142
2145
2123
1903
1884
1914
1950
1994
2049
2123
2207
2279
2313
2283
2244
2177
2134
2094
2067
2055
2070
2060
2086
2143
2198
2249
2302
2339
2380
2391
2407
2384
2376
2359
2360
2360
2387
2409
2435
2460
2462
2444
2417
2400
2375
2374
2330
2274
2155
2063
1959
1914
1894
1909
1911
1905
1908
1912
1904
1916
1940
2004
2039
2072
2118
2157
2197
2216
2239
2298
2344
2376
2404
2401
2398
2342
2267
2144
2058
1987
1945
1898
1877
1873
1906
1981
2057
2120
2175
2224
2252
2282
2279
2281
2276
2249
2214
2192
2148
2091
2043
1987
1959
1959
1971
1964
1968
1967
1974
2005
2028
2049
2039
2047
2045
2024
1996
1969
1947
1945
1929
1911
1873
1847
1843
1854
1845
1842
1815
1804
1792
1788
1783
1793
1805
1806
1815
1869
1926
2002
2103
2236
2292
2270
2242
2200
2176
2108
2042
1943
1896
1826
1792
1779
1817
1863
1927
2005
2051
2033
2002
1975
1970
1957
1944
1924
1927
1920
1893
1882
1900
1921
1952
2005
2031
2045
2083
2071
2029
1959
1882
1822
1767
1720
1679
1650
1634
1633
1663
1725
1804
1888
1967
2034
2070
2076
2029
1962
1898
1870
1850
1859
1848
1876
1903
1953
2002
2026
2036
2034
2015
2015
2026
2039
2044
2017
2014
2008
2014
2019
2054
2101
2144
2173
2207
2192
2192
2159
2125
2067
2021
1964
1918
1892
1899
1934
1994
2063
2093
2077
2025
1982
1930
1878
1843
1813
1797
1794
1763
1774
1791
1811
1827
1852
1841
1813
1797
1790
1806
1821
1821
1826
1842
1874
1902
1933
1955
1988
1993
1992
1972
1980
1975
1966
1972
1971
1969
1949
1919
1885
1854
1855
1879
1897
1904
1887
1898
1911
1959
1983
2018
2053
2065
2049
2029
1977
1942
1890
1853
1817
1824
1859
1907
1957
2005
2059
2132
2214
2289
2371
2428
2468
2494
2523
2527
2515
2505
2475
2438
2430
2409
2395
2390
2390
2380
2389
2356
2329
2286
2255
2216
2177
2149
2100
2069
2049
2058
2078
2089
2112
2143
2179
2213
2240
2245
2253
2268
2288
2288
2313
2316
2320
2321
2320
2307
2288
2223
2133
2075
2033
2023
2040
2087
2128
2161
2182
2170
2164
2172
2185
2207
2223
2214
2177
2170
2148
2131
2114
2090
2053
2058
2093
2136
2189
2228
2230
2169
2084
1995
1896
1832
1807
1800
1850
1905
1991
2045
2120
2167
2184
2173
2153
2118
2096
2075
2041
2028
2020
2012
2001
1987
1971
1955
1942
1914
1897
1899
1919
1921
1906
1883
1867
1853
1829
1835
1831
1836
1860
1890
1929
1939
1937
1936
1924
1905
1857
1831
1819
1843
1891
1943
1971
2007
2036
2070
2072
2081
2086
2127
2144
2144
2150
2153
2171
2165
2160
2123
2096
2046
2002
1975
1955
1953
1974
2020
2076
2091
2100
2100
2075
2067
2074
2117
2165
2180
2191
2195
2141
2071
1979
1911
1864
1820
1781
1787
1825
1873
1906
1918
1918
1907
1881
1870
1871
1894
1926
1961
2008
2050
2083
2120
2172
2198
2229
2237
2231
2209
2208
2214
2189
2142
2063
1981
1903
1834
1787
1770
1765
1810
1866
1927
1932
1928
1909
1901
1911
1930
1953
1965
1995
2011
2056
2104
2202
2255
2300
2324
2312
2275
2245
2220
2205
2194
2178
2153
2129
2084
2060
2030
2000
1992
1983
1989
2019
2031
2047
2076
2095
2096
2077
2059
2012
1997
1964
1939
1917
1921
1975
2048
2144
2233
2298
2347
2381
2388
2385
2378
2397
2425
2446
2467
2492
2504
2524
2523
2511
2494
2490
2478
2457
2425
2386
2362
2352
2329
2322
2318
2343
2334
2310
2280
2221
2149
2070
1986
1917
1891
1908
1968
2035
2092
2165
2226
2295
2307
2310
2300
2292
2262
2260
2266
2273
2287
2303
2315
2334
2355
2363
2372
2364
2391
2394
2424
2429
2414
2360
2305
2214
2158
2092
2001
1906
1856
1795
1786
1787
1783
1772
1742
1757
1774
1799
1845
1915
1964
1977
1979
1991
1996
1965
1945
1919
1946
2016
2098
2158
2219
2283
2344
2362
47.29248047
1.666113257
999
