5835
1973
1981
1956
2040
2001
2025
1943
2001
1968
2013
1930
1946
1889
1934
1859
1887
1817
1867
1839
1867
1836
1844
1854
1888
1879
1894
1894
1909
1940
1914
1946
1932
1993
1965
1992
1922
1958
1898
1931
1873
1916
1908
1985
1952
1997
1952
2021
1979
2011
1958
1980
1985
2005
1985
1968
1979
1992
1991
1959
1975
1953
2006
1976
1999
1963
2034
1959
1988
1977
2046
2000
2014
1967
2028
2032
2044
2017
2026
2039
2049
2034
2037
2042
2045
2056
2011
2015
1999
2039
2008
2042
1998
2041
2023
2059
2033
2063
2050
2079
2048
2052
2015
2025
1999
1983
1933
1907
1910
1878
1849
1823
1837
1835
1878
1895
1940
1911
1965
1937
1966
1938
1984
1962
1981
1947
1959
1937
1957
1923
1936
1929
1948
1968
1962
1965
1953
1983
1959
1950
1927
1952
1936
1961
1920
1917
1902
1950
1923
1947
1886
1918
1886
1895
1848
1851
1847
1872
1874
1859
1869
1899
1924
1898
1923
1884
1917
1897
1930
1865
1882
1850
1904
1875
1893
1859
1909
1906
1937
1937
1932
1962
1976
1983
1942
1957
1950
1969
1904
1927
1854
1919
1883
1931
1874
1923
1891
1935
1915
1932
1899
1935
1924
1918
1914
1903
1947
1951
1984
1962
1992
1958
2022
1968
2007
1940
1993
1934
1971
1914
1957
1920
1968
1899
1914
1863
1910
1911
1923
1945
1923
1955
1947
1970
1942
1968
1950
2003
1959
2023
1997
2072
2028
2101
2050
2101
2082
2155
2099
2122
2080
2095
2081
2066
2034
2024
2025
1997
1980
1935
1972
1948
2003
1971
2011
1983
2061
2027
2063
2008
2052
2032
2053
1999
2023
2020
2045
2065
2057
2061
2060
2088
2060
2079
2028
2047
2024
2050
2007
2038
2036
2077
2032
2037
2018
2076
2074
2092
2048
2058
2069
2075
2034
2022
2012
2017
2010
1970
1967
1951
1989
1968
1989
1964
2014
2018
2041
1999
2012
1986
2027
1999
2025
2005
2024
2048
2036
2032
2031
2043
2032
2038
2013
2034
2034
2080
2037
2078
2051
2095
2081
2104
2057
2082
2066
2104
2076
2107
2091
2103
2131
2120
2125
2130
2183
2163
2199
2135
2169
2142
2194
2119
2162
2119
2166
2151
2180
2140
2155
2165
2199
2202
2174
2162
2182
2187
2157
2154
2133
2158
2127
2154
2100
2160
2136
2177
2129
2177
2139
2228
2179
2212
2159
2218
2178
2202
2194
2182
2187
2193
2179
2140
2131
2114
2150
2096
2103
2056
2125
2068
2085
2025
2067
2044
2112
2052
2099
2067
2147
2116
2148
2134
2143
2155
2188
2179
2177
2172
2158
2213
2158
2185
2134
2179
2122
2167
2102
2135
2099
2136
2082
2114
2073
2110
2128
2124
2121
2126
2146
2136
2118
2070
2089
2061
2094
2028
2056
2003
2053
2022
2068
2007
2038
2004
2048
1999
2020
2004
2025
2012
2010
1981
1987
1995
2005
2016
1974
1986
1963
1986
1948
1975
1967
2012
1977
1973
1923
1978
1949
1960
1923
1937
1947
1976
1968
1969
1978
2003
2027
2004
2019
1982
2043
2031
2052
2011
2056
2038
2071
2040
2039
1997
2019
1996
1973
1964
1940
1950
1949
1952
1901
1926
1929
1970
1949
1992
1945
2021
1995
2036
2011
2045
2046
2081
2055
2084
2070
2107
2083
2099
2103
2090
2110
2090
2113
2083
2114
2082
2106
2044
2076
2032
2081
2020
2066
2026
2070
2026
2055
1992
2031
2013
2065
2030
2048
2029
2057
2056
2039
2024
2030
2034
1999
2017
1949
1971
1919
1968
1895
1926
1869
1910
1882
1920
1886
1940
1956
2002
2006
1973
1987
1974
1984
1944
1927
1869
1927
1881
1917
1840
1880
1849
1903
1852
1861
1833
1854
1860
1877
1846
1851
1864
1841
1885
1836
1884
1873
1949
1908
1950
1895
1928
1889
1914
1863
1897
1872
1888
1915
1902
1889
1864
1899
1885
1878
1819
1846
1796
1840
1791
1831
1796
1866
1840
1861
1863
1883
1890
1923
1905
1891
1873
1829
1846
1819
1835
1791
1844
1829
1865
1830
1865
1854
1897
1853
1883
1853
1870
1868
1873
1845
1821
1821
1824
1824
1815
1827
1831
1868
1839
1873
1865
1924
1935
1975
1945
1977
1977
2013
1986
1979
1940
1935
1941
1907
1886
1866
1891
1885
1921
1892
1926
1916
1965
1930
1960
1943
1972
1970
1966
1937
1953
1979
1999
1987
1985
2016
2027
2078
2048
2050
2013
2070
2038
2045
1978
1991
1962
1991
1939
1932
1895
1879
1892
1869
1866
1846
1870
1846
1856
1805
1846
1810
1878
1835
1886
1848
1917
1907
1946
1890
1904
1881
1910
1862
1851
1875
1841
1880
1831
1839
1790
1824
1773
1833
1780
1833
1798
1863
1810
1859
1847
1857
1881
1912
1913
1918
1940
1974
2014
1970
2018
1965
2027
1994
2042
1993
2051
2029
2094
2041
2063
2011
2062
2022
2012
1998
1966
1988
1994
2003
1993
2035
2014
2072
2032
2073
2019
2082
2052
2089
2050
2066
2051
2087
2074
2083
2056
2081
2099
2080
2092
2057
2097
2086
2127
2071
2099
2051
2115
2103
2124
2067
2107
2105
2131
2138
2104
2110
2132
2131
2108
2112
2101
2142
2113
2127
2082
2115
2101
2150
2122
2108
2067
2109
2123
2119
2104
2106
2103
2077
2095
2052
2059
2035
2065
1998
2036
2010
2044
2042
2064
2043
2064
2073
2092
2101
2071
2069
2048
2074
2020
2017
1972
1984
1979
2012
1971
1989
1981
2046
2049
2066
2068
2086
2111
2107
2105
2075
2070
2034
2066
2009
2010
1954
1991
1963
2000
1957
1952
1957
1996
1982
1993
1979
1980
2029
1994
2012
1967
1991
1970
1970
1912
1941
1906
1977
1944
1991
1956
2040
2061
2093
2090
2068
2092
2100
2099
2068
2081
2038
2098
2047
2096
2036
2099
2066
2133
2082
2091
2048
2107
2080
2091
2059
2083
2134
2124
2147
2118
2152
2154
2203
2165
2204
2139
2205
2170
2203
2142
2190
2160
2193
2165
2177
2176
2195
2189
2180
2174
2110
2147
2120
2146
2070
2099
2052
2099
2041
2077
2028
2078
2058
2096
2063
2095
2107
2123
2137
2116
2100
2079
2097
2039
2078
2022
2061
2030
2081
2044
2086
2055
2074
2079
2089
2075
2079
2086
2098
2127
2099
2130
2088
2136
2082
2104
2058
2072
2045
2067
2008
2003
1971
1979
1917
1883
1862
1838
1867
1863
1880
1858
1921
1949
2022
1998
2026
2002
2049
2032
2048
2027
2021
2055
2077
2083
2076
2089
2082
2087
2045
2056
2006
2068
2043
2050
2007
2026
2024
2060
2033
2033
2023
2059
2055
2019
2024
1982
2019
1989
2008
1954
1974
1964
1998
1974
2002
1967
2020
2013
2041
2014
1987
1988
1979
1979
1949
1976
1978
2033
2016
2058
2017
2091
2089
2145
2097
2142
2129
2162
2162
2163
2149
2172
2180
2163
2186
2131
2161
2145
2196
2129
2155
2114
2165
2129
2159
2108
2160
2135
2169
2144
2123
2098
2087
2123
2089
2096
2072
2129
2109
2176
2108
2150
2116
2197
2138
2198
2153
2187
2181
2214
2173
2185
2165
2139
2178
2132
2161
2146
2187
2142
2162
2116
2167
2122
2166
2097
2127
2076
2121
2071
2075
2054
2054
2077
2086
2087
2092
2140
2107
2181
2119
2148
2097
2164
2115
2167
2104
2125
2090
2127
2078
2085
2057
2067
2099
2067
2064
2036
2070
2057
2071
2042
2088
2039
2101
2078
2128
2076
2137
2107
2124
2098
2100
2093
2114
2112
2105
2093
2042
2084
2067
2108
2051
2086
2068
2097
2042
2055
2020
2053
2032
2016
1963
1941
1945
1956
1961
1928
1952
1959
1990
1986
2021
1999
2052
2055
2088
2061
2087
2052
2051
2035
1997
1975
1984
1995
1978
1983
1940
1981
1977
2018
1987
2017
2004
2039
2036
2035
2014
2043
2071
2071
2046
2024
2055
2050
2071
2030
2058
2038
2081
2059
2090
2057
2114
2127
2164
2116
2138
2135
2147
2166
2127
2139
2130
2160
2136
2155
2091
2125
2091
2141
2081
2103
2043
2074
2067
2068
2028
2026
2044
2075
2063
2048
2070
2042
2099
2071
2112
2058
2127
2094
2150
2103
2145
2115
2186
2134
2169
2141
2130
2142
2128
2110
2082
2100
2091
2114
2050
2101
2031
2099
2036
2066
1993
2033
2006
2042
1996
2035
2024
2082
2055
2058
2060
2020
2033
2001
2003
1942
1972
1932
2005
1955
2003
1960
2051
2020
2042
2013
2026
2048
2088
2083
2078
2069
2082
2085
2034
2053
1998
2057
2029
2061
2012
2057
2039
2100
2083
2108
2102
2159
2149
2150
2147
2118
2140
2138
2148
2124
2138
2123
2166
2136
2158
2106
2157
2124
2154
2112
2099
2074
2113
2120
2117
2124
2133
2155
2142
2161
2114
2131
2108
2151
2124
2148
2115
2135
2133
2138
2110
2104
2097
2082
2107
2071
2071
2052
2077
2025
2038
2019
2046
2038
2073
2038
2043
2034
2082
2091
2064
2059
2038
2069
2059
2056
2023
2045
2029
2070
2038
2056
2024
2092
2060
2086
2061
2054
2070
2063
2026
2003
2011
1982
2024
1985
2012
1978
2041
2021
2059
2026
2040
2023
2068
2027
2049
2013
2036
1992
1963
1958
1921
1957
1939
1953
1939
1982
1941
2003
1940
1983
1938
2004
1957
1988
1959
1977
1983
2032
2031
2039
2030
2019
2086
2058
2101
2049
2094
2065
2126
2099
2124
2067
2106
2076
2100
2059
2078
2105
2090
2095
2103
2125
2101
2075
2066
2028
2087
2062
2105
2069
2124
2113
2162
2122
2135
2063
2094
2073
2070
2014
2043
2005
2025
2031
1988
1980
1984
1999
1970
2006
1959
1994
1973
1997
1953
1987
1983
2016
1998
2013
2002
2041
2055
2062
2054
2031
2068
2050
2071
2021
2044
2027
2063
2044
2065
2031
2052
2056
2083
2063
2083
2096
2119
2164
2133
2139
2125
2156
2127
2170
2149
2166
2133
2147
2109
2122
2084
2098
2103
2087
2081
2061
2089
2105
2115
2095
2133
2095
2136
2089
2088
2021
2074
2038
2055
2027
2024
2014
2051
2034
2036
2056
2026
2067
2046
2081
2039
2082
2076
2133
2108
2131
2106
2173
2144
2163
2134
2145
2157
2150
2134
2087
2085
2085
2078
2020
2062
2014
2083
2031
2067
2008
2077
2042
2091
2074
2111
2102
2143
2136
2149
2173
2139
2177
2168
2198
2145
2160
2118
2157
2107
2136
2080
2148
2108
2143
2105
2129
2125
2129
2132
2114
2119
2127
2155
2121
2147
2072
2126
2093
2133
2079
2131
2105
2164
2130
2166
2134
2186
2164
2195
2178
2143
2145
2151
2166
2128
2138
2118
2171
2141
2190
2143
2190
2163
2232
2169
2210
2189
2205
2204
2204
2177
2175
2188
2156
2200
2157
2188
2166
2215
2155
2182
2141
2177
2146
2189
2162
2203
2200
2251
2237
2216
2203
2184
2193
2183
2170
2135
2153
2142
2187
2149
2192
2162
2225
2183
2210
2171
2167
2163
2176
2138
2131
2142
2127
2174
2147
2169
2153
2222
2209
2226
2195
2223
2204
2245
2199
2202
2153
2159
2145
2125
2114
2078
2090
2077
2080
2054
2099
2089
2122
2094
2126
2097
2147
2128
2128
2112
2092
2091
2091
2081
2058
2051
2011
2074
2045
2085
2038
2099
2067
2099
2079
2098
2073
2110
2103
2114
2085
2107
2107
2090
2102
2043
2052
2021
2050
1987
2019
1953
1995
1955
1984
1930
1964
1960
1979
1995
2005
2018
2038
2066
2069
2079
2053
2111
2088
2129
2060
2087
2032
2080
2019
2032
1976
2012
1999
2014
1974
1994
1977
1985
2028
1973
1989
1968
1997
1935
1977
1897
1955
1921
1978
1910
1952
1921
1962
1975
1990
1985
2026
2043
2072
2059
2035
2070
2035
2074
2018
2062
2022
2075
2046
2084
2020
2070
2042
2088
2038
2066
2043
2038
2041
2027
2027
2017
2056
2055
2106
2054
2095
2069
2141
2079
2094
2030
2036
1997
2001
1965
1966
1966
2000
1991
1998
2027
2015
2062
2042
2094
2061
2110
2090
2130
2079
2112
2075
2118
2047
2058
2033
2025
2037
2035
2022
1991
1997
2011
2038
1990
2008
1983
2043
2012
2041
1999
2037
2017
2052
2022
2015
2003
2029
2018
2028
2052
2030
2080
2077
2098
2071
2094
2077
2102
2032
2045
2024
2068
2057
2061
2071
2053
2061
2071
2056
2031
2035
2045
2079
2052
2080
2048
2089
2055
2072
2037
2058
2044
2076
2053
2035
2023
2037
2048
2041
2069
2045
2068
2053
2088
2023
2046
2013
2058
2035
2043
2004
2018
2007
2017
2024
1985
1991
1960
2004
1951
1963
1918
1960
1953
2017
1966
2000
1957
2010
1955
1973
1952
1939
1979
1994
2000
1975
1998
1965
2026
1961
2000
1959
2046
1999
2048
2027
2062
2053
2111
2064
2097
2084
2142
2123
2084
2090
2052
2074
2030
2010
1942
1955
1901
1955
1883
1905
1859
1916
1878
1908
1874
1869
1842
1845
1803
1779
1757
1707
1735
1681
1707
1659
1723
1696
1743
1747
1810
1792
1867
1853
1911
1894
1963
1952
1961
1979
1983
1985
1983
1988
1973
2010
1945
1976
1937
1957
1909
1955
1943
1974
1960
1962
1925
1956
1941
1941
1911
1908
1927
1904
1903
1862
1885
1870
1913
1890
1906
1867
1902
1887
1897
1850
1854
1843
1851
1876
1863
1873
1887
1924
1909
1934
1891
1925
1915
1935
1895
1901
1898
1897
1887
1887
1888
1903
1929
1933
1935
1939
1970
1959
1995
1943
1966
1959
2007
1988
2007
1989
2013
2011
2022
1995
2010
2007
1981
2015
1980
1998
1976
2018
1977
1989
1937
1952
1913
1930
1843
1830
1789
1788
1780
1771
1753
1732
1743
1753
1749
1715
1745
1712
1788
1741
1789
1727
1772
1745
1790
1758
1781
1766
1831
1810
1824
1822
1815
1867
1860
1877
1847
1872
1833
1864
1824
1870
1826
1910
1867
1912
1864
1891
1899
1905
1887
1862
1862
1886
1875
1837
1862
1795
1849
1800
1825
1762
1809
1777
1845
1791
1819
1763
1821
1799
1820
1784
1761
1778
1780
1792
1779
1800
1830
1888
1863
1915
1867
1929
1898
1941
1885
1916
1891
1935
1920
1913
1884
1888
1881
1857
1869
1811
1844
1819
1841
1781
1808
1765
1840
1826
1877
1854
1915
1905
1935
1921
1916
1904
1921
1951
1923
1925
1910
1926
1889
1930
1898
1935
1913
1960
1927
1946
1937
1957
1967
1978
1968
1973
1992
1993
2038
2007
2039
2030
2065
2029
2053
2031
2045
2015
2037
2015
2024
1996
2023
2020
1996
2004
1987
2042
2029
2046
2022
2062
2061
2120
2097
2117
2101
2166
2142
2162
2135
2109
2114
2112
2106
2085
2086
2043
2095
2046
2068
2003
2064
2027
2067
2054
2075
2057
2090
2054
2059
2029
2053
2049
2044
2049
2013
2046
2047
2076
2036
2085
2053
2112
2067
2088
2046
2113
2082
2093
2069
2068
2052
2077
2073
2066
2068
2042
2114
2089
2134
2091
2146
2115
2171
2140
2171
2105
2153
2123
2149
2091
2122
2105
2102
2111
2083
2088
2069
2110
2077
2123
2062
2113
2090
2152
2084
2120
2098
2151
2158
2182
2177
2197
2221
2209
2195
2178
2215
2207
2273
2210
2247
2207
2280
2230
2259
2194
2234
2212
2268
2214
2240
2242
2258
2276
2255
2260
2246
2279
2252
2265
2197
2235
2195
2239
2167
2202
2145
2168
2156
2179
2149
2151
2157
2178
2159
2140
2145
2114
2170
2136
2167
2123
2180
2162
2202
2148
2175
2136
2183
2131
2146
2141
2130
2155
2155
2161
2156
2185
2205
2217
2178
2202
2156
2206
2164
2188
2163
2193
2191
2196
2170
2162
2164
2165
2151
2125
2155
2130
2163
2168
2206
2195
2210
2199
2243
2247
2251
2229
2259
2297
2285
2282
2241
2248
2240
2253
2198
2182
2130
2167
2149
2156
2108
2128
2119
2161
2133
2162
2186
2198
2243
2208
2218
2212
2255
2197
2229
2168
2186
2158
2195
2131
2147
2122
2142
2146
2133
2103
2096
2103
2095
2110
2057
2085
2060
2117
2073
2116
2070
2143
2125
2183
2136
2186
2165
2220
2167
2175
2179
2158
2186
2161
2172
2138
2166
2148
2218
2143
2185
2142
2217
2152
2187
2148
2162
2142
2170
2137
2147
2102
2128
2136
2110
2126
2090
2154
2143
2170
2112
2163
2116
2180
2120
2137
2080
2131
2083
2088
2067
2065
2063
2079
2061
2031
2018
1981
2033
1990
2027
1981
2041
2014
2053
2038
2061
2021
2063
2036
2035
1988
2014
2006
2003
2003
1973
1992
2010
2032
2000
2037
1975
2026
1987
2013
1954
1993
1978
2011
2009
2002
2003
2021
2037
2031
2027
2005
2047
2024
2039
2003
2040
2027
2061
2055
2063
2051
2076
2072
2064
2042
2062
2065
2062
2073
2059
2071
2060
2085
2031
2072
2035
2060
2043
2065
2044
2067
2054
2072
2099
2085
2076
2068
2091
2072
2068
2043
2061
2024
2045
2014
2033
2002
2043
2019
2021
1995
2011
2033
2069
2062
2055
2072
2042
2072
2022
2038
2006
2045
2016
2078
2039
2064
2046
2078
2034
2046
2008
2007
2045
2031
2026
1989
2034
2035
2034
1995
2036
1998
2075
2043
2075
2023
2078
2054
2084
2065
2068
2064
2104
2106
2103
2117
2079
2126
2090
2126
2064
2092
2043
2087
2045
2080
2020
2073
2035
2065
2003
2022
2034
2040
2028
1998
1996
1982
1985
1927
1949
1872
1919
1860
1896
1825
1855
1790
1829
1795
1807
1770
1818
1801
1813
1815
1775
1814
1815
1859
1825
1828
1801
1852
1800
1838
1765
1800
1750
1785
1713
1723
1692
1715
1718
1707
1699
1717
1772
1783
1835
1791
1826
1812
1869
1839
1861
1836
1868
1856
1868
1839
1858
1857
1891
1901
1891
1894
1916
1980
1964
1972
1941
1979
1974
2012
1966
1999
1996
2040
2004
2007
2008
1992
2027
2028
2042
2029
2049
2017
2067
2025
2032
2000
2042
1995
2009
1983
2007
2016
2043
2023
2027
2039
2064
2077
2042
2059
2034
2089
2033
2033
1961
1975
1951
1988
1954
1991
1962
2012
2000
2023
2035
2007
2031
2027
2029
1982
1987
1918
1981
1930
1966
1926
1983
1947
1983
1965
1955
1920
1901
1880
1869
1833
1828
1837
1805
1831
1793
1843
1808
1868
1816
1884
1845
1899
1901
1955
1928
1981
1982
2018
2036
2000
2004
1998
2023
1983
2003
1957
2024
1994
2042
1983
2016
2003
2068
2031
2043
2028
1956
2005
1976
2066
2037
2068
2067
2071
2100
2128
2137
2124
2127
2090
2167
2103
2139
2071
2136
2091
2136
2092
2120
2062
2109
2079
2089
2041
2066
2051
2031
2031
1990
2006
2006
2055
2033
2099
2054
2122
2098
2146
2090
2130
2091
2119
2087
2092
2077
2108
2106
2121
2117
2107
2161
2145
2179
2139
2171
2143
2198
2169
2197
2150
2181
2178
2185
2148
2147
2152
2143
2174
2133
2132
2108
2158
2132
2180
2142
2170
2130
2166
2130
2145
2110
2123
2146
2130
2126
2104
2134
2144
2152
2147
2171
2160
2217
2186
2214
2184
2217
2181
2200
2171
2164
2170
2181
2176
2159
2186
2166
2220
2195
2210
2155
2200
2174
2210
2162
2165
2142
2182
2161
2164
2141
2146
2167
2142
2144
2106
2122
2119
2150
2121
2150
2105
2179
2161
2196
2154
2201
2191
2213
2195
2188
2183
2178
2156
2143
2153
2109
2143
2112
2150
2094
2132
2086
2134
2097
2128
2077
2107
2087
2125
2072
2077
2079
2081
2106
2073
2098
2082
2133
2112
2156
2088
2139
2109
2168
2107
2153
2113
2146
2127
2129
2088
2105
2117
2114
2118
2058
2076
2036
2075
2012
2041
2004
2064
2042
2081
2005
2043
2031
2085
2043
2066
2066
2084
2117
2108
2118
2118
2139
2099
2144
2079
2121
2090
2162
2105
2147
2097
2140
2129
2162
2139
2154
2140
2161
2147
2092
2078
2036
2072
2014
2022
1962
2003
1968
2015
1961
2008
1979
2032
1985
1996
1995
2000
2020
2037
2036
2026
2031
2009
2058
2004
2014
1949
1983
1927
1914
1876
1879
1854
1892
1871
1882
1861
1897
1886
1873
1851
1812
1840
1839
1847
1792
1824
1796
1859
1851
1876
1854
1920
1921
1945
1935
1931
1947
1963
1974
1964
1975
1954
2010
1977
1981
1939
1987
1994
2019
2015
2011
1987
1999
1981
1955
1927
1909
1897
1871
1885
1831
1854
1831
1857
1782
1799
1732
1740
1701
1691
1639
1663
1667
1714
1743
1722
1742
1746
1797
1788
1819
1767
1816
1771
1807
1759
1796
1760
1801
1781
1804
1794
1823
1842
1842
1825
1823
1862
1858
1898
1848
1876
1837
1888
1826
1882
1822
1867
1855
1909
1854
1887
1856
1867
1879
1863
1857
1822
1863
1857
1831
1764
1797
1774
1870
1830
1888
1844
1931
1916
1956
1917
1951
1944
1997
1963
1950
1929
1897
1930
1897
1915
1871
1913
1886
1920
1855
1891
1848
1927
1879
1920
1862
1879
1890
1897
1878
1865
1867
1874
1863
1827
1847
1801
1853
1824
1835
1783
1825
1764
1799
1755
1784
1778
1844
1827
1858
1884
1895
1931
1935
1945
1938
1960
1959
1987
1961
1999
1960
2011
1987
2021
1989
2021
2027
2037
2009
2004
1989
2016
2012
1988
2018
1970
2005
1986
2008
1975
1999
1971
1997
1961
1953
1902
1909
1905
1908
1918
1908
1933
1958
1994
1985
2014
2008
2032
2009
2026
1994
2031
2023
2041
1991
2007
1998
2008
2021
2019
2017
2007
2033
2001
2028
1989
2019
1998
2037
1993
2016
1994
2048
2039
2041
2002
2027
2019
2037
2028
1972
1977
1965
1996
1972
2001
1992
2038
2027
2069
2018
2068
2051
2093
2036
2049
2035
2051
2068
2053
2057
2042
2059
2020
2072
2000
2039
2003
2066
2001
2047
2025
2079
2059
2088
2060
2084
2067
2112
2126
2106
2122
2079
2104
2071
2094
2049
2062
2033
2072
1994
2038
1990
2069
2021
2076
2060
2063
2061
2079
2075
2082
2088
2079
2143
2113
2165
2109
2206
2178
2225
2178
2196
2148
2182
2143
2135
2073
2084
2062
2039
2036
1996
2025
2026
2056
2011
2089
2029
2092
2059
2096
2044
2104
2078
2115
2095
2079
2054
2074
2074
2065
2048
2021
2066
2047
2089
2024
2046
2028
2073
2027
2058
2019
2064
2061
2088
2071
2104
2116
2122
2134
2103
2118
2115
2142
2098
2127
2078
2084
2053
2074
2035
2073
2044
2063
2078
2073
2067
2073
2098
2079
2078
2042
2072
2066
2096
2056
2075
2036
2075
2052
2073
2046
2041
2036
2051
2038
2046
2052
2032
2060
2027
2038
2006
2061
2045
2066
2029
2044
2025
2063
2012
2014
1957
1948
1975
1966
1964
1928
1965
1984
2012
1985
2026
1981
2046
2016
2042
1987
2040
1998
2027
2007
2019
2000
2028
2023
2017
2042
2009
2068
2046
2059
2014
2056
2030
2078
2026
2050
1994
2049
2024
2051
2010
2028
2052
2054
2047
2037
2057
2072
2094
2052
2092
2034
2095
2053
2084
2026
2064
2011
2046
1991
1988
1935
1962
1948
1948
1940
1923
1960
1958
1991
1951
1980
1968
2017
1979
2018
1952
2008
1978
2036
1988
2011
1999
2031
2039
2046
2046
2040
2064
2023
2078
2031
2084
2063
2115
2046
2084
2033
2066
2030
2053
2021
2047
2041
2095
2103
2100
2128
2144
2207
2190
2196
2147
2192
2154
2176
2104
2134
2100
2141
2080
2099
2066
2094
2111
2132
2127
2134
2145
2106
2160
2118
2146
2115
2178
2132
2170
2142
2183
2176
2207
2158
2175
2151
2195
2184
2165
2157
2134
2163
2154
2148
2135
2165
2154
2201
2159
2181
2140
2195
2186
2206
2203
2208
2209
2224
2202
2174
2172
2159
2212
2178
2189
2135
2178
2168
2189
2166
2177
2144
2164
2142
2147
2118
2126
2136
2125
2137
2090
2123
2123
2155
2125
2171
2136
2184
2172
2213
2173
2207
2194
2220
2201
2157
2155
2162
2176
2153
2161
2137
2190
2158
2205
2139
2176
2156
2218
2186
2189
2144
2183
2158
2171
2144
2169
2165
2161
2189
2138
2147
2116
2173
2131
2191
2148
2219
2200
2263
2208
2264
2250
2281
2288
2273
2259
2267
2290
2268
2250
2204
2249
2204
2249
2171
2214
2161
2221
2164
2179
2117
2150
2125
2165
2098
2109
2107
2099
2144
2144
2167
2150
2190
2158
2212
2162
2213
2189
2233
2173
2222
2190
2252
2249
2264
2250
2274
2288
2299
2271
2239
2271
2235
2290
2234
2264
2207
2246
2209
2252
2196
2216
2192
2257
2204
2218
2210
2184
2206
2191
2187
2155
2158
2149
2167
2109
2136
2094
2160
2152
2199
2173
2204
2203
2237
2216
2205
2195
2226
2211
2189
2198
2138
2181
2148
2167
2105
2139
2114
2157
2127
2146
2117
2171
2171
2197
2192
2166
2182
2194
2198
2159
2161
2145
2150
2103
2100
2040
2064
2057
2077
2043
2056
2048
2075
2090
2091
2103
2125
2155
2128
2151
2120
2144
2137
2180
2134
2165
2152
2194
2201
2214
2207
2215
2238
2242
2252
2209
2221
2187
2215
2173
2190
2159
2196
2160
2188
2154
2187
2186
2231
2186
2211
2199
2173
2198
2175
2169
2128
2158
2136
2212
2174
2226
2183
2259
2224
2267
2238
2245
2261
2285
2266
2253
2243
2263
2298
2249
2282
2218
2267
2223
2256
2180
2247
2206
2265
2215
2221
2174
2215
2180
2202
2202
2159
2172
2170
2191
2146
2139
2075
2127
2053
2080
2022
2089
2063
2114
2087
2127
2114
2178
2177
2189
2156
2176
2174
2160
2170
2140
2167
2138
2173
2119
2180
2127
2174
2134
2187
2141
2180
2142
2166
2159
2138
2127
2138
2141
2131
2122
2077
2112
2079
2107
2046
2078
2054
2095
2062
2081
2046
2087
2091
2113
2086
2097
2097
2098
2103
2074
2087
2071
2115
2095
2124
2075
2098
2102
2143
2108
2120
2089
2105
2103
2091
2061
2037
2051
2044
2038
2019
2046
2029
2078
2023
2040
2020
2064
2059
2087
2064
2068
2079
2103
2070
2058
2049
2034
2056
2018
2021
1976
2018
2012
2068
2031
2057
2053
2123
2102
2125
2114
2135
2167
2152
2134
2113
2143
2149
2158
2131
2170
2146
2212
2157
2178
2130
2188
2166
2193
2143
2137
2091
2100
2047
2030
2021
1984
2018
2011
2040
2030
2070
2058
2112
2063
2091
2036
2097
2062
2102
2060
2096
2099
2118
2102
2082
2065
2073
2065
2017
2025
1956
2008
1975
2013
1952
1997
1966
2033
2006
2046
2018
2084
2090
2119
2120
2083
2100
2098
2123
2093
2108
2105
2153
2111
2159
2088
2141
2108
2158
2093
2122
2057
2083
2055
2054
2033
2051
2056
2018
2049
2006
2057
2054
2099
2045
2079
2044
2130
2083
2115
2048
2095
2068
2116
2078
2072
2075
2112
2131
2132
2144
2148
2168
2139
2189
2139
2206
2176
2235
2157
2207
2144
2174
2131
2149
2098
2129
2114
2142
2173
2168
2172
2164
2202
2183
2204
2172
2215
2180
2220
2153
2185
2147
2178
2144
2161
2122
2129
2136
2167
2150
2154
2176
2165
2202
2163
2189
2144
2180
2146
2195
2148
2165
2149
2195
2147
2165
2127
2142
2152
2160
2143
2141
2196
2199
2191
2165
2186
2165
2209
2170
2186
2163
2217
2211
2231
2205
2198
2196
2203
2154
2137
2111
2066
2090
2054
2070
2025
2056
2027
2069
2028
2027
2005
2039
1999
2001
1967
1972
1997
2013
2019
2047
2056
2033
2046
2063
2020
2032
1985
2002
1985
2030
2010
2066
2043
2071
2052
2092
2045
2057
2013
2012
2011
1980
1983
1962
1989
1979
1977
1937
1979
1935
2007
1955
1991
1930
1980
1937
1972
1936
1952
1916
1951
1935
1948
1967
1941
1994
1996
2051
2013
2063
2056
2115
2079
2120
2064
2129
2109
2131
2059
2076
2068
2064
2039
2017
2010
2034
2043
2010
2043
1985
2053
2037
2102
2058
2118
2079
2141
2098
2106
2032
2066
2034
2026
2003
1980
1986
1985
1997
1953
1960
1962
2011
1977
2024
1980
2033
1986
2030
1977
2031
2015
2053
2045
2051
2047
2055
2051
2031
2057
2030
2073
2054
2083
2046
2082
2039
2094
2069
2135
2080
2114
2088
2162
2161
2173
2170
2187
2216
2223
2213
2196
2189
2141
2181
2102
2122
2066
2110
2046
2086
2027
2048
2035
2090
2053
2073
2056
2060
2130
2105
2131
2093
2167
2163
2192
2147
2164
2116
2173
2127
2163
2117
2171
2169
2178
2156
2130
2143
2158
2152
2124
2146
2111
2160
2134
2176
2144
2195
2190
2226
2192
2190
2172
2208
2195
2187
2173
2151
2193
2179
2176
2145
2169
2175
2184
2148
2154
2099
2139
2129
2147
2111
2139
2143
2164
2167
2154
2159
2158
2167
2132
2150
2099
2142
2126
2163
2130
2155
2134
2187
2176
2170
2150
2139
2133
2127
2101
2063
2071
2051
2083
2046
2073
2042
2087
2069
2129
2095
2139
2128
2162
2101
2092
2061
2049
2039
2011
2011
2001
2030
2017
2038
1978
2019
1993
2060
1994
2026
1968
2002
1965
1987
1929
1948
1939
1979
1953
1971
1990
1970
2001
1963
1989
1944
1992
1954
2005
1930
1967
1933
1978
1924
1964
1952
1999
2030
2060
2066
2065
2062
2073
2099
2043
2073
2044
2097
2045
2083
2040
2100
2077
2139
2080
2126
2091
2155
2109
2123
2120
2092
2114
2104
2098
2065
2086
2040
2108
2049
2104
2027
2096
2042
2083
2044
2068
2040
2080
2058
2067
2058
2098
2098
2090
2109
2083
2120
2088
2102
2041
2065
2005
2062
2011
2042
1991
2078
2050
2059
2040
2030
2042
2069
2075
2062
2045
2004
2064
2021
2035
1966
2005
1987
2023
1998
2013
1965
2031
2016
2026
1976
2015
1995
1990
1984
1948
1938
1925
1944
1914
1950
1912
1977
1955
1986
1944
1980
1962
1973
1944
1926
1895
1914
1905
1894
1883
1883
1923
1924
1957
1920
1952
1933
1959
1937
1942
1903
1924
1907
1933
1904
1920
1922
1937
1932
1914
1905
1899
1921
1891
1884
1842
1880
1850
1874
1832
1846
1815
1838
1827
1835
1822
1851
1879
1881
1883
1878
1903
1902
1931
1893
1894
1865
1905
1863
1883
1837
1843
1840
1895
1869
1886
1889
1891
1916
1911
1937
1920
1955
1941
1962
1902
1934
1885
1937
1869
1881
1822
1874
1863
1895
1846
1874
1871
1900
1856
1861
1854
1864
1883
1846
1835
1822
1849
1805
1834
1760
1798
1754
1815
1747
1792
1776
1839
1824
1847
1831
1883
1899
1941
1959
1928
1959
1954
1996
1967
1996
1961
2012
1965
2007
1933
1977
1932
1976
1897
1914
1878
1890
1883
1885
1868
1862
1865
1819
1849
1783
1817
1781
1854
1800
1851
1816
1861
1837
1885
1835
1849
1821
1866
1846
1831
1826
1816
1837
1841
1871
1857
1902
1857
1899
1843
1879
1832
1898
1869
1894
1890
1896
1888
1912
1902
1888
1881
1862
1931
1901
1941
1913
1965
1954
2001
1997
2023
1973
2023
2001
2011
1977
2015
2026
2036
2044
2012
2031
2028
2054
2038
2071
2042
2100
2085
2105
2074
2113
2098
2119
2106
2084
2069
2084
2103
2083
2086
2083
2130
2127
2154
2104
2115
2090
2108
2055
2036
1998
2028
2022
2029
2025
2039
2055
2068
2109
2103
2137
2151
2208
2183
2237
2200
2218
2218
2247
2212
2232
2208
2236
2254
2241
2243
2218
2241
2219
2212
2147
2138
2096
2143
2087
2124
2087
2150
2139
2178
2175
2185
2202
2221
2209
2190
2194
2153
2192
2144
2152
2072
2094
2043
2066
2025
2058
2023
2081
2054
2086
2060
2074
2118
2119
2130
2100
2136
2137
2176
2142
2185
2115
2181
2143
2195
2138
2194
2166
2216
2190
2209
2196
2239
2250
2240
2260
2203
2241
2224
2262
2195
2229
2171
2233
2192
2235
2169
2230
2198
2225
2167
2198
2200
2231
2260
2251
2255
2263
2302
2278
2311
2257
2312
2286
2343
2288
2329
2300
2339
2310
2322
2300
2333
2333
2368
2356
2334
2347
2342
2365
2323
2346
2315
2379
2343
2384
2343
2379
2350
2408
2366
2398
2376
2391
2406
2398
2384
2385
2390
2358
2393
2353
2375
2337
2384
2346
2352
2324
2349
2353
2368
2341
2353
2350
2382
2367
2349
2356
2321
2354
2328
2344
2326
2378
2374
2406
2380
2383
2344
2370
2328
2340
2328
2317
2346
2355
2364
2332
2340
2316
2364
2313
2322
2284
2333
2298
2324
2296
2317
2320
2347
2330
2333
2324
2334
2348
2318
2323
2283
2327
2309
2307
2246
2263
2215
2271
2233
2243
2213
2244
2220
2231
2238
2225
2229
2228
2271
2259
2261
2191
2240
2195
2236
2186
2226
2174
2210
2190
2215
2194
2226
2217
2220
2201
2210
2220
2209
2235
2199
2226
2197
2254
2188
2241
2175
2220
2192
2224
2158
2181
2153
2159
2177
2160
2151
2140
2170
2156
2173
2163
2205
2181
2232
2167
2217
2168
2238
2163
2180
2115
2125
2105
2126
2085
2090
2083
2072
2114
2055
2066
2040
2106
2065
2112
2051
2087
2069
2131
2071
2103
2060
2103
2111
2107
2094
2088
2117
2119
2103
2083
2133
2099
2157
2099
2132
2078
2138
2102
2137
2085
2115
2105
2152
2102
2110
2093
2067
2086
2066
2072
2049
2082
2071
2123
2074
2095
2066
2123
2082
2102
2061
2087
2096
2086
2064
2060
2053
2054
2043
1992
2001
1940
1979
1954
1979
1937
1973
1956
1998
1979
1990
1978
2016
2029
2030
2044
2013
2050
2047
2061
2023
2032
2031
2055
2047
2065
2025
2065
2034
2036
1986
1993
2009
2016
2027
1978
1976
1964
1991
1931
1960
1908
1961
1935
1967
1917
1949
1926
1960
1955
1955
1944
1959
1976
1984
2018
1953
1985
1963
2010
1950
1966
1918
1955
1898
1899
1837
1878
1854
1892
1864
1879
1903
1913
1961
1924
1934
1908
1964
1951
2029
1977
2016
1965
2023
1952
1993
1945
1961
1941
1950
1925
1925
1916
1946
1961
1927
1940
1887
1940
1892
1925
1861
1928
1892
1965
1904
1945
1916
1974
1925
1958
1969
1952
1977
1978
1974
1940
1959
1921
2007
1962
2010
1969
2049
2013
2063
2019
2026
1993
2036
2013
2018
1994
2035
2044
2031
2050
2009
2064
2044
2079
2027
2075
2032
2090
2038
2062
2009
2063
2037
2083
2090
2085
2091
2103
2109
2083
2083
2045
2100
2068
2100
2067
2112
2106
2155
2146
2148
2119
2155
2140
2145
2126
2147
2158
2151
2164
2119
2145
2139
2169
2126
2167
2113
2133
2108
2116
2084
2090
2077
2073
2068
2052
2057
2063
2094
2076
2093
2075
2098
2092
2127
2086
2099
2073
2104
2111
2101
2104
2096
2138
2146
2144
2097
2115
2083
2128
2081
2104
2061
2107
2087
2105
2088
2077
2056
2056
2045
2010
2002
1963
2014
1982
2022
1988
2056
2036
2088
2081
2104
2079
2119
2107
2117
2082
2110
2111
2102
2102
2056
2091
2086
2109
2064
2120
2077
2148
2116
2158
2104
2163
2133
2151
2132
2127
2125
2147
2167
2168
2172
2139
2183
2148
2184
2135
2184
2162
2225
2184
2208
2154
2191
2159
2180
2134
2172
2157
2151
2161
2143
2170
2182
2220
2183
2223
2160
2194
2144
2188
2119
2144
2104
2130
2122
2137
2119
2140
2152
2164
2141
2099
2121
2092
2149
2103
2127
2090
2134
2086
2107
2058
2059
2043
2092
2057
2061
2041
2023
2052
2027
2009
1976
2015
2011
2041
1990
1999
1986
2031
1994
2016
1971
1982
2002
2006
1992
1983
1995
1991
1984
1952
1967
1931
1985
1958
1984
1959
2013
1998
2024
2004
2022
2026
2060
2043
2026
2032
2023
2066
2058
2071
2036
2058
2040
2080
2045
2057
2018
2067
2049
2077
2052
2069
2107
2124
2139
2119
2135
2129
2156
2128
2163
2111
2180
2176
2223
2183
2210
2192
2212
2209
2202
2191
2201
2204
2180
2175
2122
2150
2123
2176
2108
2135
2091
2140
2131
2177
2129
2166
2160
2191
2153
2158
5835
1852
1824
1822
1818
1813
1809
1808
1822
1845
1861
1873
1897
1899
1915
1909
1918
1923
1949
1963
1979
1984
1967
1958
1938
1909
1903
1885
1882
1885
1904
1911
1920
1938
1960
1961
1967
1961
1970
1973
1978
1983
1987
1993
1992
2002
1997
2001
1977
1973
1982
2007
2002
2003
2009
2017
2021
2021
2003
1991
1981
1984
1994
2004
2011
2003
2031
2020
2029
2050
2063
2046
2044
2050
2051
2068
2069
2059
2052
2056
2066
2068
2058
2059
2078
2061
2056
2058
2071
2060
2041
2027
2001
1962
1934
1899
1873
1865
1864
1854
1869
1903
1930
1957
1975
1989
2004
2011
1997
1986
1975
1963
1946
1944
1919
1903
1900
1887
1888
1885
1889
1899
1904
1907
1924
1941
1948
1935
1915
1912
1903
1904
1901
1912
1926
1931
1931
1920
1894
1861
1826
1807
1797
1807
1816
1818
1844
1841
1851
1861
1862
1871
1878
1892
1898
1895
1893
1882
1873
1856
1852
1854
1859
1891
1903
1931
1938
1945
1956
1955
1949
1955
1964
1960
1945
1932
1935
1928
1929
1912
1916
1904
1914
1909
1909
1925
1939
1930
1914
1914
1908
1907
1912
1924
1924
1937
1947
1964
1976
1991
1992
1999
1984
1981
1982
1969
1956
1939
1918
1912
1897
1892
1892
1882
1891
1910
1939
1958
1972
1982
1989
1984
1987
2003
2014
2014
2029
2062
2082
2087
2103
2117
2118
2110
2115
2121
2125
2111
2088
2076
2054
2026
2002
1991
1968
1968
1973
1987
1985
1994
1997
2010
2013
2024
2036
2048
2038
2045
2043
2053
2041
2054
2073
2078
2084
2084
2076
2090
2089
2075
2073
2059
2059
2049
2040
2035
2032
2021
2022
2023
2029
2040
2054
2071
2084
2092
2095
2084
2062
2035
2024
1996
1973
1958
1961
1953
1932
1939
1952
1960
1955
1965
1954
1952
1964
1978
1991
1994
1984
1985
1993
1995
1993
1992
1998
2011
2003
1992
1986
2003
2028
2040
2066
2066
2071
2066
2063
2069
2063
2068
2076
2076
2086
2081
2091
2099
2102
2132
2153
2168
2177
2169
2173
2184
2203
2214
2216
2212
2212
2218
2219
2204
2188
2175
2177
2191
2203
2186
2184
2189
2199
2206
2207
2200
2187
2186
2194
2187
2186
2188
2176
2179
2187
2200
2216
2232
2228
2231
2236
2250
2228
2219
2206
2199
2214
2198
2193
2195
2180
2175
2162
2155
2136
2136
2127
2118
2097
2090
2102
2099
2092
2099
2111
2127
2135
2147
2144
2159
2178
2178
2181
2196
2191
2191
2183
2175
2178
2185
2192
2175
2179
2160
2147
2136
2115
2111
2107
2099
2094
2092
2088
2101
2123
2144
2148
2159
2151
2143
2120
2111
2079
2064
2047
2027
2021
2023
2026
2034
2036
2038
2030
2029
2029
2039
2034
2025
2031
2032
2029
2030
2038
2042
2043
2022
2010
2005
2009
2000
2001
2004
1994
1987
1972
1962
1948
1938
1941
1935
1930
1942
1962
1978
1995
2027
2034
2029
2027
2032
2033
2043
2044
2050
2047
2036
2033
2039
2034
2039
2018
2005
1994
1994
1998
1990
1982
1966
1966
1982
1991
1982
1988
1996
2004
2013
2024
2043
2062
2083
2090
2103
2111
2127
2145
2154
2160
2172
2172
2159
2146
2130
2122
2113
2112
2096
2080
2076
2070
2056
2040
2029
2026
2013
2010
1991
1993
1995
1995
1994
2002
1997
1980
1968
1973
1968
1980
1997
1999
1996
1976
1974
1971
1949
1931
1914
1909
1895
1875
1866
1875
1890
1908
1939
1973
1984
2003
2019
2015
2014
1999
1987
1965
1938
1909
1887
1861
1860
1855
1858
1854
1850
1858
1879
1889
1897
1876
1861
1865
1866
1874
1869
1881
1892
1895
1909
1919
1913
1913
1928
1929
1899
1885
1868
1861
1868
1875
1879
1883
1890
1888
1891
1883
1864
1835
1808
1778
1760
1755
1761
1772
1791
1805
1829
1865
1900
1915
1910
1883
1867
1842
1808
1794
1787
1783
1786
1780
1786
1819
1838
1837
1834
1832
1817
1820
1803
1798
1790
1804
1816
1813
1789
1786
1783
1776
1761
1753
1781
1815
1850
1878
1876
1877
1891
1910
1921
1927
1929
1920
1917
1907
1897
1902
1906
1908
1903
1895
1891
1905
1903
1907
1925
1934
1952
1958
1957
1962
1953
1948
1941
1944
1946
1953
1962
1976
1979
2003
2010
2016
2035
2034
2029
2012
1989
1985
1984
1971
1947
1931
1905
1882
1867
1858
1855
1853
1865
1863
1859
1852
1855
1855
1869
1875
1872
1884
1889
1881
1872
1870
1876
1871
1869
1869
1869
1862
1878
1870
1859
1843
1833
1826
1813
1802
1810
1818
1824
1822
1834
1841
1847
1850
1867
1891
1910
1923
1937
1952
1961
1963
1968
1990
1990
2013
2015
2020
2011
2007
2002
1996
1999
2005
2016
2002
1998
1988
1980
1984
1975
1967
1971
1978
2005
2016
2012
2019
2031
2023
2030
2037
2047
2050
2064
2077
2076
2077
2082
2087
2091
2110
2116
2116
2115
2101
2084
2088
2092
2101
2084
2080
2079
2100
2125
2134
2130
2131
2125
2125
2134
2121
2124
2126
2139
2124
2112
2100
2107
2103
2100
2100
2097
2101
2111
2111
2116
2119
2120
2125
2114
2097
2077
2052
2041
2018
2000
1986
1987
1983
1985
2000
2016
2032
2036
2049
2080
2087
2089
2080
2062
2043
2033
2013
1997
1994
1992
2000
2008
2020
2040
2050
2053
2064
2068
2098
2126
2129
2115
2095
2065
2052
2046
2027
2006
1986
1939
1935
1938
1946
1966
1969
1970
1967
1958
1953
1951
1941
1937
1936
1943
1945
1939
1938
1930
1925
1928
1948
1967
1978
2000
2025
2043
2061
2086
2111
2130
2119
2127
2120
2112
2111
2107
2099
2093
2083
2055
2063
2066
2085
2076
2084
2083
2090
2100
2117
2122
2110
2118
2122
2146
2154
2165
2177
2185
2185
2186
2177
2171
2170
2177
2175
2182
2168
2170
2167
2188
2204
2191
2183
2175
2157
2142
2126
2115
2105
2091
2080
2058
2049
2052
2056
2061
2068
2071
2084
2090
2094
2111
2131
2133
2115
2094
2082
2081
2073
2086
2083
2062
2055
2046
2042
2054
2062
2078
2084
2101
2112
2130
2145
2149
2141
2143
2129
2116
2101
2095
2088
2061
2047
2023
1992
1967
1956
1946
1924
1894
1858
1845
1847
1854
1877
1897
1935
1965
1983
2007
2031
2054
2062
2065
2059
2068
2067
2061
2063
2078
2067
2064
2058
2056
2060
2061
2062
2059
2056
2049
2029
2023
2038
2036
2035
2035
2027
2021
1999
1993
1989
1997
2007
2005
1992
2003
2010
1999
1974
1963
1970
1980
1975
1981
2001
2024
2024
2031
2018
2006
1980
1972
1976
1988
2001
2010
2038
2046
2083
2111
2128
2133
2151
2168
2178
2187
2175
2158
2140
2131
2125
2137
2144
2139
2151
2155
2161
2162
2158
2150
2155
2150
2153
2158
2144
2138
2136
2130
2127
2120
2118
2111
2106
2102
2104
2122
2147
2158
2165
2164
2169
2171
2170
2158
2146
2147
2161
2175
2182
2182
2182
2193
2192
2201
2191
2183
2172
2159
2151
2131
2112
2105
2092
2092
2065
2035
2027
2025
2033
2034
2027
2046
2072
2094
2117
2128
2143
2135
2155
2156
2165
2162
2153
2152
2152
2139
2122
2093
2074
2055
2038
2052
2048
2042
2050
2069
2073
2093
2091
2081
2078
2091
2088
2092
2096
2112
2116
2109
2106
2101
2092
2097
2099
2107
2115
2128
2114
2108
2110
2103
2090
2073
2062
2043
2030
2012
2007
1974
1951
1940
1936
1949
1957
1952
1955
1945
1955
1965
1975
1994
2014
2025
2049
2075
2078
2094
2092
2091
2069
2042
2012
2000
1993
1984
1980
1983
1978
1978
1982
1980
1985
2000
2012
2019
2033
2057
2074
2084
2094
2094
2096
2099
2078
2064
2060
2061
2075
2083
2092
2108
2100
2120
2119
2128
2130
2139
2139
2150
2163
2179
2177
2171
2155
2156
2154
2158
2152
2129
2118
2117
2114
2121
2107
2092
2075
2069
2061
2068
2057
2051
2062
2077
2090
2107
2107
2109
2113
2108
2120
2118
2124
2128
2139
2141
2150
2163
2169
2167
2163
2151
2143
2130
2123
2104
2093
2085
2082
2072
2070
2067
2061
2042
2024
2003
2003
2003
2014
2028
2033
2031
2027
2026
2002
1971
1949
1918
1910
1895
1893
1903
1918
1941
1962
1988
1996
2029
2055
2077
2090
2092
2081
2074
2060
2051
2056
2055
2056
2044
2043
2029
2029
2021
2026
2030
2052
2081
2102
2136
2149
2152
2152
2148
2149
2152
2156
2167
2178
2176
2172
2186
2195
2202
2202
2188
2163
2157
2151
2145
2135
2144
2115
2113
2113
2120
2133
2156
2169
2176
2182
2189
2194
2180
2177
2163
2148
2146
2139
2119
2096
2079
2064
2068
2076
2066
2066
2072
2069
2063
2052
2046
2036
2033
2038
2051
2042
2035
2045
2064
2066
2069
2084
2078
2070
2059
2053
2054
2060
2052
2055
2078
2094
2104
2111
2116
2119
2103
2084
2054
2026
2007
2002
1995
1992
1997
2003
1999
1999
1993
2010
2023
2021
2030
2041
2034
2023
1996
1979
1957
1927
1918
1913
1922
1936
1938
1941
1941
1960
1969
1964
1967
1973
1978
1976
1976
1971
1990
2007
2020
2022
2030
2044
2052
2064
2082
2090
2089
2080
2092
2094
2091
2100
2108
2105
2081
2074
2059
2049
2046
2036
2041
2059
2061
2070
2079
2087
2082
2083
2071
2060
2122
2105
2102
2103
2111
2110
2090
2065
2049
2043
2026
2017
2004
1995
1990
1987
1992
1994
1985
1971
1974
1973
1972
1976
1987
2009
2005
2017
2013
2015
2015
2016
2026
2034
2035
2049
2050
2063
2067
2066
2068
2047
2040
2038
2048
2050
2068
2066
2064
2085
2107
2118
2142
2159
2178
2180
2162
2150
2148
2151
2152
2165
2170
2157
2147
2145
2144
2129
2128
2123
2105
2094
2115
2145
2157
2184
2172
2172
2153
2125
2101
2091
2080
2054
2058
2061
2057
2050
2048
2054
2052
2054
2070
2076
2087
2098
2095
2090
2104
2122
2140
2162
2165
2179
2190
2190
2190
2194
2184
2181
2166
2156
2129
2109
2099
2095
2104
2098
2096
2110
2103
2101
2094
2090
2108
2123
2122
2106
2118
2120
2115
2133
2152
2174
2178
2187
2183
2178
2164
2160
2164
2165
2159
2159
2163
2156
2144
2138
2135
2124
2119
2109
2110
2100
2107
2111
2119
2125
2141
2142
2148
2155
2145
2155
2153
2171
2184
2185
2164
2162
2144
2147
2132
2135
2139
2149
2155
2162
2170
2186
2182
2186
2191
2201
2214
2217
2208
2204
2194
2192
2193
2191
2196
2198
2206
2197
2200
2206
2213
2198
2200
2206
2201
2194
2192
2179
2190
2178
2182
2188
2193
2199
2201
2205
2195
2188
2207
2212
2197
2188
2187
2198
2199
2209
2186
2192
2197
2203
2206
2205
2190
2180
2176
2182
2170
2168
2173
2186
2206
2205
2220
2234
2253
2250
2241
2240
2234
2215
2189
2177
2152
2143
2123
2131
2124
2117
2126
2126
2125
2135
2138
2149
2160
2174
2174
2172
2166
2157
2141
2135
2105
2095
2085
2086
2076
2074
2082
2097
2104
2118
2137
2135
2138
2138
2121
2119
2116
2102
2090
2089
2094
2101
2111
2096
2074
2057
2051
2045
2029
2014
1998
1969
1950
1927
1923
1922
1921
1941
1956
1988
2017
2044
2074
2092
2098
2106
2115
2111
2108
2094
2076
2073
2066
2055
2043
2031
2013
2005
2000
2008
2018
2006
2018
2015
1999
1977
1952
1946
1941
1935
1944
1955
1957
1966
1959
1972
1972
1987
1996
2007
2015
2011
2026
2023
2035
2049
2069
2072
2076
2081
2077
2072
2072
2060
2056
2058
2058
2050
2034
2022
2023
2028
2024
2040
2061
2069
2084
2083
2085
2099
2097
2081
2068
2064
2050
2039
2019
2011
1999
1988
1985
1974
1961
1963
1972
2005
2037
2066
2072
2076
2099
2113
2126
2137
2146
2148
2133
2117
2090
2081
2067
2050
2054
2053
2031
2006
1993
1996
2006
2013
2003
2006
2007
2016
2026
2033
2049
2076
2091
2100
2103
2108
2096
2085
2076
2060
2063
2065
2080
2086
2097
2093
2105
2110
2112
2104
2091
2077
2060
2046
2040
2041
2060
2074
2077
2076
2082
2092
2086
2077
2083
2086
2090
2094
2100
2113
2114
2116
2109
2107
2091
2078
2059
2053
2043
2038
2038
2050
2047
2040
2043
2045
2042
2043
2031
2026
2027
2030
2007
1989
1986
1995
1995
1995
2000
1994
1973
1964
1963
1962
1953
1957
1953
1954
1955
1954
1958
1973
1974
1981
1991
1983
1997
2009
2007
1996
1997
1991
1989
1970
1990
2001
2006
2015
2035
2052
2051
2051
2053
2065
2078
2090
2082
2068
2046
2021
1992
1965
1943
1914
1888
1861
1843
1842
1847
1856
1855
1859
1856
1851
1824
1800
1785
1757
1731
1701
1679
1673
1666
1665
1661
1664
1680
1711
1750
1793
1817
1837
1859
1891
1911
1931
1948
1975
1979
1975
1986
1988
1968
1946
1933
1928
1906
1898
1890
1886
1888
1899
1921
1931
1925
1930
1928
1938
1942
1952
1954
1955
1953
1933
1922
1914
1909
1903
1903
1894
1891
1858
1844
1831
1837
1831
1833
1837
1856
1875
1898
1908
1919
1920
1935
1945
1951
1941
1919
1905
1889
1861
1839
1833
1841
1868
1905
1929
1948
1975
1977
1990
1988
2001
1995
2002
2006
2005
2013
2025
2007
2018
2031
2036
2031
2035
2025
2025
2016
2011
2008
1994
1986
1987
1988
1964
1939
1900
1863
1822
1788
1761
1731
1716
1722
1721
1713
1711
1715
1737
1752
1749
1746
1746
1750
1757
1767
1763
1781
1796
1809
1801
1807
1822
1846
1855
1867
1892
1909
1919
1920
1915
1901
1900
1905
1903
1910
1907
1923
1928
1939
1947
1939
1931
1928
1906
1898
1876
1865
1846
1830
1818
1806
1801
1790
1794
1792
1795
1790
1787
1796
1788
1793
1786
1785
1778
1777
1793
1795
1783
1801
1828
1854
1880
1890
1908
1916
1921
1931
1938
1931
1929
1927
1933
1932
1923
1921
1899
1879
1876
1867
1857
1853
1843
1829
1822
1812
1809
1821
1841
1872
1894
1907
1918
1913
1912
1910
1898
1868
1855
1850
1866
1863
1867
1885
1902
1918
1919
1929
1915
1896
1915
1940
1958
1962
1974
1985
2006
2009
2007
2016
2026
2042
2039
2049
2058
2053
2048
2035
2008
1999
1992
1989
1991
1980
1989
2012
2034
2044
2072
2089
2093
2093
2093
2113
2124
2143
2153
2161
2163
2164
2166
2158
2134
2100
2094
2065
2071
2084
2085
2082
2075
2081
2086
2091
2087
2090
2106
2102
2104
2099
2092
2081
2072
2053
2057
2039
2051
2059
2071
2087
2089
2092
2112
2112
2110
2122
2114
2115
2111
2092
2094
2082
2072
2063
2056
2067
2064
2068
2062
2072
2092
2114
2124
2155
2163
2154
2136
2143
2127
2121
2115
2111
2110
2126
2129
2119
2120
2112
2105
2085
2083
2060
2054
2062
2083
2092
2100
2129
2146
2153
2168
2176
2193
2212
2206
2207
2199
2200
2207
2229
2232
2229
2234
2246
2248
2240
2231
2213
2217
2210
2210
2226
2241
2250
2258
2266
2265
2262
2272
2263
2269
2272
2277
2249
2246
2230
2213
2206
2206
2199
2185
2168
2165
2173
2161
2150
2129
2122
2128
2131
2136
2140
2142
2148
2149
2152
2143
2157
2166
2168
2158
2147
2130
2122
2127
2130
2135
2138
2153
2139
2148
2144
2153
2157
2137
2137
2155
2157
2167
2168
2175
2172
2167
2167
2165
2139
2132
2110
2080
2076
2104
2122
2148
2180
2191
2200
2218
2234
2242
2244
2238
2236
2242
2245
2250
2249
2235
2211
2176
2149
2123
2102
2091
2077
2068
2061
2066
2085
2084
2104
2143
2175
2199
2205
2227
2231
2233
2231
2217
2195
2180
2163
2141
2119
2127
2132
2122
2132
2132
2123
2132
2135
2144
2153
2154
2141
2113
2108
2091
2079
2087
2096
2120
2148
2168
2178
2196
2217
2227
2223
2223
2230
2218
2207
2193
2185
2172
2167
2167
2171
2175
2187
2179
2180
2178
2179
2186
2183
2174
2171
2155
2135
2143
2133
2130
2139
2162
2162
2168
2161
2161
2149
2161
2156
2156
2135
2140
2127
2103
2072
2064
2066
2082
2083
2090
2093
2073
2071
2057
2033
2013
2007
2020
2013
2005
2003
2016
2034
2051
2060
2047
2039
2031
2014
2005
1995
1993
1987
1976
2001
2013
2031
2038
2031
2023
2009
2000
1981
1987
1993
1996
1990
2005
2004
2025
2047
2046
2050
2049
2043
2037
2037
2036
2029
2021
2026
2031
2031
2042
2055
2055
2062
2072
2076
2086
2085
2077
2081
2096
2105
2097
2071
2062
2048
2051
2043
2038
2019
2018
2028
2039
2043
2062
2072
2061
2066
2061
2047
2033
2031
2034
2035
2035
2033
2023
2010
1992
1980
1984
1983
2003
2005
2010
2019
2013
2034
2043
2053
2055
2061
2060
2061
2052
2036
2037
2028
2030
2030
2025
2013
2004
2002
1996
1991
1990
1987
1980
1979
1997
2020
2036
2045
2051
2060
2067
2064
2066
2060
2063
2063
2074
2065
2071
2078
2089
2099
2102
2096
2084
2105
2105
2091
2069
2053
2049
2037
2040
2039
2027
2004
1990
2002
1991
1973
1967
1967
1969
1972
1952
1938
1912
1893
1874
1848
1827
1805
1776
1764
1775
1775
1763
1759
1755
1736
1738
1747
1734
1752
1768
1788
1793
1783
1780
1773
1760
1725
1701
1688
1666
1651
1659
1667
1665
1682
1698
1722
1742
1767
1795
1820
1833
1852
1851
1871
1883
1899
1897
1889
1887
1898
1891
1873
1859
1849
1846
1863
1878
1903
1928
1950
1978
1979
1978
1988
2006
2026
2032
2034
2041
2037
2053
2059
2067
2061
2038
2028
2040
2051
2055
2065
2072
2067
2044
2032
2023
2011
2005
1999
2012
2022
2042
2048
2051
2053
2066
2088
2105
2079
2068
2045
2030
2010
1990
1983
1977
1970
1964
1972
1975
1981
1998
2020
2018
2016
1986
1957
1947
1929
1914
1906
1886
1890
1884
1908
1916
1900
1886
1888
1876
1866
1867
1850
1847
1832
1805
1800
1809
1819
1817
1828
1832
1838
1861
1872
1877
1892
1917
1943
1957
1971
1990
1987
1965
1967
1966
1984
1994
1997
1983
1990
1999
2012
2020
2030
2030
2014
2021
2018
2014
2013
2002
1998
1989
1990
2007
2005
2014
2033
2058
2080
2110
2164
2150
2171
2182
2184
2175
2143
2123
2120
2127
2116
2098
2088
2080
2062
2054
2043
2022
1996
1983
1987
2000
2018
2038
2060
2092
2105
2137
2147
2140
2130
2114
2106
2101
2109
2102
2103
2099
2105
2116
2128
2146
2156
2161
2168
2163
2169
2181
2193
2194
2190
2180
2167
2161
2152
2150
2144
2135
2125
2123
2118
2119
2142
2167
2172
2175
2159
2154
2149
2147
2129
2124
2116
2124
2116
2134
2134
2137
2162
2178
2195
2200
2212
2211
2220
2217
2216
2219
2222
2217
2211
2197
2185
2174
2176
2179
2183
2185
2196
2210
2213
2218
2211
2209
2196
2180
2173
2169
2155
2154
2161
2162
2159
2152
2143
2115
2108
2095
2086
2082
2094
2115
2121
2139
2163
2162
2170
2183
2199
2199
2194
2192
2187
2192
2204
2193
2180
2158
2136
2126
2126
2140
2157
2166
2156
2152
2144
2138
2121
2118
2096
2083
2073
2068
2069
2077
2099
2111
2119
2121
2141
2140
2128
2123
2141
2140
2147
2147
2146
2134
2117
2116
2120
2112
2120
2128
2119
2113
2091
2076
2071
2069
2062
2064
2063
2069
2069
2070
2071
2071
2070
2076
2078
2079
2098
2106
2115
2120
2138
2138
2164
2164
2162
2149
2152
2154
2146
2138
2130
2134
2132
2143
2161
2162
2167
2156
2144
2142
2125
2108
2068
2036
1999
1987
1961
1953
1946
1947
1943
1970
1977
1991
1991
1995
1989
1998
2015
2028
2040
2017
2011
2003
2003
1988
1981
1963
1947
1918
1909
1883
1875
1870
1868
1864
1856
1863
1865
1848
1828
1816
1807
1786
1798
1813
1814
1811
1821
1840
1836
1843
1860
1882
1892
1901
1922
1946
1949
1957
1966
1981
1979
1973
1972
1970
1964
1965
1968
1967
1963
1976
1986
1986
1979
1964
1947
1921
1892
1868
1852
1835
1827
1802
1782
1765
1738
1733
1749
1735
1705
1685
1682
1687
1716
1735
1750
1768
1782
1778
1762
1758
1747
1752
1760
1765
1767
1751
1743
1747
1741
1725
1722
1743
1753
1759
1774
1801
1828
1842
1838
1841
1830
1831
1829
1827
1823
1832
1824
1835
1837
1859
1877
1895
1899
1902
1901
1891
1877
1854
1815
1799
1782
1781
1781
1769
1769
1775
1803
1827
1846
1847
1874
1891
1912
1929
1930
1927
1911
1905
1892
1883
1868
1862
1835
1813
1798
1788
1785
1808
1815
1830
1817
1834
1846
1862
1857
1855
1849
1856
1866
1871
1886
1881
1867
1847
1839
1821
1814
1808
1796
1775
1755
1731
1735
1741
1765
1798
1817
1857
1894
1913
1927
1951
1975
1994
1993
1977
1967
1958
1937
1926
1915
1916
1917
1924
1953
1992
1986
1993
2013
2020
2014
2021
2036
2039
2037
2030
2024
2010
1991
1969
1962
1953
1930
1903
1879
1874
1870
1863
1882
1899
1930
1970
2024
2056
2052
2052
2046
2047
2058
2052
2042
2027
2017
2016
2012
2019
2024
2011
2010
2005
1997
2006
2017
2030
2034
2045
2041
2032
2021
2020
2024
2017
2016
2005
2003
2008
2001
2000
2004
2009
2007
1993
1984
2003
2002
2014
2041
2070
2095
2111
2114
2106
2094
2078
2072
2078
2083
2091
2090
2102
2090
2082
2087
2088
2081
2072
2059
2060
2067
2090
2093
2073
2064
2086
2079
2083
2070
2071
2057
2056
2053
2048
2051
2046
2029
2019
2006
2014
2017
2020
2032
2046
2063
2069
2083
2087
2096
2095
2088
2093
2098
2102
2099
2104
2115
2127
2148
2156
2178
2180
2183
2193
2200
2196
2183
2151
2118
2084
2046
2038
2005
2007
2001
2017
2031
2066
2082
2098
2107
2120
2117
2120
2131
2138
2136
2140
2141
2121
2115
2091
2075
2064
2060
2057
2057
2045
2046
2045
2043
2036
2047
2030
2040
2044
2081
2114
2135
2133
2121
2116
2106
2109
2111
2125
2116
2104
2093
2106
2095
2084
2068
2065
2061
2054
2062
2083
2106
2111
2125
2115
2099
2095
2080
2085
2094
2089
2082
2088
2071
2052
2047
2036
2030
2023
2029
2044
2051
2059
2062
2069
2063
2057
2059
2067
2068
2083
2082
2061
2043
2036
2017
1986
1951
1931
1931
1931
1938
1949
1957
1962
1957
1979
1996
2009
2022
2011
2023
2023
2016
2007
1991
1992
1982
1975
1971
1977
1986
2017
2030
2049
2065
2073
2090
2093
2079
2067
2055
2041
2018
2010
2026
2034
2039
2046
2057
2060
2066
2067
2068
2065
2064
2060
2071
2065
2068
2070
2053
2051
2038
2023
1998
1967
1955
1939
1926
1936
1947
1957
1971
1990
2007
2008
2007
2020
2013
1999
2002
2010
2003
2001
2001
2009
2028
2041
2057
2070
2089
2108
2108
2109
2108
2107
2114
2109
2103
2099
2108
2074
2052
2033
2034
2036
2049
2067
2089
2103
2112
2141
2169
2197
2202
2213
2209
2207
2202
2192
2173
2154
2140
2144
2138
2135
2113
2123
2138
2152
2164
2172
2194
2188
2179
2180
2178
2186
2182
2168
2184
2190
2197
2195
2195
2194
2210
2203
2194
2191
2184
2173
2169
2150
2144
2131
2125
2132
2142
2160
2177
2197
2205
2205
2211
2210
2203
2203
2203
2212
2207
2207
2204
2204
2202
2192
2208
2216
2216
2203
2185
2170
2158
2153
2153
2153
2154
2150
2131
2121
2121
2120
2122
2121
2141
2150
2162
2166
2171
2178
2194
2216
2228
2224
2208
2200
2192
2184
2173
2159
2159
2161
2167
2161
2157
2157
2168
2178
2183
2197
2174
2155
2124
2119
2123
2124
2122
2134
2138
2138
2146
2151
2141
2133
2139
2145
2142
2145
2157
2188
2204
2218
2236
2251
2263
2279
2279
2284
2295
2297
2304
2282
2268
2247
2217
2191
2172
2160
2164
2160
2148
2127
2108
2094
2078
2071
2067
2075
2068
2080
2084
2090
2102
2130
2150
2178
2183
2201
2204
2218
2224
2239
2238
2232
2238
2247
2256
2264
2263
2271
2265
2280
2295
2298
2307
2288
2268
2249
2244
2228
2240
2239
2237
2219
2240
2249
2249
2251
2258
2259
2247
2239
2238
2236
2208
2194
2172
2149
2126
2135
2147
2150
2155
2187
2210
2234
2245
2254
2244
2267
2263
2260
2247
2225
2215
2219
2220
2217
2222
2218
2202
2200
2206
2198
2198
2187
2187
2188
2177
2181
2188
2212
2202
2214
2227
2216
2194
2167
2145
2128
2101
2077
2054
2041
2039
2036
2043
2063
2074
2090
2107
2121
2129
2148
2155
2165
2162
2172
2189
2192
2188
2187
2181
2186
2186
2194
2214
2221
2244
2239
2240
2233
2230
2227
2223
2223
2215
2222
2231
2230
2218
2201
2196
2192
2190
2180
2168
2155
2159
2162
2155
2143
2149
2163
2164
2169
2168
2194
2211
2209
2216
2214
2214
2234
2228
2236
2236
2233
2244
2254
2250
2242
2239
2246
2255
2248
2234
2235
2232
2214
2211
2198
2194
2195
2200
2197
2198
2186
2183
2176
2176
2157
2147
2118
2103
2075
2055
2048
2036
2019
2033
2034
2049
2071
2102
2118
2135
2146
2150
2151
2142
2147
2142
2144
2141
2149
2147
2147
2151
2154
2149
2136
2126
2116
2120
2109
2098
2094
2114
2116
2126
2120
2124
2116
2120
2115
2112
2092
2076
2076
2092
2098
2082
2077
2067
2045
2044
2053
2076
2078
2078
2059
2058
2069
2076
2085
2109
2117
2119
2125
2131
2127
2128
2121
2105
2102
2085
2086
2082
2062
2046
2033
2023
2028
2031
2034
2041
2049
2061
2061
2052
2044
2052
2061
2075
2073
2070
2068
2080
2076
2062
2053
2037
2026
2023
2024
2016
2015
2026
2030
2046
2065
2075
2094
2133
2170
2164
2172
2191
2187
2171
2170
2173
2165
2162
2170
2183
2187
2195
2199
2213
2211
2204
2196
2177
2160
2135
2121
2089
2061
2036
2021
1996
1996
1997
2018
2034
2050
2049
2059
2079
2091
2091
2084
2077
2068
2077
2083
2080
2085
2082
2076
2077
2060
2039
2031
2027
2008
2004
2003
2001
2002
2008
2010
2015
2013
2028
2032
2039
2051
2067
2080
2093
2104
2101
2114
2121
2118
2114
2113
2112
2113
2105
2111
2104
2094
2092
2087
2084
2072
2058
2038
2030
2009
2007
2015
2012
2014
2031
2045
2072
2067
2056
2060
2076
2072
2071
2078
2082
2078
2088
2096
2110
2124
2126
2138
2147
2160
2173
2187
2196
2210
2217
2224
2216
2222
2228
2225
2206
2197
2180
2155
2153
2144
2146
2151
2160
2178
2195
2198
2216
2223
2217
2200
2189
2178
2177
2173
2185
2182
2180
2176
2179
2181
2162
2165
2161
2164
2179
2197
2206
2195
2177
2174
2168
2170
2164
2161
2150
2149
2146
2149
2145
2157
2164
2175
2174
2160
2156
2156
2172
2198
2211
2212
2214
2205
2203
2222
2231
2223
2217
2194
2183
2190
2175
2176
2174
2158
2143
2131
2115
2102
2099
2102
2091
2085
2080
2071
2062
2063
2044
2022
1994
1983
1972
1957
1960
1970
1983
1976
2004
2025
2032
2043
2051
2052
2043
2036
2024
2009
1998
1985
2014
2025
2024
2050
2085
2062
2047
2038
2035
2035
2007
1987
1968
1976
1978
1987
1991
1987
1988
1974
1960
1949
1936
1933
1934
1939
1935
1933
1923
1927
1949
1987
2008
2028
2039
2067
2079
2092
2094
2114
2126
2130
2135
2133
2122
2106
2082
2041
2014
1983
1980
1980
1987
1994
1999
2006
2016
2039
2050
2072
2091
2102
2091
2086
2068
2051
2027
1999
1972
1942
1921
1915
1909
1909
1900
1901
1919
1939
1935
1936
1937
1941
1933
1943
1969
1983
1981
1995
1994
1988
1994
2010
1999
2002
2002
2000
2025
2027
2006
1987
1962
1961
1971
1974
1995
2010
2027
2046
2070
2085
2115
2138
2159
2159
2157
2162
2163
2164
2159
2144
2119
2099
2079
2070
2034
2038
2037
2038
2030
2036
2035
2043
2047
2054
2061
2076
2076
2080
2093
2118
2127
2144
2152
2151
2165
2178
2191
2184
2189
2195
2180
2182
2174
2164
2162
2161
2169
2162
2142
2138
2148
2149
2141
2139
2149
2161
2161
2178
2182
2177
2179
2185
2182
2179
2188
2185
2193
2176
2167
2170
2180
2169
2155
2137
2125
2113
2107
2103
2106
2107
2103
2117
2136
2154
2159
2171
2172
2178
2167
2156
2161
2153
2143
2120
2107
2110
2132
2154
2160
2163
2163
2152
2132
2101
2083
2067
2050
2042
2039
2044
2063
2086
2094
2106
2133
2145
2170
2177
2168
2152
2125
2091
2065
2053
2057
2041
2035
2030
2024
2027
2037
2039
2026
2005
2002
1995
1988
1973
1960
1958
1960
1970
1972
1975
1985
2003
2020
2014
2017
2012
2026
2022
2023
1995
1971
1949
1941
1928
1915
1923
1934
1951
1989
2011
2012
2030
2036
2038
2032
2038
2053
2062
2065
2070
2081
2090
2096
2104
2128
2144
2153
2153
2152
2140
2128
2113
2118
2113
2108
2106
2115
2119
2120
2103
2106
2082
2070
2069
2073
2060
2042
2023
2026
2034
2042
2041
2044
2060
2072
2077
2073
2076
2093
2090
2067
2039
2006
1985
1972
1968
1982
1996
2019
2039
2053
2051
2055
2037
2027
2028
2019
2017
2022
2016
2019
2022
2037
2033
2021
1998
1992
1996
2002
1996
2002
2008
2007
2000
1980
1967
1961
1955
1939
1928
1923
1927
1935
1948
1950
1967
1981
1992
1966
1961
1946
1944
1912
1893
1881
1864
1845
1844
1851
1855
1867
1894
1905
1907
1901
1897
1896
1899
1902
1894
1881
1865
1861
1853
1851
1851
1858
1870
1874
1857
1869
1864
1847
1847
1822
1827
1814
1800
1798
1815
1813
1804
1801
1806
1803
1809
1827
1831
1833
1827
1831
1837
1848
1862
1880
1878
1873
1862
1866
1863
1846
1831
1840
1850
1863
1865
1874
1874
1891
1920
1935
1950
1950
1962
1964
1950
1931
1903
1871
1843
1826
1827
1837
1847
1860
1864
1861
1869
1879
1879
1880
1868
1846
1819
1792
1775
1764
1738
1731
1727
1713
1707
1709
1717
1739
1769
1781
1803
1826
1856
1881
1897
1907
1920
1947
1961
1968
1971
1995
2028
2035
2026
2018
2007
1979
1960
1917
1896
1902
1893
1890
1878
1867
1868
1843
1829
1819
1800
1793
1790
1797
1802
1793
1798
1808
1821
1844
1871
1878
1866
1850
1835
1820
1824
1813
1810
1805
1813
1839
1863
1873
1887
1893
1891
1882
1883
1871
1872
1876
1881
1877
1884
1893
1909
1895
1890
1907
1916
1929
1936
1945
1949
1963
1999
2023
2037
2043
2049
2042
2039
2031
2036
2032
2035
2037
2039
2049
2056
2071
2076
2082
2092
2098
2123
2126
2124
2113
2102
2104
2103
2086
2072
2072
2079
2078
2087
2097
2109
2113
2126
2140
2130
2125
2088
2060
2034
2020
2018
1999
1989
1972
1963
1974
2002
2044
2090
2131
2157
2186
2205
2216
2220
2217
2224
2228
2216
2212
2213
2236
2248
2242
2242
2229
2215
2193
2186
2162
2144
2124
2118
2109
2101
2115
2123
2141
2166
2190
2208
2215
2243
2244
2236
2228
2210
2182
2164
2153
2132
2119
2104
2092
2079
2075
2074
2084
2099
2098
2109
2122
2141
2160
2174
2183
2195
2217
2225
2234
2241
2233
2213
2217
2213
2234
2250
2257
2256
2255
2273
2279
2286
2292
2299
2302
2296
2288
2272
2252
2245
2225
2224
2221
2217
2219
2231
2226
2228
2244
2254
2274
2288
2291
2289
2312
2311
2323
2334
2344
2339
2344
2335
2348
2338
2341
2346
2340
2340
2364
2360
2353
2350
2355
2346
2347
2340
2344
2343
2343
2363
2374
2391
2384
2386
2381
2387
2394
2393
2376
2389
2390
2400
2398
2400
2404
2406
2423
2422
2419
2413
2413
2390
2380
2368
2358
2364
2353
2334
2356
2354
2338
2338
2348
2346
2343
2343
2354
2348
2357
2371
2370
2374
2375
2368
2374
2389
2393
2400
2382
2370
2360
2344
2349
2349
2354
2361
2363
2348
2341
2344
2340
2331
2328
2324
2318
2303
2316
2344
2361
2358
2346
2341
2347
2346
2355
2351
2338
2329
2322
2320
2300
2295
2297
2288
2269
2254
2241
2232
2228
2233
2235
2231
2248
2261
2263
2273
2287
2282
2260
2254
2243
2227
2220
2214
2201
2204
2208
2210
2220
2232
2239
2249
2259
2253
2252
2247
2262
2255
2234
2238
2228
2231
2231
2225
2225
2232
2235
2235
2216
2216
2212
2202
2197
2191
2204
2208
2208
2204
2215
2220
2232
2242
2236
2235
2224
2229
2219
2200
2190
2169
2150
2121
2126
2112
2102
2099
2106
2101
2095
2093
2084
2089
2071
2057
2057
2055
2052
2054
2074
2102
2102
2105
2106
2102
2117
2116
2128
2128
2127
2132
2133
2122
2115
2119
2124
2131
2139
2132
2117
2109
2115
2123
2116
2110
2110
2122
2109
2081
2060
2057
2050
2060
2065
2067
2073
2079
2063
2056
2050
2035
2039
2048
2049
2053
2059
2048
2043
2023
2005
1977
1951
1929
1901
1891
1879
1892
1895
1903
1939
1948
1974
1993
2005
2013
2011
2011
2019
2005
2006
1998
2005
2015
2020
2017
2019
2024
2024
2020
2006
1988
1997
1995
1993
1992
1986
1989
1956
1960
1963
1964
1953
1953
1938
1941
1943
1953
1962
1953
1951
1947
1945
1947
1963
1976
1978
1990
1986
1971
1967
1957
1953
1935
1915
1904
1891
1877
1872
1865
1859
1851
1847
1863
1875
1902
1917
1932
1964
1968
1981
1983
1991
2011
2025
2007
1989
1981
1970
1957
1953
1954
1928
1915
1927
1935
1929
1931
1926
1934
1927
1921
1898
1878
1879
1893
1897
1909
1907
1921
1937
1963
1966
1977
1984
1987
1978
1962
1978
1976
1987
1989
1993
2010
2029
2028
2042
2034
2034
2045
2058
2055
2048
2032
2019
2019
2014
2014
2019
2046
2053
2071
2069
2075
2080
2082
2072
2062
2034
2027
1998
2005
2006
2011
2031
2044
2064
2078
2102
2103
2092
2085
2089
2097
2085
2086
2098
2102
2114
2116
2126
2126
2131
2126
2128
2130
2140
2148
2166
2166
2172
2181
2201
2217
2218
2211
2200
2177
2147
2127
2105
2094
2096
2095
2079
2068
2076
2092
2103
2118
2129
2134
2137
2130
2125
2130
2119
2109
2101
2091
2105
2131
2132
2142
2150
2152
2158
2148
2142
2136
2136
2117
2110
2098
2085
2098
2092
2081
2063
2053
2034
2001
1989
1982
1966
1968
1989
2017
2039
2039
2048
2062
2075
2076
2077
2074
2073
2066
2072
2076
2073
2076
2080
2078
2062
2067
2075
2087
2085
2104
2109
2123
2151
2164
2161
2156
2168
2160
2151
2160
2158
2161
2172
2182
2183
2184
2191
2185
2207
2202
2200
2198
2206
2190
2184
2178
2164
2143
2131
2136
2128
2134
2144
2162
2179
2184
2177
2188
2186
2190
2183
2175
2140
2140
2131
2120
2120
2132
2133
2129
2138
2148
2152
2153
2140
2129
2112
2116
2118
2108
2096
2091
2090
2099
2108
2094
2074
2073
2058
2051
2040
2026
2023
2001
2003
2002
1993
1990
1970
1970
1969
1970
1971
1974
1990
1977
1970
1964
1953
1955
1951
1936
1918
1921
1923
1926
1932
1920
1935
1942
1952
1968
1987
2000
2005
2012
2018
2027
2024
2022
2037
2044
2059
2049
2022
2028
2013
2010
2012
2024
2010
2010
2031
2036
2052
2081
2094
2100
2111
2118
2124
2128
2142
2145
2152
2150
2166
2188
2200
2210
2215
2204
2208
2208
2217
2201
2193
2179
2167
2151
2139
2125
2126
2121
2126
2136
2132
2136
2157
2167
2148
2143
2146
2150
2157
2164
2166
2163
2155
2134
2111
2104
2102
2115
2138
2132
2131
2136
2140
5835
1619
1536
1500
1522
1543
1561
1585
1653
1701
1757
1800
1825
1835
1864
1883
1900
1907
1947
1980
2009
2003
1984
1935
1858
1776
1718
1686
1713
1743
1787
1825
1876
1925
1948
1974
1983
1995
2008
2013
2009
2022
2029
2041
2037
2031
1990
1973
1960
1954
1963
1995
1988
1999
2003
2004
1992
1966
1955
1947
1937
1952
1970
1988
1997
2010
2034
2043
2075
2097
2099
2072
2056
2042
2044
2051
2064
2054
2060
2068
2077
2079
2087
2101
2113
2084
2049
2031
2027
2003
1957
1889
1821
1763
1704
1628
1566
1532
1539
1578
1667
1768
1867
1938
1983
2015
2027
2029
2009
1974
1914
1859
1793
1761
1739
1721
1715
1708
1709
1715
1730
1762
1821
1859
1860
1848
1838
1812
1788
1769
1759
1770
1780
1825
1862
1873
1837
1764
1686
1609
1557
1509
1488
1496
1533
1578
1649
1729
1771
1777
1777
1805
1819
1828
1814
1778
1759
1745
1742
1714
1704
1718
1749
1824
1875
1930
1949
1960
1956
1934
1931
1938
1936
1921
1903
1852
1814
1796
1781
1775
1774
1781
1790
1799
1823
1853
1871
1848
1827
1815
1790
1788
1774
1773
1803
1855
1910
1981
2011
2038
2026
2007
1970
1934
1901
1880
1848
1801
1759
1724
1715
1720
1734
1737
1786
1840
1916
1982
2025
2025
2039
2027
2028
2035
2073
2099
2130
2153
2182
2212
2255
2276
2279
2274
2268
2249
2217
2166
2110
2064
2003
1930
1861
1814
1791
1807
1812
1845
1878
1926
1974
2018
2028
2049
2041
2059
2045
2043
2006
1999
2030
2074
2130
2151
2151
2152
2149
2162
2162
2134
2092
2042
2013
1996
1985
1971
1964
1941
1937
1939
1982
2038
2086
2128
2155
2156
2138
2081
2018
1965
1921
1870
1842
1809
1780
1779
1791
1815
1846
1877
1885
1885
1878
1885
1893
1917
1939
1974
1993
2011
2009
2015
2013
2011
2004
2002
1994
2003
2017
2048
2079
2128
2179
2208
2202
2201
2178
2157
2132
2118
2098
2087
2100
2126
2164
2208
2247
2288
2318
2361
2384
2394
2401
2416
2423
2437
2450
2439
2411
2405
2370
2337
2312
2292
2289
2307
2317
2319
2342
2368
2374
2353
2332
2294
2284
2268
2271
2263
2256
2257
2254
2257
2273
2299
2361
2400
2428
2440
2446
2419
2373
2334
2314
2302
2298
2286
2278
2284
2251
2226
2178
2146
2113
2091
2042
1987
1949
1931
1951
1970
1979
2023
2068
2133
2187
2216
2230
2244
2266
2267
2273
2298
2324
2314
2307
2293
2300
2305
2320
2315
2295
2250
2204
2154
2120
2094
2085
2071
2060
2061
2076
2115
2166
2214
2243
2251
2241
2191
2124
2070
2011
1972
1916
1872
1866
1892
1920
1954
1961
1961
1968
1980
1989
1989
1982
1984
1989
1995
2017
2034
2037
2021
1987
1955
1940
1917
1914
1912
1919
1923
1920
1885
1841
1800
1785
1765
1777
1784
1793
1819
1867
1935
2000
2047
2076
2079
2068
2076
2086
2111
2117
2125
2127
2100
2057
2018
2002
2007
1974
1951
1928
1910
1895
1875
1850
1831
1831
1845
1872
1896
1920
1946
1994
2049
2085
2141
2188
2218
2239
2259
2256
2273
2312
2358
2371
2381
2349
2323
2276
2229
2184
2137
2109
2075
2041
2027
2001
1980
1958
1932
1912
1917
1896
1874
1863
1869
1885
1881
1871
1861
1860
1853
1871
1872
1893
1918
1926
1910
1888
1861
1833
1784
1765
1714
1686
1653
1639
1649
1695
1743
1828
1927
1995
2034
2052
2075
2069
2063
2032
1962
1877
1805
1744
1717
1693
1685
1654
1626
1606
1628
1671
1737
1786
1789
1751
1714
1723
1723
1757
1775
1791
1817
1862
1887
1907
1895
1887
1866
1853
1807
1766
1731
1725
1749
1774
1817
1826
1817
1813
1813
1767
1715
1617
1535
1478
1467
1463
1487
1530
1611
1682
1766
1857
1921
1954
1928
1856
1743
1654
1587
1549
1517
1513
1536
1577
1605
1655
1710
1741
1734
1722
1671
1643
1624
1622
1637
1684
1694
1668
1620
1578
1542
1536
1538
1569
1638
1725
1835
1898
1927
1938
1945
1961
1973
1965
1985
1988
1975
1946
1920
1897
1880
1867
1854
1833
1821
1834
1867
1898
1929
1941
1958
1981
1971
1951
1922
1898
1873
1874
1902
1941
1985
2024
2052
2080
2098
2114
2125
2114
2087
2053
2027
2003
1979
1941
1870
1792
1723
1667
1668
1682
1690
1689
1669
1663
1652
1671
1713
1753
1753
1751
1755
1767
1771
1760
1757
1757
1764
1747
1737
1735
1758
1793
1810
1791
1762
1683
1608
1583
1587
1604
1630
1633
1634
1639
1687
1726
1771
1819
1861
1902
1931
1950
1964
1994
1996
2032
2057
2087
2086
2094
2088
2091
2090
2103
2094
2093
2100
2102
2057
2019
1988
1948
1933
1917
1903
1914
1947
1994
2050
2063
2074
2055
2064
2052
2054
2064
2100
2146
2184
2188
2194
2185
2192
2216
2240
2263
2272
2266
2241
2216
2177
2160
2143
2155
2150
2167
2193
2228
2225
2238
2243
2253
2258
2249
2236
2244
2260
2251
2227
2184
2158
2118
2107
2103
2119
2140
2148
2153
2170
2173
2180
2173
2163
2145
2115
2083
2052
2041
2027
1972
1889
1846
1818
1830
1860
1925
1988
2049
2126
2187
2210
2200
2171
2144
2107
2051
1985
1951
1941
1931
1941
1959
1971
2001
2025
2043
2076
2138
2186
2238
2271
2281
2229
2151
2067
1990
1946
1911
1882
1829
1757
1736
1732
1764
1818
1857
1879
1883
1868
1861
1843
1830
1837
1844
1854
1862
1859
1836
1814
1831
1853
1877
1919
1966
2029
2100
2168
2228
2273
2305
2320
2284
2242
2224
2210
2193
2166
2124
2083
2085
2075
2085
2091
2101
2120
2135
2143
2167
2194
2214
2230
2223
2224
2221
2239
2273
2326
2353
2369
2358
2344
2323
2301
2262
2252
2240
2238
2254
2293
2340
2360
2346
2318
2295
2245
2204
2165
2135
2109
2096
2062
2022
1981
1954
1947
1969
1989
2029
2092
2138
2162
2183
2194
2196
2178
2147
2089
2015
1993
2005
2023
2007
1998
1991
2008
2039
2083
2113
2165
2196
2216
2235
2246
2252
2269
2270
2237
2174
2117
2078
2050
2030
1977
1944
1909
1881
1819
1762
1675
1613
1557
1505
1499
1526
1603
1683
1808
1908
1998
2056
2099
2131
2144
2134
2138
2128
2140
2138
2156
2146
2127
2100
2071
2078
2090
2097
2105
2110
2089
2071
2062
2058
2057
2049
2048
2039
2033
2016
1973
1925
1888
1890
1897
1899
1896
1905
1924
1935
1916
1876
1847
1842
1872
1897
1947
1989
2020
2021
2000
1952
1910
1899
1903
1901
1897
1920
1966
2058
2122
2190
2259
2300
2348
2393
2432
2430
2405
2359
2280
2220
2196
2172
2182
2196
2237
2265
2304
2296
2277
2252
2228
2214
2222
2231
2237
2208
2181
2163
2150
2120
2089
2075
2071
2084
2088
2125
2177
2238
2258
2269
2251
2237
2224
2199
2180
2166
2186
2220
2268
2293
2306
2302
2317
2325
2337
2307
2290
2254
2218
2168
2160
2121
2090
2053
2003
1955
1917
1884
1896
1921
1964
1994
2031
2089
2141
2226
2270
2300
2299
2316
2312
2304
2275
2270
2245
2231
2189
2139
2047
1994
1968
1942
1955
1976
2013
2037
2070
2091
2115
2110
2114
2103
2110
2108
2135
2141
2170
2182
2180
2171
2155
2113
2110
2131
2150
2166
2166
2167
2178
2183
2158
2119
2050
1985
1932
1893
1862
1848
1767
1722
1707
1722
1759
1802
1831
1835
1834
1825
1861
1905
1965
2007
2069
2123
2182
2210
2210
2184
2152
2102
2041
1975
1919
1906
1876
1856
1854
1850
1885
1921
1967
1986
1993
2009
2038
2088
2138
2177
2199
2201
2207
2183
2146
2115
2093
2081
2089
2117
2147
2171
2174
2186
2199
2217
2233
2243
2255
2271
2295
2327
2341
2332
2318
2289
2252
2221
2198
2188
2163
2140
2122
2119
2107
2061
2007
1974
1957
1957
1978
1980
2000
2029
2057
2085
2122
2132
2139
2147
2165
2183
2198
2202
2211
2230
2277
2300
2299
2275
2262
2245
2204
2162
2136
2113
2083
2080
2068
2045
2007
2006
1959
1929
1903
1875
1848
1848
1859
1906
1962
1996
2025
1998
1956
1870
1784
1701
1653
1622
1623
1653
1723
1792
1880
1945
2028
2093
2153
2199
2241
2242
2234
2213
2174
2159
2132
2114
2094
2079
2050
2035
1991
1976
1963
2001
2030
2097
2143
2220
2316
2366
2383
2363
2345
2308
2295
2284
2297
2318
2341
2327
2331
2324
2323
2290
2248
2214
2207
2192
2158
2124
2112
2096
2107
2125
2168
2216
2249
2289
2308
2304
2277
2280
2245
2211
2164
2132
2080
2053
2017
1993
1942
1922
1911
1939
1956
1979
2000
1982
1966
1949
1950
1953
1935
1917
1914
1937
1984
2035
2073
2076
2071
2057
2042
2029
2019
2014
2014
2022
2035
2056
2106
2147
2183
2190
2187
2163
2117
2056
1964
1919
1867
1853
1851
1847
1870
1883
1882
1887
1887
1898
1933
1966
1995
2020
1985
1955
1895
1844
1785
1742
1718
1723
1735
1786
1828
1862
1890
1939
1955
1969
1942
1930
1913
1891
1921
1964
2002
2045
2078
2088
2105
2126
2166
2173
2178
2174
2180
2175
2184
2182
2187
2184
2187
2184
2151
2113
2069
2019
1997
1997
1976
1991
2054
2120
2164
2196
2173
2140
2107
2086
2254
2223
2212
2208
2198
2148
2110
2058
2028
2021
1972
1901
1849
1827
1836
1862
1892
1882
1846
1826
1841
1869
1883
1904
1912
1935
1949
1972
1981
1996
2003
2019
2035
2051
2072
2093
2085
2102
2110
2113
2097
2061
2043
2026
2046
2063
2095
2106
2145
2184
2257
2324
2374
2392
2397
2369
2336
2322
2302
2288
2293
2301
2296
2269
2236
2209
2174
2152
2142
2124
2100
2105
2162
2230
2255
2278
2253
2223
2160
2106
2068
2045
2010
1979
1952
1953
1971
1959
1965
1986
1987
2020
2049
2072
2097
2123
2114
2141
2174
2210
2257
2309
2333
2359
2387
2403
2407
2383
2347
2298
2227
2149
2055
1999
1982
1996
2030
2051
2073
2092
2085
2073
2040
2030
2045
2057
2057
2086
2124
2155
2166
2218
2260
2306
2319
2342
2328
2319
2293
2283
2267
2250
2222
2193
2182
2174
2158
2151
2149
2145
2145
2136
2146
2142
2151
2149
2155
2178
2208
2235
2227
2208
2220
2229
2230
2251
2258
2259
2249
2230
2181
2142
2121
2141
2143
2169
2198
2239
2243
2261
2268
2288
2289
2309
2330
2322
2312
2312
2301
2287
2281
2299
2311
2311
2319
2314
2327
2323
2332
2331
2320
2293
2284
2249
2243
2238
2249
2253
2260
2266
2272
2273
2271
2287
2295
2302
2309
2310
2280
2259
2248
2264
2255
2263
2255
2286
2296
2303
2292
2266
2230
2208
2198
2194
2179
2178
2181
2218
2272
2309
2373
2416
2454
2455
2431
2400
2374
2330
2261
2213
2164
2123
2112
2116
2102
2098
2103
2111
2135
2169
2182
2204
2234
2266
2289
2277
2260
2233
2187
2142
2083
2040
2000
1959
1938
1953
1997
2061
2115
2142
2155
2159
2154
2136
2132
2119
2097
2091
2075
2071
2066
2082
2084
2069
2023
1997
1960
1935
1908
1903
1871
1822
1755
1707
1697
1703
1728
1774
1853
1954
2066
2140
2211
2241
2261
2266
2256
2227
2190
2163
2146
2134
2092
2032
1991
1956
1922
1894
1897
1930
1951
1966
1958
1935
1882
1813
1756
1751
1769
1827
1860
1878
1879
1876
1867
1896
1928
1963
1979
2002
2022
2018
2053
2063
2096
2150
2183
2175
2191
2178
2174
2151
2130
2086
2063
2039
2030
1998
1967
1951
1948
1967
1996
2045
2093
2132
2148
2165
2169
2170
2142
2117
2082
2072
2036
2008
1967
1920
1875
1855
1839
1820
1813
1856
1922
1995
2055
2109
2156
2195
2239
2273
2308
2320
2325
2294
2255
2195
2154
2115
2077
2032
2013
1972
1939
1910
1897
1893
1889
1906
1902
1907
1922
1939
2001
2063
2116
2171
2209
2234
2208
2173
2102
2075
2041
2049
2060
2088
2118
2147
2160
2172
2181
2187
2172
2156
2124
2060
2005
1992
1992
2007
2027
2050
2073
2081
2090
2107
2087
2064
2052
2058
2086
2122
2157
2166
2181
2170
2143
2106
2078
2058
2024
1979
1949
1931
1947
1956
1952
1961
1997
2013
2000
1971
1966
1972
1958
1934
1904
1896
1888
1875
1879
1885
1881
1871
1836
1831
1810
1798
1786
1809
1835
1873
1870
1856
1857
1872
1897
1909
1915
1914
1952
1971
1977
1952
1934
1912
1889
1884
1927
1946
1991
2030
2064
2081
2110
2135
2145
2159
2154
2146
2111
2079
2030
1962
1859
1771
1686
1619
1560
1541
1520
1523
1541
1585
1625
1671
1685
1664
1589
1501
1403
1343
1299
1251
1229
1213
1229
1244
1287
1326
1393
1469
1581
1685
1771
1832
1895
1942
1984
2012
2053
2085
2109
2100
2080
2036
1975
1918
1865
1843
1823
1820
1795
1783
1781
1807
1841
1863
1876
1899
1915
1933
1937
1941
1936
1905
1877
1846
1834
1811
1802
1765
1735
1701
1675
1651
1654
1649
1641
1633
1627
1646
1693
1747
1830
1843
1856
1886
1914
1929
1925
1882
1786
1737
1699
1663
1628
1621
1660
1725
1819
1894
1938
1989
2027
2074
2092
2099
2072
2030
2001
1997
2001
2015
2029
2031
2043
2051
2059
2052
2032
2022
2007
2009
1991
1965
1935
1904
1893
1852
1776
1681
1539
1431
1341
1279
1263
1257
1280
1284
1312
1340
1383
1425
1432
1455
1467
1480
1512
1554
1579
1586
1594
1603
1615
1615
1668
1711
1750
1796
1836
1906
1948
1963
1928
1904
1867
1854
1856
1865
1875
1899
1928
1950
1953
1937
1910
1865
1830
1789
1742
1711
1693
1672
1636
1579
1549
1533
1544
1548
1562
1565
1561
1541
1551
1565
1577
1568
1559
1574
1586
1592
1599
1605
1644
1717
1784
1871
1903
1952
1963
1983
1980
1971
1945
1942
1945
1937
1942
1954
1891
1817
1765
1739
1701
1681
1661
1632
1610
1586
1587
1599
1641
1702
1773
1835
1913
1924
1916
1888
1839
1789
1749
1725
1733
1750
1753
1774
1826
1871
1912
1930
1899
1872
1863
1900
1945
1989
2025
2051
2052
2075
2089
2091
2098
2104
2110
2124
2156
2165
2140
2086
2043
2011
1992
1973
1962
1938
1951
2000
2064
2118
2159
2189
2229
2251
2270
2274
2305
2327
2355
2373
2381
2383
2374
2346
2288
2221
2174
2142
2099
2065
2066
2057
2073
2099
2138
2154
2147
2140
2141
2143
2155
2153
2141
2133
2110
2096
2049
2026
2005
2023
2044
2087
2157
2183
2196
2211
2218
2220
2210
2202
2170
2135
2091
2062
2046
2044
2054
2066
2083
2069
2058
2047
2068
2126
2207
2245
2276
2276
2252
2214
2186
2156
2153
2151
2139
2121
2114
2130
2143
2166
2154
2121
2059
2014
1966
1982
1994
2034
2067
2134
2214
2273
2300
2338
2360
2391
2400
2386
2355
2350
2368
2389
2424
2446
2463
2438
2424
2402
2378
2350
2342
2334
2319
2322
2337
2374
2396
2421
2426
2429
2444
2456
2437
2432
2417
2428
2390
2362
2306
2257
2204
2179
2145
2120
2098
2092
2102
2102
2104
2105
2111
2132
2152
2146
2144
2168
2199
2222
2245
2246
2248
2242
2217
2179
2143
2105
2095
2092
2106
2124
2174
2212
2231
2213
2196
2198
2198
2206
2213
2212
2226
2244
2250
2255
2244
2216
2186
2157
2109
2068
2023
2024
2051
2103
2167
2230
2303
2346
2380
2428
2452
2474
2484
2476
2451
2440
2454
2458
2453
2412
2348
2252
2156
2077
2013
1970
1942
1924
1932
1955
2025
2103
2180
2281
2337
2403
2448
2451
2450
2428
2384
2339
2288
2243
2185
2140
2091
2084
2082
2094
2111
2124
2132
2134
2154
2180
2173
2175
2146
2108
2070
2030
2031
2067
2112
2162
2209
2255
2296
2327
2362
2381
2389
2399
2390
2371
2338
2276
2249
2221
2200
2184
2180
2189
2219
2216
2233
2239
2239
2251
2253
2225
2182
2132
2098
2090
2078
2110
2140
2158
2153
2158
2157
2161
2169
2187
2165
2155
2140
2117
2036
1972
1911
1908
1931
1981
2022
2043
2040
2005
1959
1912
1886
1845
1835
1814
1812
1829
1870
1906
1939
1960
1973
1959
1935
1901
1862
1848
1829
1817
1815
1834
1879
1926
1962
1963
1954
1914
1895
1880
1865
1885
1886
1876
1862
1906
1966
2043
2075
2064
2048
2039
2013
1994
1990
1980
1993
1980
1970
1981
1996
1999
2018
2043
2073
2093
2123
2126
2117
2115
2132
2151
2133
2092
2045
2004
1986
1984
1972
1943
1913
1923
1963
2003
2052
2099
2099
2107
2081
2057
2026
2001
1989
1962
1956
1954
1987
1988
1949
1888
1844
1837
1855
1890
1928
1952
1997
2017
2056
2081
2115
2118
2115
2092
2071
2027
1993
1964
1952
1962
1971
1974
1944
1915
1901
1891
1890
1887
1885
1882
1895
1943
2015
2058
2103
2129
2120
2128
2114
2114
2093
2088
2075
2085
2105
2128
2142
2167
2193
2201
2183
2160
2117
2109
2078
2066
2050
2024
1995
1985
1967
1923
1879
1848
1855
1859
1855
1839
1807
1806
1806
1774
1735
1665
1614
1566
1522
1464
1410
1352
1331
1337
1346
1357
1371
1389
1371
1370
1371
1399
1431
1493
1527
1546
1536
1538
1510
1477
1411
1391
1342
1294
1291
1308
1312
1333
1355
1417
1499
1592
1671
1728
1784
1811
1830
1847
1869
1886
1912
1904
1869
1854
1851
1835
1780
1735
1708
1701
1749
1818
1909
1967
2051
2088
2082
2091
2100
2139
2182
2200
2183
2197
2206
2211
2189
2167
2135
2113
2087
2104
2111
2120
2131
2143
2103
2058
2015
1986
1962
1961
1964
1971
1998
2041
2112
2116
2119
2123
2144
2147
2118
2070
2006
1959
1918
1867
1820
1792
1778
1783
1844
1896
1957
1989
2009
1979
1931
1888
1825
1775
1719
1681
1636
1612
1641
1663
1689
1719
1725
1744
1735
1709
1689
1679
1642
1622
1583
1567
1557
1585
1619
1650
1682
1700
1718
1751
1782
1829
1879
1932
2010
2061
2088
2080
2075
2035
2008
1981
1991
2005
2038
2049
2049
2032
2042
2055
2082
2070
2082
2095
2111
2101
2063
2029
1982
1972
1969
2010
2029
2055
2103
2180
2241
2296
2410
2384
2375
2351
2319
2260
2216
2190
2176
2171
2168
2133
2097
2059
2011
1982
1946
1908
1863
1859
1881
1943
2004
2074
2130
2211
2258
2296
2295
2280
2208
2174
2136
2112
2107
2108
2108
2102
2137
2173
2228
2270
2290
2294
2303
2310
2314
2299
2296
2288
2300
2299
2296
2251
2207
2197
2184
2164
2150
2140
2168
2196
2236
2264
2278
2277
2246
2231
2221
2211
2180
2179
2155
2161
2151
2155
2168
2193
2235
2289
2340
2374
2410
2407
2409
2378
2354
2333
2298
2281
2267
2256
2236
2221
2226
2230
2254
2282
2323
2366
2373
2370
2343
2293
2243
2201
2154
2124
2121
2141
2190
2197
2173
2125
2088
2045
2031
2024
2027
2026
2057
2104
2169
2216
2271
2311
2333
2351
2337
2326
2306
2317
2335
2334
2296
2251
2190
2137
2105
2098
2108
2161
2199
2226
2215
2200
2170
2150
2097
2057
2019
2001
2004
2012
2032
2042
2083
2121
2182
2215
2246
2228
2214
2212
2231
2230
2230
2196
2168
2163
2147
2152
2147
2143
2144
2126
2107
2099
2078
2049
2019
2014
2002
2008
1999
1990
1987
1992
2007
2030
2050
2076
2092
2115
2158
2201
2259
2278
2298
2312
2328
2304
2297
2261
2244
2216
2189
2184
2190
2213
2260
2287
2316
2316
2310
2283
2238
2196
2134
2075
1994
1895
1799
1766
1725
1706
1699
1723
1755
1807
1851
1901
1922
1952
1978
1991
2023
2037
2052
2043
2035
2003
1953
1907
1879
1841
1801
1768
1731
1691
1674
1649
1647
1660
1685
1685
1664
1640
1601
1573
1566
1558
1563
1568
1582
1594
1603
1635
1689
1742
1794
1845
1874
1923
1965
1998
2037
2029
2008
2003
2008
1998
1982
1964
1941
1926
1930
1945
1952
1980
2009
2007
1973
1915
1837
1795
1732
1676
1616
1574
1531
1471
1417
1384
1359
1338
1334
1318
1307
1287
1317
1380
1464
1533
1585
1587
1560
1537
1549
1542
1530
1515
1507
1497
1503
1504
1491
1487
1467
1452
1457
1479
1517
1579
1651
1711
1751
1777
1777
1766
1742
1736
1721
1723
1723
1744
1747
1736
1737
1763
1775
1814
1842
1854
1859
1827
1761
1677
1591
1534
1495
1465
1485
1492
1531
1600
1678
1729
1785
1825
1848
1897
1946
1963
1981
1960
1917
1875
1836
1789
1734
1688
1625
1587
1549
1536
1557
1631
1673
1706
1701
1713
1742
1749
1741
1730
1715
1739
1797
1810
1782
1753
1705
1652
1611
1561
1547
1526
1499
1443
1409
1380
1416
1471
1565
1647
1723
1813
1912
1989
2059
2087
2105
2120
2119
2094
2031
1976
1901
1850
1835
1855
1889
1940
1980
2019
2038
2061
2114
2128
2143
2141
2129
2111
2080
2033
1993
1972
1931
1886
1860
1815
1778
1725
1666
1643
1651
1665
1713
1801
1910
2011
2140
2195
2203
2200
2175
2158
2134
2101
2072
2048
2028
1999
1994
1993
1999
2006
1995
1974
1966
1977
2004
2038
2054
2055
2052
2024
2006
1995
1987
1986
1979
1977
1947
1931
1944
1953
1953
1951
1941
1928
1919
1957
1992
2052
2113
2173
2228
2249
2232
2213
2187
2163
2130
2122
2139
2164
2160
2162
2146
2119
2103
2114
2123
2110
2103
2098
2118
2141
2145
2121
2097
2083
2086
2089
2069
2059
2051
2050
2034
2020
1998
1999
1982
1967
1947
1938
1943
1978
2014
2034
2067
2077
2104
2129
2154
2146
2127
2106
2118
2123
2146
2160
2203
2242
2308
2334
2375
2401
2414
2400
2390
2368
2298
2210
2107
2012
1913
1847
1795
1801
1831
1898
1973
2061
2120
2163
2172
2189
2202
2233
2246
2257
2268
2267
2235
2199
2133
2049
1995
1950
1948
1950
1967
1991
2012
2012
2012
1982
1987
1979
1995
2034
2125
2198
2255
2257
2232
2211
2191
2180
2205
2211
2188
2164
2129
2104
2085
2074
2037
2023
2009
2015
2046
2092
2135
2150
2138
2114
2091
2080
2070
2082
2092
2092
2079
2041
1994
1955
1923
1902
1900
1914
1938
1968
1995
2027
2048
2046
2042
2033
2047
2071
2105
2113
2075
2021
1967
1925
1872
1812
1722
1659
1653
1685
1715
1773
1825
1876
1902
1941
1964
1987
2016
2016
2014
2003
1977
1947
1903
1883
1853
1833
1853
1894
1939
1989
2042
2099
2145
2185
2171
2162
2133
2086
2032
1987
1959
1946
1991
2019
2052
2078
2090
2084
2087
2097
2115
2119
2125
2114
2119
2122
2156
2162
2129
2075
2006
1927
1878
1822
1771
1723
1701
1739
1797
1873
1926
1966
1983
2009
2016
2020
1984
1975
1962
1953
1932
1940
1987
2033
2081
2118
2153
2178
2218
2254
2254
2236
2221
2219
2220
2188
2169
2143
2102
2057
2051
2034
2045
2045
2081
2110
2156
2207
2276
2356
2440
2487
2479
2457
2400
2383
2348
2318
2252
2206
2150
2124
2112
2108
2091
2105
2137
2188
2220
2251
2278
2279
2264
2232
2212
2223
2245
2261
2279
2270
2275
2286
2316
2315
2330
2314
2275
2260
2254
2224
2208
2181
2161
2149
2152
2178
2221
2278
2342
2390
2417
2415
2380
2341
2311
2302
2299
2289
2291
2291
2273
2278
2289
2305
2322
2328
2311
2270
2217
2177
2149
2139
2139
2149
2163
2155
2125
2097
2086
2072
2100
2149
2198
2233
2260
2264
2295
2340
2368
2399
2403
2397
2370
2346
2320
2286
2244
2211
2183
2171
2188
2214
2247
2239
2259
2255
2236
2220
2160
2099
2063
2053
2052
2091
2156
2200
2224
2227
2222
2210
2186
2160
2164
2168
2175
2202
2232
2299
2370
2434
2482
2524
2569
2574
2574
2572
2568
2552
2541
2495
2452
2382
2303
2236
2205
2162
2144
2150
2167
2143
2083
2020
1989
1963
1955
1945
1967
2014
2073
2138
2163
2220
2262
2326
2360
2385
2392
2421
2415
2419
2407
2410
2427
2457
2476
2508
2511
2525
2540
2556
2565
2549
2516
2475
2451
2424
2392
2362
2364
2365
2381
2375
2379
2379
2405
2420
2441
2440
2425
2402
2359
2295
2232
2192
2132
2099
2085
2112
2138
2191
2231
2298
2360
2412
2446
2480
2476
2466
2452
2455
2424
2388
2356
2341
2334
2343
2342
2330
2304
2277
2288
2288
2270
2236
2221
2218
2248
2290
2321
2351
2354
2351
2348
2342
2268
2171
2086
2006
1948
1913
1893
1886
1909
1931
1971
2022
2067
2132
2179
2223
2284
2310
2308
2307
2287
2282
2300
2324
2321
2308
2311
2324
2345
2366
2403
2422
2444
2450
2434
2426
2423
2412
2396
2377
2372
2376
2373
2351
2335
2304
2275
2239
2223
2205
2179
2173
2188
2198
2208
2197
2212
2227
2233
2242
2275
2311
2331
2346
2363
2366
2381
2401
2411
2423
2428
2414
2413
2422
2419
2411
2398
2388
2382
2388
2381
2368
2357
2336
2292
2262
2262
2265
2266
2253
2252
2250
2254
2237
2208
2147
2064
2002
1971
1917
1877
1843
1825
1816
1859
1922
1987
2058
2132
2182
2218
2207
2202
2216
2196
2195
2180
2194
2190
2191
2170
2194
2195
2221
2207
2187
2158
2140
2103
2091
2085
2091
2122
2139
2147
2138
2132
2120
2125
2112
2090
2048
2038
2031
2050
2034
2026
2006
1978
1943
1962
1985
2026
2042
2040
2026
2025
2041
2077
2114
2157
2195
2206
2211
2190
2171
2148
2130
2104
2111
2076
2036
1997
1963
1917
1888
1883
1897
1913
1953
1977
1998
2025
2034
2035
2014
2014
2026
2051
2066
2083
2094
2070
2048
2026
2008
1970
1939
1926
1922
1916
1920
1934
1963
2029
2075
2125
2179
2247
2296
2327
2354
2359
2335
2308
2270
2258
2274
2288
2313
2353
2386
2389
2389
2367
2344
2320
2294
2246
2181
2095
2028
1964
1921
1860
1825
1791
1802
1835
1898
1973
2027
2053
2063
2084
2081
2071
2055
2047
2072
2090
2097
2117
2120
2105
2077
2058
2019
1994
1959
1909
1858
1843
1854
1877
1885
1899
1925
1942
1962
1994
2018
2059
2085
2124
2202
2231
2242
2229
2243
2206
2199
2204
2195
2179
2170
2172
2182
2184
2179
2142
2094
2065
2025
1997
1981
1962
1916
1903
1886
1917
1966
2016
2061
2125
2134
2135
2129
2118
2110
2109
2087
2078
2075
2099
2154
2212
2258
2296
2316
2328
2366
2375
2380
2376
2413
2433
2452
2433
2406
2356
2328
2289
2250
2206
2174
2165
2172
2206
2239
2279
2314
2356
2361
2369
2354
2342
2328
2311
2294
2287
2279
2267
2240
2236
2218
2233
2232
2220
2205
2203
2212
2229
2257
2266
2257
2256
2252
2232
2215
2170
2154
2154
2163
2184
2205
2215
2214
2201
2206
2188
2196
2193
2214
2291
2347
2391
2401
2398
2363
2349
2346
2348
2330
2303
2268
2250
2242
2232
2210
2174
2139
2099
2051
2024
2000
1980
1975
1956
1935
1944
1952
1943
1918
1861
1807
1757
1714
1677
1685
1703
1723
1777
1827
1905
1959
1998
2028
2022
2013
2000
1978
1944
1906
1859
1840
2011
2038
2050
2090
2123
2089
2049
2015
1989
1961
1941
1905
1876
1868
1874
1877
1890
1893
1893
1872
1827
1811
1794
1787
1790
1815
1810
1810
1827
1861
1902
1980
2031
2085
2127
2181
2232
2258
2269
2290
2319
2335
2318
2304
2248
2170
2068
1980
1915
1875
1885
1895
1940
1961
1979
1975
1993
2028
2085
2141
2191
2198
2165
2113
2054
1987
1934
1878
1814
1777
1743
1732
1727
1731
1725
1735
1757
1796
1815
1850
1866
1872
1859
1897
1938
1972
1998
2023
2026
2017
1999
1980
1972
1966
1989
2007
2020
1984
1942
1883
1836
1827
1877
1922
1986
2035
2077
2109
2191
2240
2292
2343
2379
2380
2381
2362
2318
2276
2224
2179
2113
2049
2007
1992
1957
1963
1968
1993
1996
1989
1976
2003
2021
2023
2040
2046
2063
2117
2169
2223
2259
2262
2288
2305
2338
2332
2348
2342
2339
2329
2320
2298
2269
2245
2236
2215
2216
2204
2201
2210
2203
2195
2184
2199
2220
2255
2275
2277
2291
2307
2311
2311
2283
2268
2256
2236
2214
2214
2231
2229
2222
2187
2145
2107
2079
2040
2021
2022
2044
2081
2104
2147
2188
2226
2272
2298
2292
2267
2222
2179
2155
2124
2103
2093
2097
2131
2165
2208
2246
2274
2244
2191
2120
2053
2014
1981
1955
1932
1924
1941
2005
2073
2140
2193
2261
2305
2339
2338
2281
2206
2110
2020
1962
1927
1899
1905
1912
1918
1931
1951
1951
1951
1930
1893
1859
1847
1833
1826
1846
1861
1867
1865
1880
1912
1962
1989
2014
1993
2001
2025
2054
2036
1987
1903
1836
1763
1729
1689
1709
1775
1834
1901
1970
2051
2095
2112
2097
2113
2099
2117
2133
2160
2175
2194
2220
2240
2256
2279
2295
2311
2326
2319
2292
2255
2209
2173
2134
2126
2134
2134
2136
2144
2169
2155
2141
2086
2068
2033
2011
1984
1962
1944
1939
1932
1945
1971
2021
2064
2119
2155
2142
2138
2113
2084
2029
1986
1914
1872
1841
1861
1894
1948
1983
2026
2046
2051
2037
2027
1995
1976
1961
1960
1970
1962
1962
1968
1988
1959
1914
1886
1876
1865
1893
1918
1941
1961
1976
1964
1904
1852
1806
1757
1720
1708
1696
1701
1734
1804
1858
1893
1875
1876
1866
1848
1819
1803
1752
1687
1637
1600
1570
1579
1625
1677
1709
1718
1743
1763
1775
1775
1785
1782
1773
1744
1714
1690
1649
1651
1686
1683
1670
1677
1704
1701
1697
1683
1661
1638
1595
1585
1570
1581
1600
1629
1624
1592
1577
1578
1587
1624
1631
1647
1668
1701
1727
1765
1796
1816
1839
1837
1804
1758
1718
1693
1691
1685
1700
1719
1749
1756
1779
1805
1853
1936
1994
2016
1999
1981
1959
1910
1824
1746
1647
1603
1591
1613
1667
1710
1740
1746
1753
1776
1789
1762
1735
1702
1647
1568
1492
1439
1403
1366
1370
1368
1357
1356
1383
1416
1480
1552
1627
1679
1726
1770
1833
1895
1944
1983
1985
1998
2021
2079
2130
2186
2172
2143
2089
2042
1969
1887
1804
1754
1731
1729
1711
1679
1652
1638
1601
1582
1551
1512
1480
1490
1507
1508
1535
1540
1581
1638
1709
1743
1754
1721
1660
1637
1591
1573
1586
1595
1608
1641
1721
1781
1829
1857
1854
1859
1835
1821
1790
1774
1757
1755
1757
1786
1791
1811
1827
1840
1848
1848
1861
1892
1936
1971
2037
2119
2186
2229
2244
2210
2192
2159
2138
2126
2108
2098
2098
2110
2124
2153
2203
2225
2228
2245
2262
2279
2274
2274
2254
2225
2207
2200
2189
2177
2151
2139
2135
2177
2201
2218
2253
2278
2280
2254
2188
2107
2030
1977
1935
1900
1874
1862
1859
1869
1914
2002
2115
2215
2310
2376
2440
2459
2476
2480
2462
2432
2421
2416
2423
2440
2455
2468
2470
2423
2371
2298
2229
2189
2152
2114
2087
2061
2044
2063
2103
2159
2239
2316
2382
2435
2456
2457
2442
2428
2393
2343
2261
2202
2152
2104
2034
1999
2001
2015
2045
2061
2076
2109
2163
2207
2259
2308
2364
2386
2402
2414
2442
2455
2450
2436
2424
2395
2396
2396
2406
2440
2459
2484
2492
2509
2512
2531
2559
2579
2574
2548
2501
2458
2402
2354
2313
2283
2269
2283
2282
2306
2324
2362
2412
2445
2491
2516
2530
2542
2559
2562
2593
2602
2618
2603
2618
2601
2589
2555
2555
2547
2562
2577
2594
2606
2624
2608
2566
2532
2506
2515
2531
2554
2569
2584
2590
2632
2642
2654
2656
2666
2659
2652
2657
2653
2653
2671
2670
2672
2662
2668
2685
2680
2686
2674
2648
2615
2583
2543
2527
2514
2502
2463
2466
2466
2500
2514
2536
2527
2530
2536
2541
2540
2546
2549
2580
2598
2605
2599
2577
2577
2584
2596
2591
2570
2537
2518
2500
2500
2513
2546
2542
2553
2536
2524
2500
2490
2489
2470
2465
2484
2504
2526
2545
2547
2537
2548
2556
2565
2554
2540
2513
2484
2466
2456
2428
2405
2371
2322
2275
2237
2211
2208
2224
2235
2259
2288
2341
2377
2390
2385
2387
2375
2363
2316
2275
2223
2199
2179
2177
2197
2207
2234
2267
2312
2354
2375
2372
2382
2379
2388
2383
2373
2348
2317
2297
2287
2260
2271
2288
2281
2275
2275
2250
2237
2209
2196
2196
2198
2207
2221
2250
2253
2275
2289
2318
2329
2340
2311
2277
2249
2207
2176
2150
2111
2075
2034
2027
2032
2039
2035
2029
2028
2004
1973
1937
1939
1933
1938
1921
1916
1917
1949
1986
2029
2066
2099
2127
2141
2151
2165
2185
2174
2169
2169
2185
2179
2175
2147
2139
2115
2107
2098
2092
2116
2138
2147
2138
2130
2089
2054
2006
1978
1976
1974
1971
1978
1994
2008
1998
1984
1961
1958
1941
1936
1942
1961
1976
2005
2010
1992
1973
1924
1856
1789
1717
1645
1594
1579
1597
1635
1665
1690
1760
1834
1899
1955
1999
2007
2001
1995
1999
2007
2013
1995
1993
1983
1973
2001
2011
2015
2006
1975
1951
1931
1925
1910
1906
1912
1897
1875
1836
1846
1859
1872
1860
1832
1813
1830
1830
1843
1855
1879
1892
1876
1881
1898
1937
1980
1988
1994
1981
1963
1936
1887
1840
1824
1781
1733
1698
1679
1667
1659
1659
1647
1663
1695
1740
1797
1858
1908
1973
1987
2015
2034
2070
2079
2083
2063
2041
2013
1968
1908
1859
1829
1833
1857
1887
1888
1875
1861
1851
1850
1819
1800
1769
1769
1761
1768
1762
1796
1826
1856
1890
1933
1961
1996
2028
2029
2005
1962
1964
1968
1994
1997
2015
2025
2062
2099
2132
2134
2131
2137
2146
2116
2089
2059
2032
2025
2002
2023
2041
2083
2112
2156
2165
2169
2154
2145
2092
2048
1977
1927
1882
1895
1928
1976
2048
2092
2130
2183
2227
2208
2196
2158
2127
2103
2102
2087
2098
2129
2170
2206
2236
2241
2234
2223
2219
2210
2227
2248
2282
2290
2324
2355
2370
2363
2354
2354
2309
2254
2173
2122
2061
2042
2012
1996
2010
2031
2044
2055
2093
2147
2209
2222
2219
2191
2174
2141
2091
2037
2012
2014
2054
2102
2147
2182
2204
2203
2205
2188
2170
2152
2141
2108
2072
2063
2068
2065
2031
2007
1984
1958
1901
1844
1791
1742
1719
1762
1861
1953
2036
2075
2116
2148
2153
2137
2110
2075
2039
2056
2073
2086
2088
2090
2072
2071
2066
2063
2068
2103
2126
2159
2186
2226
2262
2278
2273
2265
2255
2249
2241
2239
2259
2270
2280
2282
2307
2318
2352
2363
2350
2324
2314
2281
2259
2218
2196
2176
2156
2146
2123
2111
2117
2146
2175
2213
2257
2275
2255
2257
2247
2256
2228
2202
2136
2099
2072
2067
2087
2109
2118
2142
2170
2169
2149
2123
2110
2094
2087
2080
2091
2089
2085
2069
2083
2091
2093
2066
2009
1988
1969
1948
1931
1914
1912
1901
1892
1884
1866
1850
1841
1840
1839
1835
1852
1853
1845
1851
1843
1831
1813
1808
1790
1779
1763
1763
1777
1777
1765
1759
1795
1841
1894
1934
1981
2020
2048
2049
2052
2040
2027
2042
2084
2102
2100
2074
2044
2022
2004
1995
1985
1989
1988
2009
2066
2097
2138
2183
2226
2251
2261
2268
2285
2284
2282
2270
2285
2298
2330
2360
2376
2388
2394
2390
2383
2378
2374
2350
2297
2249
2201
2170
2136
2124
2131
2127
2128
2128
2131
2146
2168
2192
2195
2207
2212
2208
2230
2242
2245
2225
2192
2155
2121
2088
2091
2117
2154
2171
2178
2167
2170
47.29248047
1.662890553
999
