5835
1942
1928
1923
1904
1883
1849
1849
1863
1881
1874
1862
1840
1866
1840
1843
1808
1836
1815
1832
1786
1800
1777
1830
1803
1845
1825
1885
1851
1890
1843
1875
1838
1871
1786
1809
1736
1791
1744
1784
1737
1800
1776
1844
1804
1847
1823
1906
1857
1895
1851
1918
1894
1929
1870
1919
1887
1916
1837
1867
1817
1881
1830
1859
1807
1874
1852
1908
1878
1897
1864
1884
1813
1823
1775
1797
1807
1803
1778
1795
1803
1832
1803
1811
1819
1851
1841
1826
1795
1803
1807
1783
1804
1785
1810
1802
1809
1786
1796
1804
1835
1803
1826
1815
1888
1891
1944
1939
2012
1992
2063
2010
2047
2007
2065
2017
2069
1993
2053
2000
2055
1995
2029
1982
2061
1998
2038
1967
2016
1946
1974
1907
1926
1884
1919
1848
1880
1829
1894
1850
1874
1824
1877
1861
1915
1891
1954
1957
2022
1995
2031
2016
2090
2067
2090
2080
2096
2089
2107
2063
2075
2055
2075
2037
2023
1998
2018
2019
1999
1965
1984
1990
2006
2011
2016
2029
2052
2051
2045
2057
2048
2083
2080
2076
2046
2060
2054
2057
2023
2039
2025
2054
2021
2029
2013
2048
2038
2073
2048
2077
2099
2141
2127
2160
2106
2160
2133
2162
2127
2158
2129
2150
2127
2150
2105
2149
2114
2129
2069
2099
2060
2088
2029
2033
1974
2007
1966
1989
1976
1997
2022
2077
2064
2068
2059
2073
2079
2070
2053
2072
2098
2100
2080
2086
2092
2103
2096
2075
2073
2104
2115
2118
2116
2087
2121
2128
2131
2118
2123
2127
2191
2160
2173
2138
2188
2180
2207
2168
2206
2183
2236
2198
2213
2182
2231
2199
2231
2181
2205
2174
2222
2185
2195
2140
2183
2174
2202
2170
2203
2183
2228
2184
2185
2151
2178
2137
2150
2115
2140
2135
2161
2144
2157
2152
2187
2157
2166
2141
2170
2153
2137
2111
2109
2132
2168
2169
2154
2155
2163
2200
2188
2192
2171
2184
2158
2190
2130
2160
2136
2180
2132
2189
2123
2183
2148
2197
2147
2202
2181
2250
2221
2266
2209
2248
2223
2267
2218
2246
2227
2254
2265
2266
2245
2263
2262
2256
2234
2208
2226
2232
2215
2190
2173
2145
2210
2169
2187
2135
2184
2162
2190
2156
2200
2157
2227
2172
2222
2181
2254
2207
2247
2169
2217
2188
2257
2181
2214
2157
2227
2176
2212
2141
2185
2148
2184
2139
2163
2117
2169
2125
2162
2137
2194
2181
2194
2182
2206
2202
2234
2215
2245
2242
2249
2282
2286
2272
2279
2302
2327
2347
2314
2325
2302
2341
2316
2326
2290
2325
2278
2317
2261
2281
2227
2264
2198
2232
2174
2223
2185
2233
2169
2199
2166
2228
2210
2235
2195
2250
2242
2263
2220
2255
2238
2263
2252
2255
2233
2256
2253
2261
2245
2233
2254
2278
2259
2261
2267
2291
2316
2300
2274
2272
2300
2292
2282
2263
2276
2261
2291
2250
2260
2253
2272
2239
2248
2203
2234
2232
2267
2230
2254
2229
2285
2260
2269
2228
2270
2246
2284
2268
2282
2248
2292
2279
2296
2250
2281
2252
2266
2245
2237
2203
2223
2224
2248
2238
2251
2267
2287
2280
2283
2269
2303
2298
2291
2272
2265
2272
2286
2263
2257
2252
2255
2282
2269
2258
2258
2283
2273
2282
2260
2289
2290
2291
2273
2258
2260
2296
2271
2296
2247
2275
2252
2277
2245
2279
2257
2299
2248
2272
2233
2265
2214
2234
2174
2203
2180
2228
2184
2208
2193
2250
2221
2247
2187
2235
2212
2250
2188
2207
2167
2196
2184
2191
2148
2179
2171
2203
2202
2190
2207
2237
2245
2232
2233
2214
2259
2222
2239
2189
2228
2205
2225
2172
2199
2132
2202
2167
2220
2161
2215
2171
2236
2165
2175
2097
2148
2108
2155
2118
2125
2113
2142
2136
2152
2131
2171
2188
2179
2196
2179
2206
2236
2220
2187
2162
2221
2195
2181
2139
2143
2132
2126
2079
2091
2048
2105
2074
2096
2058
2107
2075
2146
2069
2106
2063
2121
2056
2089
2029
2075
2021
2072
2013
2067
2042
2098
2057
2095
2042
2078
2035
2048
1995
2011
2005
2037
1994
2008
1972
2042
2040
2078
2077
2060
2075
2080
2066
2046
2036
2051
2035
1996
1987
1951
1995
1974
2005
1998
2049
2024
2082
2035
2061
2039
2085
2034
2064
1991
2025
1969
2012
1938
1962
1892
1926
1900
1935
1894
1917
1894
1936
1893
1938
1926
1937
1919
1915
1889
1898
1899
1920
1956
1942
1939
1959
1989
1989
1993
1982
2008
1999
2025
2005
2020
2022
2069
2048
2085
2043
2078
2072
2103
2057
2056
2022
2053
2033
2031
1983
2009
1983
2020
2014
2026
1976
2022
2004
2016
1976
1993
1963
1996
1996
1997
1971
1997
2005
2008
2006
1993
2014
2026
2034
2014
1993
2003
2019
1983
1974
1939
1977
1964
1976
1944
1988
1975
2035
2015
2046
2021
2087
2066
2124
2084
2103
2069
2121
2092
2115
2063
2088
2074
2081
2023
2034
2014
2043
2015
2033
2024
2034
2037
2042
2023
2026
2034
2031
2068
2021
2029
1983
2013
1997
1998
1935
1959
1896
1944
1889
1914
1868
1939
1927
1979
1927
1971
1949
2001
1953
1996
1959
1984
1959
1991
1949
2001
1989
2043
2029
2021
2016
2027
2051
2078
2073
2082
2085
2075
2113
2074
2096
2072
2121
2092
2126
2055
2104
2068
2121
2054
2081
2022
2081
2060
2107
2050
2096
2084
2161
2098
2138
2109
2171
2166
2184
2121
2165
2149
2167
2183
2172
2163
2180
2186
2157
2139
2123
2158
2150
2175
2118
2156
2136
2184
2144
2195
2142
2218
2177
2224
2151
2211
2146
2193
2135
2151
2085
2129
2102
2152
2127
2151
2109
2152
2117
2121
2059
2100
2083
2078
2060
2043
2056
2059
2063
2066
2081
2046
2079
2061
2064
2024
2047
2042
2067
2041
2083
2046
2114
2087
2112
2083
2136
2093
2123
2069
2100
2055
2115
2096
2142
2109
2131
2116
2156
2114
2106
2045
2049
2067
2062
2044
2032
2033
2051
2031
2045
2056
2033
2072
2073
2078
2071
2105
2093
2137
2097
2109
2098
2153
2122
2120
2095
2108
2097
2150
2111
2129
2078
2127
2113
2151
2119
2140
2123
2153
2123
2133
2109
2110
2106
2101
2062
2049
2021
2022
2001
1960
1936
1925
1961
1965
1961
1953
1942
1913
1958
1926
1959
1937
1989
1979
2025
2004
2047
2033
2077
2044
2080
2048
2086
2061
2096
2026
2043
1997
2023
1964
1973
1926
1933
1927
1949
1923
1944
1940
1980
1991
1996
1981
1999
2007
2005
1970
1957
1989
1984
2018
1998
2019
2020
2054
2029
2073
2011
2048
2010
2054
1975
1989
1927
1981
1935
1980
1922
1976
1943
1999
1962
1980
1928
2001
1983
2017
1986
2042
2012
2013
1985
1976
1955
1975
1955
1953
1950
1943
1987
1989
1998
1971
1977
1969
1976
1915
1934
1883
1945
1913
1951
1902
1958
1909
1988
1939
1994
1944
2033
2004
2085
2029
2080
2033
2107
2052
2074
1998
2024
2022
2060
2054
2067
2048
2070
2042
2058
2064
2049
2083
2070
2059
2051
2082
2055
2102
2050
2063
2029
2091
2065
2086
2046
2088
2033
2099
2032
2070
2006
2083
2072
2110
2067
2102
2083
2138
2089
2115
2089
2100
2091
2099
2086
2110
2127
2189
2200
2200
2198
2195
2198
2177
2159
2144
2156
2164
2195
2170
2171
2157
2196
2167
2164
2098
2140
2118
2155
2097
2131
2112
2146
2127
2139
2112
2164
2155
2200
2158
2192
2143
2154
2106
2097
2041
2039
2010
2010
2000
1993
1974
2011
2012
2033
2025
2035
2049
2063
2074
2055
2048
2071
2074
2043
2046
2019
2049
2049
2063
2031
2034
1997
2040
1986
1996
1953
1992
1968
1992
1982
1992
1955
2008
1968
1987
1931
1970
1930
1951
1907
1914
1880
1928
1903
1930
1917
1916
1928
1939
1921
1922
1913
1951
1965
1949
1947
1932
1952
1946
1939
1927
1936
1907
1960
1919
1939
1901
1952
1928
1977
1927
1948
1913
1965
1907
1927
1874
1933
1897
1941
1879
1908
1875
1927
1882
1930
1916
1948
1945
1959
1919
1943
1930
1949
1968
1958
1967
1973
1983
1963
1957
1913
1946
1922
1966
1921
1917
1893
1942
1889
1926
1855
1907
1875
1921
1842
1894
1859
1908
1871
1931
1876
1925
1911
1962
1937
1947
1903
1941
1916
1949
1897
1931
1926
1943
1948
1933
1937
1951
1964
1945
1950
1914
1957
1952
2003
1962
1994
1970
2017
1961
2002
1934
1988
1958
2008
1938
1986
1931
1990
1950
1984
1939
1998
1975
1993
1940
1939
1888
1925
1880
1883
1829
1839
1860
1861
1871
1874
1888
1926
1956
1940
1944
1898
1941
1917
1921
1864
1874
1811
1867
1801
1824
1754
1795
1763
1788
1729
1733
1686
1720
1682
1701
1649
1707
1691
1726
1706
1740
1736
1804
1797
1833
1842
1848
1867
1873
1882
1896
1896
1930
1952
1952
1971
1953
1994
2003
2014
1987
1981
1939
1971
1927
1921
1881
1911
1906
1932
1894
1920
1897
1949
1907
1911
1873
1901
1887
1898
1836
1821
1789
1819
1777
1804
1787
1815
1844
1877
1865
1889
1879
1904
1905
1877
1858
1870
1878
1869
1856
1830
1840
1841
1870
1854
1870
1885
1938
1925
1949
1893
1926
1897
1930
1874
1891
1851
1883
1859
1895
1865
1906
1898
1970
1974
1998
1980
2014
2017
2041
2007
2027
2033
2046
2047
2029
2005
2013
2017
2032
2033
2015
2016
2011
2060
2042
2066
2055
2091
2058
2091
2030
2075
2024
2062
2019
2072
2017
2070
2042
2094
2036
2069
2038
2092
2075
2080
2015
2056
2035
2052
1986
2003
1988
2018
2009
1987
1960
1988
1991
1978
1990
1928
1939
1927
1935
1891
1895
1864
1939
1899
1961
1914
1976
1955
2022
1986
2036
1983
2065
2006
2051
1969
2004
1949
1985
1932
1953
1928
1987
1976
2012
2003
1999
2013
2034
2006
1981
1947
1952
1958
1925
1930
1900
1946
1944
1968
1946
1975
1913
1985
1935
1988
1938
1988
1963
2015
1981
2016
1957
2013
1966
2013
1949
1988
1974
2001
1944
1953
1917
1962
1937
1951
1948
1955
1972
1991
1969
1969
1954
1958
2007
1970
1968
1930
1951
1946
1958
1927
1956
1921
1964
1947
1974
1940
1972
1937
1995
1948
1980
1944
1993
1944
1973
1935
1943
1931
1955
1909
1913
1900
1950
1945
1968
1935
1951
1956
1978
1941
1948
1946
1957
1959
1947
1938
1942
1977
1988
1977
1942
1940
1923
1943
1905
1897
1876
1900
1897
1933
1910
1946
1945
2001
1977
2020
1989
2022
1994
2012
1964
1978
1958
1986
1961
1969
1911
1922
1892
1922
1868
1879
1853
1878
1867
1895
1874
1896
1896
1913
1913
1894
1899
1920
1926
1890
1870
1852
1887
1880
1883
1845
1854
1871
1888
1875
1914
1859
1915
1904
1949
1901
1939
1887
1939
1897
1930
1873
1939
1922
1960
1948
1967
1942
1985
1934
1963
1898
1943
1908
1904
1861
1849
1843
1885
1872
1874
1871
1855
1910
1917
1938
1929
1959
1980
2012
1957
1990
1944
2010
1960
1988
1946
2008
1979
2050
2000
2054
2001
2083
2014
2042
1967
1975
1909
1939
1860
1874
1825
1871
1888
1902
1884
1897
1913
1952
1951
1953
1982
1958
2007
1993
2005
1997
2029
1972
2028
1962
1981
1923
1976
1909
1930
1866
1915
1889
1970
1910
1970
1926
1998
1949
1983
1921
1952
1924
1967
1912
1947
1924
1955
1972
1987
1978
2009
2037
2046
2047
2011
2037
2040
2085
2065
2071
2074
2115
2101
2135
2067
2084
2073
2114
2069
2085
2019
2065
2033
2083
2034
2060
2038
2094
2078
2102
2072
2098
2075
2074
2021
2027
2007
2036
2022
2014
1981
2015
2017
2004
1996
1974
1972
1975
1979
1967
1965
1960
2005
1998
2009
1986
1996
1987
1999
1967
1974
1932
1975
1959
1969
1910
1917
1902
1942
1925
1947
1914
1957
1955
1979
1962
1982
1971
2020
2003
2018
1984
2037
2029
2037
2007
1996
1985
2018
1997
1974
1944
1931
1949
1953
1943
1939
1965
2003
2026
1990
2018
1972
2028
1996
1992
1961
1975
1942
1984
1945
1974
1959
2042
2030
2070
2055
2107
2097
2179
2142
2176
2162
2185
2189
2209
2165
2190
2183
2207
2156
2153
2139
2139
2134
2125
2118
2119
2120
2113
2151
2119
2146
2156
2184
2134
2135
2093
2114
2083
2142
2087
2120
2069
2116
2079
2128
2082
2116
2095
2162
2112
2147
2109
2115
2114
2133
2106
2123
2131
2176
2173
2158
2144
2129
2136
2117
2105
2084
2106
2081
2152
2116
2142
2121
2159
2119
2138
2063
2089
2032
2090
2025
2051
1991
2031
2007
2057
1997
2044
2038
2101
2050
2112
2102
2157
2167
2198
2182
2211
2198
2174
2150
2118
2153
2149
2144
2106
2114
2112
2109
2109
2050
2040
2021
2064
2045
2085
2034
2076
2068
2130
2087
2133
2110
2158
2118
2153
2089
2130
2085
2135
2080
2119
2056
2078
2034
2071
2043
2088
2068
2103
2110
2119
2098
2128
2127
2139
2121
2138
2178
2169
2182
2166
2174
2187
2199
2172
2195
2155
2196
2188
2198
2150
2164
2108
2154
2122
2144
2085
2142
2120
2152
2124
2140
2101
2157
2122
2139
2095
2139
2106
2139
2109
2119
2110
2146
2121
2142
2115
2084
2108
2116
2080
2057
2044
2048
2036
2029
2037
2027
2046
2047
2038
2032
2036
2019
2055
2036
2060
2046
2091
2075
2131
2103
2156
2148
2196
2165
2193
2166
2201
2184
2201
2156
2197
2185
2225
2154
2166
2132
2147
2128
2140
2090
2093
2084
2089
2089
2070
2062
2081
2101
2095
2073
2065
2076
2066
2083
2054
2052
2043
2070
2035
2075
2016
2049
2027
2068
2021
2065
2022
2051
2015
2044
1983
2028
2018
2069
2040
2078
2046
2105
2091
2125
2071
2116
2097
2117
2082
2081
2057
2089
2095
2113
2114
2092
2112
2128
2128
2097
2105
2122
2149
2108
2124
2067
2124
2097
2126
2067
2110
2064
2130
2073
2096
2032
2088
2056
2095
2020
2041
1998
2089
2043
2075
2027
2066
2093
2123
2093
2113
2096
2139
2102
2085
2079
2057
2075
2057
2066
2034
2042
1997
2064
1997
2023
1973
2038
2016
2062
2014
2065
2002
2064
2012
2069
2011
2091
2054
2094
2041
2084
2055
2115
2055
2087
2039
2038
2014
2008
1965
1977
1978
2012
2030
2021
2042
2031
2069
2054
2058
2038
2055
2029
2077
2032
2059
2011
2055
2003
2041
1983
2035
2021
2083
2036
2079
2035
2093
2079
2104
2043
2065
2042
2084
2035
2076
2079
2121
2145
2167
2150
2176
2194
2210
2214
2184
2190
2212
2216
2211
2203
2189
2214
2210
2217
2195
2212
2211
2239
2223
2249
2203
2251
2234
2277
2253
2286
2257
2300
2251
2274
2238
2270
2233
2266
2252
2281
2259
2290
2257
2283
2242
2268
2239
2255
2224
2205
2199
2233
2214
2233
2220
2207
2239
2252
2260
2246
2257
2271
2287
2273
2267
2242
2278
2279
2264
2234
2267
2248
2309
2276
2299
2269
2323
2283
2314
2266
2280
2265
2304
2243
2258
2208
2240
2234
2255
2201
2208
2199
2241
2186
2220
2198
2219
2222
2226
2196
2212
2213
2215
2211
2179
2172
2189
2206
2189
2177
2142
2181
2161
2192
2150
2183
2176
2220
2190
2200
2133
2174
2142
2178
2141
2181
2153
2222
2190
2244
2208
2279
2253
2294
2253
2274
2264
2319
2298
2314
2277
2311
2297
2297
2279
2268
2259
2269
2267
2252
2265
2218
2270
2243
2279
2229
2262
2235
2287
2239
2269
2198
2249
2208
2238
2159
2198
2133
2174
2133
2168
2118
2164
2147
2176
2162
2168
2171
2219
2220
2238
2228
2239
2270
2256
2251
2222
2237
2247
2261
2208
2238
2180
2260
2236
2263
2205
2258
2208
2274
2203
2243
2183
2247
2201
2233
2197
2237
2218
2285
2239
2285
2250
2308
2274
2265
2233
2219
2219
2228
2207
2208
2220
2192
2227
2200
2225
2212
2240
2240
2275
2226
2260
2232
2290
2239
2279
2232
2251
2217
2264
2206
2234
2192
2245
2202
2242
2185
2208
2196
2230
2206
2211
2173
2198
2221
2226
2209
2218
2228
2238
2207
2209
2212
2219
2248
2237
2228
2231
2271
2251
2280
2254
2265
2250
2299
2255
2263
2215
2235
2200
2232
2192
2213
2200
2241
2216
2251
2204
2247
2264
2288
2250
2260
2236
2272
2235
2236
2182
2207
2191
2209
2171
2156
2151
2186
2190
2209
2187
2218
2231
2244
2238
2209
2223
2237
2232
2212
2212
2170
2217
2186
2189
2139
2177
2189
2220
2171
2198
2155
2219
2204
2234
2195
2245
2214
2258
2209
2242
2216
2276
2217
2235
2204
2210
2202
2238
2197
2215
2178
2186
2191
2163
2163
2143
2156
2165
2152
2140
2167
2147
2190
2179
2202
2176
2207
2169
2210
2133
2159
2115
2166
2122
2159
2127
2184
2151
2208
2148
2182
2153
2201
2152
2172
2133
2149
2131
2172
2122
2141
2125
2141
2141
2122
2099
2115
2124
2130
2124
2087
2104
2119
2166
2146
2149
2146
2203
2183
2233
2172
2217
2191
2241
2167
2225
2165
2227
2183
2227
2145
2205
2167
2216
2184
2208
2154
2212
2167
2190
2125
2127
2119
2122
2100
2086
2067
2079
2061
2040
2070
2063
2121
2126
2141
2104
2120
2081
2136
2078
2115
2035
2089
2046
2075
2029
2079
2022
2082
2032
2098
2045
2127
2084
2131
2082
2119
2079
2131
2095
2126
2125
2124
2133
2135
2122
2116
2109
2123
2139
2114
2123
2088
2137
2114
2125
2097
2104
2056
2121
2069
2080
2024
2071
2036
2075
2012
2041
2015
2081
2023
2059
2016
2083
2103
2141
2100
2119
2107
2165
2121
2126
2104
2111
2118
2122
2100
2105
2102
2087
2108
2082
2080
2081
2106
2089
2082
2043
2049
2034
2066
2029
2048
2050
2094
2055
2079
2019
2068
2049
2065
2000
2006
1956
1990
1971
1996
1966
1998
1972
1985
1967
1983
1969
2017
2013
2039
2020
2058
2059
2064
2046
2059
2051
2074
2059
2061
2063
2056
2091
2097
2110
2104
2098
2096
2120
2083
2096
2044
2083
2060
2085
2050
2097
2050
2103
2048
2078
2027
2078
2047
2099
2059
2084
2043
2095
2063
2092
2041
2059
2058
2090
2080
2087
2067
2092
2057
2057
2030
1995
2018
2006
1990
1977
1994
1965
2026
1988
2013
1967
2023
1982
2007
1948
1987
1963
2032
1978
2007
1960
2042
2014
2069
2013
2027
1988
2026
1935
1939
1862
1852
1831
1827
1769
1791
1787
1836
1833
1823
1840
1853
1891
1878
1872
1855
1855
1806
1829
1771
1797
1777
1819
1775
1825
1786
1843
1818
1891
1836
1891
1853
1925
1926
1963
1936
1967
1943
1989
1947
1963
1957
1958
1965
1965
1968
1965
1988
1971
2016
1986
2022
2002
2044
2013
2019
1958
1974
1933
1990
1918
1965
1916
1999
1971
2024
1981
2041
2023
2091
2032
2066
2037
2089
2059
2069
2020
2046
2026
2040
2023
1991
1988
2002
2019
2002
2006
2015
2023
2009
2037
1987
2006
2000
2063
2035
2081
2009
2062
2020
2070
2023
2071
2041
2093
2066
2096
2050
2109
2091
2107
2038
2060
2043
2082
2041
2035
1994
2041
2024
2041
2051
2051
2076
2111
2110
2115
2112
2106
2152
2143
2160
2139
2162
2155
2163
2126
2142
2077
2115
2083
2086
2048
2085
2078
2120
2079
2114
2081
2144
2112
2133
2126
2156
2146
2183
2149
2165
2118
2159
2136
2136
2115
2126
2127
2156
2139
2137
2127
2126
2157
2169
2168
2161
2177
2201
2206
2173
2178
2164
2194
2168
2180
2144
2155
2135
2171
2125
2146
2122
2175
2138
2180
2132
2147
2138
2185
2132
2159
2132
2164
2154
2185
2148
2172
2160
2195
2143
2167
2155
2170
2171
2155
2127
2165
2192
2187
2194
2157
2162
2175
2198
2180
2179
2153
2206
2188
2226
2168
2212
2193
2234
2207
2229
2164
2202
2165
2201
2136
2183
2165
2226
2202
2227
2173
2226
2200
2240
2218
2211
2192
2218
2210
2211
2178
2222
2211
2194
2203
2178
2210
2215
2235
2231
2276
2227
2291
2259
2294
2229
2275
2235
2288
2233
2268
2181
2227
2156
2180
2101
2150
2104
2147
2093
2120
2051
2120
2091
2140
2124
2121
2112
2151
2141
2152
2125
2130
2170
2167
2166
2152
2191
2185
2179
2140
2181
2120
2177
2127
2157
2098
2157
2122
2178
2102
2143
2101
2166
2120
2157
2090
2115
2099
2157
2101
2151
2118
2178
2163
2171
2160
2163
2174
2195
2172
2182
2178
2168
2225
2192
2198
2192
2249
2239
2266
2212
2239
2184
2223
2183
2219
2167
2222
2194
2233
2161
2176
2135
2194
2113
2153
2116
2158
2147
2184
2157
2192
2172
2191
2204
2198
2162
2169
2174
2178
2158
2152
2156
2151
2184
2163
2148
2129
2141
2125
2146
2086
2106
2108
2156
2137
2143
2108
2157
2141
2149
2088
2115
2102
2132
2106
2133
2102
2156
2153
2177
2135
2158
2147
2183
2166
2173
2154
2211
2208
2216
2218
2221
2226
2242
2227
2210
2198
2226
2219
2213
2217
2193
2202
2212
2207
2185
2200
2187
2256
2226
2245
2210
2257
2231
2274
2234
2255
2209
2258
2212
2215
2165
2198
2190
2225
2169
2198
2158
2215
2184
2195
2177
2186
2197
2214
2197
2218
2200
2192
2194
2171
2159
2143
2159
2157
2133
2095
2125
2099
2143
2110
2145
2098
2142
2126
2183
2124
2166
2131
2209
2164
2196
2166
2194
2170
2228
2195
2226
2187
2251
2241
2255
2220
2234
2238
2274
2247
2263
2235
2246
2284
2274
2257
2225
2230
2210
2193
2114
2128
2097
2120
2059
2063
2031
2040
1995
1996
2025
2039
2050
2029
2026
1980
2030
1984
2020
1983
2022
1997
1997
1963
1984
1889
1929
1866
1893
1824
1875
1851
1913
1884
1931
1904
1978
1952
1981
1955
1955
1973
1983
1972
1985
1978
2011
2021
1993
2009
1972
1998
1982
2003
1973
2014
1964
2034
1989
2029
1975
2045
2015
2084
2043
2092
2043
2103
2053
2091
2032
2063
2042
2090
2042
2057
1998
2035
1985
1995
1990
1982
2019
2052
2048
2046
2056
2033
2083
2027
2033
1981
2019
1979
1977
1926
1961
1915
1973
1912
1961
1923
1988
1950
2003
1964
2006
1975
2033
1970
2006
2000
2021
2007
2033
1988
2015
2006
2048
2035
2018
2011
2014
2032
2035
2013
2025
2039
2051
2073
2050
2038
2024
2036
2015
2023
1985
1999
1987
2016
1989
2018
2008
2052
2042
2068
2018
2037
2023
2048
1977
2010
1979
2006
1979
1990
1946
1967
1946
1960
1938
1932
1888
1908
1898
1912
1866
1864
1847
1855
1838
1800
1755
1770
1785
1793
1807
1792
1815
1833
1863
1864
1873
1874
1922
1903
1935
1896
1938
1920
1909
1886
1929
1890
1967
1948
1990
1950
2000
1973
2036
1980
2001
1964
2022
1985
2013
1996
2015
2020
2049
2011
2026
1998
2030
2001
1970
1959
1920
1918
1922
1908
1914
1943
1922
1989
1962
2016
2001
2066
2051
2101
2051
2078
2031
2091
2040
2062
1996
2029
1992
2020
1947
1971
1923
1957
1894
1904
1880
1889
1893
1952
1926
1936
1907
1903
1922
1911
1909
1904
1941
1970
1980
1978
2016
2008
2066
2032
2033
1976
1997
1927
1959
1871
1893
1827
1884
1822
1853
1810
1857
1826
1873
1806
1859
1839
1913
1905
1931
1904
1957
1965
2019
1989
2016
2006
2030
2044
2004
2000
2006
2033
2027
2049
1992
2023
2001
2035
1996
2044
2039
2100
2050
2079
2016
2064
2012
2059
1983
2028
1970
2021
1965
1981
1905
1936
1874
1877
1835
1847
1774
1796
1755
1783
1773
1791
1830
1860
1866
1843
1823
1821
1820
1791
1796
1746
1799
1803
1851
1855
1903
1885
1953
1921
1963
1909
1967
1951
1986
1967
1991
1959
2031
2008
2045
2007
2075
2063
2111
2074
2087
2055
2120
2096
2117
2091
2076
2095
2107
2083
2083
2088
2123
2136
2128
2122
2084
2103
2111
2114
2093
2105
2106
2148
2125
2152
2152
2202
2195
2216
2166
2194
2186
2239
2212
2234
2206
2256
2246
2275
2238
2261
2233
2268
2211
2255
2220
2249
2228
2244
2205
2233
2201
2215
2207
2202
2164
2170
2148
2149
2111
2135
2128
2136
2150
2150
2156
2176
2199
2195
2208
2170
2167
2150
2159
2116
2100
2044
2093
2051
2076
2025
2066
2046
2111
2081
2141
2107
2199
2168
2206
2144
2199
2170
2215
2141
2154
2094
2157
2110
2135
2110
2102
2087
2109
2081
2085
2055
2098
2084
2070
2069
2051
2087
2084
2092
2078
2112
2095
2174
2119
2183
2155
2210
2194
2236
2170
2198
2149
2217
2148
2184
2107
2147
2109
2159
2106
2153
2111
2180
2127
2165
2132
2145
2139
2173
2119
2115
2074
2056
2070
2033
2024
2004
2009
1994
1977
1949
1974
1931
1970
1932
1965
1939
1997
1959
2010
1956
2009
1959
2022
1956
1994
1927
1943
1902
1941
1884
1921
1877
1933
1882
1883
1858
1845
1842
1873
1858
1865
1883
1883
1920
1896
1912
1910
1950
1940
1950
1902
1918
1901
1948
1900
1902
1878
1934
1914
1950
1887
1935
1932
1985
1947
2007
1969
2025
2004
2040
1983
1996
1972
2010
1994
2007
1963
2009
1987
2003
1965
1978
1983
2016
1998
1982
1971
2007
2009
2015
2014
1983
1991
2018
2020
1996
1999
1985
2018
2011
2004
1976
1996
2001
2020
1999
2011
1968
2003
1958
1973
1929
1967
1919
1950
1889
1892
1853
1901
1864
1901
1904
1929
1907
1975
1944
1981
1937
1998
1961
1982
1956
1971
1971
2017
1994
2034
2037
2036
2045
2048
2034
2019
2019
2026
2018
1984
1989
1965
2003
1977
1989
1959
2007
1976
2059
2005
2045
1986
2056
2000
2049
1999
2048
2011
2057
1983
2012
1949
1981
1959
1969
1917
1952
1926
1978
1922
1957
1930
1955
1959
1953
1898
1883
1853
1817
1804
1745
1734
1708
1728
1697
1694
1672
1741
1743
1793
1732
1783
1762
1808
1787
1826
1768
1831
1790
1838
1768
1819
1767
1828
1782
1807
1742
1788
1759
1800
1757
1757
1709
1737
1709
1731
1697
1743
1735
1747
1770
1753
1740
1744
1729
1711
1715
1657
1705
1691
1711
1680
1711
1714
1754
1732
1773
1731
1788
1769
1793
1756
1806
1765
1842
1801
1843
1784
1846
1822
1885
1873
1885
1855
1903
1865
1875
1829
1837
1850
1881
1849
1865
1863
1907
1885
1896
1894
1887
1924
1931
1913
1910
1935
1935
1959
1932
1939
1931
1971
1971
1976
1961
1996
2001
2041
2023
2026
2001
2037
1997
2003
1927
1949
1921
1958
1902
1931
1930
1964
1945
1956
1932
1979
1977
2020
2019
2044
2019
2079
2085
2113
2070
2076
2048
2079
2067
2077
2043
2074
2063
2078
2049
2031
2011
2006
2003
1977
1953
1961
1987
1972
1986
1954
1998
2005
2048
2023
2072
2011
2056
2031
2066
1994
2034
1997
2043
1990
2029
1971
2034
1997
2030
1967
2021
1997
2044
1997
2018
1957
2036
2014
2051
2028
2023
2038
2062
2036
2052
2031
2037
2096
2071
2074
2041
2080
2074
2071
2023
2050
2006
2070
2041
2080
2043
2095
2044
2112
2038
2062
2006
2065
1970
1982
1921
1944
1910
1936
1878
1911
1868
1917
1888
1891
1855
1872
1871
1903
1852
1866
1858
1856
1883
1877
1869
1873
1893
1899
1910
1900
1925
1930
1978
1963
1979
1968
1998
1996
2039
1997
2002
1990
2033
2007
2042
1998
2029
2003
2051
2024
2056
2031
2080
2046
2057
2020
2057
2063
2088
2047
2059
2023
2063
2026
2034
1989
1999
1990
2026
2015
2012
1990
2017
2018
2027
1989
1991
2015
2030
2025
2010
1991
2022
2015
1991
1997
1964
1988
1998
2005
1983
1991
1994
2061
2040
2065
2035
2110
2100
2126
2094
2126
2093
2155
2107
2143
2102
2178
2160
2222
2162
2211
2169
2235
2179
2211
2158
2164
2145
2158
2108
2119
2095
2145
2118
2110
2104
2104
2112
2120
2110
2106
2108
2094
2137
2121
2169
2137
2191
2165
2216
2149
2176
2112
2176
2136
2178
2106
2171
2134
2195
2143
2194
2151
2239
2198
2259
2214
2249
2244
2294
2227
2244
2208
2233
2248
2263
2252
2239
2246
2263
2233
2207
2212
2183
2211
2182
2172
2141
2167
2112
2151
2081
2118
2106
2157
2103
2131
2098
2147
2100
2146
2071
2117
2081
2130
2095
2135
2083
2127
2102
2135
2089
2132
2112
2165
2154
2179
2154
2190
2183
2207
2202
2188
2180
2218
2216
2210
2203
2231
2235
2246
2261
2255
2266
2274
2270
2278
2285
2254
2268
2245
2243
2211
2226
2235
2261
2222
2237
2201
2256
2236
2255
2230
2261
2235
2280
2249
2270
2221
2285
2265
2306
2272
2305
2268
2326
2288
2316
2274
2313
2297
2345
2297
2332
2306
2379
2340
2365
2336
2338
2344
2372
2333
2333
2319
2330
2340
2310
2303
2305
2323
2307
2297
2300
2313
2299
2359
2327
2352
2327
2355
2296
2341
2272
2316
2286
2348
2285
2330
2295
2356
2313
2364
2288
2333
2306
2358
2329
2353
2309
2376
2342
2368
2294
2314
2288
2302
2248
2247
2218
2257
2239
2260
2270
2241
2256
2259
2274
2246
2256
2274
2291
2279
2316
2292
2324
2301
2319
2291
2322
2251
2316
2252
2279
2222
2269
2233
2277
2233
2262
2200
2260
2233
2276
2210
2257
2212
2245
2206
2213
2177
2222
2197
2226
2217
2231
2230
2289
2270
2300
2277
2289
2328
2330
2305
2286
2285
2293
2256
2230
2219
2191
2210
2185
2191
2158
2169
2152
2167
2128
2126
2106
2130
2105
2091
2065
2101
2083
2120
2081
2111
2096
2143
2144
2191
2151
2194
2204
2251
2199
2238
2216
2276
2254
2274
2210
2233
2214
2252
2210
2221
2180
2209
2183
2198
2153
2189
2152
2178
2148
2155
2139
2183
2174
2207
2204
2196
2213
2227
2226
2215
2207
2223
2243
2218
2227
2174
2196
2181
2191
2131
2163
2119
2189
2169
2219
2164
2228
2189
2228
2160
2176
2109
2179
2127
2167
2105
2168
2141
2192
2129
2165
2100
2167
2102
2127
2103
2109
2093
2115
2079
2106
2102
2130
2168
2149
2146
2131
2171
2181
2182
2173
2187
2178
2234
2205
2229
2200
2249
2215
2268
2202
2221
2179
2232
2171
2199
2151
2189
2154
2207
2173
2217
2178
2232
2204
2192
2151
2164
2142
2146
2091
2106
2080
2104
2101
2113
2107
2126
2124
2154
2156
2160
2150
2177
2180
2193
2178
2189
2174
2172
2172
2155
2154
2169
2164
2153
2167
2135
2149
2148
2134
2093
2135
2152
2160
2146
2118
2119
2138
2140
2137
2127
2115
2177
2171
2169
2140
2183
2181
2178
2152
2174
2126
2183
2126
2161
2111
2171
2124
2182
2105
2132
2073
2146
2092
2135
2091
2117
2103
2149
2083
2116
2078
2139
2123
2145
2111
2157
2158
2213
2172
2208
2179
2188
2202
2181
2181
2191
2190
2180
2182
2129
2147
2143
2170
2129
2149
2136
2159
2123
2174
2127
2156
2121
2186
2136
2191
2119
2181
2156
2223
2168
2217
2177
2230
2188
2225
2151
2210
2184
2212
2149
2183
2152
2186
2178
2216
2197
2213
2214
2214
2226
2186
2161
2150
2155
2116
2087
2046
2083
2072
2102
2067
2100
2104
2144
2107
2139
2102
2151
2144
2175
2121
2132
2102
2160
2126
2142
2100
2148
2131
2150
2113
2115
2075
2122
2089
2090
2053
2097
2061
2090
2067
2085
2058
2095
2056
2065
2015
2012
2024
2059
2040
2064
2052
2112
2107
2111
2092
2094
2107
2129
2100
2121
2118
2102
2132
2120
2132
2131
2167
2164
2174
2118
2135
2108
2167
2130
2136
2105
2171
2143
2184
2126
2159
2116
2158
2091
2160
2084
2112
2074
2125
2051
2107
2059
2119
2089
2118
2054
2093
2069
2118
2054
2089
2067
2108
2119
2142
2130
2151
2147
2147
2166
2150
2155
2160
2180
2156
2148
2119
2175
2166
2205
2162
2188
2178
2217
2163
2187
2097
2142
2108
2152
2102
2124
2074
2138
2098
2134
2069
2125
2106
2140
2111
2131
2112
2164
2149
2177
2140
2195
2186
2210
2169
2183
2162
2199
2166
2167
2151
2135
2152
2165
2146
2139
2129
2158
2147
2130
2133
2121
2143
2140
2130
2135
2143
2128
2165
2129
2153
2138
2163
2142
2157
2125
2158
2132
2175
2137
2137
2108
2140
2119
2155
2123
2142
2105
2148
2101
2126
2075
2111
2081
2140
2112
2156
2117
2177
2172
2191
2151
2185
2170
2221
2180
2213
2186
2214
2210
2226
2201
2230
2220
2218
2225
2213
2206
2229
2228
2219
2208
2190
2231
2211
2231
2202
2209
2206
2238
2195
2230
2166
2228
2199
2218
2147
2173
2127
2185
2126
2163
2103
2176
2140
2179
2130
2166
2120
2185
2134
2179
2117
2186
2141
2172
2129
2169
2146
2192
2156
2191
2168
2142
2149
2150
2145
2144
2152
2172
2197
2166
2193
2179
2226
2212
2222
2201
2211
2168
2201
2151
2176
2136
2191
2155
2202
2158
2198
2166
2245
2187
2223
2171
2215
2186
2214
2160
2167
2133
2182
2133
2206
2181
2213
2202
2223
2169
2189
2171
2200
2186
2210
2178
2223
2208
2219
2179
2186
2169
2187
2141
2136
2098
2141
2102
2111
2094
2100
2131
2176
2171
2162
2154
2161
2174
2153
2119
2094
2098
2110
2095
2088
2096
2072
2108
2107
2108
2078
2100
2053
2100
2056
2078
2047
2073
2032
2044
2002
2032
1996
2044
1988
2035
2011
2068
2033
2076
2019
2071
2053
2102
2040
2086
2033
2070
2036
2077
2030
2081
2053
2088
2069
2076
2043
2067
2055
2066
2041
2066
2023
2021
2027
1990
1989
1984
1995
1993
2003
1944
1990
1970
2012
1958
1989
1948
1984
1945
1977
1923
1993
1961
2012
1952
2007
1951
2003
1970
2002
1934
1986
1960
2007
1970
1975
1943
2004
1997
2020
1974
1986
1986
1999
1989
1990
1975
2002
1993
2004
2020
2007
2031
2021
2010
1975
1966
1941
1961
1907
1891
1846
1859
1842
1833
1794
1841
1836
1902
1906
1962
1963
2014
2002
2062
2035
2065
2034
2075
2043
2082
2067
2085
2070
2104
2068
2075
2053
2107
2089
2111
2073
2094
2091
2143
2111
2143
2117
2142
2142
2140
2102
2106
2101
2119
2110
2101
2091
2103
2132
2151
2148
2144
2163
2157
2215
2157
2186
2163
2191
2159
2191
2123
2139
2100
2155
2086
2105
2060
2118
2103
2156
2088
2127
2111
2180
2118
2181
2137
2197
2168
2203
2129
2159
2109
2129
2105
2111
2062
2088
2070
2080
2018
2031
2042
2047
2049
2048
2047
2072
2097
2098
2130
2094
2131
2130
2149
2112
2125
2072
2137
2076
2110
2041
2083
2048
2081
2028
2090
2047
2126
2077
2127
2061
2141
2090
2138
2065
2088
2023
2081
2041
2071
2037
2059
2051
2076
2039
2061
2021
2063
2034
2026
2012
1986
1988
1997
1989
1992
1999
1986
2009
1986
1997
1975
2008
2020
2040
2018
2033
2032
2079
2084
2099
2085
2103
2093
2125
2068
2062
2020
2049
2009
2043
1995
1995
1982
2005
1970
1981
1973
2007
1988
2017
1988
2024
2015
2056
2007
2033
1984
2034
2004
2044
1984
2017
1994
2005
1976
1991
1974
2013
2004
2023
1994
2005
2018
2038
2027
2015
2003
2020
2012
1988
2003
1969
2002
1990
1988
1970
1983
1929
2001
1972
2006
1945
1988
1962
1986
1937
1992
1951
2030
1987
2052
1993
2070
2029
2075
2012
2049
1993
2046
1985
2039
1981
2007
1993
2032
1986
2000
1946
2003
1984
2011
2004
1996
2015
2043
2018
1998
1989
1954
1994
1983
1984
1960
2006
2008
2035
5835
1871
1854
1847
1845
1831
1825
1813
1816
1809
1834
1853
1855
1841
1849
1859
1853
1852
1858
1851
1825
1791
1775
1742
1724
1739
1745
1755
1760
1768
1787
1810
1827
1845
1861
1847
1843
1859
1871
1899
1917
1934
1925
1895
1883
1876
1865
1860
1835
1809
1799
1817
1831
1851
1866
1886
1883
1876
1864
1857
1838
1827
1828
1828
1823
1831
1827
1835
1831
1833
1843
1845
1813
1806
1791
1798
1793
1779
1784
1787
1789
1785
1783
1790
1795
1810
1821
1838
1859
1866
1879
1922
1958
1990
2010
2028
2038
2051
2052
2064
2063
2070
2074
2075
2064
2065
2065
2065
2055
2051
2048
2039
2045
2036
2012
1979
1957
1932
1923
1908
1898
1885
1869
1856
1862
1864
1857
1860
1861
1859
1876
1895
1925
1944
1967
1996
2019
2052
2069
2084
2096
2088
2079
2074
2063
2068
2066
2075
2065
2062
2051
2023
2001
1980
1963
1943
1939
1952
1974
1979
1983
1977
2000
2007
2025
2028
2060
2071
2068
2054
2051
2043
2036
2027
2015
2020
2006
2001
2018
2046
2037
2045
2052
2041
2033
2050
2069
2093
2107
2112
2133
2168
2168
2168
2166
2162
2154
2153
2156
2157
2153
2122
2112
2103
2099
2089
2076
2055
2048
2036
2019
1989
1984
1983
1969
1991
1993
2007
2022
2032
2042
2042
2026
2043
2056
2045
2052
2057
2059
2061
2064
2080
2076
2072
2069
2082
2090
2092
2093
2102
2111
2123
2130
2143
2151
2158
2165
2182
2190
2195
2204
2213
2217
2224
2221
2216
2214
2206
2202
2194
2178
2178
2184
2191
2183
2160
2158
2149
2151
2147
2158
2169
2174
2174
2171
2176
2174
2155
2143
2133
2118
2109
2100
2103
2097
2094
2088
2092
2099
2109
2137
2148
2150
2141
2150
2131
2102
2094
2108
2100
2104
2115
2121
2138
2147
2143
2145
2147
2148
2150
2149
2134
2118
2105
2085
2097
2112
2119
2127
2135
2146
2150
2158
2199
2229
2249
2260
2262
2252
2246
2252
2243
2235
2235
2223
2228
2229
2230
2222
2224
2238
2257
2242
2242
2228
2212
2200
2186
2160
2147
2131
2133
2124
2126
2118
2122
2133
2150
2166
2171
2185
2195
2201
2219
2214
2215
2222
2228
2229
2230
2217
2202
2198
2208
2215
2195
2187
2175
2172
2160
2136
2126
2118
2107
2102
2106
2116
2117
2138
2142
2148
2146
2146
2153
2168
2174
2180
2198
2227
2237
2254
2270
2285
2296
2304
2303
2323
2340
2353
2357
2356
2352
2352
2360
2350
2335
2322
2314
2300
2283
2274
2271
2261
2248
2242
2237
2215
2216
2229
2239
2251
2259
2264
2276
2284
2289
2281
2286
2289
2284
2281
2280
2287
2299
2295
2281
2259
2268
2281
2292
2295
2303
2313
2318
2326
2328
2319
2325
2330
2323
2322
2308
2308
2320
2325
2322
2294
2286
2292
2282
2282
2277
2265
2271
2272
2285
2299
2303
2312
2312
2306
2304
2314
2301
2296
2308
2311
2309
2305
2295
2289
2286
2285
2284
2280
2275
2259
2256
2247
2256
2266
2260
2268
2270
2279
2294
2295
2300
2300
2294
2303
2311
2317
2305
2288
2282
2295
2308
2301
2294
2305
2297
2296
2302
2297
2290
2289
2301
2309
2318
2315
2311
2307
2288
2282
2282
2276
2268
2275
2273
2272
2284
2288
2270
2266
2257
2240
2226
2216
2207
2187
2191
2199
2207
2216
2230
2238
2245
2256
2244
2244
2243
2233
2222
2224
2221
2205
2165
2146
2138
2124
2118
2126
2116
2123
2141
2165
2192
2197
2223
2239
2260
2255
2270
2280
2283
2271
2259
2239
2242
2223
2207
2194
2198
2188
2190
2186
2184
2179
2176
2173
2174
2171
2153
2143
2138
2136
2127
2130
2136
2153
2158
2187
2195
2206
2207
2218
2219
2225
2254
2258
2251
2262
2254
2259
2259
2244
2230
2230
2222
2205
2197
2109
2088
2085
2107
2124
2133
2126
2130
2144
2152
2146
2128
2110
2116
2114
2102
2090
2097
2105
2101
2109
2104
2102
2086
2073
2066
2055
2052
2047
2033
2040
2035
2034
2032
2028
2044
2052
2063
2059
2056
2053
2054
2062
2068
2080
2062
2044
2031
2025
1993
1984
1976
1975
1972
1985
1999
2012
2029
2043
2056
2066
2061
2051
2046
2027
2003
1988
1972
1947
1923
1893
1871
1860
1856
1859
1871
1881
1899
1922
1942
1941
1941
1930
1913
1903
1907
1913
1928
1938
1938
1950
1964
1991
2005
2005
2013
2011
2004
2011
2032
2049
2063
2074
2071
2069
2073
2090
2096
2088
2070
2063
2051
2041
2019
2013
2005
2015
2000
2005
2000
1988
1983
1974
1959
1960
1966
1961
1969
1976
1966
1969
1990
2006
2014
2026
2030
2040
2049
2052
2051
2054
2036
2018
2015
2011
1994
1979
1981
1997
2004
2015
2011
2026
2025
2038
2044
2067
2077
2080
2078
2084
2091
2083
2103
2102
2106
2118
2124
2122
2123
2118
2115
2098
2080
2075
2062
2064
2057
2054
2041
2051
2074
2086
2090
2093
2099
2104
2084
2047
2024
1991
1948
1915
1906
1903
1906
1928
1928
1934
1955
1974
1990
1995
2014
2030
2017
2012
2018
2004
2004
2007
2009
2009
2009
2017
2033
2032
2036
2049
2065
2091
2104
2123
2127
2132
2143
2153
2144
2146
2138
2120
2110
2097
2078
2080
2069
2072
2072
2082
2077
2085
2089
2107
2118
2129
2145
2155
2166
2165
2171
2187
2187
2185
2182
2183
2191
2199
2206
2205
2201
2187
2174
2162
2149
2148
2134
2126
2119
2116
2134
2161
2183
2207
2230
2238
2241
2239
2228
2207
2174
2159
2152
2146
2134
2141
2128
2135
2128
2116
2096
2098
2079
2068
2049
2034
2022
2025
2024
2039
2048
2057
2050
2066
2079
2090
2071
2075
2073
2068
2054
2058
2065
2068
2082
2094
2116
2130
2134
2141
2138
2127
2134
2117
2114
2105
2115
2127
2150
2156
2157
2160
2163
2158
2151
2138
2119
2096
2090
2083
2057
2051
2059
2063
2082
2090
2086
2075
2084
2104
2113
2116
2125
2131
2133
2129
2125
2121
2119
2114
2104
2099
2105
2107
2116
2114
2107
2101
2098
2098
2100
2120
2135
2135
2133
2120
2102
2089
2062
2045
2015
1992
1984
1974
1969
1950
1959
1961
1947
1949
1942
1942
1926
1918
1911
1915
1937
1958
1975
1977
2001
2028
2028
2031
2044
2059
2073
2068
2061
2073
2068
2042
2020
1987
1954
1934
1896
1882
1879
1886
1901
1905
1935
1945
1962
1964
1975
1969
1977
1978
1981
1978
1974
1985
2001
2015
2036
2043
2038
2055
2063
2056
2043
2030
2004
1982
1962
1939
1919
1912
1915
1906
1907
1918
1917
1923
1948
1960
1961
1975
1996
1995
1990
1991
1986
1977
1973
1963
1951
1938
1922
1938
1942
1950
1946
1963
1980
1974
1955
1953
1928
1912
1896
1883
1877
1882
1891
1899
1919
1931
1952
1978
2015
2028
2040
2051
2054
2051
2060
2052
2049
2040
2027
2020
2010
2035
2053
2045
2063
2058
2064
2054
2083
2073
2080
2061
2080
2094
2099
2096
2098
2099
2100
2094
2103
2100
2105
2107
2111
2112
2104
2105
2099
2096
2103
2104
2109
2112
2140
2135
2129
2129
2127
2124
2119
2114
2125
2132
2140
2150
2172
2198
2219
2240
2221
2202
2198
2186
2186
2180
2175
2171
2177
2171
2163
2161
2160
2157
2156
2156
2152
2155
2166
2162
2166
2171
2188
2191
2197
2187
2206
2213
2208
2187
2162
2149
2125
2099
2066
2034
2001
1991
1995
2007
2022
2036
2078
2083
2089
2082
2076
2065
2065
2069
2085
2088
2077
2075
2084
2086
2075
2069
2073
2076
2067
2040
2027
2011
2007
1982
1978
1968
1964
1954
1962
1963
1973
1976
1972
1981
1967
1940
1912
1908
1907
1917
1919
1927
1915
1925
1915
1911
1919
1926
1945
1943
1951
1984
2007
2019
2003
1976
1964
1960
1966
1975
1968
1957
1950
1972
1967
1982
1978
1963
1945
1935
1922
1918
1916
1922
1931
1942
1954
1950
1969
1968
1957
1959
1958
1947
1946
1963
1971
1962
1973
1976
1988
1982
1987
1970
1981
1973
1976
1951
1953
1956
1963
1949
1951
1948
1943
1932
1913
1905
1893
1880
1860
1849
1843
1841
1839
1833
1855
1879
1906
1909
1917
1910
1908
1912
1901
1899
1885
1888
1903
1904
1913
1923
1944
1964
1976
1974
1979
1984
1982
1983
1973
1967
1965
1966
1959
1970
1965
1966
1959
1953
1941
1928
1919
1928
1932
1933
1945
1960
1964
1968
1983
1985
1982
1993
1990
1975
1950
1924
1897
1878
1871
1858
1869
1873
1885
1898
1921
1925
1939
1949
1949
1927
1909
1896
1880
1872
1851
1836
1819
1812
1814
1798
1778
1759
1748
1742
1748
1746
1733
1711
1689
1679
1663
1668
1678
1693
1704
1740
1773
1804
1844
1861
1877
1888
1898
1911
1901
1905
1918
1944
1957
1968
1992
2014
2023
2019
2014
2002
1993
1969
1955
1933
1904
1875
1879
1889
1898
1892
1897
1898
1884
1887
1883
1904
1888
1869
1854
1851
1846
1845
1836
1825
1830
1822
1838
1861
1882
1893
1912
1916
1921
1923
1917
1923
1908
1882
1858
1847
1840
1838
1848
1860
1894
1910
1928
1942
1975
1982
1966
1944
1924
1905
1889
1869
1868
1860
1864
1884
1921
1951
1971
1987
1998
1996
2004
2006
2027
2041
2040
2053
2062
2071
2036
2026
2006
1985
1987
1986
1991
1999
2024
2056
2067
2083
2078
2063
2061
2064
2059
2060
2035
2036
2029
2035
2037
2065
2069
2090
2107
2110
2102
2096
2087
2075
2067
2053
2026
2007
2006
2000
1994
1979
1970
1967
1975
1970
1955
1937
1940
1935
1929
1921
1929
1934
1931
1925
1935
1953
1971
1982
2000
2022
2033
2040
2033
2034
2027
2003
1977
1970
1938
1909
1894
1898
1902
1918
1956
1990
2001
2024
2016
2008
1986
1953
1928
1913
1900
1884
1865
1875
1880
1891
1898
1925
1941
1945
1943
1950
1963
1958
1962
1958
1943
1952
1962
1986
1981
1971
1986
1993
2002
1993
1989
1981
1969
1967
1973
1960
1954
1952
1956
1963
1958
1938
1923
1922
1931
1933
1944
1946
1947
1946
1948
1949
1958
1959
1957
1954
1954
1963
1957
1966
1968
1967
1958
1935
1923
1919
1918
1932
1942
1966
1978
1976
1977
1967
1959
1944
1931
1923
1923
1933
1924
1933
1934
1934
1928
1929
1934
1930
1951
1966
1973
1982
1979
1966
1956
1942
1925
1914
1897
1884
1873
1887
1914
1948
1979
1997
2023
2024
2029
2033
2039
2043
2035
2025
2002
1988
1983
1956
1940
1905
1887
1869
1852
1862
1861
1867
1878
1896
1891
1893
1905
1903
1894
1893
1899
1896
1904
1907
1901
1895
1911
1917
1912
1898
1881
1866
1875
1883
1891
1892
1889
1888
1888
1896
1886
1886
1885
1867
1874
1876
1881
1886
1910
1916
1927
1925
1942
1937
1916
1891
1865
1848
1835
1817
1809
1803
1811
1818
1821
1830
1835
1843
1856
1885
1911
1926
1944
1952
1969
1977
1980
1998
1979
1979
1979
1983
1989
2013
2026
2029
2030
2043
2032
2017
1992
1956
1916
1881
1863
1846
1832
1835
1856
1855
1876
1906
1933
1941
1967
1966
1966
1957
1976
1981
1981
1997
2039
2062
2085
2069
2045
2026
1986
1954
1930
1906
1884
1875
1882
1889
1907
1937
1964
1979
1986
2001
2015
2022
2010
2006
1981
1969
1960
1956
1951
1959
1962
1984
2012
2040
2043
2044
2051
2068
2063
2074
2095
2126
2150
2156
2156
2157
2151
2135
2133
2128
2104
2077
2064
2058
2047
2042
2045
2053
2062
2074
2071
2067
2064
2043
2043
2022
2010
2010
1996
1984
1986
1973
1966
1974
1962
1943
1924
1921
1907
1898
1905
1907
1910
1920
1947
1957
1966
1977
1961
1943
1938
1951
1953
1941
1924
1924
1910
1916
1920
1930
1937
1941
1942
1932
1952
1951
1961
1970
1996
2005
1997
1998
1994
1991
1979
1979
1991
1976
1975
1978
1975
1957
1935
1915
1901
1895
1894
1906
1923
1947
1961
1981
1996
1989
1986
1978
1964
1972
1941
1926
1902
1901
1907
1943
1972
1988
2017
2031
2073
2104
2116
2144
2162
2166
2177
2183
2176
2188
2192
2195
2186
2163
2151
2133
2138
2127
2130
2113
2076
2068
2081
2094
2114
2117
2129
2133
2136
2127
2126
2120
2115
2115
2128
2140
2142
2133
2127
2135
2146
2143
2134
2123
2116
2110
2100
2110
2105
2108
2117
2118
2132
2139
2140
2143
2141
2148
2134
2121
2121
2122
2105
2101
2094
2110
2121
2133
2125
2120
2113
2110
2091
2091
2074
2073
2065
2045
2024
2012
2004
2005
2001
2015
2037
2039
2051
2073
2093
2114
2144
2164
2179
2185
2182
2181
2180
2185
2190
2177
2162
2150
2145
2126
2110
2090
2073
2060
2007
2005
2013
2048
2076
2079
2083
2087
2103
2106
2112
2111
2100
2089
2088
2100
2087
2090
2078
2076
2064
2048
2033
2040
2069
2078
2077
2092
2108
2120
2130
2151
2170
2190
2194
2187
2194
2211
2223
2214
2211
2205
2197
2196
2195
2200
2192
2194
2191
2197
2186
2178
2170
2162
2166
2179
2180
2183
2188
2192
2186
2171
2166
2161
2147
2142
2130
2135
2137
2143
2136
2135
2126
2125
2105
2103
2095
2075
2064
2057
2034
2021
1995
1990
2007
2020
2027
2020
2032
2035
2043
2044
2044
2049
2057
2067
2069
2076
2103
2137
2144
2156
2169
2182
2193
2202
2197
2197
2182
2183
2183
2178
2168
2170
2171
2180
2160
2143
2117
2105
2076
2063
2055
2046
2045
2069
2082
2086
2094
2083
2072
2060
2050
2034
2030
2036
2036
2032
2029
2021
2035
2029
2029
2021
2027
2031
2049
2053
2043
2038
2032
2024
2026
2025
2026
2028
2044
2068
2088
2111
2116
2123
2124
2120
2113
2101
2087
2066
2037
2037
2033
2027
2035
2054
2055
2067
2093
2126
2144
2152
2152
2163
2144
2128
2109
2109
2103
2096
2072
2065
2049
2054
2062
2068
2070
2071
2063
2064
2075
2078
2083
2082
2095
2111
2123
2137
2151
2149
2140
2125
2125
2110
2117
2098
2081
2066
2057
2049
2033
2015
2007
1994
1993
2012
2020
2027
2046
2046
2052
2055
2058
2070
2068
2078
2065
2039
2040
2046
2051
2071
2050
2038
2009
1979
1948
1948
1921
1921
1926
1937
1947
1993
2013
2041
2039
2057
2055
2069
2078
2097
2093
2101
2085
2074
2066
2061
2042
2054
2044
2038
2053
2058
2058
2048
2059
2064
2060
2061
2066
2056
2059
2069
2077
2112
2137
2160
2183
2185
2209
2214
2219
2218
2229
2237
2236
2223
2227
2238
2246
2247
2245
2242
2244
2238
2246
2243
2247
2249
2267
2280
2285
2292
2310
2303
2320
2311
2314
2302
2304
2288
2280
2269
2260
2258
2259
2259
2270
2282
2280
2285
2272
2272
2268
2258
2258
2256
2264
2269
2268
2265
2267
2277
2292
2302
2316
2332
2332
2320
2320
2315
2299
2291
2279
2291
2295
2315
2325
2311
2321
2339
2352
2360
2345
2344
2337
2340
2339
2326
2300
2289
2270
2255
2247
2233
2223
2217
2234
2251
2257
2256
2263
2250
2243
2240
2223
2230
2220
2217
2216
2216
2217
2194
2191
2205
2203
2213
2219
2207
2206
2215
2211
2204
2213
2202
2198
2194
2216
2213
2212
2205
2206
2215
2197
2216
2224
2239
2268
2284
2286
2293
2303
2314
2331
2340
2346
2356
2347
2336
2331
2321
2302
2301
2286
2283
2280
2289
2298
2303
2296
2294
2282
2291
2286
2277
2262
2267
2250
2239
2211
2178
2167
2151
2147
2131
2115
2110
2105
2116
2130
2149
2177
2194
2215
2226
2238
2254
2282
2285
2284
2285
2281
2289
2278
2264
2245
2229
2235
2215
2208
2213
2227
2230
2228
2228
2233
2217
2222
2216
2210
2211
2208
2226
2237
2243
2250
2250
2255
2276
2278
2273
2272
2274
2252
2244
2223
2214
2209
2216
2215
2222
2220
2230
2241
2246
2254
2273
2275
2283
2280
2272
2263
2264
2272
2270
2277
2266
2247
2225
2217
2204
2191
2183
2183
2190
2190
2198
2206
2209
2200
2206
2210
2223
2234
2239
2234
2220
2208
2201
2186
2195
2195
2210
2218
2232
2250
2285
2290
2280
2261
2253
2252
2258
2250
2254
2248
2237
2230
2220
2243
2254
2272
2281
2286
2294
2311
2322
2335
2330
2316
2311
2310
2301
2289
2265
2257
2246
2216
2191
2194
2186
2188
2193
2197
2210
2221
2236
2235
2256
2251
2248
2239
2235
2229
2224
2217
2202
2198
2186
2176
2188
2183
2188
2198
2218
2217
2216
2231
2227
2225
2234
2240
2243
2245
2254
2250
2252
2253
2251
2240
2237
2227
2213
2231
2234
2229
2212
2213
2186
2174
2169
2160
2136
2136
2141
2152
2153
2155
2155
2173
2155
2146
2139
2142
2131
2131
2122
2136
2127
2134
2134
2149
2162
2161
2155
2151
2149
2141
2138
2146
2143
2139
2126
2119
2116
2115
2129
2122
2124
2116
2116
2122
2124
2118
2123
2110
2128
2135
2135
2143
2154
2159
2183
2197
2202
2210
2215
2204
2220
2213
2201
2199
2201
2191
2175
2163
2169
2170
2169
2166
2174
2194
2195
2221
2210
2197
2172
2156
2158
2146
2134
2115
2100
2091
2069
2074
2081
2104
2122
2146
2164
2174
2180
2179
2178
2181
2152
2120
2101
2090
2078
2066
2056
2050
2055
2074
2097
2106
2116
2116
2129
2132
2128
2122
2125
2118
2130
2130
2139
2137
2134
2119
2127
2114
2116
2112
2120
2128
2128
2117
2115
2110
2114
2104
2094
2080
2057
2056
2054
2046
2035
2031
2028
2022
2017
2021
2036
2051
2074
2076
2091
2097
2085
2099
2114
2110
2108
2111
2109
2111
2099
2084
2071
2072
2056
2063
2040
2031
2022
2040
2041
2033
2030
2044
2053
2042
2039
2036
2045
2045
2043
2065
2064
2044
2035
2025
2010
1986
1966
1949
1943
1944
1941
1952
1949
1947
1959
1969
1975
1984
1987
2005
2026
2048
2055
2068
2071
2079
2082
2095
2091
2074
2081
2078
2072
2063
2061
2068
2076
2072
2079
2072
2071
2054
2050
2070
2079
2071
2078
2069
2067
2052
2057
2049
2044
2055
2069
2061
2072
2071
2071
2081
2086
2073
2060
2051
2039
2034
2032
2043
2048
2051
2030
2029
2015
2001
1977
1970
1966
1959
1943
1944
1959
1983
1990
1979
1963
1956
1947
1956
1974
1985
1983
2002
2012
2022
2020
2017
2019
2014
2000
1947
1911
1876
1841
1803
1768
1729
1721
1697
1700
1707
1723
1741
1764
1786
1829
1843
1839
1832
1827
1801
1782
1765
1749
1730
1726
1725
1748
1773
1807
1838
1851
1885
1910
1944
1949
1965
1989
1971
1980
1976
1985
1987
1983
1985
1984
1993
1982
1978
1984
1981
1977
1965
1966
1972
1961
1956
1943
1927
1923
1923
1919
1913
1908
1937
1949
1955
1983
2007
2012
2031
2046
2054
2048
2048
2041
2037
2034
2032
2029
2011
2025
2036
2046
2040
2043
2037
2027
2004
1995
1981
1975
1973
1968
1979
1983
2004
2014
2022
2024
2044
2047
2059
2067
2059
2062
2066
2059
2051
2054
2039
2028
2012
2006
2026
2019
2027
2029
2026
2026
2019
2024
2037
2038
2057
2075
2094
2109
2130
2127
2121
2124
2138
2148
2167
2177
2194
2185
2179
2162
2150
2132
2125
2126
2104
2101
2103
2113
2102
2092
2107
2128
2141
2157
2160
2138
2123
2114
2127
2135
2149
2154
2150
2169
2170
2163
2161
2160
2161
2160
2166
2167
2162
2182
2176
2176
2207
2233
2236
2237
2243
2226
2226
2219
2215
2220
2208
2211
2194
2199
2194
2191
2170
2161
2161
2163
2172
2172
2178
2175
2188
2193
2195
2207
2191
2198
2198
2205
2202
2199
2217
2223
2218
2198
2187
2183
2180
2181
2190
2198
2226
2227
2240
2246
2246
2255
2257
2253
2259
2261
2260
2249
2244
2232
2231
2216
2216
2218
2224
2224
2219
2227
2222
2220
2219
2213
2207
2218
2217
2212
2200
2195
2183
2179
2177
2189
2196
2204
2201
2214
2225
2240
2222
2214
2211
2218
2206
2222
2238
2258
2284
2299
2291
2304
2302
2313
2306
2309
2287
2260
2220
2206
2196
2176
2156
2139
2118
2096
2109
2116
2120
2117
2116
2120
2121
2119
2144
2136
2154
2158
2156
2154
2162
2162
2168
2171
2169
2178
2174
2168
2168
2151
2146
2149
2151
2142
2142
2146
2162
2168
2166
2149
2124
2111
2103
2095
2100
2116
2138
2155
2169
2182
2205
2214
2225
2231
2226
2215
2209
2224
2230
2230
2225
2244
2246
2254
2258
2256
2253
2254
2235
2225
2207
2214
2215
2222
2225
2212
2211
2198
2188
2185
2168
2162
2161
2158
2157
2167
2197
2195
2194
2203
2196
2185
2188
2169
2148
2135
2135
2146
2143
2150
2139
2141
2148
2152
2152
2146
2131
2122
2110
2109
2121
2131
2124
2124
2114
2133
2138
2129
2126
2112
2112
2122
2143
2160
2172
2166
2167
2182
2194
2203
2212
2222
2218
2220
2213
2226
2230
2244
2248
2255
2257
2245
2258
2260
2252
2246
2245
2247
2249
2247
2249
2247
2242
2254
2250
2244
2257
2277
2267
2263
2257
2256
2254
2250
2223
2219
2202
2198
2199
2191
2196
2192
2182
2178
2201
2187
2179
2184
2190
2201
2203
2204
2188
2181
2186
2170
2170
2158
2162
2148
2126
2106
2099
2108
2112
2116
2135
2142
2145
2138
2140
2131
2149
2146
2148
2139
2159
2168
2171
2184
2195
2200
2217
2219
2231
2238
2241
2251
2252
2258
2262
2259
2261
2272
2280
2286
2285
2284
2280
2277
2262
2233
2204
2182
2150
2123
2086
2069
2034
2035
2008
2001
1983
1977
1985
1985
1988
1998
2026
2042
2047
2047
2037
2037
2018
2015
1992
1977
1976
1957
1941
1910
1875
1855
1844
1844
1849
1859
1877
1897
1938
1964
1969
1977
1980
1974
1963
1961
1966
1972
1974
1984
1989
1994
1995
2001
1985
1979
1970
1974
1968
1970
1958
1974
1989
2008
2035
2050
2066
2079
2098
2094
2102
2098
2090
2068
2038
2028
2022
2006
2000
1989
1980
2001
2021
2032
2041
2045
2063
2074
2074
2068
2062
2048
2032
2009
1979
1950
1932
1912
1905
1904
1914
1909
1901
1922
1930
1929
1930
1944
1965
1989
1989
1991
1982
1987
1986
2000
2012
2034
2044
2054
2046
2039
2043
2050
2037
2031
2036
2036
2040
2059
2069
2075
2071
2088
2087
2071
2056
2047
2027
2003
1990
1974
1972
1979
2012
2026
2021
2037
2049
2044
2019
2014
2000
1993
1979
1968
1951
1947
1961
1950
1934
1919
1917
1902
1880
1853
1841
1822
1810
1803
1810
1813
1806
1790
1766
1753
1750
1749
1746
1759
1777
1800
1815
1834
1857
1878
1901
1910
1926
1935
1935
1927
1906
1890
1883
1880
1898
1898
1923
1952
1972
1969
1976
1968
1967
1972
1980
1989
1990
1994
1999
2011
2024
2037
2042
2043
2025
2004
1989
1989
1973
1953
1934
1926
1929
1942
1955
1974
1999
2018
2045
2075
2092
2101
2103
2096
2086
2060
2029
2023
2020
1999
1979
1953
1921
1903
1899
1903
1896
1889
1892
1895
1900
1890
1884
1882
1892
1884
1866
1852
1861
1876
1891
1906
1933
1946
1978
2012
2028
2023
2015
1995
1970
1938
1915
1878
1847
1814
1802
1794
1797
1790
1789
1773
1772
1779
1792
1803
1815
1846
1857
1885
1903
1935
1967
1998
2009
2011
2010
2002
2016
2019
2033
2043
2032
2023
2011
2005
2011
2010
2028
2051
2060
2070
2072
2075
2072
2064
2045
2029
2024
2016
2005
1972
1946
1923
1889
1860
1821
1804
1790
1774
1765
1742
1750
1769
1780
1785
1798
1789
1779
1765
1745
1740
1731
1722
1720
1724
1752
1785
1816
1846
1865
1883
1913
1932
1961
1974
1971
1973
1972
1980
2001
2015
2031
2040
2055
2082
2092
2089
2090
2096
2101
2104
2119
2115
2122
2129
2131
2143
2145
2153
2155
2165
2166
2167
2163
2166
2150
2139
2124
2123
2126
2134
2132
2139
2158
2168
2188
2208
2207
2219
2226
2237
2241
2231
2236
2241
2246
2261
2255
2251
2252
2258
2241
2232
2232
2232
2246
2246
2253
2238
2236
2249
2236
2224
2214
2204
2193
2183
2174
2169
2156
2151
2142
2141
2154
2158
2159
2185
2183
2173
2165
2152
2142
2132
2133
2112
2091
2084
2082
2084
2096
2101
2122
2121
2132
2140
2169
2177
2192
2195
2194
2175
2154
2158
2166
2166
2162
2145
2132
2120
2101
2104
2098
2102
2096
2107
2098
2093
2077
2069
2043
2046
2052
2062
2068
2084
2103
2127
2142
2169
2174
2198
2208
2223
2234
2245
2244
2235
2224
2201
2175
2162
2142
2127
2133
2144
2148
2142
2126
2125
2135
2141
2130
2128
2137
2128
2111
2105
2093
2085
2070
2047
2036
2013
1985
1967
1956
1946
1946
1934
1930
1921
1935
1958
1965
1970
1990
2024
2029
2029
2035
2029
2026
1990
1947
1931
1925
1921
1920
1921
1908
1902
1891
1883
1854
1831
1808
1812
1820
1832
1836
1842
1853
1861
1857
1862
1859
1870
1880
1879
1869
1849
1836
1847
1855
1877
1902
1909
1914
1932
1943
1946
1957
1971
1998
2002
2019
2033
2049
2025
1999
1981
1986
1988
1965
1958
1939
1933
1936
1954
1955
1961
1967
1964
1951
1959
1976
1988
1989
1992
1982
1967
1955
1945
1940
1950
1959
1965
1954
1956
1969
1982
1987
1981
1983
1976
1972
1964
1949
1941
1920
1905
1907
1895
1883
1864
1867
1875
1883
1899
1920
1942
1956
1974
1998
1996
1993
1971
1962
1939
1931
1945
1962
1983
2006
2036
2044
2064
2062
2081
2066
2058
2037
2027
1998
1985
1984
1980
1975
1989
1992
2000
2009
2011
2013
2034
2049
2059
2049
2030
2031
2049
2052
2054
2057
2055
2049
2026
2013
1993
1974
1966
1960
1955
1969
1967
1973
1966
1964
1949
1924
1895
1862
1827
1793
1761
1754
1737
1714
1699
1681
1681
1691
1702
1705
1707
1717
1738
1751
1770
1775
1786
1785
1779
1767
1735
1710
1715
1723
1713
1702
1697
1715
1729
1743
1752
1733
1716
1691
1693
1693
1681
1662
1675
1668
1665
1660
1661
1657
1643
1615
1616
1634
1660
1659
1655
1659
1657
1658
1662
1684
1716
1721
1713
1707
1709
1723
1737
1738
1727
1728
1723
1723
1739
1753
1756
1788
1813
1832
1839
1833
1829
1829
1816
1814
1801
1799
1796
1799
1818
1845
1863
1883
1890
1904
1905
1904
1918
1933
1943
1962
1967
1959
1961
1965
1972
1976
1977
1985
1994
2023
2037
2044
2042
2043
2037
2022
1995
1962
1933
1911
1911
1908
1904
1895
1905
1917
1925
1953
1969
1990
2011
2043
2077
2081
2092
2101
2111
2104
2103
2103
2102
2095
2092
2075
2075
2063
2069
2067
2049
2023
1997
1962
1954
1951
1954
1956
1970
1980
2005
2031
2048
2063
2074
2080
2083
2078
2087
2082
2067
2058
2062
2062
2063
2066
2057
2031
2017
2015
2023
2016
2000
1984
1989
1985
1985
1992
1997
2016
2023
2038
2031
2036
2028
2035
2052
2066
2064
2077
2070
2085
2083
2091
2092
2075
2060
2066
2063
2060
2067
2064
2050
2027
2027
2034
2037
2013
2001
1979
1957
1941
1917
1903
1895
1881
1870
1862
1854
1844
1853
1822
1808
1779
1767
1770
1763
1748
1759
1781
1807
1839
1860
1864
1873
1892
1899
1902
1909
1939
1967
1968
1970
1975
1981
1991
1989
2001
1991
1989
1995
2003
2003
2012
2006
2007
2026
2037
2031
2033
2051
2048
2050
2041
2035
2023
2003
2003
1999
1982
1963
1949
1945
1931
1923
1934
1956
1963
1970
1980
1995
2000
2011
2029
2031
2034
2032
2019
1995
1995
1984
1992
1992
1982
1974
1985
2009
2023
2020
2032
2040
2064
2081
2094
2106
2112
2114
2118
2109
2103
2104
2110
2112
2116
2132
2146
2178
2197
2186
2189
2195
2184
2169
2159
2134
2127
2107
2099
2090
2091
2100
2093
2097
2108
2096
2079
2084
2083
2070
2072
2090
2128
2156
2175
2177
2186
2190
2194
2181
2172
2165
2173
2167
2156
2162
2169
2167
2178
2195
2208
2213
2230
2238
2248
2268
2282
2284
2260
2233
2226
2232
2244
2242
2230
2227
2229
2226
2216
2211
2212
2203
2194
2172
2160
2147
2145
2146
2137
2131
2124
2111
2099
2111
2115
2113
2116
2112
2107
2094
2077
2076
2069
2069
2066
2062
2062
2066
2091
2110
2116
2140
2146
2153
2142
2147
2146
2153
2155
2163
2176
2175
2204
2225
2242
2265
2264
2263
2288
2289
2305
2314
2314
2308
2302
2306
2303
2302
2303
2308
2280
2288
2291
2284
2284
2280
2287
2281
2278
2276
2273
2280
2285
2291
2278
2274
2280
2283
2287
2284
2312
2324
2320
2315
2313
2318
2314
2314
2327
2330
2336
2342
2354
2388
2396
2391
2398
2397
2391
2390
2397
2398
2387
2383
2384
2370
2368
2355
2366
2362
2366
2361
2369
2374
2387
2391
2391
2381
2378
2381
2375
2370
2375
2367
2365
2349
2354
2366
2367
2361
2348
2333
2320
2326
2333
2352
2360
2370
2365
2360
2339
2326
2316
2306
2280
2259
2264
2255
2249
2254
2264
2270
2255
2272
2271
2289
2297
2313
2319
2323
2338
2350
2342
2328
2326
2333
2333
2340
2337
2326
2319
2310
2310
2320
2313
2308
2306
2295
2289
2284
2262
2252
2260
2252
2248
2237
2234
2229
2227
2226
2227
2219
2228
2242
2261
2250
2268
2282
2302
2308
2323
2334
2308
2296
2283
2268
2258
2240
2234
2223
2208
2197
2189
2188
2186
2184
2176
2160
2155
2152
2150
2147
2134
2118
2115
2106
2116
2137
2148
2145
2146
2142
2158
2170
2186
2179
2191
2214
2229
2251
2249
2252
2259
2265
2276
2268
2259
2247
2239
2214
2199
2195
2190
2196
2191
2179
2158
2138
2149
2170
2184
2201
2216
2232
2244
2254
2246
2245
2250
2258
2258
2267
2263
2254
2220
2186
2153
2137
2129
2126
2127
2150
2165
2190
2201
2212
2202
2188
2190
2189
2174
2160
2155
2153
2150
2131
2135
2143
2143
2123
2122
2113
2110
2097
2102
2107
2128
2136
2150
2142
2154
2162
2191
2192
2190
2169
2167
2168
2177
2180
2203
2203
2219
2224
2243
2249
2246
2235
2231
2228
2200
2172
2165
2165
2147
2141
2143
2160
2167
2182
2183
2190
2181
2182
2185
2171
2151
2127
2101
2081
2070
2063
2066
2085
2098
2117
2132
2142
2162
2169
2175
2196
2210
2214
2224
2220
2208
2186
2180
2181
2183
2179
2182
2175
2160
2155
2163
2170
2176
2168
2160
2152
2144
2143
2151
2167
2160
2170
2162
2157
2158
2167
2175
2168
2179
2200
2208
2194
2187
2175
2186
2191
2187
2166
2136
2125
2119
2095
2090
2082
2071
2068
2079
2092
2102
2112
2116
2107
2105
2101
2088
2087
2072
2066
2092
2120
2139
2148
2167
2174
2176
2199
2194
2199
2190
2182
2150
2131
2127
2117
2107
2103
2106
2109
2113
2120
2116
2121
2130
2131
2143
2145
2145
2136
2141
2144
2143
2144
2151
2163
2185
2193
2212
2207
2207
2203
2215
2215
2204
2195
2193
2197
2218
2219
2229
2223
2232
2236
2246
2237
2227
2202
2170
2133
2090
2070
2074
2062
2091
2080
2091
2100
2114
2116
2129
2138
2142
2142
2153
2171
2174
2192
2179
2166
2145
2141
2146
2152
2157
2150
2136
2128
2125
2116
2113
2109
2110
2114
2092
2081
2082
2088
2099
2070
2041
2029
2024
2021
2028
2037
2042
2058
2079
2088
2100
2105
2112
2130
2133
2128
2131
2122
2117
2116
2129
2132
2124
2146
2172
2179
2188
2192
2196
2195
2176
2184
2174
2170
2164
2165
2148
2141
2133
2126
2117
2102
2084
2076
2065
2057
2056
2059
2075
2081
2098
2103
2104
2107
2101
2099
2105
2108
2109
2101
2110
2125
2136
2139
2136
2111
2123
2126
2139
2139
2150
2162
2166
2175
2187
2196
2208
2207
2227
2223
2207
2191
2189
2166
2160
2152
2146
2128
2102
2099
2092
2091
2087
2090
2105
2111
2109
2114
2115
2130
2146
2156
2179
2199
2207
2206
2208
2208
2200
2190
2183
2179
2171
2182
2174
2169
2171
2170
2178
2187
2167
2157
2150
2154
2153
2161
2176
2191
2198
2203
2206
2218
2218
2204
2191
2182
2181
2179
2171
2165
2156
2153
2159
2164
2164
2164
2162
2144
2132
2139
2141
2146
2134
2126
2118
2121
2110
2086
2086
2083
2074
2091
2118
2143
2144
2165
2176
2186
2203
2203
2208
2207
2206
2208
2233
2226
2236
2252
2239
2246
2246
2256
2260
2250
2238
2236
2234
2226
2222
2231
2224
2224
2217
2220
2233
2230
2251
2252
2256
2259
2260
2253
2232
2224
2202
2190
2184
2165
2151
2163
2154
2150
2143
2135
2130
2132
2141
2140
2152
2168
2168
2178
2208
2208
2194
2214
2219
2230
2222
2213
2195
2200
2190
2197
2185
2192
2187
2198
2221
2236
2237
2238
2232
2241
2247
2232
2213
2208
2209
2194
2196
2191
2195
2203
2209
2215
2225
2247
2251
2236
2236
2223
2216
2199
2189
2194
2207
2213
2226
2234
2246
2236
2224
2227
2231
2228
2221
2224
2230
2220
2236
2242
2235
2228
2227
2224
2198
2183
2158
2154
2144
2136
2142
2147
2148
2157
2163
2164
2166
2162
2143
2128
2127
2127
2144
2134
2115
2112
2127
2139
2140
2129
2117
2117
2130
2131
2132
2125
2130
2102
2096
2081
2069
2059
2045
2037
2034
2025
2022
2036
2053
2064
2058
2061
2082
2091
2113
2115
2119
2119
2098
2070
2071
2061
2057
2052
2050
2054
2065
2084
2083
2077
2059
2044
2021
2002
1983
1974
1958
1958
1963
1967
1974
1989
2004
2007
1995
1999
1986
1981
1966
1962
1964
1955
1956
1962
1958
1960
1974
1971
1983
1971
1960
1953
1947
1950
1931
1925
1921
1927
1929
1949
1943
1947
1951
1960
1967
1969
1974
1977
1970
1959
1964
1968
1974
1965
1974
1983
1988
1974
1962
1954
1923
1912
1887
1850
1826
1827
1825
1846
1867
1895
1920
1936
1960
1992
2025
2039
2069
2102
2110
2110
2108
2115
2122
2123
2125
2115
2105
2095
2091
2082
2071
2075
2082
2098
2107
2122
2158
2174
2189
2195
2200
2200
2206
2205
2203
2195
2186
2190
2179
2186
2172
2168
2183
2207
2214
2214
2218
2223
2225
2222
2225
2231
2210
2206
2183
2164
2143
2124
2108
2104
2097
2088
2084
2094
2103
2127
2143
2142
2148
2169
2182
2180
2180
2170
2166
2157
2150
2125
2116
2111
2106
2096
2119
2108
2102
2089
2095
2098
2103
2114
2123
2119
2126
2115
2115
2137
2149
2141
2158
2160
2166
2165
2164
2151
2141
2120
2104
2095
2087
2087
2078
2073
2070
2075
2085
2105
2116
2110
2100
2120
2123
2118
2107
2117
2097
2097
2089
2080
2070
2063
2067
2075
2054
2051
2055
2068
2063
2066
2055
2054
2039
2019
2009
2013
2016
2013
2011
1990
1979
1983
1985
1983
1979
1987
2009
2038
2040
2043
2050
2049
2058
2065
2053
2054
2035
2023
1990
1981
1966
1949
1938
1931
1931
1928
1940
1954
1973
1981
2006
2011
2018
2028
2025
2029
2031
2030
2026
2012
2009
1990
1979
1983
1966
1957
1961
1974
1999
2006
2005
2003
2022
2023
2011
2004
1988
1977
1962
1967
1973
1960
1960
1950
1941
1913
1911
1909
1916
1911
1925
1939
1942
1946
1958
1974
1975
1970
1979
2002
2010
2030
2051
2055
2043
2023
2014
1999
1999
2003
2002
1998
1981
1978
1957
1961
1949
1935
1939
1963
1967
1979
1965
1964
1953
1958
1944
1937
1932
1942
1942
1946
1944
1945
1937
1923
1908
1891
1862
1844
1846
1851
1860
1870
1879
1877
1879
5835
1685
1642
1601
1590
1579
1571
1580
1611
1627
1665
1693
1718
1725
1736
1736
1745
1739
1711
1669
1599
1511
1468
1420
1385
1381
1419
1488
1526
1569
1624
1693
1765
1795
1822
1822
1805
1801
1837
1893
1944
1950
1909
1835
1789
1755
1711
1673
1631
1605
1588
1619
1669
1738
1793
1833
1839
1825
1782
1751
1694
1656
1630
1645
1655
1670
1674
1697
1697
1717
1733
1729
1680
1654
1623
1617
1612
1631
1610
1603
1616
1624
1627
1655
1671
1716
1748
1787
1819
1865
1913
1989
2079
2173
2243
2284
2296
2296
2294
2298
2272
2268
2266
2233
2206
2194
2174
2173
2172
2166
2158
2133
2116
2065
2005
1934
1881
1814
1773
1741
1706
1664
1641
1613
1611
1619
1645
1671
1711
1723
1749
1815
1896
1949
2023
2097
2168
2216
2242
2248
2262
2235
2209
2173
2150
2154
2150
2131
2090
2045
2003
1935
1891
1858
1845
1842
1843
1867
1896
1913
1948
1983
2034
2083
2144
2180
2203
2183
2142
2104
2074
2055
2032
2006
1988
1996
1999
1999
2016
2048
2053
2057
2062
2070
2075
2094
2124
2176
2217
2267
2300
2333
2347
2338
2313
2299
2289
2273
2264
2259
2213
2166
2143
2150
2142
2116
2065
2017
1971
1913
1862
1820
1807
1809
1831
1863
1887
1938
2022
2090
2102
2083
2063
2068
2076
2080
2083
2087
2097
2099
2119
2134
2136
2118
2115
2103
2114
2141
2159
2187
2213
2245
2282
2317
2330
2343
2350
2364
2355
2358
2360
2387
2402
2408
2404
2419
2410
2399
2362
2330
2299
2286
2276
2247
2233
2210
2195
2185
2187
2204
2227
2255
2268
2279
2279
2271
2253
2210
2163
2121
2088
2065
2043
2057
2062
2074
2089
2123
2152
2196
2217
2208
2202
2177
2151
2114
2089
2051
2045
2070
2114
2134
2168
2210
2250
2265
2266
2228
2224
2214
2194
2146
2104
2070
2060
2080
2117
2148
2203
2218
2256
2294
2343
2378
2404
2433
2457
2482
2500
2493
2492
2440
2404
2380
2353
2351
2339
2358
2386
2422
2428
2446
2439
2409
2346
2278
2214
2184
2164
2151
2116
2091
2074
2087
2077
2119
2157
2200
2238
2270
2296
2318
2339
2387
2397
2393
2386
2361
2353
2350
2348
2329
2320
2307
2320
2301
2283
2252
2207
2139
2106
2079
2075
2072
2067
2063
2078
2093
2123
2147
2177
2183
2182
2185
2217
2256
2308
2342
2407
2439
2484
2510
2542
2558
2592
2623
2653
2660
2681
2690
2692
2670
2637
2608
2592
2570
2523
2475
2430
2390
2366
2364
2341
2331
2307
2293
2272
2279
2291
2321
2365
2401
2412
2434
2453
2461
2453
2452
2436
2432
2438
2440
2455
2466
2448
2418
2395
2416
2442
2475
2481
2499
2516
2532
2554
2574
2577
2569
2541
2529
2511
2490
2487
2492
2501
2500
2490
2456
2438
2397
2381
2378
2371
2386
2418
2469
2508
2527
2538
2541
2530
2510
2490
2459
2451
2466
2474
2466
2453
2438
2420
2409
2397
2379
2345
2311
2298
2284
2287
2304
2323
2344
2382
2403
2422
2428
2438
2468
2494
2511
2514
2503
2494
2478
2451
2424
2416
2432
2454
2461
2477
2475
2457
2442
2444
2450
2457
2472
2490
2504
2514
2492
2477
2453
2440
2414
2405
2393
2396
2398
2407
2402
2392
2363
2337
2312
2299
2269
2232
2212
2209
2222
2244
2282
2304
2316
2331
2333
2339
2338
2343
2358
2360
2318
2280
2246
2202
2151
2100
2077
2076
2076
2080
2101
2114
2172
2242
2306
2359
2430
2471
2508
2520
2526
2506
2492
2456
2428
2379
2327
2274
2231
2188
2180
2174
2163
2193
2220
2223
2228
2219
2208
2180
2130
2092
2071
2065
2057
2082
2115
2170
2217
2292
2325
2356
2364
2391
2393
2407
2423
2430
2416
2398
2380
2390
2384
2393
2384
2367
2323
2290
2241
1976
1966
1971
2011
2060
2107
2130
2152
2159
2164
2139
2103
2061
2043
2014
1994
1998
2018
2042
2083
2107
2098
2085
2041
1997
1960
1931
1933
1915
1883
1874
1875
1897
1921
1953
1977
2016
2028
2033
2053
2069
2067
2052
2018
2010
1983
1964
1932
1900
1845
1809
1771
1768
1799
1847
1903
1958
2030
2079
2123
2120
2074
2002
1949
1910
1868
1821
1734
1656
1603
1561
1558
1547
1556
1598
1658
1695
1758
1817
1861
1871
1860
1817
1778
1759
1768
1793
1844
1867
1881
1912
1994
2040
2070
2085
2069
2051
2052
2078
2119
2138
2153
2167
2189
2211
2218
2210
2176
2147
2114
2097
2073
2038
2016
1999
1967
1984
1962
1939
1928
1899
1880
1839
1824
1816
1832
1833
1865
1885
1910
1917
1955
2002
2054
2109
2146
2161
2138
2133
2106
2080
2050
2006
1977
1966
1952
1925
1902
1903
1942
1993
2025
2037
2049
2079
2136
2169
2180
2183
2195
2194
2185
2170
2180
2200
2212
2212
2217
2223
2216
2196
2168
2123
2086
2065
2030
2000
1997
2009
2029
2043
2059
2086
2118
2120
2137
2119
2087
2006
1894
1788
1717
1675
1671
1667
1700
1749
1822
1864
1889
1933
1994
2023
2060
2070
2058
2028
2010
2001
1988
1987
1974
1973
1963
1990
2029
2067
2096
2132
2190
2231
2260
2297
2319
2338
2345
2342
2301
2275
2226
2182
2144
2132
2135
2125
2101
2090
2079
2097
2099
2118
2138
2154
2186
2220
2276
2315
2355
2372
2385
2389
2378
2364
2359
2358
2360
2354
2369
2369
2352
2303
2278
2262
2254
2220
2177
2135
2127
2153
2219
2289
2362
2418
2456
2450
2431
2377
2325
2283
2230
2183
2158
2154
2137
2149
2139
2117
2084
2075
2047
2048
2004
1973
1916
1879
1855
1864
1898
1931
1971
2012
2048
2093
2121
2140
2100
2084
2073
2052
2031
2032
2039
2074
2121
2169
2239
2270
2299
2294
2263
2237
2214
2173
2162
2149
2172
2196
2232
2267
2270
2275
2276
2253
2217
2158
2103
2046
2024
1986
1936
1927
1952
1986
2020
2051
2070
2088
2122
2153
2167
2185
2198
2192
2176
2165
2183
2182
2162
2143
2117
2094
2098
2116
2117
2120
2107
2109
2120
2156
2177
2197
2219
2216
2186
2125
2049
1987
1909
1858
1814
1779
1750
1725
1709
1696
1700
1715
1722
1726
1719
1709
1677
1675
1686
1715
1770
1835
1878
1927
1982
2018
2051
2068
2080
2098
2135
2161
2170
2146
2088
1998
1871
1786
1711
1659
1603
1575
1575
1608
1684
1749
1826
1875
1918
1922
1923
1919
1932
1920
1923
1904
1915
1936
1958
1996
2076
2107
2116
2108
2114
2104
2084
2017
1930
1879
1831
1778
1738
1714
1708
1695
1705
1739
1762
1807
1861
1899
1917
1941
1957
1964
1961
1943
1895
1851
1819
1819
1812
1809
1778
1785
1778
1816
1854
1903
1925
1910
1876
1832
1744
1672
1600
1577
1607
1660
1727
1788
1851
1900
1941
1997
2065
2096
2123
2136
2161
2182
2186
2149
2114
2086
2055
2043
2050
2077
2108
2111
2133
2129
2142
2154
2170
2155
2150
2127
2133
2153
2174
2171
2170
2161
2159
2124
2122
2140
2158
2179
2177
2176
2158
2136
2114
2140
2156
2168
2192
2229
2261
2280
2268
2241
2199
2162
2122
2141
2157
2196
2258
2306
2346
2419
2448
2450
2429
2406
2376
2344
2313
2274
2244
2230
2208
2207
2230
2238
2235
2229
2247
2260
2273
2278
2259
2252
2253
2264
2271
2270
2275
2289
2315
2322
2312
2279
2233
2152
2068
1972
1875
1814
1790
1794
1843
1903
1978
2030
2085
2098
2100
2091
2066
2057
2066
2087
2102
2124
2143
2144
2141
2136
2131
2111
2069
2039
2015
1980
1945
1910
1881
1846
1822
1797
1785
1788
1812
1837
1866
1873
1858
1845
1809
1763
1713
1686
1683
1713
1743
1778
1800
1824
1831
1850
1845
1844
1896
1917
1967
2008
2018
2017
1968
1921
1897
1894
1894
1902
1902
1923
1923
1935
1932
1917
1901
1880
1836
1795
1763
1773
1778
1811
1839
1865
1895
1913
1925
1926
1923
1913
1896
1873
1872
1880
1911
1921
1941
1943
1978
1985
1977
1936
1924
1908
1904
1891
1894
1886
1886
1862
1865
1840
1814
1778
1766
1742
1719
1689
1667
1631
1614
1598
1625
1660
1710
1752
1800
1817
1822
1838
1816
1800
1781
1788
1772
1775
1768
1800
1841
1906
1952
1990
2011
2013
2011
2013
1994
1979
1938
1924
1901
1915
1916
1936
1934
1937
1895
1864
1844
1837
1818
1832
1867
1895
1918
1938
1955
1958
1979
1991
1999
1990
1965
1924
1854
1783
1724
1689
1661
1645
1660
1659
1690
1730
1797
1830
1884
1911
1911
1853
1803
1742
1684
1666
1635
1594
1552
1526
1515
1494
1469
1447
1426
1430
1438
1427
1382
1330
1255
1229
1208
1234
1288
1355
1454
1574
1700
1801
1876
1922
1919
1914
1921
1927
1931
1944
1945
1974
2024
2069
2120
2180
2195
2180
2144
2065
1993
1933
1882
1820
1752
1725
1734
1775
1776
1771
1757
1742
1736
1769
1763
1770
1751
1716
1687
1652
1608
1589
1587
1600
1624
1676
1750
1820
1856
1874
1877
1888
1896
1895
1867
1849
1784
1729
1689
1651
1639
1656
1697
1761
1837
1860
1902
1940
2006
2022
1995
1931
1862
1796
1737
1675
1664
1682
1757
1829
1933
1991
2032
2064
2083
2090
2097
2110
2116
2132
2144
2145
2123
2093
2053
2014
1965
1933
1916
1916
1925
1976
2050
2130
2198
2213
2182
2143
2122
2107
2073
2059
2025
2017
2025
2054
2058
2105
2121
2144
2143
2150
2148
2120
2083
2041
1998
1958
1947
1933
1909
1865
1827
1803
1815
1834
1859
1831
1795
1753
1759
1755
1766
1755
1757
1775
1794
1813
1863
1908
1965
1993
2020
2036
2075
2093
2099
2074
2036
1973
1903
1838
1755
1679
1641
1668
1735
1836
1981
2068
2107
2124
2081
2038
1980
1930
1837
1765
1691
1675
1677
1722
1744
1785
1829
1871
1894
1914
1923
1940
1935
1930
1921
1912
1909
1903
1910
1928
1950
1951
1970
1978
2007
1995
1979
1961
1938
1908
1864
1845
1853
1865
1883
1877
1851
1807
1817
1829
1853
1858
1871
1878
1885
1893
1912
1921
1932
1935
1932
1909
1907
1901
1901
1904
1880
1867
1831
1801
1787
1801
1853
1888
1922
1961
1978
1967
1939
1895
1866
1828
1786
1764
1763
1793
1826
1868
1897
1899
1897
1882
1877
1865
1894
1947
2013
2014
1995
1964
1912
1863
1826
1798
1759
1741
1743
1761
1832
1937
2031
2094
2161
2173
2167
2179
2183
2151
2104
2069
2006
1957
1899
1818
1737
1677
1621
1589
1583
1591
1624
1669
1714
1741
1778
1780
1767
1746
1749
1754
1780
1803
1819
1805
1811
1827
1851
1849
1824
1783
1751
1726
1744
1771
1785
1809
1821
1797
1800
1793
1773
1743
1731
1713
1731
1728
1757
1827
1905
1932
1945
1947
1932
1888
1837
1779
1721
1671
1612
1581
1570
1565
1588
1612
1639
1669
1695
1736
1788
1860
1905
1964
2016
2047
2034
2030
2042
2058
2052
2059
2050
2043
2040
2068
2098
2126
2135
2141
2099
2032
1944
1846
1748
1665
1601
1562
1555
1589
1643
1696
1758
1806
1854
1879
1935
1951
1968
1951
1962
1970
2014
2064
2160
2203
2223
2182
2126
2023
1919
1796
1691
1628
1597
1595
1633
1684
1783
1876
1930
1984
2020
2043
2041
2015
1978
1935
1858
1809
1767
1755
1782
1841
1904
1967
2035
2092
2097
2115
2104
2125
2130
2170
2244
2297
2321
2337
2352
2360
2350
2305
2247
2176
2117
2047
1975
1951
1948
1965
2007
2059
2089
2103
2091
2075
2048
2007
1962
1932
1905
1877
1872
1836
1814
1814
1804
1798
1779
1742
1697
1662
1654
1664
1705
1750
1787
1829
1864
1895
1924
1917
1895
1865
1842
1819
1799
1777
1748
1733
1734
1771
1810
1838
1838
1819
1806
1812
1877
1904
1948
1997
2029
2050
2060
2047
2031
2026
1996
1983
1974
1968
1959
1958
1923
1871
1831
1780
1740
1727
1731
1758
1819
1870
1931
2006
2046
2058
2040
2011
1947
1905
1849
1817
1790
1798
1845
1911
1991
2060
2122
2172
2232
2308
2365
2420
2456
2480
2469
2463
2443
2435
2429
2419
2390
2332
2297
2260
2242
2205
2180
2153
2126
2122
2147
2162
2200
2222
2250
2263
2240
2215
2202
2192
2199
2211
2224
2226
2230
2206
2191
2186
2198
2197
2190
2169
2144
2124
2095
2090
2097
2101
2115
2157
2198
2233
2250
2264
2248
2244
2219
2219
2188
2142
2101
2104
2105
2124
2136
2162
2173
2169
2140
2125
2097
2093
2069
2046
1995
1933
1879
1852
1862
1904
1926
1966
2006
2031
2055
2099
2173
2244
2299
2330
2342
2330
2328
2329
2341
2353
2345
2295
2258
2197
2161
2106
2079
2036
2007
1949
1876
1899
1949
2023
2083
2126
2153
2180
2206
2205
2206
2180
2141
2115
2093
2081
2075
2069
2065
2017
1973
1948
1960
1986
2037
2079
2109
2137
2198
2243
2292
2324
2357
2355
2365
2369
2375
2373
2373
2368
2341
2321
2298
2269
2264
2272
2315
2326
2308
2297
2258
2219
2220
2222
2213
2224
2242
2262
2269
2277
2261
2226
2188
2163
2137
2126
2115
2130
2135
2151
2150
2148
2129
2119
2100
2077
2060
2027
1993
1948
1872
1844
1816
1814
1829
1854
1888
1939
1979
1982
1991
1982
1985
1999
2024
2035
2069
2122
2189
2244
2308
2349
2391
2419
2420
2423
2398
2379
2353
2324
2288
2269
2284
2296
2285
2258
2203
2154
2092
2021
1998
1981
1972
1972
1993
2031
2060
2068
2080
2054
2018
1993
1976
1950
1949
1943
1929
1903
1906
1914
1936
1955
1982
1994
2020
2035
2044
2040
2026
1997
1984
1972
1968
1983
1995
2012
2056
2128
2194
2254
2284
2277
2243
2205
2169
2136
2097
2040
1976
1941
1920
1949
1992
2072
2119
2174
2217
2264
2286
2308
2295
2283
2234
2178
2129
2118
2094
2056
2001
1992
1990
2032
2063
2065
2049
2030
2030
2028
2043
2072
2113
2139
2170
2209
2246
2262
2272
2256
2222
2173
2160
2118
2110
2080
2044
1991
1936
1898
1877
1848
1846
1849
1868
1897
1947
1983
2017
2033
2048
2036
2041
2055
2073
2064
2034
2005
2011
2056
2092
2100
2038
1987
1915
1855
1793
1749
1701
1709
1759
1829
1893
2005
2120
2199
2210
2207
2199
2224
2211
2217
2207
2190
2154
2146
2121
2100
2088
2069
2061
2050
2063
2073
2055
2056
2070
2085
2072
2065
2069
2075
2085
2122
2174
2241
2314
2339
2385
2408
2454
2454
2458
2442
2426
2427
2432
2443
2460
2471
2457
2448
2454
2453
2444
2431
2434
2443
2466
2485
2523
2550
2555
2547
2541
2553
2554
2551
2539
2496
2480
2441
2410
2398
2395
2377
2375
2368
2388
2406
2423
2425
2419
2399
2385
2354
2333
2332
2346
2364
2376
2395
2417
2438
2471
2518
2550
2571
2564
2542
2497
2462
2423
2418
2428
2456
2474
2508
2546
2577
2595
2615
2634
2648
2622
2614
2579
2545
2491
2446
2390
2354
2327
2307
2285
2256
2236
2240
2265
2303
2330
2326
2321
2307
2288
2260
2212
2186
2174
2195
2203
2198
2191
2190
2220
2231
2242
2234
2233
2228
2225
2227
2249
2250
2260
2275
2287
2284
2274
2256
2249
2265
2273
2284
2303
2320
2363
2404
2451
2491
2518
2540
2578
2599
2615
2627
2635
2643
2618
2589
2543
2508
2471
2448
2429
2436
2440
2460
2446
2446
2423
2411
2400
2424
2438
2434
2386
2330
2282
2255
2197
2146
2105
2057
2003
1955
1936
1957
2007
2073
2138
2208
2267
2320
2375
2410
2471
2503
2538
2547
2549
2540
2536
2502
2464
2413
2375
2322
2283
2252
2240
2246
2289
2318
2344
2336
2333
2332
2328
2304
2281
2290
2291
2327
2361
2383
2399
2409
2439
2470
2478
2491
2459
2425
2363
2299
2250
2238
2211
2213
2233
2278
2291
2335
2382
2406
2405
2440
2450
2453
2451
2446
2423
2420
2424
2422
2394
2360
2325
2268
2225
2194
2176
2165
2184
2195
2219
2234
2278
2312
2317
2332
2358
2367
2376
2357
2313
2274
2248
2244
2234
2239
2268
2322
2391
2447
2502
2529
2523
2494
2448
2415
2396
2384
2359
2342
2324
2305
2298
2303
2338
2389
2452
2498
2542
2556
2566
2561
2529
2498
2478
2468
2442
2403
2380
2334
2281
2240
2201
2176
2168
2143
2160
2187
2243
2309
2339
2358
2376
2403
2415
2409
2380
2346
2314
2294
2250
2222
2206
2199
2206
2233
2238
2263
2268
2298
2312
2331
2338
2344
2354
2353
2334
2329
2335
2351
2364
2359
2351
2354
2347
2341
2327
2332
2313
2290
2277
2261
2243
2206
2175
2127
2084
2045
2042
2046
2088
2121
2172
2196
2218
2204
2182
2155
2138
2109
2093
2062
2077
2104
2142
2158
2192
2200
2212
2212
2209
2199
2161
2129
2129
2126
2116
2109
2105
2119
2123
2126
2083
2073
2063
2058
2056
2066
2051
2058
2057
2084
2111
2168
2226
2254
2250
2304
2346
2376
2381
2386
2379
2386
2356
2344
2310
2287
2256
2248
2245
2246
2240
2250
2272
2310
2327
2338
2348
2316
2286
2238
2197
2143
2087
2060
2046
2036
2025
2008
2025
2030
2095
2168
2251
2303
2330
2318
2293
2249
2212
2153
2089
2029
2002
1978
1961
1938
1939
1974
2057
2119
2166
2194
2192
2200
2198
2198
2186
2196
2207
2240
2241
2222
2199
2193
2169
2165
2148
2167
2174
2171
2160
2178
2188
2180
2150
2115
2055
2019
1989
1973
1949
1932
1918
1897
1902
1906
1910
1929
1956
1981
2020
2058
2095
2135
2178
2200
2210
2205
2206
2190
2182
2166
2160
2146
2126
2094
2064
2025
1991
1966
1959
1955
1982
1986
1982
1989
1996
1994
1995
2004
1999
2030
2033
2032
2017
2009
1990
1982
1931
1862
1787
1750
1737
1742
1769
1786
1814
1826
1827
1834
1858
1880
1907
1939
2008
2038
2072
2074
2096
2137
2165
2170
2153
2133
2102
2095
2091
2090
2074
2055
2057
2065
2068
2072
2039
2023
2010
2015
2055
2102
2129
2132
2098
2079
2063
2049
2018
2010
1989
2010
2042
2053
2064
2081
2091
2082
2070
2030
1998
1987
1997
1996
2011
1991
1984
1953
1908
1838
1774
1742
1734
1734
1725
1719
1759
1810
1849
1857
1837
1801
1802
1788
1797
1808
1851
1883
1933
1958
1983
1989
1991
1978
1928
1839
1697
1608
1540
1451
1353
1269
1222
1182
1154
1171
1213
1303
1398
1502
1575
1641
1656
1656
1623
1577
1513
1465
1402
1355
1341
1365
1409
1481
1556
1644
1716
1795
1861
1925
1962
2000
2050
2068
2035
2029
2005
1998
2007
2016
2020
1997
1985
1949
1940
1954
1975
1966
1958
1936
1935
1884
1837
1813
1791
1770
1777
1777
1793
1826
1864
1907
1944
1986
2034
2077
2118
2139
2167
2159
2126
2090
2069
2082
2059
2059
2047
2063
2091
2114
2123
2124
2083
2023
1943
1924
1899
1901
1903
1924
1936
1971
2038
2062
2088
2102
2135
2184
2205
2200
2169
2170
2135
2106
2078
2055
2027
2001
1983
1973
1993
2016
2042
2042
2033
2015
2019
2021
2045
2064
2096
2132
2167
2206
2258
2285
2295
2281
2285
2295
2335
2355
2370
2354
2337
2311
2304
2281
2251
2203
2130
2110
2098
2128
2144
2168
2174
2203
2243
2277
2292
2281
2264
2232
2247
2255
2257
2276
2287
2309
2333
2335
2316
2281
2255
2248
2258
2274
2295
2306
2306
2334
2383
2409
2434
2447
2451
2430
2391
2353
2339
2334
2323
2325
2316
2298
2273
2263
2251
2260
2251
2255
2264
2262
2260
2275
2296
2317
2324
2327
2323
2331
2342
2334
2328
2311
2302
2296
2279
2237
2189
2176
2190
2216
2275
2336
2394
2403
2400
2384
2387
2397
2399
2374
2371
2349
2356
2328
2316
2296
2290
2278
2288
2292
2305
2316
2327
2347
2331
2326
2326
2322
2310
2304
2286
2255
2223
2216
2210
2207
2205
2220
2252
2276
2298
2330
2334
2344
2303
2273
2239
2283
2316
2371
2409
2454
2490
2528
2540
2545
2531
2525
2499
2464
2407
2335
2222
2159
2106
2067
2030
1995
1971
1942
1951
1970
2009
2037
2063
2070
2099
2125
2150
2166
2193
2209
2227
2210
2213
2205
2227
2246
2265
2258
2257
2249
2231
2192
2149
2120
2121
2136
2175
2176
2179
2168
2146
2119
2066
2013
1979
1990
2033
2095
2179
2241
2270
2305
2327
2362
2379
2378
2346
2333
2328
2352
2374
2400
2403
2434
2452
2455
2450
2426
2396
2368
2342
2337
2319
2325
2324
2323
2339
2326
2294
2247
2204
2171
2150
2142
2139
2142
2184
2216
2246
2245
2263
2258
2249
2231
2200
2152
2099
2061
2059
2066
2097
2115
2127
2160
2178
2151
2122
2087
2065
2060
2070
2082
2104
2127
2130
2139
2141
2146
2140
2129
2133
2154
2164
2176
2207
2263
2306
2317
2320
2329
2336
2350
2360
2382
2388
2378
2377
2389
2397
2428
2448
2458
2463
2454
2444
2444
2428
2410
2392
2397
2390
2385
2382
2376
2380
2401
2412
2447
2460
2464
2452
2435
2402
2388
2367
2345
2309
2281
2245
2239
2239
2237
2244
2245
2243
2246
2255
2238
2223
2221
2227
2237
2254
2268
2254
2234
2226
2201
2195
2155
2138
2097
2062
2030
2008
2021
2058
2098
2149
2191
2225
2228
2244
2217
2185
2171
2176
2169
2199
2243
2302
2349
2365
2372
2380
2386
2408
2419
2431
2461
2472
2485
2492
2483
2476
2481
2494
2486
2478
2502
2510
2496
2429
2345
2254
2164
2072
1989
1918
1867
1815
1789
1747
1734
1709
1707
1721
1767
1819
1861
1910
1943
1948
1950
1930
1929
1910
1904
1837
1823
1811
1777
1715
1653
1561
1517
1499
1510
1565
1632
1720
1800
1906
1961
1977
1975
1965
1952
1929
1903
1901
1911
1914
1936
1948
1978
1964
1952
1894
1865
1843
1840
1836
1856
1883
1947
2015
2063
2092
2124
2148
2185
2197
2209
2212
2191
2139
2085
2041
1981
1951
1908
1875
1854
1881
1905
1948
1977
2017
2056
2117
2125
2142
2123
2096
2048
1999
1911
1816
1734
1691
1658
1658
1663
1667
1673
1728
1792
1808
1816
1823
1834
1880
1923
1963
1971
1951
1961
1970
2005
2025
2052
2052
2047
2040
2051
2066
2045
2005
1997
2022
2066
2089
2115
2141
2168
2180
2184
2164
2119
2083
2030
1970
1896
1838
1810
1825
1873
1942
2013
2071
2091
2080
2032
1969
1930
1909
1879
1833
1806
1789
1790
1790
1774
1727
1679
1623
1574
1545
1518
1487
1471
1468
1467
1484
1497
1497
1451
1391
1355
1351
1371
1403
1444
1510
1572
1653
1732
1800
1860
1911
1948
1971
1972
1927
1873
1828
1795
1776
1751
1779
1818
1911
1962
2004
2013
2019
2012
1994
1977
1988
1987
1986
2000
2017
2026
2034
2051
2070
2075
2043
1978
1905
1861
1805
1757
1703
1721
1761
1825
1868
1930
1996
2071
2148
2207
2244
2265
2250
2206
2143
2090
2030
2002
1960
1910
1848
1805
1747
1727
1722
1717
1702
1682
1683
1689
1681
1672
1671
1671
1649
1614
1594
1588
1613
1653
1745
1819
1887
1968
2045
2092
2103
2076
2014
1946
1877
1791
1697
1595
1521
1459
1424
1422
1447
1463
1490
1470
1461
1471
1502
1558
1624
1710
1790
1895
1972
2044
2120
2156
2142
2137
2143
2165
2176
2196
2203
2186
2135
2094
2057
2039
2014
2020
2057
2121
2166
2192
2180
2165
2126
2090
2037
2004
1967
1931
1871
1791
1726
1648
1601
1562
1515
1452
1404
1359
1341
1352
1425
1500
1563
1571
1580
1555
1526
1494
1445
1417
1407
1413
1454
1499
1563
1634
1729
1816
1910
1984
2041
2087
2107
2097
2086
2067
2047
2051
2066
2095
2134
2173
2223
2263
2286
2284
2280
2276
2264
2274
2277
2298
2315
2341
2333
2337
2352
2366
2355
2346
2331
2338
2337
2327
2296
2257
2226
2201
2203
2219
2233
2250
2293
2325
2378
2418
2451
2469
2480
2467
2456
2437
2451
2474
2471
2474
2480
2478
2466
2444
2402
2362
2366
2384
2392
2397
2386
2382
2390
2403
2377
2359
2332
2299
2255
2198
2190
2177
2180
2159
2147
2149
2181
2221
2265
2294
2292
2259
2244
2214
2198
2172
2136
2092
2049
2008
2011
2026
2054
2092
2138
2157
2182
2210
2265
2288
2315
2315
2311
2297
2282
2264
2251
2235
2214
2178
2140
2111
2071
2067
2082
2083
2075
2070
2054
2030
1977
1937
1899
1906
1925
1973
2046
2128
2170
2224
2279
2346
2395
2430
2464
2493
2510
2525
2533
2496
2448
2390
2308
2255
2215
2183
2181
2172
2143
2136
2145
2172
2204
2233
2250
2243
2231
2199
2166
2107
2068
2000
1953
1898
1855
1806
1770
1726
1723
1720
1732
1721
1728
1739
1781
1805
1845
1896
1958
1992
2018
2020
2007
1969
1928
1869
1807
1767
1751
1730
1705
1704
1686
1671
1636
1619
1560
1539
1503
1541
1565
1593
1600
1645
1688
1739
1753
1766
1785
1783
1770
1755
1711
1663
1645
1667
1719
1771
1834
1879
1915
1944
1998
2022
2052
2060
2089
2099
2107
2109
2095
2061
2032
1997
1967
1930
1878
1849
1836
1852
1866
1886
1907
1925
1933
1923
1911
1921
1950
1976
1999
1988
1947
1902
1857
1861
1881
1913
1924
1907
1875
1867
1898
1924
1946
1933
1905
1881
1864
1846
1814
1793
1751
1705
1663
1629
1611
1595
1620
1663
1711
1781
1851
1931
1993
2019
2016
1979
1925
1861
1806
1769
1769
1805
1905
1995
2063
2113
2119
2144
2145
2158
2109
2032
1955
1889
1825
1805
1783
1782
1795
1851
1903
1945
1965
1983
1991
1997
2017
2011
2001
2019
2025
2010
1996
2034
2045
2005
1942
1864
1803
1775
1763
1752
1748
1733
1743
1757
1778
1789
1789
1751
1671
1591
1514
1429
1356
1284
1249
1217
1179
1139
1103
1111
1171
1229
1279
1301
1357
1399
1460
1529
1565
1577
1568
1527
1459
1411
1368
1359
1347
1322
1312
1327
1395
1461
1487
1480
1412
1341
1299
1307
1317
1319
1309
1292
1286
1279
1256
1265
1258
1249
1254
1279
1307
1368
1381
1380
1353
1355
1377
1422
1473
1504
1537
1557
1565
1550
1551
1568
1587
1579
1588
1585
1595
1600
1623
1676
1748
1810
1854
1869
1827
1783
1731
1670
1655
1628
1634
1641
1674
1707
1755
1797
1853
1887
1902
1903
1909
1930
1975
2022
2052
2045
2036
2021
2002
2005
1999
2008
2047
2085
2132
2178
2198
2189
2160
2101
2015
1918
1805
1742
1708
1707
1723
1729
1740
1757
1816
1880
1949
2011
2086
2154
2227
2260
2250
2252
2260
2264
2250
2230
2227
2209
2190
2171
2143
2132
2103
2099
2066
2023
1959
1909
1852
1842
1835
1861
1871
1923
1970
2027
2095
2154
2172
2192
2196
2208
2211
2191
2140
2111
2069
2048
2040
2053
2040
2018
1991
1974
1980
1988
1978
1947
1911
1868
1862
1864
1899
1938
1983
2015
2049
2055
2073
2059
2072
2067
2072
2083
2115
2130
2138
2127
2128
2126
2112
2089
2079
2072
2081
2079
2048
2003
1977
1986
2003
2004
1965
1907
1834
1761
1702
1667
1646
1609
1569
1571
1579
1603
1593
1544
1487
1443
1404
1393
1387
1401
1431
1495
1571
1624
1671
1725
1778
1819
1842
1866
1882
1915
1971
2001
2028
2039
2049
2068
2069
2058
2027
2009
2034
2057
2080
2072
2083
2084
2079
2073
2092
2099
2099
2107
2111
2105
2080
2033
1982
1937
1907
1877
1855
1815
1760
1731
1721
1746
1792
1846
1886
1920
1974
2018
2046
2056
2075
2070
2062
2039
1982
1952
1931
1931
1942
1913
1900
1909
1956
1979
2008
2043
2082
2103
2138
2175
2229
2256
2260
2239
2236
2207
2208
2199
2206
2224
2241
2272
2320
2380
2412
2423
2400
2374
2328
2266
2188
2128
2086
2066
2064
2071
2058
2079
2078
2089
2081
2057
2018
1998
1979
1985
2021
2107
2207
2288
2323
2335
2329
2315
2306
2286
2249
2231
2235
2250
2243
2256
2280
2304
2338
2348
2386
2412
2444
2470
2510
2532
2528
2493
2438
2390
2373
2354
2363
2360
2356
2322
2311
2292
2296
2280
2281
2257
2238
2196
2157
2112
2082
2073
2080
2085
2090
2069
2044
2038
2054
2084
2092
2072
2054
2028
2004
2009
2028
2019
2010
2008
2027
2071
2128
2179
2201
2231
2255
2275
2281
2271
2259
2259
2274
2291
2329
2353
2390
2433
2475
2512
2515
2520
2544
2560
2578
2576
2576
2564
2546
2540
2527
2518
2516
2491
2452
2419
2394
2399
2416
2434
2445
2453
2427
2428
2429
2434
2441
2456
2458
2468
2483
2490
2491
2502
2532
2564
2576
2582
2590
2594
2586
2587
2592
2596
2595
2605
2646
2674
2690
2704
2715
2714
2702
2690
2664
2651
2636
2605
2594
2575
2569
2554
2569
2557
2581
2592
2605
2615
2645
2664
2654
2639
2633
2610
2610
2600
2586
2573
2586
2581
2589
2581
2567
2540
2534
2519
2529
2552
2553
2587
2614
2619
2604
2582
2517
2481
2428
2377
2328
2282
2251
2237
2231
2260
2291
2339
2361
2395
2400
2422
2458
2480
2499
2519
2546
2579
2579
2583
2577
2578
2573
2564
2548
2538
2511
2490
2489
2490
2462
2431
2414
2408
2416
2420
2389
2352
2344
2315
2307
2303
2294
2281
2243
2223
2243
2258
2291
2308
2337
2368
2451
2486
2496
2503
2510
2490
2464
2444
2412
2373
2330
2289
2266
2220
2174
2144
2135
2140
2131
2140
2125
2129
2136
2127
2099
2079
2064
2039
2038
2055
2077
2097
2115
2130
2140
2172
2225
2266
2294
2316
2356
2384
2427
2480
2514
2512
2507
2506
2489
2451
2412
2365
2322
2263
2240
2239
2247
2245
2225
2193
2139
2123
2144
2186
2257
2292
2344
2398
2445
2469
2471
2461
2448
2449
2440
2440
2411
2380
2308
2220
2127
2079
2059
2065
2069
2132
2202
2282
2324
2337
2330
2292
2259
2231
2183
2164
2157
2158
2164
2146
2121
2120
2127
2109
2097
2063
2034
2006
2037
2067
2102
2115
2164
2181
2204
2215
2243
2247
2247
2228
2251
2237
2248
2277
2320
2341
2393
2426
2448
2450
2438
2420
2394
2346
2287
2237
2202
2174
2148
2148
2164
2219
2260
2325
2351
2346
2332
2310
2272
2240
2187
2119
2019
1976
1962
1973
1996
2049
2110
2167
2214
2233
2263
2299
2339
2383
2416
2418
2403
2368
2324
2279
2260
2258
2258
2240
2236
2246
2256
2272
2275
2277
2259
2236
2201
2188
2197
2212
2248
2273
2267
2260
2262
2246
2218
2203
2273
2282
2302
2310
2331
2314
2316
2311
2301
2270
2234
2174
2111
2068
2027
1979
1934
1923
1934
1962
2012
2031
2076
2102
2109
2103
2091
2072
2055
2055
2067
2114
2172
2229
2270
2308
2323
2357
2376
2367
2352
2350
2324
2303
2255
2200
2148
2124
2112
2114
2116
2135
2135
2140
2143
2166
2174
2199
2206
2207
2196
2203
2201
2220
2233
2249
2273
2321
2355
2370
2383
2370
2374
2389
2399
2384
2371
2350
2344
2347
2366
2392
2410
2402
2429
2434
2444
2396
2341
2255
2169
2090
2044
1999
2001
2009
2051
2069
2114
2157
2196
2216
2235
2237
2235
2239
2260
2283
2298
2320
2295
2280
2269
2248
2235
2245
2229
2207
2170
2164
2151
2129
2111
2110
2111
2116
2106
2089
2078
2040
2018
2004
1972
1921
1882
1883
1911
1969
2019
2071
2131
2179
2212
2236
2263
2283
2284
2265
2223
2194
2193
2192
2218
2261
2275
2308
2339
2346
2346
2339
2334
2326
2290
2270
2263
2284
2287
2265
2237
2218
2195
2170
2136
2104
2063
2037
2032
2028
2009
2008
2041
2076
2105
2118
2125
2120
2118
2111
2118
2115
2130
2151
2194
2216
2243
2257
2238
2233
2240
2235
2249
2261
2281
2292
2328
2348
2367
2380
2388
2386
2390
2371
2357
2307
2267
2218
2173
2120
2085
2043
2034
2029
2008
2001
2011
2031
2077
2136
2179
2203
2203
2237
2267
2298
2318
2350
2406
2422
2406
2377
2327
2314
2302
2313
2311
2307
2276
2248
2269
2297
2310
2302
2252
2241
2231
2259
2284
2297
2303
2302
2326
2341
2350
2361
2362
2338
2307
2283
2267
2247
2222
2224
2213
2199
2196
2202
2216
2207
2170
2153
2154
2174
2185
2169
2144
2117
2095
2082
2067
2030
2004
2019
2067
2131
2173
2226
2272
2320
2345
2377
2403
2395
2388
2395
2411
2417
2423
2402
2406
2414
2416
2409
2408
2406
2410
2401
2366
2339
2336
2312
2305
2296
2289
2289
2306
2311
2335
2345
2384
2398
2422
2407
2386
2343
2294
2249
2202
2153
2112
2082
2062
2081
2084
2101
2109
2107
2110
2120
2149
2174
2182
2213
2254
2302
2331
2353
2343
2324
2299
2287
2283
2269
2250
2256
2217
2229
2239
2269
2290
2330
2356
2383
2360
2348
2346
2337
2327
2317
2295
2269
2247
2225
2218
2236
2237
2249
2270
2306
2361
2396
2410
2376
2355
2314
2280
2229
2203
2213
2235
2281
2324
2363
2393
2381
2350
2329
2305
2274
2259
2267
2288
2316
2378
2386
2374
2339
2284
2228
2191
2154
2104
2067
2046
2056
2075
2078
2106
2129
2166
2193
2187
2192
2162
2131
2096
2072
2071
2074
2097
2119
2135
2157
2162
2160
2155
2128
2121
2112
2109
2102
2105
2086
2043
1997
1971
1945
1906
1886
1895
1914
1948
1978
2000
2011
2027
2065
2118
2160
2189
2188
2154
2102
2058
2026
2017
1998
1976
1995
2008
2036
2078
2113
2096
2076
1992
1943
1881
1825
1784
1780
1773
1771
1804
1832
1867
1916
1935
1945
1933
1922
1916
1907
1878
1875
1848
1846
1837
1833
1856
1878
1901
1908
1902
1884
1853
1824
1809
1791
1782
1762
1766
1766
1784
1801
1825
1849
1886
1892
1903
1888
1881
1852
1866
1874
1893
1917
1946
1944
1934
1911
1906
1876
1850
1798
1753
1676
1600
1541
1518
1527
1558
1617
1702
1778
1836
1898
1995
2075
2145
2207
2256
2294
2305
2300
2274
2279
2268
2253
2244
2214
2185
2145
2104
2067
2049
2061
2095
2138
2187
2218
2272
2307
2338
2352
2382
2388
2367
2338
2331
2315
2299
2280
2267
2259
2242
2259
2303
2346
2382
2408
2412
2426
2438
2435
2419
2414
2358
2304
2211
2143
2070
2034
2006
2001
1995
1998
2007
2039
2086
2137
2199
2224
2247
2266
2277
2289
2278
2250
2197
2156
2123
2094
2078
2058
2036
2038
2037
2047
2062
2052
2074
2095
2133
2146
2165
2162
2172
2171
2189
2197
2230
2231
2271
2278
2284
2272
2238
2187
2165
2122
2073
2039
1997
1968
1970
1961
1957
1988
2027
2072
2077
2090
2087
2102
2094
2088
2034
2026
2003
1982
1963
1948
1935
1946
1940
1963
1944
1931
1937
1940
1929
1929
1917
1903
1871
1842
1843
1871
1874
1880
1875
1831
1805
1792
1807
1814
1834
1877
1966
2016
2049
2065
2067
2071
2061
2048
2022
1992
1927
1867
1810
1763
1712
1671
1620
1613
1613
1629
1679
1734
1804
1882
1950
1983
1983
1978
1971
1962
1945
1941
1917
1908
1901
1897
1865
1843
1841
1854
1868
1882
1922
1953
2002
2020
2027
2029
1979
1927
1905
1891
1899
1903
1880
1849
1818
1787
1765
1714
1695
1695
1730
1749
1769
1786
1824
1846
1868
1874
1881
1881
1922
1975
2023
2081
2119
2115
2080
2004
1949
1925
1902
1899
1878
1867
1856
1853
1842
1838
1821
1820
1823
1862
1897
1927
1929
1929
1887
1856
1812
1815
1818
1815
1816
1835
1848
1872
1867
1821
1732
1655
1596
1578
1599
1630
1669
1705
1714
1707
1696
47.29248047
1.663696289
999
