5835
1804
1774
1783
1765
1754
1747
1751
1781
1797
1814
1797
1834
1825
1898
1864
1903
1853
1905
1875
1919
1881
1911
1882
1924
1872
1880
1819
1842
1828
1834
1799
1801
1768
1772
1751
1707
1708
1683
1687
1660
1670
1665
1700
1638
1678
1634
1688
1654
1682
1628
1679
1651
1722
1696
1748
1731
1796
1787
1826
1827
1854
1866
1865
1841
1818
1832
1815
1841
1794
1814
1795
1812
1747
1751
1713
1769
1756
1777
1749
1785
1803
1831
1835
1845
1873
1895
1909
1895
1902
1905
1938
1911
1944
1897
1958
1947
1999
1957
2005
1993
2036
1995
2033
1983
2017
1966
1983
1980
1977
1983
1980
1962
1931
1928
1896
1925
1859
1880
1827
1870
1805
1823
1765
1806
1804
1856
1808
1859
1851
1933
1910
1938
1915
1971
1981
2024
1992
2027
2020
2016
2007
1970
1969
1967
1960
1895
1889
1855
1892
1848
1873
1861
1925
1918
1943
1922
1946
1969
1995
1988
2007
2027
2041
2064
2053
2083
2094
2128
2107
2129
2078
2120
2067
2095
2034
2053
2011
2045
1998
2037
2005
2045
2006
2021
1975
2022
2009
2016
2005
1990
1991
1982
1976
1939
1949
1919
1969
1947
1999
1973
2069
2046
2108
2034
2062
2005
2050
1964
1966
1893
1912
1918
1917
1905
1910
1951
1961
1975
1955
1990
1962
1993
1952
1977
1935
1986
1944
1959
1916
1920
1929
1975
1963
1966
1976
1992
2010
1996
2000
1985
2024
1997
1994
1956
1975
1944
1961
1915
1944
1930
1953
1949
1945
1945
1962
1979
1951
1964
1953
1968
1950
1979
1915
1936
1898
1941
1892
1910
1862
1911
1876
1911
1864
1882
1859
1841
1852
1822
1832
1831
1858
1835
1876
1824
1887
1864
1920
1869
1916
1882
1936
1866
1889
1829
1891
1873
1896
1851
1885
1904
1918
1909
1923
1948
1970
1971
1961
1964
1949
2009
1984
2003
1947
2011
1984
2013
1962
1968
1951
1989
1959
1967
1976
2011
2054
2051
2053
2039
2063
2054
2079
2027
2029
2005
2044
2003
2033
2035
2068
2118
2113
2136
2134
2166
2163
2169
2116
2147
2095
2145
2106
2146
2090
2132
2110
2163
2129
2161
2132
2178
2133
2164
2150
2123
2149
2098
2115
2066
2095
2052
2091
2036
2082
2035
2098
2054
2090
2026
2080
2065
2091
2051
2070
2062
2093
2045
2050
2039
2032
2067
2059
2061
2060
2111
2096
2130
2083
2120
2117
2151
2097
2103
2074
2112
2106
2098
2102
2117
2133
2131
2154
2126
2154
2160
2182
2151
2189
2183
2221
2198
2214
2179
2224
2205
2216
2189
2203
2215
2217
2224
2187
2189
2191
2216
2185
2239
2204
2275
2238
2288
2227
2267
2220
2259
2235
2240
2199
2221
2246
2258
2230
2202
2234
2226
2258
2213
2249
2234
2294
2250
2288
2231
2282
2253
2277
2208
2226
2181
2213
2155
2153
2093
2113
2068
2041
2013
1971
1989
1961
1967
1936
1960
1957
2004
1959
1958
1914
1956
1924
1937
1901
1907
1933
1953
1974
1971
2001
2018
2063
2035
2048
2007
2067
2049
2062
2021
2023
2014
2026
1981
1944
1927
1932
1912
1870
1858
1813
1857
1848
1881
1831
1865
1818
1867
1794
1827
1791
1854
1819
1853
1840
1874
1883
1886
1870
1862
1866
1870
1869
1828
1850
1817
1866
1817
1830
1770
1823
1795
1851
1807
1861
1854
1925
1893
1934
1918
1966
1960
1980
1962
1993
1990
1992
2010
1974
1985
1962
1979
1922
1930
1868
1889
1846
1856
1803
1818
1805
1824
1808
1789
1797
1804
1849
1854
1882
1894
1949
1961
2017
1999
2041
2055
2098
2058
2081
2061
2064
2086
2078
2060
2039
2075
2032
2066
2012
2065
2041
2108
2044
2108
2110
2162
2175
2194
2143
2150
2159
2196
2191
2135
2157
2129
2184
2156
2182
2140
2207
2174
2223
2151
2158
2093
2131
2067
2070
2055
2042
2058
2075
2076
2082
2122
2114
2184
2159
2197
2175
2228
2209
2234
2219
2222
2205
2200
2153
2138
2107
2112
2115
2079
2073
2037
2059
2035
2039
1981
2002
2006
2055
2031
2056
2029
2067
2050
2051
2059
2038
2073
2054
2059
2046
2097
2085
2165
2122
2189
2159
2234
2199
2240
2184
2202
2172
2206
2148
2171
2160
2193
2206
2187
2197
2194
2252
2236
2246
2232
2299
2273
2300
2249
2304
2286
2356
2307
2352
2322
2358
2340
2349
2314
2307
2298
2263
2271
2215
2220
2183
2229
2202
2223
2211
2258
2262
2306
2272
2278
2255
2273
2257
2219
2216
2198
2218
2200
2220
2191
2228
2207
2247
2222
2250
2218
2264
2228
2207
2194
2174
2202
2189
2219
2210
2214
2151
2214
2172
2212
2161
2214
2194
2244
2238
2253
2254
2294
2310
2332
2332
2355
2384
2354
2377
2319
2376
2338
2373
2291
2328
2273
2334
2290
2315
2267
2320
2306
2320
2309
2270
2302
2299
2320
2281
2272
2218
2262
2212
2237
2187
2228
2212
2254
2235
2249
2264
2316
2341
2349
2351
2348
2350
2333
2349
2311
2351
2350
2376
2323
2342
2324
2356
2356
2344
2316
2320
2333
2326
2339
2301
2330
2308
2348
2284
2308
2283
2284
2253
2256
2228
2232
2230
2247
2243
2214
2242
2231
2272
2223
2227
2179
2188
2142
2186
2121
2161
2121
2191
2146
2195
2211
2219
2246
2245
2249
2243
2251
2209
2260
2196
2210
2130
2187
2124
2149
2103
2122
2083
2112
2053
2056
2060
2116
2135
2116
2122
2111
2150
2140
2167
2135
2192
2164
2199
2146
2150
2135
2187
2188
2223
2235
2231
2258
2269
2293
2258
2282
2262
2302
2275
2283
2252
2302
2298
2316
2311
2304
2315
2311
2331
2293
2293
2268
2299
2248
2283
2234
2274
2232
2259
2199
2231
2204
2253
2243
2244
2221
2213
2196
2166
2200
2160
2184
2158
2229
2172
2211
2179
2235
2215
2269
2241
2294
2281
2329
2304
2289
2275
2290
2311
2283
2264
2217
2235
2214
2234
2156
2151
2108
2132
2069
2079
2051
2057
2057
2053
2042
2029
2038
2018
2064
2023
2043
2044
2116
2104
2155
2154
2157
2172
2195
2183
2178
2199
2224
2240
2195
2190
2127
2171
2136
2147
2075
2095
2082
2096
2085
2066
2046
2056
2046
2015
2023
1975
1998
1971
2019
1971
2028
2017
2094
2075
2126
2086
2125
2098
2144
2131
2117
2127
2143
2193
2186
2219
2205
2256
2216
2256
2187
2217
2191
2254
2191
2240
2217
2233
2231
2233
2218
2215
2218
2194
2216
2175
2180
2144
2171
2117
2124
2079
2084
2066
2087
2061
2074
2065
2095
2099
2078
2094
2103
2143
2110
2111
2065
2100
2105
2143
2120
2157
2162
2205
2174
2183
2195
2155
2173
2136
2146
2104
2131
2076
2120
2056
2073
2028
2063
2008
2023
1992
1986
1989
1994
1986
1984
2005
2033
2076
2024
2068
2013
2088
2053
2090
2035
2081
2060
2137
2118
2152
2114
2163
2155
2152
2163
2115
2127
2098
2104
2056
2065
2028
2069
2033
2066
2026
2084
2165
2146
2160
2186
2155
2198
2161
2169
2129
2181
2175
2223
2189
2192
2186
2208
2178
2163
2141
2089
2118
2102
2110
2066
2086
2067
2110
2078
2099
2071
2146
2129
2159
2128
2156
2169
2170
2165
2138
2164
2159
2207
2175
2226
2160
2215
2169
2210
2143
2182
2135
2181
2168
2170
2162
2201
2204
2204
2205
2167
2181
2160
2190
2140
2167
2134
2174
2122
2131
2077
2125
2104
2118
2077
2074
2048
2049
2048
2035
2030
2021
2067
2063
2087
2063
2081
2071
2115
2090
2111
2093
2095
2114
2107
2120
2119
2164
2153
2176
2135
2160
2142
2186
2159
2189
2151
2187
2188
2172
2151
2139
2137
2136
2134
2097
2107
2078
2133
2067
2091
2030
2094
2055
2090
2035
2063
2028
2091
2069
2093
2098
2087
2140
2110
2133
2121
2177
2164
2235
2184
2252
2219
2281
2222
2252
2180
2212
2203
2231
2211
2220
2215
2219
2213
2202
2261
2227
2281
2241
2266
2204
2244
2199
2238
2228
2258
2229
2260
2244
2255
2241
2207
2226
2217
2215
2170
2173
2155
2198
2187
2213
2191
2240
2264
2304
2288
2291
2303
2295
2300
2250
2230
2197
2215
2167
2169
2110
2132
2118
2156
2108
2140
2129
2146
2151
2133
2118
2110
2145
2121
2141
2080
2121
2096
2155
2095
2151
2101
2158
2142
2145
2108
2139
2138
2159
2125
2122
2144
2137
2191
2161
2193
2160
2214
2182
2211
2144
2171
2119
2160
2107
2139
2115
2120
2141
2151
2163
2154
2190
2180
2197
2161
2182
2159
2214
2198
2234
2191
2230
2263
2281
2269
2258
2268
2280
2267
2235
2257
2228
2276
2246
2268
2206
2234
2197
2213
2169
2142
2111
2121
2123
2099
2110
2067
2111
2081
2117
2073
2123
2104
2162
2128
2158
2104
2162
2118
2142
2103
2123
2145
2147
2170
2137
2142
2140
2159
2131
2171
2106
2159
2126
2161
2090
2126
2070
2107
2095
2089
2065
2081
2094
2090
2081
2040
2065
2062
2093
2044
2070
2041
2087
2063
2084
2073
2106
2109
2130
2122
2130
2129
2114
2135
2112
2105
2072
2087
2053
2072
2010
1998
1949
1972
1923
1930
1917
1895
1929
1907
1899
1852
1877
1845
1872
1822
1865
1846
1928
1906
1931
1881
1911
1939
1950
1957
1941
1960
1967
2003
1965
2005
1951
2036
2008
2071
2027
2074
2021
2050
2002
1987
1958
1981
1977
1967
1976
1920
1967
1937
1960
1913
1952
1931
2003
1982
2020
1989
2051
2023
2028
1975
1981
1969
1956
1964
1953
1958
1961
2012
2018
2060
2018
2038
2017
2040
2002
2021
2007
2030
2044
2052
2058
2074
2112
2119
2138
2105
2137
2128
2170
2131
2143
2112
2122
2130
2129
2124
2121
2125
2125
2112
2094
2127
2107
2165
2111
2152
2103
2177
2148
2189
2142
2164
2154
2215
2191
2219
2211
2200
2249
2210
2228
2188
2219
2183
2211
2147
2178
2147
2212
2160
2200
2152
2182
2159
2158
2114
2119
2126
2132
2125
2111
2123
2102
2147
2117
2138
2092
2152
2133
2187
2157
2202
2180
2214
2164
2168
2134
2109
2113
2093
2093
2082
2095
2083
2114
2078
2105
2074
2122
2097
2111
2072
2065
2078
2072
2068
2058
2092
2104
2123
2110
2149
2092
2144
2102
2118
2019
2034
1999
2035
2017
2027
2026
2071
2110
2120
2137
2112
2174
2165
2196
2140
2182
2159
2216
2178
2204
2145
2200
2167
2192
2135
2136
2145
2165
2169
2144
2133
2130
2133
2074
2083
2009
2041
2018
2044
1989
2027
2007
2045
2016
2013
1989
2008
2008
2021
2032
2004
2043
2044
2082
2035
2047
2015
2045
2044
2044
2035
2056
2073
2092
2086
2103
2119
2105
2130
2096
2102
2049
2084
2053
2071
2013
2027
2010
2051
2037
2078
2081
2072
2094
2067
2075
2050
2085
2060
2077
2013
2055
2017
2082
2021
2049
1983
2014
2016
2018
1972
1952
1938
1948
1919
1874
1885
1830
1885
1829
1854
1794
1849
1811
1853
1802
1850
1835
1913
1898
1923
1912
1905
1931
1928
1936
1900
1924
1918
1953
1902
1907
1857
1917
1885
1891
1831
1832
1819
1823
1801
1796
1805
1826
1851
1860
1897
1878
1934
1933
1950
1931
1979
1977
2008
1987
1971
1953
1976
1984
1958
1954
1905
1927
1889
1901
1845
1868
1824
1859
1837
1846
1803
1829
1813
1844
1818
1819
1839
1827
1858
1835
1867
1841
1887
1850
1904
1830
1853
1813
1881
1825
1847
1803
1830
1848
1858
1834
1827
1844
1848
1839
1783
1826
1807
1860
1809
1841
1809
1869
1882
1927
1894
1930
1929
1987
1969
1961
1957
1932
1963
1948
1947
1913
1962
1950
1999
1980
2007
1985
2021
1998
2005
1962
1915
1941
1935
1950
1931
1948
1938
1956
1889
1891
1826
1865
1824
1867
1820
1855
1877
1903
1935
1944
1959
1972
2001
1974
2023
1958
2013
1970
2017
1947
1961
1896
1924
1898
1921
1881
1913
1902
1919
1927
1896
1920
1933
1983
1970
2004
1993
2063
2036
2071
2013
2038
2001
2035
1976
1994
1974
1980
1957
1922
1886
1879
1879
1821
1841
1793
1819
1820
1869
1842
1880
1882
1929
1934
1922
1899
1877
1888
1876
1899
1865
1907
1892
1955
1922
1959
1936
1970
1971
1990
1947
1946
1938
1958
1959
1964
1986
1950
1998
1969
1984
1938
1986
1953
1989
1919
1915
1842
1885
1820
1817
1783
1742
1753
1750
1794
1787
1827
1834
1904
1880
1932
1890
1968
1934
1981
1904
1915
1896
1911
1907
1904
1889
1909
1938
1930
1965
1916
1942
1919
1966
1929
1966
1959
2010
1982
1984
1942
1943
1923
1901
1873
1828
1802
1796
1839
1789
1787
1750
1795
1784
1807
1767
1781
1766
1804
1784
1785
1792
1783
1794
1765
1760
1729
1776
1762
1809
1777
1816
1809
1859
1813
1833
1816
1819
1836
1827
1835
1828
1876
1894
1933
1902
1969
1923
2003
1962
1999
1932
1977
1967
1997
1963
1976
1953
1984
1977
1984
2022
1988
2036
2025
2046
1992
2013
1965
2018
1987
2026
1963
2022
1988
2031
2050
2071
2106
2140
2146
2124
2111
2108
2127
2082
2079
2026
2069
2058
2098
2057
2095
2087
2128
2114
2115
2105
2125
2144
2144
2163
2132
2153
2135
2164
2122
2141
2112
2151
2143
2143
2128
2130
2147
2151
2165
2125
2143
2127
2198
2161
2201
2175
2241
2241
2282
2251
2303
2306
2354
2318
2319
2337
2325
2358
2357
2384
2365
2398
2342
2399
2336
2378
2330
2382
2323
2358
2321
2321
2306
2314
2266
2259
2236
2252
2261
2226
2247
2208
2255
2235
2270
2232
2281
2267
2315
2272
2286
2243
2277
2267
2273
2259
2246
2273
2280
2284
2252
2274
2267
2325
2298
2296
2261
2304
2294
2316
2315
2281
2282
2285
2289
2256
2272
2257
2279
2253
2285
2236
2278
2247
2290
2243
2284
2269
2287
2290
2309
2324
2360
2380
2354
2384
2327
2351
2292
2321
2250
2287
2235
2283
2252
2288
2233
2265
2249
2291
2273
2244
2240
2211
2230
2177
2171
2126
2146
2095
2124
2043
2066
2026
2088
2051
2083
2059
2083
2096
2104
2085
2078
2105
2084
2123
2075
2096
2077
2132
2104
2128
2122
2139
2141
2175
2157
2170
2188
2235
2245
2225
2220
2207
2241
2207
2202
2160
2190
2165
2192
2142
2153
2128
2162
2146
2157
2180
2164
2203
2184
2197
2143
2146
2090
2157
2100
2121
2069
2140
2130
2174
2153
2140
2134
2132
2121
2088
2086
2079
2098
2045
2083
2029
2079
2047
2106
2058
2137
2118
2180
2168
2202
2173
2212
2206
2219
2230
2198
2205
2196
2230
2195
2232
2218
2277
2265
2303
2251
2287
2262
2290
2240
2229
2194
2193
2208
2196
2199
2191
2219
2212
2242
2210
2237
2215
2239
2176
2170
2140
2122
2122
2106
2097
2073
2083
2061
2105
2075
2115
2105
2162
2128
2171
2156
2183
2181
2205
2175
2179
2163
2189
2174
2125
2164
2142
2193
2161
2203
2157
2224
2195
2260
2209
2256
2197
2248
2208
2245
2243
2225
2249
2255
2260
2243
2255
2224
2292
2243
2282
2238
2300
2282
2322
2281
2285
2268
2299
2265
2247
2208
2219
2213
2199
2208
2178
2218
2221
2276
2248
2322
2293
2351
2362
2375
2325
2335
2315
2281
2267
2222
2210
2213
2222
2169
2175
2149
2206
2189
2210
2179
2225
2231
2257
2256
2242
2243
2253
2272
2224
2235
2199
2223
2196
2246
2198
2271
2262
2342
2304
2352
2329
2320
2309
2294
2259
2239
2219
2188
2230
2172
2206
2128
2201
2142
2184
2156
2180
2146
2186
2163
2175
2146
2191
2207
2217
2251
2236
2279
2273
2304
2265
2300
2252
2303
2262
2290
2242
2295
2286
2291
2278
2253
2262
2268
2282
2258
2251
2227
2265
2252
2263
2219
2254
2223
2244
2217
2188
2184
2198
2216
2191
2186
2191
2216
2214
2258
2230
2287
2284
2334
2298
2302
2330
2304
2306
2269
2267
2228
2216
2193
2156
2157
2130
2162
2115
2135
2107
2159
2127
2167
2127
2173
2130
2184
2122
2146
2133
2145
2161
2165
2167
2158
2160
2113
2151
2076
2085
2034
2093
2032
2061
2015
2035
2018
2062
2034
2044
2030
2068
2060
2044
2039
2022
2083
2064
2073
2041
2088
2089
2135
2093
2107
2096
2161
2142
2149
2138
2121
2152
2162
2166
2149
2186
2175
2234
2204
2223
2189
2239
2199
2216
2197
2199
2208
2213
2199
2175
2181
2183
2198
2152
2202
2145
2188
2138
2162
2093
2152
2107
2153
2127
2158
2129
2162
2162
2169
2187
2151
2183
2162
2199
2163
2181
2147
2185
2113
2131
2050
2083
2039
2074
2039
2034
2007
1998
1999
1992
1994
1993
2018
1995
2033
1994
2022
2020
2082
2049
2071
2046
2071
2080
2077
2053
2038
2057
2048
2072
2014
2026
2009
2054
2028
2072
2069
2083
2078
2093
2063
2053
2057
2084
2117
2096
2119
2094
2124
2075
2088
2039
2068
2035
2080
2014
2036
1996
2038
1990
1999
2009
2031
2074
2070
2082
2070
2087
2051
2118
2046
2083
2015
2071
2018
2062
2035
2069
2063
2104
2091
2115
2086
2115
2129
2110
2119
2084
2122
2098
2148
2097
2146
2087
2136
2087
2078
2023
2061
2045
2062
2060
2038
2053
2074
2092
2077
2092
2077
2126
2124
2144
2124
2164
2175
2198
2154
2127
2094
2094
2088
2047
2031
2006
2018
1984
2007
1951
1973
1981
2020
1987
2035
2022
2055
2071
2089
2075
2075
2112
2104
2151
2106
2143
2119
2183
2135
2188
2153
2203
2193
2235
2218
2259
2244
2292
2303
2282
2294
2286
2338
2320
2355
2331
2365
2307
2348
2283
2298
2234
2283
2218
2236
2183
2193
2184
2209
2199
2204
2212
2196
2258
2218
2235
2180
2230
2210
2240
2201
2222
2210
2254
2223
2253
2231
2284
2265
2263
2247
2212
2244
2236
2233
2198
2221
2189
2210
2165
2164
2123
2169
2161
2178
2165
2140
2176
2196
2214
2179
2185
2155
2220
2184
2212
2162
2216
2185
2201
2171
2172
2176
2224
2227
2221
2221
2249
2268
2250
2275
2219
2264
2234
2268
2196
2223
2166
2225
2180
2198
2128
2161
2131
2139
2127
2097
2104
2124
2147
2134
2135
2115
2165
2130
2153
2110
2137
2114
2152
2107
2119
2084
2104
2107
2109
2089
2080
2106
2106
2139
2109
2140
2137
2199
2154
2192
2164
2171
2169
2178
2168
2161
2174
2148
2169
2117
2142
2116
2159
2118
2146
2123
2150
2111
2129
2062
2051
1994
2033
2029
2000
1993
1958
2014
1997
2014
1992
2034
2013
2073
2021
2059
1999
2068
2027
2074
2031
2040
2054
2062
2035
2040
2039
2003
2044
1997
2029
1982
2022
1984
2014
1977
1977
1942
1976
1967
1959
1911
1915
1911
1889
1925
1881
1912
1899
1964
1934
1967
1937
1964
1949
1936
1887
1879
1861
1863
1901
1872
1887
1890
1936
1929
1971
2004
2069
2087
2118
2089
2097
2081
2095
2069
2031
2035
2033
2082
2071
2082
2047
2073
2056
2094
2033
2059
2026
2082
2030
2046
2008
2012
2049
2061
2040
2037
2053
2045
2102
2035
2079
2039
2106
2066
2112
2087
2122
2094
2141
2072
2102
2059
2091
2071
2053
2040
1999
2013
1977
1986
1975
2030
1990
2061
2036
2091
2048
2087
2039
2049
2014
2004
1995
2018
2026
2023
2011
2007
2086
2089
2106
2066
2101
2094
2117
2084
2089
2066
2109
2135
2132
2121
2119
2144
2144
2166
2125
2153
2117
2158
2101
2138
2075
2098
2081
2076
2027
2039
2046
2053
2076
2017
2028
2000
2033
1996
2018
1977
2036
2022
2068
2019
2083
2076
2138
2120
2118
2099
2099
2105
2087
2066
2045
2038
2000
2043
2001
2047
2026
2096
2052
2118
2072
2092
2058
2064
2024
2019
1989
1959
1973
1938
1951
1929
1965
1928
1954
1931
1960
1936
1966
1936
1943
1917
1947
1957
1982
2020
2013
2070
2095
2124
2101
2135
2087
2123
2093
2101
2042
2074
2049
2057
2053
2047
2065
2073
2082
2047
2044
1993
2066
2029
2080
2015
2094
2067
2100
2062
2072
2022
2052
2043
2054
2027
2050
2066
2063
2098
2059
2119
2117
2166
2121
2182
2145
2229
2196
2220
2169
2211
2180
2200
2190
2185
2175
2202
2203
2180
2171
2162
2220
2190
2207
2162
2185
2176
2203
2186
2201
2169
2168
2174
2175
2175
2170
2182
2178
2189
2160
2175
2150
2202
2174
2219
2200
2221
2225
2229
2212
2187
2208
2201
2239
2217
2239
2224
2299
2273
2313
2291
2321
2280
2327
2293
2316
2272
2290
2255
2215
2194
2148
2188
2168
2198
2162
2207
2182
2264
2212
2261
2202
2261
2205
2236
2191
2179
2162
2169
2145
2147
2151
2132
2209
2165
2194
2162
2222
2170
2170
2124
2147
2100
2132
2101
2126
2101
2141
2122
2106
2084
2031
2031
1996
1976
1927
1947
1901
1927
1899
1914
1890
1915
1908
1921
1922
1903
1913
1938
1965
1957
1963
1933
1974
1953
1969
1939
1971
1957
2007
2016
2001
2008
2016
2064
2054
2082
2073
2089
2057
2092
2015
2048
1998
2039
1967
2001
1911
1904
1875
1881
1841
1848
1855
1867
1918
1901
1929
1931
1998
1975
2001
1976
2006
1969
2013
1961
1987
1965
2027
2006
1999
1978
1971
1996
1979
1960
1939
1947
1915
1964
1919
1930
1885
1922
1908
1939
1912
1900
1899
1909
1892
1873
1882
1868
1917
1889
1918
1881
1932
1918
1943
1947
1970
1982
2012
2010
2016
1999
2031
2057
2028
2061
2004
2032
1999
2032
1969
2006
1951
2013
1969
1995
1945
1989
1978
1994
2014
1994
2023
2055
2100
2089
2119
2086
2138
2085
2120
2054
2105
2100
2163
2138
2158
2128
2160
2172
2162
2126
2129
2114
2085
2114
2079
2119
2115
2156
2121
2165
2123
2147
2144
2139
2100
2076
2063
2040
2079
2031
2050
2028
2085
2062
2066
2027
2030
2021
2052
2030
2044
2038
2067
2063
2068
2094
2074
2122
2118
2143
2102
2148
2134
2165
2138
2162
2119
2150
2127
2150
2162
2131
2159
2144
2159
2127
2161
2152
2229
2208
2265
2227
2296
2271
2319
2284
2294
2263
2266
2258
2239
2230
2237
2256
2213
2246
2199
2233
2205
2253
2195
2250
2194
2243
2224
2243
2207
2240
2232
2257
2282
2257
2267
2285
2311
2270
2274
2248
2290
2276
2309
2275
2315
2294
2316
2314
2309
2287
2286
2296
2266
2259
2256
2268
2253
2263
2208
2232
2218
2258
2225
2250
2242
2244
2263
2265
2268
2272
2310
2277
2313
2240
2280
2240
2302
2255
2282
2259
2270
2251
2272
2236
2245
2237
2244
2241
2185
2189
2130
2148
2086
2106
2042
2107
2063
2137
2076
2124
2069
2116
2068
2110
2093
2094
2130
2158
2167
2167
2189
2187
2256
2215
2259
2223
2288
2260
2288
2239
2224
2182
2180
2155
2136
2093
2108
2105
2083
2103
2066
2126
2125
2156
2117
2146
2136
2176
2175
2177
2160
2175
2198
2186
2186
2140
2154
2132
2176
2141
2167
2133
2162
2128
2137
2095
2113
2084
2104
2112
2092
2098
2084
2123
2108
2137
2116
2154
2119
2156
2102
2163
2130
2197
2133
2154
2117
2110
2097
2086
2068
2060
2065
2069
2129
2086
2133
2108
2181
2138
2183
2160
2205
2209
2255
2236
2258
2241
2275
2258
2226
2206
2170
2195
2158
2165
2117
2143
2124
2159
2133
2138
2122
2171
2160
2183
2195
2182
2242
2258
2271
2255
2285
2268
2319
2276
2295
2261
2314
2278
2294
2282
2265
2281
2279
2263
2230
2235
2231
2239
2188
2215
2148
2210
2167
2214
2172
2240
2199
2218
2174
2189
2167
2196
2194
2180
2206
2161
2183
2175
2220
2178
2229
2190
2243
2206
2249
2196
2242
2206
2251
2235
2246
2256
2272
2290
2288
2292
2289
2307
2293
2317
2254
2290
2281
2340
2296
2305
2280
2297
2310
2302
2296
2295
2324
2288
2310
2253
2273
2252
2287
2214
2212
2176
2172
2168
2178
2156
2142
2153
2152
2158
2123
2132
2108
2160
2107
2140
2111
2162
2150
2177
2138
2172
2166
2216
2192
2193
2221
2205
2264
2255
2285
2259
2298
2270
2341
2279
2324
2279
2333
2279
2326
2309
2328
2324
2348
2342
2337
2324
2335
2333
2276
2304
2250
2297
2274
2313
2266
2279
2230
2264
2236
2238
2193
2202
2164
2136
2121
2077
2107
2091
2105
2080
2114
2097
2156
2155
2171
2126
2143
2140
2140
2155
2137
2139
2135
2178
2139
2175
2177
2216
2196
2204
2143
2156
2142
2167
2113
2105
2088
2067
2075
2043
2050
2026
2067
2036
2085
2016
2048
2010
2071
2000
2042
1982
1994
1963
1977
1959
1984
1996
2025
2051
2011
2034
1990
2030
1973
2010
1956
1986
1954
1992
1931
1957
1939
1986
1957
1991
1996
1975
2003
1996
1988
1960
1993
1998
2033
1999
1981
2024
2005
2038
2003
2007
1995
2017
1988
1995
2007
2020
2017
2024
2055
2054
2117
2082
2137
2086
2163
2159
2204
2163
2165
2152
2172
2144
2133
2139
2094
2135
2135
2161
2114
2167
2150
2194
2121
2115
2055
2115
2069
2094
2035
2069
2082
2079
2063
2030
2020
2012
2009
1955
1973
1921
1982
1944
1997
1944
1984
1955
2008
1979
1997
1978
2006
1990
1988
1998
1965
2000
1996
2039
2012
2043
2027
2072
2046
2058
2008
2019
1993
2005
1973
1961
1933
1910
1921
1885
1888
1875
1912
1866
1879
1825
1834
1820
1842
1807
1826
1811
1805
1815
1794
1805
1801
1847
1821
1850
1823
1852
1824
1859
1774
1773
1711
1711
1683
1678
1655
1653
1683
1711
1716
1723
1782
1750
1823
1767
1801
1737
1814
1768
1806
1736
1765
1724
1764
1703
1726
1723
1737
1769
1758
1771
1748
1792
1798
1855
1817
1846
1806
1867
1815
1853
1803
1810
1791
1784
1755
1745
1747
1751
1748
1704
1715
1681
1737
1723
1741
1695
1715
1692
1703
1667
1664
1665
1689
1721
1715
1750
1738
1787
1780
1821
1783
1809
1791
1858
1842
1841
1786
1800
1785
1796
1770
1782
1818
1815
1846
1817
1839
1830
1885
1857
1905
1850
1907
1889
1939
1870
1905
1865
1869
1860
1841
1826
1839
1857
1832
1838
1790
1847
1839
1898
1846
1875
1845
1871
1859
1872
1849
1878
1888
1922
1919
1926
1956
1947
1988
1939
1968
1932
1973
1933
1943
1904
1920
1911
1926
1912
1928
1934
1937
1958
1937
1951
1923
1961
1950
1987
1953
1979
1968
2028
2031
2079
2058
2106
2155
2167
2185
2160
2182
2179
2200
2178
2223
2175
2255
2215
2264
2214
2285
2246
2261
2225
2216
2211
2231
2203
2185
2194
2145
2216
2187
2222
2169
2230
2182
2232
2187
2211
2154
2206
2169
2188
2157
2166
2160
2154
2157
2147
2175
2169
2162
2126
2157
2120
2165
2141
2147
2107
2147
2117
2119
2114
2100
2093
2099
2110
2091
2100
2061
2097
2078
2098
2056
2068
2049
2073
2063
2059
2061
2059
2070
2069
2064
2066
2088
2058
2092
2026
2034
1993
2032
1987
2015
1979
2012
2025
2081
2051
2074
2090
2086
2142
2127
2156
2126
2174
2126
2170
2106
2144
2114
2174
2115
2151
2105
2161
2201
2216
2215
2232
2263
2282
2276
2241
2279
2254
2307
2248
2279
2228
2292
2247
2272
2220
2230
2221
2248
2218
2224
2207
2204
2224
2207
2215
2186
2233
2231
2260
2212
2237
2222
2270
2239
2259
2230
2231
2255
2242
2246
2224
2238
2234
2242
2209
2237
2195
2238
2204
2217
2173
2194
2172
2182
2160
2139
2131
2127
2125
2098
2107
2048
2102
2082
2139
2091
2169
2160
2229
2196
2237
2187
2242
2208
2220
2168
2167
2196
2189
2200
2162
2179
2171
2208
2183
2213
2160
2208
2175
2205
2146
2186
2153
2194
2178
2175
2169
2191
2195
2179
2186
2148
2191
2172
2204
2156
2187
2196
2234
2242
2246
2228
2269
2283
2286
2272
2250
2263
2242
2246
2178
2177
2133
2165
2127
2136
2111
2120
2109
2124
2104
2113
2113
2096
2129
2090
2100
2059
2117
2091
2130
2075
2105
2063
2121
2072
2108
2060
2072
2125
2118
2138
2107
2151
2125
2132
2096
2135
2073
2150
2116
2174
2130
2186
2160
2207
2174
2189
2178
2209
2212
2211
2230
2195
2234
2191
2213
2172
2210
2195
2238
2196
2203
2167
2217
2186
2210
2174
2180
2199
2170
2171
2141
2151
2135
2151
2140
2125
2086
2118
2095
2109
2078
2073
2039
2040
2042
2024
2033
2056
2097
2061
2099
2069
2112
2082
2106
2063
2081
2058
2081
2079
2083
2089
2118
2157
2144
2131
2113
2154
2117
2153
2058
2077
2009
2035
1957
1971
1909
1931
1918
1960
1931
1952
1930
1917
1939
1905
1930
1901
1950
1935
1988
1946
2003
1985
2065
2020
2061
2020
2067
2092
2093
2059
2039
2042
2041
2006
1939
1937
1903
1960
1928
1963
1932
2002
2007
2055
2041
2051
2060
2091
2082
2067
2064
2038
2065
2014
2032
1996
2053
2034
2087
2056
2091
2094
2132
2122
2125
2118
2114
2157
2136
2140
2104
2141
2130
2149
2106
2143
2095
2134
2094
2123
2071
2114
2063
2062
2042
2015
2001
2008
2015
1993
2016
1955
2006
1967
2022
1973
2027
1993
2037
2009
2040
1995
2024
1999
2010
1976
1979
2010
2009
2054
2039
2060
2045
2095
2091
2136
2110
2153
2136
2148
2094
2084
2072
2075
2071
2040
2030
2027
2067
2061
2088
2060
2071
2069
2090
2057
2079
2067
2098
2126
2106
2110
2107
2154
2140
2136
2073
2103
2071
2119
2068
2099
2044
2110
2081
2104
2073
2076
2068
2086
2038
2027
2014
1969
2009
1963
1990
1965
2044
2016
2093
2067
2123
2100
2178
2127
2155
2103
2126
2143
2156
2166
2155
2163
2157
2182
2164
2208
2160
2222
2171
2202
2152
2202
2160
2186
2165
2172
2153
2172
2144
2128
2130
2089
2147
2138
2158
2111
2142
2133
2188
2167
2163
2119
2127
2114
2110
2072
2042
2061
2051
2065
2035
2048
2051
2100
2088
2091
2064
2119
2114
2146
2123
2147
2159
2162
2172
2143
2168
2169
2207
2168
2201
2168
2211
2175
2207
2141
2167
2118
2125
2109
2074
2045
2047
2046
2034
2022
1990
2012
1973
2023
1971
2013
1970
2035
2001
2039
1991
2019
2001
2060
2035
2059
2071
2064
2095
2103
2137
2107
2148
2131
2164
2116
2135
2091
2138
2079
2105
2062
2082
2098
2111
2106
2101
2130
2150
2142
2136
2162
2130
2177
2157
2170
2130
2179
2180
2199
2188
2191
2195
2215
2216
2201
2213
2159
2195
2134
2137
2072
2118
2079
2112
2066
2067
2039
2087
2088
2109
2081
2088
2115
2094
2119
2078
2098
2069
2100
2063
2103
2045
2122
2102
2152
2108
2171
2173
2217
2227
2230
2232
2240
2241
2214
2229
2173
2210
2175
2210
2161
2191
2152
2188
2174
2199
2187
2210
2220
2253
2243
2239
2252
2258
2287
2243
2258
2222
2255
2236
2271
2232
2235
2236
2274
2250
2246
2261
2272
2317
2285
2288
2269
2326
2308
2341
2310
2342
2330
2386
2350
2371
2332
2332
2357
2339
2331
2303
2325
2312
2331
2291
2327
2291
2360
2304
2331
2275
2342
2283
2322
2284
2279
2279
2303
2323
2307
2342
2290
2327
2279
2307
2247
2279
2236
2261
2191
2187
2141
2169
2136
2155
2119
2130
2152
2155
2171
2144
2153
2140
2191
2178
2218
2181
2196
2207
2248
2219
2212
2178
2168
2173
2146
2136
2115
2133
2101
2110
2094
2111
2113
2153
2118
2133
2101
2088
2119
2115
2113
2101
2133
2128
2125
2080
2117
2095
2158
2104
2134
2066
2157
2131
2154
2127
2138
2140
2168
2134
2124
2110
2083
2145
2115
2153
2099
2169
2126
2176
2128
2172
2132
2208
2149
2188
2141
2149
2158
2135
2106
2077
2086
2084
2080
2031
2066
2018
2070
2028
2061
2025
2064
2014
2045
2001
1987
1971
1988
1967
1960
1949
1901
1918
1890
1921
1903
1933
1941
1983
1991
2020
1985
2021
2016
2031
2025
2041
2064
2074
2121
2095
2126
2115
2171
2155
2168
2136
2164
2147
2167
2122
2118
2108
2097
2111
2081
2089
2078
2139
2117
2161
2097
2143
2104
2140
2071
2092
2043
2066
2062
2066
2021
2034
2056
2070
2049
2033
2059
2026
2086
2008
2038
1996
2066
2027
2066
1997
2024
1993
2036
1982
1998
1973
1954
1966
1943
1935
1909
1929
1909
1901
1845
1869
1819
1874
1861
1884
1869
1912
1958
1998
2032
2049
2064
2073
2075
2029
2049
1987
2031
1993
1997
1931
1947
1915
1911
1888
1898
1901
1928
1946
1947
1994
1961
2006
1975
2017
1955
1990
1944
1975
1939
1950
1893
1944
1917
1932
1879
1867
1883
1868
1896
1874
1914
1929
1979
1945
1987
1931
1965
1917
1944
1866
1892
1851
1876
1864
1858
1835
1875
1907
1916
1955
1924
1977
1975
2031
1990
2019
1992
2042
2023
2029
2004
2031
2054
2077
2058
2061
2066
2062
2087
2044
2056
2031
2082
2062
2084
2049
2064
2058
2080
2054
2054
2068
2063
2089
2072
2078
2038
2077
2052
2062
2004
2016
1971
2006
1959
1978
1921
1949
1986
2009
2015
2009
2037
2054
2079
2059
2110
2069
2153
2134
2192
2146
2213
2175
2235
2203
2215
2175
2196
2154
2131
2129
2084
2104
2089
2115
2079
2121
2104
2150
2079
2099
2032
2079
2050
2081
2019
2042
2040
2050
2038
2042
2050
2053
2073
2066
2099
2072
2124
2103
2122
2095
2120
2105
2137
2125
2119
2102
2103
2103
2088
2077
2037
2051
2044
2072
2028
2058
2016
2024
2009
2019
1994
2000
2007
2022
2007
2013
2033
2013
2067
2043
2075
2045
2094
2076
2127
2090
2130
2107
2149
2084
2080
2033
1998
2025
1996
1935
1952
1982
1992
1979
2016
1983
2063
2009
2063
2007
2063
2016
2052
1991
2003
1976
2019
1983
2008
2009
2003
2045
2046
2064
2050
2112
2103
2156
2100
2112
2083
2114
2077
2093
2057
2050
2071
2076
2089
2068
2079
2069
2068
2044
2056
2035
2068
2042
2053
2008
2033
2028
2044
2047
2040
2054
2075
2096
2079
2098
2047
2103
2050
2079
2014
2039
1993
2016
1995
1998
1958
1967
1950
1946
1889
1861
1870
1843
1841
1785
1797
1759
1804
1767
1804
1763
1833
1805
1862
1821
1844
1839
1855
1871
1853
1835
1823
1846
1843
1881
1833
1865
1829
1875
1842
1858
1829
1849
1854
1845
1826
1826
1859
1869
1866
1851
1879
1845
1887
1861
1885
1840
1880
1880
1901
1891
1894
1906
1935
1947
1945
1975
1967
2008
1991
2024
1979
2031
2000
2034
1992
1987
1928
1936
1903
1899
1864
1852
1885
1882
1911
1892
1924
1920
1982
1945
1964
1907
1969
1951
1989
1925
1947
1930
1966
1982
1967
1962
1979
2012
1999
2048
1997
2071
2067
2119
2060
2088
2067
2105
2084
2108
2082
2121
2119
2132
2102
2094
2126
2130
2153
2110
2140
2138
2205
2193
2215
2176
2198
2186
2226
2167
2183
2162
2152
2163
2138
2156
2148
2176
2160
2210
2184
2192
2169
2206
2167
2185
2150
2152
2180
2182
2187
2171
2189
2170
2182
2131
2165
2117
2187
2155
2200
2155
2212
2171
2195
2152
2151
2150
2183
2190
2178
2201
2147
2208
2181
2212
2158
2217
2181
2222
2160
2181
2124
2179
2142
2171
2109
2114
2126
2135
2136
2110
2115
2134
2155
2132
2162
2106
2162
2130
2135
2078
2108
2062
2085
2067
2062
2064
2104
2100
2082
2088
2046
2073
2058
2087
2047
2075
2050
2073
2082
2099
2094
2124
2136
2139
2145
2122
2128
2106
2143
2099
2114
2082
2147
2122
2147
2097
2125
2130
2172
2142
2171
2177
5835
1827
1835
1851
1857
1863
1869
1859
1870
1868
1858
1843
1836
1840
1836
1829
1816
1819
1801
1782
1773
1779
1759
1747
1733
1694
1663
1642
1623
1603
1603
1607
1618
1619
1637
1671
1696
1713
1726
1731
1746
1760
1755
1766
1776
1799
1819
1843
1865
1880
1883
1881
1885
1883
1852
1831
1794
1779
1762
1748
1738
1737
1733
1737
1734
1745
1761
1796
1821
1838
1863
1863
1869
1862
1864
1862
1867
1881
1903
1903
1907
1923
1939
1960
1966
1982
1988
1993
2004
2004
2018
2008
1995
1987
1986
1989
1979
1977
1966
1962
1949
1938
1932
1913
1879
1857
1835
1802
1781
1781
1782
1782
1785
1811
1849
1880
1913
1934
1965
1993
2015
2025
2036
2044
2052
2069
2070
2051
2028
1999
1974
1937
1914
1886
1870
1858
1857
1844
1849
1867
1897
1916
1939
1967
1986
1992
2011
2029
2046
2061
2062
2066
2094
2103
2114
2124
2131
2132
2127
2102
2071
2053
2039
2025
2002
1993
2019
2033
2025
2016
1997
1976
1972
1949
1939
1930
1926
1905
1878
1881
1903
1907
1919
1947
1963
1980
2000
2009
2022
2023
2020
2009
1985
1959
1927
1912
1904
1885
1867
1861
1867
1898
1935
1984
1997
2011
2012
2013
2002
1991
1984
1977
1971
1963
1953
1952
1949
1962
1974
1998
2008
2011
2027
2034
2044
2056
2086
2107
2101
2086
2058
2033
2008
1976
1957
1928
1936
1939
1950
1959
1972
1992
2018
2003
1999
1993
1980
1964
1953
1941
1941
1945
1958
1967
1968
1971
1960
1947
1956
1953
1951
1947
1948
1929
1906
1890
1881
1870
1876
1883
1903
1899
1903
1913
1919
1937
1951
1944
1929
1912
1918
1908
1894
1892
1891
1893
1920
1945
1977
2017
2043
2064
2059
2058
2055
2062
2044
2046
2035
2012
1978
1969
1945
1944
1929
1933
1926
1956
1965
1992
2043
2086
2107
2112
2118
2102
2103
2097
2095
2088
2082
2079
2081
2082
2093
2104
2135
2161
2171
2177
2180
2184
2178
2169
2157
2156
2156
2153
2145
2140
2155
2147
2144
2136
2124
2110
2118
2122
2123
2111
2111
2129
2136
2134
2140
2122
2112
2118
2123
2116
2126
2132
2139
2147
2144
2128
2115
2108
2108
2101
2096
2096
2097
2086
2077
2073
2065
2077
2080
2109
2115
2135
2146
2166
2161
2155
2156
2154
2132
2116
2111
2117
2122
2147
2149
2153
2175
2191
2201
2212
2212
2220
2222
2218
2213
2207
2208
2217
2214
2209
2204
2211
2211
2197
2207
2216
2220
2203
2191
2192
2192
2224
2238
2248
2264
2282
2293
2303
2300
2295
2289
2267
2243
2227
2217
2206
2192
2177
2182
2191
2202
2206
2217
2240
2253
2249
2260
2266
2276
2273
2267
2259
2260
2228
2214
2199
2183
2161
2128
2095
2068
2040
2015
1992
1963
1942
1927
1910
1912
1909
1909
1921
1918
1907
1899
1905
1891
1883
1868
1869
1884
1905
1930
1948
1970
1983
1991
2017
2029
2039
2036
2037
2037
2041
2030
2036
2030
2023
1977
1924
1898
1874
1848
1820
1792
1789
1777
1786
1792
1786
1770
1760
1772
1788
1808
1827
1827
1843
1848
1845
1837
1838
1827
1823
1817
1801
1783
1777
1784
1782
1778
1775
1783
1778
1776
1778
1797
1816
1836
1850
1851
1860
1883
1912
1956
1984
1993
2018
2019
2008
2009
2010
2000
1984
1953
1921
1878
1847
1816
1798
1767
1752
1734
1718
1739
1752
1769
1791
1804
1818
1825
1855
1889
1907
1931
1955
1984
2009
2024
2051
2051
2051
2047
2040
2020
2003
1998
1985
1979
1977
1978
1973
1989
2004
2009
2032
2068
2100
2114
2123
2133
2137
2132
2123
2135
2137
2138
2129
2142
2139
2146
2163
2187
2190
2165
2151
2141
2116
2082
2065
2062
2057
2042
2057
2060
2064
2087
2107
2126
2158
2184
2210
2220
2220
2214
2207
2218
2217
2200
2193
2172
2170
2159
2131
2115
2083
2061
2048
2040
2044
2056
2055
2051
2048
2051
2055
2058
2064
2070
2066
2066
2053
2063
2070
2081
2071
2065
2088
2108
2130
2162
2191
2221
2234
2247
2267
2265
2259
2260
2251
2245
2232
2228
2234
2225
2213
2218
2227
2233
2230
2232
2231
2219
2221
2239
2249
2284
2302
2302
2306
2316
2318
2325
2350
2354
2340
2332
2299
2278
2263
2248
2239
2220
2200
2200
2196
2204
2224
2252
2291
2313
2318
2330
2328
2315
2296
2278
2258
2245
2222
2210
2205
2202
2212
2209
2211
2214
2217
2225
2197
2187
2180
2173
2163
2167
2157
2178
2184
2187
2188
2189
2200
2197
2195
2183
2205
2213
2230
2258
2280
2315
2346
2360
2376
2392
2381
2386
2386
2390
2392
2398
2377
2372
2366
2360
2348
2339
2329
2329
2340
2343
2344
2355
2375
2368
2348
2324
2319
2310
2308
2287
2286
2272
2278
2262
2270
2273
2287
2310
2328
2363
2387
2389
2376
2378
2383
2396
2379
2363
2352
2349
2356
2367
2371
2384
2378
2371
2367
2371
2371
2368
2370
2357
2356
2354
2353
2338
2314
2299
2289
2270
2249
2246
2232
2237
2251
2272
2291
2293
2300
2306
2308
2289
2264
2260
2222
2208
2193
2168
2151
2143
2146
2165
2189
2213
2228
2236
2245
2272
2267
2269
2276
2265
2259
2239
2229
2205
2174
2147
2122
2100
2073
2057
2046
2057
2079
2088
2091
2092
2083
2100
2113
2109
2118
2142
2147
2157
2168
2177
2183
2190
2208
2223
2237
2254
2265
2279
2302
2307
2320
2318
2328
2336
2342
2334
2322
2316
2320
2312
2310
2303
2297
2292
2286
2298
2285
2274
2270
2259
2264
2255
2245
2236
2215
2208
2197
2198
2208
2218
2219
2220
2228
2213
2217
2219
2231
2238
2222
2216
2214
2198
2196
2179
2178
2183
2203
2217
2232
2256
2280
2300
2320
2333
2318
2299
2270
2272
2247
2226
2195
2155
2114
2072
2029
2003
1977
1980
1977
1985
1993
1999
2009
2018
2016
2041
2053
2065
2083
2088
2118
2139
2157
2176
2198
2193
2190
2194
2188
2190
2201
2208
2217
2223
2208
2193
2173
2162
2144
2111
2096
2095
2107
2096
2091
2095
2083
2056
2051
2031
2018
2004
1994
2007
2018
2026
2043
2067
2082
2081
2103
2111
2134
2147
2169
2168
2184
2204
2238
2264
2280
2298
2285
2279
2263
2255
2246
2253
2250
2255
2241
2238
2230
2217
2224
2223
2220
2196
2174
2153
2131
2110
2099
2094
2080
2065
2063
2062
2062
2055
2053
2040
2032
2041
2057
2074
2091
2101
2117
2123
2118
2119
2120
2121
2122
2141
2156
2173
2184
2209
2218
2209
2203
2190
2172
2159
2131
2113
2106
2103
2105
2100
2065
2044
2004
1976
1961
1966
1961
1975
1986
2000
2009
2016
2034
2060
2077
2081
2090
2076
2063
2064
2071
2087
2092
2121
2138
2144
2145
2126
2120
2102
2072
2052
2052
2038
2034
2019
2023
2023
2030
2029
2031
2032
2047
2055
2072
2095
2113
2145
2162
2171
2190
2180
2174
2166
2172
2154
2145
2143
2139
2120
2096
2082
2074
2072
2039
2035
2041
2045
2059
2072
2092
2110
2128
2140
2149
2158
2158
2156
2159
2135
2131
2147
2156
2156
2152
2146
2152
2142
2142
2142
2134
2144
2138
2144
2151
2169
2182
2205
2213
2231
2234
2227
2216
2204
2182
2174
2157
2154
2131
2122
2099
2083
2082
2080
2059
2059
2049
2020
2016
2003
1992
1980
1991
2007
2042
2055
2073
2080
2086
2077
2095
2106
2113
2109
2102
2112
2119
2128
2139
2150
2159
2167
2161
2158
2158
2151
2148
2129
2118
2122
2102
2101
2084
2079
2066
2073
2079
2103
2103
2100
2099
2097
2090
2087
2067
2055
2035
2018
1994
1994
1997
2002
2020
2034
2035
2052
2071
2099
2117
2148
2172
2191
2202
2214
2231
2238
2230
2220
2208
2192
2191
2193
2208
2209
2236
2253
2275
2270
2272
2271
2294
2295
2281
2261
2265
2260
2256
2250
2232
2234
2239
2251
2237
2232
2229
2215
2202
2200
2187
2191
2190
2207
2211
2212
2234
2268
2280
2292
2292
2289
2283
2263
2249
2224
2197
2182
2170
2151
2134
2120
2126
2127
2135
2138
2155
2148
2140
2139
2135
2123
2118
2134
2138
2141
2131
2127
2127
2139
2132
2116
2105
2101
2110
2105
2102
2105
2112
2124
2138
2142
2159
2172
2187
2177
2155
2150
2147
2142
2131
2107
2095
2083
2080
2079
2084
2095
2100
2120
2131
2138
2134
2154
2156
2169
2161
2173
2185
2194
2211
2226
2240
2257
2282
2283
2283
2277
2263
2267
2270
2270
2260
2241
2220
2202
2179
2164
2158
2151
2130
2097
2070
2071
2070
2078
2069
2065
2083
2088
2116
2130
2132
2147
2153
2167
2166
2145
2141
2127
2116
2107
2113
2126
2133
2142
2168
2158
2170
2170
2162
2140
2126
2118
2111
2094
2091
2086
2076
2071
2065
2049
2041
2041
2045
2033
2017
2009
2010
2000
1983
1989
1984
1989
1990
2008
2026
2035
2043
2067
2080
2084
2097
2115
2113
2103
2092
2079
2055
2036
2017
1995
1970
1947
1940
1933
1922
1933
1926
1919
1908
1888
1883
1876
1866
1874
1885
1895
1914
1941
1964
1968
1971
1979
1993
1976
1972
1956
1952
1949
1967
1972
1991
1983
1992
1991
1994
2000
2010
1991
2002
1987
1969
1950
1943
1945
1932
1919
1922
1922
1926
1947
1965
1985
1972
1987
1988
1998
2014
2007
1995
1985
1967
1946
1923
1920
1937
1936
1946
1957
1970
1990
2016
2020
2014
2023
2031
2041
2051
2036
2054
2065
2065
2078
2115
2127
2114
2112
2128
2130
2129
2131
2155
2169
2174
2169
2156
2148
2144
2131
2116
2107
2094
2074
2079
2098
2116
2119
2131
2136
2143
2147
2149
2162
2168
2178
2170
2164
2171
2192
2173
2175
2168
2161
2153
2163
2160
2162
2155
2163
2171
2178
2165
2151
2130
2123
2112
2108
2107
2089
2067
2039
2025
2026
2033
2034
2050
2059
2081
2082
2109
2135
2151
2144
2147
2142
2109
2095
2070
2071
2068
2052
2050
2038
2031
2052
2080
2088
2098
2084
2073
2072
2052
2047
2032
2041
2044
2054
2063
2079
2095
2111
2105
2093
2095
2072
2034
1992
1952
1938
1921
1923
1935
1947
1972
2026
2068
2075
2078
2106
2120
2122
2119
2116
2122
2130
2135
2153
2162
2177
2186
2182
2156
2151
2150
2151
2126
2106
2084
2073
2064
2038
2018
1995
1994
1987
2001
2002
2006
2003
2007
2006
2016
2014
2014
2022
2036
2042
2065
2073
2079
2092
2105
2113
2116
2099
2072
2044
2027
2018
2010
2006
2024
2041
2066
2095
2119
2129
2133
2127
2105
2082
2050
2020
2000
2005
2016
2027
2032
2053
2060
2068
2086
2083
2075
2071
2052
2039
2028
2028
2030
2034
2046
2057
2049
2051
2053
2060
2059
2046
2019
1995
1970
1945
1933
1926
1910
1900
1885
1859
1835
1815
1796
1791
1788
1793
1807
1812
1827
1846
1857
1864
1866
1872
1868
1860
1859
1855
1843
1839
1833
1847
1858
1859
1842
1836
1836
1834
1815
1813
1807
1795
1800
1811
1814
1829
1854
1882
1897
1922
1960
1987
1989
1994
2005
2017
2018
2011
1986
1959
1948
1936
1931
1926
1911
1882
1853
1838
1825
1806
1795
1796
1803
1823
1847
1842
1819
1811
1807
1809
1805
1786
1788
1795
1800
1809
1821
1812
1809
1800
1789
1798
1799
1799
1801
1802
1807
1810
1803
1793
1778
1766
1760
1769
1757
1751
1730
1731
1737
1753
1764
1781
1811
1835
1857
1879
1881
1879
1878
1874
1861
1861
1857
1853
1855
1856
1876
1897
1921
1937
1928
1931
1933
1926
1910
1890
1878
1873
1882
1869
1871
1858
1831
1819
1814
1809
1806
1806
1814
1835
1860
1894
1927
1948
1976
2001
2006
2006
2003
1991
1973
1945
1923
1905
1895
1871
1838
1828
1821
1817
1807
1823
1844
1878
1899
1923
1928
1930
1955
1984
1995
2008
2015
1987
1973
1959
1941
1925
1904
1886
1863
1841
1815
1791
1782
1755
1733
1723
1723
1736
1774
1780
1816
1831
1857
1865
1875
1880
1880
1854
1827
1797
1783
1779
1783
1784
1791
1801
1819
1857
1884
1894
1895
1895
1880
1862
1865
1881
1908
1923
1949
1973
2013
2018
2024
2019
1995
1981
1959
1926
1888
1852
1801
1773
1750
1744
1746
1748
1754
1761
1787
1822
1846
1875
1886
1911
1928
1938
1931
1926
1928
1930
1919
1920
1913
1915
1914
1933
1934
1948
1989
1979
1975
1963
1951
1941
1922
1887
1866
1873
1887
1894
1885
1875
1845
1826
1819
1800
1781
1765
1787
1790
1800
1811
1819
1820
1820
1828
1825
1819
1814
1811
1818
1792
1775
1757
1728
1711
1714
1720
1732
1750
1757
1754
1747
1753
1766
1764
1763
1778
1767
1792
1833
1869
1910
1951
1988
2007
2009
2005
1993
1985
1987
1988
2004
2005
1992
1975
1963
1959
1971
1975
1983
2003
2039
2055
2048
2049
2039
2023
2026
2021
2034
2023
2014
2005
2019
2037
2070
2093
2098
2117
2119
2109
2089
2095
2088
2083
2078
2072
2070
2080
2078
2094
2103
2109
2117
2117
2115
2117
2121
2124
2127
2126
2134
2140
2156
2138
2132
2125
2133
2125
2127
2122
2137
2136
2125
2122
2128
2141
2151
2165
2182
2204
2224
2244
2250
2253
2274
2299
2323
2332
2344
2340
2351
2359
2358
2379
2391
2390
2384
2369
2362
2356
2352
2350
2353
2360
2354
2337
2326
2319
2301
2275
2251
2242
2237
2236
2235
2242
2242
2251
2266
2263
2277
2287
2299
2300
2298
2296
2283
2280
2298
2285
2287
2288
2282
2271
2279
2286
2300
2307
2322
2315
2320
2330
2326
2325
2317
2306
2304
2290
2287
2279
2300
2301
2291
2288
2301
2312
2314
2313
2311
2319
2317
2319
2335
2338
2335
2344
2358
2367
2381
2392
2394
2388
2387
2361
2324
2303
2291
2293
2293
2292
2297
2317
2327
2314
2284
2254
2232
2216
2193
2180
2149
2141
2129
2128
2108
2111
2089
2069
2055
2067
2067
2085
2088
2103
2126
2135
2145
2141
2138
2132
2142
2150
2156
2163
2157
2155
2169
2176
2171
2171
2193
2201
2196
2204
2217
2240
2248
2239
2230
2220
2224
2213
2212
2213
2196
2179
2162
2155
2145
2136
2142
2146
2163
2179
2184
2189
2182
2174
2164
2145
2124
2114
2101
2078
2066
2060
2074
2085
2088
2090
2097
2090
2076
2080
2073
2079
2076
2083
2083
2078
2087
2101
2114
2117
2133
2148
2157
2182
2216
2233
2242
2252
2241
2233
2219
2217
2236
2236
2237
2236
2250
2259
2268
2267
2269
2275
2284
2273
2286
2277
2258
2238
2212
2202
2200
2207
2228
2235
2244
2230
2209
2203
2195
2182
2176
2167
2152
2143
2123
2111
2105
2116
2117
2121
2121
2123
2133
2153
2157
2171
2176
2194
2201
2199
2182
2171
2158
2168
2166
2157
2147
2160
2170
2192
2210
2230
2231
2221
2206
2214
2203
2191
2185
2189
2208
2216
2239
2255
2267
2270
2276
2276
2271
2265
2279
2283
2293
2286
2290
2300
2298
2277
2291
2284
2264
2253
2224
2210
2207
2206
2222
2234
2242
2265
2272
2281
2294
2313
2316
2320
2308
2315
2295
2280
2259
2240
2214
2201
2198
2197
2196
2187
2196
2194
2212
2228
2244
2242
2236
2226
2234
2239
2257
2258
2258
2266
2272
2261
2263
2287
2299
2307
2332
2340
2344
2349
2361
2347
2326
2302
2261
2234
2210
2194
2188
2182
2174
2168
2161
2152
2149
2144
2150
2160
2162
2163
2198
2204
2192
2203
2205
2215
2236
2260
2268
2278
2292
2301
2289
2311
2307
2310
2291
2280
2271
2273
2269
2262
2260
2249
2230
2204
2205
2216
2232
2234
2242
2239
2228
2213
2206
2197
2188
2179
2179
2182
2204
2222
2225
2240
2259
2278
2295
2311
2320
2335
2352
2349
2370
2374
2379
2369
2357
2354
2332
2310
2268
2249
2230
2206
2097
2100
2108
2132
2152
2168
2178
2190
2222
2219
2214
2212
2214
2212
2211
2227
2244
2234
2217
2185
2151
2114
2075
2029
1998
1971
1956
1929
1929
1941
1956
1967
1999
2024
2035
2044
2055
2070
2081
2086
2087
2101
2104
2111
2123
2142
2152
2158
2163
2166
2162
2150
2146
2148
2145
2156
2161
2174
2191
2201
2203
2207
2225
2234
2242
2251
2224
2209
2210
2199
2181
2181
2161
2154
2149
2144
2150
2151
2152
2152
2143
2142
2129
2113
2115
2109
2102
2100
2107
2106
2116
2118
2132
2126
2120
2113
2122
2123
2132
2132
2131
2113
2106
2091
2078
2066
2052
2058
2051
2057
2047
2037
2022
2012
2004
1997
1992
2000
1999
2003
2032
2039
2050
2061
2082
2086
2084
2095
2088
2073
2052
2046
2045
2045
2051
2057
2080
2099
2117
2117
2125
2104
2079
2083
2081
2083
2088
2111
2138
2143
2126
2107
2094
2076
2059
2040
2024
2009
2008
2015
2023
2027
2029
2044
2070
2105
2111
2115
2129
2142
2140
2137
2126
2117
2094
2054
2049
2052
2054
2066
2075
2088
2123
2150
2147
2132
2117
2113
2096
2093
2089
2098
2101
2100
2089
2088
2076
2079
2050
2019
1991
1984
1987
1991
2000
2002
2008
2019
2049
2073
2098
2123
2137
2140
2152
2152
2175
2202
2196
2182
2160
2131
2101
2076
2030
2013
2018
1993
1998
2012
2012
2013
2024
2038
2053
2066
2076
2078
2090
2085
2097
2110
2115
2127
2152
2167
2172
2184
2202
2218
2238
2246
2254
2277
2288
2311
2329
2340
2352
2372
2380
2397
2417
2432
2437
2446
2446
2426
2398
2370
2348
2323
2303
2278
2247
2236
2226
2216
2207
2208
2219
2242
2232
2230
2214
2207
2202
2189
2196
2185
2189
2207
2232
2231
2237
2239
2236
2255
2266
2262
2250
2244
2234
2222
2202
2196
2209
2219
2220
2203
2190
2199
2198
2191
2184
2172
2181
2196
2204
2213
2223
2237
2227
2236
2248
2250
2238
2207
2177
2160
2158
2167
2182
2194
2212
2232
2258
2276
2278
2290
2290
2287
2274
2251
2250
2231
2210
2191
2186
2170
2154
2129
2127
2139
2137
2123
2110
2118
2132
2138
2143
2140
2138
2123
2114
2097
2099
2100
2095
2100
2105
2110
2103
2112
2122
2134
2143
2135
2139
2147
2153
2159
2171
2185
2200
2198
2191
2184
2159
2167
2164
2165
2147
2147
2152
2162
2181
2181
2196
2212
2215
2208
2187
2170
2154
2132
2112
2092
2061
2038
2013
2007
2020
2021
2037
2069
2097
2103
2106
2117
2114
2111
2084
2093
2107
2104
2106
2108
2112
2111
2104
2088
2078
2084
2082
2083
2066
2049
2039
2025
2019
2009
2010
2002
2002
1986
1971
1965
1951
1951
1939
1926
1916
1912
1927
1946
1942
1939
1936
1933
1917
1902
1888
1885
1861
1865
1888
1904
1916
1921
1931
1959
2004
2029
2057
2077
2082
2088
2077
2077
2067
2065
2055
2047
2049
2041
2043
2045
2041
2050
2061
2064
2062
2059
2057
2050
2038
2028
2009
2004
2001
2010
2013
2014
2034
2027
2017
2038
2046
2057
2057
2057
2067
2068
2087
2110
2113
2105
2088
2077
2059
2052
2032
2022
2014
2004
1994
1985
1972
1971
1972
1994
1990
2006
2012
2031
2047
2049
2036
2032
2033
2013
1997
1985
1981
1969
1988
2022
2053
2066
2084
2098
2108
2073
2069
2052
2038
2029
2029
2035
2046
2065
2086
2096
2106
2101
2092
2092
2104
2116
2115
2109
2085
2078
2084
2079
2057
2035
2016
2011
2001
1998
2001
2002
2014
2023
2042
2042
2058
2067
2080
2078
2092
2109
2116
2129
2143
2147
2141
2124
2092
2059
2024
2014
2012
2005
2010
2024
2024
2039
2052
2062
2064
2065
2057
2047
2031
2027
1995
1962
1956
1944
1929
1927
1919
1917
1927
1944
1947
1942
1944
1941
1933
1927
1918
1936
1966
1989
2010
2042
2053
2074
2076
2091
2083
2081
2077
2057
2029
2021
2008
2000
2003
2005
2003
1995
2016
2017
2006
2003
1990
1982
1974
1964
1963
1978
1976
1978
1975
1971
1966
1954
1944
1961
1979
1999
2011
2047
2066
2087
2102
2131
2140
2164
2185
2176
2165
2171
2161
2162
2150
2138
2158
2159
2166
2167
2165
2161
2163
2154
2163
2144
2132
2131
2132
2134
2155
2156
2160
2153
2158
2157
2159
2167
2171
2168
2159
2145
2151
2156
2165
2167
2166
2165
2176
2195
2193
2203
2203
2201
2176
2178
2183
2195
2215
2235
2257
2277
2292
2310
2331
2342
2341
2340
2323
2315
2307
2263
2243
2224
2193
2170
2163
2172
2160
2170
2188
2211
2216
2232
2244
2231
2238
2211
2189
2164
2158
2143
2138
2126
2139
2147
2174
2175
2174
2176
2176
2172
2166
2157
2132
2112
2100
2091
2096
2107
2117
2109
2098
2080
2056
2026
1980
1956
1931
1922
1907
1903
1889
1870
1855
1865
1860
1879
1894
1907
1903
1896
1911
1918
1919
1917
1899
1897
1905
1912
1925
1940
1966
1983
1995
2009
2030
2060
2108
2128
2128
2123
2114
2097
2080
2072
2057
2015
1988
1946
1921
1888
1863
1827
1804
1798
1817
1838
1869
1896
1933
1951
1972
1985
1988
1997
1987
1965
1948
1944
1959
1966
1974
1982
1981
1981
1982
1977
1958
1941
1912
1907
1895
1891
1881
1879
1878
1871
1879
1883
1886
1890
1892
1897
1899
1899
1890
1889
1895
1915
1920
1924
1933
1937
1945
1954
1971
1986
1988
1991
2002
2019
2040
2064
2068
2073
2077
2071
2052
2030
2015
1989
1971
1955
1939
1935
1944
1954
1965
1984
2011
2042
2056
2061
2072
2081
2091
2077
2072
2070
2070
2070
2079
2087
2094
2115
2140
2136
2144
2148
2151
2142
2127
2118
2113
2105
2099
2114
2127
2137
2128
2120
2112
2107
2094
2085
2064
2044
2019
1998
1983
1981
1978
1973
1969
1975
1986
1996
2007
2004
2008
2013
2030
2047
2057
2064
2099
2099
2102
2108
2120
2134
2130
2120
2120
2131
2139
2149
2156
2163
2169
2153
2145
2158
2158
2170
2180
2176
2181
2188
2208
2223
2226
2238
2240
2251
2264
2256
2242
2236
2243
2246
2236
2236
2220
2209
2207
2195
2181
2179
2176
2171
2166
2171
2168
2181
2204
2213
2223
2225
2238
2243
2252
2258
2259
2265
2286
2281
2288
2275
2278
2278
2280
2283
2286
2295
2313
2319
2327
2330
2328
2322
2324
2300
2280
2275
2257
2258
2253
2250
2264
2284
2295
2298
2299
2310
2316
2328
2337
2340
2323
2316
2303
2304
2299
2292
2278
2266
2247
2245
2251
2240
2245
2254
2255
2265
2249
2249
2227
2202
2181
2147
2107
2075
2051
2043
2039
2059
2073
2092
2095
2087
2084
2086
2098
2112
2132
2143
2181
2198
2207
2220
2231
2241
2249
2240
2241
2235
2240
2241
2235
2212
2190
2160
2133
2130
2109
2106
2117
2126
2127
2137
2148
2159
2158
2161
2160
2156
2160
2162
2130
2125
2118
2114
2111
2102
2100
2098
2097
2103
2123
2143
2146
2146
2139
2125
2111
2090
2086
2076
2061
2043
2032
2032
2044
2057
2060
2075
2087
2103
2099
2098
2111
2110
2125
2137
2128
2121
2093
2072
2094
2097
2100
2104
2104
2116
2141
2148
2167
2173
2179
2205
2226
2232
2239
2238
2233
2252
2260
2258
2250
2243
2221
2214
2188
2172
2139
2127
2121
2118
2136
2135
2139
2134
2137
2162
2188
2222
2250
2266
2294
2307
2306
2308
2317
2318
2322
2320
2308
2317
2328
2321
2316
2312
2299
2295
2285
2265
2242
2234
2233
2227
2221
2222
2222
2223
2211
2210
2204
2184
2186
2178
2176
2164
2163
2151
2154
2156
2159
2184
2221
2235
2251
2253
2251
2240
2249
2254
2265
2263
2262
2260
2276
2294
2298
2314
2305
2307
2293
2295
2282
2291
2303
2311
2301
2290
2285
2281
2288
2277
2266
2268
2288
2309
2312
2316
2322
2320
2303
2283
2254
2236
2217
2192
2149
2136
2132
2139
2135
2133
2122
2121
2135
2150
2156
2162
2156
2154
2166
2174
2202
2214
2222
2213
2222
2229
2234
2253
2276
2295
2303
2308
2319
2328
2339
2349
2357
2354
2358
2357
2350
2348
2351
2354
2355
2349
2351
2347
2356
2350
2346
2350
2340
2352
2340
2331
2311
2314
2315
2301
2290
2280
2265
2272
2243
2218
2196
2160
2137
2114
2095
2090
2079
2072
2078
2080
2102
2123
2142
2150
2147
2127
2121
2123
2130
2146
2156
2159
2188
2196
2190
2202
2215
2221
2209
2186
2180
2176
2153
2130
2105
2073
2049
2035
2036
2036
2021
2004
1978
1990
2007
2021
2023
2019
2011
1994
1995
1996
2000
2014
2038
2046
2035
2050
2061
2071
2042
2031
2012
2015
2003
1999
1988
1975
1966
1964
1978
1986
1999
2007
2009
2007
1995
2002
2007
1999
2001
1991
2002
2009
2001
1995
2000
2011
2015
2014
2011
2014
2011
2021
2029
2027
2012
1981
1996
2024
2067
2091
2094
2112
2123
2142
2158
2166
2168
2166
2177
2165
2159
2157
2149
2167
2177
2198
2199
2202
2198
2203
2183
2163
2154
2139
2116
2123
2129
2124
2116
2106
2099
2096
2096
2083
2057
2037
2020
2005
2001
1985
1979
1976
1967
1953
1950
1949
1971
1983
1975
1980
1990
1992
1988
1989
2011
2038
2041
2049
2061
2076
2060
2060
2061
2049
2027
2007
1995
1979
1955
1920
1901
1891
1863
1850
1838
1828
1826
1829
1826
1821
1806
1795
1790
1785
1791
1779
1780
1774
1764
1773
1771
1765
1787
1818
1812
1806
1801
1789
1763
1737
1699
1662
1641
1635
1642
1653
1671
1699
1738
1753
1785
1799
1801
1791
1766
1756
1755
1757
1775
1776
1784
1788
1781
1787
1773
1767
1774
1786
1798
1831
1839
1866
1883
1897
1907
1913
1880
1866
1825
1815
1787
1779
1766
1749
1731
1715
1702
1705
1709
1708
1712
1690
1697
1700
1677
1667
1664
1663
1673
1679
1679
1689
1723
1756
1779
1802
1833
1845
1852
1859
1851
1844
1829
1823
1812
1818
1807
1793
1788
1785
1791
1811
1840
1854
1885
1898
1912
1925
1941
1941
1950
1943
1923
1915
1911
1903
1894
1877
1844
1830
1809
1803
1806
1808
1817
1821
1815
1840
1859
1861
1867
1861
1878
1905
1902
1909
1931
1939
1931
1941
1961
1974
1997
2019
2021
2010
2013
2007
2007
1997
1981
1979
1979
1965
1956
1969
1972
1974
1972
1970
1980
2003
1994
1995
1999
2004
2028
2051
2073
2094
2132
2155
2167
2183
2193
2196
2172
2169
2163
2160
2164
2185
2217
2233
2252
2258
2267
2260
2271
2264
2256
2234
2212
2213
2211
2205
2198
2204
2210
2211
2214
2214
2200
2187
2185
2173
2160
2148
2135
2139
2145
2153
2166
2166
2160
2147
2149
2159
2161
2173
2178
2174
2168
2167
2154
2139
2134
2130
2142
2142
2135
2117
2097
2095
2089
2081
2059
2056
2045
2051
2045
2044
2035
2031
2030
2037
2043
2051
2072
2079
2091
2103
2096
2084
2073
2063
2050
2043
2040
2032
2038
2041
2061
2073
2102
2120
2121
2120
2118
2123
2125
2127
2121
2138
2126
2121
2119
2134
2144
2156
2178
2193
2211
2217
2237
2252
2267
2286
2310
2313
2320
2307
2300
2299
2291
2279
2264
2248
2232
2205
2188
2176
2162
2150
2154
2162
2172
2179
2171
2172
2187
2198
2190
2199
2201
2196
2200
2210
2227
2236
2222
2237
2228
2243
2249
2245
2255
2268
2266
2269
2265
2268
2269
2266
2247
2219
2200
2188
2164
2154
2158
2152
2148
2126
2095
2084
2094
2091
2097
2092
2115
2128
2142
2154
2178
2205
2223
2238
2246
2238
2231
2225
2221
2205
2202
2194
2185
2190
2202
2209
2224
2221
2216
2194
2188
2188
2176
2173
2183
2192
2204
2207
2206
2204
2206
2200
2186
2195
2189
2192
2200
2216
2232
2256
2254
2256
2258
2279
2288
2295
2285
2287
2294
2300
2305
2284
2265
2258
2233
2205
2194
2191
2189
2178
2190
2196
2199
2194
2188
2177
2171
2160
2149
2143
2131
2127
2124
2110
2097
2099
2098
2104
2119
2135
2135
2141
2151
2151
2156
2144
2153
2163
2178
2177
2187
2185
2179
2172
2159
2168
2174
2179
2201
2207
2212
2219
2227
2237
2242
2232
2239
2249
2246
2249
2253
2256
2224
2220
2214
2225
2210
2215
2226
2221
2207
2190
2186
2179
2174
2160
2136
2104
2084
2062
2069
2055
2068
2079
2078
2080
2086
2086
2067
2062
2052
2042
2051
2054
2065
2065
2063
2071
2073
2064
2053
2040
2027
2025
2028
2059
2085
2090
2105
2121
2142
2145
2142
2137
2121
2098
2060
2032
2006
1981
1945
1932
1918
1891
1902
1917
1918
1945
1935
1935
1930
1912
1904
1908
1894
1900
1919
1953
1985
2017
2036
2062
2072
2101
2116
2125
2129
2118
2100
2089
2087
2070
2052
2014
1990
1947
1935
1938
1959
1967
1998
2021
2040
2056
2072
2070
2074
2075
2076
2074
2077
2071
2070
2068
2079
2099
2110
2129
2145
2151
2157
2153
2154
2143
2144
2139
2135
2129
2139
2137
2131
2135
2129
2107
2097
2086
2065
2042
2015
1996
1986
1972
1953
1943
1928
1937
1942
1972
1977
1982
1985
1984
1979
1979
1969
1967
1963
1977
1982
1987
1985
1990
1988
1995
1994
1984
1995
2007
2032
2051
2062
2070
2097
2115
2132
2131
2127
2118
2102
2098
2088
2087
2076
2061
2048
2047
2038
2041
2051
2040
2039
2038
2038
2032
2025
2028
2037
2048
2066
2083
2099
2105
2109
2121
2119
2111
2091
2090
2095
2080
2068
2068
2076
2080
2079
2076
2049
2042
2023
2010
1992
1976
1976
1974
1965
1977
1983
2013
2045
2083
2107
2121
2123
2125
2127
2122
2122
2131
2147
2157
2179
2187
2201
2199
2218
2225
2239
2232
2232
2222
2242
2246
2250
2243
2235
2217
2196
2180
2174
2165
2156
2147
2135
2123
2123
2129
2136
2142
2151
2158
2141
2119
2087
2060
2039
2047
2033
2021
2027
2031
2044
2063
2077
2086
2099
2102
2121
2150
2145
2150
2147
2150
2157
2155
2157
2162
2180
2173
2169
2180
2180
2180
2180
2170
2147
2133
2128
2111
2097
2074
2064
2046
2017
2003
1993
1988
1993
1992
1992
1983
1982
1976
1973
1976
1983
1989
2002
2013
2048
2055
2067
2077
2084
2103
2116
2127
2134
2139
2134
2127
2116
2109
2090
2074
2063
2048
2046
2057
2057
2059
2056
2062
2064
2068
2072
2083
2091
2085
2095
2102
2102
2103
2111
2125
2141
2156
2174
2194
2203
2196
2177
2156
2124
2081
2050
2022
2021
2017
2008
2022
2046
2043
2040
2050
2027
2021
2016
2029
2044
2054
2046
2049
2040
2047
2067
2094
2134
2142
2142
2159
2204
2216
2214
2232
2245
2250
2241
2237
2246
2261
2265
2265
2263
2250
2234
2222
2203
2215
2234
2252
2251
2258
2259
2263
2271
2283
2290
2288
2304
2304
2308
2312
2312
2281
2270
2264
2261
2251
2252
2251
2256
2261
2279
2292
2292
2296
2307
2308
2303
2316
2333
2357
2360
2365
2359
2366
2370
2365
2344
2327
2318
2322
2312
2311
2315
2318
2324
2331
2349
2361
2355
2364
2353
2342
2340
2343
2330
2317
2301
2300
2308
2330
2334
2327
2334
2352
2350
2354
2333
2325
2299
2277
2245
2227
2198
2165
2149
2143
2134
2124
2126
2122
2117
2126
2142
2143
2150
2176
2196
2200
2214
2235
2255
2251
2243
2228
2221
2208
2208
2187
2159
2148
2133
2111
2109
2130
2139
2137
2159
2167
2156
2155
2136
2136
2141
2135
2119
2133
2127
2122
2139
2144
2149
2150
2150
2154
2158
2174
2173
2166
2169
2160
2143
2150
2147
2150
2138
2147
2154
2171
2186
2194
2201
2191
2177
2181
2177
2178
2166
2167
2170
2159
2147
2131
2123
2109
2095
2081
2074
2059
2070
2070
2071
2073
2063
2052
2049
2038
2022
2010
2005
1992
1977
1976
1961
1951
1957
1965
1970
1978
1989
2005
2001
2008
2014
2026
2030
2044
2053
2061
2079
2108
2117
2145
2159
2195
2201
2198
2195
2187
2179
2171
2164
2150
2122
2111
2115
2110
2102
2109
2118
2133
2151
2150
2160
2166
2167
2170
2163
2160
2153
2151
2141
2121
2123
2112
2106
2084
2076
2071
2059
2066
2078
2083
2094
2103
2102
2098
2069
2059
2051
2060
2069
2048
2043
2039
2023
2020
1998
1986
1965
1951
1936
1924
1910
1894
1867
1853
1840
1855
1860
1876
1895
1930
1967
2009
2031
2057
2077
2111
2116
2102
2098
2072
2049
2027
2004
1973
1953
1945
1945
1951
1968
1958
1961
1973
1974
1986
2002
2017
2027
2023
2019
2023
2024
1999
1982
1965
1954
1948
1954
1953
1949
1934
1937
1932
1934
1931
1957
1959
1974
1985
1983
1976
1970
1961
1932
1912
1902
1903
1890
1894
1907
1905
1881
1894
1918
1932
1942
1961
1976
1996
2017
2039
2056
2061
2055
2050
2052
2067
2081
2102
2116
2121
2127
2131
2119
2131
2116
2101
2093
2090
2085
2083
2063
2052
2062
2047
2056
2055
2067
2070
2070
2069
2054
2035
2030
2008
1982
1971
1965
1957
1953
1973
1977
1990
2000
2018
2042
2044
2064
2079
2071
2061
2074
2094
2108
2140
2185
2210
2230
2226
2219
2209
2204
2195
2164
2144
2111
2091
2060
2058
2055
2078
2091
2107
2113
2105
2095
2081
2053
2037
2015
2013
2002
1992
1992
2000
2001
2006
2023
2033
2045
2054
2086
2115
2124
2125
2129
2136
2145
2138
2139
2127
2122
2108
2098
2093
2093
2085
2093
2090
2082
2071
2076
2086
2093
2078
2064
2051
2038
2042
2022
2013
2019
2032
2038
2052
2066
2077
2076
2091
2099
2124
2134
2132
2127
2112
2094
2083
2059
2048
2039
2022
1991
1978
1952
1940
1925
1943
1959
1987
2000
2027
2044
2054
2057
2069
2011
1983
1981
1992
2002
1990
1967
1978
1992
2021
2061
2078
2095
2115
2128
2133
2135
2123
2117
2113
2095
2074
2070
2081
2093
2098
2102
2088
2092
2080
2068
2060
2058
2059
2058
2062
2054
2048
2050
2055
2067
2063
2066
2082
2105
2123
2122
2108
2102
2097
2102
2105
2077
2057
2031
2019
1997
1992
1979
1962
1946
1933
1927
1927
1919
1903
1869
1840
1811
1783
1767
1761
1767
1773
1779
1804
1822
1839
1854
1848
1855
1862
1869
1860
1844
1837
1838
1833
1830
1862
1872
1882
1896
1894
1890
1880
1870
1874
1873
1871
1876
1868
1878
1894
1903
1920
1930
1928
1929
1929
1924
1908
1910
1917
1948
1951
1968
1983
1994
1988
2007
2011
2023
2026
2033
2038
2045
2032
2024
2005
1984
1957
1929
1921
1891
1871
1877
1874
1875
1883
1907
1902
1897
1898
1901
1904
1918
1921
1935
1935
1936
1944
1958
1971
1981
1994
2007
2008
2014
2042
2056
2079
2091
2117
2122
2127
2126
2123
2128
2136
2127
2124
2116
2126
2125
2131
2136
2142
2146
2169
2188
2203
2213
2218
2227
2230
2232
2231
2220
2210
2206
2207
2207
2209
2214
2215
2213
2204
2192
2204
2211
2217
2208
2199
2205
2200
2205
2210
2220
2225
2220
2224
2236
2236
2229
2237
2240
2241
2235
2220
2215
2207
2201
2183
2170
2175
2185
2186
2183
2201
2216
2226
2245
2266
2260
2261
2234
2223
2208
2197
2189
2170
2166
2150
2135
2115
2103
2099
2097
2094
2094
2102
2118
2114
2123
2122
2135
2135
2147
2138
2123
2110
2109
2100
2103
2105
2111
2118
2130
2138
2117
2106
2101
2095
2097
2085
2092
2086
2072
2079
2091
2093
2097
2115
2108
2133
2141
2128
2122
2116
2114
2124
2117
2104
2099
2091
2082
2086
2107
2122
2131
2150
2167
2184
2198
2196
2205
2204
2207
2205
2179
2164
2154
2142
2121
2113
2096
5835
1708
1742
1781
1790
1791
1815
1813
1801
1779
1769
1770
1765
1753
1735
1688
1644
1616
1595
1577
1551
1513
1472
1419
1353
1269
1191
1131
1131
1139
1154
1165
1217
1254
1316
1400
1465
1523
1563
1579
1593
1585
1583
1624
1661
1709
1763
1819
1864
1884
1883
1882
1856
1827
1770
1691
1599
1515
1461
1437
1398
1392
1389
1413
1454
1489
1533
1629
1721
1799
1833
1854
1865
1851
1839
1821
1817
1841
1855
1870
1907
1958
2001
2039
2062
2078
2100
2124
2126
2115
2075
2023
1967
1929
1919
1926
1922
1935
1918
1875
1822
1773
1727
1684
1598
1524
1440
1384
1364
1392
1429
1466
1520
1609
1701
1803
1875
1949
2042
2106
2140
2162
2175
2188
2192
2193
2176
2117
2053
1975
1887
1787
1726
1668
1647
1619
1631
1650
1699
1746
1824
1885
1957
2014
2066
2100
2129
2158
2193
2210
2204
2221
2251
2292
2327
2343
2339
2293
2232
2174
2111
2051
1986
1933
1898
1900
1940
1966
1968
1959
1938
1888
1845
1805
1787
1763
1759
1723
1711
1689
1711
1759
1815
1880
1979
2051
2116
2148
2161
2147
2134
2105
2036
1955
1869
1794
1763
1725
1718
1735
1758
1827
1927
2044
2087
2120
2098
2072
2017
1990
1956
1954
1929
1902
1892
1911
1925
1958
1989
2036
2074
2107
2124
2148
2171
2213
2268
2292
2255
2212
2147
2066
1970
1891
1841
1822
1834
1835
1866
1910
1979
2021
2050
2029
1997
1973
1966
1946
1923
1922
1929
1914
1928
1942
1959
1959
1945
1942
1941
1920
1910
1884
1842
1786
1737
1697
1679
1682
1712
1753
1797
1817
1855
1868
1896
1930
1958
1956
1922
1869
1835
1802
1797
1807
1827
1862
1914
2003
2099
2183
2240
2295
2299
2287
2241
2215
2174
2146
2089
2027
1942
1879
1830
1832
1846
1868
1878
1935
2021
2145
2231
2284
2308
2310
2295
2241
2202
2164
2146
2148
2147
2127
2111
2115
2152
2222
2314
2392
2438
2447
2429
2407
2389
2370
2336
2301
2278
2284
2297
2319
2338
2296
2248
2215
2198
2191
2193
2187
2187
2186
2191
2212
2227
2245
2248
2221
2217
2184
2164
2142
2169
2176
2202
2217
2191
2149
2091
2072
2074
2078
2071
2055
2048
2040
2021
2020
2018
2053
2089
2157
2180
2206
2227
2265
2270
2261
2241
2233
2187
2143
2118
2132
2158
2217
2248
2268
2298
2332
2366
2378
2384
2378
2365
2312
2283
2277
2287
2306
2293
2273
2260
2274
2298
2312
2331
2323
2316
2290
2262
2246
2246
2292
2355
2436
2502
2557
2564
2566
2533
2475
2415
2354
2296
2240
2204
2192
2198
2204
2221
2234
2269
2294
2340
2376
2391
2376
2399
2397
2420
2422
2430
2402
2358
2306
2253
2195
2135
2072
2004
1922
1843
1761
1697
1634
1568
1524
1501
1492
1490
1508
1535
1591
1631
1653
1646
1627
1576
1555
1562
1607
1675
1759
1837
1923
1975
1997
2016
2046
2068
2083
2102
2125
2118
2102
2065
2046
1987
1890
1775
1625
1551
1498
1461
1419
1370
1378
1423
1463
1467
1456
1429
1420
1466
1523
1583
1633
1671
1703
1727
1725
1707
1677
1645
1617
1629
1622
1611
1589
1602
1595
1564
1536
1556
1564
1571
1585
1623
1685
1763
1819
1870
1927
1993
2034
2079
2113
2129
2131
2116
2114
2083
2056
2017
1948
1855
1746
1632
1524
1444
1400
1371
1359
1353
1381
1431
1497
1544
1598
1639
1679
1713
1785
1859
1924
1994
2066
2137
2199
2258
2271
2256
2222
2206
2179
2133
2079
2035
1994
1977
1981
1989
1996
2010
2046
2088
2177
2253
2311
2356
2395
2405
2381
2360
2337
2339
2340
2312
2292
2304
2301
2297
2315
2358
2349
2334
2288
2226
2145
2078
2023
2020
2005
1990
1979
2000
2053
2132
2246
2298
2354
2399
2438
2451
2467
2472
2463
2454
2457
2418
2372
2310
2262
2221
2172
2112
2048
2007
1953
1925
1924
1957
1995
2007
2003
1977
1959
1981
2021
2035
2048
2056
2063
2075
2086
2089
2062
2039
2102
2184
2268
2347
2414
2472
2535
2587
2603
2581
2557
2511
2462
2413
2378
2368
2344
2342
2321
2338
2340
2373
2381
2389
2390
2391
2415
2466
2508
2517
2520
2524
2536
2564
2594
2634
2641
2610
2546
2499
2443
2387
2339
2278
2233
2194
2163
2143
2160
2194
2277
2391
2510
2562
2594
2599
2566
2505
2433
2378
2327
2271
2250
2224
2222
2238
2252
2259
2260
2276
2284
2285
2239
2204
2177
2172
2182
2188
2197
2225
2256
2269
2283
2275
2267
2250
2250
2253
2308
2358
2409
2488
2568
2635
2692
2743
2785
2796
2780
2764
2757
2740
2726
2716
2647
2608
2569
2540
2507
2501
2498
2508
2542
2574
2591
2618
2630
2610
2585
2538
2492
2437
2412
2370
2343
2320
2330
2337
2398
2442
2493
2544
2625
2684
2730
2732
2725
2710
2670
2649
2606
2583
2558
2542
2565
2598
2608
2608
2587
2588
2569
2568
2567
2580
2584
2566
2547
2537
2518
2488
2428
2374
2318
2275
2259
2246
2246
2262
2299
2343
2385
2405
2432
2437
2444
2430
2348
2295
2230
2173
2125
2076
2051
2055
2109
2170
2225
2292
2350
2375
2413
2455
2488
2522
2532
2470
2398
2297
2235
2178
2113
2035
1966
1906
1856
1834
1852
1902
1960
2008
2039
2076
2094
2122
2144
2174
2203
2223
2249
2294
2297
2322
2348
2374
2380
2410
2430
2469
2500
2539
2562
2594
2608
2619
2621
2613
2606
2576
2542
2503
2480
2471
2471
2448
2421
2411
2386
2377
2364
2360
2337
2302
2306
2297
2278
2240
2201
2176
2185
2212
2235
2239
2242
2260
2281
2280
2280
2279
2286
2298
2290
2252
2205
2160
2143
2129
2153
2177
2227
2273
2353
2429
2499
2550
2579
2580
2549
2508
2443
2384
2298
2216
2117
2018
1922
1817
1718
1692
1673
1716
1766
1826
1853
1877
1925
1955
1988
2028
2050
2091
2100
2122
2183
2227
2289
2330
2360
2369
2374
2366
2344
2333
2337
2341
2351
2352
2341
2301
2224
2161
2080
2014
1979
1983
2021
2042
2056
2045
2006
1987
1983
1944
1903
1852
1839
1867
1912
1940
1986
2018
2054
2088
2162
2221
2262
2295
2333
2363
2399
2449
2521
2577
2592
2588
2528
2476
2421
2394
2370
2374
2358
2346
2332
2328
2325
2338
2303
2279
2243
2204
2167
2089
2041
2012
2006
1993
1994
1952
1922
1911
1920
1924
1920
1904
1901
1931
1986
2054
2107
2126
2148
2158
2164
2182
2197
2209
2229
2240
2276
2336
2374
2415
2422
2391
2342
2284
2196
2149
2105
2057
2019
1985
1975
1960
1916
1857
1783
1730
1689
1690
1703
1750
1828
1901
1960
2022
2066
2112
2129
2142
2125
2109
2111
2127
2128
2172
2209
2240
2252
2252
2265
2239
2200
2120
2049
1995
1955
1941
1936
1903
1885
1888
1919
1932
1979
2017
2066
2100
2137
2190
2248
2307
2345
2362
2358
2342
2315
2293
2315
2257
2212
2169
2130
2097
2053
2008
1989
1973
1956
1962
1994
2027
2067
2111
2143
2182
2227
2258
2283
2297
2294
2277
2256
2224
2207
2209
2217
2219
2240
2243
2253
2222
2185
2172
2160
2170
2176
2171
2190
2236
2291
2349
2368
2390
2378
2359
2338
2320
2250
2199
2145
2118
2076
2058
2025
2042
2036
2024
1969
1914
1877
1841
1803
1792
1799
1829
1878
1933
2024
2085
2120
2124
2128
2119
2123
2132
2128
2115
2127
2136
2162
2181
2220
2230
2247
2255
2249
2256
2251
2231
2202
2172
2162
2146
2112
2069
2031
2027
2026
2057
2086
2096
2110
2115
2140
2130
2096
2050
1987
1945
1918
1911
1877
1871
1879
1917
1955
1991
2018
2063
2128
2202
2270
2358
2428
2507
2528
2520
2480
2454
2421
2404
2371
2350
2327
2338
2385
2416
2459
2489
2522
2530
2538
2519
2522
2493
2457
2399
2371
2347
2330
2305
2310
2335
2366
2391
2390
2372
2318
2288
2244
2232
2214
2210
2206
2228
2244
2287
2370
2443
2484
2511
2491
2462
2419
2365
2295
2218
2161
2105
2051
2017
2004
2006
2037
2068
2088
2098
2102
2113
2099
2090
2088
2082
2097
2131
2132
2140
2142
2153
2130
2111
2073
2042
2030
2028
2034
2033
2053
2073
2100
2137
2179
2209
2239
2240
2256
2239
2219
2189
2177
2150
2096
2022
1967
1950
1964
1980
2016
2062
2116
2163
2210
2222
2213
2226
2222
2227
2226
2248
2288
2354
2421
2498
2548
2591
2590
2576
2529
2497
2462
2448
2419
2400
2370
2327
2286
2248
2192
2146
2126
2098
2059
1990
1934
1916
1913
1933
1947
1967
1990
2059
2130
2190
2229
2276
2310
2297
2247
2181
2100
2063
2072
2083
2113
2140
2168
2180
2221
2230
2258
2243
2230
2169
2121
2087
2082
2062
2047
2015
1993
1969
1970
1963
1972
1972
1940
1906
1879
1865
1863
1869
1868
1890
1887
1902
1902
1948
1983
2031
2077
2119
2153
2194
2231
2241
2221
2195
2129
2069
2015
1961
1897
1838
1787
1745
1743
1750
1773
1766
1734
1713
1700
1682
1658
1659
1679
1719
1783
1866
1932
1979
1990
2001
2015
1995
1973
1953
1936
1912
1912
1923
1950
1971
1990
1989
2000
1999
1984
1977
1985
1985
1992
1949
1891
1842
1808
1807
1785
1782
1801
1856
1899
1927
1949
1983
1975
1986
1992
2027
2034
2033
1987
1925
1869
1825
1796
1809
1835
1871
1918
1934
1980
2018
2088
2118
2124
2113
2116
2121
2145
2146
2165
2178
2201
2223
2279
2301
2284
2275
2289
2279
2253
2251
2264
2286
2309
2304
2283
2243
2191
2138
2072
2002
1972
1980
2003
2054
2133
2197
2250
2251
2251
2259
2269
2284
2272
2278
2298
2308
2314
2314
2296
2290
2265
2251
2227
2215
2203
2224
2243
2261
2266
2258
2218
2177
2159
2134
2100
2075
2037
1995
1958
1923
1902
1913
1947
1986
2038
2063
2107
2134
2182
2215
2243
2247
2218
2181
2137
2083
2053
2012
1997
1975
1953
1949
1984
2055
2100
2114
2088
2054
2015
1989
1979
1966
1944
1930
1931
1946
1997
2065
2134
2167
2176
2142
2083
1997
1894
1790
1690
1660
1649
1659
1703
1788
1911
2042
2140
2187
2213
2244
2244
2259
2213
2193
2187
2200
2190
2215
2243
2263
2272
2258
2232
2223
2186
2134
2076
2014
1974
1935
1896
1853
1825
1781
1794
1823
1857
1859
1896
1897
1885
1860
1871
1892
1927
1946
1999
2023
2037
2087
2126
2149
2172
2180
2142
2071
1999
1927
1856
1827
1829
1861
1930
2001
2075
2133
2177
2192
2194
2159
2077
1998
1915
1880
1866
1888
1917
1945
1987
2021
2074
2108
2117
2090
2044
1987
1930
1909
1880
1876
1900
1930
1961
2002
1998
2013
2011
2014
1991
1930
1864
1798
1739
1685
1642
1609
1564
1515
1493
1468
1443
1411
1395
1387
1415
1449
1498
1531
1606
1635
1686
1715
1727
1726
1704
1674
1621
1619
1599
1622
1631
1657
1670
1694
1685
1679
1642
1596
1533
1493
1497
1513
1543
1557
1575
1638
1725
1797
1860
1925
2031
2077
2090
2097
2131
2144
2115
2049
1955
1883
1823
1823
1826
1812
1738
1653
1583
1533
1493
1483
1477
1491
1534
1592
1646
1626
1595
1565
1533
1523
1513
1505
1515
1543
1578
1584
1587
1581
1598
1592
1609
1638
1668
1669
1658
1645
1627
1613
1598
1593
1542
1511
1496
1495
1481
1475
1464
1481
1483
1530
1579
1671
1750
1822
1879
1903
1888
1842
1797
1782
1781
1769
1747
1712
1715
1756
1840
1914
1958
1976
1962
1935
1915
1877
1813
1741
1711
1718
1719
1702
1683
1658
1637
1633
1640
1637
1619
1623
1660
1729
1809
1890
1968
2027
2102
2129
2133
2113
2084
2040
1969
1885
1807
1740
1685
1617
1568
1533
1535
1550
1587
1643
1694
1771
1823
1875
1888
1919
1955
2011
2058
2081
2043
1995
1924
1874
1818
1795
1752
1698
1640
1576
1499
1437
1389
1356
1342
1339
1397
1463
1530
1595
1683
1731
1780
1818
1835
1807
1760
1695
1605
1547
1517
1486
1473
1502
1560
1627
1712
1746
1761
1785
1795
1780
1769
1755
1787
1821
1870
1938
2007
2051
2116
2151
2159
2119
2045
1957
1843
1727
1606
1519
1439
1401
1375
1385
1391
1407
1435
1485
1587
1692
1766
1838
1904
1952
1968
1996
1976
1953
1917
1902
1867
1839
1818
1810
1843
1881
1930
1965
1979
1966
1955
1921
1880
1803
1761
1718
1697
1694
1724
1727
1718
1680
1638
1602
1564
1519
1477
1450
1479
1534
1586
1618
1642
1666
1688
1711
1736
1720
1685
1658
1616
1553
1497
1448
1401
1392
1431
1483
1523
1543
1561
1568
1581
1597
1598
1589
1575
1586
1590
1652
1793
1924
2030
2115
2174
2198
2166
2117
2063
2035
2013
2009
1999
1985
1943
1919
1893
1900
1920
1937
1994
2058
2127
2165
2166
2143
2102
2072
2048
2019
2021
2000
1987
2011
2072
2169
2248
2294
2312
2298
2276
2253
2206
2153
2122
2105
2078
2076
2069
2087
2080
2096
2114
2142
2140
2136
2112
2121
2144
2163
2180
2175
2174
2184
2186
2163
2147
2130
2144
2165
2174
2187
2194
2196
2186
2192
2214
2238
2277
2315
2375
2425
2460
2504
2540
2580
2602
2627
2656
2681
2710
2726
2743
2744
2753
2758
2768
2744
2721
2683
2654
2628
2623
2608
2570
2527
2515
2504
2480
2453
2412
2356
2282
2262
2261
2281
2290
2318
2315
2337
2365
2388
2410
2451
2472
2475
2465
2476
2472
2474
2484
2495
2501
2493
2467
2459
2468
2488
2521
2543
2564
2563
2554
2530
2515
2501
2483
2455
2423
2393
2386
2384
2415
2424
2429
2410
2410
2421
2422
2446
2487
2510
2543
2575
2598
2600
2589
2613
2663
2688
2708
2713
2705
2683
2646
2585
2527
2471
2441
2420
2434
2468
2504
2531
2504
2456
2374
2299
2230
2189
2141
2097
2045
2030
2005
2003
1982
1966
1924
1917
1894
1906
1936
1994
2031
2084
2138
2193
2227
2236
2221
2201
2198
2197
2228
2234
2277
2290
2299
2312
2316
2310
2323
2330
2352
2393
2441
2469
2482
2468
2444
2418
2385
2354
2345
2319
2274
2223
2186
2150
2133
2126
2130
2169
2230
2284
2288
2287
2284
2273
2246
2189
2117
2061
2027
1996
1983
1984
1994
2010
2045
2072
2082
2086
2070
2063
2051
2054
2046
2073
2081
2109
2131
2170
2211
2242
2257
2293
2338
2398
2458
2495
2507
2478
2465
2447
2456
2437
2464
2463
2485
2496
2532
2531
2551
2530
2521
2513
2487
2458
2435
2403
2367
2336
2291
2277
2286
2317
2333
2347
2343
2327
2320
2310
2271
2239
2215
2173
2111
2068
2035
2041
2053
2073
2085
2109
2124
2157
2228
2284
2325
2364
2377
2387
2373
2355
2293
2249
2206
2186
2165
2171
2194
2230
2289
2338
2382
2410
2400
2388
2371
2334
2270
2232
2224
2244
2290
2338
2391
2446
2444
2441
2444
2420
2428
2422
2446
2452
2480
2482
2481
2462
2461
2434
2411
2367
2310
2289
2235
2213
2201
2208
2219
2256
2326
2408
2468
2519
2546
2571
2578
2568
2518
2466
2401
2355
2302
2258
2213
2188
2176
2174
2183
2190
2222
2241
2278
2289
2295
2304
2313
2309
2344
2367
2384
2385
2391
2380
2368
2383
2414
2449
2498
2553
2603
2628
2653
2654
2629
2559
2478
2381
2249
2174
2132
2102
2110
2118
2134
2123
2099
2101
2099
2100
2106
2121
2149
2170
2208
2227
2211
2232
2249
2308
2360
2420
2445
2481
2494
2498
2488
2489
2471
2466
2434
2394
2366
2364
2372
2364
2324
2282
2224
2183
2188
2200
2242
2282
2330
2342
2313
2262
2235
2214
2204
2186
2196
2203
2256
2319
2396
2449
2506
2549
2588
2606
2638
2649
2654
2668
2670
2656
2638
2618
2576
2540
2487
2390
2308
2232
2159
2079
1943
1997
2051
2135
2218
2287
2322
2339
2365
2356
2335
2323
2332
2331
2349
2372
2366
2324
2256
2152
2075
1981
1889
1768
1671
1619
1595
1590
1626
1705
1797
1860
1943
1981
2003
2039
2077
2112
2131
2157
2175
2204
2209
2228
2236
2262
2282
2294
2259
2250
2234
2232
2236
2235
2228
2256
2308
2332
2347
2342
2354
2379
2402
2413
2400
2376
2337
2298
2270
2261
2250
2232
2196
2180
2166
2172
2188
2212
2234
2229
2199
2166
2134
2112
2095
2071
2059
2064
2083
2118
2141
2143
2162
2169
2183
2183
2188
2162
2170
2158
2159
2122
2090
2041
2018
1996
1982
1980
1963
1965
1939
1889
1876
1891
1901
1903
1894
1905
1923
1966
2023
2056
2074
2135
2182
2199
2177
2160
2116
2077
2048
2034
2018
2030
2055
2101
2168
2209
2234
2232
2201
2147
2104
2078
2113
2143
2175
2212
2231
2217
2181
2137
2067
2012
1949
1888
1864
1864
1882
1915
1942
1978
2022
2081
2132
2172
2206
2224
2245
2252
2253
2212
2174
2106
2070
2032
2009
2009
2035
2072
2123
2178
2221
2238
2216
2185
2147
2117
2078
2070
2050
2073
2103
2103
2077
2061
1997
1947
1873
1829
1781
1790
1803
1832
1845
1854
1905
1960
2014
2068
2131
2173
2218
2253
2296
2315
2342
2330
2290
2247
2211
2129
2044
1938
1843
1805
1803
1811
1833
1857
1887
1916
1972
2018
2048
2077
2083
2106
2132
2146
2178
2201
2223
2242
2281
2324
2353
2389
2412
2421
2450
2470
2511
2534
2577
2620
2664
2684
2697
2726
2748
2782
2802
2832
2814
2813
2774
2730
2657
2583
2487
2414
2346
2301
2258
2216
2169
2146
2148
2181
2251
2303
2328
2298
2266
2226
2207
2184
2203
2214
2256
2273
2316
2357
2406
2430
2425
2419
2392
2367
2336
2312
2275
2252
2245
2259
2248
2231
2208
2205
2199
2205
2174
2164
2162
2176
2212
2256
2260
2282
2311
2324
2334
2356
2377
2371
2329
2256
2209
2186
2196
2237
2306
2377
2418
2451
2491
2547
2557
2581
2595
2578
2527
2482
2398
2326
2226
2143
2076
2041
2017
2020
2044
2063
2087
2094
2123
2142
2162
2167
2148
2128
2124
2088
2081
2054
2073
2087
2120
2122
2144
2158
2181
2174
2190
2192
2232
2250
2261
2273
2295
2313
2326
2348
2375
2377
2354
2339
2330
2329
2303
2293
2291
2294
2280
2269
2270
2303
2333
2347
2368
2345
2317
2271
2225
2160
2074
1988
1898
1849
1838
1859
1896
1947
1995
2080
2170
2202
2185
2157
2128
2118
2095
2120
2137
2154
2167
2188
2189
2170
2169
2157
2142
2115
2094
2058
2053
2043
2035
2018
2003
1969
1951
1909
1885
1865
1864
1859
1865
1848
1803
1794
1774
1763
1768
1796
1810
1846
1845
1842
1811
1786
1754
1721
1702
1721
1759
1798
1840
1894
1969
2050
2151
2217
2279
2312
2330
2308
2275
2229
2179
2139
2099
2072
2077
2058
2047
2054
2075
2103
2118
2127
2114
2088
2060
2037
2010
1979
1951
1945
1951
1941
1950
1968
2005
2004
2003
2008
2029
2051
2090
2083
2099
2120
2157
2181
2164
2128
2087
2056
2017
1992
1951
1908
1883
1877
1847
1823
1792
1801
1799
1829
1855
1919
1976
2028
2065
2061
2047
2015
1974
1918
1864
1824
1804
1823
1904
2011
2118
2192
2242
2240
2170
2099
2036
1981
1943
1929
1935
1950
2022
2082
2108
2116
2153
2161
2157
2136
2114
2129
2129
2141
2127
2108
2079
2013
1920
1860
1835
1825
1858
1884
1912
1937
2021
2062
2081
2068
2065
2062
2089
2120
2199
2224
2229
2219
2218
2211
2181
2107
2026
1971
1893
1839
1813
1835
1869
1913
1944
1990
2034
2065
2067
2067
2032
1999
1956
1884
1839
1802
1754
1726
1709
1709
1727
1741
1756
1779
1810
1811
1809
1790
1760
1751
1767
1800
1867
1952
2061
2156
2198
2203
2203
2185
2176
2153
2110
2067
1999
1950
1901
1885
1894
1908
1915
1919
1935
1971
1989
1952
1908
1857
1835
1824
1868
1887
1911
1908
1891
1858
1821
1813
1842
1903
1941
1987
2037
2107
2164
2220
2275
2337
2390
2420
2424
2407
2368
2334
2300
2280
2269
2260
2273
2290
2315
2335
2307
2276
2264
2246
2235
2213
2201
2190
2212
2225
2258
2276
2293
2280
2274
2265
2264
2264
2251
2230
2218
2221
2242
2240
2243
2259
2272
2299
2334
2367
2379
2387
2335
2290
2248
2240
2254
2290
2335
2390
2489
2543
2604
2638
2650
2670
2659
2627
2564
2487
2421
2366
2323
2288
2230
2170
2110
2110
2117
2168
2194
2252
2293
2340
2353
2349
2316
2260
2211
2166
2124
2104
2081
2079
2111
2147
2184
2193
2216
2226
2221
2191
2154
2097
2053
2011
2000
2006
2032
2069
2083
2056
2002
1959
1886
1804
1697
1640
1591
1584
1561
1539
1511
1527
1571
1613
1631
1680
1709
1721
1702
1696
1722
1732
1733
1741
1739
1740
1765
1793
1863
1909
1941
1985
2039
2111
2178
2257
2343
2376
2368
2327
2280
2229
2166
2106
2007
1894
1806
1730
1665
1600
1539
1491
1442
1455
1525
1619
1735
1841
1944
1993
2027
2006
1986
1954
1943
1904
1886
1866
1913
1949
1977
1993
1982
1978
1961
1928
1859
1814
1766
1733
1706
1702
1686
1656
1637
1635
1655
1679
1716
1729
1743
1749
1741
1735
1732
1726
1745
1784
1810
1845
1883
1896
1900
1919
1955
1969
1990
2005
2063
2115
2122
2125
2126
2139
2138
2137
2093
2026
1951
1881
1817
1753
1729
1753
1809
1845
1918
1983
2040
2079
2107
2135
2164
2185
2199
2162
2135
2100
2084
2081
2123
2171
2219
2266
2316
2320
2313
2279
2227
2203
2163
2150
2123
2125
2146
2174
2193
2210
2187
2169
2162
2134
2098
2066
1999
1943
1871
1822
1787
1771
1775
1805
1851
1898
1935
1955
1965
1979
2006
2035
2066
2100
2121
2150
2185
2214
2230
2218
2218
2229
2242
2241
2228
2243
2248
2250
2271
2285
2272
2269
2290
2306
2304
2307
2315
2319
2330
2351
2390
2404
2440
2458
2507
2529
2527
2518
2489
2453
2438
2421
2389
2367
2319
2272
2227
2216
2204
2215
2212
2232
2241
2279
2294
2304
2296
2310
2339
2351
2382
2422
2453
2485
2505
2514
2528
2514
2522
2520
2518
2482
2470
2465
2499
2532
2577
2618
2663
2657
2623
2580
2544
2524
2497
2458
2413
2391
2390
2385
2414
2433
2448
2469
2482
2496
2519
2557
2556
2532
2504
2485
2475
2452
2416
2367
2331
2318
2292
2295
2312
2334
2362
2389
2402
2413
2357
2316
2252
2192
2107
2029
1942
1905
1865
1847
1856
1910
1949
1995
2045
2072
2085
2108
2155
2184
2230
2266
2331
2381
2410
2419
2430
2433
2446
2427
2430
2417
2400
2362
2318
2245
2177
2107
2035
2014
1993
1983
2003
2044
2087
2134
2164
2187
2209
2230
2235
2238
2229
2207
2154
2127
2106
2113
2100
2097
2098
2118
2176
2229
2271
2285
2284
2258
2216
2173
2129
2108
2080
2045
2003
1959
1931
1938
1979
2027
2052
2083
2109
2131
2137
2160
2218
2255
2261
2231
2189
2122
2067
2044
2048
2054
2058
2076
2132
2190
2248
2285
2334
2349
2388
2402
2422
2426
2430
2441
2478
2493
2498
2475
2449
2408
2365
2324
2235
2187
2117
2077
2066
2079
2104
2137
2173
2198
2213
2262
2336
2418
2486
2525
2567
2591
2590
2581
2579
2560
2548
2540
2537
2534
2540
2547
2512
2484
2463
2435
2384
2334
2297
2271
2253
2267
2256
2252
2264
2266
2271
2280
2259
2236
2205
2197
2173
2148
2146
2138
2157
2195
2261
2320
2388
2392
2399
2378
2386
2386
2413
2420
2441
2430
2423
2426
2450
2476
2484
2490
2474
2470
2465
2466
2464
2479
2478
2485
2474
2466
2443
2414
2379
2368
2365
2414
2471
2517
2563
2582
2561
2518
2464
2394
2294
2205
2143
2084
2021
2000
2026
2059
2079
2072
2056
2056
2077
2107
2133
2148
2172
2207
2245
2282
2335
2366
2375
2359
2360
2363
2392
2434
2494
2548
2598
2621
2647
2646
2651
2648
2644
2620
2605
2590
2604
2614
2592
2586
2574
2551
2555
2551
2543
2547
2525
2513
2490
2494
2470
2470
2460
2455
2431
2413
2413
2407
2371
2314
2217
2148
2081
2021
1982
1947
1900
1871
1851
1865
1911
1965
2038
2097
2141
2145
2144
2137
2134
2148
2183
2185
2200
2213
2249
2258
2273
2292
2315
2304
2272
2223
2169
2121
2087
2043
1977
1889
1837
1806
1807
1801
1799
1791
1789
1830
1874
1905
1915
1897
1857
1833
1830
1847
1875
1922
1977
2010
2007
2012
2013
2017
1978
1938
1888
1877
1827
1790
1757
1766
1789
1813
1848
1881
1923
1963
1979
1956
1928
1914
1918
1916
1937
1923
1924
1912
1916
1917
1945
1967
2008
2013
2019
2004
1996
1993
1997
1985
1913
1905
1958
2024
2101
2162
2236
2273
2294
2308
2326
2332
2348
2355
2345
2333
2301
2275
2270
2301
2317
2362
2363
2377
2366
2338
2290
2222
2168
2136
2113
2110
2099
2088
2080
2079
2082
2064
2029
1966
1891
1833
1806
1795
1798
1757
1746
1746
1755
1766
1776
1799
1846
1860
1862
1859
1863
1889
1907
1938
1982
2036
2091
2146
2139
2121
2093
2092
2061
2026
1957
1909
1845
1779
1702
1625
1573
1531
1483
1472
1472
1461
1455
1467
1472
1461
1430
1411
1426
1417
1392
1375
1376
1394
1411
1419
1459
1495
1555
1596
1615
1591
1531
1495
1447
1378
1293
1207
1152
1147
1183
1235
1322
1421
1549
1622
1668
1680
1645
1579
1543
1519
1518
1524
1539
1562
1586
1577
1553
1566
1556
1575
1590
1639
1708
1786
1823
1875
1887
1895
1882
1868
1806
1745
1675
1604
1545
1487
1436
1415
1387
1367
1361
1367
1383
1404
1417
1410
1404
1382
1334
1292
1285
1299
1342
1397
1477
1534
1589
1644
1698
1760
1816
1854
1853
1818
1785
1762
1746
1716
1691
1673
1642
1631
1611
1601
1636
1684
1755
1821
1893
1921
1955
1990
2027
2029
2006
1956
1904
1879
1852
1806
1743
1685
1623
1595
1566
1567
1554
1566
1589
1647
1707
1779
1803
1814
1800
1804
1825
1865
1888
1912
1928
1939
1941
1963
2008
2058
2113
2150
2139
2099
2060
2042
2043
2027
2012
1979
1942
1894
1858
1862
1889
1915
1942
1960
1959
1964
1970
2003
2029
2060
2103
2158
2239
2315
2360
2378
2402
2412
2424
2408
2350
2306
2293
2297
2329
2382
2451
2507
2536
2532
2535
2523
2505
2463
2416
2362
2313
2294
2275
2268
2264
2276
2290
2312
2296
2283
2249
2222
2174
2132
2083
2083
2104
2154
2185
2188
2196
2192
2219
2220
2214
2200
2224
2252
2283
2258
2218
2171
2130
2127
2130
2141
2140
2119
2089
2059
2046
2032
2009
1983
1982
1967
1954
1958
1966
1969
1949
1945
1955
1983
2005
2023
2081
2103
2125
2151
2145
2108
2074
2029
1963
1940
1938
1970
2007
2048
2100
2156
2214
2228
2215
2216
2205
2198
2198
2196
2205
2201
2198
2208
2221
2243
2243
2265
2285
2320
2377
2427
2468
2516
2556
2578
2599
2587
2587
2585
2567
2527
2496
2446
2406
2355
2300
2242
2191
2154
2146
2161
2186
2207
2213
2227
2254
2288
2311
2318
2306
2303
2295
2312
2335
2346
2344
2365
2372
2405
2400
2416
2417
2424
2435
2446
2451
2451
2447
2442
2441
2408
2350
2286
2222
2174
2149
2122
2112
2092
2044
2007
1974
1982
2008
2030
2052
2079
2119
2164
2228
2290
2350
2414
2460
2480
2476
2453
2404
2365
2342
2318
2302
2262
2232
2219
2267
2298
2333
2331
2334
2288
2253
2235
2242
2249
2256
2262
2286
2300
2329
2336
2314
2292
2252
2236
2237
2254
2280
2348
2403
2447
2457
2459
2458
2483
2507
2547
2550
2554
2537
2520
2487
2440
2388
2341
2271
2230
2205
2194
2180
2155
2162
2189
2221
2223
2206
2165
2137
2133
2112
2084
2057
2072
2059
2034
2003
2009
2020
2064
2104
2138
2180
2191
2217
2233
2237
2242
2235
2241
2240
2236
2245
2240
2232
2215
2195
2217
2258
2291
2332
2374
2387
2391
2390
2391
2380
2377
2378
2383
2365
2361
2358
2323
2279
2272
2264
2300
2300
2299
2264
2256
2249
2214
2202
2178
2135
2104
2030
1983
1954
1918
1918
1910
1925
1965
2028
2040
2036
2015
1978
1943
1916
1892
1905
1919
1965
1990
1997
1987
1971
1956
1953
1942
1916
1896
1922
2003
2082
2133
2198
2227
2251
2258
2241
2194
2143
2066
1951
1853
1779
1729
1680
1642
1616
1603
1653
1711
1763
1795
1793
1779
1769
1740
1715
1710
1706
1738
1799
1891
1982
2082
2158
2208
2228
2263
2287
2305
2303
2279
2205
2133
2072
1987
1907
1810
1731
1673
1667
1708
1792
1864
1944
2010
2055
2103
2158
2160
2154
2135
2096
2066
2058
2073
2095
2123
2149
2203
2245
2277
2273
2274
2270
2254
2236
2215
2215
2217
2223
2219
2213
2187
2172
2142
2122
2114
2088
2023
1938
1885
1819
1773
1763
1746
1728
1720
1723
1738
1767
1816
1848
1877
1891
1897
1866
1858
1850
1863
1882
1897
1870
1866
1883
1918
1946
1942
1936
1938
1978
2013
2069
2101
2163
2216
2286
2322
2349
2336
2314
2271
2202
2137
2102
2061
2030
2007
2006
2007
2007
2003
1993
1976
1942
1914
1879
1894
1906
1924
1959
2007
2070
2132
2185
2195
2182
2172
2171
2153
2113
2079
2059
2052
2038
2041
2053
2068
2062
2025
1982
1957
1924
1878
1826
1788
1739
1738
1773
1839
1899
2004
2085
2178
2234
2273
2248
2229
2188
2140
2153
2205
2260
2284
2318
2342
2370
2383
2403
2403
2404
2371
2380
2386
2409
2399
2390
2375
2334
2290
2224
2178
2142
2120
2112
2093
2080
2081
2096
2111
2144
2196
2203
2179
2110
2043
1943
1896
1883
1849
1814
1818
1846
1890
1983
2053
2106
2158
2194
2213
2228
2235
2232
2250
2258
2276
2283
2278
2256
2255
2259
2271
2295
2321
2319
2316
2283
2237
2158
2120
2088
2061
2027
1995
1973
1932
1866
1825
1821
1828
1846
1855
1885
1878
1892
1889
1863
1843
1881
1934
1995
2047
2105
2112
2143
2170
2193
2224
2252
2294
2312
2306
2270
2265
2241
2205
2142
2093
2032
2007
1981
1982
1996
2030
2060
2084
2099
2115
2127
2148
2166
2173
2189
2186
2198
2209
2240
2284
2332
2376
2408
2434
2436
2389
2319
2226
2118
2004
1920
1894
1913
1949
1980
2009
2035
2046
2038
2005
1959
1944
1966
1992
2029
2055
2093
2089
2076
2097
2139
2195
2267
2320
2374
2394
2432
2436
2437
2442
2458
2480
2497
2502
2514
2523
2520
2498
2432
2388
2332
2291
2280
2332
2380
2434
2453
2492
2511
2522
2530
2536
2537
2526
2524
2540
2550
2529
2511
2475
2432
2376
2347
2337
2335
2342
2375
2396
2455
2490
2511
2521
2519
2528
2546
2560
2569
2586
2619
2640
2640
2630
2622
2591
2548
2508
2482
2460
2437
2416
2421
2448
2499
2552
2585
2610
2625
2625
2591
2549
2523
2481
2456
2426
2411
2415
2456
2508
2542
2564
2561
2559
2538
2513
2452
2403
2326
2274
2210
2154
2107
2057
2011
1981
1975
1969
1971
1995
2020
2040
2091
2123
2171
2226
2285
2327
2376
2407
2434
2426
2398
2353
2310
2259
2221
2177
2110
2052
2002
1996
2030
2089
2138
2156
2179
2190
2184
2164
2146
2141
2144
2132
2123
2137
2138
2159
2168
2187
2194
2188
2188
2210
2225
2252
2254
2252
2224
2189
2174
2192
2197
2195
2205
2225
2227
2243
2261
2299
2308
2332
2334
2337
2306
2267
2220
2223
2219
2202
2166
2124
2090
2048
2028
2026
2017
1980
1991
1970
1977
1969
1977
1967
1965
1954
1942
1924
1912
1883
1823
1800
1783
1799
1832
1847
1864
1894
1893
1909
1901
1925
1969
2024
2048
2070
2109
2146
2200
2258
2315
2368
2406
2439
2435
2426
2398
2368
2356
2311
2275
2242
2191
2173
2166
2171
2183
2193
2225
2262
2304
2320
2328
2324
2303
2302
2275
2254
2224
2193
2175
2145
2119
2082
2049
2025
2019
2003
2010
2017
2033
2041
2085
2123
2153
2114
2077
2043
2030
2008
1994
1970
1990
1981
1944
1910
1865
1818
1772
1743
1715
1700
1691
1655
1606
1577
1564
1577
1643
1724
1799
1899
2007
2108
2191
2268
2295
2308
2302
2249
2185
2119
2039
1958
1878
1842
1813
1819
1824
1829
1838
1835
1845
1894
1935
1981
2026
2059
2074
2057
2038
2035
2000
1950
1921
1891
1876
1856
1845
1826
1831
1811
1812
1834
1879
1926
1980
1985
1991
1972
1959
1926
1897
1842
1776
1760
1751
1737
1745
1739
1729
1725
1733
1767
1799
1858
1890
1947
2021
2100
2154
2184
2166
2178
2175
2176
2184
2205
2225
2242
2255
2257
2248
2237
2229
2216
2189
2180
2171
2146
2110
2089
2068
2025
2025
2031
2050
2050
2077
2086
2081
2053
1991
1948
1897
1864
1835
1797
1781
1785
1814
1860
1899
1939
1966
1992
2047
2083
2105
2107
2116
2121
2152
2191
2235
2290
2382
2446
2491
2496
2476
2441
2370
2276
2152
2068
2007
1975
1941
1960
2009
2070
2115
2150
2159
2136
2091
2049
1983
1924
1873
1870
1858
1860
1865
1875
1892
1946
2022
2053
2088
2115
2179
2224
2252
2256
2289
2304
2302
2286
2255
2199
2178
2151
2127
2103
2093
2090
2085
2098
2096
2096
2098
2107
2090
2039
1990
1945
1920
1903
1903
1922
1939
1960
1998
2036
2073
2105
2127
2170
2206
2235
2247
2240
2179
2152
2105
2065
2017
1979
1927
1883
1830
1779
1722
1709
1719
1760
1812
1905
1962
2014
2061
2098
2110
2124
1921
1882
1875
1858
1852
1870
1903
1955
2003
2080
2135
2213
2288
2327
2318
2315
2275
2252
2221
2199
2167
2138
2109
2098
2090
2098
2108
2107
2098
2079
2071
2053
2054
2050
2046
2050
2062
2062
2064
2075
2103
2131
2155
2176
2213
2230
2231
2216
2195
2180
2133
2085
2047
2001
1950
1910
1888
1862
1828
1789
1737
1741
1754
1751
1746
1699
1624
1526
1425
1367
1342
1342
1388
1432
1487
1547
1636
1691
1725
1750
1760
1762
1758
1742
1710
1696
1700
1723
1723
1747
1784
1843
1884
1880
1838
1820
1778
1755
1745
1767
1798
1836
1870
1890
1918
1943
1953
1944
1904
1886
1867
1834
1857
1904
1951
1967
1982
1991
2009
2026
2040
2043
2043
2056
2082
2106
2113
2092
2049
1969
1879
1800
1732
1695
1669
1667
1682
1691
1703
1736
1780
1777
1777
1789
1822
1873
1924
1944
1948
1938
1926
1932
1944
1961
1991
2024
2060
2089
2115
2177
2215
2251
2249
2250
2251
2261
2256
2254
2235
2229
2222
2234
2245
2238
2255
2261
2276
2297
2318
2344
2392
2438
2464
2465
2470
2463
2458
2429
2407
2387
2382
2360
2348
2340
2338
2339
2343
2351
2354
2347
2334
2326
2305
2291
2292
2300
2326
2359
2380
2393
2396
2393
2388
2387
2391
2399
2395
2396
2385
2358
2313
2292
2264
2248
2243
2233
2243
2261
2286
2312
2333
2391
2426
2464
2476
2469
2395
2338
2272
2238
2222
2205
2162
2109
2058
2014
2014
2019
2033
2039
2055
2066
2121
2139
2180
2200
2207
2194
2201
2167
2132
2080
2049
2027
2035
2051
2088
2115
2162
2170
2133
2110
2087
2074
2059
2033
2011
2021
2031
2067
2093
2120
2107
2116
2137
2172
2198
2218
2222
2197
2176
2158
2120
2102
2090
2091
2096
2116
2146
2202
2277
2320
2347
2377
2405
2422
2422
2395
2357
2330
2277
2234
2191
2139
2099
2086
2073
47.29248047
1.663696289
999
