5835
1990
1992
2063
2026
2068
2063
2115
2092
2102
2075
2109
2088
2077
2021
2063
2045
2059
2035
2031
2025
2025
2007
1986
1985
1994
1988
1979
1998
1985
2030
1998
2032
2009
2068
2053
2086
2040
2073
2058
2107
2067
2101
2090
2135
2138
2156
2148
2174
2184
2183
2169
2136
2162
2146
2183
2155
2158
2122
2166
2112
2157
2104
2165
2117
2170
2117
2182
2155
2219
2178
2219
2163
2207
2159
2180
2155
2177
2200
2218
2212
2206
2215
2221
2226
2184
2186
2174
2208
2164
2167
2111
2177
2139
2163
2098
2152
2134
2174
2113
2138
2119
2189
2155
2175
2132
2180
2162
2156
2150
2142
2158
2174
2170
2157
2167
2155
2210
2166
2182
2147
2194
2160
2169
2114
2120
2089
2116
2065
2068
2045
2072
2079
2083
2079
2121
2150
2156
2171
2172
2210
2204
2206
2180
2183
2168
2187
2154
2179
2146
2195
2178
2203
2167
2214
2189
2208
2188
2192
2179
2197
2168
2172
2178
2168
2204
2189
2197
2175
2207
2186
2193
2142
2160
2139
2189
2145
2174
2151
2225
2181
2192
2137
2178
2160
2191
2154
2148
2210
2171
2219
2156
2223
2179
2210
2158
2201
2174
2231
2162
2192
2143
2213
2191
2184
2165
2189
2210
2211
2174
2147
2136
2116
2136
2085
2101
2086
2135
2091
2114
2068
2128
2120
2188
2125
2150
2127
2182
2178
2166
2131
2140
2141
2122
2090
2041
2053
2036
2065
2042
2047
2026
2065
2028
2057
2012
2070
2043
2050
1995
2023
1977
2002
1977
1971
1925
1945
1942
1964
1963
1941
1959
1952
1977
1949
1968
1957
1978
1922
1927
1881
1925
1895
1903
1863
1893
1920
1961
1976
1979
1998
2037
2059
2034
2029
1970
1997
1960
1947
1886
1915
1878
1915
1890
1944
1946
2014
2000
2036
2036
2062
2073
2081
2068
2065
2084
2090
2096
2046
2063
2043
2085
2045
2082
2065
2107
2061
2090
2037
2084
2033
2064
1979
1987
1936
1960
1929
1927
1894
1909
1918
1899
1910
1888
1920
1922
1948
1934
1964
1942
2027
1994
2054
2014
2085
2064
2114
2083
2102
2076
2107
2078
2085
2064
2079
2088
2097
2111
2099
2137
2144
2125
2096
2094
2053
2093
2035
2046
1983
2017
1991
2021
1979
2003
1998
2037
1996
1998
1992
2013
2012
1989
1966
1956
1968
1931
1916
1893
1925
1936
1981
1936
1968
1972
2020
2006
2034
2027
2068
2086
2085
2052
2056
2073
2078
2083
2047
2069
2055
2090
2048
2084
2033
2093
2085
2125
2077
2108
2087
2112
2112
2100
2078
2106
2118
2100
2110
2094
2139
2125
2166
2109
2129
2089
2117
2076
2109
2046
2107
2061
2094
2071
2130
2135
2155
2172
2164
2169
2167
2210
2178
2199
2142
2194
2156
2209
2152
2200
2151
2213
2174
2220
2165
2233
2197
2255
2198
2232
2238
2274
2256
2274
2268
2279
2260
2245
2260
2191
2251
2229
2248
2189
2223
2179
2231
2178
2220
2176
2240
2186
2224
2179
2211
2208
2238
2209
2200
2193
2195
2190
2123
2127
2084
2119
2081
2112
2076
2135
2123
2174
2134
2159
2144
2185
2146
2159
2143
2147
2158
2163
2152
2139
2156
2139
2166
2126
2147
2122
2180
2121
2143
2101
2145
2133
2144
2085
2080
2039
2038
2005
1978
1967
1968
1977
1961
1962
1961
1994
1978
2005
1971
2034
2018
2074
2045
2106
2096
2170
2131
2166
2138
2192
2157
2173
2152
2142
2151
2173
2171
2176
2187
2169
2202
2167
2208
2158
2216
2172
2190
2130
2164
2119
2187
2126
2153
2106
2171
2120
2150
2119
2137
2135
2160
2133
2143
2134
2127
2162
2126
2141
2141
2185
2146
2181
2106
2135
2096
2121
2078
2129
2113
2175
2146
2167
2120
2166
2151
2167
2130
2113
2102
2101
2090
2056
2057
2054
2065
2059
2074
2048
2113
2099
2127
2085
2121
2101
2134
2098
2095
2085
2119
2130
2139
2145
2135
2176
2161
2182
2167
2201
2195
2226
2186
2202
2188
2237
2198
2221
2196
2220
2215
2228
2206
2211
2226
2238
2229
2202
2203
2156
2193
2135
2137
2047
2082
2047
2085
2034
2050
2019
2074
2061
2103
2099
2109
2135
2141
2148
2135
2158
2139
2142
2107
2128
2073
2127
2072
2089
2001
2030
1981
1998
1922
1945
1923
1986
1946
1969
1964
1964
2009
1992
1987
1959
2006
1975
2044
1974
2032
2011
2106
2069
2118
2086
2105
2097
2153
2123
2149
2154
2181
2166
2131
2130
2097
2129
2087
2085
2032
2056
2009
2042
1974
1989
1947
2003
1947
1981
1965
1965
1991
2017
2005
2002
2015
2007
2056
2026
2051
2004
2056
2022
2048
2019
2037
2001
2027
2005
2009
1982
2019
2007
2004
2021
2005
2044
2060
2088
2081
2128
2099
2149
2135
2151
2114
2143
2119
2123
2127
2104
2105
2117
2136
2118
2111
2067
2109
2077
2108
2039
2072
2054
2082
2053
2068
2042
2069
2073
2077
2055
2076
2094
2068
2098
2057
2098
2076
2137
2078
2129
2050
2078
2067
2109
2050
2086
2053
2053
2056
2030
2027
2026
2077
2062
2068
2021
2065
2020
2067
1994
2041
2007
2084
2042
2062
2024
2046
2062
2102
2075
2087
2083
2094
2128
2080
2091
2067
2120
2084
2136
2071
2111
2098
2153
2104
2154
2113
2127
2135
2140
2118
2120
2133
2139
2137
2126
2154
2129
2175
2140
2180
2147
2214
2203
2233
2201
2222
2226
2265
2246
2251
2262
2241
2285
2275
2284
2242
2260
2227
2251
2207
2207
2170
2226
2217
2232
2190
2189
2221
2216
2226
2197
2213
2211
2236
2210
2242
2192
2236
2198
2212
2148
2158
2101
2119
2106
2083
2063
2081
2103
2077
2090
2053
2105
2098
2136
2077
2114
2080
2129
2075
2077
2004
2024
1989
1983
1922
1911
1913
1917
1945
1915
1918
1910
1954
1902
1957
1891
1981
1963
2022
1977
2043
2016
2067
2066
2070
2045
2067
2060
2052
2044
1983
1991
1953
1993
1939
1950
1909
1968
1908
1935
1887
1945
1922
1975
1924
1959
1955
1976
1996
2015
2035
2029
2080
2088
2152
2097
2125
2102
2163
2119
2143
2103
2131
2115
2136
2120
2128
2115
2123
2116
2061
2070
2009
2047
2012
2035
1979
2011
1992
2039
2018
2035
2020
2061
2054
2072
2083
2062
2058
2041
2046
1992
1982
1937
1971
1945
1979
1953
1988
1985
2005
2021
2016
2024
2040
2054
2016
2009
2009
2019
2002
2031
1970
2019
2006
2040
1984
2012
1986
2017
2009
1999
1978
1975
1983
1960
1968
1920
1958
1935
1977
1927
1966
1934
1988
1979
1996
1939
1962
1923
1970
1957
1947
1944
1956
1989
1987
2014
2017
2066
2049
2110
2055
2104
2061
2125
2063
2122
2074
2107
2092
2114
2081
2090
2082
2081
2104
2056
2066
2030
2075
2069
2080
2037
2078
2041
2103
2048
2092
2045
2106
2054
2046
2007
1993
1967
1955
1912
1897
1888
1876
1932
1902
1933
1907
1990
1997
2051
2019
2031
2017
2046
2021
2024
2001
1991
2033
2021
2013
1977
2028
2023
2031
2020
2049
2033
2098
2080
2091
2078
2136
2132
2119
2102
2073
2083
2072
2063
2035
2059
2027
2086
2043
2064
1998
2036
2002
2053
2022
2025
1994
2032
2031
2039
2025
2004
2041
2015
2034
1974
2017
1990
2009
1959
1993
1937
2005
1996
2044
2008
2064
2045
2065
2069
2059
2065
2070
2111
2095
2128
2068
2121
2075
2137
2082
2115
2059
2093
2052
2081
2047
2090
2077
2091
2046
2038
2046
2027
2047
2012
2048
2032
2087
2067
2107
2051
2091
2056
2113
2049
2079
2028
2032
2027
2015
1995
1997
2020
2021
2039
1996
2032
2008
2066
2013
2040
2000
2032
2017
2030
1989
2015
2019
2054
2022
2043
2050
2047
2084
2062
2060
2031
2045
2000
2016
1950
1955
1930
1971
1938
1967
1971
1974
2006
2011
2015
2015
2059
2070
2094
2050
2071
2008
2038
1989
1994
1931
1951
1951
1970
1948
1952
1951
1979
1976
1978
1997
1944
1978
1932
1933
1875
1904
1869
1941
1912
1936
1886
1924
1875
1896
1879
1855
1863
1862
1869
1857
1871
1887
1937
1894
1922
1843
1890
1855
1909
1835
1898
1852
1915
1898
1938
1911
1959
1957
1960
1978
1947
1947
1946
1985
1949
1967
1946
2029
2001
2041
1995
2039
1995
2041
2010
1991
1956
1997
2006
2000
1986
1990
1985
1979
2003
1954
1977
1954
1969
1891
1912
1870
1916
1900
1907
1873
1892
1903
1930
1954
1952
1970
1984
2005
1989
2006
1994
2018
2023
2064
2031
2068
2071
2124
2116
2113
2107
2093
2115
2107
2113
2091
2106
2087
2142
2105
2153
2101
2139
2068
2069
2046
2039
2037
2051
2035
2030
2020
2015
2087
2063
2095
2059
2122
2086
2114
2073
2099
2056
2116
2078
2106
2058
2111
2107
2107
2093
2046
2069
2062
2059
2006
2024
1961
2008
1924
1952
1872
1937
1897
1966
1944
1984
1967
2028
1996
1983
1905
1873
1895
1864
1862
1813
1855
1832
1866
1839
1883
1848
1946
1901
1954
1907
1980
1966
2009
1991
2010
2007
2041
2034
2015
2028
1994
2048
2039
2078
2034
2080
2046
2087
2031
2054
2007
2072
2056
2086
2048
2058
2067
2072
2071
2055
2057
2040
2076
2070
2087
2047
2097
2080
2116
2074
2094
2078
2086
2090
2075
2064
2045
2075
2073
2099
2081
2101
2079
2136
2103
2127
2082
2104
2107
2108
2072
2051
2046
2051
2047
2027
2035
1996
2036
2016
2041
2003
2069
2052
2098
2071
2090
2072
2107
2088
2111
2097
2074
2121
2120
2126
2081
2106
2112
2147
2098
2144
2123
2199
2163
2199
2145
2183
2197
2225
2203
2190
2186
2212
2204
2165
2185
2133
2170
2149
2181
2134
2191
2140
2185
2138
2172
2112
2171
2128
2143
2123
2119
2136
2142
2144
2129
2116
2119
2145
2099
2153
2081
2127
2092
2133
2068
2096
2043
2088
2048
2040
1987
1987
1954
1948
1965
1913
1914
1909
1942
1904
1942
1937
1989
1973
2012
1954
1986
1974
1999
1969
1956
1934
1950
1967
1945
1942
1937
1966
1984
1933
1936
1891
1918
1894
1879
1874
1860
1872
1901
1931
1909
1932
1951
1985
1961
1980
1941
1995
1994
2023
1982
2014
2002
2036
2052
2040
2041
2050
2067
2044
2065
2021
2050
2025
2076
2019
2074
2049
2106
2081
2117
2077
2094
2054
2064
2043
2015
2014
1989
2026
2006
2040
2031
2076
2038
2087
2031
2074
2037
2081
2011
2009
1950
1962
1953
1959
1944
1961
1975
1952
2000
1947
1955
1899
1935
1877
1909
1869
1916
1883
1948
1890
1953
1920
2002
1984
1989
1989
1994
2020
2029
2023
2019
2042
2011
2062
2018
2041
1998
2064
2026
2073
2030
2043
2034
2081
2029
2028
1999
1999
2033
2005
2006
1969
2003
1990
2016
2008
2048
2024
2088
2063
2101
2061
2104
2056
2070
2039
2013
2007
2013
1992
1981
2002
1971
2022
2000
2046
2018
2066
2075
2121
2090
2122
2117
2141
2127
2130
2110
2103
2145
2136
2140
2097
2124
2115
2123
2092
2089
2040
2079
2064
2084
2054
2083
2082
2076
2087
2056
2056
2057
2085
2054
2073
2019
2074
2044
2099
2053
2101
2093
2117
2100
2120
2074
2102
2110
2118
2086
2073
2105
2091
2127
2086
2123
2091
2129
2079
2096
2022
2070
2043
2090
2026
2063
2038
2051
2070
2061
2052
2052
2079
2073
2100
2052
2106
2075
2129
2065
2098
2058
2093
2048
2059
2000
2018
1997
2010
1965
1966
1977
1964
1993
1976
1994
1984
2029
2019
2061
2021
2050
2041
2097
2039
2069
2025
2013
1991
1983
1977
1985
1996
2001
2026
1997
2026
2000
2048
2030
2063
2034
2073
2074
2093
2057
2075
2066
2089
2071
2062
2068
2034
2069
2036
2037
1984
2019
1982
2025
1982
1988
1957
2021
2005
2022
2016
2004
2039
2074
2107
2101
2119
2138
2186
2157
2191
2138
2199
2155
2182
2102
2121
2078
2099
2076
2076
2052
2098
2121
2124
2164
2130
2155
2141
2187
2134
2162
2132
2207
2171
2198
2135
2196
2161
2211
2190
2192
2194
2204
2201
2178
2177
2175
2189
2150
2170
2092
2124
2088
2130
2046
2088
2032
2077
2061
2086
2067
2094
2101
2148
2189
2184
2209
2213
2240
2209
2232
2200
2234
2198
2244
2196
2224
2194
2251
2232
2249
2243
2260
2258
2255
2234
2213
2215
2180
2215
2177
2206
2166
2226
2206
2258
2229
2232
2218
2235
2204
2179
2167
2159
2203
2180
2202
2165
2213
2207
2223
2195
2207
2162
2199
2174
2166
2119
2127
2131
2134
2135
2103
2136
2143
2168
2134
2147
2098
2134
2099
2107
2072
2104
2070
2086
2072
2046
2016
2000
1993
1965
1969
1938
1991
1973
2012
1956
2003
1968
2023
1991
2021
1973
2024
2013
2046
2016
2056
2057
2045
2064
2049
2074
2073
2122
2090
2116
2056
2119
2091
2155
2098
2141
2115
2160
2139
2147
2112
2144
2127
2126
2095
2068
2091
2054
2093
2054
2070
2028
2099
2078
2135
2091
2129
2099
2149
2106
2132
2114
2137
2146
2121
2111
2118
2137
2144
2148
2093
2110
2086
2134
2100
2122
2114
2144
2125
2160
2132
2163
2156
2179
2151
2141
2129
2138
2161
2141
2135
2116
2156
2152
2191
2154
2177
2166
2201
2151
2156
2137
2141
2155
2137
2129
2123
2151
2145
2172
2121
2143
2109
2173
2127
2171
2121
2161
2162
2173
2128
2130
2126
2154
2135
2106
2123
2076
2112
2068
2076
2009
2039
2007
2062
2008
2031
1994
2064
2035
2087
2078
2084
2115
2130
2124
2115
2132
2134
2147
2091
2118
2056
2139
2091
2106
2032
2117
2086
2148
2118
2148
2097
2155
2135
2146
2146
2105
2130
2115
2147
2108
2122
2079
2165
2128
2177
2106
2150
2124
2169
2136
2144
2125
2172
2156
2161
2168
2176
2166
2126
2158
2095
2130
2114
2145
2091
2140
2104
2167
2126
2151
2104
2141
2123
2151
2146
2125
2118
2128
2147
2115
2130
2138
2202
2202
2235
2220
2253
2255
2282
2244
2234
2204
2214
2188
2170
2136
2120
2117
2100
2124
2095
2118
2119
2177
2162
2237
2202
2228
2230
2249
2226
2204
2184
2132
2134
2081
2060
2034
2060
2026
2029
1982
1997
1968
2012
1958
1987
1968
2027
2027
2034
2034
2020
2066
2062
2051
2031
2046
1995
2039
1970
1994
1913
1975
1926
1973
1920
1935
1921
1969
1935
1969
1939
1936
1984
1947
1952
1909
1953
1937
1951
1894
1912
1848
1893
1825
1829
1754
1820
1784
1831
1823
1853
1866
1915
1913
1937
1956
1923
1986
1950
1987
1959
2015
1979
2019
1963
2005
1944
1994
1952
1983
1959
1994
2002
2022
2025
2041
2049
2039
2049
2017
2027
1973
2007
1979
2007
1967
1995
1988
2023
2008
2006
1982
1992
1996
1983
1997
1969
1997
1987
2018
1957
1968
1944
1979
1966
1991
1965
1996
2031
2058
2048
2064
2081
2078
2105
2074
2094
2071
2126
2103
2146
2091
2122
2113
2145
2094
2111
2085
2093
2108
2085
2066
2046
2083
2077
2087
2028
2068
2032
2117
2071
2132
2084
2152
2155
2197
2171
2202
2194
2218
2176
2158
2165
2135
2167
2138
2145
2104
2158
2129
2210
2141
2195
2158
2226
2164
2193
2155
2162
2151
2155
2141
2142
2149
2179
2207
2176
2212
2146
2209
2165
2181
2106
2138
2074
2102
2053
2082
2045
2098
2075
2092
2091
2074
2095
2115
2142
2119
2142
2127
2189
2162
2187
2126
2161
2132
2147
2095
2090
2058
2066
2055
2061
2048
2057
2085
2088
2107
2050
2057
2048
2098
2055
2080
2054
2069
2097
2101
2088
2080
2089
2076
2094
2064
2063
2046
2094
2060
2076
2069
2099
2103
2142
2118
2151
2151
2192
2189
2151
2146
2114
2161
2135
2137
2103
2130
2090
2131
2081
2112
2090
2139
2092
2104
2077
2063
2067
2077
2064
2057
2077
2071
2130
2088
2133
2096
2152
2091
2132
2115
2143
2098
2139
2074
2095
2032
2080
2058
2049
2050
2015
2031
2029
2034
1998
2036
1976
2036
2003
2061
2022
2110
2078
2125
2096
2112
2066
2088
2043
2024
1954
1920
1953
1947
1937
1884
1914
1908
1954
1937
1976
1935
1999
1963
1996
1964
2019
2024
2057
2043
2038
2031
2060
2073
2053
2074
2037
2087
2086
2107
2069
2128
2147
2185
2161
2141
2114
2131
2129
2116
2110
2094
2133
2119
2132
2097
2123
2101
2138
2122
2119
2067
2096
2089
2105
2075
2089
2098
2104
2115
2087
2104
2085
2127
2102
2139
2090
2123
2091
2138
2107
2135
2084
2105
2101
2106
2099
2100
2117
2123
2118
2126
2168
2132
2176
2124
2154
2089
2136
2077
2101
2026
2058
2015
2073
2029
2063
2043
2035
2069
2068
2078
2065
2105
2094
2129
2074
2115
2071
2138
2097
2140
2079
2122
2107
2135
2092
2111
2084
2122
2089
2097
2114
2082
2126
2099
2112
2075
2116
2090
2163
2111
2149
2122
2183
2146
2186
2145
2133
2130
2145
2124
2088
2092
2120
2133
2079
2091
2049
2098
2083
2125
2084
2123
2123
2163
2148
2157
2135
2168
2174
2176
2173
2139
2172
2184
2217
2194
2219
2202
2253
2239
2259
2226
2255
2240
2238
2211
2207
2217
2220
2238
2209
2203
2190
2212
2182
2203
2143
2160
2143
2188
2155
2171
2156
2189
2195
2201
2200
2199
2215
2190
2222
2165
2189
2158
2223
2177
2194
2179
2224
2224
2280
2238
2264
2245
2302
2298
2276
2270
2264
2310
2283
2286
2258
2302
2259
2315
2248
2283
2247
2319
2258
2290
2248
2283
2292
2339
2321
2331
2330
2319
2359
2331
2345
2313
2370
2341
2354
2312
2347
2313
2371
2303
2336
2270
2328
2299
2302
2282
2280
2302
2306
2297
2275
2290
2251
2293
2231
2256
2206
2247
2219
2249
2216
2240
2240
2279
2257
2279
2261
2270
2315
2298
2302
2284
2319
2309
2318
2300
2307
2272
2325
2301
2317
2268
2298
2258
2241
2244
2210
2216
2205
2209
2181
2207
2157
2211
2217
2255
2208
2239
2214
2244
2233
2222
2215
2244
2263
2254
2266
2258
2303
2282
2328
2278
2307
2279
2340
2306
2319
2260
2302
2269
2294
2244
2273
2270
2275
2276
2234
2236
2225
2250
2199
2241
2182
2235
2202
2273
2219
2272
2226
2271
2251
2274
2232
2251
2246
2253
2218
2199
2210
2162
2183
2098
2112
2055
2097
2052
2086
2037
2081
2065
2146
2096
2141
2130
2134
2139
2119
2108
2076
2076
2062
2087
2051
2103
2073
2129
2066
2101
2051
2096
2087
2132
2098
2114
2111
2146
2119
2108
2099
2075
2095
2067
2062
2005
2037
2013
2065
2021
2050
2018
2060
2058
2057
2036
2011
2020
2016
2009
1970
1958
1919
1934
1904
1923
1896
1940
1949
1990
1968
1994
1992
2013
2028
2029
2021
2011
2026
1985
2014
1971
2018
1994
2054
2009
2041
2020
2066
2066
2056
2019
2028
2040
2035
2043
2001
2024
2011
2054
2013
2053
2037
2096
2069
2052
2078
2025
2067
2005
2062
2018
2078
2028
2067
2011
2062
2026
2048
2033
2011
2018
2018
2035
2005
2036
2026
2092
2067
2125
2067
2124
2086
2133
2086
2138
2116
2160
2135
2143
2117
2144
2139
2143
2168
2131
2146
2145
2182
2123
2144
2107
2155
2114
2144
2092
2134
2137
2172
2129
2105
2077
2083
2082
2056
2013
1989
1970
1946
1967
1935
1949
1937
1976
1939
1964
1948
1988
1996
2011
2001
2011
2041
2018
2034
1984
1979
1954
2009
1972
2000
1999
2028
2031
2073
2044
2061
2047
2090
2091
2069
2068
2065
2107
2094
2116
2082
2104
2064
2107
2044
2088
2046
2103
2045
2064
2043
2042
2051
2054
2030
2016
2007
1968
2007
1953
1981
1930
1988
1963
2003
1986
2045
2018
2072
2032
2093
2060
2130
2120
2132
2127
2094
2112
2114
2122
2079
2095
2016
2081
2026
2048
1970
2021
1981
2030
2003
2040
2011
2058
2052
2073
2029
2028
2061
2038
2043
2013
2066
2056
2085
2058
2096
2045
2104
2060
2096
2041
2097
2067
2079
2073
2079
2086
2111
2111
2104
2124
2066
2101
2071
2082
2045
2082
2064
2091
2069
2089
2062
2106
2123
2138
2134
2149
2182
2179
2208
2194
2200
2184
2211
2194
2212
2181
2211
2209
2225
2191
2198
2183
2196
2189
2166
2135
2092
2094
2057
2040
1985
1997
1996
2059
2038
2095
2093
2151
2170
2191
2167
2179
2182
2187
2164
2141
2145
2125
2164
2122
2154
2118
2154
2118
2148
2087
2101
2077
2127
2074
2089
2088
2091
2132
2123
2131
2107
2150
2165
2201
2137
2175
2129
2211
2164
2209
2141
2186
2165
2195
2133
2128
2100
2125
2074
2045
2037
2014
2075
2054
2063
2025
2092
2071
2142
2099
2160
2139
2211
2162
2192
2161
2168
2144
2159
2139
2135
2122
2150
2153
2118
2149
2106
2162
2145
2182
2148
2207
2185
2231
2186
2226
2204
2258
2234
2257
2252
2230
2234
2217
2204
2176
2177
2136
2183
2159
2183
2147
2200
2190
2211
2192
2198
2191
2212
2198
2188
2181
2197
2206
2198
2213
2144
2170
2151
2185
2153
2212
2192
2247
2243
2273
2238
2256
2248
2224
2238
2209
2199
2174
2189
2134
2135
2099
2163
2122
2162
2096
2149
2126
2182
2170
2178
2148
2189
2191
2191
2172
2187
2199
2187
2221
2156
2192
2176
2210
2141
2178
2129
2204
2161
2187
2125
2174
2150
2182
2187
2193
2201
2221
2226
2212
2215
2187
2227
2170
2201
2120
2147
2099
2145
2102
2134
2084
2124
2120
2154
2128
2167
2172
2158
2170
2138
2139
2113
2137
2111
2129
2059
2085
2040
2082
2019
2053
2016
2018
2028
2041
2020
2022
2033
2053
2050
2031
2044
2032
2096
2066
2106
2078
2141
2127
2157
2111
2104
2089
2107
2070
2046
2041
2008
2050
2039
2047
2013
2062
2051
2101
2071
2090
2068
2130
2119
2142
2098
2084
2102
2102
2094
2070
2091
2084
2087
2061
2079
2039
2084
2062
2070
2013
2044
2023
2061
2057
2034
2019
2040
2050
2039
2080
2043
2088
2062
2111
2064
2085
2051
2112
2085
2104
2058
2121
2106
2136
2092
2096
2110
2114
2141
2119
2130
2117
2145
2073
2108
2039
2079
2030
2066
1991
2023
1975
2021
1999
2025
2004
2040
2048
2059
2060
2022
2038
2017
2067
2019
2052
2000
2055
2012
2066
1997
2020
1975
2031
1942
1923
1852
1816
1796
1760
1715
1692
1706
1695
1760
1726
1784
1784
1854
1811
1835
1811
1842
1811
1832
1779
1786
1778
1792
1800
1766
1763
1743
1774
1755
1766
1746
1771
1752
1787
1715
1698
1663
1691
1643
1630
1590
1572
1599
1599
1587
1579
1599
1591
1662
1638
1699
1705
1780
1786
1842
1859
1900
1910
1952
1951
1965
1956
1988
1991
1948
1950
1887
1895
1853
1862
1786
1809
1766
1811
1773
1818
1781
1839
1825
1863
1868
1876
1899
1929
1960
1959
1985
1968
2033
2001
2047
1991
2041
1991
2058
2033
2065
2042
2114
2110
2145
2121
2158
2176
2187
2202
2162
2169
2178
2222
2184
2233
2166
2227
2195
2221
2156
2174
2137
2147
2125
2129
2100
2127
2132
2136
2123
2104
2131
2108
2165
2109
2135
2096
2145
2083
2088
2027
2072
2037
2059
1983
2007
1982
2014
2021
2009
2035
2054
2085
2065
2087
2030
2075
2057
2120
2081
2119
2098
2114
2107
2111
2088
2106
2102
2110
2093
2099
2118
2121
2156
2100
2105
2045
2067
2051
2068
2040
2072
2070
2107
2107
2126
2142
2151
2172
2173
2178
2148
2181
2166
2190
2143
2161
2138
2205
2167
2179
2125
2136
2140
2131
2122
2100
2103
2115
2089
2056
2067
2029
2076
2054
2078
2034
2086
2041
2084
2028
2064
2033
2092
2061
2082
2074
2052
2091
2080
2079
2044
2072
2066
2091
2027
2060
1987
2048
1976
2002
1928
1955
1938
1964
1929
1940
1942
1994
1994
1998
2019
1987
2045
2045
2081
2042
2072
2044
2096
2036
2062
2002
2070
2048
2085
2070
2081
2109
2146
2152
2155
2165
2170
2183
2165
2206
2159
2199
2161
2197
2162
2208
2168
2203
2190
2194
2152
2171
2154
2144
2138
2100
2106
2114
2156
2140
2168
2158
2199
2195
2231
2191
2206
2198
2210
2178
2148
2128
2123
2142
2119
2111
2074
2080
2084
2130
2096
2140
2124
2185
2141
2194
2181
2203
2227
2254
2244
2231
2236
2203
2234
2173
2197
2160
2224
2190
2218
2196
2216
2202
2247
2212
2241
2206
2245
2221
2214
2202
2179
2227
2226
2236
2205
2250
2218
2277
2201
2228
2162
2227
2170
2196
2132
2143
2124
2158
2122
2143
2122
2112
2148
2115
2137
2094
2145
2136
2167
2148
2199
2155
2234
2169
2219
2161
2216
2199
2223
2227
2229
2227
2232
2227
2219
2224
2158
2203
2150
2172
2118
2159
2134
2197
2157
2194
2163
2226
2196
2221
2181
2178
2192
2189
2188
2141
2137
2117
2170
2144
2171
2116
2165
2165
2214
2185
2215
2208
2237
2255
2229
2210
2203
2231
2202
2209
2174
2172
2138
2164
2095
2112
2085
2098
2101
2105
2069
2061
2080
2095
2077
2065
2098
2085
2134
2096
2128
2106
2172
2155
2191
2148
2168
2158
2207
2180
2183
2168
2154
2192
2179
2176
2146
2185
2161
2199
2148
2196
2145
2203
2148
2178
2122
2141
2147
2167
2168
2178
2177
2194
2191
2185
2219
2170
2233
2195
2235
2173
2222
2191
2256
2207
2246
2184
2238
2198
2233
2187
2173
2178
2190
2192
2167
2182
2199
2238
2208
2266
2185
2241
2211
2252
2185
2226
2193
2245
2198
2200
2153
2181
2165
2163
2160
2116
2133
2131
2134
2112
2131
2109
2178
2143
2163
2128
2183
2167
2197
2167
2163
2145
2167
2171
2162
2157
2177
2194
2171
2182
2130
2148
2124
2160
2118
2156
2131
2157
2165
2176
2167
2185
2192
2188
2217
2185
2199
2198
2230
2172
2195
2155
2192
2189
2211
2167
2183
2169
2198
2164
2144
2144
2139
2172
2158
2187
2152
2180
2150
2199
2132
2156
2101
2173
2117
2151
2117
2136
2145
2180
2151
2157
2138
2120
2148
2104
2123
2078
2144
2117
2146
2107
2157
2116
2191
2132
2151
2094
2146
2108
2102
2072
2074
2096
2112
2105
2086
2096
2055
2120
2082
2126
2070
2151
2120
2181
2133
2163
2147
2212
2178
2211
2182
2187
2217
2213
2211
2174
2208
2208
2207
2167
2201
2163
2234
2196
2214
2169
2218
2179
2201
2176
2191
2183
2200
2191
2174
2158
2115
2147
2099
2110
2064
2089
2071
2114
2091
2116
2080
2140
2137
2170
2139
2135
2148
2155
2154
2128
2143
2133
2154
2135
2164
2129
2153
2133
2148
2106
2123
2090
2106
2103
2100
2089
2096
2105
2096
2124
2089
2115
2097
2139
2092
2136
2116
2162
2144
2154
2138
2156
2161
2187
2156
2135
2127
2115
2157
2103
2107
2076
2113
2069
2121
2062
2089
2073
2107
2030
2033
1977
1992
1999
2002
1989
1992
2018
2020
2030
1979
1998
1925
1946
1881
1916
1864
1910
1875
1918
1864
1897
1863
1922
1869
1893
1895
1900
1939
1930
1945
1929
1965
1938
2007
1946
2005
1964
2027
1963
1997
1963
1990
1965
1983
1926
1930
1896
1925
1925
1911
1924
1895
1941
1925
1939
1904
1957
1933
1986
1946
1963
1914
1969
1944
1982
1983
2008
2029
2059
2059
2042
2066
2071
2135
2115
2140
2100
2127
2110
2116
2095
2090
2054
2082
2068
2052
2014
2000
1994
1971
1993
1944
1951
1927
1956
1893
1943
1909
1969
1965
1993
1954
1994
2000
2011
2034
1993
2006
1996
2017
1963
1971
1931
1998
1974
2012
1945
1980
1962
2016
1972
1979
1941
1938
1924
1908
1880
1886
1890
1852
1894
1837
1859
1825
1861
1790
1837
1776
1811
1759
1792
1739
1766
1735
1749
1771
1772
1791
1803
1843
1860
1885
1849
1884
1852
1926
1860
1786
1846
1802
1846
1806
1829
1822
1872
1852
1861
1817
1811
1839
1807
1800
1754
1769
1736
1747
1707
1742
1699
1771
1749
1786
1743
1796
1820
1846
1850
1815
1802
1792
1798
1755
1759
1709
1755
1741
1772
1735
1783
1788
1835
1844
1861
1857
1895
1911
1887
1857
1807
1819
1816
1850
1807
1846
1839
1902
1890
1916
1894
1906
1895
1896
1873
1891
1902
1905
1921
1901
1927
1932
1964
1933
1959
1913
1948
1939
1981
1935
1956
1925
1946
1966
1970
1959
1949
1967
1962
1967
1959
1987
1952
2010
1966
1996
1939
1997
1960
1995
1946
1953
1910
1942
1899
1922
1921
1903
1943
1935
1953
1919
1960
1935
1952
1869
1886
1809
1870
1822
1832
1765
1785
1782
1811
1776
1775
1765
1808
1791
1783
1812
1791
1852
1837
1856
1817
1889
1874
1949
1894
1937
1903
1967
1929
1969
1959
1943
1954
1954
1935
1920
1913
1914
1925
1889
1911
1852
1909
1882
1904
1852
1851
1816
1839
1813
1807
1779
1782
1782
1771
1775
1755
1768
1770
1792
1763
1770
1747
1790
1771
1801
1768
1798
1807
1834
1838
1842
1843
1841
1861
1843
1862
1866
1895
1883
1931
1892
1941
1938
1986
1942
1972
1950
1979
1986
2004
2011
2017
2039
2038
2073
2026
2051
2031
2082
2032
2066
2028
2065
2044
2093
2051
2082
2068
2123
2102
2091
2092
2086
2130
2110
2108
2072
2115
2092
2140
2059
2092
2043
2109
2029
2057
2009
2035
2046
2076
2048
2068
2065
2080
2118
2070
2081
2054
2098
2056
2081
2049
2114
2072
2140
2102
2156
2104
2174
2143
2143
2122
2120
2122
2120
2113
2115
2151
2131
2209
2167
2231
2184
2259
2231
2295
2236
2251
2217
2247
2192
2183
2134
2135
2149
2149
2154
2130
2152
2152
2175
2131
2135
2077
2099
2059
2084
2032
2077
2045
2074
2066
2061
2056
2078
2090
2087
2094
2071
2126
2117
2135
2091
2117
2092
2113
2089
2087
2041
2051
2039
2035
2022
2021
2061
2066
2098
2059
2095
2094
2151
2141
2164
2126
2165
2155
2169
2114
2141
2131
2146
2155
2128
2145
2152
2181
2176
2201
2166
2214
2194
2235
2178
2222
2184
2237
2208
2219
2186
2201
2194
2193
2138
2103
2109
2072
2108
2064
2090
2059
2103
2076
2138
2095
2152
2127
2191
2145
2195
2167
2195
2178
2172
2137
2140
2142
2155
2150
2100
2113
2079
2149
2104
2140
2104
2157
2122
2174
2131
2151
2114
2167
2132
2150
2141
2153
2180
2204
2213
2210
2245
2224
2278
2240
2271
2240
2295
2261
2275
2246
2228
2224
2253
2244
2244
2254
2301
2319
2293
2315
2288
2343
2325
2339
2302
2355
2349
2391
2352
2363
2338
2386
2367
2366
2357
2335
2363
2346
2343
2318
2342
2304
2367
2318
2348
2302
2366
2331
2344
2313
2317
2315
2351
2342
2329
2319
2334
2343
2301
2328
2290
2347
2316
2355
2310
2362
2324
2383
2335
2359
2293
2331
2298
2308
2314
2301
2321
2326
2345
2317
2316
2257
2320
2276
2330
2270
2338
2304
2356
2330
2363
2322
2368
2354
2364
2335
2372
2360
2350
2372
2340
2342
2310
2345
2296
2330
2255
2307
2270
2308
2246
2293
2264
2280
2293
2278
2268
2260
2303
2285
2274
2223
2240
2200
2243
2173
2191
2136
2186
2145
2153
2117
2122
2117
2145
2130
2139
2165
2150
2206
2167
2186
2146
2202
2169
2213
2178
2195
2176
2232
2187
2195
2167
2164
2177
2166
2158
2139
2157
2168
2167
2109
2124
2098
2144
2116
2138
2102
2146
2123
2124
2107
2114
2127
2132
2106
2100
2109
2056
2094
2062
2084
2033
2056
2020
2060
2022
2023
1969
2009
2000
2015
1989
1997
2030
2030
2044
2008
2026
2014
2048
1986
2023
1956
2016
1985
2024
1964
2009
1991
2039
2022
2016
1990
2015
2029
2022
2031
1985
2003
1969
2004
1942
1962
1922
1972
1926
1948
1879
1933
1912
1965
1921
1949
1955
1971
1988
1978
1973
1961
1991
1976
2018
1977
2023
1997
2046
1985
2003
1983
2039
2034
2052
2034
2073
2090
2116
2099
2062
2059
2043
2079
2038
2058
2025
2084
2056
2083
2031
2065
2045
2059
2010
2014
1994
1959
1955
1942
1941
1909
1933
1915
1959
1928
1962
1948
2014
1990
2016
1992
1975
1956
1963
1945
1934
1949
1962
1988
1965
1988
1973
2022
2005
2031
1983
2037
2011
2061
2042
2080
2055
2111
2093
2093
2091
2064
2110
2095
2105
2072
2119
2074
2155
2101
2130
2072
2127
2071
2083
2030
2015
1988
2023
2015
2025
2023
2074
2106
2077
2110
2075
2134
2111
2156
2092
2147
2092
2152
2112
2153
2094
2153
2112
2123
2105
2078
2073
2074
2057
2011
2007
1963
2017
1975
2022
1971
2017
1986
2046
1990
2004
1934
1947
1909
1913
1882
1912
1918
1936
1955
1923
1934
1933
1957
1925
1973
1927
1971
1934
1962
1911
1941
1908
1938
1945
1932
1916
1912
1922
1921
1911
1889
1925
1919
1951
1920
1954
1928
1979
1970
1994
1975
1991
2013
2037
2024
2036
2041
2055
2089
2059
2070
2045
2089
2058
2065
2022
2031
2025
2053
2026
2044
2028
2031
2068
2049
2063
2043
2077
2061
2067
2027
2060
2039
2110
2067
2095
2059
2132
2094
2090
2056
2056
2056
2076
2055
2033
2027
1996
2042
1993
2017
1963
2025
2004
2063
2026
2078
2058
2132
2082
2125
2071
2118
2139
2140
2149
2143
2149
2139
2110
2039
2056
1966
2003
1948
1993
1939
1988
1945
1998
1965
2010
1976
2038
2012
2041
2029
2018
2040
2042
2051
2021
2031
2012
2050
2014
2042
1968
2005
1962
1986
1917
1938
1915
1933
1925
1928
1924
1962
1987
1979
2005
1970
2005
1998
2030
1977
1995
1963
1985
1971
1982
1949
1979
1998
2004
2001
1970
1960
1955
1973
1928
1927
1920
1980
1992
2019
1996
2030
2018
2046
1995
1990
1974
1960
1957
1913
1913
1905
1937
1879
1924
1869
1899
1867
1944
1895
1952
1938
1970
1979
2003
1999
2025
2035
2058
2079
2031
2047
2004
2036
1975
1983
1917
1966
1943
1988
1938
1968
1941
2012
1978
2007
2018
2024
2049
2053
2055
2049
2063
2020
2088
2022
2064
1987
2048
2001
2031
1991
2006
1971
2030
1982
2015
1982
2028
1998
1982
1978
1945
1974
1967
1986
1956
1988
1962
2046
1991
2027
1973
2025
2008
2037
2015
1990
1980
2018
2047
2044
2049
2025
2095
2084
2122
2085
2139
2137
2203
2186
2192
2158
2180
2160
2147
2080
2069
2054
2050
2067
2030
2060
2049
2086
2049
2077
2032
2043
2005
2005
1955
1967
1961
1972
1983
1975
2001
2017
2054
2042
2063
2054
2092
2081
2123
2106
2132
2098
2146
2138
2135
2108
2113
2129
2143
2148
2146
2147
2112
2142
2070
2070
2009
2055
2000
2028
1984
2022
2021
2083
2077
2123
2112
2136
2179
2187
2211
2183
2233
2215
2231
2177
2215
2160
2232
2163
2203
2145
2240
2206
2240
2206
2223
2221
2250
2234
2227
2219
2168
2227
2193
2201
2132
2184
2153
2201
2143
2165
2110
2180
2129
2171
2134
2177
2207
2242
2235
2237
2249
2259
2256
2226
2231
2155
2199
2158
2181
2138
2191
2162
2212
2177
2204
2186
2236
2242
2248
2236
2204
2216
2195
2197
2162
2178
2165
2207
2185
2208
2172
2219
2227
2247
2215
2226
2206
2213
2225
2216
2223
2219
2242
2219
2245
2196
2214
2202
2241
2196
2213
2193
2219
2219
2218
2210
2207
2223
2244
2256
2211
2234
2237
2290
2242
2271
2224
2267
2247
2271
2228
2261
2262
2308
2264
2271
2275
2260
2285
2267
2266
2226
2263
2197
2238
2158
2206
2175
2249
2183
2231
2210
5835
2084
2102
2079
2065
2042
2029
2026
2018
2017
2014
2011
2013
2017
2016
2025
2046
2059
2081
2091
2099
2105
2098
2099
2115
2119
2116
2120
2123
2109
2116
2131
2140
2156
2183
2206
2214
2222
2243
2238
2231
2231
2229
2209
2185
2158
2148
2144
2131
2129
2145
2156
2176
2185
2189
2198
2210
2207
2208
2205
2204
2201
2188
2196
2198
2200
2205
2206
2186
2191
2206
2196
2177
2163
2149
2139
2129
2112
2107
2095
2103
2111
2101
2123
2134
2134
2131
2125
2127
2140
2141
2156
2162
2173
2164
2155
2160
2162
2169
2184
2186
2179
2182
2183
2184
2176
2162
2140
2131
2114
2095
2069
2075
2065
2056
2053
2049
2060
2075
2082
2094
2117
2134
2164
2182
2204
2211
2201
2191
2191
2185
2180
2174
2174
2178
2193
2198
2212
2229
2235
2230
2225
2209
2200
2196
2191
2191
2185
2198
2205
2215
2237
2230
2235
2235
2222
2199
2191
2188
2185
2201
2202
2203
2199
2190
2204
2206
2210
2205
2199
2189
2174
2185
2186
2185
2198
2203
2220
2218
2222
2227
2224
2221
2216
2216
2199
2182
2181
2187
2196
2206
2207
2219
2212
2198
2204
2203
2188
2174
2160
2151
2135
2130
2108
2104
2101
2108
2114
2132
2149
2178
2191
2188
2181
2169
2158
2144
2137
2129
2121
2119
2104
2088
2082
2057
2052
2057
2061
2054
2050
2046
2038
2025
2020
2001
1986
1980
1988
1982
1965
1953
1967
1974
1987
1994
2009
2017
2024
2014
2000
1997
1988
1994
1992
1992
1978
1946
1930
1927
1913
1901
1901
1904
1898
1910
1918
1929
1947
1972
1982
1981
1988
1979
1972
1948
1925
1915
1906
1897
1896
1895
1917
1937
1980
1997
2009
2033
2054
2071
2071
2072
2072
2061
2044
2040
2031
2040
2046
2052
2052
2063
2069
2062
2058
2058
2046
2025
1993
1971
1946
1924
1900
1886
1885
1878
1863
1853
1848
1855
1861
1863
1886
1888
1914
1934
1956
1995
2024
2025
2035
2048
2069
2107
2128
2149
2151
2139
2118
2117
2093
2098
2086
2070
2079
2098
2107
2107
2117
2116
2108
2085
2065
2040
2034
2019
2004
2003
2015
2035
2048
2064
2051
2041
2006
1993
1978
1966
1959
1954
1941
1923
1909
1909
1914
1910
1923
1939
1968
1983
1997
2014
2020
2028
2022
2029
2036
2049
2058
2068
2071
2071
2072
2070
2059
2070
2083
2099
2111
2107
2108
2106
2119
2115
2132
2135
2139
2134
2124
2129
2128
2129
2132
2124
2136
2141
2143
2132
2131
2121
2108
2122
2119
2114
2105
2102
2099
2094
2082
2096
2118
2136
2129
2144
2157
2194
2203
2207
2211
2203
2202
2210
2214
2220
2207
2201
2195
2191
2180
2192
2196
2197
2214
2225
2250
2265
2263
2265
2279
2268
2259
2263
2263
2250
2244
2240
2248
2226
2214
2208
2188
2187
2193
2199
2192
2186
2179
2170
2160
2173
2180
2186
2196
2189
2193
2184
2160
2141
2118
2104
2097
2071
2063
2075
2092
2120
2129
2140
2154
2145
2140
2135
2127
2125
2124
2142
2149
2157
2151
2149
2150
2159
2159
2140
2131
2128
2117
2127
2125
2121
2107
2091
2072
2063
2022
1992
1974
1968
1970
1962
1946
1939
1941
1955
1953
1960
1960
1951
1952
1958
1975
2008
2029
2050
2072
2102
2117
2138
2137
2143
2139
2134
2120
2119
2121
2131
2144
2158
2169
2172
2175
2173
2184
2186
2176
2167
2150
2148
2144
2139
2134
2124
2129
2111
2106
2123
2116
2128
2126
2131
2139
2156
2165
2180
2183
2188
2190
2187
2175
2168
2152
2127
2101
2099
2095
2095
2104
2109
2110
2126
2132
2141
2131
2142
2152
2155
2150
2151
2131
2118
2130
2138
2120
2099
2083
2071
2068
2063
2076
2083
2091
2093
2103
2112
2116
2112
2111
2106
2120
2125
2141
2145
2161
2173
2170
2173
2181
2196
2191
2179
2167
2171
2189
2205
2226
2239
2234
2238
2231
2223
2222
2224
2223
2205
2196
2207
2207
2203
2184
2152
2139
2115
2095
2082
2089
2078
2070
2061
2071
2100
2111
2124
2156
2161
2155
2171
2176
2163
2160
2151
2127
2111
2108
2102
2095
2075
2059
2044
2026
1991
1969
1955
1922
1902
1912
1924
1957
1951
1960
1978
1994
1987
2002
2006
2008
2011
2033
2043
2063
2073
2080
2102
2111
2127
2129
2133
2138
2144
2130
2124
2116
2115
2098
2073
2035
2038
2038
2025
2010
2003
1995
1987
1971
1962
1956
1957
1953
1953
1962
1966
1971
1994
2009
2015
2025
2046
2056
2059
2050
2041
2033
2026
2018
2009
2001
1985
1989
1996
1989
2011
2011
2015
2023
2051
2083
2095
2107
2119
2123
2148
2152
2152
2160
2158
2147
2149
2137
2131
2130
2134
2137
2130
2114
2112
2100
2093
2083
2075
2065
2070
2066
2056
2057
2051
2043
2042
2055
2059
2059
2068
2073
2075
2073
2076
2078
2073
2075
2067
2049
2060
2060
2066
2064
2066
2052
2051
2053
2056
2070
2067
2070
2069
2072
2067
2057
2047
2054
2033
2018
2020
2034
2051
2054
2060
2055
2065
2056
2048
2038
2039
2056
2071
2077
2075
2082
2097
2112
2137
2137
2129
2127
2120
2092
2095
2098
2095
2100
2102
2119
2127
2123
2121
2126
2136
2147
2155
2163
2168
2195
2194
2197
2192
2196
2194
2210
2224
2239
2253
2272
2278
2282
2292
2288
2298
2275
2254
2234
2216
2219
2223
2220
2212
2214
2216
2224
2232
2224
2232
2228
2220
2198
2180
2182
2182
2198
2179
2160
2158
2151
2145
2148
2141
2132
2114
2112
2104
2083
2070
2061
2055
2052
2065
2073
2082
2105
2124
2125
2124
2127
2124
2103
2073
2030
2000
1942
1911
1904
1896
1885
1855
1858
1866
1873
1883
1899
1901
1926
1939
1958
1982
2004
2013
2012
2011
2018
2011
1992
1995
1997
1998
1985
1981
1955
1953
1943
1932
1929
1922
1931
1933
1937
1941
1924
1923
1942
1946
1957
1968
1972
1984
2014
2035
2075
2095
2116
2119
2130
2131
2133
2127
2123
2117
2110
2106
2107
2119
2118
2129
2121
2111
2091
2055
2041
2028
1996
1979
1962
1966
1960
1977
1969
1980
1983
2001
2037
2058
2074
2086
2085
2062
2028
2005
1984
1972
1942
1932
1940
1949
1955
1954
1968
1965
1985
1990
1995
2005
2018
2029
2036
2037
2038
2037
2026
2014
1995
1993
1997
2001
1996
1990
1991
1989
1987
1965
1940
1928
1929
1939
1952
1960
1963
1960
1950
1961
1971
1976
1991
1986
1966
1949
1936
1931
1937
1933
1918
1927
1951
1972
2012
2027
2041
2060
2065
2070
2071
2058
2050
2049
2051
2044
2056
2071
2073
2063
2059
2069
2076
2061
2053
2050
2034
2034
2037
2036
2043
2043
2050
2051
2067
2085
2089
2083
2062
2030
2012
1979
1959
1933
1915
1899
1879
1889
1883
1883
1921
1952
1966
1985
1988
1998
2003
2022
2014
2011
2016
2015
2019
2008
1998
1989
1999
2001
2010
2025
2042
2063
2083
2098
2099
2096
2098
2106
2119
2124
2111
2077
2047
2049
2055
2058
2064
2079
2077
2067
2057
2049
2041
2031
2023
2014
2014
2023
2019
2025
2024
2011
2011
2010
2012
2006
1983
1970
1959
1961
1967
1981
1986
1986
1996
2019
2035
2066
2073
2080
2085
2094
2097
2096
2102
2108
2111
2128
2136
2135
2110
2106
2080
2070
2070
2072
2071
2067
2071
2049
2041
2032
2026
2025
2034
2024
2008
2007
2014
2031
2056
2071
2084
2078
2074
2065
2058
2038
2023
2027
2014
2001
2002
1985
1992
1995
2001
2033
2042
2066
2070
2062
2040
2018
2005
1986
1977
1998
2017
2029
2039
2062
2074
2067
2058
2054
2020
1979
1937
1919
1912
1888
1878
1879
1899
1896
1909
1934
1958
1977
2004
2015
2046
2071
2091
2094
2086
2075
2047
2033
1995
1971
1961
1955
1978
1983
1994
1997
2003
2018
2031
2026
2017
1994
1981
1958
1937
1925
1917
1905
1877
1870
1868
1851
1854
1858
1856
1849
1843
1838
1842
1864
1895
1914
1914
1914
1901
1891
1880
1875
1871
1874
1878
1898
1914
1924
1932
1953
1967
1980
1978
1983
1980
1971
1958
1940
1940
1943
1957
1968
1985
2017
2043
2037
2032
2031
2026
2011
2019
2002
1997
1992
2003
2006
1991
1977
1980
1993
1972
1961
1939
1926
1918
1931
1920
1923
1927
1947
1958
1967
1956
1942
1929
1931
1940
1950
1959
1985
2010
2016
2031
2053
2065
2080
2093
2105
2097
2092
2108
2117
2113
2114
2124
2126
2124
2126
2100
2106
2119
2121
2096
2070
2041
2021
1999
1970
1963
1970
1983
1999
2016
2034
2055
2063
2078
2084
2074
2060
2046
2038
2038
2026
2021
2035
2043
2051
2040
2041
2040
2033
2026
2008
1990
1973
1968
1950
1934
1931
1907
1900
1897
1910
1926
1942
1968
1979
1967
1955
1948
1920
1902
1867
1846
1815
1804
1793
1785
1790
1801
1807
1820
1834
1844
1844
1862
1880
1906
1931
1935
1949
1975
1993
2019
2026
2019
2026
2011
2012
2013
2007
2015
2015
2004
2011
2004
2024
2022
2032
2056
2066
2065
2076
2087
2094
2087
2082
2084
2083
2076
2057
2061
2061
2066
2064
2057
2058
2061
2058
2050
2042
2046
2025
2027
2040
2072
2087
2102
2120
2141
2152
2173
2163
2146
2126
2109
2085
2059
2035
2018
2023
2013
2006
2012
2006
1998
1997
2007
2014
2033
2053
2064
2080
2086
2089
2092
2112
2125
2131
2147
2144
2139
2126
2124
2136
2127
2139
2146
2154
2160
2177
2175
2183
2188
2182
2185
2189
2196
2192
2190
2194
2197
2169
2157
2143
2151
2151
2154
2154
2160
2156
2148
2150
2164
2157
2150
2147
2132
2114
2114
2109
2111
2119
2127
2133
2141
2145
2136
2135
2124
2126
2119
2104
2082
2080
2070
2065
2040
2028
2013
1992
1966
1946
1923
1905
1888
1871
1877
1879
1892
1902
1926
1947
1971
1977
1990
1984
1982
1969
1981
1969
1976
1978
1980
1985
1989
1987
1988
1985
1976
1969
1967
1962
1952
1958
1944
1914
1896
1900
1929
1925
1950
1969
2002
2019
2014
2004
1988
1995
2010
2017
2022
2044
2059
2070
2080
2078
2074
2076
2074
2072
2060
2068
2052
2077
2097
2110
2121
2124
2123
2126
2127
2123
2099
2082
2071
2054
2031
2023
2024
2039
2051
2068
2083
2085
2105
2116
2125
2126
2108
2085
2060
2036
2003
1971
1967
1956
1956
1966
1981
1993
2003
1993
1969
1943
1934
1920
1918
1893
1895
1885
1905
1929
1930
1942
1978
2004
2013
2040
2060
2067
2050
2054
2042
2036
2011
2013
1992
2003
1996
1999
2022
2040
2046
2063
2067
2057
2056
2054
2029
2010
2007
1997
2003
2010
2033
2045
2053
2063
2072
2071
2091
2080
2067
2059
2069
2075
2063
2039
2027
2021
2019
2023
2033
2050
2048
2055
2079
2090
2092
2110
2130
2144
2156
2177
2183
2173
2178
2181
2183
2169
2161
2169
2161
2145
2133
2124
2121
2100
2091
2087
2092
2090
2085
2085
2090
2098
2104
2098
2090
2086
2087
2102
2107
2105
2096
2112
2142
2147
2157
2146
2141
2138
2150
2145
2119
2114
2119
2120
2136
2150
2155
2156
2139
2135
2147
2143
2127
2106
2106
2081
2070
2063
2057
2058
2059
2077
2079
2089
2091
2093
2107
2126
2144
2157
2160
2159
2156
2160
2144
2126
2112
2087
2072
2055
2051
2055
2034
2033
2020
2006
2016
2028
2042
2050
2050
2061
2081
2098
2120
2127
2121
2112
2089
2068
2054
2039
2037
2044
2064
2071
2068
2075
2080
2084
2075
2076
2083
2090
2082
2087
2113
2119
2115
2120
2135
2131
2136
2127
2123
2117
2112
2109
2098
2083
2072
2066
2045
2039
2037
2034
2053
2061
2056
2063
2063
2075
2099
2117
2172
2198
2201
2201
2211
2222
2211
2221
2198
2190
2164
2146
2126
2117
2115
2126
2131
2147
2154
2161
2165
2176
2196
2194
2192
2204
2192
2177
2179
2182
2193
2193
2198
2208
2220
2232
2240
2251
2250
2243
2237
2224
2215
2195
2186
2187
2169
2159
2139
2136
2124
2114
2096
2098
2091
2106
2122
2156
2166
2179
2197
2220
2237
2240
2250
2249
2255
2258
2247
2231
2219
2209
2220
2223
2218
2228
2252
2257
2272
2266
2262
2251
2230
2216
2201
2204
2224
2240
2243
2260
2266
2277
2276
2267
2248
2244
2218
2212
2202
2193
2181
2180
2178
2187
2199
2200
2206
2200
2188
2156
2139
2121
2115
2119
2130
2137
2147
2157
2158
2150
2149
2126
2107
2098
2099
2100
2102
2099
2083
2068
2056
2050
2038
2035
2031
2030
2022
2032
2038
2035
2020
2027
2030
2028
2028
2025
2004
1998
2008
2007
2006
2012
2017
2031
2035
2043
2032
2041
2056
2070
2077
2083
2082
2086
2089
2099
2120
2127
2133
2161
2155
2159
2154
2146
2132
2094
2068
2046
2038
2039
2026
2029
2038
2049
2064
2073
2088
2092
2115
2125
2118
2121
2118
2126
2128
2116
2106
2113
2117
2115
2106
2097
2099
2095
2091
2091
2103
2114
2116
2125
2127
2127
2123
2127
2135
2137
2149
2150
2149
2134
2137
2134
2135
2149
2169
2166
2166
2173
2154
2152
2148
2134
2116
2119
2119
2124
2132
2141
2150
2158
2159
2167
2171
2180
2184
2167
2161
2156
2147
2148
2141
2145
2155
2172
2166
2150
2129
2119
2103
2093
2077
2063
2037
2022
2024
2025
2013
2022
2048
2055
2066
2062
2055
2063
2074
2092
2105
2124
2131
2127
2124
2104
2094
2090
2086
2071
2070
2070
2052
2055
2074
2092
2107
2127
2146
2164
2159
2147
2148
2130
2102
2086
2064
2057
2068
2063
2063
2060
2067
2069
2078
2077
2098
2103
2099
2098
2100
2114
2119
2105
2102
2112
2112
2107
2091
2098
2097
2109
2116
2112
2108
2126
2134
2128
2127
2144
2154
2158
2174
2178
2182
2180
2178
2162
2167
2160
2166
2191
2224
2249
2267
2278
2293
2292
2300
2291
2290
2269
2249
2216
2167
2136
2119
2115
2112
2117
2132
2154
2182
2200
2220
2246
2262
2272
2276
2270
2267
2251
2221
2171
2135
2100
2081
2074
2071
2070
2065
2062
2046
2031
2013
1999
1997
1983
1990
2014
2031
2041
2046
2039
2044
2039
2035
2033
2023
2013
1989
1985
1963
1943
1933
1922
1916
1922
1922
1953
1970
1970
1963
1960
1955
1943
1951
1946
1962
1959
1969
1965
1954
1940
1914
1879
1863
1835
1801
1779
1778
1804
1828
1865
1915
1950
1957
1983
1999
2012
2017
2033
2035
2037
2027
2031
2024
2021
2024
2013
2012
2013
2014
2031
2066
2066
2068
2084
2099
2112
2120
2097
2081
2064
2058
2040
2027
2011
1996
1984
1990
2001
2004
1996
2007
2007
2007
2019
2020
2048
2046
2044
2054
2053
2027
1994
1995
1992
1989
1991
2005
2021
2040
2059
2079
2102
2107
2106
2100
2104
2115
2115
2120
2121
2118
2109
2105
2104
2092
2088
2076
2081
2076
2075
2067
2063
2061
2054
2053
2055
2040
2043
2049
2063
2083
2105
2124
2142
2151
2147
2145
2132
2124
2132
2133
2125
2129
2124
2142
2152
2152
2159
2179
2190
2196
2194
2204
2207
2204
2204
2186
2165
2153
2149
2138
2130
2127
2140
2151
2153
2146
2151
2147
2142
2114
2095
2077
2055
2032
2029
2031
2028
2028
2041
2064
2093
2110
2115
2108
2115
2132
2137
2134
2133
2132
2137
2124
2115
2111
2099
2086
2051
2036
2015
2009
2009
2009
2007
2010
2024
2033
2039
2036
2020
2019
2014
2011
2028
2039
2044
2041
2047
2041
2045
2026
2014
2001
1995
1983
2002
2017
2026
2046
2078
2099
2104
2125
2146
2148
2134
2121
2120
2113
2090
2082
2082
2080
2078
2085
2083
2098
2090
2083
2083
2077
2071
2083
2084
2081
2059
2062
2063
2075
2075
2083
2104
2108
2105
2116
2104
2105
2122
2125
2127
2122
2112
2091
2084
2061
2055
2050
2049
2031
2030
2022
2022
2018
2016
2006
2005
1989
2006
2037
2066
2083
2092
2095
2100
2092
2091
2059
2023
1985
1949
1915
1889
1875
1862
1875
1893
1904
1926
1954
1972
1978
1991
2003
2015
2025
2040
2058
2066
2078
2070
2062
2052
2051
2062
2083
2086
2087
2109
2116
2128
2155
2178
2167
2171
2144
2134
2119
2105
2099
2117
2111
2107
2113
2135
2139
2127
2116
2114
2103
2087
2088
2090
2082
2080
2090
2086
2098
2098
2081
2069
2058
2045
2051
2059
2066
2079
2078
2075
2088
2091
2081
2056
2056
2050
2040
2037
2040
2044
2064
2079
2086
2098
2113
2119
2133
2122
2097
2085
2080
2062
2061
2041
2017
2009
2007
2016
2022
2034
2048
2061
2076
2091
2089
2097
2084
2082
2065
2066
2057
2062
2073
2083
2090
2114
2120
2124
2111
2104
2108
2108
2119
2128
2115
2104
2094
2090
2098
2105
2118
2116
2116
2098
2097
2095
2086
2081
2077
2067
2054
2043
2044
2040
2038
2050
2043
2045
2043
2036
2051
2080
2089
2115
2132
2137
2152
2156
2165
2167
2155
2152
2149
2174
2172
2189
2194
2206
2228
2250
2249
2260
2258
2266
2249
2225
2218
2212
2211
2204
2212
2207
2190
2196
2179
2169
2174
2170
2168
2165
2167
2167
2168
2183
2199
2207
2221
2233
2230
2225
2226
2204
2191
2192
2199
2191
2205
2217
2242
2247
2280
2315
2307
2307
2315
2314
2321
2326
2320
2316
2307
2292
2297
2296
2299
2306
2311
2326
2322
2319
2317
2334
2333
2339
2344
2350
2349
2346
2348
2366
2376
2381
2389
2394
2409
2402
2390
2384
2387
2378
2375
2369
2356
2340
2326
2321
2315
2316
2314
2326
2319
2311
2312
2303
2303
2300
2276
2270
2254
2256
2238
2251
2252
2259
2271
2281
2286
2286
2301
2307
2301
2297
2297
2299
2295
2305
2307
2310
2294
2284
2280
2285
2279
2272
2283
2289
2282
2257
2243
2227
2217
2213
2219
2219
2206
2212
2215
2213
2224
2234
2227
2229
2227
2222
2220
2220
2222
2219
2232
2238
2247
2266
2273
2271
2269
2275
2292
2287
2297
2310
2320
2318
2317
2299
2285
2273
2265
2271
2268
2275
2258
2260
2242
2234
2231
2233
2235
2251
2259
2266
2252
2265
2275
2287
2300
2316
2320
2313
2297
2282
2273
2267
2241
2212
2183
2136
2097
2073
2063
2052
2046
2052
2052
2067
2079
2084
2096
2110
2127
2129
2131
2129
2127
2112
2103
2096
2090
2092
2091
2108
2129
2134
2138
2146
2146
2143
2148
2151
2149
2149
2150
2135
2125
2114
2092
2066
2072
2077
2073
2076
2082
2087
2096
2099
2100
2073
2051
2033
2028
2017
2005
2000
1973
1936
1908
1907
1894
1900
1909
1921
1942
1956
1961
1982
1995
2023
2032
2023
2025
2032
2010
2006
2009
2018
2018
2034
2047
2071
2083
2071
2080
2075
2069
2048
2027
2026
2028
2016
2013
2015
2018
2030
2054
2055
2069
2082
2094
2108
2119
2123
2120
2132
2111
2101
2095
2075
2055
2032
2029
2022
2036
2023
2018
2030
2042
2064
2068
2090
2100
2122
2141
2150
2138
2131
2127
2128
2124
2124
2132
2134
2143
2151
2155
2154
2165
2156
2142
2134
2122
2130
2116
2108
2126
2129
2135
2128
2140
2142
2168
2164
2163
2141
2140
2124
2106
2082
2041
2020
1991
1977
1956
1942
1937
1938
1942
1947
1955
1972
1977
1994
2025
2035
2044
2044
2038
2045
2033
2019
1999
1987
1969
1980
1981
2005
2026
2045
2064
2065
2055
2046
2039
2046
2042
2043
2043
2044
2056
2068
2074
2082
2083
2087
2075
2068
2058
2050
2026
2011
2005
2018
2006
1999
1987
1974
1960
1937
1939
1948
1952
1959
1973
1985
2008
2026
2031
2045
2053
2062
2068
2071
2061
2055
2059
2070
2067
2055
2074
2074
2063
2043
2020
2002
1983
1973
1958
1971
1963
1975
1986
1992
1999
2000
2005
1998
1998
1994
1991
2002
2017
2035
2041
2029
2023
2030
2035
2033
2044
2055
2056
2055
2046
2055
2061
2064
2070
2088
2092
2092
2091
2097
2094
2100
2085
2088
2071
2064
2041
2056
2063
2069
2069
2080
2089
2110
2116
2126
2150
2183
2204
2211
2215
2208
2210
2202
2198
2213
2220
2214
2198
2192
2182
2172
2183
2156
2152
2121
2076
2044
2031
2010
1988
1976
1970
1982
2022
2062
2099
2140
2163
2184
2190
2185
2164
2156
2145
2141
2128
2111
2107
2108
2099
2103
2107
2101
2096
2092
2083
2093
2088
2086
2090
2103
2109
2127
2142
2168
2197
2200
2200
2198
2204
2215
2207
2209
2213
2224
2202
2199
2192
2179
2160
2132
2128
2105
2075
2065
2054
2060
2062
2060
2077
2082
2091
2091
2105
2124
2144
2167
2193
2195
2192
2191
2191
2187
2175
2177
2160
2161
2161
2171
2174
2192
2194
2212
2209
2207
2206
2221
2221
2225
2230
2246
2247
2257
2266
2271
2265
2262
2259
2248
2234
2218
2215
2194
2202
2198
2207
2204
2197
2207
2208
2213
2218
2214
2209
2200
2205
2199
2188
2184
2185
2195
2182
2172
2166
2163
2169
2187
2212
2234
2238
2238
2235
2223
2219
2203
2195
2181
2156
2139
2120
2121
2124
2103
2090
2101
2115
2123
2139
2140
2143
2147
2156
2165
2156
2161
2158
2162
2167
2164
2161
2169
2176
2177
2173
2171
2167
2176
2176
2171
2164
2152
2153
2163
2187
2192
2194
2196
2196
2207
2227
2238
2237
2239
2233
2213
2196
2178
2141
2123
2122
2120
2135
2127
2133
2133
2130
2132
2137
2142
2133
2114
2111
2095
2087
2071
2054
2031
2011
2009
1995
1992
1992
2007
2024
2031
2024
2033
2024
2038
2040
2050
2066
2063
2075
2079
2077
2080
2087
2099
2114
2125
2130
2120
2121
2094
2081
2089
2083
2087
2084
2090
2098
2091
2098
2104
2109
2117
2127
2135
2140
2148
2134
2125
2103
2089
2083
2082
2079
2093
2085
2074
2061
2053
2045
2041
2045
2041
2052
2061
2058
2054
2049
2051
2050
2054
2046
2041
2048
2048
2058
2069
2073
2081
2076
2081
2087
2103
2104
2099
2108
2127
2132
2146
2139
2140
2147
2164
2163
2157
2154
2164
2164
2155
2146
2125
2111
2076
2042
2012
1981
1974
1977
1983
1987
1991
1998
2008
2014
2025
2038
2030
2029
2049
2051
2065
2067
2070
2059
2055
2048
2041
2024
2005
1968
1929
1874
1811
1745
1696
1681
1655
1645
1641
1659
1687
1739
1752
1763
1775
1788
1802
1812
1807
1804
1801
1796
1802
1799
1801
1787
1781
1777
1768
1766
1765
1741
1729
1717
1698
1661
1631
1593
1575
1551
1538
1519
1527
1519
1538
1578
1620
1653
1668
1675
1717
1749
1785
1836
1850
1877
1901
1906
1930
1959
1979
1980
1985
1979
1957
1948
1943
1929
1889
1835
1801
1781
1765
1757
1760
1787
1795
1807
1815
1836
1863
1890
1908
1941
1963
2003
2010
2029
2036
2059
2054
2048
2053
2059
2063
2066
2077
2080
2101
2125
2151
2178
2184
2191
2199
2199
2211
2196
2207
2219
2222
2221
2241
2237
2259
2259
2244
2234
2216
2182
2172
2155
2147
2138
2148
2160
2175
2178
2179
2180
2191
2197
2203
2187
2171
2156
2125
2108
2084
2071
2057
2025
1989
1966
1974
1984
1981
1990
2000
2016
2041
2054
2075
2087
2103
2100
2106
2122
2132
2126
2121
2113
2114
2103
2093
2080
2072
2079
2080
2098
2115
2128
2130
2106
2077
2063
2054
2058
2044
2036
2037
2051
2069
2087
2100
2094
2113
2119
2117
2142
2154
2152
2170
2163
2154
2142
2156
2160
2168
2153
2146
2133
2127
2124
2122
2103
2099
2086
2069
2064
2044
2042
2042
2031
2007
1995
1989
1988
1997
2002
2008
2026
2029
2025
2026
2041
2051
2063
2080
2075
2068
2056
2059
2049
2029
2009
2012
1997
1968
1947
1927
1926
1913
1913
1924
1940
1960
1969
1986
2014
2025
2037
2037
2035
2041
2058
2055
2048
2034
2039
2048
2057
2054
2058
2076
2088
2101
2108
2113
2139
2148
2159
2173
2172
2177
2190
2208
2217
2229
2224
2209
2204
2203
2185
2166
2136
2120
2099
2084
2068
2056
2050
2052
2100
2129
2143
2170
2191
2211
2210
2197
2204
2190
2174
2146
2139
2151
2148
2136
2123
2124
2142
2159
2158
2170
2163
2167
2178
2189
2197
2204
2222
2239
2261
2280
2283
2295
2291
2284
2265
2262
2259
2251
2245
2238
2234
2232
2237
2240
2241
2239
2252
2240
2219
2234
2239
2249
2254
2261
2264
2263
2266
2252
2247
2248
2249
2253
2253
2247
2239
2222
2207
2187
2175
2175
2171
2151
2144
2159
2169
2170
2178
2185
2192
2180
2182
2192
2208
2225
2229
2234
2240
2249
2258
2266
2276
2286
2285
2280
2266
2265
2254
2254
2240
2227
2212
2212
2202
2201
2195
2192
2219
2251
2264
2272
2276
2281
2277
2249
2242
2233
2222
2206
2200
2188
2196
2192
2189
2192
2223
2245
2262
2266
2262
2255
2256
2256
2250
2242
2250
2249
2225
2200
2188
2191
2174
2149
2116
2107
2093
2087
2085
2086
2077
2075
2091
2101
2109
2113
2116
2126
2130
2131
2144
2156
2159
2162
2165
2174
2180
2180
2198
2200
2198
2198
2180
2169
2171
2175
2188
2198
2183
2183
2180
2176
2177
2180
2196
2191
2206
2212
2206
2202
2213
2229
2227
2216
2224
2239
2243
2234
2239
2238
2245
2254
2251
2258
2260
2252
2242
2234
2231
2210
2192
2188
2172
2167
2164
2166
2195
2206
2208
2227
2238
2249
2254
2268
2262
2258
2259
2256
2241
2208
2170
2163
2138
2113
2106
2108
2111
2122
2139
2144
2153
2142
2151
2156
2162
2166
2163
2170
2174
2181
2182
2183
2182
2179
2180
2188
2191
2199
2195
2189
2202
2190
2184
2171
2171
2163
2155
2170
2166
2172
2181
2197
2210
2207
2213
2221
2224
2231
2239
2232
2216
2215
2214
2216
2213
2213
2219
2218
2210
2210
2197
2190
2184
2166
2154
2156
2148
2164
2160
2158
2143
2143
2142
2143
2142
2127
2116
2126
2136
2130
2120
2126
2137
2143
2131
2107
2109
2116
2115
2116
2115
2097
2098
2102
2103
2092
2083
2071
2059
2061
2068
2090
2100
2104
2098
2106
2104
2119
2129
2141
2136
2129
2122
2128
2136
2146
2150
2161
2166
2187
2195
2219
2214
2238
2238
2237
2240
2228
2235
2226
2217
2209
2204
2201
2205
2220
2223
2221
2232
2217
2234
2236
2244
2246
2243
2232
2222
2203
2187
2189
2183
2160
2142
2149
2140
2139
2129
2127
2132
2147
2158
2173
2180
2188
2188
2190
2184
2192
2199
2192
2194
2180
2189
2181
2176
2160
2160
2159
2157
2142
2128
2122
2127
2128
2134
2134
2131
2123
2127
2135
2154
2161
2173
2162
2172
2164
2158
2159
2155
2156
2173
2188
2202
2186
2172
2171
2160
2153
2149
2140
2124
2111
2106
2105
2088
2075
2072
2069
2051
2033
2017
2013
2001
2000
1996
1997
2007
2003
1990
1987
1989
1984
1976
1952
1923
1901
1892
1890
1894
1893
1888
1899
1899
1904
1925
1925
1928
1929
1916
1912
1931
1935
1952
1951
1955
1959
1975
1971
1979
1976
1958
1955
1954
1943
1929
1920
1909
1915
1938
1947
1952
1946
1934
1919
1907
1921
1929
1939
1941
1954
1955
1963
1971
1989
1986
2004
2015
2035
2058
2071
2088
2089
2086
2088
2116
2140
2152
2139
2139
2135
2128
2119
2106
2071
2050
2021
1987
1976
1963
1950
1930
1912
1902
1888
1907
1926
1931
1954
1952
1959
1963
1973
1970
1972
1979
1995
1993
1997
2002
1989
1998
1986
1973
1977
1988
1982
1984
1988
1994
1998
2004
2012
1994
1976
1965
1951
1907
1890
1879
1866
1868
1882
1898
1897
1873
1866
1849
1849
1837
1834
1824
1803
1787
1796
1794
1794
1806
1821
1821
1829
1857
1869
1865
1859
1878
1875
1879
1879
1878
1874
1874
1870
1864
1857
1863
1873
1884
1881
1885
1883
1848
1820
1817
1802
1779
1754
1736
1717
1732
1736
1767
1782
1805
1831
1853
1842
1844
1849
1844
1832
1819
1814
1793
1790
1777
1779
1785
1791
1803
1810
1826
1854
1869
1888
1898
1905
1904
1899
1880
1869
1859
1856
1861
1865
1877
1879
1878
1882
1892
1885
1888
1883
1886
1884
1893
1898
1895
1895
1906
1921
1926
1941
1952
1967
1976
1980
1978
1972
1978
1981
1985
1975
1978
2007
1993
1993
2010
2018
2028
2020
2011
2012
2004
2005
1996
1971
1961
1953
1934
1932
1919
1908
1891
1889
1909
1924
1937
1953
1956
1976
1963
1958
1937
1905
1888
1883
1864
1832
1817
1821
1817
1815
1819
1817
1820
1809
1789
1780
1782
1788
1804
1819
1830
1837
1845
1856
1886
1896
1916
1942
1951
1959
1970
1962
1952
1959
1982
1969
1946
1917
1905
1903
1891
1900
1892
1908
1905
1915
1902
1873
1848
1830
1797
1782
1779
1779
1780
1781
1779
1792
1781
1786
1778
1766
1745
1738
1732
1731
1723
1721
1727
1726
1743
1761
1780
1805
1838
1844
1847
1865
1891
1887
1890
1898
1929
1944
1950
1946
1942
1960
1963
1956
1952
1961
1979
2005
2034
2034
2037
2028
2029
2057
2076
2079
2086
2093
2102
2098
2107
2103
2098
2082
2083
2072
2069
2069
2078
2087
2092
2110
2123
2128
2114
2112
2103
2108
2101
2081
2068
2064
2055
2055
2048
2043
2033
2044
2040
2049
2049
2063
2068
2069
2085
2084
2085
2081
2081
2089
2115
2131
2147
2154
2159
2160
2154
2142
2138
2120
2110
2108
2110
2110
2111
2122
2149
2179
2195
2227
2254
2268
2270
2267
2262
2248
2222
2215
2191
2166
2140
2118
2123
2123
2127
2136
2150
2154
2138
2121
2099
2068
2039
2019
2022
2027
2034
2042
2046
2059
2081
2077
2077
2085
2088
2093
2104
2110
2110
2108
2092
2084
2070
2043
2024
1995
1979
1968
1959
1970
1983
1995
2006
2031
2043
2067
2103
2115
2117
2127
2137
2157
2132
2130
2127
2131
2134
2132
2121
2136
2142
2136
2149
2166
2164
2168
2167
2169
2171
2165
2174
2180
2179
2174
2181
2168
2160
2154
2138
2103
2079
2060
2044
2030
2018
2002
2007
2022
2040
2056
2088
2112
2128
2163
2179
2181
2179
2176
2174
2172
2164
2150
2138
2125
2114
2116
2115
2116
2123
2133
2137
2137
2135
2143
2145
2149
2145
2157
2146
2158
2149
2174
2204
2210
2234
2241
2254
2264
2273
2280
2281
2276
2277
2276
2258
2247
2246
2258
2240
2233
2228
2228
2241
2264
2285
2300
2316
2324
2326
2335
2345
2344
2360
2364
2368
2364
2370
2375
2378
2377
2374
2386
2387
2376
2372
2366
2351
2365
2358
2356
2360
2370
2364
2358
2358
2354
2330
2307
2309
2305
2303
2298
2296
2311
2305
2302
2294
2300
2310
2315
2306
2325
2341
2336
2331
2342
2334
2332
2324
2326
2319
2314
2312
2317
2331
2326
2317
2309
2319
2320
2331
2342
2340
2336
2348
2363
2367
2373
2378
2380
2388
2384
2391
2386
2378
2370
2371
2370
2364
2354
2338
2331
2319
2318
2311
2289
2296
2287
2290
2290
2301
2320
2315
2328
2328
2325
2321
2308
2286
2264
2240
2214
2190
2165
2154
2148
2142
2143
2144
2139
2141
2143
2168
2180
2177
2179
2186
2197
2218
2238
2237
2230
2205
2197
2185
2190
2205
2204
2202
2209
2209
2209
2209
2199
2197
2187
2195
2178
2155
2156
2145
2137
2142
2144
2137
2145
2155
2151
2142
2134
2128
2130
2116
2091
2077
2061
2040
2029
2012
1999
1983
1969
1976
1963
1952
1946
1958
1969
1995
2011
2020
2027
2036
2040
2041
2042
2032
2016
1995
1987
1990
1993
1992
1984
1999
2008
2010
2022
2041
2046
2049
2068
2072
2075
2056
2041
2031
2032
2019
2014
1989
1978
1971
1974
1965
1946
1938
1941
1945
1973
1983
1987
1997
2011
2020
2025
2022
2021
2019
2006
2015
2023
2025
2024
2041
2035
2033
2038
2046
2062
2082
2078
2112
2114
2130
2129
2131
2113
2101
2095
2078
2093
2089
2078
2086
2098
2107
2115
2093
2082
2068
2038
2023
2002
1997
1993
1994
1979
1964
1950
1954
1970
1987
1986
1988
1985
1989
1994
1997
1993
1980
1967
1955
1952
1942
1946
1946
1961
1981
1998
2007
1999
2005
2013
2018
2032
2050
2055
2058
2065
2076
2086
2093
2102
2114
2115
2113
2120
2121
2131
2145
2138
2141
2124
2088
2071
2058
2028
2019
2005
2008
2017
2024
2038
2057
2089
2106
2102
2111
2125
2133
2135
2126
2147
2157
2160
2158
2171
2175
2162
2138
2118
2098
2075
2063
2041
2037
2015
1992
1977
1992
1991
2002
2010
2030
2029
2035
2020
2004
1974
1947
1926
1896
1915
1914
1917
1931
1937
1940
1942
1939
1943
1954
1975
1978
1967
1955
1954
1946
1935
1925
1923
1920
1920
1920
1916
1918
1914
1916
1927
1942
1952
1962
1963
1951
1963
1976
1978
1993
2004
2010
2029
2041
2033
2042
2054
2068
2079
2074
2079
2060
2064
2052
2048
2066
2070
2052
2050
2040
2051
2060
2074
2080
2082
2080
2082
2077
2073
2075
2080
2082
2109
2123
2121
2132
2123
2111
2109
2100
2097
2098
2089
2076
2059
2055
2056
2044
2052
2049
2035
2027
2035
2038
2054
2070
2085
2092
2112
2126
2138
2147
2152
2164
2163
2181
2189
2171
2158
2119
2091
2077
2042
2025
2003
1992
1978
1974
1985
1995
2011
2025
2031
2058
2067
2068
2079
2072
2054
2041
2033
2021
2036
2040
2056
2057
2055
2033
2025
2001
1988
1967
1948
1931
1929
1923
1927
1942
1961
1983
1994
1997
1991
1974
1964
1980
1991
1991
1978
1981
1991
2005
2012
2022
2030
2020
2006
1999
1981
1977
1975
1959
1946
1947
1944
1957
1972
1980
1980
1991
1987
1977
1961
1940
1915
1894
1875
1834
1821
1795
1798
1808
1823
1823
1818
1848
1857
1883
1913
1958
1995
2018
2026
2042
2055
2065
2071
2068
2050
2029
2026
1991
1974
1953
1948
1938
1938
1940
1934
1960
1971
1973
1988
2001
2008
2018
2031
2063
2081
2088
2084
2063
2039
2020
1995
1990
1983
1964
1957
1956
1944
1948
1957
1958
1969
1965
1958
1948
1937
1932
1921
1939
1939
1929
1931
1944
1957
1984
1987
1984
1981
1977
1975
1982
1999
2012
2032
2045
2059
2074
2082
2117
2138
2160
2171
2188
2195
2199
2201
2212
2212
2192
2157
2123
2097
2085
2069
2055
2041
2042
2034
2061
2080
2083
2084
2071
2049
2007
1991
1963
1963
1948
1950
1958
1964
1989
2018
2047
2051
2059
2078
2095
2094
2099
2103
2129
2128
2128
2123
2125
2134
2130
2148
2142
2145
2146
2133
2124
2096
2089
2049
2022
2008
1994
1983
1980
1996
2016
2049
2092
2137
2159
2172
2202
2223
2217
2217
2201
2189
2181
2163
2160
2168
2185
2195
2220
2224
2220
2226
2247
2248
2242
2229
2226
2227
2221
2221
2215
2226
2211
2201
2191
2184
2169
2161
2166
2172
2173
2191
2187
2190
2215
2238
2245
2255
2258
2271
2286
2290
2279
2277
2276
2245
2223
2202
2197
2186
2189
2202
2210
2213
2244
2255
2256
2252
2245
2244
2239
2236
2236
2215
2195
2189
2175
2180
2177
2186
2183
2191
2199
2214
2207
2208
2209
2213
2212
2207
2220
2235
2222
2226
2237
2240
2229
2223
2218
2218
2232
2237
2225
2227
2235
2234
2244
2252
2252
2252
2266
2282
2293
2295
2273
2264
2266
2257
2257
2252
2258
2262
2252
2252
2251
2241
2262
2262
2258
2246
2257
2249
2236
2232
2222
2224
2218
2218
2242
2234
2237
2267
2283
2297
2309
2325
2322
2337
2322
2328
2331
2336
2334
2328
2318
5835
2215
2194
2136
2077
2025
1995
1948
1924
1908
1922
1945
1967
1989
2028
2086
2126
2148
2180
2203
2217
2225
2227
2233
2243
2258
2256
2221
2223
2232
2250
2271
2308
2338
2370
2407
2443
2470
2489
2485
2463
2430
2404
2335
2278
2222
2199
2188
2200
2203
2193
2212
2245
2293
2332
2356
2350
2331
2309
2313
2321
2326
2318
2327
2322
2352
2354
2359
2347
2338
2320
2297
2240
2188
2144
2119
2105
2097
2086
2106
2117
2120
2115
2124
2139
2166
2182
2190
2202
2209
2218
2242
2245
2240
2224
2216
2247
2272
2294
2286
2271
2254
2260
2252
2258
2255
2254
2216
2182
2125
2064
2000
1982
1959
1968
1979
2011
2047
2084
2122
2175
2246
2318
2384
2428
2450
2436
2415
2389
2360
2340
2309
2283
2278
2283
2288
2299
2331
2374
2384
2378
2361
2334
2316
2301
2287
2276
2266
2282
2307
2353
2372
2366
2360
2336
2293
2265
2245
2256
2262
2267
2285
2303
2313
2330
2324
2322
2321
2301
2284
2245
2237
2249
2260
2269
2309
2325
2350
2354
2358
2374
2382
2371
2347
2306
2258
2200
2194
2215
2248
2290
2301
2300
2272
2248
2250
2244
2224
2192
2157
2129
2092
2089
2057
2073
2079
2110
2133
2176
2222
2274
2319
2320
2286
2239
2203
2199
2179
2163
2137
2123
2104
2077
2050
2020
1987
1948
1939
1928
1923
1914
1921
1915
1913
1877
1829
1809
1808
1803
1816
1811
1815
1836
1891
1945
1982
2003
1996
1974
1963
1963
1950
1937
1904
1875
1836
1795
1758
1743
1717
1703
1700
1714
1740
1786
1836
1887
1928
1969
1998
2007
1993
1977
1943
1882
1798
1761
1732
1723
1728
1763
1822
1881
1960
2024
2086
2138
2168
2165
2169
2154
2118
2088
2065
2074
2074
2068
2073
2084
2087
2106
2127
2129
2103
2074
2030
1963
1867
1782
1720
1670
1632
1604
1622
1615
1595
1595
1598
1609
1662
1711
1747
1781
1838
1902
1977
2036
2095
2135
2185
2225
2271
2318
2351
2366
2364
2324
2271
2226
2166
2149
2107
2100
2112
2163
2189
2222
2229
2193
2113
2051
2003
1966
1932
1902
1878
1907
1924
1949
1967
1996
1988
1972
1930
1881
1846
1813
1793
1779
1738
1703
1687
1682
1691
1726
1771
1817
1878
1937
1976
2012
2037
2037
2045
2073
2102
2127
2140
2147
2155
2163
2154
2137
2138
2155
2160
2166
2183
2200
2229
2243
2245
2268
2276
2288
2276
2245
2215
2191
2184
2184
2181
2174
2192
2197
2214
2207
2186
2168
2135
2152
2151
2149
2135
2095
2050
2035
2055
2107
2155
2215
2258
2319
2359
2382
2388
2414
2418
2418
2406
2381
2354
2363
2348
2328
2303
2285
2278
2299
2327
2362
2393
2434
2476
2484
2494
2492
2470
2462
2450
2428
2423
2414
2412
2384
2367
2321
2303
2247
2219
2201
2206
2197
2194
2184
2187
2173
2180
2214
2240
2266
2280
2280
2254
2219
2153
2113
2048
1999
1969
1945
1948
2019
2064
2142
2177
2217
2217
2206
2171
2171
2159
2155
2168
2203
2228
2244
2227
2208
2180
2173
2174
2188
2201
2194
2183
2160
2148
2125
2080
2030
1971
1908
1813
1754
1725
1711
1704
1697
1696
1706
1742
1778
1785
1799
1791
1772
1767
1785
1846
1931
2008
2092
2170
2230
2283
2306
2324
2307
2278
2258
2223
2185
2197
2226
2282
2320
2335
2339
2342
2336
2344
2324
2310
2290
2258
2235
2217
2192
2176
2135
2115
2093
2089
2108
2123
2159
2171
2187
2191
2226
2259
2320
2348
2367
2359
2337
2271
2241
2179
2149
2110
2085
2066
2084
2132
2174
2202
2205
2207
2226
2239
2276
2282
2279
2252
2225
2211
2212
2202
2169
2110
2046
2008
1981
1980
1989
2021
2046
2107
2146
2171
2172
2173
2146
2138
2124
2147
2168
2200
2224
2273
2316
2338
2356
2341
2313
2295
2298
2318
2343
2365
2399
2434
2434
2425
2412
2392
2377
2362
2345
2332
2330
2310
2296
2260
2221
2199
2160
2105
2046
1995
1958
1947
1945
1940
1958
2003
2078
2164
2228
2263
2267
2260
2262
2237
2216
2176
2141
2090
2060
2057
2058
2016
1963
1905
1856
1815
1767
1719
1676
1610
1600
1635
1685
1754
1786
1813
1856
1915
1951
1979
1978
2000
2004
2031
2039
2102
2145
2194
2217
2219
2234
2264
2276
2250
2235
2215
2210
2187
2165
2108
2046
1987
1966
1948
1928
1892
1871
1843
1811
1790
1794
1784
1791
1786
1792
1801
1848
1935
1988
2048
2094
2127
2138
2136
2111
2093
2067
2028
1987
1966
1922
1898
1877
1895
1913
1933
1946
1967
2007
2057
2106
2155
2201
2247
2279
2305
2322
2328
2323
2297
2276
2243
2237
2230
2223
2217
2208
2189
2179
2145
2103
2087
2067
2055
2053
2031
2004
1967
1960
1952
1945
1939
1950
1977
2003
2023
2044
2062
2082
2086
2077
2058
2055
2044
2041
2007
1998
1990
1985
1989
1990
2003
2016
2028
2027
2016
2020
2064
2061
2030
1989
1979
1952
1956
1942
1942
1931
1949
1979
2023
2054
2096
2125
2091
2059
2038
2043
2065
2074
2079
2101
2123
2172
2189
2220
2232
2247
2226
2196
2148
2122
2098
2088
2104
2133
2144
2167
2203
2232
2235
2236
2250
2256
2271
2279
2300
2306
2318
2324
2347
2360
2400
2429
2490
2512
2544
2564
2566
2578
2569
2541
2478
2416
2359
2328
2324
2311
2291
2281
2290
2315
2348
2348
2337
2338
2328
2327
2310
2263
2214
2207
2203
2196
2166
2139
2146
2158
2146
2117
2085
2029
1975
1955
1941
1932
1927
1917
1929
1970
2029
2100
2163
2204
2210
2174
2123
2087
2038
1955
1832
1741
1649
1577
1545
1523
1502
1501
1534
1557
1591
1607
1655
1708
1784
1854
1935
1980
2019
2048
2063
2050
2035
2007
1961
1946
1922
1913
1870
1827
1782
1772
1767
1778
1775
1759
1747
1765
1774
1794
1794
1802
1810
1822
1851
1907
1954
2007
2093
2161
2227
2266
2310
2345
2373
2362
2349
2306
2275
2241
2218
2203
2221
2216
2190
2181
2158
2114
2068
2014
1973
1903
1830
1802
1767
1785
1787
1814
1819
1861
1921
1988
2067
2104
2134
2134
2122
2064
1965
1886
1820
1767
1724
1715
1751
1803
1874
1901
1916
1918
1951
1991
2027
2035
2039
2055
2066
2067
2062
2034
2000
1986
1982
1971
1953
1932
1906
1906
1898
1888
1857
1797
1753
1736
1763
1807
1843
1851
1856
1873
1884
1899
1914
1934
1948
1923
1876
1828
1775
1751
1743
1748
1761
1804
1870
1943
2024
2100
2158
2197
2186
2190
2183
2146
2105
2075
2079
2088
2100
2121
2146
2143
2129
2107
2115
2096
2074
2028
1984
1971
1989
1996
2011
2011
2027
2041
2096
2113
2084
2042
2001
1939
1882
1813
1719
1674
1653
1626
1604
1603
1627
1693
1789
1863
1912
1969
1991
2017
2022
2033
2022
2035
2022
2015
2003
1975
1955
1938
1943
1947
1968
1995
2053
2098
2130
2155
2177
2199
2226
2222
2204
2176
2122
2051
1982
1968
1983
2030
2076
2092
2073
2034
1975
1951
1944
1942
1949
1965
1977
1961
1971
1993
2011
2000
1993
1967
1945
1914
1876
1855
1849
1841
1863
1901
1930
1942
1993
2056
2107
2142
2167
2174
2164
2147
2141
2154
2154
2185
2203
2229
2216
2188
2126
2084
2032
2001
1984
2008
2049
2063
2056
2024
2013
1985
1977
1967
1954
1944
1953
1953
1995
2034
2089
2122
2147
2123
2120
2106
2078
2034
1982
1951
1928
1882
1861
1864
1862
1913
1981
2057
2099
2132
2085
2046
1992
1959
1921
1909
1907
1934
1988
2052
2098
2132
2126
2102
2072
2001
1890
1813
1741
1685
1642
1633
1630
1642
1689
1733
1803
1869
1933
1985
2058
2139
2241
2288
2300
2269
2218
2145
2070
2010
1927
1883
1885
1905
1934
1945
1970
1980
2009
2035
2039
2039
2011
1943
1877
1797
1737
1712
1701
1678
1629
1596
1592
1601
1624
1627
1624
1623
1648
1662
1685
1731
1794
1813
1786
1773
1754
1753
1733
1722
1704
1734
1767
1798
1816
1840
1878
1943
2017
2024
2013
1978
1954
1905
1872
1832
1829
1838
1884
1917
1979
2043
2106
2123
2107
2060
2026
1985
1971
1958
1944
1952
1960
1965
1927
1895
1869
1870
1862
1875
1846
1802
1737
1727
1723
1762
1789
1830
1862
1870
1853
1825
1800
1810
1824
1858
1917
1981
2037
2086
2139
2161
2195
2224
2241
2245
2230
2230
2258
2273
2289
2284
2269
2240
2216
2213
2203
2192
2172
2158
2137
2067
1986
1907
1833
1775
1772
1800
1896
1976
2022
2052
2087
2112
2119
2117
2104
2062
2009
1968
1931
1914
1931
1960
1993
2030
2053
2052
2010
1982
1932
1898
1857
1825
1769
1704
1659
1623
1598
1608
1647
1702
1760
1841
1922
1946
1943
1901
1811
1730
1650
1570
1505
1453
1422
1404
1453
1516
1598
1659
1703
1706
1709
1709
1755
1792
1841
1904
1960
2013
2072
2117
2133
2117
2061
2057
2042
2029
2003
1996
1981
2006
2014
2022
2014
2036
2043
2067
2122
2140
2157
2185
2212
2231
2220
2202
2173
2132
2100
2058
2037
2007
1999
2007
2042
2062
2070
2052
2036
1996
1990
1975
1992
2029
2075
2133
2192
2250
2298
2338
2331
2299
2246
2180
2107
2028
1961
1928
1891
1885
1870
1861
1850
1859
1857
1883
1954
2018
2062
2087
2116
2144
2144
2152
2182
2208
2239
2279
2302
2300
2255
2216
2183
2180
2184
2202
2235
2274
2301
2324
2329
2334
2339
2340
2335
2330
2334
2332
2336
2312
2272
2226
2207
2175
2181
2182
2230
2252
2251
2211
2186
2189
2190
2171
2151
2126
2104
2099
2102
2109
2119
2143
2148
2168
2174
2182
2170
2171
2164
2146
2103
2065
2023
2008
1998
1977
1934
1888
1833
1786
1728
1679
1636
1595
1565
1544
1564
1600
1677
1730
1801
1836
1892
1916
1941
1942
1937
1931
1929
1893
1889
1878
1887
1877
1878
1887
1887
1875
1852
1856
1877
1861
1821
1791
1747
1715
1675
1665
1849
1901
1941
2014
2072
2072
2044
2022
1998
1977
1977
2014
2077
2140
2171
2188
2175
2166
2161
2145
2122
2100
2082
2081
2099
2155
2199
2252
2290
2304
2302
2270
2222
2172
2099
2034
1969
1932
1907
1922
1965
2019
2063
2118
2150
2202
2250
2276
2232
2171
2102
2028
1944
1869
1802
1740
1719
1728
1775
1831
1890
1915
1910
1854
1795
1756
1741
1693
1666
1632
1645
1676
1739
1776
1819
1883
1959
2008
2060
2110
2141
2142
2128
2104
2058
2011
1947
1924
1907
1923
1949
1994
2025
2071
2104
2147
2126
2098
2057
2012
1978
1941
1912
1911
1923
1951
1988
2029
2068
2094
2130
2159
2173
2142
2111
2075
2048
2031
2013
1990
1931
1911
1920
1971
2015
2048
2077
2113
2150
2173
2187
2221
2274
2331
2353
2378
2366
2348
2333
2313
2303
2287
2275
2263
2243
2232
2216
2181
2120
2067
2040
2035
2033
2065
2083
2091
2093
2109
2111
2110
2107
2097
2095
2113
2145
2156
2167
2179
2201
2230
2242
2229
2214
2205
2172
2164
2179
2199
2217
2208
2223
2238
2256
2252
2221
2193
2197
2193
2188
2140
2103
2056
2009
1979
1973
1979
2021
2064
2082
2094
2123
2147
2163
2192
2241
2277
2282
2271
2235
2225
2190
2148
2085
2026
1990
1984
1970
1957
1956
1947
1939
1932
1960
1996
2050
2069
2093
2114
2158
2199
2230
2218
2212
2184
2146
2091
2060
2023
2008
2025
2066
2084
2094
2095
2110
2119
2117
2121
2139
2161
2152
2160
2182
2198
2200
2211
2246
2243
2250
2249
2242
2227
2196
2149
2109
2101
2075
2039
2012
1992
1970
1977
2020
2056
2073
2094
2113
2176
2239
2301
2389
2457
2490
2500
2488
2486
2467
2438
2386
2336
2268
2209
2157
2133
2147
2184
2222
2238
2270
2290
2328
2355
2369
2361
2363
2342
2326
2310
2307
2306
2308
2306
2334
2360
2375
2411
2414
2416
2410
2412
2404
2401
2376
2326
2283
2244
2199
2174
2136
2114
2085
2073
2051
2057
2066
2105
2165
2223
2259
2302
2368
2425
2471
2499
2520
2506
2488
2438
2398
2355
2342
2343
2357
2358
2379
2405
2444
2463
2482
2478
2434
2387
2338
2314
2307
2311
2351
2375
2406
2432
2460
2485
2472
2456
2416
2376
2317
2280
2243
2235
2223
2244
2262
2298
2318
2302
2304
2282
2253
2187
2118
2073
2066
2103
2136
2170
2211
2242
2250
2228
2190
2163
2127
2096
2079
2080
2087
2080
2064
2038
1995
1961
1950
1948
1940
1947
1968
1977
1985
1995
1991
2003
2018
2019
2000
1966
1933
1928
1935
1948
1969
1997
2044
2062
2065
2092
2104
2140
2174
2171
2158
2166
2167
2178
2188
2216
2238
2287
2330
2350
2331
2311
2266
2208
2135
2065
1995
1942
1936
1929
1952
1953
1973
2016
2107
2166
2218
2214
2218
2219
2214
2201
2207
2217
2207
2208
2203
2200
2196
2176
2143
2115
2113
2125
2127
2136
2143
2169
2192
2221
2225
2227
2231
2241
2229
2243
2240
2231
2211
2210
2212
2221
2241
2259
2287
2288
2300
2291
2263
2232
2191
2160
2134
2126
2130
2135
2166
2197
2236
2285
2327
2337
2333
2319
2298
2267
2246
2235
2221
2210
2199
2196
2214
2244
2242
2219
2174
2144
2110
2050
1994
1936
1900
1897
1909
1918
1926
1936
1961
1985
1999
2018
2075
2120
2152
2180
2202
2220
2201
2182
2158
2145
2106
2094
2070
2042
2025
2024
2029
2074
2139
2199
2242
2301
2321
2316
2265
2186
2133
2085
2054
2029
2017
2011
2030
2033
2039
2033
2057
2061
2094
2084
2104
2101
2097
2101
2132
2154
2162
2176
2188
2207
2182
2169
2156
2150
2148
2173
2169
2177
2176
2193
2209
2226
2247
2280
2301
2308
2308
2312
2319
2303
2279
2263
2265
2284
2322
2352
2423
2476
2521
2552
2581
2583
2577
2548
2491
2410
2335
2239
2128
2055
2022
2018
2029
2070
2132
2194
2268
2322
2368
2419
2457
2474
2494
2494
2435
2370
2264
2144
2036
1954
1910
1870
1878
1890
1904
1905
1879
1841
1801
1777
1763
1779
1832
1890
1933
1961
1984
1991
1999
2002
1999
1977
1924
1891
1848
1804
1767
1739
1701
1670
1666
1694
1741
1806
1855
1865
1843
1809
1799
1788
1816
1848
1905
1924
1929
1907
1873
1803
1719
1617
1519
1469
1423
1414
1461
1543
1659
1775
1915
2004
2060
2098
2116
2145
2144
2140
2121
2120
2099
2083
2059
2063
2057
2061
2053
2058
2072
2071
2094
2135
2179
2213
2253
2267
2244
2195
2164
2097
2055
2019
1966
1929
1899
1908
1939
1978
2002
2001
2011
2009
2013
2027
2049
2066
2096
2112
2095
2066
2026
1985
1933
1918
1910
1926
1977
2054
2130
2190
2235
2266
2254
2232
2204
2211
2223
2230
2243
2241
2214
2184
2164
2147
2127
2104
2079
2058
2054
2055
2038
2035
2017
1997
1970
1944
1939
1951
1999
2053
2112
2168
2226
2266
2293
2284
2265
2241
2202
2169
2168
2174
2207
2212
2243
2276
2315
2336
2353
2341
2343
2337
2337
2334
2333
2288
2250
2192
2158
2128
2113
2108
2102
2147
2171
2220
2228
2219
2182
2146
2083
2006
1930
1895
1860
1867
1874
1898
1939
2003
2083
2147
2182
2194
2219
2235
2245
2231
2224
2207
2178
2141
2117
2083
2067
2031
2003
1949
1915
1873
1847
1858
1871
1874
1893
1927
1938
1941
1960
1950
1931
1945
1967
2000
2018
2053
2068
2076
2059
2028
1989
1944
1891
1890
1927
1972
2016
2077
2134
2188
2238
2288
2327
2338
2323
2284
2255
2229
2190
2132
2105
2088
2095
2111
2114
2107
2110
2107
2089
2098
2091
2086
2084
2068
2041
2007
1994
2007
2041
2054
2090
2123
2157
2174
2193
2206
2223
2227
2220
2199
2171
2148
2104
2054
2005
1968
1948
1951
1935
1945
1929
1926
1922
1911
1898
1897
1882
1927
2024
2103
2165
2208
2205
2179
2144
2097
1999
1889
1765
1638
1550
1509
1505
1517
1591
1662
1758
1829
1894
1907
1926
1937
1962
1991
2038
2069
2102
2111
2135
2108
2075
2054
2050
2065
2096
2121
2159
2200
2270
2344
2389
2403
2354
2291
2226
2184
2124
2099
2090
2110
2139
2175
2199
2210
2180
2153
2114
2082
2065
2054
2059
2055
2044
2062
2089
2086
2117
2101
2072
2025
1993
1983
1971
1994
2014
2040
2058
2080
2067
2031
2015
1995
1984
1966
1974
1976
1993
2020
2085
2133
2175
2199
2229
2240
2239
2194
2124
2057
2012
1992
1975
1934
1891
1882
1877
1904
1946
2008
2057
2100
2108
2096
2065
2067
2051
2026
1995
2003
2035
2077
2115
2149
2170
2201
2199
2203
2167
2151
2157
2161
2155
2139
2128
2126
2133
2139
2158
2162
2184
2182
2177
2137
2098
2077
2069
2070
2053
2013
1991
1977
1987
2000
1995
2018
2009
1997
1983
2002
2075
2143
2203
2264
2279
2282
2299
2329
2340
2316
2305
2301
2307
2329
2339
2356
2396
2428
2462
2490
2497
2497
2479
2468
2413
2368
2323
2318
2314
2293
2295
2291
2292
2288
2269
2254
2239
2214
2210
2201
2219
2235
2258
2284
2315
2346
2379
2378
2400
2399
2380
2360
2338
2315
2309
2310
2331
2384
2452
2502
2554
2582
2612
2618
2601
2581
2556
2536
2517
2506
2486
2480
2487
2511
2525
2534
2528
2541
2536
2536
2542
2553
2553
2552
2564
2572
2586
2609
2623
2638
2655
2677
2709
2715
2722
2709
2694
2671
2661
2625
2599
2570
2545
2507
2458
2443
2433
2432
2455
2454
2458
2450
2455
2458
2450
2436
2382
2337
2304
2303
2313
2334
2346
2374
2404
2408
2413
2451
2491
2527
2542
2519
2502
2493
2498
2489
2489
2483
2465
2455
2452
2459
2456
2430
2395
2382
2376
2356
2329
2303
2272
2235
2212
2204
2212
2233
2246
2268
2275
2295
2298
2301
2319
2332
2327
2318
2315
2328
2353
2366
2398
2438
2464
2469
2477
2479
2518
2543
2550
2560
2557
2521
2494
2458
2431
2411
2408
2408
2409
2387
2339
2327
2310
2304
2302
2324
2329
2345
2365
2394
2426
2470
2475
2472
2490
2495
2491
2463
2435
2380
2356
2319
2257
2135
2039
1957
1875
1842
1821
1798
1791
1803
1847
1901
1980
2020
2059
2103
2148
2184
2182
2158
2119
2088
2061
2050
2040
2047
2053
2079
2110
2145
2160
2168
2146
2161
2164
2185
2177
2158
2137
2118
2090
2046
2009
1974
1957
1949
1970
1989
2042
2087
2101
2092
2073
2000
1935
1880
1845
1815
1800
1759
1699
1635
1576
1552
1561
1598
1647
1705
1754
1833
1899
1954
2003
2029
2018
2020
2002
1980
1955
1952
1944
1953
1973
2025
2084
2120
2133
2123
2101
2062
2026
1986
1959
1966
1935
1912
1915
1940
1969
1986
2034
2059
2100
2119
2146
2182
2207
2216
2202
2176
2139
2088
2055
2021
1973
1924
1907
1904
1983
1977
1980
2008
2039
2069
2117
2160
2204
2251
2267
2287
2279
2273
2239
2219
2198
2195
2196
2202
2228
2257
2292
2302
2301
2260
2227
2181
2144
2127
2139
2163
2207
2218
2240
2248
2271
2279
2292
2274
2251
2209
2183
2122
2053
1971
1889
1833
1789
1758
1732
1725
1721
1739
1771
1825
1862
1896
1911
1952
2024
2094
2116
2110
2084
2055
2016
1967
1895
1851
1815
1806
1848
1930
2015
2081
2123
2116
2069
2042
2029
2031
2039
2055
2065
2075
2121
2158
2175
2154
2117
2105
2114
2098
2063
2015
1969
1929
1920
1917
1913
1892
1833
1787
1787
1798
1819
1839
1859
1875
1928
1977
2029
2051
2091
2141
2167
2174
2174
2161
2137
2117
2106
2100
2099
2102
2113
2089
2027
1969
1909
1861
1821
1819
1814
1839
1854
1870
1873
1896
1903
1925
1958
1955
1943
1943
1957
1981
2013
2019
2034
2023
2039
2057
2077
2055
2063
2058
2068
2079
2070
2070
2091
2115
2153
2173
2188
2193
2175
2174
2156
2130
2089
2066
2037
2018
2003
2009
2008
2022
2048
2099
2141
2171
2205
2259
2310
2349
2384
2402
2407
2402
2391
2362
2350
2346
2342
2328
2300
2303
2303
2290
2267
2207
2139
2035
1917
1827
1754
1711
1677
1676
1711
1784
1956
2101
2211
2298
2375
2406
2417
2378
2299
2232
2183
2161
2135
2106
2096
2078
2066
2076
2059
2070
2084
2083
2081
2063
2041
2040
2060
2095
2140
2198
2242
2272
2316
2339
2327
2323
2319
2335
2320
2322
2326
2336
2314
2286
2238
2180
2140
2092
2045
1983
1928
1893
1896
1898
1923
1960
2032
2067
2091
2080
2115
2183
2256
2297
2353
2360
2359
2328
2312
2280
2243
2196
2178
2189
2212
2250
2284
2316
2318
2337
2326
2328
2323
2339
2365
2390
2400
2418
2438
2460
2484
2516
2513
2483
2442
2385
2328
2290
2276
2262
2249
2244
2256
2270
2285
2287
2293
2307
2314
2321
2324
2318
2317
2299
2270
2250
2225
2213
2206
2199
2199
2210
2253
2309
2365
2404
2432
2437
2396
2345
2296
2267
2235
2193
2151
2092
2035
2006
1994
2010
2049
2075
2099
2117
2148
2179
2195
2206
2225
2216
2203
2202
2198
2215
2210
2222
2227
2248
2264
2275
2270
2277
2273
2268
2241
2221
2198
2192
2203
2228
2268
2280
2302
2322
2334
2350
2379
2397
2402
2375
2357
2300
2253
2170
2102
2060
2057
2059
2072
2075
2103
2127
2153
2172
2156
2124
2098
2078
2056
2044
2052
2033
1963
1912
1862
1841
1824
1821
1832
1864
1870
1892
1921
1968
1999
2027
2037
2052
2068
2084
2103
2120
2121
2130
2147
2162
2196
2208
2211
2190
2176
2137
2106
2092
2100
2106
2113
2118
2129
2139
2134
2145
2179
2185
2212
2228
2239
2263
2239
2197
2147
2115
2087
2075
2083
2098
2100
2074
2022
1992
1988
1993
1996
2019
2034
2034
2040
2033
2024
2022
2029
2030
2040
2032
2026
2023
2032
2053
2081
2106
2122
2138
2138
2147
2152
2168
2195
2205
2215
2230
2234
2248
2268
2290
2301
2309
2320
2305
2284
2245
2199
2127
2057
1973
1881
1811
1769
1741
1743
1771
1815
1866
1902
1939
1967
2010
2025
2022
2001
2005
2002
2030
2033
2037
2013
2015
1993
1979
1906
1829
1725
1600
1448
1272
1131
1051
1001
995
1035
1115
1209
1316
1417
1482
1551
1593
1626
1630
1653
1649
1649
1651
1671
1672
1665
1657
1643
1620
1589
1563
1560
1568
1537
1468
1395
1329
1251
1180
1115
1085
1035
999
990
1018
1051
1127
1250
1365
1443
1498
1545
1614
1705
1812
1926
1974
2031
2083
2121
2142
2172
2190
2174
2132
2082
2054
2031
1991
1899
1778
1617
1543
1490
1477
1487
1520
1563
1610
1677
1714
1747
1805
1895
1968
2050
2113
2195
2229
2250
2240
2261
2248
2233
2222
2217
2223
2242
2267
2308
2357
2404
2436
2446
2460
2462
2464
2439
2436
2434
2457
2460
2477
2485
2523
2532
2541
2532
2480
2396
2329
2259
2190
2153
2154
2160
2203
2247
2260
2261
2266
2291
2306
2306
2286
2246
2191
2157
2091
2027
1940
1875
1814
1763
1714
1709
1716
1738
1773
1833
1902
1955
2006
2044
2091
2119
2147
2151
2173
2190
2212
2199
2191
2154
2107
2065
2055
2041
2039
2072
2103
2154
2186
2207
2197
2118
2039
1986
1939
1928
1934
1934
1942
1998
2064
2104
2118
2141
2164
2201
2226
2257
2265
2257
2248
2222
2214
2217
2241
2227
2219
2189
2149
2111
2090
2092
2085
2073
2042
1989
1948
1925
1906
1889
1862
1866
1870
1839
1810
1779
1786
1818
1859
1915
1963
1987
2009
2043
2060
2082
2105
2080
2056
2022
2009
1981
1968
1943
1917
1844
1773
1714
1647
1623
1621
1635
1683
1775
1855
1933
1988
2026
2051
2078
2092
2109
2090
2082
2062
2088
2104
2141
2124
2102
2084
2097
2125
2175
2217
2245
2277
2313
2322
2320
2335
2349
2387
2397
2415
2432
2438
2434
2413
2382
2352
2306
2238
2120
2063
2008
1965
1928
1928
1957
2021
2138
2224
2294
2326
2355
2370
2383
2356
2335
2293
2252
2205
2192
2180
2164
2140
2131
2141
2177
2204
2225
2252
2282
2296
2312
2318
2349
2393
2440
2489
2535
2558
2564
2548
2510
2474
2432
2401
2372
2357
2374
2368
2364
2350
2333
2318
2321
2330
2345
2355
2351
2373
2387
2405
2399
2405
2397
2400
2398
2410
2408
2404
2396
2398
2392
2379
2344
2283
2238
2196
2168
2158
2176
2180
2182
2168
2178
2173
2196
2195
2216
2232
2257
2283
2325
2357
2407
2432
2448
2455
2463
2478
2495
2501
2506
2504
2469
2432
2390
2371
2324
2321
2307
2324
2301
2289
2272
2288
2353
2437
2485
2513
2516
2498
2491
2444
2399
2352
2315
2266
2235
2227
2246
2254
2270
2309
2354
2380
2440
2465
2487
2484
2480
2446
2434
2411
2367
2335
2286
2251
2212
2169
2110
2076
2061
2034
2018
1989
1988
1986
1983
1995
2035
2070
2100
2130
2139
2154
2184
2222
2253
2278
2275
2288
2296
2309
2309
2328
2351
2356
2341
2318
2283
2262
2255
2260
2270
2277
2265
2268
2281
2296
2314
2328
2349
2361
2362
2366
2365
2357
2380
2386
2377
2371
2373
2390
2409
2393
2385
2371
2372
2362
2360
2371
2380
2391
2375
2359
2338
2292
2223
2183
2134
2106
2113
2145
2195
2252
2283
2327
2356
2400
2421
2458
2447
2443
2415
2368
2291
2217
2140
2087
2011
1971
1955
1971
2019
2069
2117
2135
2165
2172
2190
2174
2185
2204
2213
2223
2255
2284
2289
2274
2252
2230
2222
2221
2251
2269
2267
2268
2270
2254
2225
2210
2198
2186
2165
2175
2189
2231
2267
2290
2306
2310
2318
2324
2349
2365
2382
2369
2333
2301
2303
2307
2319
2314
2310
2298
2271
2235
2206
2187
2194
2183
2152
2148
2167
2190
2187
2159
2136
2123
2113
2101
2110
2114
2112
2097
2115
2112
2120
2141
2158
2137
2101
2066
2059
2060
2074
2079
2087
2071
2080
2096
2089
2067
2052
2041
2026
2025
2027
2067
2114
2142
2137
2139
2146
2178
2196
2225
2213
2221
2222
2240
2244
2264
2288
2341
2356
2383
2394
2414
2455
2470
2469
2441
2429
2408
2394
2370
2339
2308
2297
2304
2335
2354
2392
2389
2375
2359
2368
2370
2383
2380
2378
2337
2328
2300
2260
2235
2194
2140
2103
2090
2103
2116
2130
2155
2188
2221
2252
2276
2287
2298
2322
2316
2315
2320
2319
2307
2295
2288
2295
2284
2276
2254
2223
2197
2186
2176
2175
2179
2183
2187
2191
2193
2208
2218
2230
2242
2252
2266
2259
2257
2261
2274
2283
2270
2255
2259
2288
2289
2307
2304
2284
2270
2247
2210
2187
2178
2157
2113
2086
2054
2029
2017
2002
2000
1979
1953
1919
1891
1873
1881
1899
1920
1946
1952
1929
1898
1877
1873
1858
1823
1743
1695
1652
1645
1639
1669
1706
1741
1769
1784
1790
1796
1823
1821
1824
1833
1860
1868
1902
1936
1979
1995
2019
2011
2003
1972
1952
1923
1899
1871
1849
1830
1842
1878
1905
1942
1945
1914
1861
1816
1793
1827
1877
1924
1946
1961
1960
1978
2007
2031
2045
2085
2112
2153
2171
2198
2225
2258
2284
2300
2334
2346
2335
2300
2269
2235
2217
2189
2162
2102
2027
1936
1823
1768
1729
1693
1664
1655
1655
1650
1685
1753
1812
1879
1897
1895
1901
1913
1918
1917
1928
1960
1985
2007
2017
1982
1943
1924
1913
1920
1910
1897
1891
1908
1943
1956
1953
1956
1918
1889
1844
1770
1690
1649
1610
1621
1637
1663
1691
1691
1643
1615
1604
1604
1601
1590
1555
1519
1486
1463
1481
1515
1553
1590
1611
1643
1717
1755
1785
1789
1797
1806
1820
1823
1841
1834
1837
1808
1784
1760
1750
1770
1786
1802
1790
1782
1673
1645
1600
1528
1474
1441
1398
1385
1423
1469
1545
1620
1709
1758
1793
1805
1816
1799
1770
1731
1663
1616
1567
1558
1550
1570
1594
1634
1663
1697
1732
1811
1878
1911
1910
1917
1893
1846
1789
1765
1747
1755
1777
1787
1809
1819
1824
1810
1819
1815
1820
1805
1797
1788
1775
1794
1811
1829
1852
1889
1931
1963
1985
1993
2008
2020
2026
2013
2007
2002
1997
2011
2029
2044
2048
2037
2037
2059
2082
2068
2037
2013
2004
1986
1954
1927
1890
1853
1833
1819
1786
1759
1751
1786
1817
1857
1893
1938
1959
1973
1949
1910
1846
1793
1753
1720
1655
1616
1583
1587
1592
1617
1640
1657
1639
1599
1566
1547
1546
1553
1590
1627
1644
1675
1742
1790
1856
1925
1981
2016
2043
2043
2032
2008
1990
1968
1939
1906
1869
1859
1841
1839
1823
1820
1805
1821
1831
1847
1799
1720
1644
1573
1512
1489
1478
1478
1488
1504
1519
1529
1535
1533
1519
1504
1470
1433
1411
1412
1425
1453
1475
1507
1568
1628
1701
1773
1834
1859
1883
1907
1923
1926
1927
1957
1988
2006
1987
1974
1981
1984
1980
1999
2007
2016
2064
2110
2155
2174
2187
2191
2208
2244
2270
2293
2294
2262
2252
2246
2239
2233
2206
2183
2163
2143
2123
2149
2171
2196
2215
2219
2213
2209
2173
2170
2161
2144
2105
2087
2027
2018
2009
2004
1974
1961
1949
1958
1966
1985
2027
2065
2095
2100
2114
2097
2101
2103
2115
2135
2184
2221
2261
2272
2267
2250
2240
2227
2207
2173
2162
2158
2158
2182
2207
2240
2293
2366
2416
2489
2534
2562
2562
2554
2520
2467
2374
2291
2202
2143
2099
2069
2062
2074
2113
2150
2181
2163
2112
2052
2012
1951
1907
1885
1894
1931
1968
1984
1998
2012
2026
2043
2083
2120
2139
2145
2157
2179
2172
2144
2078
2031
1970
1912
1871
1841
1818
1824
1826
1851
1905
1965
2027
2092
2132
2163
2219
2267
2283
2286
2277
2269
2251
2249
2251
2241
2238
2231
2220
2204
2196
2198
2219
2243
2279
2317
2344
2370
2353
2338
2311
2284
2276
2272
2279
2273
2243
2204
2135
2040
1966
1918
1884
1846
1854
1873
1929
1989
2072
2130
2206
2282
2329
2359
2384
2394
2391
2392
2363
2310
2255
2205
2162
2148
2121
2121
2136
2166
2180
2199
2202
2216
2212
2217
2209
2223
2219
2225
2242
2268
2296
2348
2408
2447
2475
2498
2523
2542
2565
2569
2563
2537
2530
2498
2443
2394
2360
2349
2344
2329
2327
2340
2390
2436
2464
2491
2530
2556
2594
2622
2645
2640
2652
2657
2672
2687
2692
2689
2669
2652
2634
2615
2604
2591
2578
2570
2580
2594
2597
2587
2593
2582
2563
2535
2515
2499
2469
2438
2424
2419
2418
2428
2431
2445
2425
2431
2430
2458
2462
2475
2472
2485
2499
2522
2518
2509
2492
2484
2474
2483
2501
2496
2485
2478
2477
2474
2478
2471
2467
2455
2468
2472
2494
2511
2555
2574
2595
2609
2631
2654
2656
2654
2638
2641
2622
2625
2617
2618
2601
2556
2489
2467
2428
2406
2392
2384
2356
2358
2352
2383
2424
2467
2483
2504
2493
2476
2473
2430
2367
2284
2221
2138
2095
2061
2038
2038
2045
2052
2070
2089
2105
2121
2147
2162
2187
2211
2243
2280
2306
2332
2330
2316
2303
2307
2291
2300
2276
2275
2309
2324
2327
2318
2310
2299
2279
2231
2200
2174
2148
2147
2155
2156
2170
2159
2154
2143
2144
2128
2135
2132
2122
2094
2064
2003
1950
1899
1864
1836
1814
1789
1737
1713
1742
1763
1787
1787
1824
1857
1899
1929
1975
2016
2059
2070
2080
2038
1997
1949
1936
1934
1951
1967
1987
1992
1991
1982
1997
2010
2029
2058
2104
2153
2165
2132
2087
2041
1995
1972
1941
1906
1849
1847
1822
1816
1796
1801
1800
1828
1873
1918
1957
2005
2040
2058
2045
2026
1997
1974
1981
1987
2013
2012
2030
2032
2061
2062
2074
2081
2098
2116
2155
2191
2252
2284
2296
2276
2246
2192
2127
2080
2067
2088
2091
2096
2091
2118
2130
2153
2138
2089
2014
1944
1872
1840
1819
1796
1761
1749
1762
1783
1799
1813
1846
1855
1903
1919
1931
1925
1909
1879
1866
1857
1830
1832
1830
1841
1873
1918
1965
1997
2012
2009
2026
2025
2020
2029
2073
2111
2152
2163
2184
2205
2214
2215
2196
2166
2161
2170
2191
2213
2234
2225
2232
2192
2142
2054
1957
1901
1851
1829
1832
1880
1958
2049
2120
2183
2219
2248
2252
2269
2260
2265
2272
2296
2300
2330
2337
2346
2325
2262
2190
2127
2065
2015
1959
1907
1856
1841
1814
1799
1829
1851
1888
1917
1990
2007
2011
1966
1902
1806
1724
1663
1635
1645
1675
1723
1777
1804
1801
1794
1819
1855
1891
1944
1945
1932
1905
1883
1861
1847
1832
1822
1791
1799
1803
1798
1808
1807
1832
1872
1904
1947
1969
1979
1972
1971
1979
1989
2016
2049
2080
2099
2107
2116
2141
2158
2191
2196
2189
2173
2134
2124
2109
2105
2092
2080
2068
2068
2086
2112
2121
2132
2137
2148
2156
2151
2142
2141
2141
2138
2153
2197
2247
2262
2265
2258
2232
2197
2157
2123
2097
2079
2057
2032
2029
2020
2022
2016
1993
1961
1955
1984
2012
2066
2116
2157
2188
2220
2250
2269
2295
2314
2330
2347
2382
2365
2293
2191
2108
2013
1931
1854
1803
1758
1746
1759
1781
1814
1873
1933
1992
2038
2084
2097
2089
2080
2056
2045
2017
2012
2001
2034
2058
2067
2042
2023
1977
1939
1894
1852
1777
1710
1666
1677
1695
1737
1798
1857
1920
1938
1937
1916
1896
1865
1886
1903
1923
1944
1979
1992
2010
1996
1987
1973
1961
1950
1926
1894
1860
1818
1791
1767
1780
1787
1825
1873
1898
1922
1927
1910
1870
1822
1770
1705
1649
1599
1528
1487
1469
1491
1529
1560
1577
1600
1655
1729
1814
1928
2033
2122
2173
2210
2219
2233
2225
2200
2152
2102
2019
1948
1879
1848
1807
1775
1750
1743
1775
1821
1849
1882
1905
1926
1956
1988
2027
2062
2130
2164
2167
2142
2098
2024
1971
1913
1875
1850
1839
1819
1813
1814
1841
1862
1864
1881
1876
1870
1844
1833
1804
1789
1774
1773
1766
1803
1837
1917
1987
2021
1988
1954
1927
1951
2001
2050
2086
2134
2178
2212
2256
2297
2358
2401
2441
2450
2481
2487
2491
2473
2466
2434
2363
2263
2147
2096
2049
2007
1970
1948
1971
2022
2080
2110
2113
2091
2023
1922
1838
1795
1763
1776
1786
1819
1849
1895
1942
2003
2075
2137
2173
2201
2213
2204
2186
2177
2200
2212
2237
2255
2262
2253
2247
2246
2289
2314
2286
2219
2142
2056
1979
1908
1850
1818
1824
1839
1873
1925
2003
2110
2256
2352
2420
2465
2499
2512
2503
2466
2405
2351
2338
2327
2322
2338
2366
2380
2416
2427
2438
2444
2446
2441
2410
2382
2340
2340
2331
2339
2340
2329
2278
2261
2237
2226
2213
2207
2200
2211
2222
2245
2296
2339
2377
2428
2468
2495
2513
2535
2522
2495
2468
2426
2397
2332
2282
2233
2206
2207
2231
2253
2310
2361
2414
2442
2475
2460
2427
2377
2327
2298
2274
2251
2238
2229
2203
2193
2202
2251
2270
2280
2273
2284
2295
2318
2315
2326
2331
2338
2339
2342
2342
2338
2346
2353
2358
2355
2352
2346
2353
2357
2351
2360
2356
2363
2364
2373
2388
2414
2446
2462
2458
2455
2442
2433
2426
2422
2418
2414
2402
2383
2350
2356
2358
2382
2402
2396
2391
2369
2368
2348
2313
2277
2254
2227
2223
2217
2262
2290
2336
2387
2446
2490
2520
2538
2547
2566
2572
2591
2588
2596
2577
2566
2536
47.29248047
1.662890553
999
