5835
2231
2241
2232
2271
2242
2290
2277
2304
2281
2310
2287
2324
2313
2333
2306
2318
2316
2329
2314
2289
2306
2291
2296
2238
2255
2253
2267
2216
2245
2198
2270
2220
2253
2190
2232
2201
2227
2165
2172
2145
2188
2132
2139
2121
2142
2146
2139
2133
2138
2175
2165
2200
2174
2229
2225
2253
2195
2223
2169
2237
2163
2192
2124
2191
2128
2167
2123
2163
2120
2170
2112
2157
2128
2196
2148
2150
2135
2146
2153
2162
2158
2167
2187
2176
2201
2175
2205
2187
2236
2181
2225
2173
2226
2195
2214
2165
2206
2182
2200
2152
2166
2138
2173
2161
2175
2164
2170
2211
2204
2208
2186
2210
2208
2221
2210
2232
2220
2253
2239
2263
2235
2277
2266
2286
2254
2274
2277
2289
2250
2243
2225
2233
2228
2201
2182
2187
2223
2187
2200
2164
2208
2182
2217
2172
2232
2216
2259
2218
2251
2218
2276
2262
2284
2226
2247
2246
2250
2231
2226
2244
2246
2234
2214
2234
2214
2239
2195
2226
2204
2258
2218
2263
2217
2281
2246
2298
2224
2260
2215
2268
2215
2242
2175
2220
2200
2228
2205
2204
2208
2235
2216
2193
2178
2178
2176
2118
2143
2087
2143
2087
2127
2065
2133
2091
2147
2102
2124
2073
2129
2095
2103
2085
2094
2107
2130
2119
2113
2126
2102
2131
2062
2082
2020
2064
2011
2028
1980
1994
1975
2021
1982
1994
1973
2035
2034
2040
2027
2046
2082
2093
2088
2067
2094
2102
2128
2088
2105
2096
2139
2080
2100
2054
2087
2089
2104
2051
2063
2061
2071
2081
2035
2039
2057
2083
2060
2071
2028
2081
2067
2086
2036
2078
2086
2132
2098
2116
2091
2121
2092
2087
2051
2080
2089
2095
2109
2113
2135
2135
2118
2099
2108
2065
2117
2067
2099
2033
2075
2004
2038
1977
1996
1971
2029
1981
2011
1987
2031
2023
2040
2012
2026
2019
2034
2015
2003
2043
2034
2068
2038
2047
2027
2062
1992
2026
1954
2017
1973
2032
1980
2016
1995
2050
2003
2027
1997
2061
2046
2069
2051
2044
2070
2059
2055
2010
2025
2014
2054
1997
2020
1965
2031
1989
2003
1946
1980
1951
1965
1905
1931
1935
1968
1925
1929
1920
1929
1961
1951
1937
1908
1931
1919
1943
1886
1917
1911
1943
1902
1931
1938
1998
1999
2011
1978
1981
1975
1995
1990
1977
1986
1999
2026
2004
2002
1991
2007
1979
2015
1976
2027
2011
2045
1996
2038
2004
2040
2003
2012
1994
2022
2005
2004
2008
1999
2015
2001
1998
1955
1954
1891
1948
1877
1903
1837
1904
1862
1922
1920
1974
1974
2041
2019
2044
2023
2060
2062
2046
2049
2025
2054
2061
2071
2033
2089
2048
2136
2083
2113
2043
2104
2079
2099
2069
2060
2043
2065
2040
2048
2038
2052
2093
2056
2066
2037
2077
2058
2069
2010
2042
2001
2024
1948
1970
1929
1983
1940
1986
1951
1995
1987
2010
1967
2002
1977
1997
2003
1994
1992
1994
2011
1994
2007
1963
2008
1982
2016
1964
1984
1954
1986
1998
2010
2007
2035
2054
2062
2072
2071
2081
2069
2101
2071
2077
2037
2085
2057
2072
2031
2036
2017
2020
1980
1985
1966
1965
1967
1935
1936
1909
1941
1913
1937
1891
1933
1934
1979
1946
1978
1938
1954
1929
1927
1902
1885
1882
1894
1877
1857
1885
1874
1948
1924
1964
1916
1982
1954
1989
1931
1961
1937
2006
1963
1995
1971
1977
2012
1993
1984
1973
2013
2029
2061
2006
2043
1996
2059
1996
2040
1984
2039
2021
2071
2031
2036
2014
2056
2024
2009
2021
1987
2040
2028
2046
2011
2051
2040
2100
2034
2084
2043
2121
2074
2108
2073
2088
2084
2092
2079
2067
2068
2091
2108
2097
2137
2102
2139
2106
2124
2073
2066
2001
2005
1948
1913
1859
1861
1839
1832
1837
1817
1861
1875
1913
1889
1919
1904
1955
1944
1985
1964
1995
1990
2011
2016
2017
2021
2018
2042
2018
2033
2014
2056
2049
2081
2028
2077
2048
2081
2023
2058
2030
2079
2057
2076
2035
2055
2039
2048
2074
2057
2089
2099
2122
2079
2103
2082
2159
2103
2144
2082
2128
2068
2107
2056
2065
2033
2076
2033
2031
1994
2018
2050
2045
2045
2014
2065
2056
2069
2032
2067
2020
2090
2038
2078
2016
2077
2048
2080
2039
2052
2029
2080
2042
2040
2030
2017
2064
2044
2058
2011
2064
2044
2082
2047
2082
2017
2073
2021
2039
1988
2029
2007
2023
2012
1999
1997
2008
2003
1992
2004
1957
2012
1978
2014
1985
2035
2025
2058
2042
2056
2039
2069
2052
2040
2011
2003
2037
2025
2037
1971
1969
1931
1969
1962
1985
1943
1975
1976
2000
1966
1987
2004
2015
2027
2013
2000
1988
2033
2007
2043
2014
2070
2069
2097
2045
2063
2053
2065
2064
2047
2019
2032
2056
2032
2019
2014
2061
2052
2107
2063
2105
2067
2116
2078
2111
2036
2056
2032
2056
1994
2017
2007
2007
2043
2009
2035
2015
2063
2046
2098
2040
2084
2052
2134
2074
2129
2085
2131
2131
2139
2099
2113
2101
2122
2101
2076
2084
2038
2073
2023
2039
1976
2027
2000
2057
2003
2043
2003
2073
2027
2056
2040
2026
2028
2018
2011
1987
2003
2006
1992
1952
1981
1941
1999
1980
2017
1986
2021
2004
2047
2015
2021
2001
2022
2016
2038
2054
2022
2050
2056
2063
2019
2042
2020
2072
2036
2041
2007
2054
2049
2059
2025
2007
2026
2027
2024
1998
2002
2010
2038
2022
2060
2007
2059
2053
2079
2018
2039
2028
2039
2033
2012
1983
1980
2007
1987
2016
1969
2009
1995
2049
1983
2038
2010
2066
2039
2063
2019
2047
2007
2026
2011
1985
1988
1981
2023
1992
2027
2009
2044
2004
2053
1995
2043
2020
2091
2010
2024
1976
1972
1948
1946
1902
1899
1877
1865
1896
1848
1888
1874
1937
1877
1907
1879
1930
1906
1973
1925
1975
1937
1997
1977
1969
1958
1957
1976
1995
1981
1960
1972
1918
1947
1885
1905
1833
1883
1839
1883
1851
1877
1868
1920
1905
1935
1928
1929
1964
1950
1962
1926
1960
1926
1912
1871
1905
1861
1902
1860
1861
1802
1821
1790
1786
1776
1736
1739
1743
1770
1744
1761
1720
1758
1729
1757
1711
1747
1734
1759
1773
1783
1807
1829
1857
1846
1851
1816
1857
1827
1848
1793
1821
1792
1840
1827
1830
1824
1871
1886
1907
1895
1902
1925
1924
1954
1913
1913
1880
1902
1849
1872
1813
1856
1827
1850
1803
1846
1820
1860
1893
1893
1899
1892
1929
1913
1899
1847
1890
1855
1927
1865
1907
1840
1896
1846
1893
1857
1890
1863
1905
1862
1878
1857
1816
1837
1791
1775
1737
1781
1755
1793
1750
1803
1775
1843
1810
1864
1827
1891
1922
1967
1960
1973
1962
1972
1946
1903
1924
1887
1941
1903
1931
1885
1940
1903
1960
1911
1929
1920
1973
1937
1952
1954
1935
1945
1943
1944
1945
1975
1970
2007
1976
1993
1953
2006
1978
1981
1936
1953
1946
1960
1950
1941
1945
1976
2001
1978
2010
1963
2017
1991
2014
1978
2025
1998
2042
2004
1999
1969
1996
1971
1965
1947
1912
1921
1903
1939
1880
1900
1875
1916
1882
1886
1813
1837
1792
1825
1769
1795
1796
1828
1841
1831
1829
1841
1862
1824
1863
1817
1861
1849
1928
1874
1941
1932
2002
1984
2021
1978
2015
2003
2045
2033
2011
2021
2034
2071
2055
2075
2068
2128
2100
2141
2080
2126
2100
2164
2094
2133
2100
2123
2114
2136
2113
2127
2135
2129
2169
2141
2157
2136
2199
2150
2172
2138
2166
2130
2173
2106
2128
2094
2119
2077
2061
2063
2072
2095
2094
2079
2068
2093
2063
2111
2070
2094
2068
2135
2093
2116
2093
2106
2110
2126
2108
2112
2128
2125
2181
2167
2177
2158
2205
2173
2195
2156
2162
2116
2133
2099
2093
2044
2077
2056
2036
2021
1967
1974
1970
1977
1942
1975
1943
2007
1986
2013
1963
2016
2018
2075
2081
2097
2087
2126
2138
2134
2118
2094
2134
2097
2124
2075
2107
2068
2104
2050
2079
2031
2104
2074
2101
2047
2102
2093
2106
2122
2101
2112
2113
2136
2104
2151
2071
2129
2096
2134
2065
2127
2094
2123
2084
2105
2087
2146
2148
2163
2144
2153
2181
2155
2171
2138
2178
2145
2191
2175
2206
2146
2184
2154
2197
2132
2160
2149
2167
2154
2139
2124
2129
2133
2124
2125
2069
2083
2052
2096
2057
2079
2042
2066
2048
2072
2052
2064
2080
2119
2115
2119
2130
2129
2155
2139
2147
2120
2173
2160
2198
2147
2161
2140
2191
2164
2178
2159
2155
2177
2158
2152
2125
2159
2156
2195
2139
2155
2126
2175
2140
2171
2129
2160
2169
2193
2163
2169
2184
2216
2203
2185
2199
2159
2225
2199
2215
2159
2197
2149
2203
2185
2117
2188
2172
2203
2156
2178
2193
2214
2215
2207
2211
2226
2215
2191
2227
2163
2211
2158
2186
2111
2159
2134
2194
2154
2187
2138
2199
2178
2212
2215
2211
2230
2240
2268
2239
2244
2233
2264
2208
2231
2163
2190
2129
2180
2125
2151
2128
2166
2167
2169
2153
2171
2202
2191
2207
2160
2183
2158
2214
2158
2180
2148
2180
2166
2206
2164
2193
2195
2226
2221
2203
2192
2186
2216
2185
2184
2134
2168
2151
2208
2171
2197
2179
2232
2203
2220
2217
2207
2230
2225
2219
2203
2214
2177
2224
2184
2212
2176
2215
2184
2196
2174
2171
2169
2179
2150
2138
2122
2139
2147
2109
2120
2065
2125
2111
2130
2091
2148
2123
2169
2139
2167
2125
2173
2146
2153
2157
2155
2171
2175
2205
2173
2163
2115
2185
2148
2196
2134
2200
2166
2222
2190
2204
2192
2253
2242
2250
2207
2225
2237
2226
2249
2207
2235
2207
2261
2214
2252
2166
2206
2152
2188
2130
2166
2147
2173
2163
2172
2151
2176
2186
2189
2174
2129
2165
2138
2169
2103
2147
2127
2178
2148
2185
2133
2188
2166
2179
2130
2157
2144
2142
2138
2093
2088
2069
2101
2070
2112
2072
2098
2097
2140
2118
2153
2140
2166
2168
2144
2136
2128
2128
2108
2069
2028
2054
2023
2068
2026
2037
1991
2046
2028
2048
2021
2028
2039
2062
2040
2046
2061
2037
2075
2054
2075
2036
2091
2085
2107
2056
2095
2075
2153
2111
2127
2085
2100
2123
2120
2116
2104
2130
2133
2118
2092
2123
2055
2133
2087
2141
2088
2155
2126
2183
2139
2165
2127
2176
2129
2131
2117
2074
2101
2082
2094
2024
2022
1987
1998
1935
1967
1898
1964
1902
1933
1869
1912
1902
1936
1911
1918
1897
1905
1892
1889
1929
1896
1948
1920
1957
1902
1951
1912
1977
1932
1954
1912
1968
1965
2001
1990
1999
2018
2045
2073
2073
2087
2085
2092
2051
2066
1997
2035
2016
2055
2003
2028
2005
2051
2066
2085
2082
2110
2114
2106
2126
2088
2094
2075
2120
2081
2095
2084
2131
2115
2135
2086
2096
2080
2117
2092
2072
2058
2050
2089
2078
2074
2056
2092
2090
2120
2072
2095
2080
2142
2102
2119
2119
2135
2155
2155
2132
2112
2138
2113
2149
2083
2095
2065
2123
2070
2098
2068
2088
2076
2134
2100
2119
2097
2124
2115
2097
2106
2092
2126
2097
2114
2059
2076
2032
2106
2049
2102
2044
2131
2098
2140
2110
2111
2083
2118
2088
2081
2052
2022
2065
2036
2062
2007
2056
2034
2075
2043
2078
2018
2061
2009
2052
1997
2052
2023
2043
2035
2020
2032
2043
2045
2025
2047
2003
2067
2041
2078
2029
2088
2056
2092
2044
2063
2023
2078
2055
2068
2041
2058
2075
2075
2078
2067
2081
2090
2117
2097
2107
2052
2078
2054
2072
2026
2054
2042
2073
2065
2046
2022
2054
2086
2062
2081
2043
2100
2091
2118
2061
2085
2071
2098
2069
2051
2016
2040
2058
2082
2062
2065
2097
2098
2127
2098
2124
2109
2143
2095
2125
2080
2119
2090
2131
2080
2118
2099
2121
2125
2121
2109
2121
2157
2138
2158
2106
2130
2080
2125
2059
2100
2044
2094
2064
2095
2044
2069
2041
2078
2044
2026
2027
2001
2017
1969
1954
1902
1915
1853
1903
1825
1860
1832
1907
1851
1900
1862
1884
1870
1879
1830
1825
1835
1868
1871
1840
1865
1859
1920
1912
1964
1918
1961
1947
1997
1938
1962
1926
1977
1928
1946
1943
1941
1960
1981
1993
1996
2008
1983
2031
1977
2011
1962
2038
2028
2063
2031
2038
2028
2063
2041
2026
2014
2032
2025
1988
2004
1983
2030
2002
2028
1993
2029
1995
2029
1988
1984
1948
1955
1940
1935
1938
1915
1926
1935
1957
1919
1942
1931
1978
1956
1981
1951
1978
1984
2028
2036
2037
2012
1985
1996
1967
1956
1929
1941
1916
1948
1871
1890
1854
1913
1873
1918
1881
1907
1906
1953
1940
1951
1945
1943
1987
1950
1974
1962
2022
2004
2040
2002
2046
2032
2109
2062
2099
2069
2127
2070
2064
2030
2026
2033
2042
2027
2019
2043
2033
2094
2031
2070
2025
2092
2055
2120
2063
2094
2056
2095
2032
2059
1998
1997
2012
1998
1981
1954
1982
1985
1981
1957
1995
1970
2027
1983
2007
1937
1966
1929
1948
1920
1928
1916
1937
1921
1931
1947
1937
1977
1977
2008
1989
2038
2030
2072
2031
2049
2014
2054
2032
2042
1999
1997
2020
2009
2016
1979
1981
1994
2013
2020
2060
2016
2061
2054
2101
2075
2094
2056
2085
2075
2058
2037
2035
2054
2051
2070
2025
2058
2051
2103
2051
2089
2049
2104
2084
2103
2070
2114
2107
2125
2085
2087
2097
2111
2146
2105
2119
2097
2132
2098
2134
2061
2125
2089
2136
2061
2095
2081
2119
2091
2095
2074
2080
2056
2043
2038
1981
2006
1986
2055
1999
2029
1975
2007
1977
2007
1939
1987
1944
1988
1933
1971
1975
1998
2035
2053
2051
2050
2085
2045
2093
2034
2060
2039
2105
2055
2102
2059
2075
2060
2093
2054
2073
2057
2085
2078
2064
2070
2040
2071
2061
2066
2007
2042
2025
2084
2043
2064
2030
2075
2040
2062
2033
2018
2028
2034
2015
1992
2000
1991
2057
2033
2075
2049
2120
2104
2132
2122
2129
2125
2157
2145
2144
2120
2136
2121
2084
2063
2009
2030
2008
2023
1972
2013
1984
2027
1997
2015
1975
1997
1961
1947
1937
1905
1927
1941
1962
1939
1972
1953
2023
1998
2036
1972
2034
2018
2053
2021
2043
2030
2068
2065
2060
2036
2058
2063
2057
2081
2031
2053
2022
2055
1999
2045
1991
2046
2008
2048
1981
2009
1988
2002
1990
1985
1976
1980
2018
2010
2028
2002
2055
2027
2080
2035
2075
2031
2097
2050
2074
1999
2011
1986
2007
1955
1963
1948
1958
1990
1962
1961
1943
1974
1949
1980
1933
1955
1946
2002
1961
1988
1952
1969
1979
1974
1962
1968
1990
2003
1998
1976
1990
1982
2040
1990
1994
1939
1949
1903
1911
1850
1855
1853
1879
1858
1870
1862
1843
1895
1881
1925
1905
1957
1959
2014
1980
1999
1980
2027
1984
1986
1932
1911
1900
1870
1850
1806
1811
1806
1826
1775
1816
1762
1829
1794
1844
1805
1862
1848
1899
1868
1893
1877
1923
1917
1917
1897
1830
1849
1814
1822
1747
1751
1713
1752
1702
1727
1644
1695
1664
1710
1661
1688
1695
1727
1746
1747
1750
1781
1820
1811
1873
1835
1909
1900
1973
1919
1949
1918
1972
1922
1930
1866
1894
1871
1887
1877
1857
1859
1867
1894
1853
1851
1838
1867
1837
1871
1803
1829
1818
1867
1814
1837
1801
1809
1810
1805
1796
1790
1800
1798
1846
1805
1848
1819
1876
1849
1891
1879
1908
1910
1934
1909
1921
1903
1924
1948
1944
1960
1936
1987
1972
2005
1967
2003
1982
2009
1977
1994
1959
1998
1990
2019
2032
2028
2059
2061
2070
2042
2060
2047
2083
2023
2024
1955
1980
1962
1977
1945
1921
1898
1902
1910
1900
1899
1914
1920
1889
1899
1844
1886
1842
1881
1809
1861
1812
1862
1843
1874
1830
1876
1865
1882
1907
1893
1918
1922
1960
1920
1931
1891
1953
1918
1967
1901
1944
1902
1949
1909
1921
1892
1914
1903
1908
1879
1886
1878
1877
1925
1880
1911
1880
1927
1858
1914
1842
1890
1848
1881
1797
1827
1790
1801
1816
1817
1827
1861
1882
1866
1869
1851
1877
1848
1879
1841
1858
1824
1878
1853
1878
1869
1897
1911
1942
1921
1907
1893
1886
1904
1888
1900
1868
1916
1908
1944
1913
1941
1932
1979
1958
1963
1936
1936
1960
1942
1946
1911
1943
1954
1963
1929
1962
1931
1984
1940
1960
1922
1996
1986
2014
1996
1990
2007
2021
2014
1990
1985
1932
1999
1983
2016
1968
2038
2023
2094
2045
2078
2044
2111
2084
2099
2045
2031
2056
2044
2055
2035
2060
2064
2082
2033
2076
2017
2101
2054
2103
2054
2099
2075
2118
2089
2095
2075
2111
2112
2104
2098
2045
2054
2025
2056
2015
2037
2014
2091
2072
2127
2082
2130
2102
2142
2087
2119
2112
2138
2143
2137
2134
2149
2179
2167
2209
2160
2189
2176
2216
2156
2159
2113
2133
2109
2126
2089
2094
2111
2129
2135
2123
2137
2140
2192
2164
2184
2157
2213
2205
2219
2173
2185
2175
2207
2170
2191
2201
2205
2221
2192
2186
2159
2170
2131
2154
2097
2106
2080
2117
2081
2111
2103
2124
2142
2146
2119
2090
2084
2098
2096
2065
2083
2042
2095
2074
2096
2066
2110
2098
2145
2126
2158
2129
2164
2129
2118
2100
2062
2081
2084
2092
2058
2091
2048
2114
2053
2095
2043
2108
2061
2095
2055
2066
2040
2066
2039
2051
2029
2063
2087
2064
2086
2040
2090
2072
2104
2052
2103
2048
2116
2062
2103
2028
2082
2054
2081
2062
2044
2050
2023
2004
1951
1996
1963
1929
1907
1853
1876
1874
1890
1854
1896
1853
1909
1857
1883
1832
1900
1880
1906
1896
1891
1926
1957
1958
1948
1940
1927
1981
1966
1998
1978
2025
2011
2010
1971
1959
1928
1955
1935
1937
1922
1920
1935
1913
1913
1868
1909
1917
1933
1871
1918
1890
1940
1920
1939
1907
1947
1959
1980
1991
1960
1964
1950
1979
1940
1947
1903
1945
1903
1936
1883
1923
1908
1971
1955
1974
1972
2007
2023
2021
2013
2007
2018
1979
2021
1960
1986
1959
2018
1967
2019
1959
1999
1976
2034
1984
2011
1985
2004
2013
1997
1995
1998
2027
2026
2035
1995
2013
1976
2029
1952
2000
1952
2027
1973
1993
1942
1961
1947
1979
1934
1927
1911
1888
1931
1903
1910
1871
1925
1903
1961
1898
1932
1887
1933
1859
1859
1796
1806
1804
1788
1755
1735
1741
1744
1753
1739
1780
1746
1795
1792
1825
1802
1850
1835
1855
1827
1818
1792
1801
1789
1763
1762
1723
1763
1751
1772
1728
1758
1749
1789
1767
1747
1696
1716
1707
1713
1694
1687
1704
1702
1709
1686
1703
1685
1745
1740
1781
1764
1806
1806
1831
1783
1792
1769
1780
1811
1795
1791
1796
1826
1805
1818
1773
1807
1774
1851
1800
1839
1806
1866
1869
1892
1856
1849
1832
1838
1797
1797
1804
1791
1855
1808
1839
1802
1864
1835
1892
1812
1831
1783
1822
1757
1793
1760
1780
1809
1828
1824
1827
1833
1829
1833
1751
1770
1707
1772
1723
1773
1717
1782
1762
1825
1781
1844
1829
1901
1883
1891
1900
1900
1938
1948
1960
1936
1953
1931
1981
1932
1960
1907
1945
1906
1943
1916
1919
1911
1939
1911
1922
1921
1937
1930
1901
1923
1892
1958
1951
1990
1948
1985
1961
1991
1961
1963
1933
1956
1963
1968
1970
1951
1972
1973
1998
1953
1959
1901
1946
1915
1923
1872
1888
1866
1890
1898
1906
1907
1937
1961
1949
1961
1983
2013
2004
2033
1971
2017
1997
2050
1986
2050
2021
2083
2068
2096
2067
2100
2102
2107
2145
2109
2130
2105
2146
2095
2119
2072
2128
2092
2132
2077
2131
2098
2143
2100
2091
2066
2081
2081
2075
2062
2045
2051
2021
2060
2000
2048
2002
2054
1993
2042
1984
2000
1974
2008
1948
1959
1933
1944
1948
1909
1888
1851
1881
1870
1876
1855
1887
1860
1923
1864
1902
1874
1949
1913
1960
1961
1989
2001
2041
2030
2016
2011
1982
2024
1993
2002
1940
1979
1955
1974
1927
1935
1927
1981
1947
1963
1932
1953
1984
1967
1951
1925
1967
1962
1962
1933
1954
1938
1989
1967
1992
1961
2004
1966
1977
1959
1948
1958
1962
1964
1938
1944
1910
1966
1924
1945
1893
1939
1911
1968
1918
1938
1912
1955
1943
1947
1914
1903
1952
1942
1959
1921
1950
1939
1957
1901
1947
1892
1975
1931
1969
1919
1967
1943
1987
1965
1998
1979
2031
2012
2049
2059
2039
2075
2052
2045
2008
2042
2021
2051
1981
2011
1948
2001
1938
1975
1918
1966
1952
2005
1992
2020
2010
2063
2058
2065
2094
2059
2109
2090
2112
2051
2097
2042
2093
2041
2064
2009
2074
2048
2077
2046
2023
2049
2078
2060
2028
2025
2041
2047
2013
2010
1948
1991
1963
1970
1924
1956
1947
1990
1986
1999
2011
2042
2059
2053
2054
2020
2036
2007
2031
1988
2013
2008
2071
2060
2087
2061
2087
2077
2093
2087
2047
2061
2046
2060
2015
2037
2006
2060
2032
2066
2035
2083
2081
2134
2103
2111
2110
2118
2130
2107
2105
2091
2119
2059
2101
2030
2059
2008
2084
2041
2105
2072
2105
2081
2126
2102
2119
2095
2139
2128
2088
2104
2059
2107
2061
2075
2035
2078
2040
2107
2030
2058
2001
2082
2027
2053
2019
2014
2031
2037
2011
1979
1966
1900
1957
1892
1899
1848
1900
1862
1895
1852
1873
1860
1926
1891
1907
1867
1918
1921
1925
1918
1902
1918
1930
1928
1902
1943
1909
1961
1929
1946
1903
1955
1932
1957
1942
1948
1929
1958
1969
1958
1969
1955
1994
1981
2003
1958
1969
1958
1997
1997
2013
2025
2054
2077
2075
2064
2065
2082
2066
2090
2053
2084
2067
2132
2098
2155
2125
2165
2161
2190
2158
2152
2143
2143
2158
2131
2143
2133
2188
2176
2197
2168
2209
2189
2246
2186
2204
2148
2197
2148
2131
2099
2091
2102
2100
2093
2074
2078
2053
2119
2079
2124
2075
2160
2122
2168
2100
2116
2079
2144
2103
2147
2116
2138
2164
2151
2164
2154
2202
2191
2190
2136
2176
2123
2190
2131
2171
2102
2166
2130
2167
2134
2154
2144
2180
2162
2186
2190
2163
2213
2202
2224
2188
2243
2221
2249
2183
2210
2159
2222
2177
2205
2155
2177
2180
2181
2171
2158
2147
2153
2153
2120
2150
2113
2155
2134
2169
2137
2176
2166
2209
2188
2198
2188
2216
2222
2207
2214
2186
2185
2155
2166
2124
2142
2133
2182
2182
2213
2186
2225
2215
2219
2176
2187
2183
2161
2175
2158
2162
2151
2199
2187
2233
2197
2234
2225
2257
2181
2202
2167
2190
2194
2205
2194
2199
2219
2210
2234
2186
2223
2201
2247
2184
2209
2165
2219
2179
2199
2149
2193
2184
2233
2185
2214
2211
2200
2205
2159
2151
2127
2159
2108
2156
2089
2155
2106
2155
2083
2112
2044
2053
2011
2013
1969
1990
1990
2028
2043
2026
2059
2053
2117
2106
2131
2085
2123
2087
2129
2064
2096
2035
2074
2013
2048
2025
2017
2025
2023
2025
2032
2043
2002
2066
2056
2081
2024
2078
2053
2065
2037
2061
2046
2066
2036
2033
2002
2017
2005
1985
1969
1935
1956
1953
1967
1941
1974
1963
2018
1998
2028
1996
2031
2013
2011
2006
1973
1980
1989
1982
1945
1955
1932
1979
1957
1986
1951
2012
2012
2033
2001
1976
1951
1967
1954
1918
1892
1900
1903
1893
1919
1880
1916
1898
1936
1900
1982
1952
2015
1976
2001
1968
2008
1981
2003
1998
1956
1939
1919
1917
1867
1869
1824
1895
1858
1925
1890
1973
1975
2047
2012
2049
2040
2098
2081
2091
2053
2067
2060
2045
2055
1997
1996
1971
2010
1963
1988
1925
1974
1947
2005
1948
1986
1947
1974
1968
1962
1924
1933
1960
1967
1951
1938
1976
1959
2017
1973
1992
1966
2022
1982
2004
1951
1974
1976
2023
1986
1994
2000
2013
2062
2052
2057
2050
2096
2083
2111
2081
2098
2076
2101
2057
2065
2024
2034
2040
2027
2008
1998
2029
2019
1994
1929
1923
1872
1900
1845
1855
1812
1875
1862
1904
1905
1933
1959
2004
2012
2015
2038
2000
2041
2028
2063
2035
2088
2058
2103
2049
2077
2034
2105
2065
2091
2037
2025
2033
2018
2016
1999
2007
1995
2017
1979
2018
1946
2016
1966
2019
1975
2040
2031
2088
2063
2085
2053
2098
2084
2098
2092
2051
2080
2060
2080
2035
2034
1991
2031
1977
2005
1942
2009
1988
2036
1995
2027
1996
2017
2023
2011
1976
1983
2002
1964
2001
1958
1993
1965
2014
1955
1991
1973
2048
2031
2063
2019
2060
2063
2100
2069
2045
2038
2039
2047
2007
1998
1982
2014
1989
2014
1987
2024
2000
2055
2033
2040
2020
2001
2011
2012
2020
2015
2048
2058
2101
2048
2083
2070
2118
2084
2108
2091
2095
2095
2104
2082
2071
2068
2078
2080
2043
2057
2011
2053
2015
2052
2017
2085
2080
2137
2122
2145
2132
2173
2155
2160
2164
2120
2132
2117
2134
2088
2098
2051
2110
2068
2097
2046
2088
2077
2117
2108
2134
2129
2167
2182
2156
2123
2120
2137
2104
2133
2066
2107
2072
2115
2036
2095
2040
2075
2034
2045
1974
2006
1981
1990
1989
1968
1963
1970
1982
1948
1939
1892
1945
1908
1946
1887
1947
1942
2003
1979
2006
2003
2070
2072
2086
2049
2069
2068
2066
2083
2029
2041
2016
2062
2000
2024
1975
2019
1983
2016
1973
2008
1993
2025
2025
2021
2020
2007
2004
1954
1919
1865
1865
1829
1853
1821
1855
1846
1900
1890
1906
1913
1931
1937
1933
1923
1922
1919
1907
1945
1921
1948
1913
1955
1928
1964
1928
1946
1922
1962
1915
1924
1900
1922
1984
1990
2012
1989
2041
2051
2059
2028
2070
2032
2098
2049
2059
2000
2069
2048
2071
2036
2036
2030
2058
2057
2068
2093
2061
2124
2116
2152
2100
2144
2101
2156
2086
2110
2046
2092
2023
2026
1969
1981
2010
2014
2014
2000
2042
2071
2106
2089
2136
2095
2176
2154
2187
2139
2193
2179
2221
2192
2207
2171
2197
2177
2172
2155
2107
2137
2119
2139
2090
2098
2051
2073
2013
2036
1980
2027
1997
2023
1983
2022
2022
2049
2057
2049
2051
2059
2084
2084
2104
2049
2069
2055
2093
2060
2091
2062
2104
2103
2100
2078
2090
2108
2116
2111
2074
2074
2052
2067
2022
2021
1991
2031
2033
2064
2042
2078
2098
2110
2106
2105
2146
2187
2167
2176
2184
2231
2242
2270
2220
2261
2245
2302
2256
2302
2261
2305
2282
2289
2238
2246
2234
2239
2199
2189
2200
2163
2193
2149
2181
2147
2220
2184
2242
2180
2225
2185
2252
2181
2206
2156
2151
2150
2139
2126
2121
2120
2120
2101
2047
2072
2016
2096
2053
2095
2029
2073
2041
2090
2031
2054
2019
2058
2014
2028
2025
2007
2029
2042
2050
2018
2038
2018
2095
2060
2100
2069
2128
2094
2111
2056
2049
2031
2057
2031
2028
2001
2028
2023
2004
2019
1987
2033
2011
2035
1994
2017
1995
2049
2019
2036
1994
2020
2016
2034
2034
2017
2036
2045
2070
2040
2049
2008
2042
2013
2022
1986
2009
1993
2003
1981
1963
1951
1977
1991
1989
2005
2018
2073
2069
2117
2063
2104
2083
2112
2034
2062
2019
2044
2000
2002
1952
1952
1949
1943
1979
1966
1989
1973
2031
1995
2035
1993
2037
1985
2022
1956
1990
1940
1996
1958
1953
1948
1966
1992
1989
1967
1949
1964
1933
2002
1949
1981
1941
2024
1976
2022
1977
1987
1931
1983
1926
1937
1892
1893
1929
1913
1913
1892
1929
1924
1935
1927
1966
1923
1978
1921
1972
1946
2020
1988
2008
1984
1993
2002
2026
2010
1991
1990
1963
2004
1962
1987
1953
2000
1971
2001
1959
1987
1971
2011
1957
1936
1896
1885
1899
1891
1895
1874
1907
1914
1955
1953
1981
1932
1973
1986
2005
1973
1982
1985
1993
2013
1989
1981
1970
1987
1955
1967
1927
1960
1939
1978
1935
1945
1912
1939
1947
1961
1965
1972
1993
1993
1982
1975
2008
1991
2037
1987
2008
1971
2034
2006
2032
1968
1989
1969
2016
1975
1995
1970
1938
1945
1909
1902
1863
1897
1871
1899
1841
1891
1874
1949
1907
1945
1892
1923
1923
1947
1901
1903
1900
1932
1913
1914
1944
1920
1969
1944
1981
1949
2002
1951
1990
1923
1963
1918
1974
1893
1895
1864
1870
1908
1926
1937
1955
1991
2017
2074
2041
2076
2023
2073
2025
2044
1977
1999
1968
1984
1928
1924
1907
1937
1929
1941
1943
1938
1987
1992
2010
1991
2022
2013
2035
1981
1992
1940
1958
1920
1935
1899
1895
1901
1907
1893
1896
1920
1947
1985
1956
1983
1936
1979
1967
2004
1963
2015
2004
2052
2047
2075
2046
2067
2069
2040
2039
1970
1986
1971
1997
1951
1985
1970
2024
1992
2017
1970
2027
1993
2019
1994
1985
1995
2012
2028
2031
2019
2013
2051
2016
2054
1990
2043
1987
2028
1947
1993
1955
2013
1994
2000
1960
2004
1987
1986
1991
1955
1981
2002
2053
2037
2060
2051
2112
2075
2115
2053
2092
2036
2066
2004
2001
1942
1940
1923
1921
1902
1894
1898
1891
1936
1903
1932
1923
1981
1963
2043
2029
2082
2072
2131
2105
2135
2109
2117
2115
2088
2067
2048
2076
2062
2050
2031
2045
2034
2065
2034
2050
2034
2100
2095
2108
2096
2100
2136
2158
2151
2124
2122
2098
2122
2059
2063
2009
2043
2000
2033
1995
2022
2022
2053
2039
2073
2072
2074
2098
2081
2087
2058
2107
2094
2111
2085
2113
2083
2142
2099
2127
2076
2121
2080
2059
2011
2008
2008
2018
2018
2017
2040
2019
2079
2043
2069
2012
2069
2021
2081
2025
2050
2009
2044
2014
2038
1994
2000
2016
2000
2007
1972
1990
1976
1984
1924
1964
1872
1921
1864
1895
1828
1887
1864
1939
1925
1964
1945
2004
2025
2044
2059
2025
2068
2046
2072
2023
2055
2032
2098
2065
2113
2062
2134
2112
2168
2123
2145
2147
2169
2149
2144
2139
2160
2188
2176
2194
2134
2181
2166
2219
2172
2198
2171
2220
2208
2209
2172
2174
2177
2175
2157
2130
2138
2138
2178
2135
2163
2148
2189
2185
2184
2137
2155
2146
2159
2109
2100
2111
2107
2143
2124
2159
2151
2197
2155
2186
2139
2167
2146
2187
2138
2165
2146
2125
2116
2106
2091
2063
2070
2072
2098
2061
2095
2055
2141
2106
2144
2093
2151
2134
2173
2124
2169
2163
2221
2195
2195
2209
2169
2200
2181
2192
2153
2183
2142
2224
2160
2202
2132
2185
2121
2157
2107
2121
2104
2142
2114
2142
2136
2184
2202
2191
2212
2181
2222
2208
2215
2160
2204
2168
2240
2193
2223
2171
2228
2190
2227
2220
2216
2233
2260
2252
2225
2215
2185
2233
2192
2216
2173
2224
2209
2224
2200
2183
2146
2176
2152
2152
2143
2170
2158
2160
2184
2181
2220
2215
2245
2215
2265
2233
2271
2250
2256
2222
2217
2207
2189
2193
2159
2156
2128
2156
2136
2158
2132
2170
2172
2215
2188
2206
2196
2250
2243
2259
2253
2235
2257
2242
2242
2203
2212
2184
2229
2182
2226
2174
2238
2204
2259
2205
2218
2210
2255
2227
2231
2204
2179
2225
2176
2193
2129
2156
2112
2114
2054
2076
2019
2085
2025
2076
2037
2112
2083
2100
2087
2072
2089
2107
2118
2097
2103
2047
2104
2062
2087
2005
2044
2000
2041
1982
2004
1976
2049
2014
2033
2012
2032
2066
2052
2050
2008
2013
2008
2035
2030
2071
2030
2088
2074
2113
2072
2131
2110
2146
2128
2135
2124
2151
2154
2151
2179
2149
2187
2163
2189
2156
2186
2184
2231
2210
2220
2196
2210
2192
2181
2151
2128
2135
2137
2168
2132
2140
2111
2139
2095
2098
2045
2041
2006
2023
1997
2021
2007
2014
2029
2003
2017
2006
2061
2058
2112
2069
2112
2102
2172
2121
2168
2123
2151
2136
2153
2111
2091
2079
2088
2043
2023
2040
2008
2068
2023
2041
2008
2080
2061
2124
2052
2101
2063
2147
2100
2149
2127
2134
2159
2178
2168
2168
2181
2185
2191
2133
2171
2125
2195
2151
2174
2096
2134
2099
2126
2074
2088
2050
2079
2038
2043
2050
2019
2023
1998
1971
1913
1923
1876
1907
1867
1902
1854
1928
1917
1970
1952
1974
1987
2011
1999
1994
1985
1996
2011
1979
1997
1960
2011
2012
2051
2019
2052
2018
2049
2031
2029
1999
2018
2021
2003
2014
1972
1982
1967
1976
1917
1925
1924
1962
1948
1961
1930
1972
1971
2013
2032
2035
2045
2056
2100
2072
2094
2094
2127
2113
2142
2094
2127
2112
2160
2106
2130
2093
2110
2118
2121
2102
2103
2110
2097
2126
2053
2071
2027
2052
1977
1989
1925
1935
1878
1903
1847
1889
1863
1930
1923
1935
1954
1957
1983
1975
1980
1964
2004
1968
2029
1970
2021
1961
2025
1963
2023
1986
2011
2001
2045
2010
2021
1995
1990
2029
1999
2011
1948
1969
1931
1931
1878
1925
1888
1961
1927
1986
1944
2014
2011
2046
2033
2020
2008
2034
2018
1994
1995
1937
1983
1934
1954
1894
1938
1928
1948
1902
1906
1888
1934
1915
1925
1907
1923
1961
1966
1979
1942
1938
1935
1953
1928
1939
1901
1962
1966
1999
1983
2023
2029
2036
2035
1993
1998
1987
2012
1974
1983
1936
1975
1963
2012
1983
2038
2033
2079
2078
2081
2067
2090
2105
2088
2059
2042
2057
2043
2080
2032
2087
2071
2143
2127
2168
2115
2129
2093
2134
2080
2097
2076
2061
2056
2011
1998
1975
2002
1987
2011
1947
1979
1926
1983
1923
1957
1905
1970
1973
1996
1973
1999
1997
2042
2020
2011
2003
1956
1987
1958
1957
1893
1947
1920
1973
1924
1954
1932
2013
1965
1976
1958
1953
1972
1972
1951
1929
1946
1958
1969
1929
1963
1932
1983
1949
1973
1941
1973
1968
1998
1971
1976
1964
1986
1976
1975
1984
1979
2024
2016
2039
2004
2039
2020
2059
2034
2057
2039
2092
2078
2081
2073
2061
2076
2079
2075
2048
2061
2054
2083
2053
2076
2018
2054
2019
2037
1990
2001
1983
1976
2012
1999
2011
1995
2045
2009
2082
2023
2068
2044
2124
2088
2143
2104
2112
2091
2115
2065
2077
2071
2067
2064
2031
2061
2030
2094
2076
2094
2034
2090
2050
2094
2039
2073
2016
2091
2055
2102
2086
2082
2102
2119
2103
2092
2119
2112
2191
2139
2192
2161
2251
2218
2252
2191
2235
2199
2242
2178
2185
2136
2184
2156
2143
2145
2125
2163
2153
2163
2135
2191
2159
2213
2176
2210
2183
2238
2217
2259
2229
2239
2226
2249
2236
2230
2216
2179
2197
2170
2189
2142
2162
2146
2178
2155
2171
2132
2172
2158
2165
2159
2172
2164
2166
2184
2166
2187
2188
2212
2185
2236
2204
2241
2217
2228
2179
2175
2135
2141
2135
2115
2108
2103
2121
2095
2083
2039
2086
2088
2154
2098
2133
2105
2182
2193
2228
2199
2198
2196
2226
2192
2174
2159
2127
2165
2113
2131
2074
2132
2111
2180
2114
2146
2101
2158
2087
2105
2054
2056
2044
2037
2003
2003
2019
2018
2014
1995
2054
2024
2108
2079
2120
2064
2138
2100
2143
2084
2127
2097
2150
2111
2138
2115
2111
2140
2129
2150
2131
2166
2182
2214
2161
2199
2150
2192
2145
2150
2073
2043
2081
2075
2102
2087
2116
2101
2104
2113
2099
2145
2143
2169
2132
2153
2151
2185
5835
2347
2330
2331
2340
2338
2333
2318
2306
2305
2306
2300
2298
2290
2282
2279
2282
2282
2265
2236
2206
2183
2165
2156
2147
2148
2142
2129
2140
2163
2152
2160
2155
2165
2152
2157
2175
2199
2213
2231
2241
2246
2245
2252
2250
2240
2219
2206
2190
2187
2179
2173
2167
2164
2165
2163
2165
2160
2170
2180
2178
2172
2164
2184
2193
2202
2209
2215
2206
2204
2213
2206
2209
2210
2224
2212
2233
2237
2235
2232
2225
2222
2221
2211
2195
2189
2207
2189
2184
2186
2175
2174
2189
2195
2203
2212
2225
2228
2229
2234
2227
2237
2223
2231
2242
2265
2258
2261
2254
2253
2258
2257
2248
2243
2238
2232
2237
2240
2238
2228
2229
2226
2220
2207
2204
2206
2204
2193
2188
2186
2192
2206
2213
2222
2227
2224
2233
2237
2241
2255
2259
2252
2238
2232
2227
2239
2231
2226
2213
2201
2190
2197
2199
2197
2197
2191
2197
2216
2235
2239
2247
2257
2265
2280
2280
2276
2264
2253
2244
2244
2236
2238
2244
2239
2230
2216
2209
2196
2167
2163
2170
2170
2174
2156
2148
2146
2123
2101
2110
2113
2115
2110
2115
2119
2124
2134
2139
2118
2114
2122
2126
2123
2111
2142
2145
2159
2151
2142
2133
2116
2093
2052
2019
2005
2004
1999
1989
1989
1996
2006
2013
2024
2040
2056
2063
2073
2078
2110
2125
2130
2127
2132
2126
2130
2139
2149
2158
2152
2150
2137
2140
2121
2120
2120
2105
2104
2100
2102
2097
2083
2077
2069
2062
2063
2045
2052
2059
2050
2053
2059
2072
2074
2088
2105
2118
2123
2117
2105
2105
2105
2112
2120
2114
2123
2118
2123
2133
2134
2129
2119
2099
2088
2088
2072
2067
2056
2045
2023
2005
1987
1990
1999
2011
2014
2017
2024
2020
2026
2017
2019
2002
1984
1990
1985
2003
2023
2033
2046
2039
2042
2032
2026
2016
2004
2001
2019
2022
2030
2046
2051
2057
2074
2086
2089
2098
2099
2104
2094
2089
2070
2080
2075
2069
2053
2048
2041
2025
2004
2003
2007
2008
2011
2007
1990
1972
1954
1934
1936
1916
1919
1914
1903
1901
1900
1909
1909
1909
1907
1897
1902
1894
1890
1883
1902
1905
1924
1953
1967
1966
1972
1976
1981
1975
1976
1984
1981
1974
1978
1977
1973
1979
1981
1978
1971
1970
1966
1967
1971
1982
1971
1968
1974
1971
1968
1988
1999
1999
2005
2003
2008
2003
1986
1969
1957
1931
1917
1899
1882
1855
1846
1840
1843
1850
1878
1905
1938
1965
2000
2028
2048
2060
2049
2069
2077
2073
2076
2076
2075
2076
2079
2084
2093
2089
2084
2082
2077
2069
2064
2048
2054
2059
2044
2040
2049
2061
2065
2054
2068
2082
2082
2075
2058
2037
2029
2009
1996
1963
1943
1922
1918
1917
1921
1919
1938
1959
1972
1963
1963
1946
1935
1927
1932
1941
1957
1967
1968
1974
1969
1967
1961
1964
1967
1968
1954
1958
1954
1952
1966
1993
2006
2030
2029
2036
2041
2043
2047
2045
2047
2033
2036
2032
2030
2029
2004
1977
1956
1947
1947
1945
1950
1935
1912
1916
1917
1914
1926
1926
1915
1929
1933
1937
1947
1962
1966
1964
1944
1926
1905
1875
1858
1843
1848
1842
1847
1856
1872
1883
1898
1909
1900
1897
1899
1895
1895
1907
1908
1917
1911
1914
1918
1920
1924
1948
1966
1979
1996
2012
2030
2051
2052
2055
2033
2026
2032
2036
2033
2016
2009
2007
2016
2022
2010
1994
1976
1967
1958
1958
1972
1970
1989
2006
2026
2038
2034
2036
2040
2034
2045
2055
2063
2076
2088
2083
2069
2066
2078
2098
2095
2089
2090
2123
2137
2134
2101
2075
2031
1991
1935
1869
1827
1805
1793
1778
1786
1802
1813
1842
1859
1876
1888
1907
1926
1939
1941
1953
1967
1972
1964
1964
1976
1998
2005
2013
2016
2009
2012
2015
2023
2042
2049
2059
2072
2082
2094
2086
2075
2077
2082
2072
2067
2067
2074
2066
2075
2075
2097
2120
2120
2124
2134
2141
2147
2164
2173
2162
2159
2143
2141
2115
2094
2080
2066
2067
2065
2062
2058
2066
2070
2080
2068
2058
2066
2083
2104
2109
2101
2094
2069
2061
2055
2051
2040
2052
2054
2058
2058
2057
2049
2054
2043
2039
2032
2036
2043
2051
2053
2061
2054
2052
2033
2024
2013
1994
1969
1951
1926
1926
1931
1932
1943
1962
1966
1975
1985
1989
1977
1984
1981
1985
1991
2009
2025
2033
2032
2043
2046
2058
2048
2047
2052
2036
2026
2025
2011
1998
1979
1953
1941
1924
1922
1907
1897
1896
1905
1916
1934
1957
1987
2004
2007
2010
2015
2011
2020
2027
2036
2053
2059
2062
2067
2064
2076
2075
2063
2052
2042
2053
2055
2061
2064
2080
2086
2099
2098
2094
2096
2091
2082
2075
2073
2067
2054
2033
2012
2009
2002
2012
2017
2022
2019
2031
2052
2060
2066
2079
2094
2106
2108
2114
2121
2137
2148
2152
2141
2148
2146
2153
2149
2137
2124
2109
2101
2091
2099
2097
2100
2086
2076
2074
2072
2058
2052
2037
2026
2037
2032
2040
2036
2027
2025
2017
2013
2010
2005
2008
1986
1976
1981
1985
1990
1991
1984
1989
1986
1974
1995
2016
2034
2034
2032
2049
2052
2065
2081
2084
2081
2067
2058
2054
2036
2030
2033
2031
2015
2016
2031
2039
2056
2062
2073
2052
2038
2034
2015
1996
1988
1983
1988
2014
2037
2054
2069
2058
2047
2044
2031
2016
2011
2012
2019
2014
2001
1991
1987
1993
1999
2002
2008
2028
2038
2041
2041
2035
2043
2045
2037
2033
2032
2030
2017
2023
2018
2026
2024
2035
2055
2062
2059
2052
2056
2060
2047
2028
2006
1997
1999
1980
1973
1943
1923
1915
1917
1915
1921
1935
1945
1940
1937
1941
1951
1945
1944
1947
1943
1942
1947
1946
1957
1974
1982
1987
1989
2007
2014
2022
2012
1995
1969
1952
1925
1901
1877
1880
1880
1886
1885
1911
1917
1944
1974
1984
1988
2008
2017
2015
1997
1991
1975
1953
1938
1933
1935
1908
1898
1877
1874
1845
1834
1818
1800
1791
1767
1743
1711
1716
1707
1701
1698
1709
1718
1733
1735
1751
1757
1747
1742
1769
1793
1819
1850
1859
1857
1848
1854
1855
1844
1828
1821
1816
1811
1805
1813
1835
1838
1849
1871
1899
1903
1901
1900
1899
1898
1894
1885
1878
1858
1835
1830
1831
1826
1817
1827
1835
1834
1842
1843
1833
1829
1816
1822
1825
1820
1826
1824
1812
1819
1812
1815
1815
1810
1815
1808
1808
1830
1844
1840
1836
1816
1814
1791
1774
1746
1727
1714
1716
1711
1726
1726
1743
1771
1792
1820
1843
1869
1892
1922
1936
1943
1932
1921
1909
1906
1894
1889
1896
1895
1890
1894
1892
1893
1891
1897
1905
1922
1915
1905
1907
1918
1928
1921
1928
1935
1946
1939
1950
1948
1961
1964
1971
1965
1969
1976
1980
1957
1948
1943
1944
1949
1965
1983
1997
1997
2009
2018
2015
1999
1996
2005
2015
2030
2030
2030
2036
2040
2031
2024
2016
1996
1978
1955
1921
1933
1923
1894
1892
1866
1855
1840
1836
1828
1824
1804
1799
1795
1810
1830
1820
1818
1836
1848
1855
1859
1857
1850
1864
1870
1879
1915
1931
1947
1974
1995
2009
2032
2038
2039
2050
2052
2056
2056
2073
2089
2109
2109
2125
2126
2121
2124
2143
2140
2143
2136
2132
2132
2128
2128
2125
2116
2116
2118
2117
2111
2126
2143
2153
2172
2169
2189
2181
2196
2191
2185
2173
2143
2119
2104
2098
2091
2074
2078
2074
2075
2072
2064
2082
2079
2085
2072
2086
2099
2100
2095
2115
2121
2134
2135
2134
2125
2122
2142
2151
2147
2165
2168
2191
2195
2183
2178
2171
2158
2151
2128
2112
2102
2093
2057
2040
2029
2015
1996
1985
1948
1928
1918
1923
1931
1932
1949
1963
1983
1990
2021
2039
2060
2078
2090
2101
2126
2134
2152
2160
2172
2172
2158
2156
2145
2125
2106
2098
2084
2073
2075
2078
2092
2094
2107
2112
2108
2107
2112
2115
2130
2126
2133
2145
2137
2131
2119
2116
2113
2121
2118
2105
2095
2110
2123
2156
2164
2162
2166
2156
2152
2148
2154
2155
2157
2157
2175
2178
2161
2158
2180
2182
2182
2177
2167
2168
2171
2163
2155
2154
2147
2134
2132
2118
2111
2093
2073
2056
2041
2036
2027
2029
2033
2046
2058
2074
2076
2105
2102
2123
2136
2150
2154
2154
2171
2177
2174
2167
2153
2141
2134
2133
2137
2144
2167
2180
2175
2180
2187
2175
2170
2170
2158
2146
2128
2122
2131
2142
2149
2171
2189
2173
2170
2176
2186
2199
2207
2205
2212
2219
2204
2189
2186
2188
2185
2193
2191
2184
2173
2163
2153
2163
2164
2175
2171
2185
2195
2204
2211
2227
2211
2222
2222
2215
2178
2162
2187
2202
2202
2196
2174
2164
2163
2169
2179
2178
2165
2168
2176
2179
2184
2201
2212
2234
2259
2263
2256
2253
2242
2242
2236
2225
2200
2182
2174
2169
2161
2157
2147
2160
2166
2170
2176
2173
2177
2183
2195
2210
2218
2212
2205
2204
2214
2207
2200
2198
2194
2196
2195
2199
2211
2233
2239
2242
2232
2210
2215
2220
2221
2212
2219
2218
2227
2228
2228
2235
2235
2255
2250
2244
2248
2244
2250
2259
2251
2243
2246
2248
2241
2219
2201
2196
2182
2171
2159
2156
2142
2138
2128
2131
2123
2118
2111
2119
2126
2127
2118
2122
2139
2156
2165
2172
2174
2168
2164
2155
2155
2157
2165
2170
2177
2194
2200
2204
2208
2201
2211
2209
2212
2201
2209
2199
2204
2217
2230
2256
2261
2255
2251
2252
2242
2248
2252
2271
2266
2263
2244
2250
2236
2216
2199
2191
2167
2148
2125
2132
2146
2151
2155
2171
2187
2186
2189
2176
2177
2177
2174
2176
2177
2164
2164
2160
2160
2155
2161
2154
2167
2165
2156
2157
2163
2172
2166
2161
2157
2141
2115
2103
2073
2085
2093
2109
2114
2123
2141
2158
2160
2157
2159
2158
2154
2147
2115
2111
2076
2056
2030
2021
2015
2023
2018
2018
2022
2027
2039
2039
2056
2041
2039
2028
2029
2041
2049
2047
2051
2053
2057
2050
2043
2050
2058
2062
2066
2067
2067
2076
2085
2091
2104
2117
2112
2101
2111
2117
2119
2132
2134
2138
2139
2139
2140
2146
2135
2117
2117
2117
2113
2111
2094
2078
2067
2051
2033
2029
2030
2024
1997
1976
1963
1965
1950
1952
1953
1939
1928
1931
1949
1953
1968
1964
1948
1947
1933
1925
1918
1914
1934
1943
1942
1935
1927
1928
1938
1928
1920
1907
1900
1897
1920
1933
1944
1973
1993
2023
2044
2060
2075
2091
2092
2093
2078
2067
2056
2030
2018
2022
2024
2037
2043
2054
2068
2088
2124
2137
2131
2133
2126
2132
2134
2137
2133
2122
2123
2117
2123
2128
2120
2116
2104
2095
2093
2072
2056
2050
2062
2069
2055
2054
2045
2054
2070
2078
2079
2085
2106
2119
2126
2125
2150
2159
2164
2182
2182
2184
2169
2151
2128
2118
2105
2091
2095
2086
2076
2085
2094
2108
2127
2128
2115
2110
2099
2097
2093
2096
2099
2104
2100
2091
2086
2089
2087
2092
2098
2109
2109
2099
2102
2113
2110
2117
2121
2110
2100
2087
2080
2075
2064
2052
2044
2045
2045
2054
2052
2063
2062
2054
2065
2070
2078
2078
2071
2069
2066
2062
2062
2057
2046
2035
2031
2025
2027
2042
2035
2040
2058
2076
2074
2075
2074
2066
2055
2062
2056
2059
2059
2057
2050
2046
2052
2070
2090
2097
2100
2087
2083
2074
2078
2059
2040
2033
2028
2020
2020
2012
2013
2020
2038
2043
2067
2072
2076
2068
2083
2099
2095
2101
2096
2082
2065
2056
2060
2060
2047
2050
2064
2078
2097
2112
2113
2113
2122
2108
2114
2113
2115
2118
2112
2107
2106
2108
2104
2119
2136
2148
2156
2161
2159
2164
2160
2164
2157
2126
2117
2110
2096
2094
2084
2072
2076
2087
2100
2095
2094
2086
2071
2040
2012
1984
1960
1932
1898
1862
1849
1831
1829
1829
1840
1844
1871
1890
1893
1894
1891
1885
1858
1826
1807
1801
1785
1784
1806
1829
1845
1866
1897
1929
1928
1938
1935
1925
1911
1916
1918
1931
1915
1926
1929
1940
1963
1966
1985
1973
1979
1998
2003
2004
1994
1988
2007
2018
2019
2016
2025
2018
2023
2020
1995
1991
1984
1982
1976
1970
1967
1974
1998
1996
1987
1984
1968
1962
1949
1927
1906
1902
1892
1909
1907
1923
1927
1927
1948
1952
1943
1929
1916
1922
1933
1927
1919
1934
1958
1972
1983
1980
1980
1987
1979
1973
1952
1932
1892
1860
1847
1855
1866
1869
1869
1870
1877
1893
1905
1924
1938
1951
1960
1969
1972
1976
1967
1986
1996
2006
2016
2015
2038
2056
2085
2097
2103
2079
2055
2043
2045
2038
2031
2017
2009
2029
2027
2044
2055
2060
2060
2071
2066
2087
2092
2091
2083
2092
2078
2074
2069
2040
2011
1984
1968
1951
1950
1940
1950
1947
1948
1955
1955
1955
1958
1949
1935
1921
1922
1920
1926
1924
1928
1927
1945
1946
1955
1973
1984
2007
2013
2032
2060
2083
2075
2047
2030
2007
1995
1985
1975
1975
1959
1955
1945
1956
1956
1963
1973
1986
1995
2003
2025
2045
2057
2076
2073
2079
2082
2074
2068
2060
2065
2064
2073
2085
2094
2083
2086
2097
2087
2082
2073
2084
2094
2097
2090
2103
2111
2112
2117
2109
2108
2114
2126
2124
2140
2144
2144
2126
2114
2111
2108
2106
2104
2095
2087
2082
2070
2071
2071
2072
2074
2057
2059
2038
2038
2031
2041
2051
2044
2041
2021
2005
1988
1980
1963
1944
1943
1942
1937
1955
1958
1971
1990
2010
2021
2018
2027
2031
2030
2028
2054
2061
2074
2073
2076
2072
2086
2072
2070
2058
2075
2075
2075
2061
2049
2039
2029
2022
2010
2010
2001
1995
2005
2021
2032
2043
2054
2074
2089
2089
2086
2094
2096
2101
2087
2075
2069
2069
2057
2035
2042
2054
2071
2074
2111
2122
2123
2133
2150
2142
2121
2105
2092
2103
2111
2128
2117
2099
2083
2059
2031
2018
1996
1977
1963
1944
1945
1949
1932
1928
1920
1919
1899
1892
1878
1879
1897
1909
1930
1963
1980
1996
2004
1994
1982
1968
1973
1986
2003
2017
2030
2038
2071
2076
2072
2069
2060
2052
2043
2025
2015
2008
2003
1996
1996
1999
1998
1990
1982
1987
1986
1984
1972
1974
1972
1964
1967
1964
1965
1980
1995
2002
2007
2012
2042
2049
2038
2033
2035
2026
1997
1968
1952
1958
1959
1965
1964
1962
1948
1939
1937
1941
1937
1918
1907
1912
1917
1918
1916
1931
1927
1937
1950
1961
1958
1950
1952
1954
1955
1952
1954
1957
1972
1974
1962
1948
1949
1933
1901
1882
1864
1865
1846
1836
1843
1858
1863
1875
1886
1899
1927
1951
1965
1974
1979
1993
1996
1986
1965
1946
1925
1899
1872
1851
1836
1815
1794
1769
1753
1765
1776
1780
1794
1794
1797
1814
1827
1824
1823
1841
1864
1872
1888
1882
1861
1841
1827
1817
1789
1754
1702
1694
1685
1677
1666
1672
1671
1666
1653
1664
1658
1663
1667
1695
1699
1711
1747
1782
1821
1839
1867
1900
1923
1935
1946
1949
1958
1960
1948
1930
1908
1880
1870
1864
1845
1829
1822
1822
1814
1809
1798
1796
1777
1770
1772
1774
1768
1790
1806
1795
1783
1788
1789
1780
1768
1789
1792
1789
1784
1785
1796
1805
1819
1836
1851
1855
1860
1871
1889
1916
1943
1939
1935
1938
1934
1929
1934
1940
1953
1965
1976
1984
1986
1991
1987
1965
1957
1951
1945
1960
1965
1991
2032
2049
2055
2064
2066
2055
2037
2024
2025
2007
1977
1947
1938
1932
1925
1914
1908
1899
1905
1910
1916
1919
1911
1913
1913
1908
1907
1902
1896
1884
1876
1869
1858
1848
1853
1859
1862
1863
1860
1879
1905
1927
1937
1937
1939
1915
1900
1876
1872
1865
1882
1884
1869
1867
1884
1892
1904
1910
1908
1896
1871
1879
1885
1888
1903
1895
1881
1877
1870
1858
1861
1867
1858
1840
1816
1795
1786
1790
1783
1783
1803
1823
1833
1841
1853
1856
1868
1849
1855
1839
1845
1841
1861
1851
1866
1855
1868
1875
1891
1886
1881
1885
1877
1868
1858
1864
1885
1885
1917
1931
1943
1949
1961
1974
1977
1990
1977
1967
1939
1937
1934
1929
1925
1925
1913
1930
1955
1961
1954
1945
1944
1949
1972
1993
2004
2021
2029
2036
2043
2040
2036
2020
2016
2016
2014
2015
2007
2030
2070
2091
2099
2102
2116
2136
2140
2128
2125
2124
2115
2108
2103
2100
2102
2106
2116
2101
2112
2111
2119
2118
2112
2112
2111
2104
2111
2118
2122
2122
2125
2130
2128
2114
2096
2070
2048
2033
2023
2016
2014
2021
2040
2071
2096
2120
2132
2144
2147
2150
2147
2142
2137
2137
2143
2151
2162
2180
2199
2178
2160
2156
2136
2112
2099
2076
2065
2061
2067
2072
2085
2086
2104
2120
2122
2123
2138
2142
2169
2189
2208
2227
2238
2249
2247
2260
2251
2242
2241
2245
2231
2226
2224
2222
2207
2194
2183
2178
2162
2151
2152
2128
2130
2128
2118
2119
2128
2122
2122
2120
2119
2124
2106
2093
2076
2081
2081
2071
2065
2058
2067
2079
2109
2145
2174
2194
2204
2204
2189
2174
2160
2141
2132
2129
2119
2107
2091
2088
2085
2085
2087
2078
2078
2060
2025
2004
1999
2003
2009
2007
2012
2025
2022
2031
2036
2021
2012
2030
2043
2078
2114
2125
2124
2120
2114
2105
2095
2079
2068
2060
2046
2034
2037
2050
2052
2050
2044
2065
2089
2073
2053
2019
2003
1991
1970
1934
1912
1892
1881
1874
1873
1880
1871
1860
1859
1877
1898
1921
1912
1910
1914
1921
1929
1940
1955
1963
1973
1983
1979
1967
1966
1974
1954
1946
1950
1952
1959
1962
1960
1958
1952
1945
1950
1953
1930
1922
1926
1936
1946
1967
1973
1983
1988
1993
1988
1978
1993
1999
1996
1985
1984
1987
1986
1979
1978
1966
1957
1953
1947
1958
1964
1973
1986
2004
2004
2036
2056
2063
2055
2041
2043
2035
2025
2011
1997
1990
1979
1990
1987
1984
1993
2013
2023
2046
2067
2072
2087
2087
2093
2071
2061
2063
2070
2076
2063
2057
2056
2040
2027
2016
2012
1996
2003
1997
2004
1987
1957
1939
1934
1914
1910
1912
1915
1940
1957
1972
1971
1987
1970
1950
1922
1903
1884
1873
1850
1831
1809
1765
1742
1718
1700
1683
1685
1697
1708
1719
1721
1731
1770
1780
1796
1806
1805
1820
1818
1803
1803
1795
1776
1755
1739
1749
1756
1768
1786
1795
1782
1774
1768
1753
1726
1715
1696
1684
1688
1711
1724
1725
1733
1744
1767
1765
1756
1757
1784
1801
1820
1834
1821
1820
1818
1818
1823
1817
1804
1805
1809
1802
1795
1786
1780
1793
1801
1816
1835
1837
1841
1845
1860
1866
1875
1866
1858
1855
1833
1820
1812
1800
1799
1795
1816
1828
1828
1824
1817
1807
1796
1787
1791
1780
1778
1779
1785
1792
1815
1859
1883
1879
1866
1849
1817
1800
1784
1781
1767
1784
1784
1790
1787
1800
1819
1844
1849
1867
1893
1903
1934
1948
1960
1967
1988
1981
1980
1966
1970
1967
1950
1924
1912
1890
1867
1861
1857
1868
1893
1919
1933
1952
1959
1956
1944
1937
1953
1965
1972
1993
2007
2011
2008
2010
2003
1987
1975
1967
1965
1960
1975
1985
1996
2015
2009
1986
1958
1955
1943
1934
1906
1886
1885
1878
1879
1878
1885
1899
1903
1924
1963
1975
1993
2020
2028
2033
2037
2032
2032
2020
2018
2027
2035
2059
2077
2099
2123
2139
2127
2131
2148
2152
2161
2169
2180
2169
2146
2136
2128
2127
2126
2119
2110
2111
2091
2078
2071
2053
2027
2023
2016
2014
2003
2002
2005
1995
1993
1993
2006
2001
1997
1990
1972
1961
1946
1942
1927
1923
1918
1902
1897
1893
1895
1887
1891
1885
1886
1887
1895
1900
1899
1909
1915
1920
1938
1946
1976
2003
2012
2023
2041
2052
2053
2052
2039
2026
2007
2000
1967
1961
1944
1941
1920
1916
1928
1926
1930
1946
1952
1965
1972
1983
1983
1985
1986
1970
1956
1965
1977
1973
1974
1977
1997
1979
1961
1946
1945
1952
1964
1954
1958
1948
1943
1944
1940
1937
1931
1925
1923
1920
1913
1929
1945
1935
1923
1918
1922
1928
1933
1933
1944
1951
1958
1956
1963
1948
1938
1938
1947
1940
1937
1934
1939
1950
1942
1944
1954
1975
1983
2005
2015
2027
2028
2029
2024
2023
2022
2025
2021
2007
2001
1995
1983
1977
1963
1976
1974
1975
1967
1968
1979
2004
2021
2011
2038
2049
2066
2087
2106
2114
2116
2125
2104
2085
2063
2055
2050
2033
2016
2004
2019
2011
2025
2027
2032
2029
2022
2016
2024
2013
2003
1997
1986
1976
1948
1942
1932
1932
1931
1948
1956
1972
1991
2027
2049
2054
2054
2039
2033
2010
2003
2004
2006
2013
2023
2049
2058
2060
2065
2059
2057
2044
2040
2023
2011
1996
1988
1987
1977
1978
1991
2002
2021
2036
2054
2074
2076
2102
2121
2115
2107
2118
2110
2099
2077
2069
2055
2039
2052
2060
2042
2065
2080
2071
2076
2084
2092
2088
2080
2087
2094
2088
2095
2087
2066
2049
2032
2052
2052
2051
2043
2043
2043
2027
2016
2010
1989
1984
1993
1996
1997
1997
1983
1978
1965
1948
1934
1909
1894
1877
1859
1838
1820
1825
1843
1858
1880
1894
1905
1914
1926
1942
1959
1959
1967
1969
1960
1971
1973
1982
1983
1966
1945
1944
1938
1928
1936
1949
1948
1960
1953
1971
1975
1978
1994
2007
2005
2004
2003
2023
2026
2016
2005
2005
2011
2006
2022
2041
2052
2059
2099
2115
2122
2135
2141
2135
2146
2145
2162
2167
2167
2176
2184
2196
2193
2194
2185
2171
2165
2152
2130
2131
2143
2154
2165
2166
2178
2186
2194
2179
2177
2179
2173
2163
2136
2113
2095
2082
2078
2067
2062
2066
2062
2065
2076
2095
2105
2126
2145
2155
2170
2169
2171
2171
2164
2170
2169
2153
2155
2165
2183
2207
2234
2238
2244
2244
2245
2249
2243
2225
2222
2202
2184
2173
2182
2196
2207
2209
2205
2200
2209
2221
2225
2236
2250
2268
2281
2279
2286
2270
2277
2276
2269
2256
2247
2230
2225
2230
2226
2220
2207
2203
2214
2199
2203
2204
2208
2211
2207
2212
2206
2206
2216
2225
2217
2230
2233
2226
2233
2229
2239
2246
2249
2254
2231
2228
2234
2217
2203
2198
2198
2212
2232
2240
2243
2251
2245
2249
2235
2216
2195
2195
2179
2177
2187
2191
2207
2218
2231
2234
2233
2235
2227
2230
2232
2216
2224
2225
2230
2233
2234
2236
2223
2217
2219
2213
2208
2209
2221
2209
2211
2211
2226
2240
2253
2266
2268
2261
2251
2233
2221
2212
2219
2206
2214
2191
2172
2154
2142
2137
2124
2097
2076
2059
2048
2042
2037
2048
2040
2033
2017
2020
2020
2049
2053
2058
2097
2113
2128
2146
2147
2141
2130
2119
2111
2112
2090
2076
2062
2054
2059
2062
2066
2052
2058
2067
2091
2090
2106
2101
2108
2106
2127
2119
2117
2101
2104
2091
2083
2079
2063
2059
2041
2028
2018
1995
2001
1992
1986
2003
1999
2015
2018
2028
2023
2016
2015
2008
1989
1990
1990
1994
1990
1993
1990
1997
2016
2028
2039
2049
2043
2038
2042
2046
2031
2023
2020
1991
1966
1936
1928
1923
1921
1925
1935
1942
1962
1946
1952
1967
1971
1967
1978
1980
1991
2007
2021
2017
2012
1998
1995
1993
1979
1966
1942
1913
1909
1886
1885
1895
1928
1939
1983
1996
2017
2027
2035
2050
2054
2060
2076
2076
2068
2056
2035
2025
2018
2015
2004
1998
1984
1959
1939
1938
1926
1936
1930
1946
1955
1942
1931
1940
1944
1945
1949
1940
1921
1918
1925
1932
1949
1940
1951
1940
1941
1940
1949
1948
1961
1972
1973
1989
1999
1994
1993
1987
1987
2002
2028
2063
2078
2088
2086
2079
2065
2057
2045
2029
2001
1979
1961
1976
1969
1979
1981
1972
1952
1931
1915
1893
1875
1857
1855
1834
1831
1844
1866
1900
1924
1947
1957
1983
1997
2022
2027
2029
2012
2022
2020
2033
2033
2029
2042
2050
2045
2049
2055
2029
2007
1997
1993
2003
2023
2027
2034
2018
2015
2017
2020
2007
1999
1993
2005
2008
2005
2030
2049
2071
2085
2096
2094
2089
2082
2082
2074
2075
2064
2052
2026
2001
1985
1971
1965
1971
1977
1980
1984
1985
1996
2014
2007
1999
1988
1979
1977
1973
1968
1974
1977
1987
1991
1982
1987
1997
2017
2022
2029
2042
2062
2074
2091
2107
2103
2098
2096
2093
2070
2049
2015
1997
1971
1972
1962
1967
1964
1967
1963
1961
1959
1971
1963
1962
1963
1972
1981
2003
2014
2026
2032
2036
2051
2044
2040
2043
2040
2058
2073
2076
2070
2051
2026
2003
2003
2011
2028
2016
2023
2021
2038
2051
2074
2086
2106
2126
2144
2157
2163
2161
2138
2126
2112
2105
2101
2097
2095
2087
2081
2073
2079
2079
2082
2078
2095
2092
2098
2112
2126
2128
2122
2113
2102
2105
2109
2094
2081
2086
2079
2070
2058
2052
2048
2044
2029
2022
2013
1999
1980
1973
1960
1954
1952
1939
1925
1918
1913
1904
1915
1911
1916
1920
1925
1925
1972
1991
2012
2032
2058
2066
2084
2087
2083
2097
2080
2061
2057
2066
2060
2052
2050
2033
2022
2019
2002
2007
1995
1995
1987
1991
1981
1980
1980
1989
1983
1967
1939
1916
1888
1849
1838
1821
1820
1818
1847
1851
1864
1890
1909
1912
1915
1916
1913
1904
1903
1889
1887
1890
1889
1893
1903
1915
1919
1926
1930
1908
1899
1899
1893
1909
1931
1967
1984
1998
2020
2036
2055
2064
2075
2077
2086
2088
2088
2072
2052
2023
2019
2011
2004
2003
1991
2003
1994
2006
2033
2054
2062
2073
2087
2112
2127
2126
2125
2118
2110
2095
2068
2043
1999
1983
1971
1963
1955
1986
2008
2033
2067
2088
2121
2132
2156
2164
2185
2201
2214
2209
2215
2219
2216
2222
2216
2193
2190
2171
2162
2148
2146
2123
2103
2097
2084
2074
2060
2058
2057
2055
2042
2041
2036
2038
2032
2035
2033
2037
2045
2043
2059
2054
2058
2062
2063
2062
2063
2062
2072
2082
2095
2099
2122
2111
2112
2109
2099
2098
2092
2078
2070
2061
2051
2023
2017
2037
2047
2044
2055
2079
2102
2107
2103
2104
2096
2093
2093
2110
2135
2137
2158
2165
2171
2186
2197
2226
2310
2289
2304
2314
2318
2302
2285
2263
2261
2262
2243
2215
2200
2177
2157
2147
2156
2148
2144
2144
2165
2163
2170
2177
2173
2165
2155
2142
2131
2128
2111
2105
2105
2098
2093
2092
2083
2078
2078
2071
2054
2052
2057
2043
2037
2049
2052
2059
2059
2057
2043
2045
2046
2035
2042
2044
2048
2047
2057
2051
2053
2029
2026
2031
2042
2052
2073
2063
2050
2040
2045
2038
2030
2009
1995
1985
1965
1952
1948
1951
1956
1956
1977
1990
2009
2028
2039
2044
2032
2027
2016
2016
2017
2017
2009
2006
2028
2057
2070
2078
2070
2061
2062
2053
2051
2035
2012
1982
1965
1952
1944
1944
1949
1964
1983
2002
2019
2018
2028
2023
2038
2044
2048
2049
2045
2043
2028
2001
1989
1966
1954
1948
1941
1935
1967
1983
1982
1990
1994
1999
2019
2015
2004
1991
1974
1951
1930
1933
1942
1958
1964
1968
1957
1953
1950
1963
1957
1958
1969
2003
2005
1996
1991
1985
1986
1984
1989
1993
1988
1986
1982
1950
1943
1942
1945
1950
1953
1954
1945
1947
1965
1961
1970
1957
1951
1960
1975
1982
1994
1993
2006
2008
2011
2005
1993
1989
1982
1977
1961
1964
1957
1965
1976
1983
1962
1958
1959
1968
1960
1948
1936
1923
1906
1897
1895
1892
1890
1894
1896
1910
1933
1949
1959
1965
1955
1954
1953
1971
1989
1985
1975
1975
1980
1974
1983
1968
1955
1944
1941
1942
1960
1961
1965
1968
1966
1965
1981
1990
1997
2006
2019
2034
2040
2059
2068
2084
2090
2097
2083
2077
2071
2059
2050
2044
2040
2019
2019
2001
1975
1970
1978
1974
1978
1984
1969
1955
1944
1921
1917
1925
1937
1970
1967
1975
1963
1960
1957
1955
1953
1954
1948
1947
1961
1968
1983
2007
2017
2012
2019
2031
2034
2020
2027
2014
2012
1980
1960
1931
1908
1903
1909
1909
1919
1947
1970
2000
2010
2022
2025
2049
2042
2041
2028
2016
1991
1965
1945
1925
1892
1891
1879
1885
1893
1902
1922
1939
1959
1979
1990
2000
2005
1998
1988
1979
1963
1948
1913
1886
1847
1832
1829
1843
1859
1881
1914
1937
1939
1953
1991
1995
1991
1972
1983
1997
2020
2034
2039
2038
2036
2037
2033
2009
1986
1983
1964
1958
1958
1957
1962
1973
1964
1963
1968
1964
1977
1989
1986
1991
1998
2016
2015
2024
2024
2012
2010
2002
2004
2020
2023
2027
2028
2021
2012
1996
1978
1987
1990
1978
1969
1963
1948
1962
1972
1974
1984
1989
1999
2014
2039
2051
2074
2078
2078
2070
2087
2095
2076
2065
2035
2001
1983
1951
1933
1915
1900
1890
1880
1883
1888
1914
1934
1963
1981
2009
2039
2063
2086
2111
2126
2151
2167
2174
2156
2148
2142
2142
2132
2124
2098
2087
2092
2092
2094
2091
2118
2129
2136
2142
2132
2123
2114
2126
2144
2142
2146
2128
2122
2111
2118
2106
2082
2064
2062
2065
2067
2071
2076
2079
2079
2088
2082
2091
2101
2104
2109
2101
2105
2108
2102
2103
2103
2099
2101
2111
2118
2104
2082
2083
2052
2020
2001
1997
1990
1994
2000
2003
2016
2041
2063
2070
2080
2069
2059
2055
2036
2009
1999
2005
1999
2001
2010
2000
1997
1999
1999
1999
2003
1989
1974
1965
1956
1940
1914
1891
1873
1852
1854
1851
1855
1873
1899
1931
1963
1992
2010
2029
2034
2058
2066
2075
2073
2076
2069
2086
2098
2104
2110
2121
2120
2123
2130
2144
2151
2158
2161
2156
2148
2153
2158
2137
2124
2123
2132
2141
2159
2169
2172
2170
2171
2172
2180
2171
2164
2171
2170
2144
2142
2140
2133
2127
2134
2139
2145
2156
2151
2161
2156
2161
2151
2135
2130
2117
2098
2100
2100
2101
2115
2132
2148
2162
2164
2165
2164
2165
2157
2148
2134
2119
2103
2090
2082
2066
2039
2034
2050
2046
2054
2066
2075
2092
2107
2114
2130
2142
2137
2142
2139
2146
2151
2167
2192
2192
2198
2198
2214
2214
2206
2190
2152
2138
2128
2111
2096
2091
2082
2090
2091
2094
2098
2101
2101
2106
2110
2129
2167
2191
2205
2215
2204
2210
2220
2216
2215
2213
2207
2200
2205
2218
2227
2243
2259
2262
2256
2258
2251
2243
2241
2242
2254
2247
2228
2207
2203
2199
2198
2188
2205
2202
2197
2186
2183
2172
2164
2135
2128
2129
2141
2144
2152
2160
2168
2182
2191
2190
2200
2218
2225
2226
2222
2203
2195
2188
2190
2190
2184
2179
2154
2148
2152
2151
2162
2172
2197
2198
2206
2221
2235
2252
2258
2263
2271
2287
2292
2278
2271
2256
2233
2224
2220
2221
2220
2220
2227
2230
2248
2263
2269
2254
2244
2234
2224
2204
2182
2169
2160
2140
2115
2095
2094
2083
2063
2052
2059
2054
2049
2058
2078
2092
2093
2099
2109
2103
2088
2089
2092
2099
2066
2039
2004
1977
1955
1947
1937
1941
1943
1940
1942
1960
1980
2017
2058
2073
2080
2083
2072
2066
2049
2031
2033
2021
2021
2011
2036
2062
2079
2086
2120
2133
2143
2166
2165
2153
2153
2160
2173
2176
2190
2199
2214
2217
2219
2227
2227
2219
2221
2215
2212
2208
2201
2208
2201
2189
2167
2161
2151
2160
2158
2157
2152
2127
2119
2112
2088
2075
2039
2021
2008
2022
2035
2045
2046
2063
2083
2098
2087
2088
2099
2123
2140
2157
2171
2179
2198
2208
2205
2200
2195
2182
2165
2144
2107
2083
2062
2042
2023
2022
2033
2046
2059
2070
2090
2096
2100
2114
2139
2151
2161
2170
2171
2170
2180
2196
2208
2213
2202
2206
2191
2191
2195
2188
2170
2176
2170
2170
2168
2163
2151
2134
2127
2113
2096
2087
2081
2083
2091
2088
2074
2062
2021
1969
1926
1904
1888
1871
1870
1874
1890
1891
1906
1927
1953
1965
1965
1959
1977
1987
1981
1979
1991
1998
1991
2009
1999
2003
2005
2015
2002
2002
2011
2025
2034
2020
1986
1980
1972
1974
1974
1960
1955
1957
1956
1944
1946
1943
1949
1971
1990
1984
1995
2009
2038
2068
2089
2092
2091
2095
2107
2114
2124
2135
2138
2142
2142
2138
2134
2130
2134
2132
2139
2138
2136
2137
2128
2120
2115
2104
2085
2062
2041
2025
1995
1973
1944
1911
1874
1856
1860
1879
1876
1883
1900
1927
1933
1956
1966
1978
1979
1977
1987
1998
2000
2008
2004
2013
2017
2013
2032
2043
2047
2055
2029
2020
2011
2014
2010
1995
1994
1970
1957
1929
1920
1907
1904
1898
1918
1936
1967
1989
1997
2027
2042
2040
2031
2019
1997
1981
1961
1951
1932
1923
1908
1893
1896
1900
1903
1917
1915
1929
1923
1924
1931
1923
1931
1932
1939
1940
1926
1915
1894
1898
1904
1914
1917
1917
1935
1953
1980
1999
2006
2008
2023
2019
2003
1997
1994
1998
1987
1986
1987
1991
1995
2014
2026
2030
2038
2035
2038
2053
2071
2072
2077
2075
2056
2048
2035
2033
2024
2023
2044
2066
2077
2102
2139
2154
2162
2152
2126
2099
2073
2049
2030
2028
2006
1974
1955
1964
1970
1965
1949
1956
1953
1953
1959
1954
1953
1950
1945
1965
1983
1995
2008
2012
2005
2001
1999
1994
1980
1973
1946
1930
1923
1917
1931
1934
1933
1939
1944
1933
1925
1939
1946
1930
1909
1914
1927
1925
1927
1935
1942
1947
1959
1975
1985
1986
1991
1991
1997
2006
2012
2014
2009
2013
2006
1986
1972
1975
1980
1992
1999
2009
2019
2020
2020
2016
2021
2016
2039
2046
2045
2049
2044
2032
2018
2021
2011
2009
2021
2021
2015
2017
2013
1989
1970
1951
1921
1915
1919
1923
1929
1939
1968
1981
1993
2010
2034
2040
2063
2080
2098
2107
2112
2114
2104
2101
2082
2072
2053
2050
2027
2014
2015
2024
2025
2022
2006
2003
2003
2011
2001
1993
2014
2024
2027
2035
2045
2051
2055
2054
2054
2068
2098
2108
2118
2125
2132
2157
2185
2186
2212
2214
2227
2213
2212
2187
2169
2143
2132
2122
2114
2124
2131
2130
2137
2162
2187
2193
2196
2211
2205
2200
2200
2201
2220
2224
2226
2227
2227
2226
2212
2206
2196
2208
2207
2201
2195
2186
2156
2143
2152
2157
2166
2159
2160
2163
2154
2147
2156
2164
2179
2187
2204
2215
2217
2220
2236
2243
2243
2245
2247
2245
2237
2230
2220
2208
2187
2157
2132
2116
2101
2097
2090
2077
2080
2076
2075
2107
2135
2140
2159
2160
2160
2170
2177
2196
2199
2203
2203
2204
2194
2161
2135
2118
2093
2086
2070
2070
2061
2057
2039
2039
2045
2040
2020
2007
1981
1972
1960
1950
1950
1956
1969
1986
2015
2028
2051
2061
2072
2093
2105
2101
2101
2087
2087
2075
2071
2076
2084
2099
2106
2122
2132
2131
2136
2140
2132
2133
2122
2119
2116
2120
2107
2096
2075
2055
2042
2037
2031
2031
2022
2023
2025
2021
2029
2049
2063
2078
2091
2102
2154
2136
2152
2152
2147
2130
2113
2097
2100
2111
2105
2084
2091
2090
2090
2085
2034
5835
2582
2576
2563
2554
2534
2498
2466
2447
2442
2426
2416
2402
2394
2377
2348
2340
2319
2286
2227
2164
2098
2054
2040
2031
2047
2068
2066
2078
2114
2143
2172
2184
2201
2194
2211
2250
2312
2359
2423
2456
2464
2452
2439
2406
2375
2333
2300
2268
2242
2204
2194
2172
2165
2178
2183
2191
2190
2207
2226
2251
2262
2280
2285
2327
2343
2332
2321
2305
2288
2289
2300
2329
2347
2378
2367
2373
2365
2362
2351
2352
2344
2315
2264
2249
2215
2220
2218
2222
2212
2209
2237
2266
2283
2305
2319
2329
2360
2384
2398
2378
2377
2367
2372
2386
2415
2414
2422
2430
2429
2414
2399
2378
2363
2346
2344
2320
2317
2304
2310
2294
2282
2268
2257
2259
2240
2240
2244
2242
2234
2234
2260
2287
2299
2319
2338
2373
2374
2379
2392
2400
2394
2375
2354
2321
2309
2288
2276
2260
2251
2239
2234
2229
2236
2234
2250
2265
2310
2346
2384
2421
2450
2462
2475
2469
2449
2414
2378
2331
2320
2319
2313
2318
2300
2287
2254
2223
2189
2177
2183
2205
2186
2176
2125
2111
2087
2053
2028
2013
1988
1999
2019
2064
2092
2117
2113
2112
2107
2106
2125
2139
2135
2151
2190
2200
2217
2199
2192
2155
2126
2039
1929
1841
1796
1781
1784
1792
1844
1875
1921
1973
2021
2063
2103
2128
2146
2176
2221
2251
2255
2242
2224
2233
2228
2229
2225
2239
2232
2221
2210
2201
2159
2122
2095
2093
2081
2075
2070
2060
2048
2046
2014
2001
2000
2011
2028
2020
2022
2033
2048
2084
2128
2174
2203
2197
2184
2150
2131
2128
2128
2141
2155
2175
2204
2229
2232
2223
2200
2178
2146
2117
2079
2059
2033
1999
1963
1934
1885
1853
1843
1866
1888
1905
1922
1938
1943
1945
1941
1930
1923
1890
1894
1897
1917
1945
1990
2028
2069
2050
2037
2004
1982
1968
1971
1978
2004
2031
2055
2084
2119
2143
2164
2166
2152
2160
2138
2135
2127
2137
2130
2119
2064
2030
2004
2014
1976
1959
1927
1930
1935
1942
1928
1908
1846
1804
1778
1757
1741
1718
1715
1711
1714
1710
1727
1731
1747
1752
1736
1720
1709
1699
1694
1687
1735
1801
1864
1919
1963
1984
1997
1987
1986
1967
1953
1950
1951
1948
1948
1948
1967
1978
1979
1976
1964
1968
1969
1979
1981
1975
1958
1944
1932
1939
1952
1969
1993
2001
2017
2026
2048
2008
1953
1900
1832
1784
1732
1670
1622
1574
1575
1580
1621
1681
1769
1868
1956
2055
2125
2203
2226
2225
2195
2185
2176
2175
2153
2144
2155
2192
2191
2212
2204
2191
2156
2137
2108
2098
2095
2090
2094
2096
2066
2053
2056
2073
2089
2092
2116
2113
2116
2090
2055
1993
1954
1896
1851
1782
1731
1699
1705
1727
1770
1797
1816
1836
1870
1875
1863
1823
1798
1799
1787
1803
1847
1888
1920
1929
1927
1931
1915
1918
1903
1902
1872
1871
1862
1879
1920
1981
2022
2068
2102
2116
2116
2116
2092
2067
2051
2033
2041
2043
2026
1979
1915
1870
1852
1855
1829
1815
1822
1804
1784
1770
1767
1773
1791
1801
1807
1818
1843
1881
1910
1915
1917
1899
1857
1776
1678
1607
1567
1541
1549
1564
1605
1648
1707
1774
1831
1837
1801
1772
1767
1759
1778
1811
1833
1847
1869
1867
1864
1899
1929
1984
2035
2092
2144
2183
2205
2217
2192
2176
2138
2117
2081
2083
2078
2056
2035
2026
2034
2029
1983
1946
1910
1887
1869
1876
1904
1948
2035
2069
2099
2126
2134
2119
2123
2120
2135
2151
2151
2140
2154
2130
2122
2120
2130
2136
2140
2158
2204
2255
2256
2239
2167
2067
1932
1782
1614
1489
1409
1358
1369
1391
1447
1527
1602
1682
1749
1802
1832
1838
1866
1892
1921
1934
1944
1929
1935
1966
1983
2017
2047
2051
2060
2055
2061
2057
2071
2105
2127
2146
2156
2166
2189
2185
2176
2165
2149
2134
2109
2101
2103
2107
2111
2131
2173
2193
2218
2225
2245
2267
2277
2293
2299
2286
2263
2222
2171
2123
2079
2043
2015
2001
1997
2000
2013
2019
2014
2024
2022
2054
2085
2138
2141
2141
2127
2114
2071
2041
2015
2007
2007
2007
2011
2030
2028
2018
1999
1987
1990
1973
1980
2004
2035
2050
2064
2079
2080
2065
2036
1981
1929
1861
1825
1797
1767
1772
1784
1805
1847
1897
1942
1965
1990
1997
1978
1975
1972
1993
2022
2057
2080
2097
2094
2124
2137
2147
2139
2129
2086
2062
2028
1991
1936
1889
1839
1802
1775
1757
1747
1730
1723
1733
1762
1808
1915
1977
2038
2062
2077
2074
2080
2098
2112
2128
2130
2160
2169
2168
2163
2151
2159
2136
2123
2104
2082
2081
2088
2100
2115
2135
2163
2177
2192
2203
2212
2202
2156
2126
2089
2049
2011
1959
1922
1908
1933
1974
1988
2009
2023
2060
2091
2123
2167
2192
2203
2238
2252
2268
2266
2288
2303
2314
2324
2315
2316
2299
2266
2208
2135
2090
2086
2081
2088
2090
2104
2111
2075
2021
1997
1999
2010
1992
1993
1975
1961
1967
1982
1979
1973
1936
1909
1889
1865
1861
1857
1860
1853
1873
1861
1860
1866
1865
1850
1861
1913
1965
2006
2049
2068
2082
2099
2124
2158
2165
2152
2124
2055
2013
1983
1965
1962
1965
1986
2011
2049
2056
2076
2085
2103
2097
2051
1999
1928
1909
1903
1911
1936
1991
2027
2056
2093
2097
2056
2027
1999
1963
1939
1927
1918
1906
1913
1908
1913
1904
1907
1929
1978
2008
1999
1999
2007
2017
2034
2036
2040
2023
2010
2009
2000
1996
1978
2006
2045
2081
2097
2098
2090
2091
2069
2041
2011
1999
1996
1976
1945
1887
1836
1763
1721
1711
1733
1716
1727
1733
1750
1755
1779
1777
1802
1797
1806
1814
1833
1840
1864
1878
1883
1914
1947
1969
1996
2022
2034
2038
1994
1943
1855
1779
1714
1677
1618
1627
1667
1710
1737
1785
1847
1927
1994
2022
2026
2036
2037
2016
1987
1945
1904
1848
1807
1778
1768
1724
1686
1642
1603
1545
1503
1461
1423
1414
1387
1339
1305
1310
1307
1325
1347
1400
1429
1467
1488
1493
1488
1500
1531
1599
1670
1745
1804
1821
1811
1816
1823
1783
1740
1684
1639
1624
1637
1669
1702
1703
1720
1786
1854
1895
1903
1904
1877
1868
1855
1826
1772
1745
1706
1682
1667
1675
1670
1660
1631
1607
1626
1627
1633
1647
1649
1642
1671
1682
1685
1698
1709
1698
1696
1667
1637
1619
1619
1619
1642
1674
1713
1726
1738
1734
1699
1657
1569
1502
1434
1395
1398
1415
1425
1459
1491
1551
1605
1668
1779
1863
1926
1971
1992
2025
2027
2001
1940
1883
1842
1830
1843
1857
1872
1855
1836
1834
1845
1853
1869
1860
1862
1865
1884
1898
1918
1928
1927
1935
1952
1956
1960
1979
1973
1988
2017
2049
2056
2033
1997
1959
1912
1896
1899
1921
1925
1958
2008
2035
2074
2079
2059
2045
2026
2014
2016
2060
2097
2111
2120
2123
2139
2122
2066
2004
1933
1885
1827
1797
1790
1783
1730
1705
1674
1654
1630
1625
1594
1546
1517
1517
1551
1583
1633
1635
1669
1702
1723
1719
1706
1695
1691
1686
1716
1770
1858
1921
1996
2069
2129
2157
2170
2170
2179
2185
2195
2219
2240
2261
2282
2305
2319
2341
2344
2336
2307
2311
2288
2287
2276
2270
2264
2256
2242
2237
2220
2209
2200
2203
2220
2234
2265
2306
2348
2354
2374
2378
2383
2362
2324
2259
2176
2090
2040
2006
1991
1976
2001
2024
2042
2057
2057
2075
2066
2067
2071
2089
2086
2090
2110
2136
2178
2216
2213
2214
2189
2178
2185
2201
2230
2273
2303
2337
2361
2353
2335
2294
2237
2181
2144
2087
2045
1995
1952
1920
1872
1814
1746
1698
1664
1659
1679
1709
1735
1769
1809
1858
1911
1951
2015
2046
2075
2109
2161
2199
2238
2268
2301
2322
2323
2311
2276
2245
2215
2163
2118
2085
2029
2014
2026
2056
2094
2131
2160
2167
2151
2145
2156
2182
2203
2228
2247
2264
2236
2225
2206
2189
2163
2162
2153
2153
2163
2186
2216
2256
2282
2290
2289
2262
2257
2238
2226
2223
2251
2247
2255
2257
2272
2254
2273
2277
2292
2275
2264
2259
2244
2211
2189
2172
2175
2177
2177
2155
2114
2060
1996
1955
1916
1915
1927
1967
1987
2015
2030
2085
2124
2175
2213
2266
2287
2314
2314
2339
2358
2357
2314
2286
2255
2237
2224
2209
2215
2233
2284
2308
2321
2323
2306
2276
2243
2210
2200
2184
2171
2170
2188
2202
2247
2284
2313
2317
2323
2319
2316
2302
2301
2315
2331
2338
2352
2331
2318
2308
2303
2304
2292
2266
2230
2186
2175
2177
2209
2239
2272
2310
2350
2379
2387
2384
2365
2356
2341
2324
2274
2262
2284
2283
2274
2250
2220
2206
2201
2192
2184
2192
2215
2239
2270
2294
2306
2326
2354
2411
2457
2483
2462
2442
2406
2374
2323
2283
2217
2176
2154
2152
2146
2157
2160
2169
2168
2180
2210
2238
2266
2277
2300
2323
2337
2322
2303
2272
2276
2253
2234
2226
2233
2244
2282
2320
2345
2362
2364
2358
2330
2307
2308
2291
2281
2275
2267
2278
2297
2315
2321
2331
2345
2363
2377
2385
2392
2405
2397
2388
2385
2372
2356
2341
2326
2287
2222
2174
2139
2121
2092
2078
2069
2055
2021
2023
2030
2054
2063
2066
2072
2100
2125
2150
2178
2214
2244
2277
2272
2253
2226
2189
2182
2176
2201
2217
2224
2264
2301
2338
2368
2367
2352
2339
2323
2303
2306
2298
2304
2337
2365
2389
2403
2406
2394
2404
2399
2419
2424
2450
2439
2437
2376
2334
2284
2234
2182
2138
2083
2052
2010
2051
2109
2163
2203
2250
2257
2238
2224
2195
2203
2192
2197
2191
2193
2175
2172
2174
2179
2169
2164
2140
2159
2161
2182
2193
2196
2202
2204
2188
2167
2118
2056
2026
1995
1999
2020
2039
2058
2111
2166
2209
2230
2244
2241
2231
2203
2149
2067
1989
1909
1855
1821
1823
1843
1878
1905
1912
1909
1935
1949
1981
2012
2017
1996
1997
1999
2003
2001
1981
1977
1977
1980
1983
1996
2027
2067
2087
2089
2084
2088
2097
2099
2113
2132
2143
2155
2178
2184
2195
2203
2206
2239
2251
2262
2253
2211
2191
2161
2150
2153
2144
2123
2091
2046
2014
1955
1931
1910
1906
1882
1868
1830
1821
1790
1792
1790
1795
1768
1736
1759
1795
1823
1839
1857
1861
1832
1803
1756
1720
1709
1729
1791
1837
1851
1834
1833
1856
1864
1816
1783
1735
1719
1734
1809
1870
1931
2019
2087
2164
2213
2262
2278
2292
2267
2231
2180
2132
2069
2023
2012
2014
2043
2096
2120
2158
2195
2243
2270
2274
2267
2260
2263
2273
2276
2262
2246
2224
2231
2240
2239
2222
2208
2182
2149
2109
2087
2046
2022
2007
2009
2020
2028
2042
2043
2059
2087
2114
2140
2161
2181
2190
2226
2253
2277
2296
2315
2330
2332
2315
2277
2227
2164
2098
2059
2038
2019
2023
2042
2065
2104
2159
2196
2209
2171
2162
2139
2119
2129
2151
2175
2165
2134
2095
2061
2052
2061
2092
2105
2126
2171
2206
2212
2223
2218
2187
2153
2112
2086
2055
2026
1988
1968
1949
1962
1965
1999
2007
2016
2030
2038
2033
2037
2044
2062
2073
2066
2040
2025
2018
2001
1981
1958
1934
1926
1933
1939
1981
2017
2058
2100
2129
2119
2106
2077
2060
2029
2023
2023
2038
2012
1988
1985
2011
2056
2095
2139
2136
2119
2092
2108
2077
2055
2012
1971
1935
1924
1924
1928
1915
1946
1961
1979
2007
2030
2055
2079
2100
2145
2183
2191
2161
2122
2088
2053
2035
2014
1999
1999
2022
2075
2125
2157
2181
2190
2189
2180
2191
2191
2186
2168
2145
2133
2137
2133
2138
2160
2189
2218
2239
2249
2256
2286
2310
2287
2262
2207
2156
2119
2090
2059
2043
2014
2001
2005
2033
2070
2091
2104
2070
2029
1976
1885
1782
1687
1594
1512
1458
1442
1428
1435
1455
1515
1569
1663
1691
1701
1703
1698
1663
1598
1520
1450
1431
1433
1479
1547
1607
1660
1730
1823
1887
1921
1926
1876
1828
1809
1813
1795
1803
1811
1842
1873
1920
1952
1968
1998
1995
2004
2035
2045
2016
2016
2009
2037
2036
2046
2047
2055
2067
2063
2036
1993
1972
1954
1939
1934
1933
1939
1959
1986
1986
1954
1931
1886
1842
1799
1782
1747
1729
1707
1721
1730
1747
1774
1807
1833
1843
1831
1812
1792
1778
1762
1759
1784
1841
1918
1982
2003
2007
2004
1997
1967
1910
1830
1738
1654
1593
1571
1591
1634
1671
1701
1713
1746
1791
1834
1883
1917
1947
1968
1962
1976
1978
1983
1998
2025
2031
2060
2103
2165
2220
2260
2279
2238
2182
2124
2078
2037
2012
1985
1967
1951
1976
2006
2044
2064
2090
2096
2108
2129
2154
2180
2205
2197
2169
2133
2107
2023
1964
1891
1832
1779
1733
1713
1711
1765
1784
1795
1799
1813
1819
1840
1830
1800
1750
1750
1751
1768
1774
1789
1771
1787
1839
1878
1921
1956
2006
2049
2092
2114
2135
2117
2069
2017
1973
1917
1878
1849
1840
1829
1851
1849
1846
1865
1878
1909
1951
2008
2062
2124
2178
2201
2217
2194
2170
2150
2139
2122
2091
2102
2119
2130
2129
2140
2156
2170
2176
2162
2161
2132
2136
2145
2165
2167
2173
2179
2182
2200
2207
2231
2247
2255
2263
2272
2251
2252
2223
2202
2171
2165
2142
2120
2097
2083
2079
2075
2076
2067
2068
2053
2026
1998
1992
1971
1995
2015
2049
2029
2012
1945
1904
1855
1818
1799
1800
1794
1808
1819
1842
1867
1925
1981
2024
2052
2051
2061
2080
2078
2080
2122
2129
2144
2135
2160
2154
2149
2130
2117
2097
2092
2077
2054
2054
2029
2007
1976
1941
1914
1898
1899
1931
1956
1992
2028
2077
2120
2159
2176
2192
2175
2173
2168
2148
2113
2086
2040
2006
1991
1993
2013
2039
2073
2108
2191
2242
2269
2270
2267
2244
2215
2178
2158
2162
2167
2168
2130
2074
2025
1973
1897
1834
1758
1705
1697
1709
1716
1714
1718
1708
1680
1661
1640
1621
1608
1634
1698
1769
1850
1919
1975
1991
1992
1959
1919
1909
1931
1971
2033
2079
2129
2151
2163
2174
2161
2119
2073
2051
2021
2017
1994
1969
1934
1906
1883
1886
1899
1900
1880
1887
1881
1879
1866
1857
1821
1797
1817
1817
1851
1898
1950
1986
2022
2046
2084
2083
2074
2041
2011
1953
1895
1834
1814
1808
1806
1811
1820
1828
1824
1807
1768
1758
1738
1737
1732
1766
1770
1768
1760
1783
1804
1829
1856
1863
1851
1862
1887
1893
1896
1914
1916
1924
1921
1907
1873
1841
1800
1774
1726
1677
1628
1599
1573
1580
1617
1639
1655
1695
1745
1813
1906
1981
2032
2072
2093
2107
2082
2033
1945
1865
1790
1725
1670
1611
1559
1510
1451
1425
1439
1461
1483
1514
1556
1588
1619
1635
1647
1649
1665
1722
1787
1822
1805
1765
1718
1681
1626
1575
1508
1419
1295
1252
1243
1268
1279
1288
1253
1243
1261
1269
1283
1301
1316
1350
1418
1513
1670
1782
1873
1938
2010
2052
2092
2121
2135
2129
2099
2063
2014
1945
1886
1820
1775
1754
1719
1669
1635
1640
1653
1644
1603
1574
1513
1495
1485
1521
1560
1624
1662
1653
1618
1598
1578
1575
1581
1603
1599
1565
1547
1563
1619
1665
1708
1742
1770
1785
1835
1904
1957
1982
2002
1998
1999
1978
1967
1955
1974
1998
2007
2019
2045
2054
2057
2043
2012
1968
1919
1881
1854
1894
1942
2021
2108
2154
2187
2180
2157
2137
2093
2030
1980
1915
1869
1829
1802
1795
1800
1805
1807
1786
1782
1813
1839
1853
1853
1862
1855
1841
1823
1797
1769
1747
1727
1702
1717
1725
1724
1727
1748
1766
1784
1809
1852
1883
1900
1893
1875
1816
1771
1720
1700
1703
1723
1739
1772
1766
1780
1792
1807
1820
1807
1793
1791
1795
1785
1801
1811
1832
1823
1794
1756
1755
1744
1747
1731
1685
1611
1563
1541
1535
1550
1587
1650
1709
1744
1772
1785
1787
1800
1774
1766
1729
1719
1712
1740
1746
1747
1740
1777
1803
1831
1823
1813
1777
1752
1745
1761
1786
1807
1839
1883
1920
1935
1977
2020
2034
2039
2030
2009
2002
1963
1922
1876
1849
1834
1842
1862
1882
1914
1916
1924
1917
1907
1923
1971
2035
2087
2123
2126
2113
2091
2054
2041
2031
2008
2009
1997
2015
2043
2108
2170
2209
2243
2273
2286
2299
2310
2283
2239
2198
2171
2150
2130
2111
2106
2086
2110
2120
2149
2150
2164
2173
2169
2156
2149
2146
2147
2146
2150
2166
2196
2198
2170
2126
2049
1976
1907
1867
1840
1863
1913
1981
2030
2090
2153
2206
2231
2240
2227
2223
2195
2200
2214
2226
2241
2272
2307
2300
2296
2270
2248
2190
2136
2077
2014
1987
1984
2001
2024
2021
2052
2074
2115
2163
2216
2253
2290
2321
2350
2396
2438
2479
2495
2498
2479
2468
2438
2421
2395
2380
2367
2363
2348
2327
2301
2283
2246
2215
2187
2158
2144
2122
2095
2075
2081
2089
2108
2121
2129
2123
2129
2107
2058
2023
1991
1971
1955
1957
1976
1995
2041
2112
2202
2290
2357
2398
2422
2397
2339
2278
2240
2187
2135
2115
2091
2062
2058
2064
2048
2034
2036
2023
1997
1929
1850
1822
1824
1850
1877
1894
1925
1949
1950
1953
1942
1961
1987
2048
2113
2174
2225
2251
2259
2259
2214
2176
2130
2104
2051
2018
2001
2003
2015
2031
2038
2042
2073
2095
2108
2079
2019
1942
1880
1815
1743
1679
1621
1580
1606
1613
1636
1673
1656
1636
1633
1665
1723
1761
1758
1764
1788
1828
1863
1893
1932
1962
1995
2008
2019
1993
1983
1966
1950
1941
1943
1943
1939
1930
1931
1933
1919
1896
1861
1838
1835
1834
1843
1876
1896
1924
1950
1979
1973
1963
1943
1926
1942
1946
1935
1940
1959
1985
1991
1961
1925
1898
1877
1851
1843
1858
1895
1932
1971
2019
2070
2105
2140
2146
2134
2117
2080
2055
2030
2004
1965
1942
1923
1915
1926
1957
1995
2041
2079
2109
2153
2190
2217
2234
2214
2173
2150
2142
2140
2124
2091
2046
1997
1959
1928
1902
1880
1866
1874
1883
1880
1835
1773
1729
1698
1681
1659
1671
1684
1753
1828
1867
1863
1867
1839
1813
1761
1726
1647
1581
1507
1459
1415
1347
1280
1218
1196
1199
1235
1269
1313
1371
1432
1499
1597
1655
1683
1696
1709
1705
1681
1641
1600
1556
1514
1481
1462
1477
1532
1585
1617
1625
1601
1565
1505
1441
1385
1371
1349
1359
1378
1429
1483
1516
1535
1530
1530
1529
1547
1569
1627
1692
1745
1775
1763
1726
1688
1670
1645
1633
1631
1640
1625
1598
1583
1602
1629
1658
1677
1691
1716
1739
1760
1770
1783
1792
1800
1793
1780
1752
1705
1637
1595
1570
1587
1612
1666
1678
1688
1688
1673
1643
1618
1593
1615
1597
1585
1595
1608
1657
1731
1812
1859
1857
1811
1738
1627
1533
1464
1457
1465
1495
1525
1574
1601
1627
1672
1717
1768
1805
1869
1944
2018
2074
2110
2119
2113
2078
2066
2048
2036
1997
1949
1874
1794
1735
1703
1683
1705
1754
1829
1889
1936
1957
1952
1926
1911
1907
1914
1960
2027
2075
2101
2099
2070
2035
1968
1920
1881
1861
1864
1885
1924
1968
2012
2027
2017
1999
1943
1864
1810
1761
1724
1694
1669
1649
1662
1695
1749
1790
1839
1907
1967
2023
2079
2123
2130
2121
2096
2074
2048
2023
2021
2056
2109
2152
2213
2270
2319
2345
2358
2371
2401
2411
2414
2377
2354
2302
2276
2246
2231
2226
2222
2207
2187
2176
2145
2109
2074
2029
1979
1942
1913
1910
1892
1900
1896
1893
1897
1920
1941
1942
1929
1914
1859
1807
1747
1735
1708
1700
1693
1697
1711
1707
1703
1693
1695
1699
1710
1722
1746
1757
1793
1821
1868
1868
1892
1924
1981
2038
2088
2112
2130
2137
2120
2113
2082
2053
2006
1936
1835
1775
1729
1713
1712
1731
1755
1793
1835
1869
1899
1929
1953
1955
1944
1910
1862
1841
1839
1854
1879
1909
1931
1943
1948
1903
1853
1833
1832
1841
1867
1861
1834
1802
1790
1776
1798
1824
1824
1824
1818
1832
1845
1845
1846
1821
1792
1791
1797
1799
1826
1851
1879
1880
1892
1888
1898
1889
1872
1859
1864
1862
1860
1853
1821
1810
1805
1827
1880
1951
2017
2071
2083
2075
2067
2087
2060
2035
1998
1998
2012
2014
1987
1944
1911
1894
1881
1885
1883
1883
1888
1907
1943
1978
2024
2054
2103
2139
2179
2216
2257
2271
2292
2269
2214
2151
2089
2034
2006
1978
1969
1944
1940
1928
1957
1983
2014
2027
2024
1994
1951
1941
1924
1910
1869
1837
1782
1745
1733
1754
1789
1835
1864
1941
2025
2128
2183
2179
2139
2074
2026
1983
1961
1962
2000
2057
2103
2138
2162
2175
2166
2142
2093
2048
2015
1974
1940
1914
1893
1872
1857
1863
1901
1953
1998
2052
2096
2151
2215
2252
2262
2256
2232
2199
2169
2142
2103
2054
2027
2023
2050
2070
2076
2088
2113
2127
2137
2138
2140
2139
2159
2173
2181
2186
2154
2108
2067
2064
2052
2046
2033
2033
2023
1997
1971
1948
1926
1915
1914
1917
1924
1949
1939
1913
1907
1897
1854
1826
1815
1770
1723
1657
1619
1576
1575
1595
1645
1699
1763
1799
1841
1879
1953
1978
1979
1977
1971
1987
1984
1987
2003
2016
2007
1998
1966
1940
1911
1914
1911
1931
1943
1954
1951
1980
1999
2034
2064
2080
2092
2088
2066
2070
2086
2089
2082
2063
2049
2045
2076
2101
2151
2189
2239
2274
2305
2313
2309
2311
2327
2337
2359
2376
2396
2413
2424
2414
2392
2360
2304
2275
2258
2234
2228
2230
2247
2265
2304
2311
2337
2374
2399
2398
2379
2349
2289
2228
2156
2089
2062
2033
1998
1977
1970
1979
1995
2018
2049
2085
2139
2190
2232
2246
2259
2278
2276
2278
2273
2269
2265
2284
2297
2315
2365
2398
2438
2454
2470
2464
2452
2431
2412
2368
2338
2287
2265
2254
2257
2278
2302
2322
2323
2315
2324
2340
2364
2413
2438
2476
2503
2522
2508
2508
2464
2427
2374
2341
2309
2308
2292
2298
2282
2277
2266
2257
2266
2270
2284
2272
2284
2275
2271
2251
2246
2258
2282
2299
2306
2303
2298
2295
2299
2298
2329
2340
2345
2333
2309
2274
2237
2202
2208
2197
2213
2246
2298
2348
2391
2396
2357
2321
2268
2218
2166
2128
2129
2147
2187
2234
2290
2340
2369
2368
2371
2359
2336
2313
2300
2294
2285
2303
2309
2326
2341
2344
2323
2321
2299
2282
2274
2276
2266
2274
2292
2318
2341
2375
2404
2426
2421
2392
2349
2308
2296
2281
2266
2247
2217
2156
2087
2033
2019
2013
2008
1996
1980
1942
1931
1910
1918
1905
1888
1863
1827
1858
1903
1991
2056
2114
2164
2224
2265
2287
2272
2245
2179
2129
2091
2074
2038
2005
1975
1966
1969
1989
2010
2028
2043
2058
2083
2110
2151
2178
2205
2195
2209
2197
2168
2150
2134
2104
2082
2039
2008
1989
1971
1957
1927
1894
1873
1858
1875
1919
1952
1971
1986
1987
1988
1998
2000
1983
1936
1917
1925
1933
1930
1941
1955
1986
2009
2018
2041
2053
2055
2068
2070
2059
2025
1980
1936
1863
1798
1752
1727
1734
1741
1756
1773
1800
1845
1862
1884
1907
1937
1961
1988
2013
2019
2027
2060
2086
2068
2037
2015
1981
1933
1870
1785
1705
1675
1663
1689
1739
1808
1869
1961
2025
2091
2154
2201
2232
2239
2236
2222
2194
2133
2083
2022
1995
1992
2004
1976
1949
1909
1881
1838
1830
1816
1827
1846
1871
1881
1879
1863
1856
1849
1871
1903
1895
1884
1858
1875
1892
1915
1890
1901
1888
1906
1912
1946
1939
1949
1952
1960
1975
1987
1988
1979
1977
2010
2063
2118
2158
2195
2221
2237
2218
2189
2132
2041
1987
1933
1897
1874
1902
1929
1949
1916
1874
1816
1781
1742
1700
1639
1595
1573
1577
1606
1677
1753
1844
1917
1959
2014
2054
2099
2139
2128
2111
2079
2084
2116
2128
2125
2122
2120
2124
2125
2110
2078
2032
1991
1958
1958
1982
2001
2003
2020
2019
2013
2008
1985
1945
1922
1905
1934
1959
1994
2032
2084
2130
2164
2196
2180
2160
2132
2132
2106
2093
2063
2038
1967
1896
1831
1805
1803
1823
1825
1846
1863
1874
1893
1931
1954
1966
1943
1923
1887
1869
1861
1858
1868
1885
1909
1931
1969
1985
2016
2017
2045
2091
2151
2182
2214
2219
2201
2174
2133
2096
2044
1973
1901
1865
1826
1828
1826
1844
1860
1868
1861
1878
1876
1905
1896
1874
1859
1899
1951
1997
2035
2076
2111
2109
2108
2089
2078
2084
2101
2122
2136
2118
2086
2035
1975
1940
1944
1953
1963
1979
2005
2027
2069
2114
2165
2218
2289
2340
2378
2370
2361
2346
2308
2264
2217
2169
2145
2139
2164
2152
2141
2133
2131
2118
2126
2120
2137
2178
2200
2226
2244
2236
2214
2203
2151
2127
2097
2078
2064
2067
2073
2074
2051
2030
1994
1974
1932
1903
1865
1843
1787
1761
1749
1750
1761
1749
1749
1738
1748
1740
1751
1749
1759
1766
1802
1842
1951
2019
2088
2138
2181
2194
2200
2191
2191
2185
2158
2116
2080
2059
2043
2043
1996
1968
1918
1887
1861
1862
1857
1858
1853
1876
1882
1909
1913
1918
1895
1861
1775
1687
1610
1521
1489
1479
1502
1550
1653
1720
1775
1826
1851
1858
1843
1823
1795
1784
1781
1770
1764
1773
1802
1824
1839
1864
1885
1873
1850
1813
1772
1765
1771
1827
1868
1941
2009
2081
2164
2202
2246
2272
2299
2305
2274
2211
2143
2082
2021
1985
1954
1930
1924
1937
1943
1943
1959
2010
2058
2116
2153
2191
2225
2282
2286
2302
2277
2227
2155
2100
2023
1949
1859
1810
1794
1819
1860
1909
1976
2051
2151
2216
2278
2316
2363
2390
2436
2452
2468
2447
2422
2412
2414
2406
2377
2322
2260
2218
2177
2153
2148
2120
2084
2071
2035
2015
2004
2014
2007
1987
1960
1953
1949
1947
1959
1970
1976
2019
2040
2047
2071
2079
2088
2083
2069
2038
2033
2035
2095
2143
2182
2198
2222
2214
2205
2169
2136
2097
2050
2017
1982
1956
1927
1913
1914
1958
2004
2042
2090
2148
2195
2228
2229
2196
2160
2144
2134
2161
2199
2219
2258
2305
2355
2412
2452
2514
2648
2636
2601
2584
2552
2514
2473
2423
2398
2367
2313
2262
2214
2165
2112
2062
2044
2046
2069
2104
2158
2179
2213
2251
2262
2254
2203
2156
2115
2090
2066
2051
2043
2069
2074
2075
2044
2023
1994
1975
1968
1971
1976
1963
1955
1982
1984
2002
2002
1992
1961
1937
1945
1968
2011
2036
2047
2056
2059
2030
1998
1955
1955
1967
2000
2021
2073
2067
2065
2043
2020
1995
1962
1894
1815
1789
1774
1773
1785
1825
1835
1852
1886
1912
1956
2013
2038
2075
2072
2074
2042
2011
1975
1952
1948
1975
2020
2067
2093
2099
2099
2074
2063
2046
2014
1963
1903
1835
1799
1785
1793
1811
1828
1861
1937
2007
2052
2064
2073
2071
2077
2100
2125
2143
2138
2100
2030
1931
1852
1804
1797
1802
1817
1833
1869
1906
1941
1957
1993
1984
1995
1983
1948
1894
1835
1771
1751
1745
1770
1810
1833
1840
1840
1852
1875
1888
1891
1923
1944
2009
2025
2009
1956
1940
1926
1932
1937
1939
1938
1926
1906
1886
1872
1851
1828
1810
1822
1844
1871
1871
1878
1880
1880
1867
1861
1846
1877
1911
1951
2001
2030
2027
2004
1974
1954
1927
1897
1864
1829
1820
1834
1858
1876
1880
1838
1841
1845
1866
1838
1810
1773
1756
1728
1706
1688
1672
1683
1698
1757
1801
1865
1914
1931
1921
1904
1900
1931
1969
1998
2002
2000
1986
1987
1974
1937
1891
1862
1862
1851
1856
1884
1898
1913
1908
1916
1935
1966
1977
1980
1997
2020
2057
2103
2137
2178
2196
2201
2190
2174
2156
2146
2106
2050
2016
1974
1927
1901
1888
1880
1872
1869
1862
1856
1843
1806
1779
1722
1685
1677
1737
1808
1875
1893
1905
1901
1872
1864
1842
1835
1814
1809
1836
1868
1891
1934
1979
2008
2007
2017
2021
2030
2009
1987
1938
1893
1826
1749
1684
1622
1582
1592
1643
1729
1806
1921
1992
2037
2082
2096
2100
2082
2065
2006
1955
1871
1815
1757
1704
1661
1643
1618
1646
1696
1763
1855
1942
1999
2028
2044
2054
2046
1999
1934
1879
1821
1752
1667
1576
1513
1473
1471
1503
1583
1671
1779
1857
1919
1966
1988
1982
1979
1983
2003
2033
2080
2112
2119
2121
2121
2104
2041
1982
1924
1878
1865
1855
1851
1862
1871
1885
1908
1932
1947
1949
1954
1951
1979
2005
2029
2050
2037
2012
2010
1989
1972
1981
1963
1972
1977
2001
2019
2005
1965
1926
1912
1915
1923
1918
1895
1898
1891
1890
1904
1914
1948
1967
2006
2037
2088
2127
2174
2198
2191
2179
2178
2171
2125
2061
1981
1875
1800
1736
1695
1661
1634
1602
1596
1621
1664
1735
1795
1878
1961
2051
2142
2235
2266
2290
2326
2370
2386
2396
2388
2349
2289
2243
2211
2172
2155
2146
2152
2158
2165
2177
2211
2224
2246
2256
2256
2226
2195
2189
2213
2220
2225
2178
2138
2083
2051
2022
1991
1953
1919
1918
1939
1999
2047
2073
2082
2080
2092
2127
2133
2136
2131
2110
2110
2118
2120
2130
2145
2153
2161
2166
2150
2129
2070
2017
1947
1888
1850
1827
1831
1864
1915
1967
2025
2076
2111
2117
2094
2065
2025
1976
1921
1898
1891
1889
1888
1889
1889
1887
1882
1876
1889
1884
1891
1869
1822
1777
1737
1685
1649
1598
1570
1543
1545
1574
1630
1720
1821
1929
2014
2068
2112
2140
2147
2181
2206
2212
2195
2194
2185
2206
2231
2262
2262
2280
2276
2301
2321
2332
2342
2330
2321
2302
2279
2278
2266
2241
2231
2230
2262
2287
2315
2303
2296
2303
2303
2289
2281
2259
2238
2210
2204
2158
2144
2132
2141
2148
2174
2210
2233
2254
2239
2248
2238
2224
2190
2170
2145
2125
2094
2078
2080
2119
2180
2230
2254
2280
2301
2302
2291
2251
2199
2151
2102
2083
2048
2019
1976
1939
1921
1932
1953
1995
2028
2057
2081
2110
2138
2182
2220
2229
2238
2253
2279
2277
2264
2264
2322
2350
2383
2394
2380
2342
2300
2224
2166
2124
2111
2080
2075
2075
2078
2069
2069
2059
2053
2065
2082
2108
2160
2214
2280
2338
2358
2399
2407
2402
2387
2368
2333
2318
2292
2311
2327
2363
2397
2436
2441
2451
2443
2413
2390
2372
2354
2364
2375
2357
2330
2296
2272
2243
2237
2241
2268
2258
2250
2214
2190
2157
2132
2100
2076
2099
2133
2166
2206
2241
2263
2260
2286
2317
2332
2359
2384
2387
2367
2356
2330
2305
2275
2250
2226
2203
2173
2156
2159
2162
2206
2253
2294
2323
2339
2382
2433
2466
2499
2528
2554
2569
2545
2494
2440
2404
2372
2345
2321
2313
2310
2348
2387
2415
2433
2417
2390
2362
2343
2315
2269
2223
2168
2126
2094
2069
2048
2018
2005
1980
1973
1963
1952
1949
1967
1998
2034
2064
2082
2103
2117
2128
2122
2112
2089
2060
1993
1927
1838
1779
1739
1740
1753
1779
1793
1803
1813
1876
1950
2042
2115
2152
2162
2149
2108
2071
2028
1972
1929
1896
1912
1935
2008
2083
2163
2215
2268
2288
2280
2273
2284
2284
2310
2322
2332
2339
2343
2369
2403
2429
2437
2446
2415
2402
2372
2365
2370
2385
2373
2344
2278
2238
2211
2206
2182
2176
2161
2155
2165
2161
2143
2095
2026
1943
1871
1816
1808
1841
1908
1958
2004
2049
2071
2090
2121
2136
2158
2206
2249
2294
2323
2364
2412
2430
2440
2412
2355
2297
2234
2164
2072
1997
1952
1907
1888
1905
1960
1994
2039
2075
2122
2161
2213
2260
2303
2311
2328
2347
2365
2366
2381
2395
2397
2400
2369
2364
2332
2326
2320
2324
2297
2273
2249
2247
2235
2207
2164
2139
2127
2119
2088
2068
2060
2040
2029
1999
1987
1944
1833
1712
1615
1543
1505
1485
1498
1530
1619
1702
1781
1829
1868
1882
1895
1902
1930
1936
1939
1941
1951
1985
1984
1991
1966
1977
1962
1968
1967
1975
1989
1998
1978
1950
1917
1899
1887
1880
1876
1864
1851
1854
1864
1845
1851
1876
1899
1927
1955
1995
2027
2085
2130
2177
2218
2239
2275
2283
2287
2290
2293
2326
2339
2332
2302
2279
2246
2232
2224
2228
2242
2247
2231
2209
2181
2135
2108
2067
2013
1947
1880
1823
1754
1677
1583
1503
1452
1454
1481
1535
1587
1640
1704
1761
1822
1895
1940
1952
1948
1931
1911
1936
1968
1974
1969
1979
1987
2004
2046
2082
2091
2095
2082
2049
2018
1999
1975
1945
1913
1842
1798
1735
1691
1670
1691
1725
1777
1816
1908
1967
2021
2066
2092
2096
2081
2044
1964
1905
1851
1818
1769
1741
1680
1658
1650
1667
1704
1770
1813
1849
1857
1863
1843
1836
1855
1866
1881
1871
1850
1853
1831
1825
1839
1851
1865
1889
1925
1973
2058
2102
2102
2076
2053
2029
2007
1977
1973
1967
1948
1937
1941
1951
1971
2006
2037
2063
2075
2096
2124
2152
2186
2193
2171
2130
2090
2037
1996
1952
1942
1980
2050
2093
2150
2225
2309
2345
2333
2286
2202
2129
2074
2013
1952
1892
1826
1775
1775
1790
1796
1802
1791
1793
1781
1799
1801
1801
1787
1807
1855
1916
1986
2024
2022
1977
1954
1947
1955
1924
1897
1877
1814
1763
1759
1759
1769
1779
1788
1795
1811
1807
1813
1827
1835
1822
1815
1821
1813
1803
1807
1839
1872
1901
1905
1917
1929
1949
1960
1997
2008
2013
1998
2009
1984
1961
1934
1907
1878
1875
1895
1928
1961
1981
1986
1972
1975
2002
2017
2035
2057
2075
2075
2074
2061
2021
1997
1991
1984
1994
2006
2001
1988
1960
1929
1882
1826
1768
1734
1747
1792
1842
1877
1891
1919
1957
2002
2037
2093
2137
2194
2234
2281
2290
2282
2271
2247
2221
2177
2136
2066
2034
1993
1982
1960
1956
1961
1987
1982
1982
1960
1977
1974
1979
2005
2040
2051
2064
2065
2065
2067
2091
2117
2144
2204
2226
2274
2278
2327
2384
2455
2479
2518
2501
2482
2443
2378
2290
2230
2187
2155
2151
2140
2163
2191
2222
2250
2296
2334
2343
2331
2345
2324
2330
2313
2324
2342
2360
2376
2406
2402
2397
2374
2357
2322
2298
2267
2265
2261
2231
2197
2179
2186
2183
2197
2197
2210
2181
2186
2166
2183
2212
2239
2281
2323
2342
2363
2377
2391
2398
2401
2415
2403
2377
2350
2307
2258
2226
2181
2106
2056
2025
2003
1994
1979
1961
1978
2021
2064
2121
2155
2186
2238
2238
2256
2279
2304
2337
2334
2334
2298
2262
2218
2173
2104
2043
2006
1994
1966
1952
1932
1905
1873
1878
1882
1894
1864
1817
1755
1717
1704
1707
1736
1781
1855
1905
1952
1985
2051
2122
2167
2200
2213
2181
2155
2118
2110
2111
2111
2120
2132
2145
2169
2200
2220
2239
2246
2234
2203
2190
2148
2131
2118
2110
2095
2083
2056
2037
2014
1983
1947
1939
1933
1931
1924
1935
1971
2010
2050
2094
2148
2191
2263
2252
2249
2249
2223
2188
2161
2158
2173
2173
2140
2102
2092
2095
2070
1995
1845
47.29248047
1.662084937
999
