5835
2123
2098
2176
2142
2194
2165
2192
2154
2187
2161
2196
2165
2203
2178
2246
2225
2244
2208
2246
2251
2272
2219
2228
2199
2222
2175
2187
2154
2182
2201
2210
2160
2179
2178
2216
2210
2220
2198
2229
2225
2237
2210
2210
2206
2222
2191
2197
2188
2214
2196
2200
2169
2191
2209
2216
2201
2218
2239
2258
2247
2253
2246
2273
2254
2256
2236
2263
2292
2302
2261
2254
2257
2282
2250
2241
2230
2258
2267
2258
2237
2253
2262
2273
2277
2269
2262
2287
2283
2277
2270
2248
2260
2242
2237
2226
2227
2240
2242
2238
2255
2241
2264
2255
2246
2219
2240
2212
2241
2206
2235
2237
2269
2222
2219
2164
2194
2151
2180
2121
2151
2120
2130
2080
2127
2082
2140
2086
2121
2067
2133
2105
2166
2111
2158
2133
2184
2132
2170
2137
2220
2169
2202
2125
2177
2132
2162
2072
2091
2030
2081
2007
2028
1936
1995
1965
2003
1935
1990
1959
2026
1969
2031
1998
2070
2034
2077
2017
2071
2030
2070
2019
2068
2039
2095
2043
2085
2024
2094
2074
2105
2059
2103
2061
2089
2038
2072
2040
2077
2037
2034
1979
2003
1963
2001
1971
1982
1967
2006
1997
2027
1999
2037
2037
2052
2043
2040
2045
2071
2054
2057
2061
2036
2039
2013
1990
1952
1966
1972
1978
1954
1948
1939
1980
1960
1954
1931
1969
1968
2006
1967
1972
1960
2008
1972
2008
1979
2039
2031
2058
2017
2047
2036
2042
1994
1991
1944
1985
1952
1967
1930
1934
1921
1974
1941
1991
1984
2055
2030
2067
2046
2093
2091
2130
2077
2100
2051
2096
2052
2061
2009
2056
2027
2071
2018
2050
2029
2064
2049
2080
2062
2104
2081
2094
2043
2044
2019
2051
2021
2015
1957
1979
2011
2016
1999
2012
2021
2046
2014
1993
1989
1982
1977
1963
1935
1921
1935
1931
1946
1937
1957
1978
1992
1968
1956
1935
1975
1931
1962
1909
1959
1952
1970
1937
1975
1902
1957
1901
1929
1847
1883
1799
1851
1796
1831
1782
1864
1829
1872
1838
1886
1860
1926
1890
1928
1883
1925
1895
1903
1893
1901
1929
1956
1938
1936
1903
1914
1926
1904
1901
1893
1893
1886
1898
1882
1914
1913
1961
1954
1989
1989
2033
2024
2048
2019
2029
2023
2049
2014
2039
2003
2060
2053
2077
2030
2059
2053
2060
1991
1994
1959
2019
1988
1995
1964
2001
1998
2041
2006
2053
2038
2104
2069
2115
2072
2102
2079
2074
2007
2009
1981
2024
1991
2024
1997
2051
2048
2089
2058
2119
2131
2182
2130
2133
2081
2114
2075
2073
2029
2040
2042
2082
2060
2079
2069
2113
2130
2126
2111
2128
2122
2127
2083
2069
2051
2035
2031
2019
2014
2012
2038
2024
2055
2024
2049
2041
2080
2070
2093
2067
2127
2088
2127
2098
2134
2123
2143
2094
2123
2072
2118
2063
2081
2020
2058
2007
2049
1971
1995
1941
1999
1948
2002
1969
2038
2018
2095
2053
2109
2082
2177
2135
2178
2144
2192
2168
2200
2137
2136
2087
2081
2090
2065
2058
2053
2083
2105
2120
2090
2110
2123
2170
2161
2183
2176
2212
2178
2193
2153
2189
2175
2190
2149
2166
2131
2174
2134
2161
2127
2170
2141
2163
2110
2168
2144
2205
2161
2207
2187
2251
2231
2267
2217
2258
2221
2271
2233
2273
2224
2272
2224
2242
2195
2244
2216
2265
2209
2220
2179
2223
2186
2197
2151
2186
2174
2219
2187
2203
2185
2254
2231
2273
2251
2282
2278
2311
2268
2290
2274
2319
2319
2318
2299
2316
2337
2351
2321
2314
2297
2306
2312
2296
2275
2279
2284
2274
2285
2255
2278
2306
2338
2314
2309
2289
2340
2327
2349
2298
2321
2305
2341
2306
2355
2323
2380
2351
2389
2334
2373
2333
2378
2332
2352
2314
2372
2327
2345
2307
2312
2298
2329
2311
2338
2298
2350
2343
2342
2323
2306
2298
2305
2304
2292
2283
2230
2278
2250
2263
2228
2258
2238
2260
2202
2252
2201
2264
2235
2256
2210
2258
2217
2265
2197
2229
2196
2264
2206
2263
2208
2272
2240
2295
2240
2289
2251
2324
2287
2323
2265
2323
2302
2340
2268
2290
2247
2304
2286
2325
2271
2305
2265
2270
2229
2212
2195
2205
2162
2142
2092
2095
2131
2106
2090
2084
2096
2101
2085
2087
2105
2108
2142
2124
2150
2148
2183
2151
2188
2140
2176
2155
2191
2148
2172
2123
2178
2147
2187
2116
2150
2125
2172
2146
2188
2163
2198
2177
2210
2182
2230
2217
2274
2270
2297
2259
2299
2282
2314
2295
2300
2277
2302
2294
2291
2254
2275
2270
2271
2251
2232
2214
2216
2212
2194
2202
2171
2186
2178
2190
2174
2186
2211
2233
2221
2240
2200
2252
2241
2266
2229
2237
2201
2257
2214
2247
2205
2267
2231
2283
2241
2271
2241
2298
2236
2266
2202
2238
2220
2244
2196
2195
2179
2230
2174
2185
2164
2176
2188
2200
2183
2193
2188
2198
2238
2220
2241
2229
2242
2223
2225
2192
2252
2207
2255
2189
2211
2185
2226
2164
2198
2129
2162
2123
2183
2124
2184
2135
2185
2150
2200
2155
2196
2172
2250
2225
2234
2199
2235
2228
2240
2185
2198
2175
2165
2163
2143
2128
2136
2165
2164
2196
2157
2186
2177
2217
2173
2187
2182
2221
2168
2216
2154
2200
2178
2220
2174
2206
2144
2201
2169
2209
2153
2221
2196
2233
2201
2236
2187
2222
2194
2209
2151
2184
2197
2246
2228
2232
2207
2249
2213
2196
2189
2162
2184
2188
2166
2147
2137
2121
2151
2120
2130
2094
2125
2118
2123
2091
2111
2072
2123
2093
2106
2077
2116
2095
2131
2098
2119
2072
2118
2074
2072
2018
2018
1980
2013
1980
2003
1973
2030
2005
2032
2006
2019
2013
2068
2044
2063
2029
2037
2045
2045
2021
2015
2023
2034
2035
2012
2015
2034
2065
2067
2064
2062
2094
2083
2117
2076
2086
2068
2095
2046
2065
2012
2053
2037
2072
2007
2039
2003
2043
1998
2024
1951
2007
1984
2017
1958
1983
1946
2006
1992
2030
1988
2032
2007
2026
2006
2013
2004
2038
2032
2048
2022
2019
2050
2053
2067
2023
2049
2027
2061
2014
2074
2011
2065
2019
2069
2009
2058
2019
2089
2057
2124
2081
2140
2132
2206
2190
2212
2159
2201
2165
2182
2108
2115
2077
2082
2071
2041
2003
2019
2035
2048
2069
2050
2083
2086
2115
2093
2092
2092
2119
2085
2114
2072
2110
2091
2123
2060
2091
2051
2103
2063
2102
2041
2095
2082
2143
2112
2122
2090
2149
2106
2102
2047
2061
2040
2052
2018
2010
1983
2029
2009
2030
2036
2031
2048
2065
2062
2060
2060
2048
2071
2048
2041
2002
2015
2004
2007
1983
2000
1984
2012
2000
2015
2012
2060
2059
2095
2058
2084
2046
2097
2071
2092
2051
2064
2046
2070
2022
2037
2020
2060
2026
2061
2025
2051
2041
2090
2037
2043
1995
2003
1981
1963
1923
1939
1940
1969
1969
1965
1966
1993
2027
2000
1973
1959
1961
1940
1948
1912
1919
1908
1950
1938
1984
1926
1978
1961
2002
1952
1992
1977
2053
2036
2084
2045
2119
2077
2099
2035
2064
2021
2057
2008
2007
1948
1988
1974
1998
1975
1986
1998
2038
2029
2053
2040
2034
2045
2041
2020
1980
1969
1961
1969
1919
1951
1890
1956
1935
1968
1933
1985
1973
2040
1976
2027
1957
2027
2000
2063
2018
2064
2032
2119
2090
2138
2091
2159
2120
2154
2111
2135
2127
2182
2144
2147
2126
2105
2135
2124
2122
2102
2125
2142
2164
2113
2150
2127
2199
2168
2172
2119
2170
2128
2182
2099
2115
2068
2143
2095
2157
2098
2144
2131
2184
2135
2182
2160
2202
2202
2213
2157
2179
2182
2219
2172
2179
2172
2196
2206
2187
2173
2170
2181
2192
2215
2192
2218
2224
2252
2233
2240
2202
2221
2185
2198
2166
2193
2196
2240
2220
2237
2203
2246
2223
2252
2202
2220
2210
2259
2234
2249
2202
2234
2225
2250
2226
2244
2202
2235
2219
2238
2177
2230
2220
2242
2221
2204
2163
2195
2179
2176
2165
2133
2135
2151
2142
2136
2143
2179
2196
2181
2186
2150
2182
2171
2183
2146
2172
2129
2183
2134
2163
2127
2180
2140
2177
2108
2025
2061
1996
2033
1984
2038
1974
2028
1972
2017
1978
2040
1989
2027
1999
2047
2031
2059
2020
2044
2019
2073
2034
2016
1995
1989
1993
2015
1973
1967
1944
1931
1977
1947
1968
1939
1973
1975
2010
1964
2012
1980
2045
1994
2026
1986
2031
2017
2080
2008
2058
2037
2116
2056
2111
2054
2095
2072
2109
2045
2079
2029
2043
2033
2056
2032
2061
2048
2063
2026
2036
2046
2035
2056
2038
2037
2026
2062
2057
2099
2046
2085
2069
2132
2102
2137
2093
2166
2126
2186
2121
2194
2146
2185
2151
2182
2117
2155
2094
2111
2027
2033
1979
2011
1976
1983
1949
1987
1970
1993
1987
1971
1979
1988
1996
1978
1972
1988
2014
2020
2043
2031
2064
2067
2094
2056
2101
2059
2095
2082
2127
2086
2110
2090
2135
2088
2119
2090
2158
2124
2130
2068
2111
2081
2116
2085
2108
2078
2114
2079
2089
2073
2086
2091
2111
2095
2102
2083
2097
2132
2134
2128
2136
2169
2181
2171
2176
2182
2167
2202
2182
2177
2137
2158
2128
2155
2105
2138
2096
2142
2118
2133
2113
2145
2107
2151
2119
2149
2099
2142
2108
2124
2082
2090
2067
2097
2065
2090
2077
2065
2064
2056
2028
2008
1979
1987
1979
1935
1924
1905
1942
1917
1909
1907
1935
1906
1962
1905
1941
1914
1967
1921
1954
1878
1912
1884
1959
1895
1932
1897
1966
1954
1990
1947
1980
1965
2032
1974
1999
1974
1998
1999
2021
1991
2016
2016
2032
2052
2022
2037
2046
2065
2055
2070
2075
2119
2090
2131
2079
2100
2063
2086
2043
2073
2010
2074
2034
2072
2019
2071
2047
2124
2079
2118
2066
2127
2104
2149
2131
2154
2116
2169
2153
2178
2126
2167
2157
2167
2169
2146
2152
2152
2145
2131
2141
2096
2140
2134
2160
2124
2154
2139
2184
2133
2176
2118
2180
2161
2183
2132
2154
2120
2167
2116
2143
2078
2128
2077
2104
2049
2061
2041
2092
2050
2070
2038
2059
2077
2079
2056
2061
2066
2093
2078
2090
2101
2084
2119
2120
2115
2094
2116
2104
2144
2112
2127
2102
2134
2102
2101
2060
2098
2088
2145
2105
2136
2107
2150
2156
2177
2128
2149
2133
2166
2125
2148
2132
2174
2154
2172
2147
2164
2156
2177
2167
2154
2135
2158
2172
2168
2156
2158
2143
2143
2152
2135
2131
2129
2143
2147
2144
2108
2124
2136
2147
2118
2130
2138
2188
2173
2192
2138
2176
2161
2185
2127
2159
2104
2155
2119
2148
2120
2176
2168
2193
2154
2169
2133
2175
2137
2159
2096
2095
2080
2092
2062
2068
2062
2087
2070
2079
2078
2059
2085
2080
2075
2064
2077
2066
2118
2075
2091
2062
2125
2110
2126
2111
2170
2156
2224
2171
2222
2170
2224
2171
2214
2152
2189
2130
2184
2132
2186
2146
2180
2162
2212
2176
2201
2171
2203
2174
2161
2141
2132
2129
2125
2136
2124
2122
2098
2135
2086
2113
2093
2146
2115
2149
2098
2154
2130
2172
2117
2148
2127
2189
2143
2186
2109
2183
2141
2189
2127
2204
2151
2229
2174
2212
2167
2236
2180
2231
2182
2189
2160
2211
2160
2182
2146
2157
2193
2201
2172
2173
2178
2200
2173
2160
2177
2151
2184
2163
2186
2175
2213
2177
2221
2177
2210
2190
2230
2196
2210
2161
2191
2169
2208
2163
2193
2149
2205
2168
2194
2154
2178
2158
2194
2157
2183
2157
2171
2170
2200
2183
2196
2194
2231
2216
2193
2165
2153
2173
2166
2144
2136
2144
2144
2170
2141
2145
2149
2162
2143
2157
2098
2101
2080
2122
2071
2087
2064
2110
2090
2114
2073
2106
2105
2139
2089
2105
2054
2095
2064
2081
2044
2073
2062
2085
2076
2057
2042
2067
2064
2063
2028
2026
2035
2045
2029
2021
2016
2032
2010
2003
2014
2002
2038
2032
2029
2015
2024
2024
2094
2062
2094
2056
2110
2087
2104
2057
2081
2011
2049
1984
1982
1899
1932
1883
1907
1847
1874
1838
1894
1863
1920
1910
1940
1950
1990
1968
1980
1960
2004
1991
1972
1956
1938
1977
1974
1954
1937
1944
1919
1973
1935
1968
1938
2000
1961
2000
1931
1965
1936
2028
1970
2016
1954
2025
2009
2053
1992
2020
1976
2047
2003
2035
2027
2032
2047
2060
2035
2045
2060
2068
2102
2070
2096
2083
2125
2111
2116
2074
2108
2064
2127
2066
2107
2071
2115
2067
2108
2036
2077
2022
2074
2002
2052
2003
2060
2056
2082
2039
2086
2082
2136
2108
2111
2083
2088
2086
2107
2094
2103
2106
2095
2118
2098
2091
2091
2113
2095
2127
2081
2103
2087
2122
2083
2097
2083
2105
2076
2100
2040
2086
2078
2123
2076
2108
2061
2100
2087
2113
2067
2092
2067
2101
2076
2093
2053
2110
2094
2107
2074
2089
2085
2108
2087
2089
2070
2116
2100
2092
2061
2045
2068
2086
2076
2058
2054
2035
2057
2057
2053
2045
2080
2085
2087
2077
2088
2048
2100
2086
2110
2076
2140
2104
2144
2102
2123
2090
2125
2076
2098
2072
2090
2078
2114
2089
2115
2087
2156
2150
2170
2146
2157
2162
2209
2179
2191
2182
2167
2185
2183
2169
2152
2174
2185
2195
2147
2154
2121
2163
2117
2124
2089
2110
2102
2140
2065
2091
2058
2128
2057
2107
2052
2095
2074
2115
2078
2130
2095
2152
2151
2175
2139
2193
2178
2198
2139
2174
2157
2174
2164
2152
2128
2142
2130
2106
2108
2070
2083
2090
2111
2100
2122
2116
2191
2158
2208
2165
2203
2171
2188
2150
2187
2110
2167
2114
2163
2097
2147
2118
2182
2131
2162
2089
2145
2113
2158
2128
2130
2111
2139
2122
2148
2125
2172
2186
2202
2202
2180
2202
2192
2183
2156
2165
2088
2129
2089
2102
2047
2080
2055
2096
2051
2096
2048
2119
2079
2113
2046
2107
2082
2129
2077
2102
2067
2140
2103
2148
2115
2116
2117
2159
2114
2116
2093
2087
2089
2087
2074
2066
2080
2089
2070
2069
2081
2075
2094
2065
2070
2047
2072
2073
2119
2087
2123
2112
2140
2097
2132
2104
2137
2122
2159
2126
2148
2123
2148
2123
2143
2097
2130
2110
2134
2076
2092
2061
2092
2073
2087
2057
2092
2072
2101
2072
2079
2059
2094
2087
2099
2069
2076
2071
2090
2075
2037
2032
2045
2063
2050
2061
2018
2042
2026
2035
1998
2007
2006
2034
1996
2015
1951
2002
1961
1988
1928
1967
1912
1982
1933
1967
1907
1970
1930
1967
1934
1945
1924
1992
1956
1975
1931
1939
1945
1935
1908
1908
1902
1921
1900
1889
1897
1865
1889
1868
1865
1848
1883
1860
1921
1859
1921
1883
1950
1898
1926
1867
1882
1825
1871
1788
1821
1734
1766
1691
1723
1688
1736
1726
1815
1791
1841
1830
1854
1864
1873
1833
1821
1794
1813
1802
1775
1773
1768
1815
1832
1852
1848
1878
1866
1924
1878
1911
1869
1905
1859
1911
1819
1851
1814
1882
1831
1883
1847
1902
1895
1934
1878
1927
1908
1957
1901
1920
1892
1911
1894
1901
1867
1893
1878
1877
1878
1855
1844
1855
1866
1855
1850
1827
1866
1856
1882
1861
1902
1901
1927
1894
1937
1890
1928
1910
1928
1902
1921
1908
1963
1931
1981
1949
1995
1982
2006
1987
1999
1947
1979
1941
1947
1895
1907
1880
1888
1851
1847
1823
1849
1860
1879
1893
1879
1890
1891
1875
1843
1816
1803
1797
1790
1802
1759
1784
1783
1800
1787
1816
1777
1824
1814
1822
1780
1836
1832
1891
1850
1886
1841
1918
1890
1930
1889
1926
1932
1984
1941
1979
1966
2027
1986
2016
1991
1993
1982
2011
1980
1990
1970
1983
2001
1988
1990
1971
1969
1969
1943
1917
1951
1926
1981
1940
1968
1952
2012
1982
2040
1964
2002
1948
2009
1937
1975
1917
1954
1916
1963
1899
1939
1904
1971
1935
1965
1918
1954
1948
1983
1932
1955
1930
1937
1945
1950
1947
1946
1967
1972
1976
1928
1928
1896
1936
1893
1906
1875
1906
1875
1924
1867
1917
1888
1938
1890
1958
1898
1948
1911
1957
1885
1904
1857
1909
1869
1880
1822
1879
1871
1915
1871
1906
1908
1951
1974
1980
1951
1985
1991
1981
1989
1946
1946
1915
1902
1871
1862
1837
1888
1861
1871
1828
1853
1838
1856
1797
1827
1772
1815
1773
1805
1748
1774
1752
1795
1749
1777
1750
1808
1797
1823
1821
1828
1806
1836
1797
1811
1769
1818
1812
1842
1837
1858
1873
1916
1915
1915
1909
1908
1952
1944
1934
1931
1960
1959
1966
1931
1923
1897
1947
1928
1932
1903
1932
1923
1966
1925
1940
1915
1970
1949
1991
1955
1965
1931
1962
1919
1934
1926
1970
1963
1993
1948
1986
1977
2021
1960
1974
1952
1979
1983
1995
1965
1979
1968
1965
1969
1957
1946
1975
1990
1977
1988
1982
2016
2027
2065
2053
2050
2041
2062
2031
2083
2037
2095
2063
2108
2061
2081
2023
2088
2039
2071
2046
1988
2026
1960
1992
1891
1903
1826
1846
1760
1795
1765
1824
1799
1849
1813
1888
1854
1892
1855
1904
1911
1930
1922
1934
1926
1973
1960
1964
1973
1931
1969
1958
1961
1947
1959
1923
1983
1933
1981
1939
2019
2021
2061
2028
2072
2037
2118
2044
2073
1997
2048
1992
2049
1985
2018
2002
2076
2035
2076
2058
2083
2104
2133
2112
2146
2127
2161
2150
2131
2142
2142
2160
2149
2137
2131
2133
2131
2166
2138
2169
2151
2185
2158
2176
2111
2122
2085
2109
2065
2090
2060
2104
2090
2128
2069
2096
2082
2141
2110
2162
2107
2126
2114
2126
2078
2095
2087
2110
2125
2140
2115
2152
2150
2171
2135
2152
2152
2182
2188
2178
2156
2177
2183
2197
2211
2179
2182
2191
2189
2151
2144
2121
2168
2149
2163
2147
2180
2191
2205
2205
2225
2182
2223
2196
2214
2180
2226
2194
2234
2193
2228
2187
2232
2194
2228
2198
2222
2198
2230
2204
2219
2174
2206
2189
2194
2167
2140
2125
2130
2111
2108
2091
2069
2097
2079
2074
2050
2071
2080
2082
2020
2031
1982
2015
1961
1984
1925
1965
1948
2012
1982
2027
1996
2075
2046
2093
2051
2079
2046
2097
2023
2047
1986
2011
2006
2016
1969
1980
1979
2015
1979
1999
1988
2000
2010
1995
1980
1971
1987
1989
2022
1969
2002
1994
2032
2006
2028
1995
2047
2003
2059
1988
2035
1995
2049
1990
2015
1949
1981
1922
1953
1889
1930
1878
1928
1919
1940
1915
1946
1949
1989
2003
1983
2011
2025
2044
2034
2030
2003
2034
2014
2070
2025
2051
2019
2065
2030
2079
2023
2058
2029
2088
2004
2018
1964
1995
1961
1957
1902
1944
1932
1976
1918
1963
1937
1997
1994
1998
1949
1961
1930
1916
1889
1875
1843
1864
1850
1849
1839
1851
1878
1894
1910
1891
1906
1932
1941
1942
1955
1924
1977
1966
1976
1958
1966
1945
1998
1962
1979
1936
1979
1954
1963
1945
1978
1951
1994
1951
1955
1897
1928
1894
1925
1857
1866
1818
1863
1805
1826
1783
1804
1805
1833
1818
1849
1852
1915
1922
1924
1914
1914
1935
1946
1947
1965
1964
1978
2005
2003
2017
2016
2050
2032
2052
2003
2035
2006
2044
2006
2007
1992
2032
1999
2043
1990
2043
1998
2050
2000
2064
2014
2089
2053
2088
2022
2095
2071
2119
2082
2096
2046
2110
2083
2113
2065
2085
2088
2088
2049
2028
2004
2023
1997
1990
2002
1975
2013
2019
2039
2018
2042
2008
2081
2033
2074
2030
2097
2069
2099
2062
2114
2045
2107
2053
2103
2028
2073
2020
2067
2003
2034
1975
2029
1988
2021
1984
1997
1995
2021
1994
2010
1993
2036
2035
2028
2039
2038
2078
2074
2063
2052
2086
2052
2110
2078
2095
2071
2128
2095
2133
2065
2088
2020
2068
1986
2005
1939
1963
1931
1958
1902
1927
1904
1959
1904
1950
1924
1984
1987
2031
2026
2072
2070
2083
2097
2092
2075
2088
2109
2119
2092
2109
2126
2123
2141
2109
2114
2123
2138
2101
2098
2064
2089
2086
2114
2090
2091
2046
2081
2059
2079
2026
2055
2037
2051
2004
2005
1957
1980
1923
1918
1859
1880
1865
1903
1888
1914
1893
1955
1945
1989
1990
2006
2010
2040
2015
2022
2002
2030
2010
2012
1990
1966
1970
1999
1983
1982
1981
1954
1992
1987
1980
1952
1977
1993
2044
2007
2054
2021
2076
2029
2057
1993
2038
2007
2070
2012
2043
2001
2088
2040
2094
2038
2070
2028
2078
2021
2051
2019
2051
2054
2053
2023
2040
2046
2065
2024
2031
2046
2053
2094
2087
2095
2097
2114
2079
2127
2067
2112
2074
2123
2071
2096
2030
2081
2027
2080
2036
2085
2051
2133
2115
2159
2107
2164
2140
2208
2161
2210
2193
2231
2204
2227
2202
2241
2210
2222
2180
2164
2158
2161
2167
2143
2121
2106
2119
2091
2097
2035
2032
2014
2041
1996
2022
1951
2011
1990
2036
1980
2027
2018
2057
2008
2030
1956
2011
1983
2021
1965
2024
2023
2088
2068
2087
2048
2106
2100
2132
2124
2110
2113
2138
2118
2110
2086
2080
2104
2078
2062
2043
2053
2064
2070
2055
2086
2054
2107
2098
2114
2097
2127
2103
2149
2104
2127
2100
2132
2105
2116
2089
2121
2115
2163
2119
2131
2106
2160
2129
2154
2118
2122
2102
2131
2090
2100
2082
2091
2098
2127
2099
2124
2131
2187
2172
2166
2156
2169
2155
2147
2112
2111
2094
2100
2103
2081
2068
2082
2094
2079
2105
2068
2106
2097
2118
2085
2106
2113
2148
2112
2138
2088
2152
2155
2188
2130
2195
2156
2206
2180
2218
2173
2190
2146
2170
2164
2154
2123
2143
2155
2171
2160
2193
2229
2243
2251
2241
2247
2251
2265
2248
2288
2242
2286
2247
2264
2224
2251
2214
2269
2191
2224
2159
2219
2177
2246
2206
2234
2165
2222
2171
2220
2154
2215
2168
2209
2186
2186
2157
2208
2192
2205
2205
2195
2215
2230
2231
2214
2213
2220
2236
2188
2217
2177
2237
2212
2223
2180
2208
2157
2230
2179
2206
2130
2207
2169
2229
2181
2211
2186
2252
2217
2254
2205
2244
2244
2268
2231
2256
2247
2291
2246
2269
2258
2244
2253
2265
2247
2248
2239
2229
2239
2201
2209
2196
2227
2210
2219
2193
2234
2216
2247
2212
2228
2207
2236
2204
2226
2187
2222
2198
2255
2235
2261
2238
2282
2263
2286
2248
2269
2254
2285
2271
2292
2272
2304
2298
2310
2256
2272
2255
2264
2246
2250
2229
2248
2237
2240
2244
2218
2219
2215
2214
2199
2180
2190
2187
2174
2183
2147
2166
2168
2178
2150
2160
2110
2174
2157
2190
2156
2204
2197
2245
2200
2227
2189
2244
2208
2236
2194
2219
2207
2250
2204
2210
2183
2238
2198
2204
2197
2200
2214
2240
2220
2239
2229
2240
2279
2264
2260
2251
2275
2277
2256
2217
2251
2213
2251
2211
2244
2214
2251
2229
2254
2190
2216
2176
2215
2166
2214
2179
2223
2209
2275
2218
2253
2215
2264
2215
2228
2184
2200
2183
2206
2153
2160
2135
2131
2132
2114
2120
2116
2138
2157
2173
2147
2184
2170
2213
2179
2190
2173
2209
2171
2220
2150
2192
2158
2219
2152
2221
2155
2231
2193
2240
2164
2207
2170
2207
2156
2175
2124
2165
2140
2159
2093
2096
2099
2113
2110
2108
2102
2129
2106
2099
2106
2080
2100
2094
2102
2052
2063
2021
2047
2002
2024
1987
2032
2002
2025
1989
2043
2004
2079
2039
2075
2028
2085
2037
2079
2042
2049
1987
2019
1976
1987
1955
1962
1957
1992
1978
1993
1973
2024
2015
2002
1976
1945
1940
1960
1951
1944
1955
1950
1990
1965
1961
1939
1965
1972
1972
1935
1948
1918
1947
1917
1930
1890
1907
1901
1949
1929
1950
1943
1999
1946
1984
1932
1950
1918
1932
1865
1889
1863
1895
1895
1910
1883
1908
1890
1911
1886
1900
1896
1927
1920
1949
1960
1987
2000
2001
2012
1997
1993
1979
1969
1930
1928
1892
1943
1939
1973
1930
1958
1944
1986
1952
2002
1966
2017
1988
2024
1966
2004
1971
2028
1984
2013
1955
2010
1948
1961
1909
1906
1880
1902
1889
1898
1873
1929
1937
1957
1972
1978
2009
2039
2036
2022
2047
1991
2044
2029
2052
2007
2055
2055
2111
2065
2113
2039
2115
2056
2075
2007
2046
1996
2063
1991
2020
1963
2054
2007
2053
2017
2028
2008
2055
2011
2026
1989
1998
2023
2020
2015
2004
2020
2019
1982
1934
1935
1883
1904
1839
1834
1784
1809
1753
1802
1734
1782
1755
1848
1814
1881
1845
1918
1903
1960
1909
1937
1884
1919
1869
1893
1833
1867
1846
1880
1841
1870
1839
1849
1851
1846
1827
1858
1876
1904
1932
1915
1923
1909
1947
1926
1926
1900
1942
1938
1998
1947
1980
1971
2035
1997
2036
1998
2032
2028
2068
2034
2061
2032
2064
2065
2071
2037
2064
2054
2068
2032
2054
2030
2048
2047
2050
2019
2032
2006
2000
1990
1965
1953
1969
1979
1964
1958
1959
2007
1999
2008
1979
1986
1985
1995
1969
1982
1931
1976
1946
1963
1924
1940
1890
1933
1877
1892
1854
1896
1853
1884
1832
1856
1826
1887
1862
1903
1861
1910
1899
1925
1888
1889
1866
1897
1875
1889
1871
1868
1888
1898
1887
1872
1871
1891
1911
1882
1914
1881
1934
1925
1950
1920
1976
1946
2011
1968
2003
1962
2056
2009
2046
1985
2010
1964
2010
1919
1921
1832
1802
1751
1739
1659
1669
1639
1689
1647
1690
1700
1742
1798
1832
1858
1895
1934
1957
2009
1988
2023
2021
2065
2040
2058
2023
2086
2055
2116
2062
2105
2087
2151
2114
2160
2103
2163
2128
2175
2102
2139
2105
2148
2119
2154
2117
2176
2165
2197
2152
2141
2107
2125
2111
2131
2116
2149
2159
2159
2191
2172
2191
2206
2227
2201
2224
2166
2195
2178
2198
2144
2198
2202
2204
2231
2187
2206
2175
2156
2096
2103
2041
2093
2034
2043
1994
2037
2030
2045
2011
2039
2025
2086
2037
2063
2027
2098
2087
2115
2087
2111
2104
2141
2103
2113
2106
2119
2113
2123
2094
2100
2091
2110
2116
2077
2069
2066
2074
2059
2039
2032
2028
2016
2034
2010
2026
2014
2039
2025
2042
2000
2034
2021
2055
2024
2036
2019
2061
2054
2081
2045
2075
2057
2080
2034
2069
2030
2083
2063
2085
2032
2042
2020
2047
2044
2059
2031
2070
2057
2074
2036
2046
2054
2087
2091
2087
2074
2115
2122
2108
2108
2066
2101
2102
2104
2081
2078
2037
2095
2047
2084
2030
2101
2097
2133
2114
2168
2121
2179
2131
2165
2112
2179
2142
2184
2127
2161
2123
2171
2110
2123
2067
2047
2040
2059
2026
2026
2003
2021
2024
2010
2029
2008
2046
2032
2060
2024
2047
2012
2087
2051
2078
2031
2091
2038
2088
2012
2056
2007
2076
2015
2062
2008
2082
2065
2125
2075
2115
2088
2146
2101
2119
2098
2102
2095
2115
2093
2124
2111
2111
2128
2087
2054
2024
2033
2006
1992
1963
1989
1978
2006
1954
1966
1952
2003
1967
2013
1939
1960
1917
1961
1892
1909
1867
1908
1880
1914
1878
1911
1894
1922
1891
1906
1855
1882
1861
1879
1839
1861
1839
1841
1819
1798
1771
1760
1746
1727
1723
1711
1720
1719
1737
1735
1741
1748
1787
1791
1826
1819
1853
1855
1874
1848
1878
1839
1896
1885
1928
1889
1930
1904
1954
1896
1895
1843
1890
1872
1877
1839
1843
1809
1837
1806
1809
1785
1829
1798
1827
1821
1825
1835
1860
1834
1827
1815
1813
1834
1809
1782
1759
1779
1796
1782
1741
1769
1750
1803
1784
1796
1780
1814
1772
1802
1755
1770
1733
1780
1729
1754
1726
1771
1763
1830
1789
1847
1833
1907
1891
1913
1866
1889
1870
1893
1830
1850
1822
1848
1852
1839
1810
1821
1822
1818
1793
1735
1717
1677
1694
1650
1679
1644
1696
1659
1713
1661
1699
1656
1712
1660
1719
1650
1687
1650
1707
1655
1704
1654
1704
1698
1715
1669
1712
1715
1765
1726
1747
1746
1754
1779
1781
1762
1743
1768
1744
1785
1755
1781
1789
1844
1816
1839
1804
1861
1830
1883
1836
1900
1878
1946
1917
1961
1891
1948
1917
1950
1881
1921
1892
1931
1888
1910
1871
1934
1914
1942
1924
1930
1931
1965
1975
1976
1952
1972
1969
1950
1963
1923
1915
1895
1889
1871
1885
1865
1923
1892
1928
1904
1931
1921
1949
1925
1958
1903
1952
1922
1947
1885
1910
1876
1912
1871
1896
1863
1916
1905
1951
1944
1958
1961
2020
1994
2013
1962
1987
1979
1972
1945
1939
1935
1946
1914
1904
1899
1910
1935
1932
1942
1946
1965
1966
2001
1969
1960
1967
1993
1962
1959
1934
1983
1978
1994
1958
1974
1959
1987
1967
1983
1935
1974
1940
1979
1939
1975
1953
1995
1947
1939
1879
1905
1870
1900
1867
1891
1864
1903
1895
1934
1914
1959
1969
2003
2017
2043
2049
2085
2095
2097
2102
2076
2096
2074
2056
2015
2010
1997
1996
1945
1970
1910
1977
1951
1985
1945
2012
1974
2058
2020
2066
2017
2071
2042
2072
2019
2029
1980
2021
1962
1982
1914
1929
1932
1962
1931
1948
1948
1983
1937
1927
1905
1886
1910
1898
1899
1885
1891
1848
1906
1856
1900
1870
1919
1875
1881
1834
1877
1851
1909
1843
1895
1853
1923
1871
1912
1871
1931
1886
1957
1902
1957
1947
1992
1979
2016
1984
2028
2017
2058
2043
2022
2011
2007
2019
2013
1990
1973
1976
1963
1990
1971
1994
1977
2025
1992
2007
1938
1956
1907
1942
1886
1922
1880
1895
1841
1850
1773
1811
1781
1829
1775
1841
1814
1855
1837
1876
1859
1904
1898
1931
1925
1932
1914
1961
1943
1927
1895
1883
1895
1885
1885
1863
1862
1886
1897
1880
1899
1870
1906
1903
1908
1861
1867
1822
1852
1803
1821
1779
1824
1814
1842
1834
1864
1850
1907
1867
1890
1849
1890
1852
1883
1841
1872
1842
1882
1847
1868
1861
1888
1888
1927
1907
1923
1918
1974
1978
2002
2010
2036
2073
2095
2071
2066
2061
2024
2043
1999
1994
1962
1961
1934
1926
1843
1842
1805
1851
1811
1846
1815
1890
1885
1931
1876
1907
1868
1922
1852
1893
1845
1886
1874
1919
1869
1915
1881
1908
1893
1894
1833
1831
1795
1790
1733
1727
1739
1749
1764
1769
1764
1787
1798
1758
1789
1721
1743
1698
1725
1659
1678
1651
1730
1710
1753
1703
1781
1765
1837
1806
1855
1796
1876
1830
1870
1816
1886
1853
1889
1851
1877
1843
1894
1867
1879
1851
1836
1834
1843
1832
1843
1854
1871
1883
1880
1912
1871
1910
1900
1926
1888
1915
1868
1931
1870
1904
1850
1908
1894
1950
1888
1942
1888
1970
1945
2003
1965
2028
2013
2048
1997
2016
1961
2007
1957
1944
1899
1866
1866
1901
1888
1895
1900
1908
1976
1968
1985
1966
2015
2031
2036
2005
2037
2006
2045
2011
2024
2009
2059
2007
2029
1981
2023
1984
2053
2014
2042
2007
2011
1988
2019
1974
1981
1944
1978
1950
1953
1943
1953
1948
1981
1975
1987
1988
1981
2019
2033
2031
2022
2034
2050
2070
2051
2052
2031
2069
2062
2063
2040
2045
2019
2049
2012
2032
1993
2045
1994
1996
1936
1945
1906
1923
1849
1854
1810
1824
1807
1827
1798
1831
1817
1881
1823
1863
1832
1884
1877
1901
1892
1927
1935
1959
1960
1943
1935
1957
1961
1935
1914
1892
1897
1879
1884
1853
1874
1885
1912
1875
1918
1864
1916
1882
1927
1863
1903
1862
1916
1862
1892
1828
1880
1856
1893
1862
1897
1845
1892
1837
1853
1809
1851
1816
1829
1810
1834
1844
1893
1903
1930
1951
1929
1965
1953
1970
1948
1962
1954
1995
1947
1976
1921
1967
1943
1974
1911
1954
1894
1952
1894
1917
1847
1905
1854
1907
1865
1904
1897
1970
1921
1960
1904
1917
1922
1942
1912
1933
1927
1977
1946
1946
1953
1938
1955
1939
1918
1876
1901
1884
1935
1896
1908
1886
1923
1873
1855
1761
1781
1729
1763
1716
1757
1737
1801
1797
1840
1805
1845
1832
1888
1839
1873
1848
1869
1843
1854
1826
1837
1839
1861
1856
1849
1837
1849
1847
1843
1820
1829
1812
1823
1823
1802
1819
1827
1851
1842
1862
1830
1831
1814
1830
1790
1782
1774
1803
1794
1818
1783
1850
1872
1929
1919
1979
1960
2013
2010
2035
1986
2016
2008
2048
1993
1986
1925
1950
1908
1927
1869
1873
1867
1885
1845
1827
1791
1816
1803
1806
1794
1779
1785
1791
1776
1752
1733
1722
1752
1728
1734
1726
1765
1793
1831
1847
1921
1920
2011
1999
2025
1968
2007
1952
1988
1909
1928
1871
1927
1881
1905
1864
1917
1899
1956
1915
1960
1933
1997
1979
1985
1966
1968
1954
1953
1890
1877
1853
1835
1851
1833
1837
1820
1840
1843
1856
1802
1840
1808
1848
1804
1833
1803
1845
1829
1902
1842
1889
1865
1966
1908
1984
1931
1986
1968
2033
1993
2051
2034
2070
2052
2053
2015
2045
2031
2037
1981
1969
1966
1961
1969
1952
1937
1949
1973
1968
2010
1978
2015
2015
2048
2009
2014
1974
2052
2023
2064
2023
2071
2059
2122
2092
2113
2048
2080
2058
2063
2014
2052
2037
2085
2071
2123
2098
2154
2137
2158
2144
2135
2133
2160
2127
2123
2092
2123
2116
2109
2116
2116
2123
2109
2114
2103
2116
2082
2107
2089
2093
2063
2088
2090
2096
2047
2041
1997
2042
2002
2021
1986
2015
2001
2060
2022
2022
1971
2026
1999
2043
2008
2032
2041
2101
2062
2071
2042
2073
2093
2105
2085
2093
2106
2145
2112
2123
2107
2112
2124
2095
2081
2083
2096
2094
2133
2109
2114
2105
2129
2111
2114
2092
2129
2111
2154
2106
2138
2127
2184
2164
2198
2169
2226
2212
2253
2209
2250
2219
2248
2204
2224
2172
2215
2188
2230
2194
2211
2185
2222
2227
2231
2200
2206
2186
2188
2183
2159
2153
2162
2182
2173
2193
2149
2195
2181
2199
2163
2185
2157
2190
2145
2181
2108
2157
2113
2171
2108
2165
2102
2155
2105
2142
2088
2145
2111
2138
2155
2172
2174
2217
2236
2250
2226
2229
2275
2269
2291
2276
2281
2295
2316
2290
2311
2232
2281
2253
2286
2242
2263
2208
2274
2215
2268
2205
2269
2224
2276
2246
2281
2242
2309
2281
2322
2274
2322
2295
2310
2280
2281
2251
2290
2274
2291
2276
2271
2295
2309
2317
2314
2323
2328
2334
2294
2296
2252
2280
2268
2270
2236
2226
2181
2228
2191
2227
2190
2228
2213
2253
2203
2214
2176
2231
2196
2221
2168
2208
2209
2234
2207
2225
2219
2276
2239
2257
2235
2262
2283
2313
2264
2274
2265
2261
2263
2248
2220
2219
2231
2228
2211
2257
2277
2268
2308
2309
2356
2343
2359
2365
2365
2372
2394
2380
2364
2357
2358
2347
2328
2328
2305
2320
2327
2335
2304
2327
2292
2336
2296
2328
2277
2311
2290
2327
2282
2313
2263
2314
2284
2313
2262
2294
2247
2301
2269
2307
2259
2323
2295
2320
2317
2324
2295
2332
2295
2291
2256
2254
2280
2266
2242
2209
2229
2236
2230
2202
2234
2202
2261
2225
2252
2215
2271
2231
2309
2231
2262
2214
2277
2199
2230
2175
2214
2168
2218
2142
2164
2127
2201
2171
2196
2173
2199
2183
2260
2223
2250
2239
2240
2247
2242
2230
2218
2229
2231
2241
2193
2218
2204
2242
2215
2238
2225
2274
5835
2216
2238
2273
2274
2272
2254
2246
2246
2236
2224
2207
2202
2187
2177
2174
2187
2187
2171
2180
2190
2194
2204
2215
2222
2238
2242
2239
2231
2230
2231
2226
2216
2204
2201
2192
2201
2196
2193
2201
2208
2220
2231
2254
2274
2287
2298
2313
2316
2314
2307
2303
2303
2308
2309
2302
2301
2288
2288
2269
2258
2259
2260
2259
2270
2263
2275
2281
2279
2286
2285
2292
2296
2298
2298
2306
2296
2286
2290
2275
2267
2274
2268
2257
2251
2261
2274
2278
2279
2287
2279
2281
2281
2273
2266
2274
2268
2262
2268
2267
2253
2246
2223
2214
2198
2181
2160
2124
2114
2124
2128
2132
2127
2120
2110
2102
2107
2119
2129
2138
2159
2180
2184
2191
2178
2181
2182
2170
2165
2150
2156
2152
2144
2122
2090
2053
2028
2022
2012
1995
1986
1973
1964
1949
1965
1978
2005
2012
2016
2013
2030
2036
2042
2061
2064
2055
2052
2056
2051
2044
2057
2058
2066
2063
2065
2069
2082
2093
2081
2072
2069
2068
2072
2086
2078
2083
2087
2068
2037
1999
1973
1947
1937
1933
1929
1944
1967
2009
2048
2065
2091
2099
2099
2090
2090
2082
2063
2055
2046
2023
2004
2001
1993
1990
1982
1979
1974
1969
1978
1984
1986
1974
1974
1980
1988
1989
1991
1986
1973
1977
1992
1987
1978
1987
2008
2031
2045
2053
2053
2043
2041
2032
2029
2025
1998
1976
1970
1959
1942
1932
1926
1957
1982
2002
2020
2014
2031
2044
2065
2081
2099
2091
2086
2087
2085
2071
2064
2067
2044
2024
2013
2018
2020
2031
2034
2043
2038
2045
2033
2034
2035
2039
2033
2030
2016
2004
2011
2013
1998
1994
1992
1995
1999
2013
2010
2009
2004
1990
1977
1960
1943
1926
1920
1928
1928
1932
1946
1951
1959
1956
1960
1958
1937
1935
1928
1925
1908
1925
1943
1950
1935
1928
1904
1888
1860
1834
1819
1784
1774
1761
1755
1753
1757
1770
1781
1778
1800
1823
1843
1849
1870
1877
1882
1885
1892
1897
1909
1911
1917
1916
1904
1898
1907
1894
1888
1893
1889
1867
1871
1873
1866
1877
1896
1928
1952
1955
1967
1971
1987
2011
2023
2026
2020
2019
2020
2018
2024
2026
2030
2034
2032
2034
2033
2026
2022
2003
1977
1958
1928
1913
1918
1944
1951
1963
1971
1973
1986
2009
2020
2032
2045
2058
2072
2059
2034
2010
1991
1973
1957
1954
1962
1971
1976
2004
2020
2044
2072
2093
2117
2108
2095
2061
2031
1997
1967
1953
1952
1952
1975
1993
2008
2041
2058
2080
2088
2103
2109
2113
2105
2091
2064
2037
2018
2004
1984
1979
1981
1984
1988
2008
2023
2032
2044
2066
2076
2080
2081
2102
2100
2106
2128
2141
2138
2134
2116
2091
2062
2058
2042
2034
2026
2018
2019
2009
2003
2000
1998
1992
1984
1997
2017
2014
2022
2042
2062
2089
2120
2142
2166
2188
2210
2210
2215
2204
2183
2157
2135
2114
2093
2063
2060
2059
2087
2099
2088
2089
2110
2127
2143
2164
2176
2178
2176
2177
2195
2208
2204
2200
2190
2193
2203
2204
2199
2195
2187
2181
2164
2150
2140
2149
2146
2155
2172
2192
2200
2202
2224
2237
2244
2261
2266
2267
2262
2257
2259
2268
2283
2293
2277
2251
2224
2213
2195
2183
2169
2163
2153
2159
2158
2174
2179
2200
2203
2218
2221
2236
2251
2262
2260
2287
2283
2281
2282
2287
2296
2290
2301
2307
2327
2342
2336
2332
2336
2335
2332
2332
2319
2319
2305
2300
2304
2320
2326
2322
2332
2335
2356
2360
2370
2381
2374
2374
2378
2375
2373
2382
2392
2393
2390
2399
2404
2402
2399
2407
2420
2420
2402
2392
2381
2379
2374
2378
2379
2372
2369
2382
2366
2363
2353
2347
2361
2381
2384
2386
2384
2365
2348
2340
2340
2317
2314
2309
2296
2284
2289
2295
2288
2280
2278
2269
2269
2260
2263
2265
2267
2268
2272
2274
2270
2256
2249
2255
2266
2262
2259
2279
2290
2286
2284
2286
2285
2282
2281
2290
2286
2294
2292
2298
2293
2297
2308
2319
2320
2316
2325
2326
2308
2318
2310
2291
2269
2230
2200
2171
2147
2129
2112
2114
2103
2111
2100
2104
2102
2108
2117
2131
2140
2136
2136
2160
2182
2186
2182
2188
2183
2190
2186
2187
2175
2163
2155
2167
2163
2166
2165
2158
2164
2174
2182
2203
2206
2208
2226
2246
2257
2265
2283
2291
2297
2302
2314
2325
2334
2331
2334
2336
2336
2339
2328
2304
2311
2303
2297
2276
2266
2263
2251
2231
2234
2237
2241
2251
2254
2242
2243
2243
2248
2250
2271
2280
2294
2298
2294
2300
2308
2300
2299
2294
2286
2281
2293
2295
2292
2292
2295
2300
2286
2285
2284
2283
2268
2260
2247
2236
2244
2246
2249
2239
2235
2244
2230
2234
2232
2243
2250
2260
2260
2260
2263
2252
2252
2266
2264
2280
2278
2283
2297
2300
2289
2273
2262
2246
2218
2207
2198
2205
2201
2193
2184
2163
2171
2173
2179
2183
2195
2211
2207
2221
2239
2250
2260
2271
2275
2264
2250
2227
2216
2197
2178
2169
2160
2170
2182
2180
2194
2193
2198
2204
2217
2210
2212
2218
2226
2226
2225
2230
2236
2241
2247
2252
2253
2237
2218
2220
2229
2240
2223
2229
2219
2221
2223
2235
2233
2239
2247
2231
2217
2208
2206
2216
2214
2223
2223
2219
2205
2194
2177
2176
2173
2158
2148
2139
2133
2130
2121
2127
2120
2124
2116
2117
2120
2114
2110
2111
2094
2084
2082
2081
2071
2077
2088
2090
2103
2106
2109
2102
2083
2071
2071
2059
2049
2034
2011
2022
2023
2016
2033
2054
2076
2081
2084
2092
2093
2075
2094
2068
2050
2032
2018
2036
2042
2047
2063
2058
2089
2113
2125
2124
2130
2128
2126
2124
2121
2118
2105
2099
2094
2082
2063
2039
2038
2036
2039
2039
2023
2021
2025
2022
2024
2020
2017
2006
2016
2003
1992
1989
1995
2002
2001
2012
2019
2015
2006
2009
2009
2025
2034
2036
2036
2042
2051
2041
2025
2037
2042
2046
2061
2061
2058
2055
2037
2036
2045
2045
2029
2036
2044
2050
2072
2093
2115
2139
2165
2182
2193
2197
2198
2188
2173
2147
2113
2083
2055
2032
2002
1996
1999
2001
2003
2007
2022
2041
2057
2068
2083
2091
2090
2073
2066
2062
2068
2073
2086
2086
2093
2103
2123
2120
2123
2107
2090
2094
2095
2102
2100
2090
2099
2104
2106
2083
2068
2051
2028
2001
1980
1958
1946
1942
1958
1979
2003
1996
1988
1979
1992
2007
2022
2022
2026
2024
2024
2017
2000
1989
1979
1985
1985
1979
1988
2008
2029
2043
2059
2076
2066
2066
2075
2073
2077
2075
2081
2082
2086
2086
2074
2064
2059
2065
2053
2054
2051
2070
2080
2093
2081
2072
2058
2052
2037
2015
1999
1976
1950
1932
1931
1937
1940
1952
1959
1962
1954
1938
1942
1949
1944
1941
1936
1917
1929
1931
1944
1943
1951
1944
1950
1944
1947
1949
1961
1981
2014
2032
2048
2046
2050
2052
2053
2038
2031
2034
2016
1991
1979
1983
1976
1988
2006
2018
2023
2027
2029
2048
2059
2063
2035
2019
1991
1962
1945
1922
1903
1890
1893
1903
1911
1912
1922
1935
1948
1971
1978
1986
1990
1992
1989
1995
1989
2004
2033
2057
2070
2092
2117
2124
2131
2126
2137
2128
2119
2111
2130
2131
2144
2142
2158
2149
2140
2123
2128
2112
2113
2114
2117
2108
2127
2136
2147
2146
2134
2120
2116
2121
2123
2123
2122
2127
2129
2132
2141
2145
2148
2170
2177
2189
2195
2212
2210
2220
2219
2228
2219
2233
2230
2224
2226
2235
2230
2222
2224
2208
2218
2231
2236
2249
2260
2261
2269
2267
2277
2278
2275
2263
2245
2226
2215
2217
2213
2215
2221
2244
2253
2262
2262
2268
2271
2262
2266
2271
2275
2272
2265
2261
2261
2270
2265
2258
2262
2258
2245
2239
2252
2254
2258
2272
2270
2258
2247
2223
2212
2194
2194
2187
2186
2198
2208
2213
2212
2201
2205
2200
2211
2214
2222
2219
2217
2203
2203
2196
2184
2159
2167
2159
2163
2122
2114
2096
2076
2062
2047
2048
2045
2038
2030
2019
2025
2019
2016
2008
1996
2063
2048
2048
2053
2047
2040
2024
2022
2026
2032
2025
2033
2016
1997
1982
1977
1961
1952
1941
1935
1944
1955
1971
1985
2002
2009
2023
2035
2031
2037
2024
2024
2029
2034
2036
2038
2035
2055
2079
2098
2111
2104
2118
2123
2107
2077
2063
2055
2032
2011
2002
1999
2013
2017
2018
2023
2016
2014
2018
2010
2007
2018
2037
2043
2052
2059
2080
2104
2126
2138
2161
2151
2144
2140
2148
2156
2171
2182
2177
2177
2169
2183
2194
2186
2156
2138
2091
2059
2038
2021
1990
1968
1951
1958
1972
1983
1979
1974
1978
1988
1982
1990
2007
2022
2024
2038
2040
2064
2066
2091
2111
2117
2137
2149
2147
2147
2129
2123
2117
2113
2109
2095
2109
2106
2117
2115
2095
2086
2077
2070
2056
2053
2062
2063
2074
2076
2079
2090
2096
2105
2107
2108
2115
2122
2122
2137
2132
2124
2127
2141
2164
2181
2187
2192
2194
2199
2187
2180
2182
2182
2168
2151
2134
2122
2118
2124
2132
2109
2109
2117
2118
2116
2121
2121
2113
2114
2112
2091
2079
2063
2063
2059
2063
2061
2042
2032
2019
2019
2011
1999
1958
1938
1918
1901
1881
1879
1878
1887
1901
1914
1923
1936
1942
1950
1956
1948
1931
1927
1914
1914
1915
1905
1890
1886
1899
1917
1918
1921
1927
1940
1950
1962
1989
1998
1990
1988
2005
2002
1998
2021
2046
2044
2039
2036
2043
2069
2069
2069
2079
2079
2087
2084
2079
2082
2086
2087
2077
2063
2050
2043
2039
2034
2046
2037
2050
2060
2072
2078
2077
2090
2107
2119
2119
2110
2098
2115
2125
2140
2159
2167
2161
2175
2178
2165
2174
2180
2187
2186
2179
2176
2167
2172
2167
2153
2132
2134
2138
2148
2166
2159
2163
2177
2164
2163
2170
2173
2166
2157
2132
2134
2128
2121
2116
2109
2107
2102
2099
2092
2079
2069
2074
2081
2075
2091
2086
2080
2097
2099
2114
2109
2120
2116
2117
2116
2123
2128
2123
2119
2124
2133
2144
2140
2143
2142
2134
2127
2105
2095
2095
2103
2100
2096
2111
2132
2139
2128
2132
2147
2153
2166
2180
2192
2198
2192
2195
2201
2202
2206
2193
2194
2204
2193
2192
2193
2212
2198
2184
2184
2172
2163
2167
2162
2152
2146
2147
2129
2113
2109
2109
2114
2113
2113
2119
2138
2130
2138
2154
2167
2173
2179
2176
2181
2160
2136
2122
2119
2116
2119
2114
2124
2136
2135
2132
2135
2136
2134
2129
2117
2094
2072
2044
2034
2030
2022
2007
2008
2017
2002
2003
2016
2027
2020
2019
2024
2031
2039
2057
2062
2062
2070
2089
2101
2127
2133
2138
2135
2148
2172
2206
2212
2207
2198
2198
2196
2198
2180
2166
2147
2144
2130
2125
2126
2142
2163
2179
2181
2165
2161
2156
2141
2128
2118
2106
2113
2111
2114
2108
2103
2104
2106
2097
2113
2131
2146
2142
2145
2158
2161
2172
2174
2171
2163
2163
2171
2169
2179
2177
2170
2163
2176
2188
2184
2191
2203
2194
2200
2202
2211
2206
2198
2189
2187
2190
2193
2186
2192
2209
2210
2220
2212
2200
2189
2171
2172
2176
2183
2172
2162
2159
2167
2177
2187
2206
2210
2218
2216
2208
2193
2182
2168
2168
2152
2152
2152
2147
2150
2154
2164
2179
2198
2207
2211
2216
2215
2216
2213
2204
2206
2195
2183
2170
2167
2156
2162
2173
2166
2150
2135
2121
2103
2092
2093
2108
2112
2113
2112
2108
2105
2103
2101
2107
2093
2081
2082
2062
2056
2052
2063
2064
2078
2077
2092
2096
2091
2081
2068
2076
2067
2067
2063
2075
2064
2057
2062
2050
2060
2059
2055
2051
2043
2035
2026
2013
2002
1993
1969
1961
1961
1958
1971
1994
2012
2005
2007
2027
2041
2053
2067
2073
2084
2088
2091
2088
2072
2075
2055
2043
2014
1976
1938
1888
1875
1856
1832
1810
1806
1819
1824
1816
1833
1838
1855
1859
1888
1911
1938
1944
1951
1952
1952
1946
1935
1917
1915
1924
1928
1904
1901
1905
1913
1935
1948
1956
1962
1959
1963
1975
1974
1971
1980
1987
1984
1989
2002
2005
2002
2012
1998
1999
1992
2006
2017
2031
2037
2044
2051
2066
2061
2066
2056
2070
2082
2101
2098
2104
2105
2109
2116
2109
2106
2100
2078
2066
2065
2069
2063
2060
2060
2056
2044
2021
2022
2033
2050
2048
2055
2056
2062
2099
2119
2123
2135
2139
2147
2131
2130
2123
2132
2129
2112
2114
2120
2134
2145
2122
2107
2104
2105
2104
2113
2104
2095
2089
2067
2067
2056
2041
2029
2031
2036
2052
2068
2081
2087
2080
2075
2072
2070
2071
2071
2081
2083
2091
2092
2086
2084
2088
2105
2102
2091
2093
2093
2098
2106
2099
2104
2105
2079
2066
2055
2059
2051
2058
2045
2040
2036
2050
2050
2062
2058
2055
2058
2058
2057
2064
2070
2078
2084
2087
2083
2085
2076
2092
2109
2120
2133
2147
2143
2135
2121
2117
2114
2113
2128
2142
2155
2159
2163
2172
2181
2186
2194
2201
2196
2199
2198
2210
2217
2212
2205
2210
2195
2184
2159
2153
2154
2143
2139
2138
2139
2130
2107
2104
2108
2096
2093
2084
2094
2087
2085
2087
2087
2101
2107
2098
2108
2120
2134
2133
2146
2170
2194
2208
2195
2192
2194
2198
2182
2199
2199
2190
2172
2156
2142
2145
2123
2121
2107
2125
2133
2156
2169
2196
2208
2216
2217
2222
2214
2205
2185
2169
2166
2171
2160
2154
2141
2132
2124
2136
2129
2129
2133
2135
2131
2123
2122
2107
2111
2133
2153
2182
2197
2190
2204
2208
2214
2217
2206
2214
2189
2174
2144
2134
2120
2092
2078
2054
2055
2054
2075
2082
2088
2086
2091
2103
2105
2107
2101
2102
2105
2110
2121
2132
2141
2142
2125
2121
2112
2119
2132
2145
2139
2135
2122
2116
2106
2095
2095
2086
2074
2075
2087
2090
2087
2080
2093
2104
2117
2106
2106
2102
2105
2116
2125
2130
2138
2134
2127
2131
2126
2140
2145
2145
2152
2148
2142
2144
2143
2141
2126
2114
2090
2083
2077
2073
2048
2043
2043
2037
2042
2057
2079
2094
2103
2105
2115
2100
2109
2095
2082
2079
2082
2068
2065
2066
2056
2041
2049
2038
2026
2015
2015
1990
1982
1988
1992
1995
2004
2016
2003
1978
1968
1949
1928
1916
1924
1933
1936
1945
1951
1933
1912
1911
1899
1882
1900
1915
1917
1918
1912
1909
1897
1895
1882
1860
1856
1852
1850
1872
1879
1886
1882
1879
1890
1896
1881
1871
1859
1852
1840
1839
1847
1842
1839
1836
1817
1811
1799
1767
1745
1725
1725
1711
1705
1709
1725
1746
1777
1806
1845
1852
1864
1863
1857
1837
1821
1793
1771
1763
1781
1790
1824
1854
1879
1899
1905
1907
1921
1931
1921
1919
1909
1904
1887
1882
1886
1877
1882
1877
1875
1888
1912
1913
1932
1955
1960
1978
1981
1971
1968
1978
1969
1961
1952
1928
1914
1897
1887
1882
1884
1897
1889
1884
1875
1878
1886
1901
1913
1901
1906
1913
1935
1945
1950
1951
1951
1957
1960
1958
1952
1946
1957
1966
1974
1975
1994
2000
2012
2011
1991
1977
1961
1953
1945
1929
1915
1894
1881
1868
1848
1837
1829
1830
1824
1831
1845
1857
1866
1871
1882
1861
1831
1788
1777
1751
1744
1742
1742
1753
1766
1775
1796
1810
1812
1816
1815
1808
1826
1840
1848
1871
1880
1891
1902
1921
1933
1955
1975
1995
1995
2005
2020
2019
2018
2018
2010
2006
1996
1984
1977
1972
1965
1962
1963
1982
1991
1982
1992
1984
1979
1963
1944
1937
1929
1931
1953
1975
1989
1998
2008
2026
2025
2013
1994
1971
1957
1946
1922
1898
1884
1870
1875
1896
1911
1917
1916
1922
1943
1941
1943
1945
1953
1948
1951
1944
1947
1938
1946
1934
1939
1932
1924
1912
1893
1875
1870
1866
1863
1853
1869
1880
1891
1892
1891
1884
1883
1887
1894
1905
1902
1914
1905
1898
1886
1875
1844
1833
1829
1832
1831
1838
1862
1890
1917
1944
1954
1962
1960
1979
1974
1973
1972
1962
1942
1926
1898
1861
1836
1811
1805
1797
1811
1825
1826
1804
1805
1805
1802
1788
1783
1769
1742
1717
1708
1703
1705
1712
1729
1735
1741
1768
1780
1787
1792
1783
1782
1778
1780
1781
1779
1770
1779
1793
1815
1831
1837
1861
1866
1876
1877
1877
1883
1873
1886
1914
1934
1932
1930
1916
1921
1934
1938
1940
1961
1948
1947
1936
1937
1944
1949
1951
1958
1960
1974
1976
1967
1976
1967
1953
1958
1961
1977
1991
2000
2007
2005
2010
2008
1989
1991
1993
1983
1981
1987
1992
1979
1963
1955
1936
1928
1935
1927
1929
1929
1947
1975
2007
2023
2042
2052
2083
2093
2092
2093
2095
2101
2102
2106
2110
2112
2093
2081
2073
2052
2042
2042
2042
2034
2020
2021
2003
1983
1960
1925
1865
1830
1784
1756
1759
1781
1807
1865
1909
1904
1899
1907
1923
1940
1953
1949
1949
1946
1952
1947
1957
1965
1967
1957
1955
1947
1944
1945
1957
1967
1996
2015
2050
2062
2072
2089
2102
2093
2081
2073
2063
2045
2017
2002
1999
2004
2012
2012
2029
2070
2089
2113
2126
2136
2138
2145
2152
2156
2160
2166
2173
2164
2163
2166
2149
2143
2146
2151
2158
2173
2183
2198
2197
2188
2157
2146
2136
2127
2116
2107
2104
2093
2087
2091
2103
2120
2119
2117
2118
2109
2121
2127
2111
2105
2106
2104
2104
2104
2105
2113
2114
2122
2134
2135
2138
2131
2147
2161
2165
2171
2180
2171
2193
2197
2194
2186
2193
2201
2185
2177
2183
2178
2174
2162
2168
2172
2176
2186
2197
2204
2201
2210
2217
2229
2235
2242
2239
2245
2234
2227
2231
2233
2236
2238
2225
2224
2212
2217
2222
2234
2249
2248
2228
2202
2182
2182
2165
2147
2148
2139
2132
2115
2104
2093
2090
2086
2067
2063
2033
2030
2025
2032
2029
2036
2014
2002
1985
1991
1982
1985
1991
1998
1995
2001
2013
2029
2042
2056
2054
2051
2055
2064
2059
2039
2035
2014
2000
1994
1993
1988
1984
1974
1978
1975
1982
1982
2002
1989
2012
1995
1984
1970
1951
1950
1956
1954
1974
1984
2011
2023
2048
2057
2056
2059
2039
2023
1998
1976
1961
1941
1917
1893
1877
1878
1894
1921
1926
1926
1935
1944
1956
1961
1964
1981
1987
2001
2007
2016
2014
2017
2022
2039
2056
2067
2071
2074
2058
2055
2042
2035
2006
1982
1970
1950
1938
1953
1947
1931
1922
1928
1934
1936
1949
1961
1966
1963
1972
1977
1978
1958
1959
1951
1930
1902
1884
1857
1850
1845
1851
1851
1850
1859
1871
1871
1868
1871
1871
1870
1891
1920
1934
1925
1916
1911
1907
1911
1912
1909
1899
1889
1899
1893
1902
1917
1926
1925
1925
1913
1911
1903
1874
1855
1839
1826
1806
1798
1799
1781
1776
1770
1775
1781
1806
1828
1850
1853
1857
1851
1845
1843
1866
1885
1871
1883
1891
1900
1903
1910
1928
1944
1944
1960
1977
1993
2002
2025
2037
2039
2031
2025
2024
2034
2029
2019
2010
2008
2011
2026
2043
2031
2032
2037
2037
2043
2040
2045
2041
2051
2064
2065
2079
2099
2097
2088
2106
2105
2093
2089
2084
2081
2077
2066
2056
2039
2022
2009
2022
2035
2043
2055
2054
2044
2050
2051
2073
2076
2096
2098
2123
2121
2118
2123
2123
2101
2087
2091
2086
2074
2057
2049
2051
2042
2036
2047
2051
2049
2046
2050
2044
2042
2035
2029
2015
2029
2020
2020
2022
2038
2040
2044
2051
2060
2067
2080
2086
2086
2098
2111
2127
2127
2120
2107
2092
2063
2029
1982
1955
1940
1912
1887
1868
1862
1864
1859
1854
1849
1861
1867
1889
1909
1945
1973
2016
2045
2078
2092
2103
2102
2107
2103
2096
2080
2096
2095
2078
2069
2071
2064
2064
2076
2085
2079
2078
2083
2081
2078
2089
2079
2059
2034
2018
2014
2007
2013
2007
2015
2006
2004
1988
1956
1933
1906
1888
1867
1861
1858
1852
1862
1871
1879
1903
1928
1963
1987
1999
2007
2007
2005
2022
2029
2015
2005
1995
1995
1982
1971
1963
1970
1959
1948
1946
1950
1961
1966
1972
1974
1970
1977
1987
1999
2001
2003
2004
2001
1987
1985
1983
1994
1988
1996
1997
1982
1978
1976
1975
1965
1959
1962
1989
2002
2002
1993
1998
2005
2005
1985
1996
2001
2012
2020
2038
2050
2058
2059
2084
2100
2101
2102
2111
2113
2108
2097
2093
2090
2076
2068
2066
2064
2068
2091
2100
2109
2111
2121
2133
2137
2145
2166
2180
2184
2206
2218
2233
2252
2264
2259
2245
2241
2234
2220
2200
2198
2177
2151
2132
2137
2126
2117
2084
2068
2042
2021
2011
2002
1990
1979
1968
1954
1948
1964
1990
2011
2015
2015
2016
2009
2008
2016
2025
2030
2038
2030
2038
2038
2037
2048
2070
2092
2106
2113
2114
2128
2145
2139
2123
2118
2117
2093
2085
2077
2083
2072
2063
2059
2045
2038
2037
2052
2065
2070
2067
2071
2071
2088
2104
2109
2120
2123
2140
2149
2144
2160
2156
2148
2150
2163
2163
2160
2167
2155
2148
2126
2112
2106
2097
2089
2078
2075
2061
2063
2083
2094
2110
2122
2117
2126
2142
2149
2154
2170
2168
2158
2139
2117
2097
2104
2101
2098
2096
2085
2078
2090
2088
2098
2114
2131
2144
2164
2166
2170
2177
2187
2187
2206
2207
2209
2207
2214
2208
2206
2183
2169
2153
2157
2163
2150
2159
2160
2164
2161
2190
2201
2225
2232
2255
2257
2276
2276
2288
2303
2310
2300
2311
2309
2311
2315
2316
2305
2306
2300
2290
2266
2236
2220
2222
2220
2231
2228
2220
2229
2229
2204
2199
2200
2196
2197
2189
2198
2211
2217
2218
2224
2223
2236
2236
2253
2258
2260
2250
2246
2231
2223
2213
2208
2212
2228
2239
2249
2242
2246
2241
2240
2222
2222
2212
2198
2197
2195
2207
2209
2211
2221
2230
2234
2247
2246
2255
2262
2290
2305
2291
2280
2287
2280
2293
2291
2279
2262
2241
2230
2210
2198
2187
2184
2191
2185
2203
2213
2217
2212
2218
2210
2206
2208
2215
2221
2211
2215
2234
2243
2237
2249
2252
2256
2266
2261
2262
2268
2267
2276
2275
2281
2285
2275
2281
2291
2289
2287
2288
2292
2284
2273
2266
2260
2266
2260
2261
2267
2266
2261
2263
2267
2273
2266
2251
2242
2243
2248
2245
2242
2236
2222
2196
2195
2182
2166
2148
2150
2152
2178
2185
2188
2202
2213
2220
2239
2256
2262
2250
2241
2230
2221
2212
2207
2206
2184
2188
2178
2181
2185
2184
2190
2214
2233
2251
2252
2251
2259
2272
2280
2278
2268
2275
2281
2288
2295
2288
2287
2273
2251
2241
2234
2235
2227
2227
2210
2214
2211
2219
2208
2205
2207
2223
2241
2258
2260
2272
2288
2278
2263
2252
2244
2240
2234
2213
2193
2170
2168
2152
2146
2131
2136
2124
2128
2119
2137
2161
2183
2199
2201
2216
2214
2225
2231
2228
2243
2240
2238
2226
2228
2230
2223
2213
2227
2232
2214
2213
2204
2197
2205
2206
2198
2191
2166
2150
2136
2116
2103
2107
2097
2083
2091
2083
2072
2064
2057
2060
2062
2069
2061
2065
2079
2078
2076
2060
2052
2051
2044
2025
2017
2016
2016
2032
2038
2044
2058
2083
2099
2118
2130
2139
2128
2123
2096
2043
2025
2005
1987
1971
1966
1974
1980
1994
1996
1995
2002
1999
1990
1974
1971
1962
1964
1967
1970
1977
1988
1996
1995
1999
1994
1975
1955
1956
1951
1939
1944
1949
1942
1937
1939
1939
1946
1963
1971
1960
1951
1950
1959
1956
1943
1932
1919
1906
1903
1889
1887
1875
1887
1919
1920
1916
1917
1915
1913
1924
1939
1967
1976
2009
2027
2018
2006
2007
2009
2012
2001
1975
1938
1922
1928
1932
1941
1955
1968
1965
1983
1988
1990
2009
2005
2017
2011
1996
1985
1986
1991
1980
1963
1969
1960
1939
1920
1905
1888
1871
1871
1862
1860
1862
1866
1884
1906
1929
1960
1979
2004
2033
2052
2060
2065
2068
2072
2064
2053
2054
2058
2053
2054
2034
2039
2043
2047
2058
2054
2039
2023
2012
2004
1998
2004
1999
1994
1997
1995
1998
1997
2008
2005
2004
2007
2002
2007
2019
2028
2055
2057
2039
2024
2008
1965
1926
1888
1864
1821
1773
1748
1739
1712
1708
1712
1742
1764
1787
1817
1858
1886
1909
1912
1920
1913
1899
1885
1869
1871
1857
1881
1877
1869
1852
1851
1854
1860
1867
1873
1870
1861
1842
1853
1843
1856
1863
1882
1884
1888
1882
1898
1911
1932
1954
1981
1994
2016
2044
2075
2079
2085
2100
2111
2100
2089
2097
2090
2087
2086
2089
2092
2097
2096
2100
2091
2071
2064
2068
2094
2086
2080
2059
2043
2023
2006
1994
1997
1971
1960
1973
1976
1975
1987
1994
2010
2021
2024
2023
2006
1995
1990
1981
1977
1966
1954
1934
1915
1899
1889
1881
1865
1874
1870
1862
1851
1840
1833
1852
1851
1854
1865
1876
1871
1876
1882
1890
1888
1873
1880
1868
1854
1846
1851
1852
1849
1837
1829
1820
1814
1807
1821
1835
1861
1899
1913
1909
1926
1939
1947
1963
1986
1988
2001
2010
2018
2005
2010
2009
2000
1991
1969
1925
1875
1821
1760
1696
1631
1601
1581
1563
1572
1594
1638
1695
1735
1787
1839
1901
1934
1966
1976
1997
2013
2049
2063
2075
2094
2095
2108
2114
2112
2118
2133
2155
2160
2158
2155
2154
2164
2170
2168
2170
2165
2152
2151
2146
2144
2146
2148
2148
2153
2155
2150
2137
2129
2129
2124
2126
2137
2130
2146
2177
2199
2210
2236
2227
2214
2195
2186
2179
2177
2162
2157
2158
2147
2151
2158
2182
2194
2211
2222
2234
2224
2198
2166
2139
2128
2043
2034
2041
2051
2052
2052
2042
2036
2049
2070
2062
2063
2061
2059
2067
2081
2090
2073
2083
2104
2118
2119
2125
2119
2092
2095
2098
2094
2095
2086
2092
2081
2077
2070
2066
2062
2067
2060
2058
2055
2066
2062
2060
2058
2066
2067
2056
2059
2063
2058
2062
2074
2074
2082
2086
2096
2089
2087
2076
2079
2069
2068
2070
2061
2049
2061
2068
2063
2047
2051
2038
2033
2041
2051
2065
2072
2084
2091
2106
2114
2120
2136
2144
2147
2142
2138
2132
2131
2125
2128
2126
2112
2092
2086
2102
2101
2115
2120
2134
2125
2138
2166
2170
2168
2171
2170
2161
2158
2132
2131
2136
2146
2141
2131
2130
2120
2099
2080
2061
2049
2029
2015
1990
1988
1975
1979
1966
1972
1961
1970
1963
1969
1964
1977
1974
1990
2002
2012
2011
2017
2018
2014
2016
2025
2023
2020
2009
2011
2022
2025
2035
2061
2084
2092
2125
2115
2116
2121
2113
2095
2105
2103
2083
2070
2073
2055
2029
2010
1996
1977
1960
1937
1929
1937
1946
1946
1958
1962
1975
1981
1978
1971
1975
1968
1961
1946
1929
1935
1924
1907
1892
1875
1880
1872
1865
1867
1856
1851
1833
1824
1822
1811
1796
1799
1792
1778
1763
1740
1717
1705
1685
1676
1661
1661
1666
1683
1686
1711
1715
1725
1723
1735
1751
1755
1773
1779
1804
1815
1830
1845
1867
1887
1879
1880
1907
1922
1922
1935
1913
1913
1904
1881
1878
1873
1862
1848
1847
1855
1851
1853
1846
1837
1825
1810
1800
1802
1796
1813
1822
1811
1809
1797
1775
1771
1764
1766
1771
1767
1772
1763
1752
1753
1760
1772
1791
1798
1811
1822
1835
1848
1863
1849
1827
1820
1803
1805
1824
1827
1833
1836
1866
1879
1885
1900
1915
1923
1920
1920
1903
1893
1873
1880
1873
1890
1904
1912
1872
1855
1819
1797
1753
1714
1688
1664
1643
1645
1635
1642
1657
1676
1697
1715
1731
1719
1722
1713
1701
1705
1680
1675
1677
1665
1670
1662
1672
1674
1687
1691
1704
1711
1731
1740
1762
1757
1779
1785
1802
1805
1796
1800
1812
1804
1810
1809
1831
1835
1851
1841
1837
1853
1870
1886
1914
1941
1959
1985
2001
2015
2003
1976
1977
1966
1940
1935
1941
1933
1926
1936
1944
1948
1948
1958
1962
1967
1969
1978
1993
2003
2012
2029
2029
2025
2001
1965
1935
1917
1902
1890
1877
1871
1877
1887
1909
1907
1935
1957
1973
1972
1967
1966
1952
1965
1963
1955
1950
1934
1917
1918
1921
1929
1947
1949
1961
1963
1998
2000
1999
2007
2005
1987
1969
1969
1954
1944
1939
1938
1929
1923
1933
1949
1957
1956
1958
1955
1979
1987
2000
2015
2017
2014
2013
2018
2022
2023
2013
2020
2018
2013
2026
2035
2026
2020
2016
1984
1971
1977
1979
1994
2010
1991
1987
1975
1951
1927
1905
1885
1877
1872
1869
1873
1879
1898
1936
1959
1966
1982
2004
2016
2036
2054
2050
2062
2055
2044
2046
2036
2017
2009
1988
1975
1957
1945
1938
1928
1923
1929
1938
1950
1954
1969
1982
1990
1991
2016
2045
2047
2045
2048
2033
2023
2007
1997
2002
1993
1960
1925
1902
1899
1899
1909
1917
1913
1910
1898
1906
1889
1883
1878
1873
1881
1890
1905
1914
1906
1895
1880
1872
1854
1853
1861
1854
1869
1873
1880
1872
1881
1891
1888
1905
1903
1921
1930
1932
1935
1950
1965
1969
1979
1983
1997
2016
2034
2034
2048
2039
2025
2023
2024
2015
2012
2001
1989
1981
1977
1975
1975
1993
1992
1985
1980
1966
1944
1928
1935
1907
1888
1860
1847
1830
1809
1802
1781
1767
1767
1758
1772
1789
1806
1825
1843
1881
1885
1887
1898
1918
1927
1938
1932
1911
1895
1883
1868
1851
1829
1829
1841
1856
1869
1871
1884
1902
1891
1880
1877
1891
1893
1887
1860
1854
1851
1835
1845
1844
1841
1851
1849
1866
1874
1882
1897
1902
1898
1896
1891
1891
1877
1858
1851
1852
1864
1881
1898
1913
1911
1915
1934
1954
1967
1979
2003
2027
2050
2070
2082
2106
2114
2110
2111
2091
2070
2053
2029
1987
1973
1941
1926
1881
1840
1816
1818
1828
1837
1850
1867
1887
1903
1914
1907
1898
1890
1889
1891
1884
1876
1870
1873
1891
1888
1903
1902
1881
1866
1840
1823
1783
1750
1743
1736
1743
1730
1752
1777
1807
1804
1804
1786
1778
1766
1761
1749
1751
1743
1745
1755
1763
1770
1785
1797
1812
1812
1825
1839
1844
1838
1834
1849
1865
1875
1878
1872
1885
1894
1903
1906
1899
1903
1878
1875
1855
1859
1849
1859
1862
1868
1863
1880
1886
1894
1911
1925
1938
1939
1923
1898
1871
1859
1852
1864
1873
1883
1888
1902
1902
1917
1929
1935
1971
1980
2013
2009
2018
2016
2007
1994
1984
1960
1938
1917
1901
1872
1849
1841
1873
1888
1899
1904
1927
1937
1961
1977
1983
1996
1993
2005
1996
1999
2011
2014
2026
2047
2055
2050
2039
2043
2042
2044
2027
2022
1995
1976
1973
1966
1964
1958
1954
1939
1926
1924
1920
1927
1914
1912
1909
1919
1924
1931
1938
1937
1943
1966
1999
2017
2022
2037
2049
2034
2032
2028
2024
2011
2009
2016
2027
2038
2050
2063
2059
2035
2016
1989
1953
1907
1886
1853
1798
1773
1757
1767
1771
1763
1782
1785
1797
1835
1856
1872
1892
1901
1918
1935
1960
1957
1954
1951
1955
1958
1969
1958
1949
1940
1930
1905
1895
1882
1865
1856
1839
1835
1829
1828
1853
1876
1892
1896
1895
1894
1904
1912
1925
1939
1937
1927
1931
1925
1919
1902
1892
1883
1862
1853
1824
1817
1811
1802
1793
1816
1837
1862
1880
1898
1898
1924
1924
1944
1944
1939
1951
1965
1956
1951
1951
1975
1971
1962
1954
1948
1950
1949
1941
1936
1931
1937
1921
1912
1896
1892
1916
1922
1940
1951
1954
1949
1943
1941
1950
1955
1951
1950
1957
1962
1974
1981
1993
1996
2005
2003
1994
1985
1973
1957
1946
1931
1910
1879
1851
1826
1793
1771
1757
1741
1743
1753
1748
1762
1774
1802
1848
1897
1920
1939
1934
1931
1915
1923
1910
1875
1856
1842
1846
1864
1871
1875
1863
1850
1851
1844
1819
1797
1773
1765
1775
1782
1781
1788
1819
1847
1875
1884
1898
1893
1875
1856
1832
1816
1810
1819
1817
1837
1858
1873
1880
1900
1927
1966
1991
2004
2018
2035
2049
2062
2049
2039
2024
2014
1995
1979
1960
1945
1927
1915
1897
1886
1875
1865
1854
1836
1811
1789
1788
1780
1792
1803
1798
1797
1778
1763
1758
1752
1766
1777
1790
1824
1841
1871
1904
1941
1970
1985
2008
2008
2020
1999
2000
1975
1939
1909
1910
1911
1911
1920
1921
1913
1925
1926
1938
1950
1950
1956
1952
1960
1970
1981
1969
1947
1915
1892
1867
1859
1845
1855
1854
1865
1853
1840
1837
1825
1798
1777
1787
1787
1804
1830
1857
1886
1905
1926
1958
1976
1985
2007
2007
2004
2007
2006
2028
2038
2057
2077
2093
2100
2110
2095
2084
2065
2067
2037
2011
1979
1967
1956
1951
1955
1958
1971
2005
2028
2030
2028
2032
2024
2004
2006
2007
2014
2035
2057
2082
2096
2110
2118
2128
2112
2095
2079
2056
2048
2039
2065
2077
2096
2112
2141
2160
2177
2178
2167
2158
2130
2128
2129
2133
2132
2129
2144
2154
2164
2161
2154
2156
2157
2153
2158
2152
2148
2129
2115
2122
2128
2120
2125
2107
2090
2076
2064
2061
2058
2050
2041
2028
2032
2042
2034
2024
2020
2024
2034
2039
2052
2065
2073
2092
2107
2107
2097
2084
2075
2072
2052
2080
2099
2109
2087
2063
2049
2024
2014
2031
2039
2043
2056
2080
2094
2103
2109
2120
2124
2128
2131
2136
2140
2138
2150
2153
2150
2166
2182
2213
2234
2248
2255
2265
2277
2273
2274
2273
2258
2247
2236
2220
2211
2206
2211
2232
2245
2236
2242
2243
2238
2221
2207
2195
2191
2186
2180
2170
2159
2158
2175
2196
2193
2183
2184
2193
2189
2176
2171
2169
2178
2193
2194
2197
2198
2199
2198
2193
2178
2165
2169
2156
2144
2147
2163
2180
2195
2210
2227
2259
2268
2285
2284
2287
2291
2313
2305
2320
2312
2309
2312
2321
2312
2295
2283
2274
2262
2253
2242
2251
2241
2241
2255
2264
2268
2270
2292
2308
2322
2332
2322
2312
2306
2297
2297
2285
2279
2266
2262
2264
2274
2277
2301
2338
2351
2365
2379
2373
2358
2345
2319
2304
2299
2287
2270
2252
2247
2243
2234
2240
2236
2241
2248
2251
2248
2240
2231
2211
2183
2171
2164
2155
2169
2187
2206
2203
2207
2201
2200
2218
2228
2236
2260
2264
2282
2282
2290
2280
2293
2300
2287
2256
2242
2237
2239
2226
2225
2217
2225
2243
2262
2272
2268
2273
2287
2284
2293
2302
2327
2338
2338
2384
2366
2361
2359
2357
2346
2329
2327
2323
2335
2326
2317
2304
2302
2309
2307
2299
2312
2317
2343
2342
2344
2324
2312
2308
2311
2303
2290
2292
2294
2286
2279
2289
2295
2290
2296
2295
2294
2284
2277
2278
2268
2262
2248
2226
2218
2217
2212
2195
2193
2193
2194
2207
2205
2218
2231
2237
2239
2246
2242
2250
2254
2246
2228
2207
2199
2190
2183
2176
2167
2155
2135
2120
2124
2117
2134
2167
2194
2201
2215
2236
2247
2239
2259
2263
2263
2272
2272
2243
2239
2230
2227
2217
2224
2216
2219
2209
2237
2258
2263
2266
2281
2286
2292
2279
2267
2250
2234
2220
2207
2201
2204
2231
5835
2363
2420
2458
2462
2463
2447
2427
2399
2366
2318
2278
2229
2199
2181
2185
2184
2184
2205
2241
2267
2296
2325
2347
2364
2374
2371
2371
2351
2330
2304
2291
2294
2317
2316
2310
2295
2288
2277
2263
2282
2325
2375
2438
2488
2511
2521
2539
2550
2540
2540
2538
2519
2507
2498
2492
2486
2462
2436
2392
2349
2339
2341
2365
2379
2386
2394
2408
2422
2436
2452
2481
2498
2484
2455
2440
2448
2445
2414
2388
2362
2358
2357
2379
2391
2414
2441
2460
2444
2442
2431
2428
2401
2367
2332
2336
2348
2358
2335
2341
2324
2304
2258
2215
2167
2131
2071
1987
1938
1954
1995
2036
2048
2037
2033
2041
2077
2116
2161
2214
2248
2269
2282
2304
2313
2294
2263
2244
2236
2208
2194
2174
2151
2103
2024
1946
1883
1843
1801
1754
1736
1727
1732
1749
1799
1848
1900
1928
1938
1953
1989
2010
2034
2055
2081
2089
2097
2077
2068
2038
2034
2051
2091
2105
2120
2125
2144
2122
2132
2112
2097
2075
2096
2123
2140
2158
2149
2070
1969
1845
1769
1712
1689
1695
1728
1795
1884
2001
2107
2186
2242
2244
2240
2188
2140
2099
2085
2036
1983
1930
1908
1899
1881
1850
1845
1812
1794
1804
1824
1835
1848
1890
1900
1904
1893
1907
1908
1905
1893
1889
1884
1898
1920
1963
1993
2036
2081
2095
2081
2064
2047
2013
1985
1946
1924
1889
1845
1807
1781
1772
1786
1830
1898
1955
1986
2030
2080
2138
2192
2218
2220
2197
2153
2121
2079
2053
2047
2045
2020
1975
1953
1973
1992
2013
2018
2035
2036
2055
2056
2068
2044
2032
2014
1990
1963
1949
1922
1909
1901
1901
1910
1949
1963
1970
1958
1936
1893
1843
1775
1716
1680
1682
1688
1723
1751
1793
1822
1864
1881
1886
1869
1839
1790
1770
1760
1775
1763
1774
1777
1774
1743
1728
1691
1652
1592
1541
1505
1446
1383
1349
1358
1395
1453
1503
1513
1532
1565
1612
1696
1757
1809
1828
1806
1784
1792
1806
1828
1833
1854
1847
1830
1809
1803
1777
1771
1755
1754
1740
1735
1755
1783
1819
1847
1889
1916
1961
2002
2029
2072
2109
2122
2121
2110
2098
2088
2068
2063
2063
2060
2070
2059
2053
2037
2020
1969
1912
1835
1771
1725
1717
1745
1800
1825
1853
1876
1915
1945
1999
2055
2122
2153
2163
2152
2098
2018
1954
1897
1844
1799
1795
1816
1861
1922
2007
2106
2193
2270
2305
2295
2255
2187
2059
1933
1844
1788
1761
1777
1804
1856
1947
2023
2102
2155
2220
2252
2258
2254
2223
2201
2144
2070
1995
1945
1901
1858
1840
1855
1863
1897
1944
1993
2055
2092
2128
2140
2158
2162
2181
2198
2251
2298
2303
2256
2201
2138
2084
2017
2002
1975
1964
1967
1950
1918
1900
1887
1884
1861
1873
1899
1944
1984
2019
2060
2111
2163
2215
2265
2328
2395
2452
2493
2490
2465
2406
2334
2251
2174
2095
2033
1983
1998
2018
2064
2091
2127
2156
2207
2251
2301
2330
2354
2361
2381
2380
2393
2394
2391
2375
2372
2370
2372
2348
2323
2321
2299
2270
2243
2202
2165
2162
2172
2195
2224
2274
2334
2379
2410
2443
2459
2474
2463
2478
2470
2471
2474
2490
2497
2486
2456
2388
2338
2275
2223
2186
2151
2142
2144
2177
2222
2251
2261
2282
2324
2376
2415
2444
2461
2478
2484
2496
2491
2503
2516
2551
2565
2564
2563
2566
2574
2596
2610
2609
2599
2582
2557
2538
2506
2494
2482
2495
2510
2518
2527
2555
2576
2562
2572
2591
2606
2615
2622
2638
2644
2650
2649
2647
2644
2648
2652
2674
2692
2702
2719
2724
2720
2706
2680
2658
2633
2600
2571
2541
2525
2514
2508
2515
2523
2542
2549
2562
2590
2592
2591
2560
2540
2508
2478
2443
2435
2423
2416
2386
2367
2344
2353
2330
2330
2325
2327
2332
2346
2340
2346
2346
2360
2351
2358
2338
2328
2333
2338
2354
2374
2405
2428
2434
2426
2425
2435
2449
2452
2466
2474
2478
2484
2496
2491
2469
2434
2444
2455
2495
2510
2538
2555
2557
2530
2499
2434
2367
2294
2237
2163
2070
2002
1964
1946
1960
1974
2005
2016
2048
2059
2070
2087
2109
2137
2179
2211
2262
2309
2342
2352
2337
2318
2299
2292
2283
2271
2278
2241
2211
2202
2209
2225
2238
2251
2263
2302
2344
2375
2402
2427
2466
2502
2534
2550
2555
2556
2550
2550
2554
2560
2558
2567
2570
2551
2539
2523
2496
2480
2448
2420
2391
2368
2353
2334
2345
2352
2343
2343
2348
2338
2330
2333
2329
2342
2375
2419
2451
2473
2479
2492
2484
2470
2454
2442
2417
2413
2420
2419
2423
2446
2463
2460
2452
2433
2413
2404
2380
2358
2336
2307
2284
2293
2319
2330
2350
2339
2327
2315
2323
2312
2317
2326
2350
2377
2410
2407
2396
2377
2377
2396
2442
2444
2459
2450
2434
2412
2377
2336
2291
2234
2208
2182
2183
2173
2168
2146
2150
2188
2217
2246
2254
2275
2292
2312
2355
2401
2432
2453
2472
2458
2429
2381
2308
2253
2185
2159
2166
2176
2199
2215
2249
2282
2294
2310
2297
2306
2299
2314
2323
2343
2356
2358
2353
2373
2383
2391
2385
2371
2360
2348
2327
2320
2316
2324
2342
2335
2347
2347
2342
2328
2328
2318
2295
2283
2270
2258
2259
2267
2297
2301
2295
2260
2242
2205
2181
2163
2158
2133
2129
2103
2108
2094
2110
2127
2146
2130
2111
2119
2113
2112
2098
2071
2041
2036
2043
2044
2052
2091
2101
2122
2130
2121
2111
2106
2088
2050
2002
1971
1940
1925
1935
1941
1945
1958
1988
2043
2105
2155
2182
2177
2144
2103
2059
2020
1996
1957
1961
1998
2055
2109
2147
2201
2261
2296
2289
2271
2257
2248
2237
2206
2183
2164
2122
2094
2062
2036
1998
1987
1974
1975
1954
1937
1933
1943
1942
1961
1964
1981
1970
1969
1948
1920
1889
1901
1928
1956
2009
2011
2014
2018
2017
2007
2010
2042
2075
2085
2100
2094
2072
2036
2043
2042
2060
2062
2102
2113
2127
2093
2080
2052
2032
2029
2056
2088
2124
2146
2191
2269
2335
2395
2413
2420
2411
2396
2358
2315
2218
2131
2046
1982
1896
1835
1801
1799
1832
1891
1943
2006
2057
2106
2135
2154
2126
2103
2079
2091
2103
2121
2127
2139
2182
2220
2238
2227
2213
2167
2134
2120
2122
2129
2151
2176
2195
2189
2198
2195
2142
2058
1962
1874
1821
1780
1759
1750
1763
1798
1857
1893
1931
1947
1944
1953
2006
2032
2042
2037
2022
1986
1938
1895
1860
1852
1849
1863
1897
1941
1988
2034
2087
2120
2147
2146
2156
2177
2180
2173
2163
2142
2114
2096
2089
2082
2095
2106
2082
2068
2063
2054
2083
2100
2119
2113
2092
2075
2038
1971
1899
1828
1763
1736
1701
1689
1699
1736
1763
1799
1833
1852
1833
1827
1806
1789
1769
1747
1730
1730
1775
1801
1818
1851
1876
1888
1876
1867
1868
1923
1977
2052
2096
2146
2128
2111
2073
2051
2054
2036
2008
1970
1910
1874
1871
1895
1928
1948
1978
1991
2006
2037
2082
2081
2074
2018
1965
1887
1830
1763
1707
1672
1674
1690
1739
1760
1768
1775
1848
1890
1956
1989
2006
2009
2016
2010
1999
2023
2074
2124
2176
2226
2263
2285
2315
2311
2287
2272
2247
2236
2231
2251
2273
2307
2322
2327
2288
2258
2207
2196
2170
2166
2162
2202
2235
2282
2281
2285
2274
2244
2222
2203
2204
2210
2208
2205
2220
2237
2242
2251
2291
2314
2325
2332
2351
2355
2368
2369
2386
2387
2410
2402
2407
2387
2385
2374
2381
2349
2328
2308
2322
2360
2370
2385
2412
2428
2456
2484
2504
2489
2464
2436
2392
2342
2314
2290
2298
2311
2315
2336
2367
2392
2412
2436
2434
2435
2418
2409
2408
2409
2425
2422
2418
2402
2390
2380
2378
2370
2361
2353
2363
2383
2397
2407
2418
2418
2376
2335
2293
2260
2212
2181
2174
2174
2199
2242
2303
2335
2336
2333
2328
2327
2322
2317
2285
2289
2297
2297
2279
2258
2222
2211
2174
2146
2086
2057
2027
1990
1971
1961
1957
1944
1944
1941
1927
1912
1892
1881
1884
1880
2028
2030
2020
2020
2018
2008
1971
1962
1979
1990
1979
1963
1928
1895
1853
1837
1802
1781
1768
1793
1816
1838
1896
1935
1976
2031
2080
2120
2113
2096
2034
2028
2027
2036
2046
2079
2086
2128
2196
2222
2247
2251
2238
2214
2164
2119
2053
1990
1946
1902
1891
1901
1921
1939
1955
1954
1957
1956
1961
1951
1967
1977
2020
2050
2108
2155
2216
2261
2308
2312
2326
2329
2323
2307
2301
2300
2311
2335
2340
2340
2316
2320
2327
2284
2203
2129
2019
1966
1903
1849
1775
1753
1749
1789
1837
1872
1859
1856
1865
1890
1913
1951
1991
2002
2015
2048
2095
2155
2201
2242
2262
2296
2316
2310
2280
2255
2211
2179
2152
2150
2150
2148
2176
2190
2180
2141
2106
2075
2047
2023
2014
2018
2030
2040
2086
2095
2103
2130
2148
2170
2183
2178
2189
2196
2203
2215
2231
2234
2245
2273
2323
2356
2376
2391
2381
2363
2336
2313
2295
2251
2199
2145
2099
2083
2060
2065
2077
2066
2076
2087
2103
2123
2125
2119
2110
2090
2058
2033
1998
1969
1943
1931
1922
1906
1897
1903
1906
1887
1851
1803
1743
1684
1619
1585
1561
1568
1593
1633
1705
1765
1817
1847
1858
1877
1855
1828
1800
1788
1763
1743
1720
1709
1696
1717
1749
1778
1801
1818
1849
1898
1947
1972
2010
2010
1999
1984
2003
2031
2068
2097
2117
2111
2114
2113
2135
2148
2165
2171
2181
2184
2198
2176
2170
2147
2142
2133
2132
2110
2081
2038
2023
2020
2051
2055
2058
2085
2128
2151
2182
2219
2242
2240
2222
2212
2186
2197
2214
2229
2258
2277
2303
2317
2322
2322
2313
2320
2316
2314
2298
2269
2242
2224
2192
2161
2140
2155
2168
2183
2212
2241
2269
2275
2274
2264
2235
2209
2187
2167
2155
2143
2135
2136
2125
2106
2086
2057
2042
2019
2005
2002
1979
1993
2031
2067
2076
2087
2116
2114
2134
2146
2151
2166
2179
2177
2174
2168
2166
2173
2179
2180
2195
2208
2207
2185
2167
2141
2116
2093
2075
2077
2088
2100
2111
2114
2138
2158
2202
2268
2307
2338
2342
2355
2359
2357
2339
2324
2305
2308
2312
2326
2324
2313
2316
2305
2297
2274
2261
2260
2248
2228
2203
2178
2162
2140
2112
2093
2063
2051
2068
2093
2113
2131
2145
2168
2207
2238
2260
2281
2289
2292
2274
2243
2185
2143
2113
2107
2111
2124
2151
2167
2188
2191
2184
2184
2190
2171
2126
2074
2024
1971
1951
1939
1919
1893
1850
1845
1876
1899
1930
1929
1926
1939
1981
1998
2025
2029
2035
2044
2075
2088
2127
2155
2198
2237
2282
2311
2345
2379
2425
2437
2445
2433
2415
2367
2326
2267
2192
2160
2144
2141
2152
2205
2248
2290
2308
2301
2268
2239
2200
2148
2124
2125
2114
2120
2092
2081
2062
2061
2047
2057
2085
2138
2169
2190
2205
2222
2231
2249
2256
2271
2274
2278
2273
2281
2286
2285
2279
2272
2271
2281
2294
2294
2313
2346
2383
2399
2407
2377
2356
2318
2298
2274
2256
2258
2276
2293
2316
2311
2316
2298
2291
2256
2242
2241
2241
2223
2222
2214
2230
2252
2272
2288
2297
2303
2324
2315
2303
2265
2245
2232
2219
2205
2195
2207
2193
2195
2204
2239
2293
2317
2325
2342
2338
2327
2309
2295
2274
2255
2247
2252
2244
2230
2231
2219
2202
2167
2112
2081
2046
2044
2037
2031
2041
2059
2058
2049
2051
2035
2025
2009
1995
1981
1976
1968
1960
1960
1967
1979
1981
2006
2023
2055
2084
2087
2071
2076
2068
2051
2030
2016
2018
2033
2041
2064
2056
2054
2042
2030
1983
1963
1943
1909
1876
1836
1814
1804
1795
1818
1841
1862
1879
1895
1914
1942
1986
2016
2059
2111
2137
2132
2140
2138
2137
2118
2100
2047
1969
1870
1779
1675
1571
1526
1475
1431
1391
1381
1407
1431
1476
1526
1567
1623
1682
1752
1819
1872
1905
1921
1904
1881
1836
1812
1782
1774
1756
1760
1733
1737
1751
1793
1833
1883
1913
1920
1919
1918
1931
1939
1935
1937
1960
1993
1999
2025
2023
2002
1982
1952
1951
1951
1962
1974
2002
2022
2063
2082
2111
2107
2120
2114
2136
2155
2189
2188
2200
2194
2197
2207
2209
2178
2151
2111
2072
2051
2036
2032
2023
2006
1980
1952
1953
1972
1978
1986
1988
2005
2052
2133
2236
2292
2300
2298
2264
2247
2219
2218
2206
2208
2192
2174
2164
2176
2171
2172
2170
2161
2139
2127
2093
2083
2073
2059
2048
2035
2012
1991
1974
1955
1948
1961
2009
2062
2096
2112
2096
2082
2081
2092
2095
2083
2103
2096
2112
2122
2143
2154
2149
2146
2145
2132
2114
2107
2103
2116
2117
2108
2086
2065
2052
2040
2039
2038
2013
1976
1975
2000
2041
2081
2103
2091
2064
2043
2019
2008
2003
2017
2048
2075
2096
2108
2139
2149
2171
2201
2240
2246
2236
2215
2193
2170
2171
2192
2213
2229
2238
2241
2279
2306
2325
2338
2345
2348
2375
2400
2400
2380
2369
2367
2364
2346
2331
2294
2248
2221
2189
2163
2150
2150
2122
2102
2081
2071
2032
2011
2003
2019
2009
2020
2033
2055
2069
2084
2095
2113
2120
2130
2170
2205
2241
2276
2296
2309
2335
2356
2370
2364
2367
2342
2343
2332
2311
2248
2191
2124
2085
2059
2054
2072
2138
2182
2257
2304
2351
2371
2400
2399
2396
2355
2320
2268
2227
2195
2182
2157
2133
2137
2133
2142
2134
2128
2129
2120
2110
2112
2080
2080
2079
2118
2177
2239
2299
2343
2359
2391
2383
2363
2336
2316
2278
2239
2187
2147
2100
2055
1995
1955
1916
1929
1955
1997
2022
2033
2036
2069
2107
2122
2131
2110
2112
2119
2138
2167
2203
2200
2180
2155
2159
2154
2155
2143
2155
2148
2131
2124
2121
2075
2050
2020
2007
1985
1975
1979
2015
2023
2029
2042
2059
2075
2094
2114
2119
2129
2135
2163
2172
2172
2169
2186
2193
2200
2199
2217
2216
2211
2204
2188
2175
2165
2145
2125
2074
2034
1997
1965
1932
1912
1916
1916
1952
1964
2013
2056
2100
2130
2150
2143
2101
2086
2076
2079
2073
2060
2038
2018
2001
1991
1976
1974
1962
1952
1923
1913
1898
1867
1847
1851
1863
1882
1881
1865
1809
1775
1757
1755
1741
1751
1746
1752
1759
1751
1723
1689
1683
1683
1685
1715
1758
1763
1762
1740
1727
1703
1688
1651
1641
1650
1672
1703
1747
1769
1776
1760
1748
1753
1737
1716
1716
1685
1659
1644
1645
1648
1657
1630
1607
1580
1563
1509
1432
1387
1337
1295
1274
1297
1366
1451
1568
1658
1739
1793
1802
1809
1804
1787
1698
1628
1557
1532
1524
1590
1635
1699
1776
1848
1919
1974
1995
2006
1983
1947
1891
1845
1812
1796
1767
1750
1733
1730
1728
1755
1795
1859
1922
1971
2000
2020
2041
2033
2006
1966
1957
1945
1920
1860
1778
1734
1713
1685
1705
1730
1748
1741
1721
1711
1728
1734
1751
1754
1787
1828
1867
1895
1934
1958
1954
1933
1937
1940
1925
1926
1912
1905
1911
1931
1971
2008
2023
2031
2013
1992
1942
1900
1851
1807
1747
1734
1711
1674
1623
1595
1555
1527
1519
1517
1550
1622
1698
1755
1787
1772
1687
1601
1524
1491
1469
1456
1464
1471
1513
1541
1574
1616
1653
1680
1684
1695
1711
1731
1757
1797
1837
1861
1918
1959
1972
1988
2022
2060
2095
2126
2138
2125
2111
2095
2080
2046
2030
2016
1988
1951
1927
1929
1948
1962
1987
1996
2003
1983
1942
1899
1867
1858
1868
1867
1889
1912
1964
1999
2044
2065
2065
2030
1986
1927
1870
1830
1789
1738
1704
1684
1677
1679
1704
1746
1769
1804
1837
1874
1877
1883
1871
1882
1848
1843
1847
1851
1829
1816
1822
1819
1800
1768
1732
1701
1655
1642
1633
1638
1644
1681
1701
1714
1711
1716
1727
1741
1751
1759
1773
1781
1786
1792
1772
1727
1673
1626
1610
1626
1641
1655
1716
1739
1810
1873
1934
1970
1995
2009
2016
2011
1999
1955
1930
1856
1777
1675
1579
1518
1490
1493
1526
1571
1611
1631
1583
1579
1578
1573
1554
1501
1438
1376
1347
1359
1371
1383
1393
1401
1433
1497
1613
1690
1707
1727
1720
1707
1667
1654
1619
1595
1591
1626
1671
1720
1774
1835
1879
1885
1894
1863
1845
1866
1897
1922
1967
1996
1995
1976
1965
1958
1958
1971
1982
1983
1968
1936
1907
1905
1923
1947
1974
1960
1947
1951
1973
1979
1977
1972
1970
1955
1958
1990
2010
2043
2067
2072
2052
2028
2008
2003
1990
1966
1959
1951
1937
1910
1881
1848
1809
1778
1783
1782
1818
1875
1942
2024
2098
2151
2196
2213
2240
2238
2234
2221
2239
2245
2235
2231
2221
2182
2131
2086
2077
2053
2040
2021
1985
1979
1970
1946
1909
1864
1788
1683
1533
1417
1323
1258
1494
1624
1746
1864
1937
1933
1925
1918
1932
1959
2001
1984
1988
1986
2014
2012
2022
2009
2000
1971
1947
1928
1928
1947
1999
2049
2108
2133
2179
2198
2223
2250
2266
2253
2220
2148
2073
2001
1961
1951
1955
1987
2011
2041
2097
2172
2236
2293
2312
2337
2344
2353
2334
2340
2348
2355
2352
2346
2331
2312
2298
2302
2285
2300
2322
2348
2351
2344
2331
2306
2268
2243
2215
2154
2104
2076
2063
2060
2074
2105
2135
2157
2177
2183
2180
2181
2166
2157
2127
2111
2100
2102
2088
2095
2107
2129
2167
2187
2207
2204
2214
2240
2284
2313
2326
2315
2299
2301
2305
2302
2311
2318
2314
2307
2292
2286
2276
2279
2284
2268
2273
2287
2306
2311
2339
2350
2354
2381
2398
2393
2398
2403
2399
2405
2402
2396
2383
2361
2344
2335
2339
2332
2328
2322
2336
2347
2338
2321
2300
2281
2243
2205
2152
2126
2096
2060
2029
2033
2033
2026
2022
2006
1960
1930
1897
1885
1879
1882
1884
1883
1881
1874
1845
1830
1811
1802
1796
1833
1870
1896
1924
1952
1991
2022
2043
2044
2034
2035
2026
1986
1935
1879
1843
1839
1830
1810
1817
1814
1824
1835
1863
1883
1899
1890
1895
1884
1861
1805
1790
1786
1795
1806
1842
1882
1970
2033
2101
2123
2123
2091
2045
1981
1932
1880
1804
1731
1687
1651
1639
1683
1737
1775
1784
1786
1797
1834
1874
1899
1910
1934
1952
1990
2016
2046
2053
2068
2064
2098
2114
2134
2127
2124
2105
2075
2027
1996
1928
1892
1859
1823
1796
1770
1756
1747
1756
1784
1825
1859
1877
1869
1883
1891
1913
1919
1909
1885
1880
1854
1801
1718
1660
1623
1608
1601
1624
1633
1660
1677
1715
1723
1732
1731
1740
1775
1828
1877
1891
1874
1831
1819
1841
1864
1867
1853
1847
1835
1839
1835
1853
1871
1885
1899
1887
1854
1815
1775
1705
1659
1603
1560
1531
1530
1511
1468
1441
1451
1471
1528
1611
1661
1683
1685
1693
1702
1714
1737
1761
1778
1793
1803
1814
1837
1865
1873
1871
1899
1947
2007
2059
2087
2093
2102
2103
2105
2099
2091
2076
2053
2017
2004
1983
2007
2013
2030
2032
2043
2036
2049
2061
2070
2043
2031
2039
2069
2105
2130
2144
2175
2193
2194
2192
2176
2162
2128
2116
2074
2042
2024
1997
1945
1923
1909
1955
1993
2031
2043
2071
2090
2113
2128
2155
2167
2203
2216
2246
2250
2262
2241
2215
2178
2140
2092
2045
2022
2007
1992
1982
1988
1970
1965
1985
2014
2016
2022
1989
1959
1941
1958
1965
1989
1972
1980
1982
2013
2039
2066
2083
2109
2115
2145
2156
2168
2182
2218
2247
2264
2242
2212
2149
2054
1951
1858
1749
1689
1632
1591
1575
1566
1573
1585
1616
1628
1656
1708
1767
1831
1938
2047
2162
2209
2250
2258
2259
2235
2221
2194
2190
2166
2150
2131
2119
2095
2068
2065
2078
2113
2122
2115
2123
2115
2103
2087
2059
2027
1977
1938
1895
1876
1872
1875
1879
1903
1914
1919
1890
1822
1747
1673
1583
1547
1547
1565
1597
1640
1689
1729
1800
1879
1939
1980
2017
2016
2029
2064
2077
2082
2057
2021
1959
1898
1841
1808
1802
1810
1814
1815
1812
1816
1833
1855
1887
1891
1900
1950
1984
2011
2005
2013
1996
1965
1937
1938
1923
1936
1925
1942
1975
1993
1982
1958
1935
1919
1918
1918
1929
1951
1978
1991
1993
1979
1958
1934
1949
1966
1985
1999
2017
2046
2107
2145
2194
2234
2247
2234
2229
2215
2211
2181
2151
2119
2111
2080
2081
2092
2100
2117
2156
2178
2200
2227
2238
2261
2292
2319
2356
2405
2452
2486
2519
2560
2557
2522
2456
2417
2350
2303
2250
2214
2164
2135
2111
2115
2069
2014
1941
1880
1811
1761
1732
1736
1729
1705
1682
1700
1742
1790
1865
1924
1948
1960
1961
1973
1979
1985
1992
1994
1998
1993
2011
2015
2038
2057
2109
2142
2196
2253
2292
2284
2270
2243
2216
2174
2147
2104
2082
2058
2058
2033
1992
1960
1935
1923
1949
1986
2026
2045
2083
2128
2163
2183
2204
2231
2256
2266
2262
2277
2295
2302
2294
2282
2284
2284
2290
2301
2274
2223
2196
2164
2124
2089
2064
2045
2034
2037
2057
2050
2063
2079
2111
2144
2176
2229
2281
2315
2331
2332
2282
2201
2109
2051
2021
2010
2020
2031
2030
2023
2025
2041
2045
2080
2146
2231
2267
2301
2303
2319
2326
2344
2336
2334
2324
2336
2347
2350
2322
2285
2243
2229
2208
2197
2182
2181
2188
2187
2207
2239
2300
2344
2405
2414
2462
2487
2518
2545
2565
2562
2569
2550
2541
2542
2553
2552
2523
2483
2451
2408
2371
2326
2293
2245
2231
2252
2280
2299
2300
2269
2231
2204
2203
2208
2190
2187
2189
2214
2247
2271
2304
2346
2358
2375
2377
2398
2382
2383
2366
2344
2315
2303
2307
2323
2322
2321
2320
2342
2370
2394
2394
2384
2336
2307
2259
2253
2256
2266
2295
2301
2318
2346
2382
2396
2435
2460
2465
2466
2469
2484
2489
2491
2496
2483
2471
2441
2406
2358
2296
2253
2196
2178
2187
2201
2237
2241
2269
2293
2304
2309
2323
2313
2283
2255
2266
2282
2298
2318
2346
2383
2399
2428
2458
2471
2492
2487
2481
2459
2447
2439
2428
2429
2433
2438
2472
2500
2502
2496
2477
2469
2430
2404
2398
2392
2387
2382
2355
2364
2378
2396
2398
2404
2386
2347
2333
2336
2320
2308
2311
2306
2282
2255
2211
2178
2155
2130
2117
2128
2145
2191
2239
2276
2304
2345
2387
2438
2453
2458
2437
2422
2383
2339
2276
2234
2199
2188
2199
2209
2221
2221
2252
2293
2334
2368
2407
2445
2479
2490
2514
2514
2508
2486
2474
2482
2486
2472
2454
2432
2406
2377
2340
2313
2301
2278
2275
2270
2267
2242
2246
2265
2289
2325
2379
2425
2469
2479
2485
2478
2449
2412
2368
2332
2300
2257
2200
2175
2139
2100
2057
2034
2033
2031
2036
2055
2087
2146
2188
2242
2274
2314
2319
2355
2371
2366
2357
2355
2341
2336
2349
2362
2358
2340
2318
2307
2297
2288
2275
2275
2276
2272
2272
2268
2234
2187
2116
2048
2031
2030
2038
2031
2025
2009
1990
1966
1969
1959
1956
1965
1996
1998
2013
2001
1998
1997
2004
1988
1967
1937
1915
1885
1869
1867
1895
1917
1972
2045
2145
2206
2230
2229
2214
2180
2114
2018
1896
1860
1807
1783
1760
1778
1811
1838
1850
1873
1908
1926
1904
1876
1845
1824
1802
1799
1808
1839
1864
1892
1924
1948
1940
1912
1867
1840
1811
1799
1784
1776
1783
1781
1801
1816
1826
1841
1863
1862
1852
1842
1817
1809
1789
1760
1762
1753
1741
1745
1701
1681
1685
1707
1745
1757
1775
1775
1776
1775
1800
1842
1918
1989
2064
2094
2081
2059
2035
2006
1987
1931
1867
1813
1790
1770
1787
1807
1845
1890
1937
1966
1991
2021
2049
2064
2059
2013
1943
1911
1899
1905
1910
1898
1889
1853
1808
1753
1682
1640
1605
1599
1603
1621
1621
1661
1711
1801
1887
1971
2030
2096
2165
2197
2207
2194
2157
2129
2093
2095
2075
2066
2057
2037
2020
2043
2053
2068
2060
2051
2010
1975
1946
1915
1911
1913
1925
1938
1938
1923
1927
1951
1990
2010
2046
2030
2022
2020
2046
2054
2067
2038
2038
2000
1943
1839
1711
1588
1499
1415
1341
1294
1288
1269
1269
1305
1391
1477
1612
1704
1791
1871
1961
2003
1999
1950
1839
1769
1723
1724
1720
1727
1707
1700
1688
1714
1750
1774
1764
1751
1711
1691
1677
1703
1723
1745
1748
1760
1761
1793
1852
1922
1959
1982
2024
2098
2156
2186
2230
2262
2293
2303
2311
2297
2257
2244
2226
2221
2203
2207
2202
2191
2184
2164
2152
2139
2117
2103
2103
2107
2092
2072
2010
1975
1944
1905
1875
1852
1836
1829
1844
1859
1877
1907
1948
2002
2063
2062
1994
1935
1905
1907
1928
1928
1890
1845
1786
1745
1717
1671
1632
1605
1611
1606
1589
1571
1579
1603
1634
1650
1665
1685
1725
1756
1775
1779
1764
1749
1715
1687
1672
1676
1670
1685
1688
1662
1629
1606
1574
1565
1561
1587
1639
1730
1805
1861
1899
1943
1974
2001
2026
2057
2082
2109
2123
2126
2119
2111
2087
2064
2008
1927
1759
1596
1436
1265
1107
997
949
930
961
1021
1118
1259
1430
1597
1735
1855
2005
2097
2184
2223
2271
2286
2305
2307
2339
2354
2368
2367
2366
2339
2350
2372
2391
2404
2407
2412
2402
2399
2390
2372
2354
2344
2318
2298
2254
2244
2260
2273
2294
2296
2267
2266
2232
2203
2163
2150
2153
2194
2229
2290
2360
2422
2445
2458
2424
2408
2365
2314
2266
2229
2198
2201
2193
2183
2184
2215
2285
2366
2423
2449
2430
2385
2331
2226
2150
2077
1892
1895
1937
1974
1987
1994
1995
1992
1993
2001
1989
2013
2029
2038
2055
2101
2118
2118
2127
2158
2186
2201
2184
2153
2132
2139
2133
2126
2113
2099
2082
2069
2055
2044
2040
2017
2016
2035
2048
2046
2048
2051
2046
2029
2026
2021
2017
2030
2053
2080
2087
2098
2098
2101
2100
2099
2093
2108
2114
2111
2095
2082
2056
2035
2012
2015
2035
2068
2067
2060
2065
2065
2063
2075
2125
2170
2211
2216
2220
2232
2254
2289
2309
2305
2280
2264
2248
2210
2172
2141
2139
2120
2127
2121
2137
2142
2166
2180
2228
2248
2291
2315
2339
2318
2295
2261
2230
2226
2209
2205
2207
2217
2216
2194
2157
2106
2058
2025
1987
1947
1880
1812
1751
1726
1717
1735
1749
1772
1777
1799
1817
1829
1837
1881
1899
1928
1950
1984
1984
1987
1991
1995
2000
1991
1969
1956
1954
1976
2011
2056
2097
2159
2226
2232
2246
2244
2256
2254
2261
2233
2211
2171
2115
2070
2029
1984
1962
1919
1886
1855
1823
1792
1775
1783
1805
1821
1853
1866
1884
1877
1886
1873
1865
1863
1846
1825
1792
1759
1721
1693
1663
1642
1631
1632
1661
1674
1651
1611
1566
1535
1532
1528
1533
1525
1499
1461
1434
1377
1297
1257
1229
1210
1204
1236
1283
1351
1385
1429
1466
1496
1521
1541
1551
1573
1618
1660
1750
1792
1819
1830
1840
1880
1916
1947
1964
1977
1993
2003
1976
1930
1886
1839
1788
1762
1760
1747
1735
1724
1705
1684
1664
1627
1577
1544
1567
1589
1604
1628
1620
1609
1601
1586
1568
1553
1541
1527
1519
1523
1525
1512
1518
1535
1562
1594
1657
1711
1745
1763
1777
1797
1804
1784
1743
1707
1673
1677
1694
1687
1699
1716
1774
1835
1889
1923
1936
1925
1897
1875
1831
1791
1733
1718
1717
1744
1783
1802
1793
1733
1637
1532
1411
1299
1209
1161
1144
1197
1233
1297
1340
1405
1458
1503
1521
1503
1481
1447
1402
1379
1371
1362
1351
1341
1349
1373
1400
1418
1432
1447
1507
1547
1594
1614
1618
1633
1682
1715
1746
1729
1697
1660
1670
1674
1686
1696
1739
1748
1771
1788
1814
1849
1899
1956
2030
2089
2124
2137
2149
2149
2137
2095
2018
1959
1919
1921
1931
1939
1927
1923
1930
1956
1958
1959
1943
1953
1963
1990
2041
2088
2111
2131
2098
2031
1932
1836
1737
1661
1613
1596
1602
1647
1699
1743
1778
1795
1843
1873
1920
1949
1952
1939
1907
1900
1892
1884
1867
1823
1778
1752
1759
1792
1844
1903
1965
2006
2049
2050
2057
2044
2019
1991
1967
1922
1890
1848
1817
1799
1794
1808
1837
1889
1933
1955
1970
1970
1977
1998
2033
2059
2067
2061
2073
2091
2087
2073
2058
2035
2041
2043
2042
2051
2038
2005
1990
1962
1926
1909
1925
1981
2040
2016
1962
1893
1819
1726
1637
1601
1608
1629
1645
1674
1722
1789
1884
1958
2001
2036
2074
2097
2112
2127
2163
2184
2163
2140
2097
2062
2010
1982
1948
1931
1897
1858
1816
1818
1817
1837
1870
1888
1885
1890
1920
1964
2024
2088
2134
2144
2136
2107
2073
2046
2022
1972
1912
1870
1821
1766
1719
1689
1683
1708
1736
1733
1728
1688
1692
1691
1693
1698
1717
1739
1769
1801
1829
1811
1776
1716
1652
1605
1607
1633
1675
1707
1750
1761
1747
1741
1754
1771
1814
1857
1888
1893
1894
1915
1948
1979
2005
2026
2024
2053
2088
2126
2141
2159
2145
2111
2073
2044
1996
1961
1919
1893
1876
1871
1875
1895
1919
1939
1947
1941
1899
1864
1828
1805
1741
1671
1596
1539
1483
1453
1447
1465
1471
1466
1481
1499
1538
1582
1649
1715
1799
1857
1893
1914
1925
1919
1921
1908
1882
1847
1803
1753
1722
1699
1684
1705
1739
1751
1763
1793
1856
1883
1874
1857
1859
1854
1799
1730
1670
1649
1657
1684
1697
1706
1714
1732
1741
1768
1790
1803
1800
1789
1775
1734
1708
1698
1685
1669
1673
1711
1758
1818
1876
1899
1902
1903
1935
1977
2029
2091
2151
2219
2270
2315
2346
2333
2318
2274
2202
2147
2091
2026
1921
1832
1719
1607
1496
1443
1421
1468
1536
1592
1645
1709
1761
1807
1821
1802
1772
1759
1723
1709
1698
1690
1697
1730
1773
1819
1843
1822
1769
1683
1586
1510
1429
1361
1341
1357
1409
1450
1505
1557
1640
1670
1669
1622
1594
1537
1513
1519
1510
1493
1514
1542
1578
1581
1587
1618
1701
1727
1733
1736
1732
1736
1758
1782
1827
1861
1873
1863
1864
1883
1890
1867
1827
1789
1731
1703
1677
1689
1690
1717
1738
1741
1738
1772
1798
1837
1857
1893
1908
1895
1846
1788
1720
1687
1689
1721
1769
1814
1865
1895
1914
1939
1965
1997
2067
2106
2136
2144
2124
2097
2069
2018
1948
1883
1832
1767
1700
1639
1627
1625
1689
1747
1807
1839
1885
1908
1972
2014
2045
2031
2035
2036
2028
2026
2032
2063
2099
2106
2104
2099
2083
2081
2088
2092
2059
2017
1947
1898
1881
1869
1859
1829
1777
1755
1734
1736
1742
1773
1768
1771
1775
1781
1795
1829
1866
1897
1915
1938
1991
2057
2104
2121
2111
2076
2051
2020
2002
2000
2004
2009
2032
2082
2121
2134
2120
2065
1968
1867
1764
1662
1548
1457
1369
1334
1314
1325
1345
1379
1439
1506
1597
1680
1746
1793
1832
1862
1881
1910
1939
1953
1956
1945
1951
1932
1928
1886
1849
1809
1787
1763
1728
1674
1627
1585
1560
1566
1593
1638
1707
1769
1819
1841
1835
1830
1849
1885
1923
1945
1949
1896
1853
1811
1767
1724
1698
1683
1673
1641
1586
1551
1527
1519
1537
1583
1630
1696
1784
1837
1868
1920
1930
1949
1940
1965
1968
1973
1955
1959
1971
1981
1954
1942
1911
1897
1899
1888
1874
1860
1831
1807
1771
1747
1739
1736
1777
1819
1877
1901
1898
1874
1845
1818
1821
1834
1871
1859
1888
1915
1952
1999
2034
2038
2049
2022
1975
1936
1905
1855
1796
1742
1709
1670
1613
1527
1429
1357
1318
1318
1341
1381
1427
1486
1562
1653
1756
1858
1927
1943
1929
1918
1883
1837
1770
1699
1645
1621
1632
1653
1667
1682
1689
1676
1655
1641
1579
1521
1479
1471
1465
1470
1511
1567
1673
1751
1815
1842
1830
1795
1753
1703
1649
1626
1601
1587
1615
1666
1727
1780
1824
1863
1916
1989
2056
2123
2156
2178
2178
2176
2142
2098
2040
1972
1907
1858
1797
1717
1656
1642
1636
1606
1583
1563
1541
1504
1475
1462
1463
1471
1504
1518
1510
1498
1486
1447
1429
1424
1457
1527
1614
1678
1785
1895
1990
2055
2123
2163
2182
2159
2112
2037
1991
1922
1858
1802
1779
1772
1746
1746
1755
1759
1771
1795
1835
1863
1875
1900
1915
1938
1962
1961
1906
1821
1728
1656
1594
1568
1575
1600
1640
1651
1637
1614
1577
1547
1487
1463
1475
1529
1573
1653
1728
1823
1905
1984
2062
2101
2121
2131
2110
2088
2090
2110
2121
2155
2202
2220
2240
2246
2227
2191
2157
2103
2052
1984
1935
1842
1775
1748
1762
1785
1839
1902
1985
2018
2033
2029
2032
2014
1993
1998
2030
2061
2100
2136
2212
2257
2278
2291
2262
2206
2144
2084
2035
2032
2051
2108
2164
2228
2278
2318
2360
2388
2362
2316
2279
2248
2216
2191
2178
2186
2209
2246
2273
2303
2323
2311
2286
2259
2235
2217
2196
2163
2141
2132
2132
2130
2123
2103
2090
2051
1997
1974
1982
1978
1953
1944
1929
1936
1958
1963
1941
1911
1906
1939
1996
2035
2077
2112
2132
2122
2097
2089
2084
2091
2080
2060
2079
2121
2132
2060
1942
1879
1867
1869
1901
1940
1978
2056
2125
2169
2182
2192
2200
2195
2211
2227
2234
2234
2234
2249
2301
2316
2335
2361
2403
2451
2501
2535
2579
2596
2584
2540
2484
2436
2398
2359
2334
2316
2312
2336
2366
2390
2410
2421
2394
2373
2337
2305
2262
2241
2213
2202
2188
2198
2222
2259
2270
2265
2257
2251
2251
2247
2226
2217
2230
2258
2262
2277
2261
2251
2246
2235
2218
2213
2188
2171
2170
2160
2179
2227
2292
2331
2404
2462
2524
2538
2546
2537
2550
2570
2590
2599
2610
2590
2568
2544
2534
2506
2484
2443
2396
2358
2328
2304
2317
2327
2347
2363
2380
2406
2442
2490
2513
2541
2545
2518
2486
2470
2454
2425
2387
2360
2328
2336
2361
2396
2434
2508
2560
2616
2647
2662
2655
2627
2571
2522
2471
2427
2367
2329
2282
2274
2265
2246
2247
2254
2279
2308
2339
2342
2334
2293
2226
2159
2115
2093
2127
2180
2238
2278
2285
2293
2302
2310
2330
2333
2360
2401
2428
2457
2478
2482
2502
2503
2475
2435
2379
2361
2353
2319
2295
2303
2326
2358
2379
2396
2416
2434
2471
2502
2524
2540
2559
2587
2615
2646
2680
2643
2613
2589
2561
2532
2499
2475
2458
2447
2447
2439
2435
2435
2417
2409
2392
2401
2427
2460
2476
2498
2495
2501
2468
2448
2424
2392
2369
2368
2392
2416
2444
2456
2455
2443
2428
2412
2406
2379
2370
2349
2345
2331
2313
2286
2265
2215
2178
2164
2176
2210
2259
2304
2336
2344
2384
2398
2399
2398
2402
2367
2341
2301
2246
2217
2203
2184
2155
2133
2118
2084
2069
2087
2103
2157
2208
2292
2351
2396
2428
2445
2451
2464
2458
2447
2440
2439
2400
2383
2352
2331
2325
2331
2316
2330
2338
2388
2418
2455
2483
2497
2508
2500
2474
2433
2387
2345
2284
2253
2247
2271
2316
47.29248047
1.661279321
999
