5835
1878
1914
1950
1930
1981
1968
1985
1956
1991
1971
1963
1951
1930
1961
1951
1950
1918
1936
1898
1935
1850
1888
1843
1911
1855
1896
1861
1937
1914
1973
1924
1967
1947
1988
1943
1946
1923
1937
1921
1910
1893
1900
1907
1883
1884
1856
1877
1849
1872
1827
1867
1830
1901
1868
1909
1869
1940
1921
1945
1901
1912
1907
1927
1901
1903
1902
1927
1954
1948
1956
1975
2042
2051
2079
2082
2138
2135
2172
2138
2174
2163
2202
2180
2189
2160
2206
2180
2168
2122
2113
2092
2071
2054
2017
2048
2047
2067
2025
2059
2016
2059
1994
2042
1998
2079
2041
2102
2046
2082
2062
2102
2063
2105
2095
2124
2157
2140
2171
2137
2163
2103
2092
2037
2080
2039
2100
2058
2115
2064
2125
2088
2111
2067
2065
2061
2076
2070
2061
2059
2042
2087
2067
2092
2064
2101
2066
2095
2058
2077
2052
2096
2071
2096
2089
2106
2123
2092
2071
2041
2057
2039
2033
1964
1991
1973
2027
1986
2030
2014
2070
2076
2097
2074
2078
2103
2112
2093
2075
2085
2063
2114
2050
2088
2030
2106
2073
2139
2095
2145
2127
2181
2141
2179
2136
2140
2132
2104
2099
2065
2081
2060
2063
2010
2056
2003
2068
2010
2040
1985
2050
2012
2013
1984
1995
1975
1996
1986
1983
1994
1952
1996
1967
1998
1964
2007
1987
2028
1991
1998
1951
1986
1958
1964
1941
1958
2001
2023
2041
2036
2065
2067
2082
2053
2085
2047
2081
2051
2076
2034
2081
2070
2076
2046
2056
2062
2085
2061
2041
2034
2026
2069
2033
2058
2014
2068
2046
2102
2055
2098
2074
2119
2046
2078
2025
2051
2066
2043
2024
2012
2027
2020
2028
2005
2036
2018
2071
2011
2050
2006
2062
2021
2068
2004
2053
2024
2094
2049
2089
2049
2083
2042
2055
2026
2066
2054
2053
2051
2025
2038
2021
2032
2002
2035
2036
2084
2062
2089
2044
2103
2069
2080
2025
2020
2025
2038
2031
2018
2036
2058
2082
2058
2089
2053
2108
2105
2120
2061
2096
2106
2137
2137
2113
2104
2121
2138
2131
2160
2122
2183
2165
2225
2182
2230
2193
2240
2207
2219
2170
2204
2196
2203
2168
2174
2187
2166
2203
2153
2194
2160
2215
2172
2217
2157
2193
2170
2229
2179
2232
2208
2260
2246
2250
2225
2231
2232
2223
2196
2147
2157
2139
2172
2129
2139
2116
2166
2137
2168
2108
2148
2127
2148
2109
2129
2141
2172
2180
2174
2175
2195
2220
2204
2205
2167
2211
2201
2220
2173
2190
2138
2161
2103
2087
2034
2086
2085
2083
2086
2072
2121
2104
2116
2071
2103
2102
2152
2076
2127
2072
2161
2126
2170
2089
2100
2079
2088
2043
2014
2001
2012
1995
1981
2018
1979
2027
2003
2056
2016
2072
2050
2108
2057
2112
2079
2138
2105
2149
2107
2149
2151
2172
2132
2143
2139
2155
2136
2098
2101
2074
2116
2082
2109
2090
2150
2144
2173
2138
2161
2154
2191
2158
2153
2151
2131
2147
2123
2109
2061
2088
2071
2123
2090
2122
2101
2155
2119
2133
2133
2139
2162
2173
2175
2158
2186
2204
2211
2162
2181
2146
2200
2143
2169
2098
2150
2128
2166
2115
2154
2125
2186
2129
2133
2114
2128
2149
2142
2125
2106
2126
2082
2080
2006
2031
1998
2048
1990
2020
1987
2082
2043
2091
2032
2123
2112
2150
2139
2172
2164
2207
2183
2191
2188
2230
2228
2188
2199
2149
2196
2171
2192
2148
2181
2162
2208
2175
2191
2166
2200
2168
2183
2169
2165
2204
2212
2218
2199
2223
2199
2238
2193
2208
2162
2194
2154
2154
2120
2138
2147
2160
2161
2153
2150
2158
2177
2133
2163
2102
2156
2112
2158
2098
2165
2143
2201
2158
2167
2130
2164
2145
2133
2141
2086
2104
2094
2125
2075
2092
2071
2144
2112
2163
2105
2166
2133
2182
2163
2159
2155
2176
2188
2171
2156
2154
2165
2141
2170
2112
2141
2141
2180
2145
2192
2180
2233
2231
2248
2243
2256
2251
2245
2236
2204
2231
2231
2245
2210
2240
2218
2280
2274
2286
2241
2259
2231
2250
2230
2222
2211
2227
2247
2256
2261
2248
2263
2218
2232
2145
2177
2130
2172
2090
2128
2098
2149
2101
2131
2073
2125
2108
2146
2169
2177
2202
2228
2243
2235
2254
2221
2284
2243
2299
2249
2302
2263
2287
2235
2258
2236
2288
2248
2266
2231
2273
2255
2241
2260
2231
2281
2286
2291
2242
2274
2226
2244
2176
2166
2111
2141
2116
2123
2122
2099
2137
2155
2180
2163
2173
2152
2206
2176
2179
2141
2177
2165
2187
2159
2151
2140
2159
2171
2155
2179
2183
2218
2194
2232
2187
2221
2179
2222
2155
2179
2133
2152
2135
2151
2138
2157
2172
2165
2199
2159
2195
2167
2221
2172
2204
2158
2199
2170
2228
2167
2205
2187
2257
2232
2221
2198
2185
2203
2187
2189
2170
2203
2166
2221
2172
2199
2152
2191
2137
2157
2109
2111
2124
2154
2137
2138
2126
2084
2117
2068
2084
2036
2092
2062
2078
2052
2055
2045
2058
2028
2025
2014
2036
2034
2003
2019
1983
2030
2007
2015
1957
1995
1972
2012
1964
1984
1949
1998
1984
1981
1980
1954
1983
1974
2000
1983
2005
1967
2060
2029
2083
2034
2094
2047
2098
2050
2058
2032
2054
2041
2034
2009
2016
2031
2008
2052
2006
2046
2020
2059
1995
2054
2007
2058
2025
2047
2007
2025
1984
1976
1990
1957
1949
1945
1972
1935
1926
1901
1930
1891
1907
1863
1880
1879
1924
1921
1907
1910
1914
1963
1961
1991
1953
1963
1933
1965
1920
1912
1869
1899
1847
1849
1840
1828
1854
1859
1871
1869
1918
1876
1959
1913
1966
1951
2044
1993
2033
2022
2057
2042
2100
2064
2072
2052
2075
2045
1988
1995
1944
1966
1912
1917
1867
1907
1870
1929
1873
1914
1865
1941
1922
1965
1943
1943
1940
1967
1965
1963
1954
1945
2006
1964
1987
1940
1967
1924
1922
1875
1877
1843
1855
1863
1862
1855
1883
1903
1893
1913
1882
1935
1924
1974
1933
1951
1888
1908
1883
1887
1851
1855
1844
1818
1834
1797
1799
1771
1819
1781
1835
1786
1803
1794
1823
1770
1792
1781
1821
1824
1813
1832
1825
1882
1873
1895
1871
1912
1879
1946
1875
1918
1853
1924
1869
1916
1887
1918
1921
1961
1940
1950
1934
1931
1971
1923
1941
1911
1968
1937
1959
1944
1991
1946
2010
1938
1979
1934
2009
1976
1995
1980
1997
1999
2033
2006
2005
2001
1981
2014
1973
1998
1958
1990
1963
2022
1962
1992
1946
2007
1977
2011
1968
1990
1984
1995
1966
1938
1916
1912
1871
1820
1819
1781
1819
1799
1819
1789
1827
1810
1862
1836
1858
1819
1871
1851
1840
1807
1781
1795
1803
1807
1783
1792
1798
1820
1794
1812
1775
1825
1797
1832
1787
1826
1800
1849
1821
1839
1817
1866
1871
1859
1858
1838
1878
1906
1940
1933
1961
1935
2008
1966
2006
1941
1985
1945
1957
1909
1903
1837
1859
1805
1813
1768
1785
1765
1776
1753
1741
1749
1769
1794
1789
1830
1808
1905
1905
1962
1933
1994
1980
2039
2015
2050
1982
2028
1996
2032
1987
2004
1985
2014
1986
1995
1962
2002
2002
1999
2010
1972
2008
1999
2022
1967
1980
1927
2002
1943
1978
1899
1961
1920
1966
1929
1957
1916
1993
1958
1997
1950
2019
2016
2048
2052
2060
2073
2104
2104
2077
2072
2025
2060
2026
2046
1982
2008
1975
2026
1972
2016
1961
2027
1989
1937
1990
1971
2049
1995
2036
1994
2083
2036
2104
2066
2107
2090
2140
2099
2123
2077
2126
2099
2101
2073
2064
2064
2062
2047
2039
2058
2047
2099
2082
2126
2106
2182
2161
2208
2147
2180
2131
2186
2101
2120
2056
2115
2098
2139
2088
2136
2127
2188
2123
2129
2103
2098
2080
2072
2025
2009
1995
1976
2000
1966
1988
1998
2066
2070
2096
2075
2141
2130
2183
2116
2160
2122
2187
2129
2146
2084
2125
2069
2101
2021
2057
2001
2040
2027
2046
2007
2039
2027
2061
2053
2049
2051
2063
2085
2084
2083
2089
2111
2083
2122
2083
2105
2086
2122
2083
2132
2074
2142
2112
2162
2111
2169
2142
2210
2176
2217
2168
2230
2207
2246
2175
2204
2165
2214
2187
2207
2165
2206
2192
2208
2226
2214
2221
2242
2245
2235
2214
2207
2247
2223
2222
2159
2172
2160
2166
2126
2160
2113
2183
2171
2196
2166
2211
2154
2203
2129
2129
2058
2103
2042
2056
2031
2075
2061
2126
2107
2156
2132
2200
2192
2218
2198
2226
2217
2252
2215
2227
2219
2224
2207
2206
2185
2184
2160
2182
2154
2141
2140
2130
2149
2157
2148
2127
2123
2125
2163
2138
2144
2146
2168
2162
2180
2147
2143
2124
2146
2115
2102
2088
2103
2090
2112
2071
2098
2092
2113
2077
2103
2048
2102
2082
2100
2049
2082
2094
2149
2110
2125
2063
2115
2087
2123
2074
2148
2123
2194
2155
2202
2144
2199
2161
2207
2135
2165
2132
2182
2133
2173
2112
2158
2136
2167
2127
2171
2140
2202
2156
2200
2215
2230
2234
2250
2217
2234
2215
2216
2227
2189
2174
2169
2194
2190
2174
2168
2195
2186
2210
2206
2215
2195
2221
2218
2270
2228
2233
2203
2263
2227
2234
2174
2196
2137
2155
2088
2089
2054
2103
2070
2104
2068
2098
2100
2161
2142
2168
2147
2192
2180
2202
2153
2195
2194
2209
2176
2186
2132
2162
2127
2146
2087
2112
2063
2106
2035
2033
1964
2005
1956
1964
1902
1942
1888
1950
1918
1990
1954
2046
2035
2115
2062
2117
2093
2170
2119
2181
2169
2224
2199
2259
2191
2231
2188
2258
2217
2244
2180
2205
2163
2201
2139
2177
2137
2176
2151
2196
2154
2188
2175
2228
2209
2241
2202
2225
2202
2211
2147
2174
2143
2188
2151
2176
2127
2166
2127
2140
2105
2128
2104
2166
2139
2168
2123
2176
2127
2161
2090
2127
2100
2151
2076
2090
2024
2084
2040
2073
1997
2024
1988
2031
1986
2028
1961
2028
1965
2005
1930
1990
1960
2036
1975
2010
1964
2046
2016
2046
2008
2054
2009
2075
2020
2048
1987
2018
1960
2001
1947
1971
1926
1977
1957
1983
1970
2016
2001
2059
2052
2090
2085
2114
2108
2142
2111
2139
2140
2151
2125
2122
2082
2113
2082
2080
2029
2035
2049
2049
2004
2035
1971
2003
1988
1999
1973
1976
1943
1993
1962
1986
1972
2019
2028
2027
2010
2032
1995
2037
2000
1989
1959
2003
1974
2017
1982
1995
1987
2022
2002
1989
1988
2012
2042
2065
2048
2027
2047
2029
2017
2014
1995
1997
2047
2048
2062
2040
2064
2097
2128
2099
2108
2073
2112
2063
2086
2049
2065
2034
2080
2018
2060
2006
2016
2020
2042
2011
2034
1987
2009
1944
1985
1943
1970
1930
1943
1885
1903
1875
1929
1904
1916
1854
1897
1873
1894
1831
1863
1840
1882
1871
1909
1890
1956
1944
2007
1966
1994
1961
2010
1963
1973
1931
1965
1935
1997
1936
1968
1931
1990
1945
2011
1954
1984
1955
2016
1955
1993
1967
2023
1983
2022
1957
2017
1987
2035
1986
2026
1970
2042
2014
2062
2016
2061
2055
2088
2030
2041
1978
2007
2012
2023
1992
1996
1974
2013
1993
2009
2004
2034
2039
2047
2021
2043
2049
2071
2080
2103
2119
2146
2149
2163
2142
2126
2120
2109
2103
2082
2044
2047
2043
2054
2054
2035
2044
2060
2042
2050
2025
2022
2035
2043
2048
2054
2010
2027
2012
2005
1996
1991
2022
2025
2008
1998
1971
1970
1982
1934
1909
1882
1879
1888
1896
1886
1914
1927
1981
1963
1982
1955
1996
1982
2013
1956
1986
1921
1943
1896
1912
1852
1911
1874
1901
1876
1927
1910
1991
1963
2027
1984
2060
2040
2095
2052
2091
2038
2092
2022
2037
1990
1991
1944
1968
1896
1906
1843
1886
1836
1857
1829
1873
1884
1959
1924
1952
1929
1950
1929
1950
1916
1935
1907
1928
1889
1893
1853
1884
1867
1899
1883
1937
1942
2011
2014
2058
2010
2055
2033
2069
2017
2043
1979
2037
1961
1984
1904
1943
1893
1955
1897
1946
1898
1974
1923
1977
1944
1985
1956
2021
1953
2018
1977
2041
2017
2048
1976
2030
1995
2058
2021
2064
2044
2124
2117
2170
2126
2172
2167
2211
2171
2178
2123
2159
2144
2160
2131
2135
2098
2152
2118
2148
2104
2139
2128
2152
2136
2155
2095
2132
2075
2090
2055
2085
2041
2080
2025
2065
2007
2065
2030
2050
2008
2044
1987
2048
1990
2026
1971
2015
1968
2041
1975
2007
1962
2024
1975
2013
1982
2033
2018
2086
2048
2086
2076
2135
2096
2129
2071
2111
2120
2148
2103
2104
2067
2112
2107
2117
2072
2108
2119
2132
2118
2149
2120
2185
2185
2202
2192
2229
2220
2280
2229
2262
2245
2295
2282
2278
2227
2261
2228
2283
2244
2279
2260
2300
2248
2287
2226
2275
2255
2306
2254
2276
2219
2263
2215
2257
2190
2217
2190
2234
2202
2240
2174
2217
2177
2205
2168
2202
2163
2208
2151
2173
2128
2136
2112
2135
2108
2139
2112
2182
2191
2218
2177
2190
2168
2207
2141
2140
2100
2145
2135
2148
2135
2173
2147
2199
2160
2176
2146
2175
2128
2151
2077
2105
2089
2136
2081
2105
2063
2134
2110
2179
2122
2165
2137
2196
2162
2211
2134
2196
2148
2208
2139
2186
2141
2218
2169
2215
2144
2210
2168
2198
2168
2232
2209
2292
2257
2313
2256
2309
2271
2326
2280
2294
2238
2287
2216
2234
2180
2185
2158
2211
2178
2215
2190
2246
2257
2303
2282
2313
2301
2330
2276
2288
2257
2282
2260
2276
2233
2254
2229
2254
2223
2254
2223
2244
2246
2293
2241
2259
2217
2258
2232
2252
2194
2229
2200
2229
2179
2183
2152
2223
2204
2243
2201
2274
2268
2277
2234
2228
2190
2234
2187
2216
2194
2176
2182
2193
2173
2186
2176
2208
2195
2176
2159
2141
2169
2169
2166
2176
2190
2184
2240
2221
2238
2209
2227
2207
2220
2180
2214
2202
2259
2244
2268
2251
2281
2266
2321
2264
2295
2281
2333
2313
2367
2316
2356
2308
2337
2287
2299
2261
2294
2267
2277
2211
2232
2203
2242
2193
2242
2197
2238
2221
2249
2207
2235
2213
2259
2217
2239
2205
2274
2270
2293
2258
2300
2278
2320
2287
2291
2238
2298
2256
2283
2244
2261
2242
2281
2210
2232
2187
2214
2230
2245
2204
2230
2224
2252
2199
2218
2205
2189
2191
2186
2164
2159
2152
2148
2174
2149
2191
2191
2213
2209
2228
2192
2234
2216
2270
2232
2270
2240
2278
2242
2296
2229
2270
2229
2290
2208
2232
2159
2198
2133
2183
2103
2148
2101
2137
2103
2141
2083
2152
2134
2185
2122
2163
2132
2178
2149
2186
2149
2192
2179
2204
2184
2173
2172
2199
2198
2199
2167
2182
2181
2167
2161
2140
2155
2154
2155
2141
2158
2105
2163
2137
2147
2106
2169
2178
2211
2178
2214
2182
2249
2213
2223
2181
2205
2165
2202
2151
2179
2131
2205
2174
2204
2168
2193
2184
2230
2183
2214
2168
2195
2183
2189
2147
2172
2144
2169
2144
2171
2168
2170
2167
2164
2132
2112
2095
2087
2076
2034
1997
1967
1971
1967
1946
1939
1972
1971
2003
1999
2003
1998
2037
2007
2038
2017
2063
2070
2114
2088
2108
2105
2148
2148
2172
2118
2129
2114
2134
2116
2132
2076
2101
2082
2101
2061
2075
2046
2087
2070
2076
2044
2093
2069
2059
2030
2027
2043
2067
2062
2048
2041
2044
2048
2034
2036
2001
2019
2030
2069
2023
2051
2015
2059
2034
2034
1987
2007
1969
1984
1925
1937
1889
1946
1941
1990
1966
2006
1972
2008
1977
2007
1958
1995
1972
1977
1959
1961
1953
1973
1960
1954
1943
1949
1971
1969
1976
1955
1974
1985
1982
1942
1952
1885
1914
1876
1900
1857
1889
1862
1928
1881
1916
1879
1968
1953
1999
1973
1994
1966
2019
1972
1989
1959
2028
2017
2032
1999
1999
2004
2030
2007
2007
2013
2013
2043
2015
1999
1976
2011
2005
2011
1949
1980
1945
1999
1961
1979
1930
1967
1908
1935
1869
1898
1858
1923
1863
1889
1853
1879
1843
1881
1841
1876
1839
1857
1855
1839
1817
1821
1837
1846
1837
1847
1853
1837
1876
1849
1863
1836
1860
1837
1880
1838
1880
1843
1907
1853
1878
1825
1865
1821
1849
1791
1815
1786
1839
1874
1827
1886
1844
1870
1798
1821
1782
1792
1767
1759
1721
1754
1772
1787
1754
1775
1790
1815
1823
1809
1807
1812
1825
1769
1790
1729
1767
1734
1761
1717
1740
1699
1752
1716
1746
1715
1772
1766
1805
1803
1839
1830
1878
1860
1878
1826
1834
1811
1794
1759
1722
1700
1696
1693
1672
1677
1642
1685
1656
1689
1665
1706
1697
1758
1757
1782
1735
1776
1760
1783
1733
1743
1724
1762
1748
1765
1751
1791
1798
1832
1849
1849
1878
1913
1931
1928
1936
1923
1977
1943
1965
1918
1947
1918
1925
1896
1902
1866
1930
1915
1933
1898
1936
1921
1937
1907
1888
1866
1882
1867
1875
1879
1857
1893
1901
1922
1894
1926
1943
1972
1950
1992
1964
2039
2038
2070
2033
2072
2050
2086
2031
2036
1982
2001
1951
1946
1932
1930
1946
1964
1960
1971
1985
1992
2040
2031
2064
2051
2105
2098
2144
2112
2140
2089
2136
2104
2114
2041
2076
2027
2051
1994
1994
1972
2007
1986
2014
2046
2035
2082
2100
2123
2103
2121
2127
2145
2096
2100
2032
2059
2018
2007
1937
1940
1897
1949
1899
1931
1877
1930
1884
1900
1886
1887
1903
1935
1935
1945
1949
1971
2027
2000
2014
1976
2011
2010
2021
1995
2048
2004
2069
2019
2076
2031
2109
2078
2125
2057
2081
2051
2111
2087
2140
2130
2119
2136
2126
2131
2112
2122
2115
2138
2104
2150
2105
2166
2139
2188
2148
2205
2156
2220
2156
2179
2097
2149
2099
2110
2084
2095
2061
2098
2074
2088
2049
2057
2095
2073
2067
2029
2060
2050
2053
1995
2025
1960
2035
1988
2021
1967
2033
1999
2049
2009
2035
2014
2078
2021
2038
2004
2010
2044
2053
2039
2016
2002
1998
2021
1971
1991
1945
1994
1969
1998
1969
2023
2007
2088
2042
2068
2027
2094
2064
2100
2091
2079
2062
2077
2055
2064
2041
2011
2038
2004
2023
2001
2029
2019
2038
2031
2063
2034
2094
2073
2094
2065
2109
2111
2144
2134
2140
2142
2168
2147
2135
2115
2058
2076
2064
2056
2023
2065
2083
2111
2071
2071
2016
2049
2021
2035
2006
2033
2023
2037
2031
2044
2036
2059
2048
2030
2042
1996
2041
2023
2045
1993
2011
1988
2054
2050
2096
2058
2088
2078
2118
2076
2073
2070
2089
2098
2072
2043
2037
2017
1959
1961
1899
1928
1896
1936
1875
1915
1859
1915
1891
1943
1899
1951
1927
1997
1996
2010
1991
2021
1992
1983
1931
1894
1904
1870
1881
1845
1864
1853
1912
1890
1959
1917
1976
1934
1972
1906
1930
1897
1951
1934
1970
1922
1959
1939
1954
1905
1872
1867
1877
1896
1867
1848
1832
1876
1846
1883
1823
1846
1818
1849
1768
1791
1705
1727
1673
1709
1667
1717
1721
1755
1761
1760
1754
1773
1780
1775
1779
1763
1820
1821
1882
1864
1916
1906
1942
1911
1934
1888
1922
1881
1884
1830
1846
1831
1851
1835
1829
1816
1829
1834
1833
1853
1838
1853
1862
1877
1855
1863
1849
1895
1859
1883
1854
1872
1850
1869
1838
1856
1838
1843
1851
1855
1843
1863
1890
1876
1893
1821
1825
1801
1832
1787
1792
1764
1797
1773
1809
1783
1842
1833
1876
1875
1870
1855
1862
1886
1879
1882
1890
1916
1917
1956
1906
1951
1940
1989
1933
1961
1898
1962
1939
1973
1917
1971
1959
2015
2022
2024
2009
2024
2025
2021
1998
1999
2040
2008
2030
1981
2003
1980
2010
1963
1998
1967
2046
2031
2083
2043
2082
2041
2088
2075
2102
2074
2099
2083
2081
2058
2012
2016
2018
2051
2022
2033
2026
2087
2063
2103
2040
2064
2025
2054
2000
2015
1959
1985
1953
1958
1907
1919
1903
1903
1915
1891
1879
1877
1893
1877
1870
1845
1886
1882
1918
1888
1919
1912
1956
1944
1973
1944
1968
1984
1998
1972
1991
2002
2015
2041
2016
2034
2039
2075
2052
2075
2014
2039
2035
2064
2029
2077
2081
2104
2104
2105
2089
2100
2102
2121
2089
2094
2100
2070
2099
2056
2086
2074
2118
2078
2112
2066
2113
2091
2152
2100
2134
2075
2077
2039
2032
1980
1980
1962
1994
2023
2006
2050
2072
2124
2112
2140
2109
2155
2111
2152
2074
2096
2030
2077
1999
2021
1949
1986
1977
2011
1966
1995
1991
2020
2048
2023
2030
2018
2061
2034
2024
1990
2018
1974
2042
1984
2014
1961
2042
2015
2050
1986
2028
2022
2084
2043
2088
2081
2097
2119
2128
2133
2140
2170
2164
2178
2106
2141
2108
2144
2083
2103
2063
2131
2109
2151
2111
2160
2119
2152
2090
2102
2074
2092
2100
2088
2066
2053
2063
2059
2093
2062
2093
2056
2102
2067
2098
2061
2098
2083
2113
2075
2097
2050
2094
2090
2107
2094
2084
2104
2100
2101
2084
2098
2094
2140
2097
2111
2062
2110
2078
2117
2067
2080
2058
2095
2045
2057
2022
2033
2063
2066
2067
2061
2103
2119
2114
2084
2113
2088
2131
2083
2088
2023
2061
2027
2083
2046
2081
2082
2151
2129
2164
2151
2154
2185
2187
2170
2165
2181
2195
2218
2174
2199
2157
2233
2212
2252
2214
2274
2246
2313
2261
2298
2240
2308
2250
2279
2245
2271
2260
2276
2250
2258
2258
2250
2301
2279
2294
2263
2296
2264
2276
2246
2303
2260
2327
2283
2324
2255
2313
2254
2285
2227
2249
2219
2277
2276
2295
2320
2288
2333
2335
2354
2326
2345
2338
2374
2317
2329
2263
2297
2270
2315
2273
2301
2275
2341
2308
2324
2292
2357
2350
2348
2343
2325
2348
2369
2370
2349
2354
2333
2396
2370
2387
2346
2398
2378
2392
2360
2374
2350
2394
2383
2406
2381
2426
2405
2421
2418
2401
2394
2412
2419
2396
2406
2353
2380
2347
2367
2332
2358
2349
2386
2356
2378
2346
2382
2369
2387
2356
2368
2379
2399
2402
2404
2407
2410
2428
2398
2428
2379
2393
2378
2398
2338
2356
2291
2318
2291
2302
2266
2286
2271
2294
2288
2292
2291
2331
2332
2329
2303
2326
2335
2319
2336
2300
2318
2299
2310
2273
2303
2259
2321
2285
2308
2243
2278
2242
2265
2205
2200
2147
2173
2138
2150
2126
2140
2170
2191
2223
2215
2233
2250
2288
2263
2291
2238
2282
2238
2274
2196
2238
2196
2250
2189
2198
2124
2162
2111
2120
2078
2087
2089
2120
2103
2111
2098
2128
2151
2132
2148
2097
2119
2100
2121
2070
2106
2045
2101
2063
2124
2057
2126
2083
2126
2083
2103
2054
2121
2098
2134
2065
2091
2112
2134
2147
2151
2143
2166
2172
2159
2189
2147
2194
2181
2219
2170
2192
2146
2213
2157
2206
2144
2213
2170
2209
2176
2195
2173
2217
2174
2188
2158
2205
2211
2227
2229
2215
2230
2243
2254
2234
2254
2227
2297
2270
2295
2234
2284
2260
2298
2242
2263
2224
2272
2211
2219
2158
2162
2148
2178
2156
2165
2166
2193
2192
2180
2185
2181
2219
2212
2232
2234
2237
2208
2233
2192
2195
2138
2165
2124
2143
2133
2143
2118
2157
2124
2130
2090
2136
2118
2119
2110
2111
2132
2150
2156
2146
2155
2126
2193
2183
2217
2178
2237
2246
2287
2252
2268
2233
2280
2236
2247
2192
2198
2183
2194
2161
2155
2129
2150
2134
2139
2132
2089
2110
2109
2116
2095
2117
2084
2132
2087
2102
2060
2099
2064
2063
2031
2044
2008
2054
2015
2028
1997
2026
2026
2051
2044
2064
2085
2122
2123
2137
2155
2133
2163
2146
2147
2112
2133
2114
2133
2089
2117
2089
2147
2106
2122
2069
2111
2101
2132
2101
2113
2077
2114
2093
2131
2157
2160
2181
2193
2194
2202
2199
2171
2206
2150
2130
2076
2107
2086
2076
2043
2074
2041
2116
2083
2136
2105
2179
2196
2230
2190
2203
2189
2239
2191
2211
2178
2185
2199
2192
2163
2140
2120
2122
2113
2069
2088
2063
2111
2088
2094
2056
2080
2041
2088
2031
2048
2000
2066
2027
2070
2039
2063
2045
2086
2051
2085
2062
2079
2091
2108
2118
2134
2172
2206
2208
2191
2221
2189
2220
2182
2191
2140
2172
2101
2150
2078
2092
2043
2117
2043
2081
2063
2102
2091
2142
2096
2121
2101
2169
2141
2150
2134
2145
2159
2181
2181
2192
2210
2206
2265
2224
2227
2197
2227
2204
2214
2160
2214
2202
2273
2215
2255
2220
2259
2240
2272
2210
2244
2207
2250
2180
2199
2144
2155
2133
2135
2080
2095
2078
2062
2076
2039
2041
2044
2051
2026
2028
1999
2018
1998
2042
1988
2033
1996
2060
2047
2115
2067
2126
2112
2176
2127
2176
2131
2159
2149
2167
2132
2138
2129
2160
2159
2140
2131
2126
2151
2143
2145
2134
2165
2129
2178
2131
2155
2132
2167
2108
2126
2027
2043
1979
2010
1932
1965
1930
1978
1971
1998
1949
1978
1955
1999
1935
1941
1907
1920
1926
1929
1911
1932
1943
1928
1939
1899
1920
1922
1946
1911
1933
1992
1950
2023
1975
2017
1963
2040
1998
2075
2038
2069
2043
2106
2050
2092
2060
2075
2061
2046
2010
2007
1996
2023
2015
2023
2043
2022
2086
2091
2112
2099
2147
2140
2213
2158
2182
2137
2190
2159
2186
2119
2159
2130
2199
2139
2174
2135
2200
2171
2196
2149
2172
2165
2203
2143
2155
2137
2135
2153
2148
2129
2115
2126
2127
2121
2087
2105
2117
2159
2140
2162
2156
2218
2204
2266
2228
2270
2261
2310
2261
2300
2247
2303
2268
2301
2233
2261
2210
2249
2208
2207
2138
2161
2132
2145
2100
2124
2140
2179
2186
2184
2165
2175
2166
2136
2143
2108
2138
2128
2141
2123
2141
2126
2174
2145
2187
2155
2198
2180
2231
2184
2220
2161
2221
2194
2225
2152
2186
2145
2200
2162
2171
2126
2166
2142
2148
2128
2118
2108
2137
2111
2091
2063
2107
2126
2137
2146
2119
2147
2166
2185
2154
2150
2099
2140
2109
2115
2057
2096
2070
2083
2020
2053
2014
2087
2046
2093
2061
2119
2122
2177
2133
2152
2123
2163
2122
2152
2122
2120
2112
2117
2080
2082
2056
2059
2090
2067
2056
2037
2055
2049
2046
2036
2056
2046
2087
2068
2084
2051
2082
2049
2102
2044
2066
2027
2067
2018
2038
2009
2038
2010
2039
1996
2014
1988
2052
2051
2071
2052
2108
2126
2175
2152
2176
2159
2192
2194
2202
2176
2173
2159
2147
2114
2081
2063
2073
2090
2074
2048
2060
2063
2082
2096
2070
2083
2103
2134
2112
2144
2122
2180
2176
2192
2141
2181
2174
2219
2183
2188
2151
2190
2157
2172
2126
2151
2128
2170
2136
2156
2133
2187
2158
2173
2157
2168
2144
2162
2127
2143
2107
2111
2146
2156
2156
2154
2152
2167
2151
2139
2147
2106
2160
2151
2170
2170
2188
2154
2204
2165
2200
2176
2232
2202
2236
2216
2228
2178
2216
2163
2171
2116
2168
2114
2143
2088
2113
2081
2149
2103
2154
2115
2134
2130
2153
2117
2160
2159
2189
2168
2146
2119
2119
2148
2147
2131
2135
2135
2107
2132
2104
2110
2107
2137
2116
2144
2072
2091
2043
2071
1999
2032
1989
2040
1987
2020
1962
2020
1993
2026
1962
2035
2003
2046
1999
2042
1989
2067
2046
2105
2065
2101
2067
2123
2103
2145
2094
2126
2137
2154
2154
2166
2148
2155
2141
2100
2095
2036
2048
2023
2024
1996
2013
1981
2053
2012
2034
1983
2042
2016
2052
2036
2096
2058
2162
2107
2148
2068
2142
2084
2123
2047
2086
2054
2121
2062
2107
2073
2103
2103
2150
2104
2123
2105
2148
2127
2104
2074
2075
2099
2101
2079
2084
2076
2047
2059
2029
2036
2013
2047
2037
2075
2025
2053
2023
2087
2043
2084
2057
2135
2114
2180
2137
2182
2146
2204
2136
2179
2109
2125
2107
2149
2088
2114
2091
2124
2123
2122
2083
2108
2115
2148
2121
2128
2127
2127
2152
2133
2107
2087
2086
2052
2083
2048
2065
2052
2076
2047
2052
2016
2059
2021
2038
1991
2001
1978
2016
1985
1994
1943
2000
1991
2028
1969
1981
1949
2012
1970
1961
1911
1956
1941
1973
1969
2008
1988
2037
2007
2029
1989
2034
2019
2049
2024
2048
2038
2068
2043
2066
2063
2067
2080
2078
2055
2058
2049
2060
2035
2001
1990
1954
1948
1947
1955
1955
1957
1941
1989
1961
1972
1958
2007
2009
2053
2019
2044
2016
2059
2003
2016
1947
1988
1948
1989
1941
1993
1981
2044
2018
2074
2020
2054
2023
2062
2014
2039
1995
2023
2031
2052
2022
2057
2047
2087
2043
2050
2034
2039
2035
2036
2007
2019
2040
2048
2055
2024
2053
2059
2098
2081
2086
2043
2096
2048
2071
2023
2055
2040
2083
2036
2082
2019
2067
2011
2055
1978
2029
1984
2047
1998
2045
1997
2060
2010
2065
2033
2070
2038
2093
2046
2066
2001
2040
1991
1987
1951
1932
1894
1917
1865
1871
1864
1835
1880
1873
1880
1886
1917
1934
1970
1940
1991
1958
2000
1967
1971
1925
1958
1906
1977
1922
1976
1930
1992
1949
1993
1938
1992
1967
2045
1992
2030
1979
2042
2025
2083
2036
2064
2040
2103
2043
2075
2028
2049
2043
2056
1999
2007
1985
2009
2035
2033
2028
2056
2083
2093
2066
2066
2103
2114
2130
2105
2117
2139
2147
2117
2136
2100
2149
2147
2176
2133
2156
2114
2173
2144
2178
2139
2164
2134
2155
2106
2134
2082
2126
2093
2108
2065
2110
2086
2124
2092
2121
2085
2139
2122
2147
2108
2103
2093
2121
2093
2113
2068
2131
2122
2131
2105
2100
2086
2107
2076
2086
2077
2073
2090
2079
2053
2034
2023
2050
2057
2042
2043
2033
2075
2066
2046
2013
2018
1997
2000
1951
1945
1917
1952
1912
1942
1893
1922
1896
1940
1897
1934
1928
1966
1939
1975
1932
1970
1949
1993
1951
1985
1943
1997
1969
2003
1956
2003
1957
1983
1983
2006
1977
2023
2005
2039
1994
2000
1997
2021
2000
2001
1989
2019
1997
1991
2013
1994
2016
2020
2036
2025
2013
1952
2010
1962
2002
1958
2011
2002
2028
1999
2059
2007
2084
2042
2077
1994
2041
1979
2019
1930
1962
1897
1959
1899
1938
1898
1935
1919
1979
1939
1977
1931
2003
1986
1995
1997
1996
2008
2022
1984
1966
1949
1916
1947
1896
1880
1852
1859
1846
1879
1830
1868
1860
1936
1927
1965
1936
1983
1961
2044
1994
2041
2008
2080
2032
2094
2039
2087
2051
2100
2046
2090
2046
2099
2073
2094
2054
2094
2075
2106
2051
2066
2035
2068
2061
2074
2056
2089
2093
2122
2128
2127
2135
2156
2170
2151
2127
2107
2136
2139
2156
2130
2137
2126
2148
2127
2169
2131
2155
2136
2160
2125
2141
2102
2171
2157
2189
2134
2203
2187
2208
2176
2174
2120
2161
2117
2120
2063
2123
2112
2161
2139
2157
2123
2177
2170
2180
2148
2122
2130
2170
2175
2174
2161
2198
2200
2197
2186
2163
2177
2190
2186
2175
2174
2138
2159
2135
2151
2138
2154
2152
2179
2126
2139
2095
2130
2084
2090
2062
2100
2087
2131
2087
2112
2080
2127
2100
2135
2089
2108
2085
2145
2102
2140
2113
2150
2142
2174
2153
2185
2167
2203
2158
2179
2152
2176
2172
2177
2152
2155
2149
2165
2183
2171
2165
2176
2205
2199
2175
2165
2207
2200
2231
2211
2221
2217
2254
2229
2247
2176
2214
2170
2201
2154
2183
2145
2209
2166
2189
2122
2167
2123
2154
2108
2147
2087
2150
2108
2153
2111
2175
2140
2171
2150
2154
2132
2163
2114
2123
2125
2120
2135
2142
2123
2110
2104
2118
2093
2045
2034
1973
2016
1993
1999
1963
1990
1916
1983
1929
1990
1948
2005
1973
2030
1965
1996
1921
1975
1905
1936
1869
1907
1874
1926
1891
1938
1902
1949
1891
1914
1882
1919
1935
1994
1969
1991
1962
1982
2018
2006
2007
1977
1992
1990
1989
1998
2018
2014
2070
2058
2067
2029
2053
1991
2049
1983
2000
1965
2010
1945
1970
1938
2001
1974
2013
1943
1963
1910
1943
1894
1897
1842
1867
1858
1886
1846
1878
1853
1886
1862
1854
1804
1828
1820
1836
1817
1800
1801
1819
1818
1803
1812
1836
1853
1840
1855
1850
1884
1905
1920
1915
1935
1898
1956
1933
1930
1891
1915
1906
1925
1887
1902
1863
1918
1899
1953
1908
1946
1915
1954
1920
1913
1843
1854
1811
1833
1787
1793
1773
1838
1839
1890
1873
1916
1955
1991
1977
1985
1967
1983
1943
1928
1913
1896
1926
1929
1917
1903
1914
1897
1931
1898
1913
1913
1956
1960
1963
1939
1959
1940
1968
1910
1914
1875
1900
1861
1894
1839
1873
1877
1932
1884
1916
1910
1964
1950
1975
1931
1952
1929
1969
1937
1940
1900
1944
1954
1999
1994
2026
2023
2034
2003
1972
1946
1956
1952
1953
1939
1924
1937
1958
1984
1973
1969
1983
2019
2006
2031
1985
2016
2000
2023
1972
2009
1943
2001
1959
1988
1923
1955
1925
1970
1929
1953
1887
1947
1912
1949
1891
1928
1909
1948
1911
1913
1883
1955
1924
1955
1955
1977
2021
2053
2053
2054
2040
2032
2086
2058
2071
2037
2050
2018
2004
1939
1963
1909
1977
1920
1949
1900
1970
1947
2022
1959
2015
1967
2038
1974
2003
1972
2008
1982
2028
1996
2063
2050
2125
2106
2138
2111
2115
2093
2095
2057
2056
2027
2010
2039
2006
2009
1983
2014
2013
2033
1995
2016
1995
2037
1993
2015
1958
1998
1950
1983
1893
1924
1874
1952
1873
1935
1869
1905
1867
1903
1854
1895
1856
1889
1878
1886
1851
1899
1909
1955
1928
1953
1952
1974
1988
1990
1989
2007
2020
2003
2032
1990
2025
2031
2071
2030
2040
1989
2052
2005
2042
1983
2065
2042
2085
2055
2114
2077
2165
2133
2170
2096
2143
2106
2152
2124
2146
2105
2161
2117
2126
2090
2079
2063
2069
2041
2024
1998
2037
2035
2013
1988
1996
1979
2051
2045
2067
2018
2063
2028
2089
2030
2075
2017
2087
2068
2108
2050
2062
2026
2078
2037
2061
2020
2015
2021
2005
1967
1955
1949
1960
1979
1948
1964
1949
1979
1966
1961
1938
1965
1957
2007
1961
1999
1990
2049
2025
2077
2026
2068
2041
2091
2050
2099
2077
2113
2094
2120
2081
2123
2109
2140
2084
2111
2088
2130
2114
2134
2098
2114
2111
2099
2084
2053
2035
2017
2018
2005
2015
1998
2029
2020
2043
2022
2019
2022
2053
2012
2032
1969
2019
1994
2031
1995
2049
2065
2125
2112
2138
2095
2131
2124
2159
2131
2141
2111
2158
2150
2174
2149
2187
2170
2197
2202
2205
2209
2257
2259
2252
2240
2204
2239
2238
2228
2195
2197
2208
2218
2187
2202
2166
2213
2208
2210
2178
2211
2178
2228
2205
2221
2202
2258
2231
2276
2247
2286
2279
2321
2275
2297
2248
2257
2248
2256
2231
2241
2224
2260
2219
2212
2210
2204
2217
2209
2189
2162
2169
2141
2182
2147
2158
2154
2203
2191
2199
2199
2222
2201
2243
2199
2233
2210
2255
2223
2251
2202
2228
2198
2222
2157
2154
2121
2135
2124
2123
2091
2098
2094
2128
2107
2074
2065
2077
2087
2089
2092
2081
2054
2055
2062
2019
2018
2010
2046
2019
2050
2025
2080
2091
2132
2104
2134
2123
2183
2171
2199
2162
2214
2206
2220
2174
2207
5835
1928
1961
2008
1986
1971
1960
1956
1937
1905
1891
1875
1880
1897
1915
1940
1965
1974
1986
1994
1991
1976
1972
1972
1977
1959
1954
1962
1975
1967
1967
1951
1948
1943
1923
1916
1913
1905
1913
1921
1936
1954
1978
1998
2014
2014
2021
2001
1988
1959
1948
1946
1945
1959
1981
2003
2024
2036
2038
2045
2065
2076
2090
2108
2120
2141
2164
2178
2168
2161
2155
2154
2145
2155
2148
2138
2117
2094
2077
2053
2044
2052
2054
2046
2039
2026
2021
2026
2034
2036
2043
2055
2053
2050
2063
2087
2107
2112
2119
2134
2139
2147
2143
2144
2133
2153
2158
2155
2138
2118
2111
2099
2086
2080
2086
2085
2091
2106
2123
2118
2111
2109
2099
2103
2103
2122
2124
2127
2127
2132
2137
2132
2137
2133
2136
2134
2139
2123
2129
2132
2139
2141
2140
2113
2101
2100
2077
2038
2015
1996
1976
1971
1989
2004
2024
2038
2053
2066
2085
2109
2142
2156
2150
2138
2142
2141
2136
2130
2127
2142
2148
2154
2161
2152
2157
2165
2172
2184
2204
2217
2216
2201
2171
2164
2129
2102
2072
2066
2039
2020
2018
2022
2031
2038
2043
2055
2057
2065
2064
2061
2040
2027
2010
1998
1991
2001
2002
1993
1977
1969
1982
1992
2020
2024
2015
1999
1991
1977
1960
1958
1969
1967
1983
2007
2030
2054
2076
2086
2092
2094
2089
2085
2080
2078
2096
2092
2099
2091
2078
2062
2042
2041
2039
2035
2040
2056
2060
2063
2064
2062
2060
2071
2068
2065
2066
2077
2082
2079
2075
2062
2051
2035
2021
2015
1997
1977
1963
1991
2004
2016
2031
2042
2032
2042
2052
2059
2054
2053
2056
2038
2029
2031
2037
2042
2031
2029
2035
2036
2031
2027
2030
2037
2058
2076
2083
2094
2117
2106
2097
2092
2100
2104
2104
2099
2102
2105
2111
2099
2093
2073
2063
2055
2044
2036
2028
2014
2022
2022
2030
2043
2061
2073
2083
2081
2080
2100
2111
2120
2128
2126
2128
2125
2133
2149
2161
2159
2173
2205
2215
2224
2228
2219
2215
2208
2203
2202
2187
2184
2189
2194
2186
2195
2193
2196
2178
2161
2162
2161
2158
2149
2145
2151
2163
2168
2167
2165
2175
2183
2212
2218
2224
2216
2200
2164
2141
2133
2121
2092
2088
2093
2105
2119
2113
2099
2103
2105
2114
2118
2106
2098
2109
2127
2142
2152
2162
2181
2193
2207
2219
2233
2235
2230
2228
2235
2213
2187
2161
2127
2094
2071
2032
2018
2012
2024
2036
2056
2075
2085
2089
2084
2083
2066
2066
2063
2066
2079
2099
2110
2115
2115
2092
2072
2052
2033
2026
2019
2001
1989
1980
1991
1993
2014
2013
2038
2041
2066
2087
2105
2124
2123
2133
2140
2152
2156
2167
2173
2179
2174
2165
2150
2129
2120
2098
2101
2104
2095
2087
2081
2092
2107
2128
2113
2113
2113
2117
2111
2122
2119
2116
2123
2115
2107
2112
2096
2074
2052
2041
2030
2050
2063
2077
2092
2119
2139
2156
2165
2175
2191
2189
2198
2185
2172
2158
2157
2160
2145
2139
2147
2134
2130
2126
2128
2125
2112
2105
2087
2078
2081
2092
2107
2117
2127
2117
2114
2088
2063
2028
2013
1992
1979
1961
1955
1950
1976
2001
2030
2034
2060
2073
2111
2128
2146
2157
2168
2187
2206
2223
2218
2222
2225
2228
2224
2220
2220
2212
2210
2199
2186
2196
2206
2197
2190
2181
2170
2159
2160
2163
2177
2191
2211
2222
2225
2226
2231
2222
2215
2202
2198
2196
2190
2184
2182
2173
2169
2176
2185
2185
2193
2187
2180
2170
2169
2165
2151
2130
2151
2171
2168
2164
2175
2182
2180
2179
2161
2158
2129
2104
2111
2112
2124
2132
2151
2160
2177
2174
2186
2177
2183
2184
2185
2185
2188
2191
2195
2200
2202
2197
2198
2203
2190
2173
2158
2164
2153
2159
2179
2194
2208
2239
2261
2278
2280
2284
2285
2286
2275
2254
2239
2235
2235
2254
2270
2272
2288
2289
2286
2289
2289
2278
2262
2254
2249
2242
2240
2248
2258
2248
2244
2244
2233
2213
2217
2211
2180
2147
2102
2073
2048
2041
2045
2039
2038
2056
2070
2087
2103
2134
2167
2201
2222
2235
2250
2273
2294
2296
2307
2296
2294
2282
2290
2280
2267
2258
2250
2252
2262
2249
2252
2272
2266
2279
2290
2305
2316
2310
2287
2273
2258
2258
2238
2218
2178
2157
2131
2104
2087
2113
2123
2149
2164
2168
2179
2189
2191
2182
2174
2171
2172
2171
2185
2178
2157
2151
2152
2156
2170
2188
2231
2271
2284
2291
2284
2283
2276
2274
2240
2220
2198
2183
2174
2173
2170
2171
2184
2191
2203
2214
2226
2237
2239
2251
2251
2236
2223
2207
2201
2200
2198
2190
2191
2190
2189
2198
2210
2212
2216
2221
2213
2214
2208
2195
2183
2175
2156
2161
2140
2135
2130
2127
2131
2132
2130
2128
2129
2130
2131
2139
2142
2141
2130
2119
2106
2084
2059
2032
2019
2024
2038
2044
2042
2039
2045
2048
2036
2027
2028
2015
1979
1955
1938
1928
1932
1926
1933
1938
1965
1980
1980
2002
2013
2034
2041
2034
2016
2026
2022
2021
2031
2027
2035
2052
2059
2055
2066
2074
2061
2051
2049
2040
2031
2038
2037
2040
2046
2076
2075
2070
2065
2069
2062
2061
2059
2064
2046
2034
2014
1995
1971
1937
1909
1899
1892
1884
1882
1885
1891
1880
1889
1894
1911
1910
1910
1911
1918
1932
1944
1944
1954
1958
1985
2002
2013
2002
1992
1998
2000
1974
1939
1921
1884
1858
1835
1809
1812
1827
1847
1886
1908
1930
1947
1963
1970
2000
2009
2023
2031
2060
2074
2082
2084
2091
2074
2080
2041
2015
1970
1948
1923
1880
1850
1839
1827
1830
1851
1874
1906
1934
1953
1976
1982
1969
1970
1972
1966
1953
1944
1961
1974
1987
2000
1998
1993
1976
1939
1901
1874
1833
1812
1794
1797
1807
1847
1867
1873
1877
1887
1911
1916
1921
1939
1950
1948
1939
1925
1918
1897
1861
1827
1803
1779
1767
1773
1789
1783
1770
1756
1744
1752
1761
1781
1778
1779
1775
1757
1763
1753
1763
1779
1795
1805
1824
1845
1859
1879
1889
1896
1893
1891
1888
1879
1882
1893
1892
1897
1903
1903
1928
1940
1957
1969
1972
1981
1964
1962
1938
1937
1934
1953
1949
1952
1963
1975
1983
2003
2012
2022
2022
2016
2011
2021
2022
2034
2042
2056
2065
2067
2069
2054
2048
2030
2027
2007
2007
2003
2000
1983
1982
1969
1979
1981
1979
1979
1975
1975
1948
1908
1859
1822
1789
1775
1783
1798
1803
1827
1829
1825
1844
1866
1861
1848
1843
1822
1820
1812
1801
1805
1791
1780
1767
1743
1735
1723
1730
1735
1740
1746
1745
1765
1791
1805
1809
1831
1833
1827
1823
1828
1843
1844
1857
1868
1895
1911
1919
1952
1957
1967
1979
1986
1994
1986
1962
1920
1907
1876
1862
1841
1835
1814
1786
1765
1761
1745
1749
1728
1739
1737
1740
1739
1754
1763
1797
1830
1878
1907
1937
1981
2007
2019
2029
2031
2039
2029
2030
2021
2006
1991
1974
1973
1964
1971
1991
1996
1991
1986
1989
2010
2010
1997
1999
2002
1992
1963
1950
1941
1938
1927
1915
1918
1918
1930
1934
1943
1955
1962
1964
1965
1995
2012
2023
2031
2059
2068
2065
2036
2030
2010
2013
2006
2004
1999
1991
1974
1957
1967
1984
1995
2008
2008
1990
1983
1978
1968
1946
1927
1936
1937
1943
1955
1967
1990
2014
2033
2063
2044
2051
2074
2086
2086
2088
2091
2084
2072
2064
2035
2041
2038
2059
2079
2100
2117
2138
2161
2192
2202
2205
2199
2179
2155
2146
2113
2109
2105
2096
2107
2111
2107
2122
2115
2099
2087
2075
2073
2053
2037
2018
2004
1987
1977
1963
1966
1975
1984
2003
2043
2070
2095
2127
2164
2178
2186
2194
2211
2205
2194
2184
2164
2144
2117
2085
2056
2034
2031
2024
2014
1999
1999
1993
1980
1973
1988
2015
2032
2044
2064
2071
2067
2084
2091
2097
2097
2110
2110
2121
2130
2135
2145
2148
2160
2165
2172
2168
2191
2202
2200
2214
2227
2230
2241
2245
2238
2232
2226
2220
2223
2213
2208
2201
2201
2211
2218
2212
2232
2256
2262
2255
2257
2253
2244
2232
2215
2209
2203
2207
2193
2183
2168
2178
2184
2197
2190
2172
2155
2151
2146
2151
2158
2146
2123
2109
2098
2072
2043
2058
2067
2077
2095
2113
2138
2162
2172
2181
2200
2199
2211
2206
2202
2201
2194
2175
2158
2144
2134
2140
2135
2138
2121
2120
2117
2108
2121
2117
2131
2129
2121
2110
2118
2127
2133
2129
2135
2145
2146
2146
2151
2148
2145
2118
2107
2100
2091
2074
2083
2090
2097
2103
2101
2099
2076
2073
2064
2069
2048
2044
2039
2042
2051
2062
2066
2071
2056
2058
2062
2054
2040
2036
2046
2064
2077
2106
2126
2138
2121
2123
2123
2132
2132
2128
2143
2148
2166
2154
2161
2167
2168
2175
2180
2182
2186
2192
2210
2221
2231
2241
2258
2257
2244
2233
2226
2203
2192
2171
2162
2161
2176
2178
2183
2178
2193
2192
2199
2208
2208
2218
2226
2227
2228
2225
2224
2215
2208
2193
2160
2133
2122
2102
2082
2086
2076
2081
2090
2101
2118
2156
2184
2192
2199
2206
2221
2232
2229
2220
2214
2211
2206
2200
2181
2152
2136
2122
2097
2063
2040
2024
2005
1991
1981
1955
1921
1903
1873
1859
1870
1891
1912
1946
1992
2016
2027
2036
2057
2085
2106
2132
2139
2159
2166
2185
2189
2210
2222
2220
2226
2235
2216
2200
2215
2206
2187
2179
2185
2172
2147
2149
2151
2163
2169
2180
2191
2212
2225
2240
2243
2244
2239
2217
2214
2206
2190
2159
2149
2154
2163
2170
2176
2171
2165
2160
2158
2162
2161
2152
2144
2147
2145
2131
2146
2164
2174
2163
2166
2175
2174
2148
2119
2081
2067
2049
2042
2033
2029
2026
2017
2011
2008
1998
1982
1985
1975
1979
1986
1997
2013
2024
2039
2068
2082
2090
2085
2086
2077
2082
2069
2060
2047
2033
2020
2019
1998
1989
1988
1994
2007
2032
2051
2068
2069
2089
2109
2121
2116
2125
2135
2155
2157
2145
2133
2138
2119
2121
2126
2119
2094
2070
2051
2040
2027
2035
2041
2040
2046
2039
2025
2042
2035
2021
2004
1986
2001
2003
2014
2045
2050
2044
2045
2019
1997
1976
1964
1954
1931
1922
1935
1946
1944
1937
1947
1960
1974
1995
2017
2036
2062
2073
2082
2065
2062
2043
2023
2011
2009
2012
2031
2029
2056
2081
2083
2102
2116
2105
2104
2096
2094
2082
2073
2066
2056
2058
2056
2059
2055
2036
2017
1996
1987
1975
1975
1977
1984
1984
1987
1965
1966
1944
1926
1922
1916
1907
1890
1875
1856
1837
1816
1805
1791
1776
1767
1789
1813
1837
1874
1890
1914
1931
1979
1980
1991
1996
2008
1997
1983
1965
1966
1979
1974
1971
1975
1964
1965
1961
1968
1970
1987
2003
2004
1998
2001
2005
2010
2001
2001
2005
2013
2007
2017
2022
2019
2004
2009
2035
2053
2059
2059
2049
2040
2033
2022
2005
2003
1994
1992
1976
1976
2003
2019
2017
2017
2024
2036
2065
2075
2072
2060
2069
2098
2132
2138
2146
2148
2163
2155
2157
2129
2106
2089
2074
2055
2037
2019
2011
2018
2023
2020
2032
2030
2040
2039
2050
2051
2061
2056
2043
2043
2054
2039
2027
2019
2005
2008
2023
2041
2024
2030
2026
2005
1971
1951
1935
1899
1900
1909
1903
1918
1930
1953
1979
2004
2011
2008
2010
2006
1991
1980
1959
1942
1921
1901
1883
1868
1879
1883
1906
1934
1962
1971
1996
2038
2063
2074
2094
2102
2110
2112
2099
2094
2080
2052
2017
1976
1951
1922
1896
1853
1846
1827
1835
1842
1869
1889
1909
1954
1959
1957
1964
1972
1979
1971
1961
1955
1946
1931
1929
1919
1913
1895
1874
1874
1899
1909
1942
1989
2037
2090
2101
2096
2084
2075
2050
2031
1993
1971
1951
1939
1934
1920
1907
1911
1903
1915
1939
1967
1990
2002
1998
1998
2011
2026
2025
2018
2026
2030
2048
2052
2059
2048
2067
2058
2076
2087
2101
2096
2115
2125
2138
2143
2141
2143
2138
2127
2131
2133
2119
2131
2145
2147
2157
2164
2153
2137
2141
2133
2147
2145
2141
2133
2106
2079
2052
2048
2035
2031
2040
2047
2049
2054
2046
2053
2060
2052
2057
2045
2031
2033
2007
1991
1992
1991
1985
1983
1990
2006
2012
2023
2033
2041
2041
2046
2065
2079
2080
2095
2107
2107
2118
2118
2119
2116
2104
2092
2085
2092
2092
2098
2092
2102
2118
2113
2127
2134
2151
2165
2187
2203
2215
2241
2266
2294
2293
2299
2305
2317
2323
2317
2310
2292
2293
2291
2289
2286
2294
2300
2291
2277
2277
2275
2272
2271
2264
2265
2266
2266
2279
2285
2277
2279
2266
2247
2228
2210
2212
2214
2202
2195
2203
2212
2224
2230
2240
2230
2213
2192
2168
2148
2119
2112
2111
2134
2154
2167
2173
2188
2215
2236
2237
2232
2211
2188
2174
2138
2127
2115
2124
2126
2138
2146
2148
2152
2140
2116
2102
2085
2076
2078
2075
2078
2085
2078
2081
2100
2118
2126
2134
2161
2170
2159
2151
2144
2150
2139
2120
2103
2122
2136
2134
2138
2151
2156
2172
2173
2187
2202
2234
2266
2280
2282
2293
2287
2306
2300
2301
2277
2258
2244
2227
2217
2214
2200
2212
2218
2220
2203
2211
2228
2245
2254
2276
2291
2301
2305
2309
2310
2303
2293
2300
2293
2281
2277
2278
2271
2279
2274
2268
2279
2292
2287
2295
2286
2289
2283
2273
2268
2243
2218
2198
2205
2190
2182
2181
2191
2211
2213
2232
2256
2256
2251
2253
2241
2227
2213
2218
2206
2202
2207
2219
2226
2216
2209
2209
2189
2183
2172
2171
2159
2179
2192
2200
2179
2184
2186
2195
2193
2200
2211
2216
2221
2216
2205
2206
2210
2220
2231
2246
2283
2302
2314
2322
2327
2333
2343
2353
2371
2367
2354
2368
2366
2364
2351
2339
2337
2331
2305
2285
2286
2271
2268
2277
2266
2271
2266
2265
2271
2252
2257
2254
2252
2249
2245
2244
2255
2255
2252
2262
2293
2302
2309
2311
2321
2318
2310
2296
2277
2270
2259
2258
2280
2280
2262
2253
2250
2241
2242
2242
2227
2209
2207
2200
2190
2186
2182
2188
2185
2176
2185
2179
2172
2161
2155
2125
2128
2140
2158
2166
2186
2197
2209
2227
2240
2239
2238
2228
2234
2228
2240
2258
2281
2295
2281
2272
2247
2235
2213
2193
2164
2144
2110
2094
2098
2090
2064
2073
2093
2102
2119
2136
2161
2181
2183
2193
2192
2181
2170
2170
2166
2168
2151
2155
2161
2167
2172
2171
2176
2180
2176
2164
2155
2142
2134
2122
2120
2126
2125
2117
2112
2105
2107
2119
2146
2170
2172
2178
2195
2221
2244
2244
2263
2249
2249
2250
2251
2239
2227
2217
2210
2206
2187
2182
2184
2184
2181
2187
2187
2198
2192
2190
2191
2175
2180
2172
2166
2174
2186
2181
2168
2149
2143
2136
2131
2133
2108
2078
2071
2040
2015
1987
1959
1942
1934
1924
1927
1940
1946
1954
1974
1985
1993
2001
2007
2027
2053
2070
2091
2102
2108
2127
2125
2135
2139
2146
2144
2141
2139
2129
2131
2131
2122
2098
2082
2075
2078
2068
2057
2059
2051
2058
2062
2054
2049
2064
2069
2069
2071
2063
2080
2093
2083
2085
2070
2063
2071
2076
2066
2076
2075
2093
2080
2072
2056
2043
2024
2005
1973
1950
1943
1928
1931
1939
1953
1957
1948
1963
1965
1972
1973
1981
1983
1972
1963
1959
1965
1978
1978
1970
1969
1965
1966
1971
1976
1979
1988
1991
1978
1978
1982
1972
1956
1951
1930
1915
1894
1872
1876
1889
1906
1915
1935
1942
1952
1955
1943
1963
1981
1990
1987
1982
1977
1962
1951
1952
1947
1954
1970
1971
1964
1958
1960
1968
1956
1960
1953
1957
1963
1964
1950
1952
1952
1956
1952
1955
1949
1939
1924
1906
1906
1910
1912
1922
1929
1934
1929
1921
1928
1930
1922
1915
1876
1852
1838
1826
1814
1801
1799
1803
1821
1820
1821
1818
1807
1803
1812
1798
1810
1811
1820
1829
1848
1851
1861
1861
1869
1855
1854
1862
1860
1839
1810
1778
1763
1757
1752
1763
1775
1794
1814
1825
1829
1842
1827
1811
1801
1792
1792
1731
1724
1730
1748
1760
1770
1763
1759
1750
1756
1752
1734
1723
1716
1727
1736
1736
1736
1720
1719
1720
1721
1710
1716
1718
1713
1725
1752
1767
1773
1781
1793
1789
1796
1780
1745
1731
1719
1709
1693
1682
1684
1683
1662
1634
1604
1602
1614
1636
1649
1667
1675
1691
1681
1702
1704
1715
1710
1699
1703
1693
1700
1699
1702
1690
1713
1726
1729
1747
1755
1780
1815
1845
1873
1895
1920
1932
1931
1918
1916
1895
1872
1854
1853
1848
1854
1854
1869
1871
1879
1886
1865
1856
1852
1852
1851
1849
1819
1810
1819
1863
1889
1927
1946
1956
1965
1976
1984
1995
2006
2011
2032
2051
2079
2088
2090
2111
2117
2094
2075
2060
2020
1995
1962
1933
1922
1927
1936
1941
1960
1990
2011
2019
2042
2066
2077
2091
2113
2129
2134
2151
2159
2165
2170
2155
2134
2089
2062
2042
2029
2008
1987
1970
1958
1965
1983
2005
2048
2076
2098
2115
2108
2116
2112
2095
2071
2061
2029
1996
1949
1935
1910
1896
1868
1839
1827
1811
1804
1807
1812
1805
1802
1816
1825
1839
1864
1898
1931
1940
1948
1936
1942
1945
1951
1956
1959
1976
1992
1991
1995
2000
2012
2033
2038
2034
2037
2033
2037
2057
2092
2111
2128
2132
2131
2117
2103
2101
2095
2104
2087
2091
2095
2123
2138
2150
2163
2174
2171
2163
2157
2164
2152
2139
2132
2106
2082
2073
2075
2054
2037
2040
2033
2036
2029
2023
2037
2037
2031
2025
1995
1983
1973
1963
1970
1964
1952
1938
1959
1962
1976
1993
2007
2007
2012
2016
2019
2031
2033
2033
2017
2000
1984
1983
1973
1974
1972
1975
1978
1981
1984
1985
1987
1996
2010
2029
2046
2064
2072
2096
2112
2124
2132
2130
2116
2092
2082
2058
2054
2051
2063
2060
2065
2057
2069
2067
2057
2061
2080
2085
2091
2075
2078
2072
2089
2106
2110
2101
2116
2126
2121
2109
2101
2114
2103
2082
2058
2023
2009
2002
2017
1997
1984
1994
1999
2003
2005
2008
2015
2020
1999
1983
1967
1976
1990
1996
2005
2016
2033
2050
2041
2037
2027
2026
2029
2038
2034
2036
2039
2058
2063
2068
2062
2044
2053
2064
2059
2053
2049
2040
2033
2043
2031
2016
1986
1955
1940
1914
1896
1884
1886
1872
1882
1884
1896
1903
1920
1913
1922
1946
1948
1960
1985
1991
1966
1923
1891
1865
1852
1823
1803
1797
1827
1853
1875
1897
1915
1928
1937
1937
1929
1921
1912
1918
1934
1946
1959
1951
1947
1956
1947
1933
1922
1925
1915
1900
1881
1872
1843
1802
1763
1731
1731
1726
1735
1741
1733
1733
1731
1740
1740
1746
1763
1760
1748
1751
1751
1765
1777
1790
1819
1827
1847
1870
1892
1890
1916
1938
1959
1959
1953
1930
1919
1898
1887
1866
1839
1820
1812
1807
1812
1820
1833
1844
1858
1883
1884
1888
1896
1893
1893
1889
1883
1890
1875
1864
1860
1855
1852
1856
1850
1847
1852
1871
1877
1892
1894
1895
1915
1914
1916
1926
1922
1899
1878
1863
1827
1802
1779
1765
1755
1758
1770
1797
1815
1831
1851
1858
1869
1874
1855
1854
1862
1873
1886
1904
1905
1911
1919
1928
1941
1944
1950
1939
1950
1950
1965
1972
1994
2007
2012
2020
2038
2036
2025
2013
2002
1999
2000
1992
1995
1988
1976
1963
1966
1963
1959
1959
1962
1982
2005
2018
2037
2040
2039
2055
2086
2111
2112
2095
2081
2065
2052
2032
2011
1987
1972
1962
1969
1983
1992
2016
2028
2036
2019
2009
1969
1951
1943
1940
1936
1937
1933
1921
1914
1909
1901
1879
1862
1845
1836
1821
1816
1805
1812
1814
1811
1808
1809
1823
1842
1861
1881
1896
1907
1911
1925
1930
1941
1950
1967
1968
1994
2009
2019
2015
2023
2008
1982
1970
1967
1969
1973
1979
2005
2032
2050
2068
2065
2072
2071
2076
2090
2094
2095
2099
2098
2086
2066
2071
2085
2090
2102
2103
2111
2132
2146
2158
2166
2154
2142
2109
2073
2034
2007
1987
1983
1975
1966
1987
2021
2053
2074
2092
2120
2145
2158
2171
2177
2162
2135
2106
2083
2063
2049
2044
2018
2019
2015
2023
2037
2058
2057
2054
2049
2045
2044
2049
2033
2014
2003
1998
1996
1988
1994
1988
2006
2016
2024
2038
2048
2051
2065
2079
2090
2106
2115
2133
2137
2133
2142
2156
2166
2185
2183
2172
2166
2129
2104
2087
2053
2060
2070
2085
2089
2104
2118
2127
2115
2095
2100
2085
2082
2088
2093
2082
2074
2071
2074
2076
2089
2090
2097
2087
2082
2084
2080
2073
2080
2090
2090
2096
2093
2102
2094
2101
2094
2092
2086
2091
2115
2132
2131
2131
2114
2109
2100
2112
2115
2109
2098
2092
2095
2089
2086
2087
2096
2110
2107
2104
2116
2127
2140
2143
2153
2154
2142
2131
2127
2106
2110
2108
2089
2081
2071
2077
2082
2108
2138
2151
2161
2177
2195
2201
2202
2196
2187
2175
2167
2172
2178
2190
2208
2230
2250
2273
2279
2281
2286
2300
2299
2308
2308
2297
2278
2268
2261
2250
2263
2266
2269
2273
2291
2309
2333
2343
2349
2355
2360
2345
2346
2342
2349
2337
2329
2328
2330
2316
2311
2304
2295
2278
2262
2265
2264
2278
2296
2327
2333
2356
2367
2383
2380
2373
2372
2370
2351
2338
2313
2314
2299
2303
2290
2295
2297
2309
2318
2322
2341
2368
2380
2380
2383
2403
2414
2411
2412
2416
2422
2424
2423
2425
2432
2426
2427
2426
2405
2387
2394
2406
2405
2397
2399
2399
2404
2397
2402
2416
2424
2424
2438
2429
2438
2430
2412
2392
2384
2375
2358
2344
2324
2331
2343
2342
2334
2343
2359
2370
2377
2384
2401
2406
2426
2442
2437
2442
2445
2435
2437
2430
2419
2417
2395
2388
2370
2357
2348
2343
2336
2314
2321
2307
2292
2297
2301
2299
2301
2314
2318
2334
2347
2348
2352
2348
2348
2336
2321
2324
2324
2319
2318
2332
2336
2323
2311
2289
2271
2254
2251
2220
2195
2189
2176
2154
2134
2146
2142
2157
2186
2211
2224
2229
2243
2259
2275
2279
2275
2268
2263
2235
2228
2223
2216
2207
2199
2178
2161
2136
2133
2137
2113
2098
2092
2088
2079
2095
2114
2125
2117
2111
2100
2096
2094
2078
2085
2073
2068
2073
2071
2075
2083
2096
2088
2102
2105
2120
2126
2129
2123
2131
2120
2131
2126
2117
2124
2135
2132
2137
2145
2158
2172
2184
2194
2188
2194
2190
2209
2199
2182
2178
2179
2179
2194
2201
2211
2211
2202
2213
2218
2206
2195
2194
2164
2167
2170
2188
2192
2220
2219
2250
2254
2255
2244
2253
2247
2249
2252
2251
2258
2254
2253
2268
2265
2258
2251
2249
2217
2196
2181
2142
2123
2114
2121
2125
2136
2159
2182
2178
2191
2205
2229
2237
2245
2244
2244
2231
2216
2203
2190
2178
2166
2163
2155
2144
2146
2144
2153
2130
2125
2124
2121
2120
2118
2116
2124
2125
2140
2146
2157
2173
2195
2225
2224
2238
2249
2272
2273
2294
2297
2296
2293
2297
2274
2255
2240
2218
2199
2192
2172
2145
2137
2124
2113
2098
2093
2092
2098
2093
2104
2109
2096
2110
2132
2138
2128
2120
2113
2097
2077
2057
2037
2022
2020
2025
2029
2021
2029
2048
2038
2049
2073
2083
2106
2124
2126
2143
2141
2147
2140
2145
2129
2129
2122
2108
2095
2079
2075
2066
2072
2081
2084
2094
2093
2085
2088
2087
2106
2121
2113
2121
2138
2143
2154
2156
2178
2181
2180
2169
2163
2143
2121
2073
2039
2023
2013
2006
2001
2015
2022
2056
2102
2137
2151
2144
2161
2168
2170
2166
2176
2195
2191
2191
2177
2167
2164
2151
2124
2103
2084
2069
2067
2068
2065
2070
2056
2057
2056
2044
2033
2026
2016
2015
1995
1989
1990
1999
2028
2037
2043
2070
2069
2070
2062
2061
2071
2082
2088
2102
2142
2172
2198
2210
2230
2228
2216
2219
2211
2199
2178
2167
2159
2144
2125
2110
2096
2098
2102
2111
2131
2149
2157
2169
2168
2178
2181
2182
2182
2176
2175
2201
2223
2240
2248
2260
2263
2266
2268
2272
2247
2237
2220
2228
2239
2253
2258
2265
2277
2291
2325
2311
2300
2300
2300
2291
2276
2257
2234
2207
2196
2166
2148
2124
2115
2115
2105
2095
2081
2080
2072
2045
2027
2014
2012
2012
1998
1981
1985
2002
2038
2061
2074
2092
2099
2121
2138
2163
2182
2181
2167
2158
2159
2150
2139
2127
2141
2163
2163
2161
2161
2171
2177
2174
2163
2177
2184
2186
2175
2179
2168
2157
2129
2096
2054
2020
1992
1943
1914
1891
1897
1915
1907
1901
1909
1917
1929
1933
1928
1904
1888
1880
1893
1890
1899
1902
1904
1907
1902
1907
1929
1938
1941
1939
1945
1948
1950
1955
1964
1956
1955
1955
1975
1983
1982
1960
1950
1966
1975
1993
2049
2035
2021
2016
2012
2000
1985
1963
1960
1967
1981
1997
2038
2058
2094
2128
2136
2152
2158
2172
2163
2151
2162
2166
2174
2189
2198
2206
2214
2224
2230
2221
2199
2196
2195
2199
2198
2200
2211
2196
2180
2175
2156
2146
2146
2145
2143
2149
2132
2127
2127
2135
2137
2146
2157
2171
2188
2194
2207
2232
2263
2270
2294
2303
2312
2308
2312
2306
2303
2296
2291
2279
2269
2245
2223
2199
2174
2160
2140
2120
2114
2121
2114
2131
2148
2150
2161
2166
2162
2158
2150
2146
2143
2152
2158
2152
2161
2173
2166
2171
2180
2174
2174
2184
2206
2211
2203
2212
2219
2224
2217
2208
2209
2197
2185
2170
2160
2152
2147
2146
2144
2147
2146
2124
2106
2103
2085
2090
2093
2095
2094
2112
2125
2138
2152
2160
2187
2174
2168
2156
2139
2128
2101
2074
2037
2040
2042
2029
2031
2039
2043
2051
2086
2098
2133
2152
2159
2168
2168
2161
2156
2159
2168
2158
2157
2140
2122
2116
2114
2106
2109
2100
2097
2089
2086
2087
2086
2092
2088
2089
2083
2080
2084
2087
2084
2080
2067
2052
2029
2024
2023
2028
2021
2011
2008
2014
2009
2010
2024
2037
2042
2064
2069
2094
2117
2137
2158
2180
2193
2203
2218
2216
2219
2225
2206
2190
2171
2140
2108
2089
2088
2080
2066
2085
2104
2096
2102
2118
2133
2141
2155
2141
2138
2148
2152
2159
2146
2149
2164
2183
2191
2190
2183
2173
2166
2158
2146
2140
2127
2117
2127
2136
2148
2139
2134
2129
2140
2135
2143
2155
2178
2192
2194
2196
2189
2183
2184
2177
2167
2169
2187
2181
2169
2162
2156
2145
2140
2133
2134
2145
2147
2149
2172
2180
2203
2208
2218
2224
2246
2247
2238
2230
2219
2200
2176
2167
2159
2149
2129
2123
2125
2121
2135
2161
2182
2177
2169
2171
2181
2185
2181
2180
2174
2187
2189
2182
2177
2197
2186
2190
2165
2158
2140
2132
2131
2151
2147
2146
2135
2117
2091
2068
2068
2059
2042
2048
2053
2051
2048
2060
2064
2053
2039
2013
2004
1994
1994
2013
2015
2010
2012
2019
2042
2050
2059
2083
2095
2107
2117
2124
2143
2144
2147
2146
2148
2159
2166
2172
2188
2175
2146
2116
2095
2068
2046
2026
2034
2039
2061
2073
2076
2083
2094
2103
2112
2107
2101
2090
2095
2087
2109
2113
2108
2113
2089
2075
2066
2062
2062
2077
2074
2087
2091
2106
2106
2122
2124
2127
2130
2129
2124
2107
2079
2074
2071
2067
2068
2058
2043
2039
2036
2037
2039
2040
2039
2050
2055
2048
2054
2055
2066
2065
2080
2086
2096
2104
2119
2144
2159
2169
2176
2172
2165
2160
2156
2159
2140
2140
2151
2164
2163
2167
2166
2153
2139
2120
2136
2139
2148
2155
2153
2148
2147
2135
2131
2119
2095
2080
2081
2080
2081
2075
2072
2067
2066
2057
2048
2035
2018
2004
1997
1988
1983
1991
1999
2016
2012
2011
2018
2014
2009
1999
1967
1949
1936
1907
1892
1894
1897
1919
1937
1952
1966
1980
2005
2009
2008
2016
2014
2035
2063
2072
2067
2077
2084
2099
2103
2092
2087
2074
2058
2059
2048
2032
2018
2002
1993
1974
1948
1937
1933
1939
1945
1961
1985
2009
2021
2041
2052
2055
2065
2061
2048
2024
2001
1985
1978
1960
1933
1943
1957
1965
1989
2015
2033
2039
2048
2034
2010
2005
2012
2004
2008
2022
2036
2041
2031
2029
2048
2057
2048
2046
2044
2041
2043
2036
2032
2031
2037
2035
2049
2051
2076
2089
2098
2094
2093
2089
2102
2099
2098
2092
2093
2085
2068
2067
2086
2087
2085
2079
2058
2035
2028
2019
2032
2032
2028
2019
2024
2025
2035
2055
2065
2083
2075
2057
2035
2033
2007
1994
1983
1959
1936
1903
1867
1867
1866
1877
1900
1914
1907
1907
1899
1911
1916
1933
1935
1928
1914
1915
1914
1915
1908
1909
1911
1926
1933
1954
1974
1979
1981
1991
2005
2012
2014
2021
2027
2019
2016
2020
2022
2038
2049
2061
2061
2064
2064
2063
2071
2064
2051
2038
2033
2010
2012
2028
2044
2068
2082
2081
2092
2109
2113
2131
2148
2155
2145
2141
2143
2136
2127
2119
2116
2121
2127
2135
2145
2157
2162
2160
2155
2160
2166
2148
2122
2111
2103
2100
2094
2089
2076
2083
2084
2093
2087
2087
2091
2102
2117
2113
2116
2113
2115
2121
2119
2118
2112
2114
2108
2117
2120
2128
2126
2121
2097
2095
2090
2086
2087
2096
2100
2105
2093
2099
2086
2077
2074
2088
2093
2097
2096
2096
2093
2093
2087
2081
2068
2035
1995
1988
1951
1939
1933
1936
1950
1959
1966
1968
1981
1981
1985
1988
1997
2014
2019
2019
2033
2032
2044
2029
2012
2015
2005
2002
2005
2024
2040
2047
2059
2062
2077
2090
2104
2086
2085
2094
2093
2074
2068
2054
2039
2040
2048
2043
2054
2070
2071
2070
2086
2068
2059
2061
2054
2036
2041
2042
2028
2022
2031
2045
2072
2079
2099
2113
2100
2079
2038
2023
2000
1986
1964
1948
1936
1928
1925
1934
1934
1937
1951
1957
1969
1984
1982
1985
1986
1981
1980
1983
1960
1938
1903
1887
1859
1837
1818
1805
1798
1811
1826
1848
1871
1889
1902
1915
1943
1967
1992
2003
2005
2012
2021
2026
2023
2029
2045
2053
2056
2052
2049
2040
2046
2060
2073
2066
2067
2060
2065
2055
2058
2056
2065
2056
2061
2065
2073
2091
2105
2112
2135
2152
2145
2153
2170
2161
2158
2149
2148
2146
2158
2159
2156
2170
2166
2171
2166
2171
2185
2182
2180
2192
2187
2171
2157
2158
2161
2166
2178
2178
2167
2157
2154
2151
2150
2132
2119
2127
2107
2128
2132
2143
2157
2167
2172
2182
2188
2195
2191
2177
2178
2171
2174
2179
2202
2202
2206
2214
2210
2222
2213
2204
2200
2201
2187
2180
2166
2156
2153
2161
2164
2180
2186
2200
2193
2181
2164
2149
2130
2134
2132
2132
2131
2122
2118
2123
2122
2129
2119
2138
2154
2149
2142
2146
2146
2150
2152
2165
2177
2181
2181
2186
2184
2180
2172
2179
2176
2166
2171
2174
2180
2169
2169
2162
2169
2172
2194
2214
2229
2239
2233
2226
2230
2217
2231
2225
2247
2248
2269
2276
2269
2263
2268
2248
2231
2201
2178
2172
2156
2144
2145
2152
2165
2168
2162
2158
2162
2160
2148
2159
2160
2161
2163
2162
2178
2179
2176
2163
2144
2135
2119
2118
2127
2130
2135
2146
2168
2178
2165
2158
2133
2101
2058
2038
2011
1994
1997
1999
1994
1995
2005
2021
2024
2040
2041
2046
2053
2051
2031
2013
1990
1971
1965
1964
1968
1969
1983
1975
1969
1951
1941
1938
1954
1955
1968
1976
1989
2013
2028
2035
2047
2042
2044
2050
2053
2035
2029
2034
2050
2058
2083
2087
2080
2081
2072
2059
2039
2033
2011
1995
1976
1982
1976
1987
1998
2017
2018
2016
1986
1979
1961
1948
1934
1915
1897
1865
1853
1848
1849
1849
1847
1860
1884
1891
1860
1847
1833
1817
1798
1783
1775
1767
1784
1796
1806
1814
1823
1837
1851
1863
1879
1901
1930
1949
1955
1957
1967
1963
1960
1951
1937
1930
1930
1922
1933
1953
1973
1981
1981
1972
1975
1960
1919
1882
1820
1792
1756
1741
1738
1743
1767
1776
1811
1861
1890
1931
1957
1987
1990
1990
1985
1967
1957
1927
1921
1915
1917
1908
1893
1884
1889
1893
1898
1917
1912
1915
1943
1959
1964
1975
1978
1969
1945
1943
1944
1935
1915
1897
1901
1899
1909
1910
1919
1929
1936
1939
1943
1953
1954
1952
1949
1946
1944
1951
1959
1956
1956
1968
1992
2011
2019
2022
2000
1987
1967
1950
1945
1937
1926
1920
1908
1918
1932
1943
1976
1997
1991
1999
2002
2003
1995
1996
1986
1989
1983
1986
1991
1990
1989
1985
1963
1945
1940
1943
1952
1947
1940
1932
1931
1919
1914
1909
1903
1902
1900
1898
1910
1913
1921
1939
1981
2010
2035
2053
2065
2066
2064
2057
2059
2050
2058
2050
2042
2028
2008
1972
1959
1945
1931
1918
1914
1918
1941
1963
1974
1985
2001
2006
2002
2001
1996
1999
1996
2008
2016
2029
2068
2097
2116
2134
2148
2147
2146
2137
2121
2100
2073
2054
2039
2034
2026
2020
2001
2012
2002
1983
1987
1988
1998
2006
2010
1998
2003
1991
1973
1955
1932
1923
1913
1909
1892
1881
1867
1864
1854
1855
1837
1829
1835
1831
1835
1845
1860
1871
1895
1903
1921
1941
1950
1961
1961
1967
1974
1975
1980
1971
1999
2026
2052
2068
2063
2047
2039
2036
2034
2038
2038
2030
2045
2058
2059
2070
2084
2090
2111
2137
2133
2134
2117
2118
2106
2123
2127
2142
2146
2145
2137
2131
2111
2096
2070
2046
2035
2034
2029
2011
2009
2017
2003
2001
1993
1980
1981
1997
2000
2016
2017
2028
2055
2063
2073
2044
2053
2078
2070
2055
2030
2030
2025
2017
2005
1998
1969
1957
1946
1956
1952
1948
1950
1960
1944
1944
1939
1944
1951
1955
1968
1979
2004
2023
2031
2034
2036
2044
2045
2041
2051
2063
2059
2063
2056
2060
2062
2070
2074
2086
2091
2079
2068
2065
2068
2079
2100
2112
2105
2109
2100
2084
2053
2051
2035
2028
2001
1996
1986
1984
1994
1988
1982
1983
1984
1988
1980
1981
1984
1996
1992
2013
2056
2080
2094
2107
2111
2137
2158
2176
2195
2200
2186
2179
2178
2178
2187
2187
2169
2170
2195
2214
2223
2235
2256
2262
2271
2283
2274
2272
2270
2268
2242
2217
2206
2212
2195
2185
2193
2212
2213
2232
2241
2238
2241
2240
2226
2226
2231
2245
2249
2263
2278
2293
2310
2336
2339
2344
2344
2338
2318
2308
2304
2300
2293
2288
2262
2242
2234
2242
2243
2218
2210
2195
2185
2182
2161
2155
2175
2181
2179
2178
2196
2206
2206
2223
2225
2221
2223
2229
2225
2235
2220
2221
2212
2214
2217
2202
2171
2153
2131
2119
2100
2095
2092
2086
2095
2095
2099
2109
2115
2121
2124
2118
2113
2118
2115
2088
2066
2066
2053
2045
2041
2024
2035
2051
2077
2107
2137
2155
2158
2181
2182
2191
2211
2230
2245
2244
2234
2231
2236
2238
2233
2220
2222
2211
2197
2190
2198
2192
2206
2210
2210
2227
2238
5835
1909
1957
2046
1997
1961
1923
1879
1844
1804
1740
1723
1762
1817
1893
1949
2000
2037
2056
2045
2026
1999
1974
1928
1910
1880
1878
1896
1921
1917
1903
1846
1822
1803
1796
1746
1725
1725
1767
1819
1875
1916
1979
2038
2069
2049
2037
2004
1961
1903
1863
1843
1852
1888
1943
1999
2030
2060
2089
2124
2142
2193
2244
2313
2360
2414
2437
2435
2415
2371
2335
2312
2298
2283
2248
2174
2098
2033
1986
1947
1927
1946
1961
1969
1947
1920
1913
1934
1976
1992
2008
2018
2033
2054
2082
2122
2168
2209
2233
2242
2235
2236
2230
2235
2240
2250
2240
2204
2145
2092
2043
2021
2008
2022
2024
2078
2121
2144
2155
2162
2148
2143
2118
2090
2078
2092
2113
2125
2122
2121
2125
2126
2144
2137
2138
2119
2121
2124
2131
2144
2157
2159
2147
2105
2049
1994
1922
1837
1767
1714
1703
1734
1796
1848
1919
2011
2087
2152
2188
2220
2269
2299
2308
2250
2200
2179
2174
2184
2214
2235
2230
2226
2220
2225
2253
2282
2305
2318
2334
2337
2332
2302
2234
2151
2041
1955
1885
1838
1803
1784
1797
1862
1900
1939
1941
1952
1978
1997
1996
1977
1944
1905
1852
1830
1842
1841
1857
1865
1870
1873
1905
1950
1993
2011
1988
1924
1865
1820
1810
1819
1833
1849
1901
1978
2034
2095
2146
2178
2185
2191
2191
2187
2165
2168
2154
2144
2135
2109
2066
2017
1990
1961
1963
1995
2030
2063
2086
2080
2076
2064
2063
2061
2051
2058
2075
2117
2130
2124
2100
2062
2033
2003
1951
1901
1866
1842
1841
1897
1959
2024
2052
2060
2038
2041
2055
2074
2067
2041
2002
1989
1974
1971
1984
1992
1990
1993
1988
1978
1979
1984
1997
2021
2071
2121
2182
2217
2225
2192
2179
2156
2155
2137
2148
2141
2157
2166
2155
2123
2095
2045
1996
1940
1910
1890
1904
1918
1917
1926
1964
2005
2026
2058
2087
2103
2124
2157
2183
2203
2204
2192
2201
2223
2245
2271
2308
2349
2397
2427
2448
2454
2436
2412
2373
2342
2330
2328
2320
2278
2254
2251
2264
2282
2279
2294
2260
2226
2203
2218
2224
2225
2222
2194
2182
2200
2217
2250
2284
2336
2394
2398
2382
2321
2256
2189
2131
2073
2031
2003
2006
2000
2039
2061
2098
2107
2123
2126
2122
2115
2124
2114
2155
2188
2234
2264
2311
2348
2360
2404
2413
2431
2423
2411
2397
2371
2298
2211
2104
2005
1913
1830
1753
1730
1760
1830
1924
2003
2043
2053
2051
2023
2003
1997
2001
2009
2051
2082
2115
2150
2156
2142
2086
2029
1973
1935
1895
1851
1808
1804
1815
1850
1890
1959
1982
2027
2071
2123
2161
2199
2232
2275
2295
2302
2293
2298
2308
2320
2325
2315
2279
2207
2154
2118
2081
2061
2061
2059
2054
2087
2131
2155
2189
2174
2177
2170
2152
2135
2142
2142
2153
2159
2153
2111
2089
2039
1986
1959
1964
1979
2006
2043
2091
2157
2201
2237
2280
2318
2327
2338
2332
2324
2304
2264
2228
2223
2224
2205
2192
2189
2189
2175
2163
2139
2117
2093
2074
2034
2003
2008
2039
2101
2154
2180
2146
2104
2039
1975
1903
1850
1804
1767
1735
1757
1807
1887
1964
2042
2084
2138
2179
2242
2299
2361
2400
2422
2438
2469
2476
2484
2493
2469
2443
2415
2403
2375
2365
2335
2338
2344
2360
2327
2291
2246
2214
2177
2182
2218
2254
2297
2338
2362
2386
2408
2404
2386
2364
2340
2311
2289
2278
2253
2230
2213
2219
2234
2260
2294
2315
2321
2322
2312
2276
2213
2180
2170
2189
2223
2255
2286
2302
2318
2314
2281
2235
2187
2155
2129
2123
2125
2128
2143
2154
2204
2240
2285
2288
2303
2283
2276
2274
2277
2300
2308
2307
2307
2315
2331
2332
2317
2305
2271
2251
2217
2207
2225
2252
2305
2371
2423
2485
2523
2559
2565
2564
2520
2492
2457
2430
2409
2406
2408
2428
2470
2495
2516
2519
2523
2512
2486
2455
2421
2372
2337
2325
2327
2340
2374
2375
2344
2314
2283
2243
2224
2189
2119
2036
1925
1876
1834
1830
1842
1853
1879
1931
2009
2061
2135
2217
2302
2345
2394
2437
2516
2552
2587
2590
2596
2574
2558
2509
2486
2448
2426
2395
2393
2372
2358
2350
2366
2387
2411
2439
2465
2483
2485
2457
2415
2377
2330
2291
2219
2143
2056
1993
1938
1930
1946
1996
2056
2136
2179
2211
2259
2277
2266
2251
2226
2210
2203
2181
2163
2163
2146
2137
2142
2182
2244
2330
2428
2481
2506
2530
2529
2511
2462
2410
2324
2258
2181
2141
2106
2098
2111
2148
2211
2265
2302
2327
2352
2378
2402
2412
2377
2345
2332
2300
2279
2242
2235
2231
2253
2257
2253
2267
2293
2304
2305
2306
2299
2281
2259
2250
2217
2193
2165
2152
2127
2109
2067
2059
2040
2039
2057
2089
2099
2101
2115
2119
2129
2116
2097
2048
1964
1897
1873
1848
1848
1863
1887
1904
1895
1908
1924
1954
1960
1963
1944
1887
1787
1731
1707
1693
1696
1715
1749
1809
1878
1908
1938
1976
2025
2044
2054
2042
2015
1997
1986
1975
2000
2020
2067
2089
2113
2108
2111
2105
2065
2045
2034
2020
1994
2008
2002
2025
2051
2094
2093
2090
2092
2076
2059
2084
2070
2064
2039
2006
1945
1875
1817
1759
1701
1661
1623
1627
1663
1692
1720
1717
1723
1711
1745
1762
1781
1779
1784
1795
1846
1863
1900
1935
2001
2029
2048
2054
2030
1975
1924
1857
1757
1676
1601
1551
1524
1523
1553
1614
1713
1783
1846
1903
1947
1990
2017
2041
2074
2110
2165
2220
2236
2243
2253
2254
2236
2187
2101
1986
1863
1767
1690
1622
1551
1532
1538
1588
1654
1735
1812
1898
1986
2025
2019
1997
1952
1911
1871
1859
1867
1901
1951
1981
2026
2047
2035
1953
1809
1694
1609
1522
1477
1461
1505
1563
1670
1742
1787
1813
1843
1863
1878
1913
1965
1972
1947
1910
1848
1788
1730
1672
1569
1530
1501
1483
1499
1517
1508
1473
1441
1445
1473
1499
1539
1555
1551
1543
1529
1535
1542
1571
1615
1673
1704
1729
1790
1844
1884
1923
1915
1905
1876
1862
1817
1809
1809
1834
1863
1902
1941
1976
2001
2004
2010
2008
2006
1978
1952
1918
1897
1874
1893
1916
1957
1974
2006
2038
2070
2065
2073
2065
2060
2060
2072
2085
2081
2081
2085
2105
2093
2098
2074
2051
2014
1986
1959
1949
1947
1966
1956
1942
1919
1946
1940
1965
1969
1949
1888
1779
1649
1539
1459
1423
1435
1487
1546
1595
1646
1664
1674
1677
1683
1678
1668
1656
1629
1603
1580
1555
1525
1485
1475
1461
1441
1419
1389
1379
1410
1442
1475
1503
1575
1636
1682
1727
1743
1728
1721
1718
1728
1758
1774
1815
1849
1880
1916
1942
1979
2003
2009
2030
2047
2049
2014
1941
1827
1755
1709
1677
1623
1574
1505
1447
1393
1385
1387
1402
1415
1426
1418
1423
1461
1535
1606
1692
1789
1901
1992
2075
2148
2179
2197
2211
2215
2210
2162
2112
2062
2024
1997
1961
1967
1984
2004
1997
1999
2007
2016
2019
2028
2024
2031
2013
1971
1923
1873
1834
1800
1767
1760
1743
1759
1786
1812
1834
1870
1889
1911
1925
1959
2004
2031
2086
2137
2181
2167
2154
2084
2037
1995
1981
1970
2004
2000
1992
1934
1924
1923
1939
1938
1945
1924
1895
1868
1849
1822
1792
1768
1775
1797
1842
1879
1920
1959
2019
2082
2144
2125
2127
2150
2173
2169
2164
2145
2120
2081
2047
2018
2019
2039
2087
2142
2214
2281
2359
2410
2442
2426
2413
2367
2308
2221
2179
2153
2147
2126
2133
2150
2158
2167
2172
2165
2144
2125
2095
2049
2001
1961
1903
1825
1757
1719
1705
1747
1793
1868
1941
2058
2179
2287
2356
2415
2412
2434
2434
2409
2369
2327
2265
2227
2163
2092
2023
1945
1901
1875
1859
1840
1842
1831
1833
1827
1862
1910
1977
2028
2064
2081
2098
2114
2140
2151
2159
2161
2177
2172
2192
2211
2219
2225
2246
2276
2295
2309
2320
2349
2378
2404
2430
2445
2465
2458
2460
2456
2420
2398
2361
2348
2328
2324
2306
2323
2335
2355
2372
2410
2435
2443
2445
2439
2422
2398
2361
2333
2323
2310
2268
2209
2171
2157
2174
2192
2210
2206
2182
2137
2137
2150
2140
2124
2097
2060
2014
1945
1906
1871
1886
1923
1990
2062
2137
2231
2296
2331
2370
2397
2417
2408
2394
2363
2337
2298
2255
2220
2204
2177
2160
2119
2097
2084
2081
2086
2088
2106
2141
2173
2151
2110
2085
2094
2113
2160
2181
2187
2200
2218
2240
2235
2202
2155
2107
2063
2029
2026
2037
2067
2101
2121
2125
2137
2121
2085
2059
2039
2025
1997
1976
1987
2024
2048
2077
2085
2086
2074
2066
2044
2022
2023
2040
2064
2113
2174
2235
2274
2288
2275
2251
2235
2230
2252
2271
2298
2288
2277
2266
2271
2279
2298
2298
2302
2287
2302
2325
2386
2426
2479
2495
2485
2460
2428
2371
2314
2256
2236
2203
2219
2226
2238
2257
2273
2284
2313
2323
2336
2327
2321
2318
2341
2370
2377
2375
2343
2316
2284
2230
2158
2092
2046
2003
1966
1957
1966
2002
2053
2131
2215
2271
2333
2369
2374
2384
2384
2381
2376
2371
2352
2325
2287
2241
2189
2128
2091
2042
1978
1923
1884
1851
1821
1780
1736
1682
1631
1583
1535
1513
1544
1632
1741
1856
1983
2045
2090
2110
2139
2173
2218
2245
2301
2356
2401
2437
2461
2476
2469
2463
2458
2460
2416
2372
2328
2291
2252
2236
2219
2222
2205
2195
2187
2213
2260
2312
2362
2403
2434
2450
2442
2421
2391
2347
2290
2238
2197
2157
2140
2169
2195
2225
2246
2261
2245
2230
2206
2178
2162
2137
2121
2118
2121
2127
2155
2191
2213
2228
2224
2178
2143
2076
2005
1949
1899
1862
1850
1848
1841
1847
1850
1843
1839
1826
1804
1820
1822
1859
1889
1932
1975
2016
2058
2098
2102
2121
2123
2129
2120
2129
2100
2065
2011
1986
1955
1926
1896
1883
1851
1867
1884
1933
1994
2059
2106
2159
2193
2233
2244
2252
2261
2267
2267
2254
2240
2231
2210
2204
2171
2106
2051
1986
1939
1947
1976
1997
2028
2011
1991
1989
1985
1962
1938
1911
1903
1895
1924
1944
1993
2032
2051
2042
2009
1967
1911
1823
1748
1738
1747
1755
1769
1798
1836
1876
1932
1975
2014
2062
2090
2120
2158
2191
2185
2154
2117
2069
2007
1973
1972
1999
2027
2059
2082
2134
2182
2211
2218
2203
2187
2167
2156
2134
2109
2079
2076
2082
2080
2042
2005
1979
1974
1957
1946
1929
1910
1899
1906
1911
1902
1853
1825
1807
1775
1749
1718
1689
1651
1593
1547
1512
1490
1447
1431
1427
1458
1506
1588
1670
1790
1859
1947
2008
2064
2086
2077
2058
2029
2001
1979
1978
1993
2004
2003
1986
1953
1936
1940
1953
1959
1976
1981
1991
2014
2044
2064
2063
2040
2005
1983
1985
1994
2004
2022
2037
2052
2055
2074
2100
2152
2158
2168
2140
2104
2049
1986
1950
1925
1917
1914
1924
1951
1975
2021
2038
2067
2075
2084
2100
2113
2121
2130
2160
2227
2267
2310
2330
2346
2352
2325
2287
2214
2158
2099
2044
1984
1951
1927
1926
1935
1971
1982
1985
1986
2016
2054
2087
2100
2087
2066
2065
2054
2032
2010
1999
1964
1948
1963
1987
2017
2036
2037
2001
1918
1839
1769
1699
1637
1633
1654
1688
1781
1855
1929
1987
2015
2028
2020
2001
1970
1941
1906
1835
1770
1722
1683
1660
1655
1681
1739
1825
1890
1946
2002
2068
2145
2224
2268
2284
2274
2277
2267
2247
2170
2091
1967
1885
1796
1738
1660
1570
1459
1442
1445
1499
1568
1639
1717
1813
1877
1911
1915
1923
1921
1934
1926
1908
1875
1835
1783
1757
1759
1747
1706
1692
1699
1751
1841
1955
2072
2166
2242
2270
2285
2230
2167
2073
1980
1887
1832
1792
1771
1765
1762
1749
1757
1781
1827
1858
1913
1951
1967
1984
2001
2029
2028
2019
2020
2039
2062
2089
2113
2138
2144
2159
2163
2170
2163
2190
2211
2264
2283
2290
2286
2287
2275
2296
2300
2304
2306
2298
2292
2317
2320
2303
2282
2263
2240
2206
2214
2232
2218
2179
2120
2070
2011
1964
1939
1933
1932
1959
1969
1995
2015
2026
2018
1999
1976
1973
1969
1951
1935
1915
1888
1857
1843
1851
1873
1927
1962
1988
2027
2064
2090
2122
2140
2169
2192
2204
2207
2226
2226
2245
2246
2240
2218
2180
2155
2158
2148
2158
2169
2193
2205
2213
2228
2279
2315
2353
2385
2421
2460
2493
2539
2579
2596
2612
2636
2652
2648
2630
2599
2573
2554
2530
2508
2484
2470
2465
2489
2492
2485
2465
2447
2433
2416
2400
2400
2418
2440
2463
2486
2462
2426
2379
2320
2292
2264
2232
2222
2222
2233
2265
2319
2378
2377
2359
2294
2229
2152
2076
2037
2016
2017
2073
2145
2218
2258
2283
2351
2419
2432
2398
2338
2252
2175
2113
2069
2081
2089
2111
2132
2157
2178
2190
2190
2165
2114
2049
2008
1980
1993
2011
2033
2050
2077
2099
2133
2187
2226
2269
2293
2280
2246
2208
2163
2129
2115
2117
2149
2186
2210
2234
2252
2264
2279
2302
2318
2336
2385
2459
2514
2565
2598
2628
2626
2620
2564
2513
2440
2400
2368
2337
2310
2289
2262
2256
2254
2276
2292
2329
2362
2414
2450
2510
2560
2592
2588
2573
2556
2535
2506
2473
2439
2442
2444
2427
2411
2419
2432
2426
2431
2439
2441
2452
2432
2414
2382
2351
2312
2278
2242
2214
2185
2174
2173
2184
2219
2270
2314
2342
2395
2422
2407
2392
2360
2326
2300
2271
2257
2279
2285
2308
2304
2303
2285
2270
2223
2202
2194
2210
2220
2248
2253
2264
2255
2277
2282
2296
2281
2289
2303
2333
2323
2326
2308
2318
2338
2374
2413
2460
2518
2551
2577
2589
2606
2629
2651
2658
2664
2674
2678
2673
2665
2643
2610
2567
2529
2485
2434
2377
2349
2329
2332
2331
2331
2329
2334
2330
2349
2346
2326
2335
2334
2319
2313
2304
2330
2346
2365
2387
2455
2503
2539
2540
2521
2512
2477
2436
2386
2379
2373
2382
2394
2377
2362
2365
2351
2336
2306
2264
2216
2190
2185
2169
2192
2191
2195
2212
2229
2208
2198
2160
2124
2110
2100
2092
2111
2151
2207
2236
2300
2345
2396
2412
2425
2418
2419
2393
2392
2403
2417
2447
2492
2495
2484
2439
2368
2319
2261
2181
2076
1986
1930
1923
1909
1925
1927
1951
2006
2074
2127
2193
2256
2295
2297
2289
2284
2280
2256
2247
2231
2216
2189
2200
2212
2227
2231
2243
2244
2248
2226
2196
2152
2139
2114
2098
2072
2082
2090
2082
2088
2105
2127
2172
2224
2253
2292
2331
2378
2423
2458
2480
2490
2457
2441
2418
2390
2355
2339
2308
2270
2246
2246
2250
2237
2209
2210
2230
2251
2253
2242
2241
2243
2215
2206
2194
2206
2214
2196
2180
2164
2151
2125
2092
2074
2050
2011
1954
1901
1843
1767
1685
1632
1623
1624
1642
1670
1708
1756
1801
1843
1875
1907
1932
1978
2039
2100
2149
2198
2226
2250
2276
2304
2315
2310
2290
2264
2239
2214
2207
2195
2190
2166
2133
2106
2107
2102
2084
2079
2059
2050
2053
2029
2016
2011
2045
2063
2070
2088
2083
2083
2090
2075
2083
2081
2081
2068
2060
2079
2109
2134
2133
2106
2055
1988
1965
1908
1867
1794
1746
1709
1710
1726
1742
1770
1813
1831
1852
1851
1880
1920
1948
1952
1908
1875
1862
1879
1888
1884
1898
1904
1894
1910
1900
1904
1923
1951
1968
1985
1978
1936
1882
1823
1762
1724
1695
1683
1658
1683
1722
1768
1787
1819
1840
1895
1928
1954
1976
1992
1982
1971
1942
1916
1900
1885
1888
1901
1927
1939
1940
1931
1923
1905
1888
1893
1902
1901
1902
1894
1884
1872
1886
1889
1880
1865
1866
1824
1810
1807
1793
1795
1805
1807
1831
1848
1837
1813
1794
1784
1764
1743
1715
1647
1587
1539
1500
1474
1479
1507
1518
1565
1583
1607
1610
1622
1615
1610
1579
1579
1598
1648
1700
1764
1803
1824
1809
1770
1743
1745
1717
1700
1642
1569
1505
1457
1476
1491
1520
1559
1615
1673
1723
1743
1757
1719
1678
1626
1593
1557
1431
1461
1478
1511
1543
1565
1567
1557
1529
1496
1485
1487
1472
1497
1517
1522
1499
1489
1491
1498
1495
1490
1484
1495
1514
1528
1568
1598
1654
1695
1724
1737
1749
1704
1653
1565
1491
1451
1445
1436
1439
1428
1397
1343
1272
1226
1227
1249
1306
1375
1439
1475
1513
1519
1527
1515
1514
1507
1495
1491
1487
1470
1453
1422
1423
1485
1531
1578
1626
1681
1752
1835
1917
1994
2051
2066
2068
2040
1980
1930
1851
1778
1737
1724
1728
1748
1770
1809
1834
1839
1823
1805
1801
1774
1732
1676
1631
1604
1647
1728
1832
1910
1970
2010
2043
2086
2088
2074
2064
2053
2076
2123
2176
2242
2277
2299
2301
2273
2206
2125
2029
1907
1820
1759
1713
1702
1724
1759
1804
1882
1944
2017
2080
2149
2193
2243
2274
2304
2328
2324
2338
2352
2361
2362
2324
2213
2089
1989
1909
1837
1782
1741
1723
1727
1773
1853
1951
2049
2126
2176
2200
2191
2197
2181
2138
2064
1982
1886
1817
1731
1662
1601
1551
1503
1459
1430
1402
1419
1463
1496
1509
1522
1539
1563
1607
1718
1832
1924
1945
1957
1939
1926
1912
1915
1913
1940
1986
2031
2052
2080
2082
2097
2132
2148
2155
2148
2142
2138
2154
2229
2284
2291
2302
2278
2250
2223
2211
2179
2180
2183
2196
2230
2280
2321
2359
2357
2355
2350
2334
2332
2329
2308
2266
2211
2153
2084
2040
2020
1986
1967
1962
1972
2003
2042
2067
2076
2052
2017
1972
1929
1906
1896
1880
1865
1858
1861
1841
1881
1902
1948
1985
2021
2032
2043
2029
2030
2040
2039
2032
1993
1971
1952
1935
1903
1897
1879
1883
1878
1908
1934
1964
1979
2002
2047
2101
2131
2159
2194
2246
2302
2326
2310
2271
2225
2165
2124
2079
2036
2039
2057
2039
2036
2033
2064
2072
2085
2096
2101
2091
2082
2059
2086
2118
2151
2166
2186
2204
2232
2237
2225
2220
2199
2163
2118
2049
1968
1899
1871
1860
1849
1855
1858
1884
1925
1956
1963
1988
1988
1969
1932
1903
1887
1892
1928
1967
2012
2035
2050
2052
2039
2022
2010
1996
1983
1979
1988
2015
2036
2054
2059
2068
2105
2103
2091
2082
2053
2039
2027
2038
2032
1991
1918
1863
1803
1765
1721
1685
1637
1597
1571
1576
1621
1649
1691
1747
1771
1805
1850
1889
1924
1949
1961
1932
1845
1773
1699
1619
1560
1511
1493
1526
1609
1679
1755
1811
1866
1872
1878
1873
1864
1855
1866
1887
1909
1926
1928
1907
1886
1888
1877
1855
1830
1822
1782
1748
1691
1630
1534
1457
1391
1350
1347
1377
1389
1424
1441
1441
1424
1433
1434
1471
1497
1502
1515
1519
1539
1571
1613
1654
1696
1723
1780
1818
1873
1919
1965
2010
2034
2021
2003
1961
1910
1848
1798
1731
1683
1664
1647
1623
1607
1610
1637
1669
1734
1785
1823
1849
1847
1853
1846
1838
1779
1717
1669
1663
1653
1634
1614
1621
1659
1694
1716
1752
1780
1803
1808
1819
1817
1820
1840
1843
1814
1757
1697
1649
1577
1498
1421
1373
1373
1403
1469
1554
1617
1681
1722
1759
1771
1757
1743
1727
1715
1751
1779
1833
1863
1896
1900
1907
1893
1881
1876
1887
1905
1930
1968
2013
2046
2074
2097
2092
2093
2056
2027
2001
1990
1986
1980
1974
1981
1965
1965
1937
1908
1908
1895
1889
1910
1959
2027
2085
2156
2189
2199
2212
2253
2281
2274
2236
2190
2133
2071
2000
1917
1849
1795
1799
1849
1939
2004
2044
2051
2041
1966
1890
1803
1746
1714
1726
1751
1772
1754
1746
1731
1723
1708
1693
1655
1616
1548
1481
1435
1444
1491
1519
1541
1571
1596
1616
1678
1723
1773
1803
1853
1888
1913
1926
1944
1970
1995
2011
2052
2058
2087
2094
2091
2053
1999
1957
1924
1896
1880
1898
1976
2039
2093
2134
2162
2188
2190
2186
2163
2147
2130
2135
2131
2121
2119
2129
2140
2146
2165
2194
2220
2249
2272
2290
2310
2293
2238
2142
2021
1901
1803
1749
1737
1753
1787
1871
1966
2074
2155
2229
2302
2339
2338
2342
2334
2308
2226
2125
2025
1973
1923
1903
1881
1880
1901
1927
1986
2017
2012
1979
1972
1956
1956
1935
1915
1888
1882
1883
1901
1885
1885
1898
1949
1993
2019
2039
2070
2095
2150
2174
2187
2204
2235
2266
2280
2285
2294
2333
2364
2376
2346
2318
2235
2143
2046
1982
1938
1984
2052
2100
2136
2188
2204
2215
2192
2133
2092
2058
2053
2057
2061
2077
2070
2047
2046
2055
2069
2078
2093
2084
2084
2066
2076
2076
2092
2103
2114
2125
2112
2108
2104
2106
2107
2110
2104
2128
2172
2202
2213
2204
2174
2157
2137
2137
2120
2110
2102
2102
2076
2067
2078
2097
2112
2132
2145
2180
2220
2227
2238
2250
2260
2254
2228
2197
2174
2161
2117
2092
2056
2049
2062
2108
2152
2210
2248
2303
2347
2360
2384
2388
2373
2353
2312
2295
2287
2298
2319
2357
2408
2471
2523
2555
2569
2576
2577
2586
2594
2587
2558
2522
2475
2457
2451
2439
2453
2459
2468
2480
2546
2580
2626
2654
2661
2649
2648
2621
2606
2579
2576
2569
2561
2520
2503
2484
2479
2459
2426
2401
2385
2387
2405
2444
2501
2552
2591
2630
2643
2658
2655
2656
2609
2588
2531
2481
2433
2420
2394
2398
2402
2418
2442
2463
2491
2534
2571
2616
2650
2661
2656
2647
2650
2666
2688
2698
2702
2688
2696
2677
2675
2670
2662
2651
2623
2604
2602
2595
2607
2614
2613
2602
2633
2643
2654
2658
2656
2664
2683
2694
2708
2676
2614
2548
2487
2454
2419
2407
2384
2399
2418
2443
2467
2488
2512
2534
2561
2580
2608
2626
2656
2681
2707
2723
2717
2682
2667
2644
2606
2578
2536
2516
2486
2483
2459
2424
2382
2365
2350
2322
2308
2321
2336
2348
2368
2400
2442
2477
2496
2526
2540
2542
2532
2501
2475
2458
2458
2463
2470
2474
2459
2436
2415
2372
2330
2266
2216
2167
2128
2075
2046
2016
2003
2004
2046
2098
2169
2242
2317
2338
2371
2412
2463
2480
2486
2447
2402
2340
2276
2263
2256
2220
2172
2147
2110
2082
2066
2058
2038
2022
1994
1975
1981
2038
2101
2149
2162
2147
2110
2071
2027
2007
2005
2006
1991
1996
1988
2012
2053
2110
2139
2149
2130
2125
2140
2145
2142
2152
2150
2168
2180
2176
2191
2186
2210
2229
2281
2286
2303
2300
2333
2345
2358
2335
2339
2327
2313
2284
2283
2279
2296
2303
2332
2346
2350
2354
2337
2307
2270
2231
2198
2202
2211
2256
2302
2386
2427
2474
2490
2494
2466
2457
2442
2431
2420
2424
2414
2428
2437
2445
2436
2418
2370
2319
2236
2161
2099
2046
2014
2011
2029
2066
2137
2191
2229
2255
2304
2330
2366
2376
2392
2404
2403
2372
2341
2283
2241
2204
2158
2135
2131
2130
2132
2125
2117
2085
2080
2082
2097
2087
2074
2063
2083
2095
2156
2210
2248
2277
2302
2354
2393
2452
2492
2515
2523
2539
2556
2558
2550
2514
2447
2369
2297
2239
2193
2161
2152
2124
2063
2021
1974
1958
1963
1992
2008
2023
2074
2094
2092
2111
2139
2137
2107
2066
2035
2009
1968
1912
1868
1839
1839
1854
1867
1896
1918
1931
1955
1998
2049
2089
2156
2199
2217
2211
2203
2220
2224
2219
2185
2149
2113
2081
2055
2047
2047
2042
2049
2058
2069
2060
2058
2068
2098
2125
2164
2185
2206
2215
2256
2274
2283
2308
2333
2328
2318
2277
2237
2163
2084
2000
1917
1878
1823
1817
1842
1884
1961
2056
2166
2235
2288
2319
2336
2345
2347
2340
2342
2348
2343
2357
2347
2302
2247
2181
2111
2059
2014
1990
1991
2000
2001
2028
2031
2021
1998
1964
1914
1892
1893
1884
1899
1911
1941
2000
2056
2101
2120
2135
2136
2115
2110
2074
2083
2104
2153
2223
2332
2411
2469
2498
2512
2489
2465
2424
2378
2315
2253
2193
2146
2103
2062
2035
2021
2038
2067
2110
2152
2190
2241
2279
2276
2299
2296
2297
2294
2312
2321
2365
2421
2479
2512
2524
2530
2518
2482
2456
2409
2386
2378
2384
2381
2394
2416
2458
2483
2495
2508
2496
2467
2442
2434
2415
2362
2320
2277
2194
2125
2047
1999
1973
1980
1987
1985
1985
1985
1944
1889
1833
1794
1779
1783
1787
1804
1820
1850
1891
1982
2051
2117
2171
2230
2259
2290
2306
2332
2333
2317
2283
2266
2242
2208
2200
2222
2258
2267
2284
2286
2300
2299
2319
2312
2328
2308
2314
2295
2287
2234
2179
2078
1987
1869
1757
1662
1589
1549
1565
1647
1693
1693
1671
1692
1727
1774
1795
1783
1734
1687
1652
1675
1704
1747
1762
1790
1791
1807
1832
1888
1906
1930
1926
1911
1894
1910
1911
1928
1933
1956
1960
1972
1968
1946
1921
1903
1889
1911
1954
2107
2055
2016
1958
1920
1902
1881
1861
1897
1935
1986
2046
2151
2222
2303
2357
2395
2391
2381
2370
2362
2347
2348
2354
2359
2367
2396
2415
2417
2405
2380
2370
2342
2337
2332
2333
2336
2336
2322
2291
2266
2262
2243
2234
2209
2200
2168
2158
2122
2105
2105
2123
2151
2184
2221
2266
2309
2364
2416
2471
2516
2552
2562
2573
2579
2580
2578
2570
2542
2515
2484
2445
2381
2312
2249
2179
2122
2090
2068
2035
2013
2018
2050
2093
2160
2190
2219
2218
2214
2188
2155
2111
2100
2109
2121
2116
2140
2169
2179
2190
2210
2223
2254
2281
2314
2330
2336
2329
2332
2326
2316
2302
2290
2294
2282
2260
2231
2225
2205
2191
2160
2159
2124
2093
2034
1995
1974
1991
2013
2039
2075
2112
2159
2211
2254
2269
2292
2284
2248
2206
2151
2097
2035
1988
1934
1923
1929
1951
1968
1984
2014
2070
2148
2226
2281
2318
2343
2346
2331
2312
2299
2303
2299
2287
2266
2210
2166
2133
2102
2092
2090
2065
2049
2034
2022
2020
2038
2046
2047
2043
2035
2026
2031
2051
2045
2030
1992
1977
1964
1961
1961
1962
1962
1940
1931
1924
1932
1961
1986
2022
2069
2115
2150
2193
2232
2299
2342
2385
2435
2469
2477
2474
2460
2432
2388
2320
2225
2148
2081
2046
2050
2045
2050
2062
2112
2142
2172
2218
2254
2269
2259
2250
2253
2276
2296
2283
2279
2292
2307
2342
2348
2349
2339
2316
2292
2261
2226
2191
2160
2160
2161
2175
2171
2167
2164
2166
2205
2250
2298
2324
2338
2339
2334
2314
2283
2270
2251
2239
2245
2261
2281
2284
2259
2231
2209
2195
2170
2158
2167
2153
2180
2217
2272
2331
2384
2409
2433
2453
2489
2473
2438
2381
2329
2287
2248
2209
2171
2148
2124
2107
2114
2151
2186
2223
2252
2262
2276
2274
2272
2277
2257
2240
2234
2235
2249
2262
2261
2275
2248
2243
2207
2179
2130
2119
2134
2179
2204
2188
2137
2101
2068
2058
2021
1996
1988
2014
2024
2028
2040
2063
2057
2070
2024
1973
1908
1865
1877
1903
1901
1899
1906
1939
2011
2076
2128
2162
2177
2183
2214
2236
2267
2273
2280
2275
2287
2285
2306
2310
2302
2237
2164
2062
2000
1942
1917
1898
1917
1937
1985
2024
2077
2109
2124
2136
2161
2156
2134
2126
2123
2124
2143
2140
2122
2098
2067
2034
2018
2027
2045
2056
2078
2111
2117
2156
2164
2187
2188
2194
2185
2181
2141
2107
2070
2057
2041
2042
2026
2008
1993
1994
1997
2022
2036
2057
2044
2030
2007
2015
2036
2065
2085
2108
2120
2143
2168
2211
2262
2292
2318
2334
2344
2330
2296
2285
2261
2239
2199
2193
2216
2256
2283
2267
2255
2219
2183
2136
2134
2136
2163
2173
2181
2172
2153
2128
2096
2064
2031
2008
1996
1996
2003
1997
2003
1995
1989
1972
1949
1914
1879
1828
1745
1727
1739
1794
1853
1909
1923
1924
1909
1893
1871
1826
1749
1705
1660
1617
1600
1649
1721
1812
1872
1923
1946
1965
1991
2001
2011
2029
2040
2088
2140
2175
2179
2196
2198
2210
2191
2158
2115
2095
2089
2090
2065
2023
1972
1915
1855
1810
1757
1736
1747
1779
1839
1920
1986
2028
2089
2129
2135
2148
2139
2092
2022
1955
1895
1869
1837
1787
1763
1777
1831
1912
1999
2039
2057
2075
2065
2038
1997
1962
1951
1952
1970
1992
2015
2028
2037
2045
2081
2079
2074
2067
2061
2045
2038
2035
2039
2036
2048
2048
2091
2121
2156
2171
2185
2177
2174
2154
2158
2159
2180
2166
2167
2145
2135
2117
2115
2107
2091
2075
2039
2005
1964
1929
1919
1931
1958
1966
1985
2014
2042
2066
2077
2094
2073
2039
1989
1968
1923
1877
1824
1765
1676
1611
1560
1579
1610
1670
1706
1731
1731
1763
1787
1802
1814
1823
1809
1790
1776
1784
1780
1790
1800
1821
1843
1884
1946
2003
2064
2085
2067
2056
2057
2058
2075
2084
2075
2064
2070
2083
2112
2134
2163
2174
2181
2169
2175
2148
2119
2087
2071
2045
2011
1995
2009
2032
2075
2123
2172
2174
2191
2210
2259
2294
2327
2327
2318
2279
2248
2212
2164
2127
2134
2155
2186
2222
2238
2254
2267
2282
2295
2269
2247
2204
2146
2116
2097
2088
2052
2045
2039
2033
2049
2047
2038
2035
2050
2079
2113
2139
2161
2168
2160
2158
2147
2156
2164
2160
2162
2172
2169
2180
2171
2146
2111
2078
2049
2072
2107
2127
2149
2150
2121
2099
2065
2071
2089
2113
2122
2124
2131
2147
2151
2146
2116
2067
1990
1908
1819
1756
1694
1688
1703
1746
1790
1830
1861
1879
1886
1898
1896
1909
1925
1960
1974
1979
1979
1986
1986
1969
1942
1941
1932
1944
1972
2013
2063
2091
2116
2134
2159
2187
2190
2157
2141
2106
2083
2040
2018
1983
1983
2003
2041
2050
2074
2087
2108
2093
2057
2026
2015
1983
1988
1983
1995
1980
1976
1967
2000
2055
2118
2160
2196
2185
2130
2050
1965
1904
1863
1839
1792
1740
1686
1665
1671
1721
1758
1805
1837
1889
1932
1961
1954
1957
1953
1959
1957
1934
1867
1806
1714
1624
1522
1473
1457
1487
1526
1575
1627
1698
1746
1786
1826
1883
1945
2001
2053
2093
2108
2107
2118
2128
2134
2170
2185
2181
2174
2151
2146
2155
2160
2158
2152
2134
2142
2138
2134
2109
2090
2074
2089
2106
2112
2110
2121
2147
2222
2273
2303
2319
2341
2332
2331
2324
2298
2283
2280
2270
2272
2259
2253
2251
2262
2272
2294
2308
2310
2310
2283
2269
2272
2280
2275
2276
2268
2264
2250
2246
2235
2216
2199
2194
2189
2171
2164
2166
2167
2171
2188
2224
2253
2288
2289
2285
2258
2242
2251
2269
2284
2284
2280
2282
2278
2302
2331
2347
2359
2372
2377
2367
2326
2276
2239
2202
2173
2175
2197
2197
2233
2269
2289
2295
2274
2253
2222
2196
2182
2157
2143
2130
2116
2106
2111
2124
2139
2138
2145
2163
2170
2177
2189
2197
2218
2242
2235
2247
2266
2277
2269
2261
2246
2232
2237
2246
2241
2230
2225
2228
2224
2204
2203
2222
2258
2294
2332
2358
2386
2382
2377
2368
2349
2340
2340
2352
2391
2413
2441
2444
2471
2456
2420
2367
2288
2230
2187
2148
2131
2117
2116
2125
2166
2191
2196
2190
2174
2173
2189
2192
2186
2188
2189
2202
2228
2252
2237
2211
2169
2152
2123
2130
2130
2164
2194
2251
2295
2307
2266
2207
2113
2032
1947
1870
1784
1749
1730
1750
1773
1815
1865
1940
1986
2015
2034
2049
2028
2004
1948
1893
1839
1791
1779
1765
1771
1803
1829
1831
1831
1795
1798
1801
1840
1881
1934
1976
2024
2048
2078
2096
2124
2135
2125
2087
2054
2022
2027
2045
2090
2128
2166
2165
2158
2120
2052
2001
1971
1952
1921
1882
1843
1840
1843
1880
1922
1973
2009
2008
1959
1921
1875
1825
1756
1693
1626
1573
1567
1585
1602
1638
1663
1681
1681
1676
1621
1591
1550
1516
1477
1438
1437
1463
1519
1581
1626
1659
1695
1747
1797
1841
1891
1919
1963
2017
2046
2063
2062
2034
1976
1914
1881
1851
1842
1844
1856
1887
1931
1960
2001
2004
1944
1844
1719
1613
1468
1375
1301
1277
1315
1366
1448
1519
1653
1770
1886
1991
2055
2083
2082
2064
2032
1975
1905
1836
1791
1762
1763
1755
1746
1772
1773
1773
1795
1838
1874
1886
1946
1961
1967
1971
1965
1929
1890
1867
1844
1807
1759
1723
1725
1729
1744
1747
1770
1817
1861
1885
1881
1873
1880
1864
1871
1875
1875
1875
1896
1906
1919
1930
1967
2015
2033
2049
2019
1970
1889
1819
1802
1798
1775
1755
1761
1800
1819
1867
1935
1981
2005
2007
1993
1997
1973
1961
1944
1931
1913
1921
1939
1945
1922
1901
1839
1808
1804
1803
1793
1769
1755
1741
1754
1766
1772
1763
1757
1744
1725
1751
1790
1816
1875
1939
2035
2109
2169
2189
2188
2174
2165
2137
2112
2084
2094
2077
2041
1969
1880
1810
1784
1770
1763
1759
1755
1781
1836
1887
1928
1944
1956
1962
1959
1951
1954
1964
1972
2005
2034
2079
2149
2231
2306
2371
2382
2374
2324
2255
2165
2116
2054
2001
1947
1917
1913
1927
1894
1867
1823
1817
1847
1885
1903
1934
1921
1907
1899
1859
1798
1755
1721
1689
1662
1645
1619
1621
1609
1608
1593
1592
1590
1572
1586
1587
1607
1647
1719
1762
1825
1864
1902
1933
1958
1956
1970
1970
2021
2039
2050
2054
2088
2113
2162
2167
2157
2111
2076
2039
2030
2016
2031
2023
2055
2091
2135
2178
2208
2237
2256
2266
2252
2255
2225
2224
2227
2251
2256
2259
2249
2254
2226
2191
2123
2062
1998
1976
1967
1975
1966
1948
1936
1966
1946
1909
1869
1875
1899
1950
1968
2007
2047
2099
2145
2146
2132
2106
2113
2117
2100
2050
1992
1963
1932
1906
1877
1857
1833
1816
1819
1842
1830
1828
1814
1826
1829
1829
1830
1835
1861
1893
1929
1985
2047
2096
2135
2146
2136
2127
2118
2107
2127
2148
2184
2174
2144
2125
2140
2171
2189
2182
2150
2115
2087
2076
2108
2155
2199
2207
2182
2162
2118
2064
2006
1955
1921
1906
1870
1862
1876
1882
1888
1860
1857
1867
1900
1899
1893
1898
1915
1932
1961
2033
2128
2195
2253
2300
2339
2359
2378
2378
2385
2390
2374
2357
2339
2311
2275
2250
2267
2302
2338
2370
2390
2416
2459
2492
2518
2532
2528
2510
2478
2429
2375
2322
2266
2240
2231
2237
2261
2301
2348
2383
2381
2382
2374
2353
2341
2332
2341
2358
2392
2430
2472
2537
2592
2621
2616
2604
2596
2561
2507
2461
2407
2363
2342
2313
2291
2275
2268
2274
2258
2240
2221
2197
2147
2115
2082
2089
2123
2147
2181
2216
2259
2316
2363
2371
2378
2349
2340
2339
2335
2332
2325
2310
2294
2300
2278
2227
2143
2090
2046
2009
1991
1987
1995
2001
1992
2014
2037
2069
2092
2108
2111
2115
2137
2130
2072
2016
1957
1925
1898
1887
1880
1888
1915
1974
2058
2148
2230
2286
2323
2354
2370
2394
2422
2450
2452
2439
2432
2429
2434
2439
2423
2396
2324
2262
2235
2239
2260
2277
2299
2328
2347
2380
2424
47.29248047
1.662890553
999
