5835
2101
2135
2116
2110
2085
2100
2115
2118
2112
2098
2127
2102
2127
2089
2127
2110
2146
2107
2154
2116
2172
2110
2152
2083
2127
2103
2129
2100
2123
2112
2148
2146
2168
2143
2160
2195
2186
2204
2195
2242
2215
2244
2209
2243
2210
2274
2203
2232
2165
2212
2140
2139
2076
2111
2097
2117
2085
2111
2136
2149
2156
2140
2140
2150
2174
2140
2156
2120
2180
2161
2187
2149
2205
2200
2219
2186
2187
2182
2193
2151
2136
2112
2095
2110
2061
2059
2030
2067
2055
2072
2052
2100
2096
2136
2099
2140
2131
2173
2148
2148
2123
2139
2164
2158
2153
2142
2166
2122
2141
2075
2109
2054
2081
2008
2060
1999
2047
2004
2044
1999
2044
2041
2086
2074
2073
2055
2070
2063
2038
2043
2032
2079
2038
2066
2017
2082
2060
2098
2059
2074
2038
2076
2017
2050
2022
2068
2022
2021
1993
1993
2014
2005
1979
1946
1960
1942
1946
1899
1914
1903
1955
1925
1961
1945
1989
2018
2025
2027
2042
2080
2087
2095
2037
2062
2011
2067
2000
2033
1982
2016
2007
2013
1978
1988
2025
2063
2084
2032
2075
2025
2074
2005
2023
1951
1995
1949
1977
1913
1920
1892
1910
1859
1860
1879
1829
1869
1843
1883
1842
1911
1913
1978
1944
1986
1964
2032
2006
2027
2013
1986
2009
2012
2028
2024
2077
2079
2145
2111
2126
2091
2114
2088
2075
2023
2008
2023
1997
2007
1992
2028
2019
2053
2011
2047
2015
2070
2038
2058
2024
2088
2071
2075
2070
2059
2092
2107
2114
2075
2099
2051
2117
2053
2080
2012
2083
2045
2100
2063
2110
2111
2148
2113
2125
2120
2126
2174
2128
2152
2088
2155
2107
2151
2092
2112
2081
2107
2045
2061
2039
2084
2076
2054
2046
2059
2099
2092
2103
2056
2088
2063
2072
2036
2046
2037
2085
2054
2085
2083
2095
2114
2110
2125
2132
2164
2138
2175
2128
2169
2138
2163
2116
2135
2115
2131
2131
2120
2120
2111
2142
2116
2123
2066
2103
2064
2137
2087
2124
2068
2116
2124
2132
2120
2099
2118
2100
2087
2043
2071
2009
2066
2027
2064
2008
2060
2034
2041
2007
2012
2019
2036
2017
2005
2012
1992
2036
2007
2026
1992
2048
2041
2058
2027
2021
2043
2061
2078
2069
2106
2092
2134
2062
2083
2050
2097
2057
2083
2036
2058
2047
2055
2013
2028
2034
2052
2079
2036
2068
2044
2117
2057
2097
2042
2102
2070
2100
2025
2061
2044
2090
2058
2079
2080
2087
2089
2079
2074
2067
2095
2069
2101
2060
2079
2057
2078
2039
2050
2026
2024
2050
2026
2039
2017
2060
2035
2086
2062
2093
2090
2130
2094
2110
2103
2093
2128
2092
2116
2062
2114
2081
2132
2114
2152
2123
2168
2133
2142
2092
2115
2088
2048
2025
1986
2021
2019
2039
2000
2051
2032
2096
2050
2093
2053
2130
2083
2100
2064
2078
2105
2109
2105
2090
2118
2096
2121
2079
2088
2068
2108
2062
2076
2040
2045
2097
2110
2129
2105
2151
2144
2201
2164
2181
2163
2208
2191
2194
2160
2167
2198
2161
2168
2121
2151
2135
2151
2092
2143
2108
2162
2106
2137
2073
2122
2074
2081
2067
2067
2085
2102
2102
2083
2100
2074
2142
2108
2162
2129
2198
2167
2210
2183
2197
2196
2212
2204
2197
2203
2184
2235
2187
2198
2158
2199
2160
2178
2156
2158
2153
2164
2143
2136
2157
2170
2186
2136
2172
2138
2211
2158
2193
2135
2170
2150
2177
2143
2153
2149
2160
2154
2130
2148
2104
2186
2134
2178
2106
2169
2126
2150
2097
2092
2082
2111
2092
2078
2100
2067
2141
2100
2115
2059
2104
2080
2087
2048
2039
2025
2031
2031
2026
2044
2032
2096
2105
2130
2111
2171
2186
2216
2207
2178
2189
2176
2214
2179
2188
2158
2227
2215
2250
2212
2245
2225
2248
2210
2204
2220
2171
2220
2160
2195
2141
2215
2180
2218
2163
2190
2170
2207
2183
2179
2165
2138
2181
2145
2169
2121
2171
2147
2192
2148
2178
2162
2222
2206
2230
2225
2232
2259
2249
2265
2221
2253
2214
2247
2234
2249
2226
2259
2228
2219
2204
2216
2232
2199
2200
2141
2187
2132
2141
2066
2105
2078
2132
2094
2140
2099
2160
2127
2138
2141
2108
2164
2143
2159
2096
2137
2091
2148
2097
2125
2076
2120
2070
2085
2079
2057
2105
2094
2091
2048
2082
2066
2108
2060
2050
2001
2014
1994
1972
1941
1914
1970
1954
1983
1959
2019
2015
2061
2039
2046
2032
2050
2049
2034
2025
2026
2052
2018
2058
2000
2066
2049
2114
2059
2099
2072
2093
2109
2105
2090
2077
2098
2078
2144
2087
2111
2080
2131
2087
2123
2099
2104
2110
2133
2139
2121
2154
2160
2194
2168
2190
2153
2212
2195
2214
2175
2183
2201
2178
2179
2146
2157
2117
2132
2089
2106
2056
2077
2048
2052
2002
2004
2012
1998
2020
1965
2002
1973
2055
2002
2039
1986
2035
2036
2071
2045
2075
2087
2086
2135
2093
2128
2098
2148
2085
2108
2058
2078
2058
2097
2061
2089
2079
2118
2138
2099
2133
2110
2174
2135
2140
2095
2112
2106
2117
2096
2080
2082
2095
2121
2116
2136
2090
2136
2130
2152
2104
2144
2136
2154
2158
2148
2172
2165
2202
2156
2201
2136
2175
2119
2131
2059
2073
2011
2007
2002
1969
1971
1963
2005
1996
2036
2016
2086
2064
2118
2065
2098
2065
2119
2087
2076
2067
2045
2067
2042
2039
1995
2001
1969
2017
1981
2002
1971
2009
2010
2010
2013
1973
1998
1973
1978
1923
1943
1922
1948
1936
1941
1924
1959
1996
2005
2031
1992
2035
1999
2055
2008
2042
2013
2063
2062
2063
2036
2071
2098
2096
2091
2069
2119
2092
2130
2058
2081
2036
2089
2018
2015
1960
1971
1971
1963
1925
1911
1934
1923
1974
1932
1966
1940
1992
1967
1921
1894
1923
1917
1931
1904
1926
1913
1983
1998
2023
1974
1997
2003
2011
1992
1991
1995
1958
1986
1924
1954
1900
1963
1921
1959
1903
1936
1925
1973
1949
1955
1976
1967
2020
1982
2032
1989
2058
2040
2109
2078
2103
2086
2139
2124
2148
2131
2109
2135
2103
2122
2063
2077
2041
2059
2022
2017
1992
2008
2021
2007
1997
1995
2019
2015
2034
2005
2030
2031
2065
2030
2056
2048
2061
2091
2059
2057
2048
2117
2090
2141
2092
2132
2111
2165
2104
2095
2062
2063
2082
2061
2039
2007
2025
1997
2032
1978
2032
1995
2081
2021
2056
2006
2048
2077
2089
2087
2077
2094
2110
2120
2090
2124
2070
2131
2095
2112
2058
2100
2079
2111
2098
2083
2072
2073
2070
2041
2057
2011
2044
2037
2060
2027
2043
2013
2011
2024
1992
1997
1981
1997
1960
1976
1950
1973
1942
1961
1908
1922
1899
1942
1931
1899
1884
1834
1853
1783
1786
1711
1745
1713
1764
1705
1753
1739
1835
1821
1873
1894
1893
1954
1963
1990
1954
2013
1997
2060
1967
1995
1954
1999
1951
1956
1926
1914
1926
1928
1918
1900
1926
1935
1962
1931
1955
1926
1982
1964
1980
1933
1927
1946
1943
1930
1893
1901
1889
1915
1909
1941
1919
1951
1944
1947
1908
1920
1915
1915
1939
1901
1926
1908
1946
1903
1945
1911
1969
1960
2003
1983
2039
2030
2060
2088
2059
2070
2060
2101
2081
2092
2030
2069
2034
2092
2037
2077
2032
2104
2093
2105
2109
2127
2173
2194
2199
2190
2206
2164
2217
2170
2189
2133
2180
2156
2176
2145
2116
2112
2108
2077
2029
2030
2005
2045
2015
2050
2018
2084
2076
2109
2100
2077
2092
2102
2121
2092
2099
2079
2105
2074
2105
2063
2111
2083
2120
2069
2093
2100
2129
2177
2158
2168
2152
2189
2135
2171
2095
2140
2099
2144
2085
2142
2117
2161
2167
2180
2168
2172
2201
2208
2243
2199
2228
2180
2221
2161
2191
2137
2183
2184
2217
2202
2222
2234
2263
2244
2215
2223
2192
2234
2198
2210
2160
2199
2180
2215
2194
2191
2192
2224
2217
2207
2208
2180
2209
2180
2203
2150
2191
2187
2217
2198
2208
2186
2230
2229
2224
2210
2195
2244
2236
2236
2167
2197
2177
2215
2187
2211
2169
2220
2203
2222
2202
2230
2226
2208
2232
2187
2213
2205
2259
2199
2262
2197
2265
2234
2283
2231
2276
2258
2284
2301
2286
2283
2269
2276
2242
2238
2190
2232
2216
2259
2210
2230
2203
2255
2234
2234
2210
2214
2228
2229
2224
2214
2241
2213
2227
2168
2176
2142
2188
2161
2173
2148
2150
2188
2227
2221
2208
2220
2197
2245
2220
2249
2210
2282
2265
2286
2276
2297
2291
2309
2286
2279
2259
2264
2273
2240
2257
2203
2257
2232
2283
2239
2310
2271
2325
2279
2300
2253
2303
2275
2276
2278
2242
2267
2246
2260
2209
2218
2169
2229
2177
2216
2164
2227
2198
2245
2215
2229
2224
2243
2238
2226
2232
2246
2273
2241
2268
2211
2254
2226
2262
2215
2244
2202
2239
2223
2225
2207
2228
2247
2246
2276
2247
2285
2289
2322
2284
2319
2301
2323
2320
2325
2311
2323
2328
2330
2314
2272
2274
2248
2271
2244
2287
2253
2302
2293
2320
2287
2310
2307
2347
2332
2348
2368
2332
2379
2346
2372
2332
2371
2341
2388
2314
2351
2307
2350
2311
2327
2334
2302
2315
2301
2321
2265
2259
2247
2285
2231
2278
2212
2282
2260
2310
2259
2311
2286
2326
2318
2323
2303
2327
2344
2318
2344
2281
2314
2286
2329
2263
2291
2237
2295
2253
2279
2247
2304
2305
2320
2298
2280
2281
2281
2294
2254
2250
2233
2276
2262
2305
2285
2325
2307
2328
2269
2305
2292
2275
2267
2233
2224
2199
2216
2183
2193
2135
2152
2129
2156
2099
2116
2091
2117
2145
2161
2165
2167
2205
2215
2238
2212
2228
2202
2257
2234
2258
2200
2247
2235
2265
2211
2208
2189
2227
2191
2178
2193
2159
2214
2198
2230
2199
2247
2222
2294
2263
2299
2248
2310
2278
2293
2248
2225
2226
2221
2214
2178
2180
2196
2226
2172
2221
2163
2235
2191
2229
2159
2201
2160
2214
2159
2167
2134
2168
2126
2116
2118
2076
2121
2123
2150
2103
2126
2105
2180
2135
2176
2133
2196
2166
2206
2161
2169
2153
2189
2192
2198
2195
2194
2192
2159
2167
2115
2154
2131
2161
2103
2124
2088
2125
2102
2111
2084
2097
2096
2094
2104
2070
2076
2066
2080
2049
2069
2054
2087
2089
2128
2101
2142
2141
2177
2186
2176
2171
2162
2187
2161
2160
2139
2154
2122
2154
2094
2130
2089
2142
2093
2116
2087
2087
2083
2108
2100
2096
2109
2078
2110
2048
2068
2031
2106
2062
2109
2100
2133
2113
2179
2143
2176
2142
2201
2185
2174
2163
2147
2187
2183
2176
2144
2174
2121
2169
2103
2147
2065
2127
2069
2107
2063
2094
2083
2133
2103
2116
2083
2072
2118
2089
2096
2067
2096
2087
2101
2062
2116
2069
2138
2105
2155
2115
2191
2167
2205
2195
2199
2188
2212
2217
2212
2204
2149
2183
2157
2196
2143
2187
2170
2210
2187
2200
2155
2195
2186
2213
2191
2197
2215
2220
2222
2200
2195
2193
2216
2191
2202
2158
2204
2202
2233
2195
2215
2204
2240
2238
2217
2208
2225
2256
2258
2281
2252
2280
2275
2321
2267
2306
2276
2323
2317
2337
2300
2327
2319
2320
2272
2254
2266
2262
2289
2256
2269
2246
2291
2272
2314
2269
2306
2273
2292
2226
2247
2209
2210
2197
2202
2178
2170
2181
2191
2227
2164
2195
2162
2220
2158
2186
2126
2158
2128
2147
2086
2114
2071
2109
2053
2073
2082
2082
2108
2105
2117
2104
2134
2107
2189
2137
2173
2113
2177
2141
2189
2147
2179
2144
2190
2152
2183
2159
2230
2215
2204
2197
2162
2187
2190
2185
2152
2193
2152
2209
2151
2188
2129
2203
2173
2207
2176
2189
2160
2183
2132
2115
2060
2029
2065
2048
2059
2029
2078
2086
2099
2081
2111
2063
2127
2092
2109
2048
2102
2089
2118
2103
2093
2087
2122
2112
2085
2098
2051
2095
2067
2075
2027
2047
2027
2060
2042
2062
2031
2074
2070
2088
2056
2072
2101
2108
2122
2107
2108
2103
2108
2055
2058
2000
2032
2011
2041
2025
2062
2054
2093
2089
2088
2069
2070
2082
2079
2094
2057
2064
2054
2078
2027
2043
2004
2036
2007
2039
1990
2020
1997
2035
1965
1964
1956
1954
1991
1968
1978
1939
1976
1939
2004
1914
1951
1895
1967
1921
1963
1916
1942
1931
1959
1940
1939
1935
1994
1997
1964
1972
1949
2012
2011
2049
2023
2110
2081
2158
2082
2119
2062
2126
2059
2077
2033
2049
2028
2036
2000
2006
1999
2005
2045
2016
2029
1999
2054
2028
2056
2014
2055
2002
2083
2034
2065
1999
2067
2041
2062
2052
2072
2072
2103
2105
2093
2063
2004
2045
2004
2016
1954
1977
1949
1995
1949
1974
1912
1976
1959
2012
1966
1994
2001
2034
2031
2036
2035
2051
2068
2046
2083
2035
2074
2068
2117
2069
2099
2076
2135
2099
2114
2078
2120
2095
2103
2074
2054
2042
2046
2050
2020
2028
2030
2061
2039
2059
2014
2028
2018
2042
1979
1971
1937
1971
1964
1953
1911
1932
1952
1950
1961
1933
1952
1963
2012
1995
2016
1998
2037
2048
2094
2048
2069
2036
2067
2051
2042
2022
2035
2061
2045
2055
2054
2076
2067
2107
2080
2113
2087
2129
2081
2131
2098
2112
2084
2114
2073
2083
2053
2047
2057
2027
2014
1973
1980
1949
1941
1901
1946
1916
1987
1950
1998
1963
2025
1999
2032
2009
2037
2002
2040
2001
2009
2010
2001
2046
2039
2066
2054
2094
2088
2131
2070
2114
2062
2142
2073
2110
2047
2081
2060
2095
2040
2057
2035
2090
2051
2039
2041
2008
2059
2048
2065
2033
2059
2022
2080
2007
2038
1973
2024
1962
1985
1958
1996
1980
2031
2007
2037
2024
2082
2084
2070
2084
2065
2111
2115
2149
2124
2161
2112
2174
2111
2142
2078
2129
2098
2122
2093
2109
2101
2148
2140
2145
2110
2086
2114
2096
2096
2058
2093
2084
2115
2081
2111
2069
2126
2077
2089
2042
2087
2022
2035
2010
2002
1980
2015
2008
2010
2021
1977
2021
2011
2037
1984
2000
1979
2010
1963
1978
1933
1975
1980
2020
2006
2014
2024
2052
2053
2033
2012
2030
2065
2045
2055
2005
2043
2026
2051
2004
2031
2021
2069
2059
2063
2040
2077
2076
2078
2074
2040
2033
2025
2048
2003
2004
1982
1996
1971
1976
1927
1950
1925
1946
1897
1927
1889
1929
1943
1945
1923
1922
1927
1893
1903
1871
1883
1854
1869
1832
1848
1795
1834
1820
1861
1825
1866
1862
1916
1904
1912
1911
1937
1949
1943
1928
1923
1933
1903
1952
1915
1944
1916
1996
1960
2007
2028
1987
2003
1992
2002
1975
1972
1956
1925
1939
1875
1882
1861
1903
1842
1889
1817
1881
1850
1897
1849
1889
1862
1888
1885
1883
1860
1893
1901
1913
1906
1890
1927
1910
1951
1885
1929
1903
1970
1932
1968
1906
1945
1910
1951
1877
1919
1887
1918
1920
1894
1878
1872
1875
1864
1863
1815
1849
1838
1888
1843
1886
1871
1928
1893
1920
1880
1922
1901
1942
1904
1937
1915
1934
1949
1937
1939
1917
1919
1887
1934
1864
1875
1835
1881
1837
1857
1821
1841
1852
1890
1859
1875
1867
1892
1852
1834
1832
1826
1851
1859
1868
1852
1881
1881
1942
1916
1928
1909
1945
1913
1922
1897
1895
1914
1942
1939
1933
1962
1954
2005
1988
1999
1949
1999
1965
2000
1987
2007
1998
2057
2041
2038
2004
2048
2066
2054
2063
2038
2069
2081
2109
2077
2123
2088
2134
2118
2161
2107
2141
2105
2136
2104
2113
2088
2122
2124
2130
2113
2082
2104
2079
2117
2095
2127
2099
2143
2117
2164
2105
2167
2141
2167
2098
2124
2105
2132
2117
2109
2094
2099
2101
2091
2108
2069
2080
2036
2083
2028
2047
1997
2063
2024
2068
2033
2079
2059
2114
2060
2084
2067
2094
2097
2062
2034
2004
2014
1965
2015
1937
1974
1942
2011
1977
2042
2015
2088
2066
2096
2050
2091
2068
2123
2108
2083
2075
2070
2092
2067
2056
2040
2068
2029
2077
2013
2051
2003
2054
1989
2038
2004
2044
2036
2068
2021
2049
2047
2037
2046
2011
2018
1992
2012
1979
1989
1968
1996
1967
2015
1965
1987
1924
1960
1912
1923
1888
1877
1872
1868
1854
1866
1873
1852
1890
1874
1905
1872
1922
1907
1953
1940
1985
1974
2041
2020
2043
2025
2043
2067
2067
2077
2076
2102
2116
2125
2102
2118
2069
2115
2077
2097
2037
2082
2046
2078
2044
2038
2029
2053
2034
2019
2021
1994
2055
2029
2038
1986
2036
2036
2087
2056
2075
2050
2119
2099
2142
2100
2116
2121
2147
2140
2120
2135
2151
2162
2132
2163
2106
2165
2135
2163
2081
2123
2057
2095
2038
2064
2027
2084
2065
2094
2099
2102
2120
2131
2160
2139
2147
2144
2190
2149
2194
2121
2190
2144
2180
2110
2146
2080
2127
2095
2122
2082
2114
2082
2071
2084
2038
2045
2039
2067
2023
2019
1991
2023
1985
2039
1987
2032
2022
2065
2011
2001
1970
1973
1962
1944
1903
1898
1888
1863
1881
1822
1851
1838
1871
1818
1856
1814
1851
1848
1879
1831
1850
1830
1819
1815
1798
1778
1778
1792
1784
1769
1743
1767
1752
1791
1755
1789
1783
1826
1810
1825
1806
1825
1825
1838
1821
1823
1813
1815
1850
1825
1857
1858
1925
1897
1941
1903
1930
1913
1939
1911
1937
1922
1942
1955
1967
1961
1972
1970
1947
1920
1878
1898
1885
1909
1863
1896
1859
1911
1891
1930
1891
1923
1923
1981
1952
1987
1987
1991
2015
2000
1985
1952
1986
1962
1981
1899
1926
1885
1950
1896
1939
1901
1967
1946
1969
1930
1967
1971
2004
1966
1974
1995
1991
2037
2005
2036
2014
2080
2039
2083
1997
2007
1942
1984
1897
1917
1875
1911
1913
1921
1910
1923
1939
1972
1982
1932
1961
1937
1996
1960
2003
1965
2029
1999
2038
1976
1980
1946
1998
1980
1992
1992
1980
2018
2028
2023
1983
2009
1979
2034
1988
2002
1968
2027
1998
2018
1995
2015
2046
2081
2078
2090
2095
2116
2134
2104
2115
2068
2115
2119
2149
2114
2147
2131
2151
2133
2139
2118
2149
2151
2144
2176
2146
2168
2162
2203
2150
2156
2112
2155
2128
2141
2089
2101
2074
2104
2092
2081
2091
2113
2140
2109
2097
2070
2091
2055
2092
2002
2030
1979
2033
1971
2022
1977
2000
1977
1988
1945
1944
1931
1938
1978
1947
1961
1964
2007
1995
2021
1973
1994
1975
2017
1957
1998
1970
2018
2016
2022
2021
2024
2077
2087
2088
2076
2115
2083
2131
2090
2097
2044
2091
2052
2073
2046
2055
2055
2059
2019
1980
1963
1930
1965
1927
1966
1949
2004
2003
2029
2019
2034
1999
2024
2005
2016
1998
2029
2056
2058
2082
2061
2102
2100
2118
2075
2111
2059
2109
2083
2123
2082
2119
2089
2099
2089
2063
2037
2020
2011
1974
1960
1922
1986
1956
2012
1962
2004
1974
2039
1999
2033
1985
2019
1995
2018
1972
1998
1995
2001
2028
2002
2001
1989
2054
2021
2068
2017
2071
2042
2085
2024
2051
2027
2043
2040
2026
1980
1976
1980
1968
1956
1929
1951
1937
1989
1959
1991
1971
1998
1955
1981
1943
1966
1975
1983
1959
1964
1964
1961
1997
1961
1963
1940
1989
1966
2015
1979
1997
1996
2031
1991
2007
1969
1962
1986
1952
1965
1932
1964
1955
1982
1951
1993
1961
2041
1997
2028
1974
2042
2022
2037
2011
2009
2016
2028
2027
2005
2028
1991
2060
2029
2069
2006
2073
2038
2105
2044
2052
1972
2001
1954
1955
1891
1905
1930
1941
1961
1940
1959
1971
2014
1997
2038
1985
2047
2037
2059
2006
2036
2001
2028
1994
1972
1942
1969
1976
1948
1934
1874
1903
1890
1915
1863
1895
1884
1925
1936
1955
1974
2009
2028
2035
2038
2031
2066
2051
2079
2032
2062
2037
2110
2099
2136
2111
2154
2162
2197
2164
2190
2183
2179
2208
2174
2189
2160
2200
2141
2164
2098
2150
2111
2165
2106
2139
2084
2107
2085
2073
2043
2042
2051
2047
2033
2012
2058
2050
2127
2094
2125
2056
2098
2057
2097
2052
2064
2028
2057
2025
2037
2047
2038
2059
2037
2042
2013
2042
2031
2074
2019
2020
1997
2063
2059
2087
2077
2108
2153
2165
2168
2131
2156
2152
2157
2109
2117
2058
2092
2058
2082
2039
2082
2064
2077
2058
2033
2026
2035
2046
2013
2026
1969
2036
2014
2077
2035
2120
2109
2160
2146
2160
2120
2148
2142
2132
2078
2053
2072
2042
2052
1995
2021
1989
2026
1965
2005
1949
2007
1995
2048
2003
2050
2042
2067
2098
2101
2108
2136
2168
2162
2187
2143
2171
2164
2203
2155
2178
2153
2178
2179
2185
2168
2169
2171
2177
2171
2137
2163
2128
2155
2096
2106
2071
2122
2115
2137
2124
2136
2160
2192
2183
2164
2145
2097
2135
2081
2089
2026
2082
2049
2083
2035
2063
2036
2115
2097
2138
2111
2128
2168
2155
2174
2134
2175
2157
2174
2120
2155
2088
2158
2112
2128
2060
2102
2086
2103
2100
2092
2097
2120
2139
2119
2138
2105
2156
2118
2149
2096
2126
2102
2135
2110
2130
2093
2139
2141
2162
2158
2163
2198
2184
2203
2157
2163
2148
2174
2158
2174
2139
2155
2153
2164
2151
2140
2154
2150
2185
2152
2178
2143
2184
2139
2177
2136
2169
2161
2214
2179
2187
2176
2164
2197
2181
2204
2180
2220
2186
2207
2155
2196
2164
2245
2216
2262
2228
2291
2261
2280
2239
2227
2236
2235
2203
2176
2173
2122
2170
2116
2146
2096
2154
2105
2132
2097
2097
2079
2090
2082
2067
2062
2032
2082
2074
2099
2060
2090
2080
2114
2099
2077
2059
2084
2093
2087
2080
2094
2118
2099
2130
2074
2106
2070
2108
2059
2089
2040
2062
2064
2081
2061
2074
2081
2082
2123
2093
2134
2107
2179
2127
2165
2141
2198
2172
2237
2193
2237
2199
2254
2239
2234
2229
2203
2239
2243
2258
2211
2239
2199
2258
2207
2248
2199
2260
2203
2230
2203
2186
2167
2187
2161
2154
2146
2134
2181
2155
2188
2151
2212
2204
2223
2188
2204
2183
2232
2222
2209
2181
2200
2199
2187
2177
2122
2155
2147
2169
2112
2152
2114
2150
2132
2120
2092
2124
2114
2077
2101
2050
2090
2083
2134
2091
2130
2109
2177
2164
2207
2174
2207
2197
2231
2220
2203
2220
2200
2244
2187
2206
2183
2219
2189
2238
2186
2220
2178
2208
2141
2160
2116
2120
2114
2101
2077
2046
2047
2009
2074
2047
2083
2055
2110
2069
2080
2039
2055
2061
2095
2082
2086
2098
2117
2119
2087
2095
2047
2084
2051
2059
1988
1998
1979
2000
1970
1960
1938
1963
1956
1930
1951
1915
1963
1924
1956
1904
1953
1928
2012
1988
2010
1967
2014
2000
2020
2029
2003
2036
2023
2045
1994
2028
2009
2063
2031
2069
2008
2079
2048
2090
2015
2027
2024
2045
2036
2022
2016
2029
2031
1980
1999
1942
1979
1960
1997
1940
1972
1959
2003
1995
1995
1996
2011
2040
2045
2057
2017
2031
2003
2026
1984
1994
1963
1987
1985
1987
1970
1971
1987
1980
1969
1939
1932
1884
1923
1864
1899
1830
1895
1876
1914
1894
1942
1955
2010
1992
2011
2030
2002
2033
2000
2023
1968
2020
1984
2035
1964
1990
1927
1986
1931
1971
1921
1930
1961
1967
1965
1952
1955
1961
1961
1938
1953
1899
1955
1928
1963
1912
1953
1930
1968
1957
1936
1919
1941
1941
1913
1930
1891
1937
1983
1943
1957
1953
1989
1969
1910
1899
1860
1900
1867
1877
1824
1853
1815
1867
1820
1868
1839
1900
1878
1877
1885
1878
1913
1912
1922
1905
1933
1903
1985
1945
2005
1974
2043
2005
2060
2030
2040
2018
2043
2031
2024
2001
2011
2018
1981
2014
1961
2005
1977
2023
1979
2037
2000
2048
2049
2058
2025
2031
2012
2000
2001
1956
1966
1960
1994
1960
1998
1980
2017
2022
2057
2040
2056
2077
2113
2128
2091
2089
2080
2123
2072
2083
2052
2083
2085
2119
2093
2123
2116
2152
2109
2106
2114
2093
2135
2106
2097
2034
2069
2020
2075
2012
2048
2004
2044
1973
1976
1923
1894
1879
1854
1827
1784
1779
1768
1800
1755
1817
1781
1849
1825
1884
1846
1877
1859
1918
1900
1909
1890
1900
1904
1865
1883
1843
1873
1875
1912
1875
1891
1873
1891
1871
1854
1804
1808
1807
1787
1787
1761
1804
1807
1868
1832
1879
1876
1934
1950
1960
1926
1940
1949
1956
1905
1893
1907
1894
1946
1894
1935
1909
1984
1955
1999
1927
1953
1907
1952
1897
1920
1901
1915
1953
1930
1937
1920
1954
1924
1944
1898
1947
1908
1980
1945
1989
1952
1979
1992
1989
1986
1974
1993
2003
2002
1984
1995
1953
1995
1997
2029
1999
2035
2029
2045
2042
2033
2046
2052
2093
2065
2108
2076
2113
2104
2117
2079
2113
2093
2120
2139
2119
2115
2101
2130
2101
2096
2015
2045
1995
2035
1976
2012
1965
2038
2009
2036
1994
2015
2017
2027
1998
1987
1984
1927
1966
1905
1926
1868
1920
1859
1913
1855
1890
1866
1935
1895
1920
1905
1936
1969
1965
1960
1925
1962
1933
1943
1906
1917
1879
1927
1890
1915
1866
1895
1879
1865
1849
1822
1844
1826
1824
1771
1791
1770
1843
1842
1862
1847
1904
1906
1946
1968
1956
1989
1980
2018
1996
2017
1995
2069
2036
2096
2058
2115
2089
2127
2105
2106
2096
2124
2123
2132
2124
2140
2161
2139
2169
2127
2176
2162
2213
2136
2194
2128
2154
2111
2144
2084
2114
2066
2043
2055
2030
2030
2031
2061
2041
2045
2025
2061
2042
2081
2030
2051
2018
2046
2036
2017
1984
1999
2026
2025
2035
2013
2054
2070
2094
2052
2073
2068
2111
2087
2094
2104
2098
2129
2118
2115
2067
2108
2065
2131
2059
2089
2056
2120
2083
2138
2135
2145
2174
2204
2190
2194
2204
2218
2228
2182
2222
2170
2249
2183
2219
2176
2244
2211
2256
2187
2186
2122
2147
2103
2087
2065
2004
2015
1993
1996
1960
1999
1987
2055
2029
2058
2026
2090
2078
2119
2111
2106
2123
2142
2155
2136
2149
2147
2183
2167
2192
2166
2198
2194
2222
2199
2199
2194
2189
2206
2171
2161
2132
2163
2116
2151
2095
2138
2115
2201
2167
2235
2211
2254
2270
2275
2258
2231
2226
2205
2206
2132
2139
2117
2161
2096
2140
2100
2171
2166
2212
2168
2218
2212
2273
2215
2208
2195
2207
2237
2206
2217
2200
2242
2220
2275
2236
2287
2270
2318
2270
2287
2266
2277
2275
2266
2254
2256
2269
2254
2260
2216
2247
2214
2234
2202
2216
2186
2219
2246
2249
2242
2241
2266
2261
2260
2224
2244
2191
2244
2188
2221
2155
2212
2176
2215
2201
2227
2240
2281
2290
2282
2304
2244
2287
2258
2291
2223
2275
2236
2297
2245
2278
2241
2290
2268
2304
2272
2277
2300
2299
2328
2299
2318
2307
2355
2327
2369
2315
2339
2323
2359
2305
2320
2291
2321
2316
2300
2292
2299
2315
2308
2320
2276
2310
2313
2355
2303
2323
2320
2347
2350
2349
2326
2329
2357
2352
2348
2311
2342
2314
2358
2321
2343
2306
2355
2350
2357
2325
2341
2356
2364
2330
2313
2320
2282
2330
2297
2332
2288
2352
2318
2394
2348
2375
2338
2394
2356
2379
2339
2326
2344
2293
2294
2251
2282
2258
2260
2223
2245
2190
2259
2222
2270
2219
2268
2233
2248
2225
2221
2219
2248
2246
2239
2235
2197
2240
2226
2264
2216
2257
2249
2297
2282
2281
2250
2285
2287
2276
2240
2210
2202
2175
2180
2146
2179
2178
2216
2206
2218
2180
2236
2241
2255
2224
2241
2234
2207
2226
2175
2187
2168
2211
2167
2214
2153
2213
2183
2209
2150
2191
2158
2178
2189
2162
2164
2164
2186
2179
2187
2159
2207
2177
2249
2196
2245
2188
2251
2213
2224
2197
2193
2205
2226
2220
2198
2214
2158
2195
2165
2212
2164
2211
2187
2207
2176
2177
2158
2190
2180
2178
2161
2119
2141
2113
2127
2096
2135
2117
2147
2147
2162
2115
2140
2131
2136
2132
2144
2147
2144
2177
2140
2182
2182
2220
2186
2220
2180
2229
2213
2243
2186
2213
2192
2190
2193
2167
2164
2165
2183
2149
2151
2113
2163
2115
2158
2085
2122
2081
2141
2105
2130
2088
2117
2135
2145
2143
2142
2146
2133
2179
2105
2127
2097
2170
2120
2160
2107
2144
2134
2177
2128
2153
2134
2133
2144
2130
2135
2115
2153
2124
2144
2120
2150
2111
2135
2101
2120
2084
2115
2092
2069
2050
2041
2081
2073
2079
2052
2109
2099
2134
2103
2138
2101
2161
2145
2179
2190
2183
2196
2207
2225
2203
2214
2164
2236
2200
2230
2160
2206
2177
2223
2188
2212
2170
2204
2185
2177
2152
2173
2150
2118
2145
2081
2111
2085
2138
2070
2121
2066
2132
2115
2160
2103
2156
2151
2191
2198
2184
2180
2186
2186
2156
2166
2152
2191
2173
2194
2138
2177
2160
2203
2171
2160
2126
2151
2160
2144
2121
2111
2114
2112
2150
2118
2144
2132
2203
2161
2195
2169
2173
2178
2176
2136
2113
2126
2111
2149
2102
2136
2115
2179
2136
2167
2127
2151
2130
2179
2121
2141
2116
2154
2126
2092
2100
2085
2129
2118
2131
2095
2129
2077
2141
2088
2125
2061
2123
2074
2110
2075
2074
2068
2095
2090
2080
2035
2008
2066
2036
2063
2018
2072
2052
2077
2049
2076
2041
2081
2067
2075
2043
2069
2058
2062
2057
2033
2063
2067
2093
2057
2074
2035
2084
2045
2043
1994
2018
1990
1987
1994
1955
1955
1941
1964
1924
1933
1896
1964
1927
1958
1903
1954
1936
1966
1932
1923
1902
1927
1943
1948
1955
1968
1993
1990
2051
1993
2036
1990
2044
1968
2015
1963
2007
1973
1997
1928
1939
1904
1921
1939
1915
1921
1922
1975
1955
1964
1932
1995
1978
2041
1998
2028
1988
2040
2017
2030
2018
2030
2049
2062
2051
2027
2035
2019
2065
2008
2008
1969
2001
1971
1979
1928
1913
1903
1910
1885
1880
1875
1877
1945
1928
1961
1934
2016
2023
2067
2054
2067
2031
2071
2040
2036
2006
2028
2023
2027
2037
2002
2036
2040
2078
2029
2085
2051
2117
2078
2124
2079
2153
2129
2163
2159
2145
2149
2172
2176
2156
2159
2119
2179
2117
2146
2065
2106
2056
2082
2021
2031
1988
2027
2008
2023
1997
2028
2022
2012
2047
2014
2022
2006
2042
1999
2038
1962
1998
1959
1994
1957
2000
1993
2035
2040
2052
2058
2075
2101
2105
2114
2094
2113
2100
2150
2111
2111
2081
2107
2077
2051
2031
2025
2044
2056
2062
2055
2090
2076
2144
2098
2122
2069
2138
2102
2131
2081
2083
2080
2111
2097
2095
2080
2067
2086
2039
2041
1982
2033
1994
2014
1968
2007
1955
2050
2007
2049
2011
2086
2055
2048
2028
2008
2023
2033
2035
2002
2024
1980
2053
2004
2051
2018
2085
2069
2101
2061
2071
2031
2055
2034
2028
2016
1986
2019
2000
2029
1987
2017
2001
2045
2038
2059
2012
2021
2012
2012
1991
1983
1953
1938
1943
1900
1906
1878
1917
1870
1916
1896
1911
1903
1950
1922
1952
1959
1991
2019
2009
2019
2014
2075
2055
2078
2035
2077
2031
2092
2021
2049
2000
2065
2033
2045
2008
2000
1992
2005
1997
1991
2004
1978
2047
2008
2050
1974
2035
1988
2051
1999
2039
2018
2104
2058
2094
2045
2063
2089
2084
2080
2062
2075
2050
2050
1999
2024
1963
2018
1976
1999
1937
1982
1953
1973
1940
1917
1890
1907
1888
1867
1865
1825
1883
1887
1907
1881
1934
1918
1947
1931
1947
1924
1951
1950
1943
1917
1888
1910
1895
1899
1867
1883
1875
1929
1936
1977
1957
2007
2002
2018
1974
1987
1985
1997
1988
1954
1950
1943
1994
1967
1989
1932
1982
1969
2036
1983
2019
1973
1991
1982
1987
1963
1972
1958
1962
1932
1910
1931
1911
1969
1920
1956
1927
2011
2000
2058
1994
2038
2010
2070
2027
2053
2016
2018
2020
2015
2011
1987
2005
2009
2035
1984
1994
1960
2026
1985
2004
1963
1972
1975
1978
1947
1951
1977
2001
1977
1955
1943
1895
1931
1894
1902
1858
1912
1893
1929
1904
1931
1928
1951
1925
1923
1925
1904
1943
1922
1939
1912
1950
1938
1997
1952
1991
1954
2007
1966
1988
1937
1949
1974
1977
1987
1974
1986
1977
1978
2025
1983
2042
2001
2061
2020
2083
2067
2125
2074
2112
2067
2132
2107
2125
2087
2104
2111
2109
2108
2066
2075
2071
2100
2078
2103
2058
2113
2084
2104
2049
2066
2006
2022
2009
1988
1961
1942
1947
1927
1942
1899
1926
1913
1934
1885
1912
1895
1926
1907
1906
1877
1886
1898
1898
1896
1904
1950
1955
2020
1984
2020
1987
2032
1995
2021
1960
1990
1979
2029
2000
2027
2019
2014
2051
2038
2046
2023
2083
2073
2109
2030
2060
1999
2054
1977
2011
1958
1983
1978
1999
1984
2000
2010
2044
2041
2033
2049
2009
2078
2056
2090
2038
2102
2071
2130
2082
2117
2081
2120
2078
2102
2056
2026
2036
2041
2035
2019
2038
2053
2075
2030
2052
2027
2087
2084
2118
2095
2128
2123
2156
2147
2142
2122
2141
2134
2095
2098
2048
2086
2064
2076
2023
2059
2042
2082
2062
2075
2060
2104
2115
2138
2172
2157
2204
2208
2224
2170
2189
2162
2186
2156
2179
2133
2186
2158
2177
2123
2138
2147
2169
2180
2152
2145
2142
2168
2118
2156
2081
2112
2069
2119
2056
2099
2065
2111
2103
2133
2105
2135
2140
2153
2153
2123
2117
2086
2113
2062
2064
2016
2062
2036
2091
2032
2077
2038
2083
2031
2068
2051
2068
2088
2099
2092
2081
2092
2066
2111
2074
2094
2068
2101
2057
2069
2039
2042
2041
2057
2013
2001
2000
2026
2036
2006
2032
2000
2039
2018
2048
2006
2056
2045
2107
2094
2103
2081
2122
2092
2088
2092
2055
2093
2079
2083
2028
2056
2027
2106
2046
2079
2029
2077
2037
2056
2013
1990
1970
1988
1964
1962
1944
1957
1975
1920
1941
1880
1946
1914
1980
1938
2007
1977
2031
2016
2037
2009
2032
2024
2015
2010
1969
1984
1988
2005
1954
1973
1962
2017
1995
2040
1995
2013
1970
1988
1982
1972
1951
1945
1946
1925
1929
1921
1930
1923
1966
1938
1961
1928
1987
1963
1994
1983
1981
1998
2012
2013
2002
2007
1970
2022
1971
2005
1960
2023
1971
1992
1963
1982
1960
2002
1975
1991
1991
2036
2041
2024
2041
2036
2105
2101
2118
2090
2156
2139
2215
2155
2191
2138
2213
2152
2182
2151
2146
2133
2131
2106
2078
2049
2000
2033
1979
2005
1962
2024
2007
2047
2009
2060
2027
2083
2051
2094
2058
2109
2107
2108
2107
2105
2124
2135
2138
2129
2154
2123
2173
2138
2182
2141
2189
2149
2139
2109
2101
2088
2126
2108
2105
2100
2104
2148
2145
2174
2156
2200
2198
2221
2208
2218
2179
2210
2187
2192
2159
2190
2209
2222
2251
2230
2260
2265
2310
2274
2318
2255
2316
2286
2316
2267
2310
2290
2307
2288
2262
2243
2257
2256
2227
2212
2167
2215
2172
2204
2131
2183
2138
2182
2147
2180
2122
2182
2167
2187
2143
2183
2175
2191
2205
2175
2198
2206
2239
2209
2252
2199
2258
2235
2264
2211
2245
2206
2231
2225
2242
2224
2243
2262
2249
2233
2211
2234
2226
2269
2224
2247
2218
2270
2244
5835
2149
2154
2162
2171
2166
2163
2152
2146
2145
2133
2116
2121
2114
2120
2122
2134
2146
2180
2182
2182
2194
2196
2208
2214
2235
2241
2246
2255
2271
2264
2266
2258
2251
2241
2223
2202
2194
2180
2169
2145
2134
2134
2145
2155
2168
2183
2189
2205
2209
2216
2204
2191
2195
2172
2166
2161
2174
2210
2225
2230
2220
2220
2210
2221
2194
2173
2148
2131
2107
2089
2083
2077
2066
2074
2085
2103
2106
2126
2132
2146
2150
2144
2143
2134
2137
2148
2138
2142
2149
2147
2162
2171
2164
2147
2128
2120
2114
2076
2049
2035
2023
2031
2044
2037
2048
2075
2091
2102
2106
2089
2088
2086
2085
2073
2075
2068
2048
2058
2065
2061
2068
2073
2083
2081
2062
2055
2052
2032
2023
2012
2003
1992
1992
1994
1995
1990
1980
1971
1955
1941
1937
1928
1914
1912
1910
1927
1935
1944
1942
1965
1973
1998
2024
2037
2068
2092
2087
2078
2055
2038
2024
2022
2008
2009
2003
2003
1990
2007
2039
2058
2073
2097
2116
2107
2101
2110
2107
2110
2086
2052
2018
1996
1968
1952
1929
1926
1900
1892
1881
1872
1871
1870
1865
1866
1882
1897
1918
1926
1955
1972
1996
2014
2041
2045
2043
2052
2045
2048
2055
2061
2078
2090
2099
2118
2130
2129
2118
2086
2046
2029
2024
2007
2006
2017
2009
2010
2024
2012
2028
2045
2037
2039
2037
2035
2035
2047
2060
2074
2080
2089
2101
2097
2097
2087
2081
2078
2061
2056
2056
2039
2046
2048
2044
2055
2085
2098
2109
2117
2121
2121
2127
2133
2139
2137
2137
2120
2113
2108
2110
2111
2109
2099
2078
2048
2040
2031
2027
2013
2004
2007
2026
2045
2063
2073
2075
2076
2064
2065
2058
2046
2041
2055
2058
2075
2097
2107
2110
2117
2130
2147
2156
2173
2182
2191
2190
2149
2131
2114
2114
2136
2141
2136
2125
2109
2105
2099
2093
2081
2077
2069
2065
2060
2079
2082
2089
2103
2121
2124
2118
2102
2084
2065
2061
2059
2047
2038
2041
2033
2027
2009
2001
2000
1994
1988
1981
1972
1967
1976
1972
1949
1947
1956
1978
1989
2005
2017
2025
2049
2061
2069
2067
2083
2096
2117
2118
2114
2088
2083
2062
2056
2044
2039
2042
2047
2053
2058
2048
2033
2040
2057
2063
2072
2073
2080
2091
2101
2100
2109
2112
2118
2113
2111
2097
2101
2112
2104
2110
2107
2105
2100
2106
2097
2100
2094
2096
2077
2083
2064
2057
2059
2052
2025
2022
2014
2015
2011
2016
2010
2039
2054
2066
2090
2105
2113
2143
2155
2177
2193
2200
2187
2178
2175
2159
2151
2141
2164
2176
2180
2181
2174
2176
2175
2150
2122
2106
2085
2057
2033
2026
2018
2023
2048
2068
2083
2083
2100
2119
2132
2137
2143
2134
2134
2140
2152
2166
2179
2172
2169
2172
2167
2161
2138
2126
2113
2102
2087
2087
2101
2125
2135
2163
2174
2182
2195
2206
2206
2209
2221
2207
2207
2186
2180
2184
2195
2185
2176
2183
2182
2174
2168
2176
2173
2173
2169
2151
2132
2141
2141
2129
2106
2084
2074
2066
2062
2057
2060
2064
2073
2099
2120
2139
2166
2192
2206
2206
2208
2197
2190
2202
2204
2208
2221
2206
2191
2173
2174
2185
2188
2165
2139
2136
2128
2124
2114
2110
2123
2131
2133
2138
2147
2151
2164
2181
2183
2183
2177
2174
2171
2178
2172
2150
2158
2159
2167
2161
2144
2130
2136
2140
2128
2140
2135
2124
2109
2099
2078
2077
2077
2088
2102
2108
2114
2117
2118
2112
2093
2052
2043
2022
2021
2020
2024
2007
2016
2030
2047
2049
2079
2104
2126
2127
2139
2148
2167
2181
2177
2187
2184
2177
2182
2203
2222
2229
2240
2245
2251
2265
2272
2278
2270
2266
2240
2213
2214
2188
2170
2167
2171
2186
2191
2202
2211
2230
2221
2212
2213
2203
2211
2213
2201
2185
2189
2167
2168
2140
2133
2144
2153
2165
2173
2176
2198
2218
2230
2251
2252
2266
2274
2275
2251
2231
2231
2236
2237
2233
2245
2234
2243
2244
2229
2211
2191
2172
2150
2122
2113
2105
2099
2078
2086
2103
2108
2108
2100
2089
2107
2113
2124
2131
2135
2130
2125
2116
2105
2098
2079
2063
2056
2067
2056
2050
2046
2059
2085
2103
2108
2103
2096
2085
2076
2059
2029
1993
1980
1983
1972
1956
1955
1972
1977
1990
2001
2021
2036
2052
2069
2070
2077
2072
2063
2044
2048
2038
2055
2057
2067
2083
2097
2099
2097
2077
2075
2077
2090
2090
2102
2111
2092
2090
2111
2102
2109
2122
2113
2125
2130
2134
2144
2158
2168
2175
2162
2136
2125
2142
2151
2170
2182
2188
2190
2185
2187
2179
2184
2188
2171
2149
2132
2111
2092
2082
2063
2065
2050
2048
2031
2035
2023
2006
1987
1989
2001
2007
1995
1987
1987
1966
1963
1974
1991
2020
2054
2068
2079
2094
2107
2114
2115
2106
2088
2080
2069
2070
2063
2067
2069
2090
2101
2103
2111
2115
2139
2132
2140
2147
2155
2165
2177
2176
2177
2173
2182
2172
2156
2131
2138
2126
2141
2166
2166
2167
2174
2166
2167
2161
2164
2172
2174
2178
2172
2180
2196
2212
2219
2220
2214
2188
2158
2105
2079
2062
2036
2021
2013
1997
2016
2035
2052
2070
2080
2098
2114
2132
2136
2124
2115
2125
2116
2101
2081
2061
2055
2055
2036
2016
2008
1999
1993
1969
1971
1984
1986
1974
1991
1996
1996
1982
1970
1954
1939
1923
1913
1920
1922
1933
1944
1969
1994
2002
2020
2037
2059
2059
2067
2071
2073
2065
2067
2067
2065
2060
2066
2102
2114
2104
2126
2136
2125
2109
2105
2079
2051
2025
1994
1977
1967
1959
1942
1931
1920
1900
1898
1910
1919
1924
1932
1933
1932
1926
1937
1912
1886
1876
1862
1827
1829
1837
1853
1859
1863
1879
1903
1971
1954
1939
1956
1949
1933
1928
1931
1925
1936
1922
1912
1912
1910
1917
1927
1963
1979
1990
2006
2001
1994
1992
2005
2021
2048
2054
2080
2090
2114
2117
2130
2133
2155
2157
2138
2123
2115
2110
2097
2104
2097
2077
2066
2056
2037
2030
2021
1999
1984
1999
2007
2024
2039
2043
2049
2075
2090
2097
2080
2066
2054
2043
2041
2032
2056
2056
2072
2095
2123
2124
2129
2125
2118
2096
2085
2057
2021
1996
1986
1975
1966
1961
1969
1976
1977
1973
1989
2023
2035
2054
2073
2074
2077
2075
2082
2097
2107
2115
2112
2130
2107
2101
2086
2064
2058
2057
2047
2036
2021
2029
2022
2017
2008
2001
1999
1991
1977
1979
1981
1962
1951
1937
1935
1934
1952
1948
1969
2000
1996
1994
1973
1978
1989
1982
1968
1949
1928
1899
1879
1857
1838
1828
1807
1779
1757
1740
1708
1692
1706
1705
1726
1771
1792
1827
1852
1878
1899
1925
1946
1973
1989
1999
1990
1983
1967
1955
1941
1927
1909
1907
1895
1905
1903
1909
1915
1938
1940
1930
1925
1928
1934
1937
1947
1963
1978
1968
1971
1957
1941
1914
1906
1891
1875
1868
1883
1892
1882
1882
1878
1883
1880
1873
1857
1863
1871
1871
1875
1890
1900
1910
1927
1953
1971
1996
2000
2019
2034
2049
2059
2060
2070
2081
2088
2076
2080
2086
2080
2065
2058
2052
2050
2068
2071
2079
2098
2127
2143
2164
2170
2192
2202
2207
2193
2189
2194
2176
2173
2174
2183
2174
2163
2145
2129
2103
2089
2049
2023
2012
1984
1980
1986
1998
2029
2056
2071
2084
2080
2089
2087
2091
2086
2088
2095
2108
2095
2094
2108
2107
2104
2110
2113
2111
2134
2143
2154
2161
2178
2190
2174
2163
2162
2156
2154
2142
2137
2134
2139
2144
2160
2158
2169
2181
2182
2189
2214
2225
2226
2221
2202
2185
2179
2179
2179
2173
2174
2182
2203
2219
2214
2221
2220
2214
2208
2196
2189
2194
2188
2178
2172
2176
2175
2180
2195
2203
2203
2194
2205
2206
2199
2209
2204
2200
2184
2162
2156
2159
2174
2184
2194
2193
2190
2193
2203
2210
2218
2206
2203
2211
2202
2191
2189
2189
2188
2185
2189
2196
2199
2199
2224
2240
2242
2251
2247
2246
2237
2208
2194
2191
2213
2212
2221
2246
2266
2271
2284
2294
2293
2281
2271
2283
2274
2249
2237
2224
2206
2215
2211
2206
2202
2207
2197
2196
2194
2202
2207
2211
2206
2207
2230
2220
2215
2200
2180
2156
2148
2150
2146
2132
2143
2167
2190
2208
2215
2227
2231
2239
2248
2254
2260
2262
2273
2275
2267
2260
2274
2286
2293
2290
2285
2272
2279
2275
2257
2254
2263
2255
2248
2264
2280
2284
2298
2314
2321
2319
2324
2309
2301
2305
2294
2266
2259
2254
2236
2227
2202
2190
2170
2151
2149
2151
2153
2173
2188
2196
2213
2212
2223
2232
2223
2214
2215
2222
2212
2219
2213
2221
2219
2218
2217
2219
2225
2211
2220
2231
2247
2257
2277
2287
2289
2297
2304
2314
2317
2337
2343
2341
2344
2340
2336
2339
2341
2318
2317
2312
2304
2289
2272
2270
2282
2278
2281
2294
2306
2321
2336
2355
2366
2380
2384
2394
2399
2390
2379
2374
2352
2375
2374
2366
2362
2362
2356
2359
2354
2355
2352
2343
2338
2337
2334
2340
2338
2314
2299
2272
2265
2252
2242
2245
2248
2272
2301
2313
2335
2355
2360
2356
2353
2347
2337
2326
2330
2337
2332
2347
2325
2316
2305
2301
2298
2287
2278
2290
2283
2286
2296
2298
2308
2304
2289
2285
2282
2240
2232
2246
2252
2261
2272
2292
2310
2334
2340
2339
2332
2311
2292
2271
2260
2237
2230
2217
2212
2187
2162
2143
2136
2119
2094
2080
2079
2087
2092
2119
2140
2151
2167
2192
2209
2220
2222
2213
2206
2208
2198
2194
2182
2170
2171
2172
2158
2136
2121
2112
2110
2122
2146
2173
2186
2200
2199
2211
2233
2245
2255
2277
2280
2275
2274
2269
2281
2272
2245
2230
2222
2206
2185
2172
2174
2179
2181
2194
2211
2207
2195
2176
2167
2158
2162
2153
2145
2126
2131
2136
2145
2143
2129
2131
2127
2136
2133
2131
2142
2150
2153
2145
2131
2143
2149
2149
2152
2163
2171
2180
2185
2187
2200
2199
2180
2155
2146
2133
2135
2116
2123
2120
2119
2116
2122
2126
2127
2133
2127
2121
2119
2115
2102
2094
2070
2047
2030
2035
2031
2037
2051
2072
2101
2126
2152
2172
2179
2189
2182
2192
2197
2184
2177
2176
2169
2178
2182
2186
2166
2143
2132
2120
2121
2118
2105
2100
2104
2094
2087
2079
2063
2044
2029
2023
2024
2026
2031
2053
2073
2104
2120
2137
2132
2141
2142
2151
2163
2182
2195
2193
2198
2186
2182
2170
2162
2131
2108
2097
2083
2065
2063
2065
2063
2081
2078
2076
2070
2072
2070
2059
2056
2077
2086
2093
2087
2075
2051
2051
2057
2072
2076
2075
2075
2098
2117
2140
2153
2172
2180
2187
2193
2191
2201
2181
2174
2184
2179
2177
2180
2171
2179
2164
2176
2172
2171
2161
2170
2156
2155
2151
2147
2145
2147
2151
2148
2150
2156
2163
2171
2184
2193
2195
2197
2202
2206
2232
2238
2241
2240
2249
2238
2251
2262
2260
2279
2288
2291
2296
2291
2305
2306
2319
2328
2323
2336
2338
2343
2340
2328
2295
2273
2259
2248
2247
2246
2254
2264
2270
2295
2305
2310
2308
2297
2297
2299
2272
2241
2212
2191
2191
2187
2202
2206
2204
2208
2219
2216
2213
2212
2192
2173
2169
2151
2140
2119
2107
2083
2095
2092
2098
2100
2099
2082
2081
2084
2097
2118
2134
2140
2148
2157
2183
2178
2169
2171
2166
2166
2184
2176
2170
2172
2170
2181
2199
2198
2203
2216
2217
2203
2190
2181
2164
2158
2138
2147
2159
2158
2162
2169
2174
2180
2191
2205
2206
2185
2147
2115
2085
2067
2066
2060
2075
2080
2090
2100
2108
2107
2114
2103
2090
2069
2058
2062
2057
2063
2089
2106
2111
2111
2130
2148
2137
2120
2113
2111
2097
2092
2074
2067
2053
2060
2058
2076
2068
2078
2087
2093
2099
2111
2110
2114
2118
2134
2126
2124
2109
2091
2077
2068
2057
2054
2080
2103
2125
2126
2131
2118
2111
2104
2097
2071
2062
2042
2021
1999
2006
2022
2008
2009
2016
2023
2026
2029
2027
2018
2011
1999
2002
2016
2015
2019
2005
1990
1968
1955
1954
1948
1940
1933
1935
1932
1932
1927
1918
1920
1934
1941
1954
1974
1984
2007
2003
2000
2007
2022
2030
2051
2067
2089
2096
2115
2104
2108
2105
2112
2103
2099
2101
2098
2085
2091
2088
2073
2069
2053
2051
2042
2056
2054
2062
2074
2085
2083
2094
2093
2098
2097
2105
2102
2098
2094
2085
2067
2064
2065
2067
2067
2041
2028
2018
2013
1999
1981
1962
1959
1954
1946
1932
1923
1920
1931
1949
1979
2007
2013
2026
2026
2042
2054
2056
2051
2070
2076
2078
2092
2097
2100
2088
2088
2113
2126
2124
2114
2123
2115
2127
2119
2100
2088
2088
2069
2051
2036
2034
2027
2027
2039
2055
2071
2088
2092
2087
2058
2042
2023
1996
1972
1950
1941
1918
1931
1949
1941
1936
1933
1940
1963
1953
1959
1963
1998
2019
2024
2035
2039
2049
2066
2063
2063
2067
2056
2053
2053
2066
2072
2063
2043
2057
2075
2084
2093
2092
2097
2096
2104
2104
2109
2112
2124
2115
2103
2088
2067
2056
2041
2020
2004
1995
1988
1973
1964
1940
1929
1924
1934
1944
1958
1976
1985
1982
1987
1998
2013
2023
2018
2011
2020
2031
2043
2074
2083
2091
2106
2121
2126
2135
2148
2130
2125
2119
2117
2111
2110
2100
2095
2098
2089
2078
2079
2079
2075
2084
2074
2077
2085
2087
2086
2080
2080
2071
2052
2045
2045
2024
1994
1994
1992
1987
1998
2022
2039
2049
2048
2069
2083
2092
2099
2101
2100
2105
2114
2128
2162
2167
2181
2186
2176
2166
2159
2145
2143
2134
2142
2136
2144
2156
2151
2155
2169
2155
2142
2152
2147
2130
2136
2143
2133
2118
2126
2121
2121
2105
2089
2064
2041
2031
2028
2022
2010
2000
2009
2007
2014
2019
2025
2036
2051
2046
2046
2039
2035
2007
2003
1988
1971
1963
1967
1976
1974
1985
1989
2003
2015
2012
2014
2038
2036
2051
2054
2067
2069
2076
2086
2084
2076
2070
2061
2063
2066
2063
2060
2069
2070
2067
2055
2054
2045
2027
2015
2014
1998
1989
1976
1967
1955
1952
1959
1959
1955
1952
1953
1951
1937
1922
1921
1928
1931
1907
1919
1901
1889
1871
1858
1845
1827
1815
1808
1798
1795
1791
1801
1824
1847
1861
1882
1886
1897
1892
1900
1913
1923
1923
1908
1894
1902
1909
1909
1933
1956
1967
1985
1999
2012
2031
2029
2010
2007
1990
1979
1964
1957
1952
1941
1918
1861
1826
1825
1841
1854
1855
1845
1836
1849
1847
1849
1852
1855
1854
1863
1890
1888
1886
1868
1872
1893
1896
1890
1897
1898
1899
1889
1887
1880
1889
1887
1901
1892
1879
1868
1853
1836
1828
1823
1820
1826
1820
1834
1829
1843
1850
1857
1849
1848
1864
1885
1890
1900
1888
1883
1871
1875
1881
1879
1871
1875
1868
1877
1888
1895
1908
1905
1896
1887
1881
1879
1884
1875
1856
1849
1857
1855
1867
1875
1883
1867
1860
1854
1848
1846
1839
1834
1857
1869
1882
1909
1935
1955
1963
1969
1960
1953
1941
1915
1889
1885
1892
1901
1933
1956
1974
1991
2005
2000
2006
2002
1973
1963
1971
1968
1967
1984
2002
2017
2022
2046
2063
2077
2082
2099
2110
2118
2139
2140
2145
2151
2167
2174
2167
2154
2136
2124
2116
2117
2115
2106
2096
2099
2111
2107
2111
2107
2105
2111
2114
2114
2126
2130
2137
2131
2145
2144
2141
2138
2143
2150
2147
2139
2129
2118
2114
2112
2117
2108
2099
2087
2093
2087
2071
2052
2049
2037
2023
2020
2032
2052
2047
2058
2076
2077
2081
2094
2096
2101
2095
2062
2032
2020
1999
1979
1975
1968
1961
1962
1979
2007
2023
2049
2062
2066
2070
2089
2090
2103
2089
2087
2085
2098
2101
2099
2069
2066
2042
2020
2011
2015
2006
2015
2016
2015
2006
2008
2032
2051
2059
2066
2063
2072
2079
2079
2088
2075
2066
2042
2029
2019
1993
1982
2000
1995
1994
1986
1951
1941
1938
1916
1907
1907
1906
1897
1864
1834
1827
1835
1851
1869
1864
1872
1901
1912
1924
1955
1981
2001
2018
2030
2041
2077
2081
2079
2096
2111
2123
2137
2138
2163
2170
2171
2188
2194
2177
2163
2125
2106
2086
2080
2067
2039
2033
2025
2014
2021
2024
2022
2024
2031
2035
2025
2036
2063
2075
2088
2105
2096
2105
2115
2129
2126
2130
2150
2148
2153
2153
2159
2156
2165
2171
2166
2166
2169
2168
2155
2132
2117
2094
2063
2037
2027
2028
2037
2040
2062
2079
2104
2127
2135
2134
2134
2159
2178
2172
2174
2169
2161
2155
2166
2149
2141
2140
2137
2137
2131
2119
2111
2087
2081
2077
2065
2060
2058
2044
2029
2024
2018
2016
2012
2012
2014
2030
2044
2053
2040
2040
2028
2017
1991
1968
1949
1945
1948
1943
1943
1929
1925
1920
1901
1873
1867
1857
1863
1874
1879
1879
1873
1837
1803
1772
1766
1764
1765
1774
1763
1748
1750
1753
1755
1763
1769
1763
1755
1764
1785
1786
1794
1818
1834
1841
1831
1829
1830
1826
1814
1815
1814
1829
1827
1832
1873
1906
1931
1948
1958
1959
1950
1941
1945
1953
1953
1959
1967
1963
1934
1924
1906
1890
1882
1866
1843
1839
1845
1841
1846
1859
1883
1900
1911
1920
1932
1965
1969
1973
1975
1987
1993
1991
1988
1971
1962
1946
1929
1923
1933
1919
1916
1912
1925
1950
1959
1970
1986
1991
1980
1989
1983
1994
1994
2004
2005
2011
2016
2029
2034
2038
2025
2018
2001
1976
1936
1898
1896
1895
1886
1876
1884
1901
1923
1916
1907
1907
1903
1901
1917
1944
1963
1971
1981
1983
1977
1961
1958
1937
1935
1917
1931
1926
1929
1932
1938
1975
2002
2029
2022
2020
2014
2011
1994
1978
1956
1947
1952
1954
1962
2002
2021
2050
2077
2107
2120
2116
2115
2111
2110
2117
2115
2130
2146
2154
2163
2158
2164
2165
2172
2156
2150
2130
2118
2112
2119
2121
2129
2140
2134
2132
2139
2122
2125
2117
2106
2096
2093
2082
2088
2105
2090
2074
2082
2101
2097
2091
2087
2089
2068
2053
2054
2022
2018
2003
1971
1966
1967
1960
1947
1935
1918
1929
1951
1963
1980
2004
2016
2024
2022
2029
2017
2005
1992
1978
1963
1993
2018
2031
2043
2070
2081
2092
2111
2121
2121
2129
2125
2130
2130
2140
2140
2115
2105
2084
2075
2064
2060
2043
2031
2012
1997
1968
1951
1934
1927
1944
1955
1984
2002
2004
2026
2033
2031
2027
2021
2022
2030
2039
2045
2061
2083
2095
2099
2096
2102
2103
2095
2089
2108
2113
2114
2105
2107
2106
2115
2110
2111
2082
2041
2014
1999
1970
1960
1943
1943
1941
1941
1959
1967
1967
1969
1978
1977
1987
1996
2004
2017
2012
2031
2042
2038
2035
2036
2041
2049
2053
2055
2046
2056
2056
2058
2051
2043
2034
2028
2008
1998
1979
1946
1914
1911
1911
1924
1930
1934
1937
1928
1945
1954
1942
1927
1906
1902
1893
1883
1889
1904
1914
1922
1945
1951
1957
1965
1965
1975
1978
1989
1993
2012
2008
2018
2014
2014
2008
1998
1999
2010
2010
1996
2005
2007
2007
2039
2059
2064
2074
2078
2086
2090
2079
2054
2057
2051
2048
2033
2033
2031
2043
2058
2066
2071
2071
2090
2105
2124
2128
2116
2101
2081
2036
1987
1941
1920
1915
1931
1943
1946
1971
1988
2023
2031
2041
2052
2063
2072
2079
2066
2066
2046
2027
2008
1999
1992
1990
1985
1968
1965
1955
1944
1924
1901
1877
1869
1864
1873
1901
1918
1924
1939
1960
1975
1996
1986
1991
1998
2008
2020
2025
2039
2071
2086
2109
2111
2125
2158
2171
2176
2174
2174
2149
2148
2145
2149
2164
2165
2147
2135
2138
2135
2145
2142
2149
2145
2127
2112
2086
2080
2070
2052
2048
2042
2040
2055
2071
2083
2091
2104
2122
2118
2131
2129
2124
2112
2080
2048
2028
2012
2019
2024
2024
2044
2051
2060
2054
2049
2044
2037
2033
2031
2031
2039
2045
2061
2078
2116
2136
2164
2173
2185
2182
2178
2185
2170
2139
2115
2102
2100
2092
2070
2058
2064
2064
2063
2067
2063
2063
2054
2042
2029
2021
2018
2036
2039
2066
2095
2111
2130
2154
2185
2191
2194
2179
2154
2135
2131
2102
2075
2056
2041
2025
1998
1972
1938
1911
1900
1916
1929
1958
1981
2010
2025
2045
2046
2076
2090
2106
2127
2128
2128
2151
2159
2167
2162
2151
2156
2148
2138
2128
2133
2132
2146
2159
2166
2158
2165
2154
2155
2143
2123
2120
2107
2099
2091
2096
2106
2128
2125
2137
2135
2129
2111
2101
2082
2046
2035
2037
2032
2024
2021
2021
2028
2043
2054
2070
2084
2094
2108
2116
2124
2139
2151
2148
2141
2134
2134
2127
2127
2119
2097
2091
2079
2064
2067
2056
2053
2062
2083
2094
2092
2087
2090
2090
2097
2089
2097
2089
2085
2099
2085
2083
2092
2096
2103
2118
2138
2168
2180
2187
2176
2176
2179
2169
2166
2155
2153
2144
2124
2122
2109
2114
2118
2149
2141
2149
2152
2143
2139
2153
2151
2153
2165
2167
2161
2168
2179
2187
2204
2215
2227
2220
2224
2241
2240
2256
2245
2222
2216
2211
2214
2223
2230
2239
2236
2254
2257
2263
2280
2264
2259
2265
2256
2248
2239
2221
2207
2177
2158
2150
2131
2115
2130
2121
2116
2120
2121
2116
2113
2091
2094
2090
2093
2102
2108
2121
2109
2104
2117
2105
2100
2079
2071
2087
2089
2085
2074
2095
2102
2122
2119
2112
2103
2111
2090
2073
2052
2058
2053
2053
2057
2074
2092
2109
2118
2132
2131
2139
2146
2161
2168
2172
2195
2209
2212
2209
2223
2237
2242
2244
2241
2242
2242
2242
2237
2236
2234
2238
2242
2238
2245
2251
2265
2263
2270
2245
2220
2197
2191
2172
2156
2137
2143
2152
2160
2174
2203
2214
2228
2239
2240
2234
2232
2239
2229
2223
2213
2210
2214
2218
2208
2212
2190
2195
2182
2174
2170
2152
2151
2131
2120
2101
2101
2102
2098
2093
2092
2079
2081
2105
2117
2111
2121
2130
2151
2167
2182
2197
2205
2213
2222
2224
2211
2211
2221
2217
2225
2232
2241
2241
2257
2242
2223
2213
2197
2184
2170
2159
2140
2131
2109
2090
2096
2096
2100
2102
2111
2117
2122
2133
2138
2120
2116
2119
2106
2100
2092
2096
2103
2105
2103
2112
2107
2106
2097
2079
2053
2059
2041
2016
1991
1976
1965
1958
1968
1951
1938
1918
1896
1901
1902
1914
1929
1941
1956
1960
1975
1984
1986
1995
1998
2000
2007
2001
1997
2003
2018
2013
2020
2009
2019
2031
2040
2035
2048
2049
2075
2082
2084
2074
2079
2070
2043
2023
2018
1994
1986
1986
1975
1959
1949
1939
1913
1934
1935
1928
1934
1948
1957
1980
2003
2023
2027
2017
2006
2012
1988
1974
1961
1948
1949
1948
1935
1939
1939
1942
1945
1943
1939
1929
1922
1901
1878
1863
1863
1856
1858
1860
1869
1880
1897
1911
1925
1964
1980
2006
2026
2034
2050
2042
2056
2049
2041
2017
2001
1991
1995
1995
1990
1964
1962
1968
1963
1965
1971
1993
2005
2012
2010
2014
1993
1983
1962
1951
1925
1924
1928
1935
1923
1926
1932
1953
1949
1942
1936
1928
1923
1916
1908
1909
1911
1930
1940
1937
1924
1924
1940
1953
1952
1945
1935
1910
1838
1808
1801
1805
1815
1831
1838
1851
1871
1881
1905
1911
1909
1920
1926
1927
1914
1919
1935
1957
1979
1991
2004
2015
2031
2028
2023
2027
2014
2012
2018
2015
2028
2035
2039
2032
2034
2023
2019
2011
2009
2016
2020
2026
2046
2068
2059
2047
2028
2014
1995
1990
1986
1986
1984
1978
1971
1957
1967
1975
1989
1999
2021
2042
2064
2087
2095
2106
2106
2108
2103
2088
2093
2108
2111
2117
2129
2124
2123
2122
2134
2128
2123
2128
2122
2084
2074
2052
2046
2041
2021
2005
1982
1960
1955
1951
1957
1946
1911
1878
1853
1826
1810
1805
1792
1802
1810
1822
1851
1875
1887
1888
1892
1897
1900
1905
1899
1892
1885
1885
1878
1885
1882
1883
1898
1885
1884
1881
1864
1864
1857
1852
1840
1830
1813
1812
1815
1827
1827
1859
1877
1882
1908
1922
1929
1935
1934
1938
1939
1953
1951
1950
1951
1954
1954
1949
1952
1960
1954
1953
1965
1969
1957
1946
1929
1901
1891
1896
1905
1890
1892
1897
1917
1917
1929
1913
1921
1909
1914
1919
1925
1935
1951
1960
1965
1979
1994
2002
2006
1995
1999
1994
1988
1981
1963
1964
1961
1968
1986
1989
1987
2005
2025
2050
2044
2055
2049
2045
2061
2083
2098
2110
2106
2110
2106
2100
2090
2092
2088
2079
2074
2069
2057
2039
2041
2038
2028
1995
1987
1994
2004
1993
1989
1994
1999
2005
2006
1995
1999
1986
1956
1941
1913
1885
1875
1859
1854
1845
1849
1852
1860
1863
1860
1874
1867
1880
1895
1925
1933
1935
1927
1918
1915
1913
1907
1907
1878
1858
1853
1853
1842
1847
1838
1847
1842
1850
1841
1817
1799
1787
1784
1767
1765
1787
1812
1842
1886
1911
1946
1969
1986
2002
2020
2032
2042
2054
2072
2089
2098
2103
2109
2111
2119
2123
2115
2116
2127
2130
2126
2127
2157
2163
2184
2196
2199
2200
2203
2204
2198
2198
2182
2168
2152
2151
2136
2116
2109
2077
2066
2046
2029
2042
2043
2060
2070
2071
2058
2078
2076
2077
2068
2069
2058
2046
2046
2044
2042
2055
2069
2084
2094
2092
2094
2104
2106
2109
2115
2114
2137
2142
2155
2163
2162
2143
2122
2101
2091
2065
2056
2043
2057
2060
2087
2125
2150
2164
2183
2200
2216
2231
2243
2245
2262
2256
2261
2268
2275
2281
2275
2271
2279
2283
2270
2262
2256
2229
2188
2128
2095
2065
2035
2014
1997
1982
1969
1965
1979
2008
2012
2022
2025
2054
2062
2078
2074
2073
2085
2100
2106
2111
2118
2144
2170
2172
2178
2196
2193
2191
2196
2198
2205
2197
2203
2204
2202
2180
2170
2159
2149
2129
2119
2117
2131
2144
2172
2209
2228
2238
2261
2272
2267
2242
2222
2193
2177
2157
2150
2141
2132
2129
2137
2155
2151
2162
2184
2198
2211
2223
2233
2236
2230
2218
2206
2212
2211
2206
2197
2200
2212
2222
2242
2254
2260
2287
2293
2313
2320
2313
2307
2312
2292
2277
2271
2274
2269
2257
2253
2254
2246
2236
2225
2237
2258
2266
2277
2287
2289
2278
2286
2295
2274
2258
2245
2230
2218
2213
2195
2186
2186
2178
2190
2210
2227
2247
2264
2286
2299
2297
2303
2307
2295
2279
2276
2274
2261
2249
2243
2261
2272
2281
2286
2292
2288
2295
2299
2296
2289
2300
2312
2338
2344
2349
2355
2367
2369
2367
2372
2357
2341
2331
2320
2324
2325
2327
2333
2322
2322
2319
2323
2334
2342
2352
2356
2354
2363
2364
2362
2366
2364
2363
2360
2337
2326
2322
2337
2343
2336
2338
2332
2329
2325
2328
2331
2331
2341
2334
2338
2340
2346
2341
2331
2323
2320
2320
2332
2337
2344
2352
2362
2369
2377
2386
2389
2378
2369
2361
2350
2346
2327
2311
2290
2264
2248
2254
2247
2264
2261
2267
2260
2267
2264
2259
2258
2258
2256
2262
2257
2257
2229
2221
2238
2241
2263
2275
2295
2309
2328
2328
2322
2315
2329
2331
2319
2297
2283
2255
2222
2191
2180
2189
2202
2207
2204
2206
2221
2238
2250
2253
2263
2258
2259
2260
2240
2231
2240
2219
2204
2196
2202
2189
2191
2193
2189
2195
2204
2207
2201
2198
2195
2198
2182
2182
2176
2193
2218
2221
2212
2201
2211
2229
2231
2229
2230
2218
2218
2219
2224
2221
2212
2196
2210
2200
2210
2206
2214
2205
2206
2213
2225
2204
2193
2188
2189
2180
2181
2170
2152
2133
2121
2114
2103
2111
2104
2101
2112
2111
2116
2125
2137
2142
2145
2128
2130
2138
2143
2148
2168
2190
2195
2207
2206
2206
2203
2201
2203
2215
2218
2212
2192
2171
2155
2154
2152
2146
2145
2145
2135
2136
2134
2130
2116
2104
2095
2089
2082
2072
2067
2082
2082
2096
2107
2097
2113
2119
2126
2138
2142
2135
2135
2143
2152
2145
2147
2146
2144
2145
2148
2140
2142
2144
2130
2123
2111
2101
2089
2087
2093
2100
2118
2121
2127
2127
2132
2128
2121
2101
2075
2068
2062
2060
2067
2057
2065
2066
2061
2072
2076
2084
2113
2131
2142
2158
2169
2185
2220
2228
2225
2240
2251
2241
2240
2248
2259
2270
2254
2240
2220
2204
2202
2183
2185
2175
2163
2142
2140
2111
2098
2099
2090
2067
2065
2090
2100
2104
2120
2129
2133
2128
2130
2131
2146
2156
2164
2180
2205
2203
2190
2190
2183
2184
2175
2191
2192
2189
2180
2181
2186
2171
2159
2162
2157
2147
2129
2115
2114
2110
2118
2125
2140
2146
2161
2192
2216
2208
2196
2193
2195
2188
2179
2159
2149
2140
2140
2144
2153
2150
2159
2162
2152
2145
2145
2135
2140
2146
2137
2137
2132
2120
2114
2111
2124
2127
2130
2129
2122
2107
2116
2117
2113
2101
2099
2073
2065
2070
2080
2079
2080
2086
2097
2103
2103
2087
2075
2068
2058
2062
2068
2082
2074
2076
2090
2105
2098
2091
2084
2091
2088
2095
2113
2110
2110
2116
2106
2094
2097
2086
2081
2067
2056
2029
2015
1999
2000
1981
1961
1943
1947
1951
1964
1957
1955
1951
1948
1963
1963
1967
1962
1940
1938
1928
1918
1927
1932
1931
1928
1953
1993
2021
2038
2057
2082
2081
2069
2042
2025
2004
1995
1981
1985
1962
1947
1919
1918
1934
1924
1935
1947
1966
1978
1980
1981
1993
1995
2006
1995
2000
2001
2000
1997
2016
2003
2011
2040
2045
2029
2036
2031
2029
2033
2040
2032
2022
2023
2004
1980
1948
1936
1935
1924
1918
1924
1921
1915
1921
1933
1944
1967
1977
1994
2013
2019
2041
2048
2042
2026
2013
2004
1999
1994
1996
1998
2003
2017
2026
2041
2045
2059
2067
2084
2111
2132
2143
2136
2148
2159
2154
2163
2174
2182
2188
2194
2205
2196
2182
2179
2183
2181
2181
2168
2140
2118
2102
2082
2066
2044
2030
2014
2003
2020
2015
2014
2015
2024
2039
2049
2056
2048
2046
2036
2024
2016
2014
2041
2051
2066
2087
2096
2107
2112
2110
2112
2132
2131
2132
2121
2124
2130
2116
2096
2093
2073
2059
2042
2039
2050
2044
2041
2068
2094
2102
2118
2124
2131
2120
2111
2121
2123
2118
2121
2120
2121
2125
2123
2123
2128
2123
2091
2080
2070
2069
2061
2013
1967
1954
1956
1952
1956
1966
1977
1997
2009
2008
2000
1995
1994
1982
1975
1959
1953
1939
1948
1967
1973
1977
1986
2008
2021
2013
2036
2043
2057
2048
2038
2030
2013
1998
1988
1994
1992
2010
2012
2005
2011
2021
2025
2037
2031
2016
1991
1963
1950
1939
1914
1887
1857
1848
1834
1829
1825
1817
1823
1831
1848
1848
1853
1863
1905
1926
1942
1967
1983
1999
2003
2039
2036
2038
2044
2048
2032
2027
2046
2045
2029
2013
2015
2004
2009
2005
1994
1982
1997
2003
2001
2008
2003
1988
1973
1965
1979
1972
1976
1987
2022
2035
2043
2070
2089
2091
2084
2108
2107
2107
2089
2075
2041
2027
2011
2007
1987
1967
1949
1932
1927
1918
1915
1939
1942
1944
1930
1917
1882
1870
1871
1863
1856
1864
1881
1894
1917
1926
1945
1958
1969
1958
1961
1956
1942
1926
1913
1889
1876
1869
1885
1891
1892
1874
1864
1858
1858
1878
1895
1921
1947
1960
1965
1979
1984
1981
1984
1992
1997
1996
2019
2024
2025
2025
2025
2006
1999
1991
1985
1974
1964
1951
1945
1929
1907
1903
1910
1919
1927
1921
1916
1928
1952
1974
1988
2008
2017
2020
2021
2039
2049
2042
2039
2027
2010
2001
2002
1985
1983
1966
1968
1970
1981
1982
1994
1982
1981
1976
1972
1965
1966
1947
1953
1966
1951
1931
1905
1880
1865
1837
1826
1821
1825
1828
1845
1864
1904
1932
1942
1954
1953
1934
1917
1930
1933
1931
1935
1930
1917
1920
1932
1954
1960
1967
1962
1950
1950
1944
1931
1926
1927
1930
1958
1982
1991
1986
1985
1984
1976
1976
1972
1982
1995
2012
2030
2050
2094
2074
2093
2097
2101
2093
2081
2088
2088
2089
2097
2091
2082
2082
2077
2072
2068
2062
2052
2042
2044
2034
2004
1986
1973
1950
1923
1883
1860
1853
1841
1848
1859
1864
1896
1892
1897
1897
1892
1893
1880
1873
1881
1889
1903
1920
1939
1943
1958
1980
1999
2015
2011
2030
2035
2017
2019
2002
1984
1995
2022
2022
2032
2027
2033
2037
2034
2058
2058
2053
2057
2051
2050
2033
2033
2026
2019
2001
1980
1961
1971
1969
1975
1991
2007
2030
2054
2072
2079
2087
2098
2128
2130
2130
2123
2133
2118
2106
2087
2084
2053
2036
2017
2020
2020
2017
2021
2008
2010
2001
2002
2008
2032
2038
2046
2066
2099
2126
2123
2133
2156
2159
2162
2159
2144
2117
2098
2085
2080
2069
2065
2074
2057
2065
2051
2056
2060
2055
2068
2097
2117
2123
2149
2184
2196
2203
2210
2203
2205
2199
2191
2174
2174
2180
2181
2188
2191
2199
2198
2186
2178
2175
2168
2179
2181
2178
2163
2163
2153
2134
2123
2118
2103
2091
2098
2108
2113
2127
2137
2142
2143
2130
2125
2114
2104
2082
2061
2032
2024
2025
2023
2019
2035
2048
2042
2051
2066
2077
2086
2076
2084
2082
2073
2055
2038
2051
2046
2060
2059
2067
2071
2092
2091
2105
2105
2099
2082
2069
2054
2036
2018
1988
1985
1993
1986
1986
1985
2003
2024
2039
2041
2072
2099
2120
2135
2151
2148
2138
2131
2108
2089
2090
2082
2081
2084
2075
2064
2064
2063
2058
2048
2042
2039
2035
2032
2016
2002
1981
1977
1977
1967
1953
1939
1948
1940
1938
1936
1936
1961
1973
1987
1990
2000
1998
2015
2017
2013
2000
1976
1997
1992
1989
1991
1999
2006
2010
2014
2017
2012
2004
1997
1983
1966
1954
1931
1941
1933
1904
1903
1902
1900
1928
1941
1957
1954
1957
1965
1950
1960
1979
1983
1981
1983
1987
1998
2013
2034
2037
2032
2023
2009
2002
1994
1987
1988
1967
1964
1965
1978
1976
1991
2004
2024
2040
2060
2078
2104
2130
2158
2174
2187
2192
2199
2200
2211
2207
2184
2182
2182
2170
2170
2183
2168
2145
2127
2113
2096
2081
2053
2026
1998
1999
1999
2012
2019
2034
2041
2055
2079
2104
2117
2108
2121
2130
2138
2150
2155
2150
2146
2147
2155
2129
2116
2124
2111
2095
2084
2072
2070
2064
2062
2055
2060
2065
2084
2101
2125
2130
2159
2159
2180
2196
2214
2222
2215
2225
2220
2221
2204
2196
2192
2186
2192
2199
2213
2236
2247
2268
2289
2302
2311
2326
2332
2336
2346
2341
2334
2333
2335
2322
2306
2288
2263
2231
2217
2216
2200
2184
2168
2154
2155
2156
2156
2159
2163
2154
2148
2149
2147
2159
2172
2158
2163
2159
2155
2158
2161
2172
2195
2226
2242
2237
2243
2256
2256
2259
2258
2252
2238
2228
2231
2236
2254
2250
2256
2250
2255
2252
2252
2248
2253
2252
2245
2248
2240
2252
2251
2264
2264
2261
2247
2227
2210
2200
2178
2187
2188
2183
2189
2184
5835
2238
2289
2298
2292
2283
2270
2240
2216
2194
2171
2162
2167
2175
2182
2196
2213
2245
2278
2321
2325
2344
2358
2383
2414
2459
2484
2512
2544
2541
2512
2484
2436
2405
2378
2352
2316
2262
2199
2146
2117
2104
2099
2137
2195
2230
2287
2344
2376
2377
2359
2309
2296
2266
2243
2209
2219
2257
2319
2349
2361
2350
2332
2342
2339
2315
2270
2194
2142
2084
2023
1993
1986
1995
2025
2078
2120
2160
2207
2243
2255
2248
2248
2234
2223
2226
2226
2208
2182
2180
2186
2216
2234
2218
2190
2128
2068
2012
1961
1922
1899
1887
1911
1926
1971
2021
2085
2134
2143
2152
2136
2099
2064
2058
2067
2050
2018
2010
1988
2000
2015
2053
2070
2091
2072
2055
2025
1979
1934
1920
1900
1890
1875
1868
1842
1833
1824
1815
1811
1777
1747
1704
1695
1703
1737
1755
1776
1767
1756
1746
1785
1864
1964
2049
2111
2163
2193
2171
2115
2053
2015
1982
1955
1922
1895
1893
1906
1931
1979
2046
2121
2166
2183
2221
2256
2267
2261
2232
2186
2074
1979
1873
1794
1725
1665
1633
1615
1596
1585
1583
1598
1604
1601
1617
1618
1668
1711
1778
1865
1948
2004
2064
2106
2139
2139
2136
2126
2108
2089
2095
2115
2164
2195
2219
2255
2269
2249
2182
2099
1990
1903
1867
1868
1871
1898
1912
1921
1937
1967
1989
2003
2014
2034
2045
2039
2029
2046
2071
2121
2146
2166
2160
2142
2128
2111
2086
2064
2032
1996
1981
1989
2003
2004
2020
2044
2091
2133
2177
2183
2189
2203
2215
2217
2236
2224
2207
2178
2174
2147
2133
2117
2095
2044
1984
1924
1881
1874
1878
1902
1920
1937
1970
2004
2051
2091
2085
2070
2054
2050
2031
2032
2035
2057
2066
2111
2160
2196
2233
2262
2275
2291
2324
2365
2364
2360
2326
2258
2179
2139
2141
2159
2172
2182
2159
2130
2106
2098
2073
2049
2021
2006
2005
2033
2086
2123
2149
2189
2216
2203
2186
2148
2113
2062
2035
2024
2020
1988
1967
1949
1939
1926
1929
1910
1889
1860
1863
1874
1869
1844
1806
1790
1812
1864
1907
1970
2003
2047
2070
2093
2112
2131
2159
2198
2235
2276
2257
2221
2155
2103
2068
2046
2027
2030
2039
2056
2067
2065
2038
2030
2048
2079
2089
2116
2142
2171
2191
2239
2264
2276
2254
2240
2216
2188
2175
2173
2199
2200
2192
2167
2161
2152
2146
2158
2187
2173
2143
2109
2103
2074
2052
2012
1998
1971
1966
1950
1941
1930
1967
2014
2091
2149
2203
2243
2285
2329
2368
2403
2448
2449
2414
2364
2328
2293
2269
2274
2294
2322
2334
2329
2309
2298
2294
2270
2217
2145
2083
2031
1991
1961
1929
1937
1965
2008
2060
2119
2164
2196
2211
2244
2248
2244
2220
2229
2241
2260
2283
2298
2307
2297
2295
2265
2228
2179
2135
2085
2072
2057
2073
2115
2176
2242
2313
2344
2363
2362
2369
2366
2366
2383
2370
2344
2309
2304
2297
2288
2290
2274
2268
2243
2251
2255
2261
2243
2203
2163
2132
2086
2053
2053
2038
2004
1958
1936
1927
1934
1954
1981
2012
2083
2150
2221
2285
2345
2378
2393
2375
2357
2336
2334
2324
2330
2317
2330
2314
2299
2288
2281
2253
2202
2167
2139
2127
2123
2104
2093
2100
2105
2123
2131
2124
2143
2183
2209
2247
2270
2275
2255
2219
2188
2164
2137
2129
2128
2130
2129
2134
2128
2125
2104
2098
2094
2095
2067
2053
2020
2000
1984
1972
1990
2016
2056
2083
2106
2111
2107
2067
2038
1991
1967
1925
1907
1891
1892
1892
1922
1961
2006
2088
2154
2214
2251
2286
2325
2340
2344
2342
2339
2355
2357
2366
2374
2389
2430
2448
2456
2467
2490
2513
2523
2493
2450
2411
2375
2340
2298
2248
2230
2218
2242
2274
2291
2324
2330
2340
2329
2309
2307
2309
2326
2306
2294
2264
2242
2208
2189
2149
2131
2125
2148
2187
2245
2310
2367
2433
2473
2490
2493
2497
2493
2456
2407
2378
2368
2348
2352
2358
2373
2387
2370
2335
2287
2245
2214
2143
2072
2008
1971
1951
1957
1958
1992
2033
2071
2091
2099
2099
2111
2140
2174
2191
2185
2178
2139
2102
2059
2044
2012
2009
2013
2037
2050
2084
2126
2160
2177
2177
2176
2158
2119
2058
1995
1925
1878
1821
1771
1745
1748
1768
1821
1869
1928
1972
2014
2085
2123
2147
2152
2152
2147
2143
2126
2071
2052
2042
2073
2118
2160
2188
2208
2203
2191
2151
2136
2135
2159
2180
2191
2206
2225
2246
2254
2252
2239
2236
2242
2264
2264
2281
2288
2317
2317
2319
2299
2258
2223
2214
2227
2266
2313
2348
2356
2352
2352
2331
2309
2282
2246
2203
2151
2064
2019
1991
1963
1951
1947
1944
1923
1926
1942
1910
1874
1885
1900
1910
1898
1888
1863
1845
1859
1872
1927
2004
2084
2153
2199
2227
2232
2231
2217
2181
2126
2102
2062
2072
2063
2086
2085
2115
2140
2191
2220
2255
2280
2288
2291
2288
2298
2308
2331
2335
2335
2304
2292
2274
2228
2182
2160
2169
2203
2251
2275
2276
2277
2274
2264
2261
2257
2259
2258
2265
2278
2290
2319
2338
2354
2347
2308
2244
2149
2027
1946
1875
1812
1766
1747
1745
1786
1888
1950
2022
2082
2119
2168
2206
2210
2212
2183
2143
2094
2063
2019
1967
1929
1899
1893
1870
1850
1815
1804
1792
1807
1827
1866
1900
1938
1936
1913
1866
1809
1749
1720
1712
1707
1737
1755
1782
1808
1874
1938
2001
2062
2087
2110
2119
2142
2136
2135
2108
2083
2065
2067
2100
2164
2224
2255
2272
2276
2270
2223
2170
2115
2067
2017
1940
1854
1799
1751
1730
1727
1707
1678
1665
1677
1714
1764
1800
1816
1787
1794
1788
1772
1716
1679
1612
1557
1507
1538
1583
1610
1635
1672
1737
1816
1961
1927
1908
1901
1880
1855
1850
1868
1883
1893
1862
1822
1797
1813
1837
1901
1982
2032
2046
2063
2066
2060
2056
2073
2119
2172
2196
2232
2240
2288
2317
2349
2371
2376
2349
2295
2245
2200
2164
2131
2106
2087
2059
2022
1990
1948
1919
1874
1860
1857
1882
1913
1945
1978
2031
2086
2158
2172
2145
2100
2050
1999
1968
1969
1992
2024
2071
2132
2185
2228
2250
2240
2211
2162
2115
2079
2013
1925
1839
1786
1750
1761
1761
1774
1804
1856
1886
1951
2035
2087
2117
2136
2132
2135
2154
2185
2231
2245
2260
2251
2217
2154
2107
2069
2046
2025
2025
2027
2012
1992
1998
1985
1963
1923
1897
1893
1881
1861
1843
1830
1803
1785
1759
1766
1783
1831
1887
1946
1969
1946
1915
1898
1902
1893
1888
1848
1779
1720
1669
1624
1595
1561
1521
1471
1388
1323
1277
1250
1228
1250
1316
1427
1566
1658
1749
1823
1897
1957
2016
2056
2100
2105
2093
2057
2026
1979
1948
1895
1838
1782
1766
1755
1757
1783
1828
1872
1898
1892
1831
1806
1804
1836
1865
1907
1941
1961
1947
1915
1871
1834
1791
1755
1696
1647
1647
1687
1717
1715
1749
1765
1770
1751
1744
1735
1720
1741
1770
1792
1824
1845
1879
1935
1999
2051
2093
2118
2152
2178
2198
2203
2207
2203
2190
2192
2178
2173
2157
2130
2106
2101
2106
2100
2132
2136
2176
2230
2307
2368
2411
2439
2474
2480
2449
2411
2381
2376
2364
2350
2323
2305
2276
2262
2227
2176
2086
2005
1909
1845
1797
1759
1772
1829
1925
2012
2106
2132
2135
2128
2135
2132
2128
2150
2153
2152
2161
2175
2181
2199
2193
2204
2193
2215
2259
2295
2327
2348
2377
2397
2403
2354
2305
2278
2275
2271
2251
2234
2211
2215
2232
2266
2298
2333
2354
2381
2436
2478
2487
2476
2427
2371
2308
2259
2224
2231
2246
2265
2288
2350
2370
2386
2390
2366
2342
2317
2282
2256
2231
2217
2221
2226
2249
2263
2296
2327
2344
2352
2346
2331
2335
2332
2307
2268
2238
2221
2209
2205
2228
2247
2252
2262
2271
2294
2337
2354
2355
2339
2323
2299
2269
2247
2220
2215
2223
2244
2261
2292
2305
2331
2353
2391
2395
2402
2392
2381
2353
2301
2252
2242
2233
2269
2324
2376
2424
2469
2530
2544
2544
2527
2498
2458
2420
2374
2316
2267
2267
2242
2252
2253
2255
2239
2227
2201
2189
2192
2210
2209
2215
2226
2266
2292
2280
2242
2194
2152
2122
2075
2063
2075
2091
2138
2202
2260
2309
2344
2358
2363
2370
2384
2390
2393
2395
2401
2416
2423
2433
2441
2441
2453
2452
2443
2426
2405
2380
2348
2339
2347
2328
2340
2376
2418
2444
2479
2512
2519
2512
2506
2487
2463
2434
2385
2365
2334
2285
2231
2176
2135
2096
2044
2034
2027
2063
2099
2166
2206
2250
2291
2316
2318
2312
2299
2301
2318
2337
2357
2338
2321
2312
2323
2320
2322
2305
2317
2314
2336
2358
2388
2408
2436
2454
2470
2504
2554
2594
2618
2628
2619
2602
2592
2600
2583
2573
2534
2500
2473
2447
2418
2406
2390
2369
2374
2406
2428
2462
2497
2535
2572
2615
2640
2660
2681
2670
2636
2603
2575
2555
2539
2572
2580
2579
2573
2549
2540
2524
2528
2521
2520
2516
2510
2522
2523
2494
2456
2403
2347
2291
2266
2251
2272
2298
2328
2409
2472
2543
2590
2608
2623
2612
2589
2566
2531
2512
2501
2526
2533
2532
2490
2459
2416
2389
2362
2359
2362
2379
2385
2434
2455
2471
2479
2471
2452
2401
2354
2314
2302
2304
2326
2353
2395
2445
2503
2570
2596
2585
2560
2510
2460
2393
2359
2295
2252
2204
2151
2102
2052
2013
1979
1953
1942
1954
1948
1971
2028
2107
2192
2276
2323
2352
2368
2381
2378
2371
2343
2312
2302
2278
2269
2250
2239
2236
2209
2158
2132
2119
2131
2151
2194
2248
2307
2383
2411
2447
2473
2506
2538
2568
2576
2559
2524
2492
2468
2430
2392
2349
2306
2258
2224
2196
2204
2224
2245
2266
2301
2306
2287
2236
2191
2161
2140
2131
2131
2108
2107
2131
2143
2164
2159
2153
2127
2143
2146
2165
2172
2183
2183
2206
2197
2194
2216
2231
2239
2248
2262
2271
2289
2291
2309
2294
2263
2208
2180
2139
2130
2114
2120
2110
2120
2107
2125
2152
2172
2184
2168
2151
2124
2111
2071
2019
1961
1915
1882
1890
1898
1937
1994
2061
2144
2261
2331
2379
2396
2402
2378
2351
2329
2298
2289
2273
2267
2263
2235
2211
2161
2128
2097
2067
2038
2020
2021
2032
2049
2044
2031
1995
1957
1906
1874
1882
1890
1921
1957
2013
2084
2157
2222
2253
2255
2262
2263
2265
2302
2327
2346
2339
2338
2278
2247
2210
2161
2105
2061
2016
1993
1961
1967
1992
2011
2021
2039
2037
2030
2012
1996
1982
1972
2002
2010
2022
2014
2019
2003
2009
2013
2024
2014
2037
2070
2130
2177
2214
2244
2287
2300
2300
2312
2300
2296
2279
2285
2281
2277
2255
2253
2250
2254
2233
2223
2210
2217
2208
2191
2190
2192
2193
2188
2194
2191
2176
2170
2179
2193
2218
2219
2236
2246
2268
2292
2324
2343
2388
2395
2409
2397
2394
2377
2411
2428
2447
2484
2510
2540
2552
2557
2556
2562
2564
2581
2593
2592
2581
2550
2482
2437
2385
2334
2301
2290
2311
2329
2361
2391
2426
2460
2479
2483
2476
2470
2440
2393
2333
2276
2222
2191
2174
2193
2217
2245
2260
2282
2310
2314
2273
2234
2159
2123
2101
2086
2055
2046
2036
2015
2019
2024
2038
2032
2024
1989
1994
2005
2071
2119
2161
2190
2237
2265
2286
2271
2263
2270
2272
2258
2250
2230
2235
2244
2275
2319
2350
2368
2378
2394
2359
2317
2273
2248
2213
2189
2162
2194
2211
2223
2234
2263
2291
2313
2326
2324
2303
2254
2133
2056
1989
1949
1947
1956
1995
2035
2090
2117
2132
2137
2138
2115
2070
2011
1970
1976
2010
2042
2077
2118
2151
2178
2222
2228
2204
2204
2185
2158
2120
2081
2025
2011
2011
2023
2030
2045
2055
2076
2087
2101
2139
2172
2209
2226
2225
2239
2228
2210
2174
2110
2054
2019
2007
2019
2062
2130
2189
2224
2244
2217
2166
2108
2058
2012
1978
1943
1925
1903
1903
1909
1917
1935
1949
1963
1975
1979
1959
1948
1953
1958
1974
1978
1949
1933
1904
1873
1847
1831
1816
1810
1826
1842
1840
1820
1807
1802
1806
1804
1822
1852
1896
1959
2001
2036
2044
2059
2068
2099
2106
2142
2171
2210
2229
2264
2267
2256
2240
2227
2196
2164
2140
2115
2103
2084
2052
2045
2057
2037
2039
2025
2026
2025
2041
2054
2094
2113
2120
2135
2138
2122
2132
2127
2114
2084
2039
1999
1990
2006
2027
2029
2017
1997
1971
1935
1886
1833
1803
1784
1742
1727
1706
1723
1764
1818
1857
1903
1947
1957
1980
2032
2052
2067
2099
2122
2130
2130
2134
2131
2145
2157
2162
2162
2188
2201
2210
2205
2214
2215
2207
2154
2122
2083
2023
1999
1980
1967
1971
1991
2006
2040
2066
2107
2131
2144
2114
2065
1984
1906
1825
1768
1723
1671
1655
1685
1714
1739
1762
1777
1798
1826
1832
1851
1901
1961
2013
2055
2089
2107
2119
2109
2089
2073
2073
2083
2084
2084
2077
2079
2074
2063
2060
2065
2084
2137
2161
2171
2194
2216
2223
2227
2226
2204
2167
2131
2061
2016
1965
1924
1883
1849
1819
1784
1744
1721
1708
1703
1717
1728
1770
1822
1875
1908
1914
1939
1962
1988
1992
1995
1996
1991
1997
2040
2106
2178
2217
2248
2252
2274
2291
2309
2307
2286
2234
2193
2141
2122
2106
2100
2087
2080
2072
2070
2078
2071
2081
2099
2124
2115
2109
2097
2090
2079
2066
2030
2008
1984
1945
1865
1809
1804
1832
1883
1934
1988
2051
2096
2133
2136
2133
2137
2140
2165
2185
2233
2271
2314
2345
2366
2358
2356
2326
2297
2244
2227
2205
2212
2223
2241
2261
2272
2272
2263
2259
2247
2239
2213
2179
2152
2139
2128
2131
2132
2141
2101
2062
2012
1955
1926
1899
1873
1863
1837
1850
1866
1884
1915
1943
1978
2003
2027
1998
1976
1925
1902
1863
1843
1829
1825
1820
1846
1869
1871
1873
1888
1912
1934
1968
2005
2055
2072
2076
2088
2109
2132
2153
2140
2131
2123
2110
2076
2061
2055
2079
2083
2084
2070
2050
2016
1991
1972
1946
1924
1901
1876
1830
1773
1761
1786
1803
1819
1831
1823
1807
1798
1792
1764
1732
1713
1709
1718
1732
1728
1699
1685
1642
1606
1549
1490
1465
1455
1464
1471
1497
1529
1599
1676
1724
1772
1807
1830
1830
1833
1845
1856
1842
1816
1806
1801
1804
1823
1875
1920
1968
2029
2084
2111
2139
2129
2092
2033
1963
1896
1848
1842
1827
1798
1775
1625
1597
1597
1600
1623
1624
1646
1667
1666
1654
1646
1647
1662
1693
1710
1753
1744
1752
1740
1757
1777
1801
1803
1824
1809
1790
1748
1759
1778
1797
1793
1784
1763
1738
1709
1681
1649
1637
1635
1625
1628
1633
1653
1675
1709
1715
1734
1748
1783
1807
1824
1821
1820
1791
1762
1731
1743
1745
1747
1750
1760
1774
1792
1807
1800
1781
1768
1795
1798
1779
1752
1754
1741
1698
1657
1667
1694
1740
1786
1807
1771
1706
1662
1656
1688
1714
1733
1752
1783
1836
1912
1970
2010
2019
2018
1983
1930
1851
1792
1744
1741
1790
1840
1911
1973
2034
2060
2070
2072
2060
2031
1969
1931
1913
1926
1967
1999
2027
2081
2133
2151
2172
2199
2219
2251
2272
2307
2347
2377
2380
2393
2398
2383
2328
2294
2250
2213
2193
2172
2158
2135
2115
2125
2158
2154
2156
2150
2151
2142
2151
2154
2169
2199
2233
2248
2269
2259
2247
2243
2223
2238
2236
2203
2181
2152
2134
2127
2095
2072
2053
2039
2027
2010
1981
1956
1924
1909
1886
1900
1921
1965
2003
2048
2107
2129
2155
2172
2180
2143
2083
1997
1891
1825
1781
1739
1711
1707
1756
1806
1903
1959
2002
2033
2071
2116
2151
2156
2165
2173
2156
2144
2147
2144
2127
2109
2060
2013
1961
1930
1886
1870
1865
1894
1912
1914
1931
1971
2019
2067
2082
2078
2074
2083
2091
2088
2094
2084
2051
1996
1941
1880
1843
1816
1833
1841
1855
1830
1789
1753
1737
1703
1711
1712
1695
1661
1603
1559
1519
1526
1561
1630
1690
1731
1764
1813
1865
1930
1988
2037
2091
2130
2166
2207
2239
2265
2279
2294
2318
2336
2356
2374
2381
2409
2410
2379
2308
2231
2154
2091
2036
1998
1970
1935
1907
1885
1890
1893
1927
1957
1973
1980
1972
1970
1999
2054
2098
2152
2185
2195
2217
2239
2258
2259
2277
2271
2272
2275
2295
2294
2299
2288
2293
2302
2324
2315
2272
2210
2140
2081
2017
1944
1891
1870
1884
1916
1985
2050
2091
2143
2202
2237
2258
2298
2326
2335
2328
2327
2294
2286
2274
2252
2226
2213
2190
2158
2131
2112
2103
2082
2027
1992
1980
1969
1977
1963
1932
1895
1902
1905
1904
1894
1907
1927
1969
2005
2012
1996
1950
1917
1890
1844
1820
1815
1820
1819
1831
1817
1792
1754
1689
1624
1579
1582
1589
1620
1644
1669
1670
1627
1528
1453
1399
1399
1424
1469
1481
1473
1453
1458
1471
1475
1507
1521
1518
1519
1538
1574
1611
1649
1699
1741
1754
1740
1722
1692
1679
1667
1649
1644
1672
1695
1810
1916
2008
2062
2067
2022
1987
1973
1970
1984
2004
2015
2015
2000
1987
1940
1891
1818
1763
1729
1687
1665
1644
1643
1650
1695
1737
1769
1806
1867
1923
1975
2009
2035
2048
2053
2063
2066
2040
1981
1914
1878
1846
1822
1828
1805
1804
1812
1826
1882
1928
1977
1999
2001
1992
1988
2002
2008
2024
2004
1995
1975
1991
2022
2086
2118
2127
2074
2010
1915
1829
1738
1672
1651
1647
1641
1655
1699
1755
1796
1818
1810
1817
1821
1826
1853
1882
1915
1947
1969
1937
1905
1873
1851
1812
1796
1776
1791
1803
1827
1855
1898
1969
2038
2102
2099
2081
2034
1994
1951
1927
1884
1844
1838
1864
1911
1988
2057
2155
2240
2309
2331
2321
2297
2269
2244
2242
2263
2301
2326
2349
2367
2357
2344
2309
2288
2250
2207
2162
2138
2142
2147
2167
2212
2219
2216
2198
2186
2167
2137
2113
2063
2015
1999
2021
2037
2051
2054
2059
2076
2087
2109
2089
2071
2054
2033
1999
1964
1905
1859
1814
1783
1753
1727
1711
1701
1682
1679
1715
1777
1848
1899
1949
1979
2007
2027
2037
2001
1950
1890
1872
1860
1911
1957
2005
2034
2091
2145
2203
2222
2247
2243
2244
2257
2265
2246
2199
2167
2109
2075
2041
2022
1993
1985
1954
1924
1860
1811
1759
1721
1682
1675
1713
1783
1899
1946
1971
1984
1991
1984
1967
1960
1966
1987
2007
2024
2058
2114
2143
2164
2170
2171
2162
2151
2142
2159
2171
2182
2189
2176
2165
2159
2148
2107
2040
1965
1889
1812
1752
1715
1696
1695
1743
1781
1831
1848
1866
1890
1917
1928
1952
1975
1985
2010
2015
2034
2048
2067
2074
2093
2096
2089
2081
2084
2072
2076
2057
2059
2043
2031
2006
1977
1929
1880
1818
1750
1709
1707
1714
1727
1756
1774
1787
1808
1842
1847
1810
1766
1758
1756
1748
1743
1755
1778
1801
1817
1844
1872
1916
1962
2003
2035
2049
2062
2055
2062
2057
2058
2053
2046
2035
2019
2009
1987
1969
1958
1985
2015
2058
2106
2134
2149
2180
2215
2226
2206
2159
2121
2083
2060
2043
2031
2036
2049
2080
2131
2145
2167
2193
2239
2264
2276
2269
2207
2105
1977
1857
1758
1659
1650
1665
1687
1747
1793
1869
1935
2024
2053
2102
2121
2132
2122
2128
2106
2093
2058
2014
1960
1919
1879
1877
1861
1846
1828
1806
1791
1759
1698
1648
1604
1599
1659
1730
1805
1874
1950
2000
2019
2037
2029
2039
2058
2087
2120
2140
2173
2251
2284
2307
2346
2386
2417
2428
2411
2374
2340
2315
2307
2305
2308
2323
2320
2281
2250
2225
2212
2218
2239
2253
2250
2198
2140
2081
2029
1992
1967
1937
1928
1933
1952
2025
2090
2167
2206
2235
2234
2217
2186
2138
2075
2027
1956
1915
1892
1904
1920
1947
1977
2025
2054
2032
2011
1975
1975
1981
1981
1966
1983
2013
2052
2119
2214
2285
2340
2371
2396
2400
2388
2321
2265
2217
2167
2130
2087
2046
1999
1977
1993
2015
2036
2034
2039
2016
1973
1890
1872
1877
1908
1946
2016
2092
2165
2228
2267
2288
2315
2339
2329
2306
2275
2220
2151
2072
1989
1935
1885
1824
1768
1683
1615
1596
1589
1632
1691
1798
1888
1998
2048
2096
2154
2216
2263
2300
2307
2312
2310
2319
2325
2326
2320
2298
2287
2260
2221
2184
2182
2172
2193
2210
2219
2226
2222
2208
2199
2180
2147
2122
2100
2101
2101
2101
2119
2154
2187
2215
2211
2168
2098
2030
1982
1947
1933
1914
1902
1914
1928
1950
1970
2012
2048
2071
2095
2127
2160
2193
2194
2208
2227
2242
2226
2228
2232
2227
2184
2148
2111
2083
2046
2008
1989
1991
2005
2039
2086
2110
2111
2113
2155
2155
2160
2142
2143
2138
2156
2138
2129
2114
2126
2155
2214
2253
2301
2342
2370
2375
2350
2327
2323
2305
2288
2245
2219
2193
2162
2159
2152
2162
2177
2228
2229
2235
2244
2253
2248
2259
2267
2265
2281
2287
2299
2325
2336
2358
2388
2402
2421
2436
2459
2472
2463
2442
2410
2387
2368
2359
2356
2366
2371
2392
2420
2491
2516
2530
2534
2522
2503
2461
2421
2365
2323
2272
2220
2177
2159
2131
2109
2072
2050
2036
2057
2063
2074
2059
2069
2071
2075
2073
2097
2141
2168
2158
2135
2108
2094
2069
2049
2023
2010
2026
2049
2105
2143
2171
2188
2211
2214
2194
2149
2081
2028
2006
2001
2022
2033
2043
2051
2111
2158
2211
2239
2258
2267
2266
2269
2290
2299
2316
2352
2387
2399
2407
2428
2450
2451
2454
2461
2446
2429
2410
2387
2383
2396
2388
2382
2381
2425
2452
2471
2438
2408
2360
2316
2255
2198
2133
2098
2094
2118
2151
2198
2253
2321
2375
2404
2441
2437
2430
2417
2398
2352
2343
2331
2324
2313
2292
2254
2228
2194
2202
2198
2186
2152
2143
2129
2088
2057
2040
2033
2030
2027
2009
1995
2016
2044
2074
2090
2106
2122
2157
2231
2300
2346
2367
2370
2361
2359
2378
2384
2396
2398
2384
2371
2369
2392
2391
2386
2352
2328
2290
2267
2225
2183
2132
2090
2044
2013
2000
1991
1994
2025
2066
2081
2115
2129
2142
2117
2100
2077
2077
2075
2075
2082
2090
2093
2106
2117
2133
2133
2119
2064
2025
1981
1933
1887
1850
1803
1753
1736
1727
1727
1705
1682
1652
1630
1639
1664
1703
1733
1773
1820
1879
1921
1961
1993
1994
1965
1946
1951
1960
1973
1975
1988
1993
2026
2044
2067
2064
2077
2088
2106
2124
2156
2170
2168
2147
2112
2064
2024
1983
1954
1889
1855
1807
1771
1762
1759
1772
1767
1789
1808
1825
1830
1876
1932
1993
2019
2050
2034
2016
1990
1958
1912
1887
1870
1853
1858
1858
1860
1854
1849
1860
1856
1850
1829
1774
1731
1699
1681
1676
1674
1656
1656
1680
1716
1753
1805
1852
1897
1983
2059
2128
2172
2169
2173
2169
2158
2118
2085
2031
1993
1982
1972
1952
1935
1923
1909
1896
1883
1905
1921
1967
1996
2023
1989
1967
1911
1894
1847
1818
1777
1769
1794
1842
1848
1862
1870
1894
1897
1870
1847
1822
1797
1773
1757
1751
1758
1810
1856
1883
1889
1897
1895
1877
1873
1849
1822
1797
1557
1535
1545
1586
1628
1697
1739
1775
1806
1837
1862
1865
1863
1875
1863
1854
1859
1901
1946
2000
2052
2098
2123
2124
2120
2116
2087
2069
2049
2009
2015
2020
2048
2061
2079
2068
2049
2007
1989
1970
1989
2000
2047
2086
2132
2141
2127
2089
2035
1986
1945
1902
1875
1883
1869
1867
1881
1903
1916
1939
1963
2017
2069
2140
2195
2241
2234
2227
2210
2188
2184
2166
2160
2180
2197
2229
2239
2231
2222
2222
2211
2197
2182
2154
2113
2034
1981
1946
1902
1877
1867
1845
1816
1779
1765
1746
1717
1661
1616
1568
1527
1453
1421
1409
1416
1449
1519
1583
1660
1707
1729
1736
1776
1799
1790
1756
1730
1694
1683
1683
1686
1731
1773
1796
1788
1779
1760
1748
1719
1716
1698
1670
1635
1592
1580
1587
1597
1614
1658
1725
1780
1833
1873
1906
1930
1953
1965
1956
1952
1982
1971
1953
1943
1940
1929
1915
1927
1951
1969
1988
1984
1977
1948
1894
1810
1708
1658
1651
1655
1670
1720
1791
1857
1889
1888
1853
1824
1797
1800
1812
1850
1869
1902
1912
1956
1980
2019
2035
2036
2025
2005
1987
1951
1909
1875
1887
1917
1947
1961
1990
2014
2051
2060
2068
2070
2083
2096
2145
2194
2228
2249
2268
2262
2246
2204
2185
2162
2157
2173
2159
2145
2115
2078
2046
2029
1994
1956
1919
1891
1877
1881
1888
1889
1896
1905
1903
1904
1892
1893
1863
1811
1746
1687
1635
1614
1587
1576
1551
1565
1577
1599
1620
1649
1659
1677
1718
1778
1856
1892
1895
1864
1838
1813
1813
1793
1783
1740
1711
1673
1661
1666
1671
1655
1666
1673
1676
1633
1567
1521
1498
1490
1482
1513
1555
1639
1746
1835
1904
1982
2052
2103
2134
2157
2164
2164
2203
2246
2287
2314
2319
2309
2315
2315
2313
2321
2321
2322
2308
2312
2320
2344
2341
2358
2358
2386
2404
2417
2425
2415
2378
2330
2271
2230
2187
2158
2087
2017
1942
1911
1894
1911
1946
1970
2028
2055
2084
2078
2085
2062
2057
2009
1965
1932
1927
1937
1967
1991
2020
2050
2087
2119
2163
2201
2223
2227
2215
2203
2207
2231
2268
2305
2314
2298
2242
2184
2111
2051
2001
1979
1997
2040
2083
2151
2232
2305
2357
2406
2457
2482
2498
2514
2509
2517
2502
2492
2490
2497
2501
2498
2492
2483
2459
2445
2411
2357
2250
2131
1963
1881
1833
1808
1774
1737
1725
1723
1762
1815
1895
1932
1992
2028
2067
2088
2135
2171
2186
2182
2170
2177
2200
2238
2292
2338
2362
2389
2386
2375
2371
2358
2351
2349
2352
2363
2352
2330
2282
2238
2165
2134
2114
2110
2109
2132
2188
2282
2392
2461
2518
2540
2537
2498
2434
2367
2271
2211
2133
2109
2090
2110
2134
2174
2220
2275
2307
2349
2371
2413
2443
2439
2432
2415
2396
2374
2352
2333
2312
2309
2322
2349
2387
2425
2484
2525
2581
2593
2617
2603
2570
2526
2506
2474
2440
2415
2408
2398
2367
2356
2352
2358
2356
2374
2404
2437
2470
2494
2492
2495
2489
2485
2456
2401
2358
2312
2278
2251
2220
2205
2218
2245
2270
2290
2309
2354
2404
2453
2497
2527
2515
2513
2483
2469
2450
2437
2397
2369
2340
2328
2342
2385
2420
2455
2457
2443
2439
2433
2442
2447
2500
2541
2588
2584
2617
2622
2639
2626
2622
2598
2557
2544
2537
2512
2499
2497
2496
2485
2468
2478
2484
2500
2517
2527
2538
2562
2587
2591
2593
2592
2585
2594
2581
2560
2533
2520
2508
2509
2509
2511
2512
2506
2486
2473
2474
2489
2503
2503
2495
2489
2496
2496
2493
2478
2468
2470
2460
2463
2502
2543
2580
2606
2629
2627
2624
2634
2660
2642
2600
2542
2481
2430
2398
2341
2295
2256
2252
2249
2284
2280
2299
2313
2329
2339
2348
2353
2348
2333
2322
2296
2304
2300
2300
2318
2331
2371
2406
2466
2515
2544
2544
2547
2531
2524
2508
2480
2406
2348
2290
2231
2187
2164
2161
2184
2198
2234
2266
2309
2355
2385
2404
2410
2401
2364
2339
2333
2323
2309
2268
2237
2211
2202
2179
2176
2172
2189
2211
2236
2240
2212
2192
2168
2165
2152
2181
2210
2268
2309
2337
2321
2311
2299
2320
2338
2359
2331
2307
2295
2298
2309
2308
2301
2306
2309
2303
2304
2274
2275
2270
2274
2266
2256
2217
2206
2227
2257
2267
2249
2170
2102
2048
2020
2020
2030
2042
2044
2065
2087
2119
2146
2161
2161
2151
2147
2145
2154
2176
2217
2250
2272
2289
2312
2342
2336
2336
2347
2351
2340
2345
2340
2306
2260
2213
2181
2163
2165
2174
2166
2143
2156
2161
2148
2133
2099
2087
2062
2040
1998
1983
1980
2017
2049
2080
2105
2147
2186
2186
2197
2207
2219
2219
2215
2210
2246
2257
2265
2247
2242
2229
2217
2176
2167
2159
2154
2137
2111
2095
2072
2074
2094
2131
2168
2195
2190
2183
2178
2150
2132
2097
2038
2008
1979
1983
1981
1989
1982
1993
2014
2051
2095
2134
2192
2245
2281
2317
2372
2421
2450
2466
2463
2469
2467
2472
2478
2488
2490
2473
2423
2368
2325
2290
2287
2296
2286
2256
2213
2145
2134
2097
2065
2027
2029
2006
2024
2073
2107
2105
2119
2135
2161
2166
2186
2217
2240
2282
2319
2352
2365
2352
2334
2299
2279
2274
2282
2330
2340
2324
2300
2272
2242
2240
2234
2218
2174
2149
2104
2089
2076
2076
2121
2164
2207
2249
2291
2328
2356
2369
2377
2350
2303
2249
2220
2197
2188
2179
2163
2152
2164
2188
2203
2216
2214
2196
2183
2178
2188
2175
2170
2154
2139
2098
2080
2057
2067
2099
2124
2122
2113
2106
2118
2111
2109
2066
2042
2006
2009
2020
2033
2057
2077
2076
2093
2093
2084
2070
2041
2026
2003
2014
2027
2069
2080
2095
2101
2104
2094
2075
2071
2080
2078
2093
2126
2148
2162
2144
2108
2058
2029
2005
1986
1971
1948
1931
1894
1853
1821
1762
1719
1707
1712
1737
1770
1808
1843
1859
1849
1850
1857
1864
1843
1806
1794
1789
1775
1766
1789
1800
1811
1858
1938
2044
2143
2202
2236
2204
2141
2069
2013
1954
1900
1849
1810
1761
1736
1724
1727
1732
1758
1805
1855
1902
1924
1946
1944
1949
1941
1937
1930
1955
1962
2004
2019
2034
2032
2055
2057
2073
2062
2063
2067
2067
2054
2041
2024
2010
1994
1930
1871
1811
1756
1721
1731
1742
1774
1796
1803
1805
1830
1841
1871
1911
1967
2050
2108
2144
2134
2095
2058
2013
1976
1961
1979
1986
2006
2023
2046
2063
2105
2170
2205
2254
2292
2312
2318
2320
2322
2321
2318
2324
2340
2368
2399
2408
2426
2421
2409
2402
2389
2389
2341
2300
2246
2153
2072
2014
1946
1912
1883
1885
1865
1833
1865
1893
1941
1970
2002
2014
2039
2046
2031
1999
1981
1947
1943
1955
2005
2068
2130
2180
2216
2234
2238
2232
2231
2251
2249
2243
2220
2198
2196
2177
2127
2087
2050
2016
1978
1981
1977
1983
1995
2085
2156
2209
2232
2233
2206
2194
2197
2212
2208
2202
2179
2163
2147
2157
2182
2188
2168
2128
2066
2031
2001
1946
1874
1812
1763
1723
1736
1747
1778
1825
1892
1944
1956
1947
1929
1892
1878
1866
1853
1786
1781
1778
1814
1843
1878
1897
1946
1984
2025
2054
2066
2067
2053
2032
2002
1955
1928
1919
1913
1921
1928
1929
1922
1941
1966
2008
2029
2042
2001
1947
1893
1833
1783
1719
1642
1596
1547
1530
1522
1542
1557
1574
1599
1632
1647
1655
1671
1725
1808
1864
1927
1996
2056
2085
2097
2130
2136
2120
2099
2088
2072
2056
2054
2056
2060
2051
2040
2005
1962
1929
1915
1921
1937
1949
1951
1929
1929
1901
1895
1896
1926
1935
1967
2001
2052
2087
2139
2199
2243
2258
2259
2270
2250
2214
2159
2097
2004
1939
1882
1871
1841
1809
1768
1725
1684
1677
1697
1740
1764
1775
1737
1660
1591
1545
1534
1539
1589
1644
1724
1787
1821
1843
1880
1899
1910
1894
1880
1843
1825
1793
1759
1731
1719
1699
1694
1683
1659
1644
1658
1686
1722
1783
1850
1919
1962
1982
1986
1990
1993
2011
2013
2015
2032
2038
2049
2047
2052
2054
2047
2005
1968
1934
1905
1871
1839
1799
1767
1736
1699
1701
1722
1763
1794
1805
1803
1828
1892
1956
2017
2070
2092
2099
2094
2106
2096
2095
2067
2042
2013
1991
1969
1911
1879
1852
1867
1869
1900
1910
1938
1937
1941
1885
1855
1819
1811
1811
1810
1820
1803
1728
1656
1591
1543
1528
1504
1519
1547
1580
1652
1737
1821
1893
1935
1958
1926
1910
1887
1848
1811
1798
1785
1783
1809
1848
1886
1933
1946
1935
1905
1881
1850
1834
1806
1805
1836
1895
1942
1999
2011
2017
1988
1954
1930
1927
1928
1974
2021
2058
2109
2146
2219
2183
2176
2177
2149
2131
2129
2134
2139
2159
2155
2134
2115
2104
2076
2056
2029
2011
1997
1990
1962
1938
1894
1864
1810
1743
1640
1543
1490
1496
1544
1589
1632
1667
1718
1743
1771
1774
1773
1762
1739
1712
1719
1734
1793
1868
1919
1965
2014
2052
2091
2132
2121
2114
2101
2067
2019
1981
1963
1967
2008
2039
2074
2082
2081
2082
2087
2105
2109
2103
2108
2080
2041
2010
2001
1975
1950
1908
1855
1829
1829
1864
1907
1987
2057
2095
2130
2176
2196
2230
2248
2301
2317
2307
2281
2257
2231
2189
2134
2095
2037
1982
1912
1880
1868
1867
1884
1890
1914
1909
1939
1955
1987
2015
2083
2150
2202
2226
2261
2304
2354
2364
2337
2275
2222
2152
2094
2040
2025
2009
2001
2011
1985
1973
1963
1979
2012
2063
2112
2169
2212
2254
2307
2371
2420
2440
2431
2397
2374
2330
2298
2266
2255
2263
2302
2324
2295
2279
2276
2265
2247
2236
2213
2216
2223
2203
2174
2149
2098
2075
2073
2071
2055
2067
2053
2051
2086
2137
2176
2187
2175
2161
2140
2090
2047
1988
1939
1897
1895
1894
1926
1932
1950
1975
2007
2073
2122
2132
2144
2135
2113
2065
2041
2020
2003
2001
2012
2035
2052
2098
2131
2167
2183
2198
2179
2147
2080
2019
1947
1868
1845
1837
1811
1822
1831
1829
1848
1918
1975
2050
2104
2144
2191
2253
2284
2308
2291
2261
2228
2199
2148
2115
2078
2064
2057
2043
2030
2026
2019
2009
1990
1984
1987
1968
1940
1894
1860
1835
1828
1823
1810
1762
1733
1715
1732
1731
1757
1800
1841
1864
1924
1968
1996
1989
2008
2031
2013
2005
1982
1994
1982
1988
1993
2001
1994
1998
1980
1991
1982
1955
1888
1849
1830
1835
1828
1824
1805
1774
1751
1774
1795
1835
1880
1891
1883
1890
1894
1930
1956
1969
1976
1973
1974
1987
2021
2064
2108
2109
2095
2052
2010
1975
1942
1911
1891
1873
1853
1835
1851
1884
1939
2028
2100
2145
2211
2256
2307
2346
2388
2429
2437
2447
2454
2458
2470
2458
2435
2393
2350
2326
2295
2277
2247
2207
2161
2092
2029
1974
1895
1855
1809
1802
1822
1867
1916
1968
2015
2069
2119
2163
2191
2226
2249
2256
2256
2254
2245
2226
2228
2249
2256
2226
2202
2167
2133
2105
2083
2055
2068
2050
2044
2044
2050
2052
2106
2179
2242
2298
2345
2373
2392
2420
2456
2464
2440
2409
2383
2365
2333
2307
2284
2280
2292
2324
2351
2408
2478
2540
2574
2599
2623
2643
2645
2636
2625
2604
2595
2540
2502
2460
2418
2399
2364
2334
2262
2179
2130
2120
2126
2148
2150
2161
2168
2158
2145
2151
2161
2164
2162
2173
2194
2196
2205
2202
2204
2204
2235
2276
2341
2410
2459
2468
2478
2465
2460
2419
2391
2345
2333
2330
2358
2393
2422
2407
2404
2384
2363
2358
2365
2373
2371
2371
2355
2353
2340
2350
2342
2362
2350
2335
2295
2259
2241
2216
2192
2197
2207
2222
2225
2200
47.29248047
1.662084937
999
