5835
2168
2157
2147
2204
2168
2174
2121
2141
2128
2135
2100
2096
2093
2121
2097
2098
2106
2151
2174
2152
2167
2137
2165
2139
2149
2115
2135
2095
2134
2075
2118
2076
2142
2074
2116
2071
2117
2082
2122
2069
2108
2065
2111
2080
2099
2095
2136
2125
2128
2114
2123
2156
2140
2155
2124
2148
2121
2132
2084
2122
2083
2118
2039
2059
1979
2029
1983
2003
1930
1950
1926
1963
1916
1934
1908
1941
1947
1935
1906
1919
1936
1931
1927
1912
1951
1959
1978
1963
1991
1986
2037
1998
2006
1965
2029
1991
1992
1944
1945
1928
1915
1885
1866
1855
1876
1853
1845
1868
1856
1901
1883
1907
1880
1946
1929
1959
1908
1937
1909
1980
1920
1978
1948
1989
1979
2009
1985
2018
2016
2030
2007
1978
1970
1955
1951
1929
1934
1939
1958
1915
1940
1893
1945
1911
1949
1899
1969
1933
1992
1926
1954
1899
1955
1897
1921
1855
1886
1869
1903
1863
1907
1929
1957
1967
1947
1948
1964
1977
1950
1946
1902
1952
1929
1947
1898
1924
1881
1904
1857
1870
1834
1906
1873
1910
1867
1929
1938
1948
1912
1914
1918
1933
1931
1931
1943
1955
1981
1951
1948
1937
1959
1928
1946
1915
1936
1921
1959
1926
1952
1939
1965
1972
1969
1970
1974
1991
1980
1967
1941
1965
1941
2006
1960
2024
1990
2056
2041
2074
2023
2051
2040
2087
2073
2096
2087
2121
2138
2114
2101
2085
2102
2071
2069
1992
2017
1985
1992
1903
1909
1849
1896
1830
1859
1793
1857
1840
1901
1870
1913
1900
1927
1929
1910
1900
1910
1925
1911
1927
1897
1942
1939
1971
1917
1937
1916
1978
1952
1982
1948
1994
1973
1981
1963
1972
1995
2013
2006
1999
2012
2026
2032
1987
1999
1967
2017
2000
2012
1972
2020
2006
2038
2015
2047
2020
2071
2030
2042
2042
2064
2072
2083
2095
2101
2137
2134
2162
2121
2130
2111
2133
2092
2108
2053
2093
2051
2088
2033
2089
2050
2092
2046
2053
2038
2055
2068
2047
2016
1994
2031
2005
2066
2008
2072
2049
2128
2079
2148
2088
2138
2113
2156
2100
2109
2094
2114
2093
2069
2034
2052
2052
2047
2041
2003
2063
2049
2105
2069
2113
2098
2169
2130
2145
2108
2141
2120
2137
2105
2123
2127
2153
2154
2128
2136
2147
2163
2116
2151
2110
2160
2150
2192
2172
2196
2180
2203
2165
2155
2118
2140
2139
2134
2124
2111
2141
2126
2129
2108
2122
2104
2142
2117
2159
2127
2184
2148
2186
2140
2173
2115
2103
2053
2030
2004
2025
2008
1996
2004
1981
2030
2038
2076
2060
2124
2126
2168
2097
2137
2089
2134
2041
2068
2006
2038
2008
2011
1980
1993
2009
2040
2038
2024
2055
2038
2110
2094
2136
2104
2175
2150
2196
2132
2170
2130
2182
2126
2151
2111
2171
2159
2180
2127
2164
2130
2148
2099
2085
2081
2085
2100
2065
2077
2056
2089
2070
2094
2049
2069
2057
2070
2022
2036
1997
2015
2038
2046
2056
2061
2096
2083
2127
2109
2147
2142
2194
2165
2218
2199
2230
2214
2247
2222
2266
2270
2320
2316
2298
2286
2303
2333
2307
2311
2296
2310
2279
2308
2235
2270
2230
2270
2209
2272
2244
2283
2253
2286
2237
2271
2265
2295
2279
2277
2291
2330
2335
2332
2334
2312
2366
2330
2324
2271
2327
2290
2300
2261
2312
2282
2346
2293
2336
2314
2377
2334
2341
2294
2302
2302
2311
2290
2298
2275
2274
2295
2277
2294
2275
2305
2278
2290
2248
2289
2285
2320
2304
2342
2344
2387
2399
2403
2386
2390
2396
2384
2376
2351
2366
2352
2397
2354
2380
2338
2372
2356
2378
2345
2354
2356
2390
2380
2398
2392
2378
2418
2386
2405
2366
2430
2401
2452
2399
2403
2386
2362
2404
2407
2435
2385
2421
2355
2435
2382
2413
2335
2386
2338
2377
2320
2329
2286
2321
2290
2296
2278
2243
2266
2255
2256
2247
2291
2286
2334
2293
2346
2318
2381
2326
2337
2284
2336
2303
2310
2248
2279
2259
2296
2263
2284
2270
2254
2261
2248
2245
2222
2244
2215
2226
2182
2198
2158
2185
2153
2176
2157
2196
2193
2215
2205
2199
2209
2242
2247
2209
2206
2183
2211
2170
2188
2156
2178
2159
2192
2154
2176
2158
2198
2150
2147
2105
2088
2113
2099
2097
2083
2113
2096
2170
2127
2170
2119
2188
2117
2153
2100
2124
2097
2124
2082
2096
2076
2099
2088
2069
2079
2076
2138
2123
2143
2119
2173
2135
2199
2124
2170
2116
2179
2136
2164
2132
2153
2154
2178
2167
2180
2175
2158
2188
2150
2173
2124
2173
2131
2147
2117
2150
2103
2126
2070
2086
2045
2081
2060
2054
2052
2058
2084
2087
2090
2072
2105
2071
2114
2091
2112
2078
2106
2095
2119
2101
2066
2059
2071
2081
2065
2066
2044
2095
2060
2086
2028
2061
2030
2069
2053
2081
2045
2096
2057
2077
2040
2057
2054
2040
2056
2029
2046
2054
2092
2039
2069
1982
2039
1971
1999
1918
1954
1916
1946
1919
1906
1881
1924
1917
1940
1932
1912
1948
1937
1968
1916
1954
1938
2003
1978
2030
1988
2041
2012
2060
2013
2037
2008
2014
2004
1981
1965
1962
1971
1955
1978
1954
2011
2013
2070
2038
2059
2038
2054
2015
2000
1956
1959
1942
1948
1928
1918
1933
1935
1973
1948
1965
1933
1991
1971
1997
1948
1959
1932
1964
1928
1946
1967
1974
2022
2012
2025
2005
2053
2044
2054
1994
2021
1998
2059
2010
2042
2007
2050
2092
2106
2106
2119
2141
2171
2170
2149
2184
2141
2216
2176
2195
2119
2173
2131
2173
2114
2149
2119
2179
2136
2149
2105
2097
2116
2116
2106
2091
2111
2102
2134
2090
2145
2088
2158
2120
2171
2124
2165
2125
2160
2114
2130
2069
2097
2080
2089
2095
2077
2108
2104
2125
2098
2123
2115
2175
2144
2178
2129
2179
2151
2174
2142
2134
2124
2145
2146
2136
2118
2115
2123
2120
2162
2129
2167
2162
2194
2157
2194
2160
2175
2173
2166
2151
2154
2172
2148
2168
2126
2158
2164
2212
2163
2174
2143
2183
2176
2196
2154
2163
2158
2196
2203
2175
2198
2177
2218
2206
2242
2216
2285
2249
2319
2239
2276
2219
2288
2237
2264
2232
2231
2224
2237
2199
2191
2182
2151
2194
2142
2182
2137
2191
2170
2222
2192
2239
2191
2252
2194
2206
2139
2171
2134
2127
2116
2094
2093
2087
2089
2071
2084
2045
2100
2076
2097
2070
2122
2116
2163
2158
2171
2159
2196
2190
2188
2158
2123
2141
2116
2129
2078
2106
2082
2107
2081
2096
2051
2096
2088
2096
2059
2096
2106
2112
2137
2121
2157
2160
2189
2144
2138
2076
2138
2093
2116
2034
2078
2037
2041
2005
2003
1991
2009
2015
2027
2021
2027
2083
2068
2094
2049
2098
2081
2132
2107
2167
2126
2195
2178
2214
2162
2200
2142
2161
2136
2117
2089
2091
2084
2067
2092
2048
2074
2044
2079
2019
2036
2008
2039
2013
2029
1988
2032
2040
2080
2034
2062
2052
2044
2071
2045
2032
2010
2033
2001
2012
1974
2006
2026
2070
2032
2055
2048
2063
2092
2075
2049
2034
2048
2043
2027
1955
1970
1930
1946
1891
1896
1843
1860
1842
1852
1839
1858
1883
1912
1920
1935
1970
1951
2001
1976
2005
1964
2006
1966
2014
1967
1997
1965
2029
1977
2023
2012
2007
2029
2039
2026
1993
2008
2008
2036
1976
2008
1948
2025
1983
2047
1999
2046
2011
2069
2021
2045
1983
2021
1977
1950
1920
1890
1910
1907
1918
1912
1941
1925
2007
1979
2028
1994
2066
2051
2090
2058
2082
2076
2108
2095
2110
2101
2144
2170
2166
2172
2139
2172
2162
2167
2116
2147
2092
2132
2118
2142
2112
2161
2161
2174
2185
2158
2172
2170
2189
2162
2184
2162
2229
2192
2210
2168
2222
2205
2230
2208
2204
2182
2192
2179
2165
2158
2144
2159
2132
2152
2089
2098
2035
2072
2003
2074
2020
2071
2040
2070
2010
2056
2041
2051
2050
2035
2037
2039
2069
2040
2050
2028
2092
2076
2151
2107
2140
2111
2178
2149
2179
2129
2138
2123
2145
2118
2119
2109
2103
2113
2071
2072
2042
2062
2016
2060
2027
2068
2075
2135
2102
2132
2132
2160
2170
2157
2146
2123
2151
2136
2126
2076
2100
2081
2138
2115
2135
2114
2159
2149
2177
2149
2149
2178
2199
2193
2184
2184
2174
2242
2211
2237
2208
2271
2244
2304
2284
2326
2295
2347
2301
2318
2267
2247
2266
2254
2260
2238
2258
2245
2241
2179
2218
2165
2241
2196
2250
2202
2274
2227
2270
2241
2248
2211
2245
2236
2249
2262
2223
2280
2272
2316
2270
2295
2261
2323
2291
2348
2292
2352
2318
2350
2292
2310
2282
2286
2266
2256
2237
2253
2274
2244
2276
2227
2260
2253
2293
2234
2259
2215
2255
2220
2213
2180
2212
2219
2216
2207
2179
2192
2193
2226
2200
2226
2213
2256
2251
2271
2240
2274
2260
2286
2268
2258
2263
2256
2278
2278
2288
2281
2303
2263
2298
2240
2273
2238
2269
2195
2220
2189
2215
2225
2226
2195
2185
2194
2194
2220
2190
2224
2197
2271
2242
2282
2228
2294
2270
2311
2255
2275
2231
2273
2200
2191
2159
2132
2151
2150
2171
2147
2193
2147
2226
2180
2207
2157
2220
2195
2219
2187
2196
2169
2209
2202
2208
2188
2216
2223
2213
2210
2154
2213
2212
2227
2179
2214
2166
2220
2190
2216
2169
2198
2174
2172
2159
2135
2152
2144
2139
2105
2114
2088
2121
2089
2100
2060
2083
2081
2102
2090
2087
2070
2095
2112
2109
2111
2104
2134
2121
2148
2097
2127
2086
2122
2051
2073
2018
2045
2010
2023
1970
1985
1972
1979
1995
1990
2022
2031
2083
2049
2049
1980
2015
1977
2014
1930
1953
1895
1944
1922
1940
1903
1938
1949
1972
1956
1948
1954
1953
2002
1966
2005
1966
2030
1985
2039
1965
2000
1984
2034
1979
2011
1978
2007
2030
2033
2010
1989
2003
2011
2000
1951
1981
1975
2019
1969
1982
1944
1997
1987
2005
1982
1990
2006
2013
1998
1999
2005
2003
2034
2014
2045
2016
2056
2045
2107
2088
2105
2086
2122
2093
2096
2069
2049
2073
2033
2031
1993
2020
2002
2026
1971
1999
1946
2007
1975
2033
1995
2055
2037
2061
2051
2068
2071
2098
2126
2115
2139
2093
2150
2121
2158
2090
2140
2098
2153
2095
2126
2070
2136
2099
2123
2056
2046
2034
2022
2012
1984
1959
1951
1966
1942
1964
1911
1966
1937
1983
1943
2002
1974
2040
2041
2074
2043
2089
2074
2087
2078
2020
2019
2002
2007
1957
1977
1952
2000
1968
1992
1966
2011
2005
2031
2004
2036
2041
2057
2075
2058
2057
2050
2070
2042
2064
2023
2048
2025
2051
2013
2036
2017
2027
2041
2044
2057
2078
2101
2111
2135
2098
2114
2093
2147
2091
2112
2045
2074
2044
2078
2033
2062
2047
2099
2073
2083
2074
2043
2074
2055
2051
1998
2011
1946
1994
1909
1935
1854
1913
1856
1888
1858
1895
1891
1957
1927
1941
1926
1974
2005
1996
2014
1977
2025
2001
2029
1980
2020
1989
2043
1991
2020
1981
2041
2005
2022
1988
1977
1968
1980
1962
1946
1948
1931
1970
1930
1945
1914
1951
1935
1959
1918
1916
1909
1939
1942
1948
1942
1953
1946
1907
1912
1867
1903
1872
1918
1867
1907
1878
1924
1920
1949
1916
1950
1943
1940
1954
1933
1939
1925
1948
1902
1909
1858
1917
1874
1895
1845
1892
1857
1915
1875
1883
1857
1898
1907
1909
1885
1878
1883
1869
1900
1842
1861
1834
1894
1852
1923
1876
1941
1914
1957
1911
1960
1944
1984
2000
2004
2001
2015
2021
2004
1983
1956
1998
1968
1999
1938
1959
1921
1969
1949
1971
1948
1967
1964
1995
1973
1976
1983
1977
1992
1952
1991
1978
2036
2019
2075
2056
2079
2069
2117
2098
2112
2088
2081
2107
2104
2110
2082
2111
2118
2146
2122
2148
2092
2138
2108
2122
2063
2075
2008
2001
1972
1944
1935
1922
1909
1897
1924
1889
1948
1933
1965
1915
1972
1964
2055
2020
2065
2028
2102
2074
2085
2044
2056
2092
2085
2076
2040
2049
2034
2045
1978
2006
1935
2001
1960
1994
1921
1972
1941
1995
1965
2002
1994
2053
2069
2095
2110
2081
2104
2096
2112
2076
2104
2089
2139
2118
2159
2121
2154
2148
2182
2150
2165
2166
2172
2201
2195
2199
2183
2209
2189
2208
2179
2186
2168
2203
2163
2170
2149
2133
2130
2130
2135
2121
2151
2174
2202
2155
2171
2146
2198
2164
2187
2137
2176
2180
2216
2183
2182
2172
2200
2199
2195
2224
2182
2223
2181
2100
2095
2091
2118
2072
2093
2062
2115
2062
2109
2055
2113
2074
2117
2060
2107
2090
2145
2105
2139
2144
2146
2160
2158
2163
2146
2174
2123
2157
2080
2101
2053
2105
2055
2079
2050
2076
2084
2113
2088
2098
2098
2126
2123
2086
2103
2064
2089
2050
2062
2004
2020
1997
2017
1977
1985
1949
1986
1981
1983
1992
1991
2024
2022
2028
1994
2035
2005
2064
2027
2054
2019
2063
2033
2043
2020
1991
1968
1996
1977
1949
1952
1981
2012
2008
2051
2010
2094
2078
2122
2080
2155
2121
2183
2130
2147
2097
2127
2090
2097
2090
2052
2066
2056
2060
2030
2051
2027
2098
2053
2088
2043
2099
2070
2135
2103
2125
2085
2130
2109
2108
2072
2087
2090
2055
2071
2027
2045
2014
2043
1979
2002
1947
1993
1967
2015
1978
2010
1990
2034
2067
2083
2086
2092
2107
2100
2080
2072
2098
2084
2131
2098
2139
2123
2170
2150
2165
2129
2124
2137
2136
2118
2112
2116
2117
2157
2127
2150
2127
2187
2147
2198
2155
2174
2179
2213
2174
2167
2154
2147
2185
2156
2141
2091
2100
2052
2049
1987
2011
1955
2019
1972
2015
1992
2083
2066
2090
2074
2097
2100
2131
2110
2099
2112
2075
2116
2050
2073
2016
2076
2036
2098
2038
2092
2054
2114
2076
2115
2063
2090
2111
2120
2124
2123
2131
2137
2124
2071
2097
2042
2100
2069
2101
2063
2106
2077
2123
2085
2087
2061
2109
2106
2117
2124
2111
2143
2155
2182
2143
2176
2177
2223
2191
2192
2152
2191
2184
2200
2172
2173
2200
2214
2223
2192
2220
2215
2243
2191
2216
2166
2223
2201
2233
2155
2167
2132
2150
2137
2120
2117
2131
2145
2132
2147
2114
2165
2153
2216
2161
2216
2181
2236
2215
2249
2199
2231
2182
2204
2147
2144
2145
2128
2145
2128
2142
2116
2147
2103
2157
2098
2146
2110
2170
2111
2164
2113
2131
2106
2130
2088
2091
2070
2095
2092
2064
2079
2054
2088
2054
2060
2045
2089
2071
2122
2069
2085
2061
2114
2055
2059
2035
2021
2038
2031
2017
1999
2023
2017
2066
2019
2039
2008
2062
2032
2056
2042
2042
2046
2093
2074
2079
2077
2095
2104
2077
2070
2026
2069
2043
2074
2049
2085
2052
2087
2043
2054
2020
2069
2027
2011
1992
1980
2003
2014
2031
2003
2022
1972
2030
1977
2005
1951
2003
1956
1995
1950
1971
1950
1984
1969
1981
1966
1998
2005
1969
1972
1921
1963
1964
2012
1974
2039
2009
2086
2059
2095
2029
2067
2019
2017
2000
1972
1946
1958
1977
1957
1949
1928
2010
1987
2036
1983
2047
2024
2071
2015
2035
1980
2031
2008
2013
1958
1982
1960
1945
1936
1897
1910
1916
1952
1914
1972
1926
1992
1985
2041
1993
2033
2007
2034
2018
1991
1964
1971
1964
1950
1944
1915
1927
1892
1922
1882
1914
1886
1930
1912
1939
1936
1952
1966
2014
2022
2027
2038
2027
2051
2018
2036
2010
2076
2057
2099
2058
2070
2031
2066
2042
2048
2005
1971
2001
1993
2007
1990
2035
2047
2080
2064
2101
2061
2119
2087
2107
2068
2113
2074
2074
2062
2062
2047
2070
2086
2065
2086
2045
2112
2093
2147
2090
2163
2136
2194
2138
2146
2095
2150
2112
2130
2081
2082
2097
2083
2086
2049
2062
2049
2081
2033
2071
2008
2057
2012
2049
2009
2047
2008
2037
2001
2018
2005
2027
2018
2021
2042
2001
2028
2003
2025
1983
1995
1957
1982
1921
1930
1855
1872
1826
1863
1790
1799
1805
1836
1867
1883
1909
1941
1984
1981
2019
1977
1986
1965
1997
1939
1936
1896
1910
1899
1897
1860
1847
1843
1812
1785
1726
1725
1713
1762
1747
1798
1789
1863
1883
1914
1885
1884
1879
1915
1891
1898
1901
1884
1912
1907
1915
1903
1949
1951
2009
1971
1999
1972
2025
1990
2006
1997
1983
1993
2008
1992
1988
1994
2001
2015
1969
1990
1947
2000
1960
2012
1965
2033
2009
2060
2004
2027
2001
2061
2041
2068
2096
2067
2102
2102
2133
2103
2110
2067
2123
2065
2107
2037
2079
2019
2046
1981
1988
1978
2015
2006
2022
2003
2014
2021
1993
2010
1959
2002
1974
2017
1968
2027
1982
2056
2007
2041
1983
2037
2000
2017
1997
1990
1965
1968
1961
1954
1959
1937
2015
1999
2037
2006
2075
2085
2132
2103
2125
2087
2126
2107
2125
2091
2122
2116
2134
2152
2135
2162
2156
2185
2145
2198
2163
2218
2199
2223
2175
2168
2150
2153
2151
2139
2140
2142
2168
2151
2157
2120
2145
2149
2186
2172
2207
2201
2250
2226
2250
2234
2236
2257
2261
2254
2238
2280
2254
2273
2223
2248
2194
2244
2213
2246
2194
2218
2198
2229
2184
2208
2184
2201
2240
2229
2237
2209
2241
2233
2218
2162
2194
2135
2196
2127
2167
2095
2154
2100
2108
2052
2054
2034
2051
2012
2016
2004
1962
2006
1995
2013
1975
2042
2018
2071
1997
2040
1989
2053
1995
2042
2003
2039
2043
2034
2011
1989
1971
1953
1945
1912
1949
1929
2006
1986
2033
2005
2065
2037
2077
2036
2069
2034
2080
2055
2074
2056
2027
2050
2071
2089
2070
2088
2087
2136
2121
2139
2099
2147
2142
2175
2136
2171
2159
2175
2174
2147
2118
2091
2104
2059
2075
2028
2048
2033
2055
2013
2042
2035
2084
2090
2085
2062
2070
2078
2072
2051
2004
2016
2018
2056
2024
2050
2033
2082
2061
2070
2038
2074
2078
2112
2067
2063
2059
2050
2063
2029
2039
2004
2027
1978
2015
1940
1979
1935
1996
1952
1996
1956
1984
1965
1975
1947
1946
1945
1959
1946
1903
1925
1902
1949
1911
1947
1908
1979
1959
2024
1988
2034
2012
2091
2041
2059
2038
2018
2025
2013
1993
1961
1977
1938
2006
1952
2005
1939
1999
1941
1978
1918
1938
1903
1965
1934
1953
1916
1962
1970
1959
1964
1943
1981
1976
2006
1961
1990
1941
1999
1956
1959
1904
1940
1911
1928
1927
1923
1931
1950
1960
1956
1964
1947
2011
2001
2021
2001
2047
2048
2093
2075
2080
2056
2071
2066
2035
2014
2008
2003
1978
1991
1937
1951
1927
1974
1929
1958
1911
1930
1915
1925
1898
1915
1914
1930
1979
1969
1991
1983
2037
2009
2041
2022
2064
2029
2071
2020
2051
2035
2095
2082
2085
2073
2071
2078
2070
2058
2028
2039
1995
2032
1969
2015
1973
2041
1982
2033
1976
1993
1946
2004
1941
1951
1910
1922
1957
1929
1919
1878
1919
1893
1889
1856
1908
1875
1967
1917
1951
1899
1979
1957
1975
1923
1934
1925
1952
1921
1920
1924
1886
1922
1893
1920
1897
1966
1951
2008
1952
1976
1930
1971
1910
1918
1845
1839
1829
1827
1814
1811
1832
1847
1864
1871
1923
1907
1982
1960
1999
1950
1994
1988
2023
1986
1983
1942
1958
1963
1951
1963
1948
1978
1979
2023
1995
2022
1994
2029
2000
2004
1963
1991
1983
1999
1953
1951
1965
1976
1993
1970
1964
1950
1984
1936
1937
1872
1899
1871
1882
1832
1860
1847
1882
1906
1911
1910
1932
1960
1965
1996
1942
1975
1962
2011
1962
1999
1971
2035
2017
2048
2000
2035
2046
2108
2078
2106
2139
2143
2182
2152
2176
2146
2179
2110
2157
2088
2130
2083
2137
2075
2123
2096
2128
2131
2159
2148
2166
2176
2186
2208
2163
2182
2150
2191
2138
2153
2091
2123
2077
2119
2042
2078
2024
2079
2022
2048
2047
2045
2055
2057
2061
2052
2050
2010
2058
2005
2037
2002
2079
2041
2090
2070
2093
2076
2109
2082
2082
2045
2068
2047
2049
2042
2015
2046
2037
2022
1976
1990
1974
2007
1984
2011
1982
2037
2030
2052
2052
2050
2071
2085
2085
2071
2081
2062
2114
2086
2119
2080
2126
2114
2132
2100
2100
2089
2095
2075
2057
2031
2012
2024
2000
2019
1969
1990
1973
2006
1957
2011
1981
2033
2004
2036
1993
2044
2034
2053
2063
2045
2052
2043
2053
2008
2011
1960
2023
1977
2011
1953
2004
1977
2061
2028
2048
2013
2067
2074
2088
2050
2059
2063
2071
2109
2069
2079
2058
2090
2033
2086
2022
2077
2053
2119
2080
2124
2095
2140
2137
2142
2118
2119
2120
2115
2104
2079
2123
2103
2159
2123
2159
2138
2205
2171
2197
2140
2147
2118
2155
2097
2102
2093
2093
2103
2085
2099
2103
2138
2103
2131
2089
2096
2095
2141
2106
2123
2096
2130
2158
2158
2150
2148
2152
2146
2156
2125
2146
2119
2167
2140
2178
2154
2214
2201
2228
2190
2192
2182
2197
2186
2189
2192
2169
2203
2183
2195
2144
2173
2165
2203
2158
2173
2149
2203
2185
2209
2179
2193
2193
2190
2176
2141
2140
2136
2151
2120
2164
2114
2181
2164
2218
2165
2240
2231
2288
2271
2291
2240
2273
2244
2234
2235
2192
2224
2206
2235
2176
2195
2167
2186
2134
2161
2088
2139
2115
2174
2163
2096
2155
2163
2184
2154
2169
2176
2189
2210
2176
2213
2201
2247
2209
2247
2218
2282
2237
2268
2218
2256
2228
2267
2204
2217
2201
2211
2237
2226
2221
2200
2241
2225
2276
2232
2267
2235
2285
2235
2263
2239
2236
2247
2264
2241
2226
2228
2238
2256
2207
2223
2182
2231
2214
2223
2193
2226
2221
2250
2224
2227
2210
2244
2250
2241
2249
2225
2261
2235
2250
2207
2230
2182
2221
2170
2172
2145
2194
2169
2182
2168
2156
2167
2172
2176
2163
2187
2186
2202
2163
2209
2133
2192
2159
2203
2136
2171
2133
2165
2142
2153
2126
2152
2139
2135
2169
2126
2156
2130
2150
2086
2110
2050
2098
2047
2073
2008
2066
2040
2102
2065
2071
2044
2073
2111
2129
2125
2123
2131
2094
2140
2081
2130
2115
2192
2156
2220
2167
2215
2195
2220
2161
2172
2146
2152
2162
2132
2117
2124
2145
2119
2120
2105
2135
2127
2162
2097
2115
2095
2151
2124
2112
2086
2089
2097
2102
2086
2085
2094
2077
2120
2086
2113
2095
2149
2110
2153
2140
2167
2170
2196
2152
2145
2125
2111
2147
2128
2140
2103
2131
2118
2140
2107
2118
2085
2129
2104
2127
2078
2095
2056
2063
2048
2024
2035
2038
2040
2014
2042
1987
2046
2002
2034
1978
2035
2008
2051
2027
2048
2021
2065
2053
2059
2043
2050
2088
2084
2123
2089
2131
2120
2163
2135
2161
2083
2145
2116
2167
2105
2154
2120
2134
2117
2100
2080
2077
2056
2020
2008
1961
2015
1984
2037
1987
2049
2030
2092
2047
2079
2042
2115
2089
2113
2081
2112
2139
2146
2141
2124
2137
2144
2180
2162
2208
2159
2206
2182
2221
2184
2223
2199
2232
2240
2256
2232
2258
2250
2254
2252
2220
2225
2194
2231
2183
2179
2127
2156
2139
2144
2089
2102
2076
2108
2082
2098
2103
2130
2170
2149
2154
2121
2164
2151
2187
2133
2142
2114
2138
2116
2127
2082
2075
2077
2078
2057
2025
2031
2023
2030
1983
1999
1975
2039
2000
2044
2035
2096
2086
2106
2062
2076
2060
2084
2038
2022
2034
1999
2045
2019
2056
2022
2058
2024
2091
2044
2097
2039
2088
2018
2057
2028
2022
2000
1991
1972
1951
1921
1932
1940
1921
1970
1941
2025
1999
2045
1996
2063
2031
2099
2051
2071
2009
2046
2017
2047
2040
2020
2021
2029
2032
2028
2046
2031
2096
2062
2109
2060
2110
2087
2111
2059
2050
2004
2027
1988
1979
1947
1975
1979
1980
1976
1942
1981
1988
2019
1991
2059
2015
2052
2011
2021
1985
2014
1997
2009
2010
1996
2006
2015
2019
1993
1995
1965
2013
2012
2043
2014
2050
2059
2093
2061
2067
2044
2050
2059
2051
2041
2031
2062
2057
2089
2066
2099
2105
2160
2107
2152
2120
2151
2136
2156
2114
2122
2089
2122
2155
2147
2167
2162
2192
2182
2188
2141
2179
2139
2200
2134
2168
2124
2198
2166
2189
2149
2165
2145
2155
2114
2093
2084
2054
2100
2055
2080
2040
2109
2068
2111
2042
2070
2043
2093
2029
2072
2044
2091
2104
2108
2104
2104
2125
2132
2131
2109
2165
2135
2201
2148
2181
2126
2178
2130
2170
2098
2128
2118
2175
2130
2150
2121
2105
2117
2085
2092
2065
2078
2058
2096
2059
2092
2062
2128
2108
2150
2127
2144
2163
2191
2198
2166
2153
2165
2187
2161
2184
2143
2192
2191
2222
2190
2216
2190
2204
2213
2214
2194
2201
2231
2214
2220
2181
2208
2195
2230
2176
2187
2148
2171
2164
2172
2132
2154
2149
2165
2139
2161
2189
2206
2246
2218
2231
2211
2263
2204
2227
2142
2168
2131
2174
2108
2142
2100
2110
2114
2115
2100
2108
2138
2149
2167
2119
2143
2118
2166
2108
2167
2116
2174
2143
2177
2120
2151
2130
2191
2145
2166
2173
2177
2209
2204
2204
2197
2230
2188
2251
2190
2232
2184
2250
2204
2234
2188
2216
2214
2243
2221
2245
2229
2263
2276
2251
2262
2238
2283
2266
2275
2226
2270
2234
2280
2231
2257
2203
2261
2244
2256
2242
2239
2248
2260
2264
2255
2268
2249
2300
2250
2262
2221
2278
2253
2272
2244
2226
2225
2243
2226
2222
2231
2265
2257
2241
2250
2213
2265
2250
2260
2207
2243
2200
2242
2222
2220
2180
2206
2188
2192
2196
2159
2177
2169
2198
2179
2186
2142
2193
2167
2204
2172
2209
2180
2222
2191
2193
2174
2194
2199
2201
2211
2207
2232
2202
2237
2179
2191
2139
2168
2084
2120
2043
2076
2034
2071
2015
2043
2007
2025
2057
2040
2036
2044
2086
2068
2096
2050
2103
2073
2133
2065
2125
2109
2197
2153
2171
2129
2147
2138
2139
2080
2060
2027
2000
2030
1980
1978
1952
1998
1948
1998
1959
1996
1972
2015
1971
1994
1964
1983
1995
1990
1975
1989
2005
2002
2003
1973
2010
1984
2032
1990
2021
1991
2022
2008
2042
2015
2019
2004
2035
2024
2023
2013
2006
2048
2044
2066
2053
2090
2074
2118
2084
2094
2057
2096
2060
2067
2033
2057
2084
2099
2106
2084
2107
2108
2117
2077
2101
2037
2065
2032
2066
2003
2040
2008
2045
2014
2009
1991
2007
2022
2032
2047
1999
2060
2039
2066
2014
2037
1992
2037
2001
2040
1989
2051
2024
2055
2013
2038
2059
2068
2084
2052
2047
2039
2062
2006
2034
1966
2029
1993
2048
1994
2033
1982
2038
2023
2039
2011
2026
1990
1991
1976
1935
1930
1906
1923
1894
1909
1896
1956
1928
1981
1948
1975
1947
2001
1954
1979
1954
1983
2003
2012
2004
1997
2020
2011
2043
1992
2021
2006
2073
2051
2075
2046
2072
2063
2068
2026
2005
1988
2014
2008
1999
2003
1993
2045
2024
2026
1997
2031
2018
2052
2018
2048
2028
2080
2042
2052
2053
2045
2062
2060
2065
2036
2060
2012
2062
2009
2029
1982
2014
1954
1949
1915
1925
1929
1953
1940
1939
1944
1977
1998
1969
1995
1970
2035
2015
2052
1999
2037
2009
2063
2020
2030
1971
2009
1981
1968
1958
1936
1938
1929
1937
1912
1933
1906
1972
1937
2003
1957
2018
1994
2049
2021
2062
2042
2103
2088
2095
2069
2090
2076
2059
2062
2027
2048
2032
2075
2034
2100
2028
2064
2010
2050
1977
2017
2002
2031
2031
2040
2045
2085
2114
2099
2094
2057
2102
2077
2121
2076
2111
2084
2135
2101
2109
2057
2094
2067
2071
2024
2028
2014
2029
2057
2033
2060
2059
2118
2082
2128
2087
2117
2109
2143
2093
2101
2069
2077
2094
2075
2083
2085
2117
2107
2110
2102
2121
2089
2125
2082
2100
2046
2071
2036
2029
2004
1977
1967
1957
1967
1959
1984
1946
1979
1951
2001
1953
1993
1973
2035
2009
2023
2004
2028
2015
2027
1984
1965
1991
1960
1978
1935
1945
1922
1947
1891
1924
1869
1931
1899
1936
1883
1937
1935
1979
1979
1979
1987
2014
2025
2009
2021
1955
2008
1981
2034
1955
1992
1971
2025
1970
1983
1925
1977
1954
1963
1915
1931
1944
1955
1957
1935
1951
1956
1982
1971
2011
1965
2001
1983
2028
1976
2013
1982
2011
2020
2031
2015
2053
2071
2090
2119
2091
2131
2123
2169
2141
2166
2134
2157
2115
2118
2055
2063
2031
2037
2014
2038
2022
2016
2052
2059
2094
2080
2118
2106
2146
2118
2147
2144
2199
2156
2165
2145
2145
2165
2136
2115
2073
2089
2076
2091
2033
2057
2017
2065
2023
2059
2018
2065
2061
2090
2061
2060
2060
2109
2106
2103
2118
2084
2128
2083
2089
2039
2078
2015
2067
2009
2051
2025
2108
2090
2128
2104
2111
2120
2119
2122
2126
2154
2159
2169
2120
2167
2106
2168
2109
2142
2069
2123
2069
2113
2048
2071
2011
2055
2026
2043
2068
2052
2087
2069
2077
2022
2036
2009
2086
2046
2083
2032
2102
2070
2117
2078
2086
2069
2088
2079
2077
2046
2039
2030
2002
2047
2008
2058
2033
2068
2010
2055
2011
2058
2033
2044
1998
2007
1989
1983
1954
1906
1875
1874
1892
1866
1888
1898
1958
1951
1972
1953
2000
2000
2025
1998
1964
1927
1916
1929
1911
1903
1891
1894
1870
1912
1882
1940
1936
2019
1988
2050
2034
2066
2069
2093
2071
2053
2045
2030
2043
2000
2036
2001
2036
1972
1992
1938
1948
1901
1917
1866
1908
1872
1919
1891
1883
1886
1872
1883
1876
1884
1879
1929
1907
1983
1945
2012
1969
2041
2014
2087
2036
2065
2039
2076
2024
2039
1991
1989
2027
2000
1992
1921
1929
1917
1921
1897
1927
1880
1952
1904
1939
1882
1961
1958
1992
1965
1971
1981
2007
2007
2006
2015
1978
2029
1994
2020
1988
2034
2011
2026
1977
1977
1931
1970
1934
1924
1899
1908
1931
1935
1934
1915
1942
1947
1983
1966
1992
1951
1991
1965
1988
1957
1975
1951
1962
1954
1938
1939
1936
1951
1926
1956
1907
1944
1915
1949
1913
1932
1907
1967
2014
1968
2035
2030
2084
2043
2087
2041
2054
2044
2028
2037
2055
2080
2070
2118
2079
2144
2095
2127
2056
2106
2059
2106
2065
2087
2048
2123
2115
2143
2116
2120
2159
2155
2165
2128
2126
2110
2145
2102
2152
2092
2147
2111
2170
2138
2204
2171
2216
2216
2226
2208
2241
2245
2244
2257
2207
2251
2219
2242
2172
2189
2136
2156
2107
2121
2051
2075
2030
2067
2028
2060
2063
2085
2100
2089
2081
2070
2082
2057
2098
2054
2080
2054
2112
2079
2127
2105
2123
2116
2131
2109
2117
2115
2130
2114
2073
2082
2052
2115
2085
2106
2065
2103
2093
2128
2088
2075
2055
2081
2074
2050
2045
2000
2032
2010
2008
1950
1965
1905
1918
1853
1841
1799
1842
1807
1810
1815
1805
1842
1845
1859
1822
1840
1839
1853
1791
1793
1723
1758
1721
1740
1679
1716
1701
1739
1733
1742
1747
1775
1779
1755
1776
1730
1782
1788
1834
1787
1852
1823
1896
1854
1887
1829
1887
1870
1902
1864
1854
1849
1849
1838
1810
1808
1793
1829
1794
1839
1785
1842
1806
1864
1785
1813
1783
1834
1823
1836
1802
1834
1849
1858
1871
1849
1857
1859
1895
1865
1875
1835
1869
1838
1864
1812
1835
1818
1877
1845
1844
1827
1842
1873
1882
1880
1870
1874
1844
1879
1826
1835
1805
1851
1807
1823
1797
1805
1806
1822
1811
1815
1818
1829
1886
1876
1902
1871
1919
1903
1912
1883
1915
1898
1927
1900
1909
1851
1872
1866
1840
1849
1835
1869
1868
1891
1868
1910
1879
1954
1924
1979
1944
2018
2000
2026
1994
2000
1977
1989
1969
1956
1931
1916
1971
1961
1985
1916
1946
1908
1950
1914
1934
1875
1939
1882
1903
1843
1900
1882
1891
1904
1895
1903
1917
1923
1896
1905
1852
1932
1906
1959
1903
1959
1940
1999
1944
1957
1914
1960
1934
1953
1929
1917
1951
1954
1975
1938
1964
1947
1979
1932
1970
1927
1982
1946
1992
1959
2013
1995
2018
2006
2002
1975
1977
1977
1967
1972
1928
1966
1953
2011
1970
2001
1956
1987
1971
1976
1920
1914
1881
1887
1853
1843
1842
1845
1894
1882
1913
1902
1948
1937
1961
1920
1931
1916
1975
1931
1931
1905
1911
1914
1897
1903
1885
1918
1909
1909
1854
1881
1864
1928
1888
1922
1881
1924
1939
1976
1962
1973
1991
2019
1997
1963
1954
1922
1968
1925
1948
1909
1976
1964
2027
1999
2048
2010
2064
2018
2028
1999
1973
1973
1948
1907
1866
1849
1835
1847
1806
1857
1812
1898
1885
1959
1929
1998
1983
2045
1995
2026
1975
2031
1994
2015
2021
2000
1997
1998
1987
1958
1956
1916
1957
1896
1931
1886
1940
1905
1958
1924
1957
1927
1981
1937
1949
1923
1962
1944
1931
1915
1888
1907
1903
1907
1881
1894
1863
1910
1852
1851
1801
1838
1793
1827
1812
1814
1840
1885
1872
1853
1856
1834
1891
1866
1878
1846
1879
1865
1895
1872
1878
1870
1903
1867
1866
1842
1873
1868
1877
1896
1870
1910
1917
1939
1893
1916
1883
1949
1921
1942
1899
1933
1926
1954
1930
1928
1924
1930
1932
1910
1901
1871
1925
1885
1938
1895
1947
1920
1968
1934
1959
1932
1953
1942
1954
1938
1936
1920
1904
1961
1924
1943
1915
1970
1918
1968
1915
1943
1902
1951
1878
1913
1889
1931
1954
1950
1948
1958
1994
1993
1978
1949
1994
1959
2019
1963
1997
1937
2009
1971
2010
1961
1990
1964
2015
1966
1982
1980
1976
1999
1977
1986
1949
1993
1980
2008
1949
1965
1920
1974
1915
1946
1904
1927
1912
1919
1907
1908
1903
1927
1914
1909
1949
1930
1999
1999
2031
1989
2031
2007
2035
1986
1984
1934
1958
1957
1985
1997
1970
2022
2027
2068
2053
2070
2051
2104
2070
2064
2013
2010
1998
2005
1958
1927
1914
1896
1913
1866
1863
1849
1890
1876
1912
1876
1924
1921
1980
1951
1984
1985
2023
2056
2077
2101
2120
2150
2154
2152
2076
2082
2039
2067
1992
2002
1936
1975
1967
2016
1971
2023
2012
2062
2020
2048
2068
2056
2080
2041
2040
2005
2048
2011
2076
2040
2104
2087
2161
2098
2152
2124
2146
2133
2169
2146
2164
2156
2180
2189
2167
2187
2157
2198
2171
2198
2143
2184
2163
2205
2144
2175
2124
2184
2144
2156
2142
2134
2153
2170
2160
2143
2149
2115
2170
2134
2155
2122
2171
2160
2180
2132
2139
2125
2144
2139
2137
2129
2149
2149
2140
2148
2133
2181
2183
2208
2182
2212
2187
2224
2197
2212
2175
2207
2199
2207
2209
2190
2220
2230
2240
2206
2214
2166
2234
2185
2199
2138
2168
2143
2176
2151
2159
2130
2164
2164
2168
2162
2178
2180
2158
2160
2124
2147
2114
2161
2118
2155
2096
2155
2131
2162
2110
2137
2104
2104
2115
2109
2097
2088
2120
2097
2099
2074
2119
2074
2120
2056
2080
2019
2075
2036
2056
2004
2034
2016
2053
2012
2032
2013
2002
2043
2023
2043
2020
2076
2046
2099
2039
2078
2053
2118
2066
2108
2072
2101
2110
2115
2081
2076
2083
2096
2088
2068
5835
2114
2123
2151
2172
2185
2194
2198
2192
2197
2194
2180
2167
2149
2149
2141
2133
2132
2142
2149
2144
2149
2146
2151
2151
2137
2130
2131
2111
2102
2102
2105
2113
2130
2130
2142
2150
2163
2158
2168
2177
2169
2154
2146
2128
2116
2092
2088
2083
2084
2076
2070
2051
2048
2018
1989
1983
1966
1965
1971
1977
1978
1975
1977
1991
1992
1996
1979
1972
1967
1962
1969
1973
1974
1987
1997
2014
2013
2009
2001
2000
1991
1987
1966
1965
1918
1876
1847
1838
1811
1808
1811
1818
1822
1828
1853
1854
1875
1896
1912
1933
1948
1952
1946
1945
1942
1937
1930
1934
1957
1973
1992
2002
2028
2051
2045
2043
2022
2014
2001
1994
1979
1964
1943
1939
1933
1927
1929
1928
1941
1944
1948
1964
1968
1971
1962
1960
1950
1939
1918
1891
1880
1869
1864
1871
1868
1867
1890
1913
1938
1932
1939
1955
1967
1977
1993
1995
1993
1982
1977
1973
1956
1924
1909
1888
1865
1842
1836
1821
1824
1832
1835
1860
1891
1906
1928
1936
1940
1946
1950
1948
1947
1971
1989
1999
1997
2006
1985
1957
1946
1928
1916
1920
1935
1955
1976
1992
1991
1992
1991
1988
2003
2013
2018
2012
1997
1984
1975
1978
1980
1982
1999
2004
2012
2010
2033
2048
2049
2059
2074
2089
2108
2122
2122
2117
2113
2118
2123
2100
2068
2055
2016
1987
1961
1941
1900
1875
1848
1814
1784
1781
1785
1799
1824
1848
1855
1882
1889
1875
1883
1871
1862
1870
1876
1868
1875
1889
1901
1915
1915
1901
1900
1906
1929
1938
1941
1928
1927
1924
1929
1932
1955
1979
1983
1991
1992
1974
1975
1971
1974
1988
2001
1999
1999
1984
1983
1992
1994
2012
2018
2026
2026
2012
2011
2002
2025
2050
2058
2074
2082
2105
2130
2140
2154
2161
2158
2153
2154
2158
2141
2114
2075
2072
2069
2060
2073
2070
2059
2060
2061
2061
2053
2026
2023
2033
2027
2017
2013
2006
2007
2023
2034
2081
2097
2105
2109
2100
2105
2116
2102
2088
2080
2070
2057
2045
2037
2023
2023
2034
2047
2054
2070
2070
2086
2095
2109
2108
2125
2136
2150
2144
2156
2161
2168
2162
2163
2158
2158
2135
2125
2132
2123
2129
2141
2154
2166
2180
2176
2186
2180
2180
2173
2160
2150
2142
2132
2120
2111
2105
2102
2099
2097
2099
2105
2129
2128
2131
2124
2144
2154
2176
2187
2186
2190
2185
2172
2131
2099
2059
2028
2019
2010
2007
1989
1967
1967
1973
2007
2030
2040
2052
2066
2077
2059
2057
2053
2053
2039
2012
1994
1981
1966
1959
1950
1941
1962
1980
2017
2052
2077
2082
2101
2113
2129
2142
2139
2135
2139
2129
2122
2120
2109
2111
2110
2111
2104
2097
2089
2092
2075
2065
2053
2047
2034
2030
2030
2027
2030
2026
2014
2023
2008
1999
2004
2015
2001
1995
1990
1994
1980
1974
1990
2003
2032
2064
2088
2115
2149
2165
2169
2196
2219
2228
2234
2242
2245
2248
2257
2266
2258
2273
2280
2287
2286
2306
2317
2313
2315
2314
2299
2285
2274
2262
2252
2260
2263
2276
2289
2297
2305
2306
2308
2316
2311
2316
2300
2295
2302
2303
2320
2330
2346
2363
2378
2382
2395
2371
2356
2335
2324
2320
2314
2302
2285
2297
2305
2329
2340
2348
2352
2349
2349
2351
2341
2326
2318
2318
2317
2320
2322
2318
2319
2322
2320
2332
2323
2315
2306
2307
2317
2334
2355
2377
2404
2423
2421
2429
2430
2444
2445
2440
2429
2423
2410
2393
2382
2384
2380
2386
2381
2385
2387
2383
2378
2387
2397
2419
2429
2425
2427
2442
2440
2442
2438
2435
2426
2426
2439
2448
2454
2465
2458
2439
2429
2431
2442
2449
2448
2439
2439
2442
2391
2357
2345
2342
2331
2316
2291
2276
2266
2271
2266
2263
2265
2278
2286
2306
2303
2334
2339
2341
2333
2344
2340
2343
2326
2317
2302
2300
2289
2268
2259
2258
2265
2271
2272
2280
2274
2285
2285
2273
2256
2243
2235
2236
2231
2218
2216
2195
2206
2214
2216
2218
2227
2237
2239
2239
2237
2229
2226
2219
2218
2218
2206
2201
2198
2185
2181
2175
2179
2177
2161
2140
2143
2144
2125
2110
2112
2105
2096
2098
2106
2104
2119
2136
2148
2159
2170
2169
2163
2163
2142
2116
2089
2071
2038
2026
2015
2018
2026
2049
2080
2094
2110
2132
2150
2154
2151
2157
2157
2138
2127
2117
2111
2117
2124
2132
2135
2138
2146
2157
2175
2176
2174
2176
2175
2168
2164
2147
2138
2122
2104
2085
2070
2056
2053
2044
2028
2045
2044
2063
2084
2081
2086
2085
2071
2070
2058
2060
2069
2070
2071
2063
2055
2061
2055
2046
2047
2043
2038
2041
2049
2063
2078
2081
2077
2076
2074
2063
2058
2056
2060
2066
2080
2079
2090
2087
2069
2072
2075
2082
2074
2080
2075
2066
2040
2033
2028
2019
2013
1998
1951
1929
1913
1912
1914
1916
1924
1930
1943
1950
1956
1959
1957
1961
1984
1994
2012
2031
2038
2050
2064
2054
2050
2050
2036
2046
2050
2047
2026
2024
2011
2001
1975
1958
1952
1967
1973
1992
2011
2030
2034
2027
2015
2007
1990
1978
1959
1942
1909
1910
1924
1939
1960
1985
1997
2005
1994
1986
1988
1985
1979
1965
1947
1931
1951
1948
1961
1965
1980
2011
2035
2041
2051
2053
2042
2038
2038
2041
2031
2028
2045
2061
2082
2093
2105
2118
2135
2157
2187
2193
2183
2193
2197
2200
2202
2188
2187
2189
2198
2201
2196
2192
2182
2174
2174
2164
2140
2138
2118
2106
2086
2091
2093
2090
2084
2091
2107
2129
2146
2152
2165
2160
2163
2166
2149
2127
2106
2091
2073
2062
2068
2068
2067
2068
2083
2088
2101
2104
2116
2127
2136
2131
2134
2127
2126
2117
2111
2093
2097
2082
2072
2063
2052
2052
2070
2087
2096
2107
2129
2145
2150
2149
2144
2164
2160
2158
2141
2140
2138
2127
2122
2118
2113
2130
2144
2159
2175
2186
2199
2205
2193
2188
2188
2181
2183
2187
2187
2195
2207
2206
2211
2226
2230
2246
2264
2266
2267
2276
2278
2283
2280
2273
2265
2257
2243
2241
2228
2213
2190
2194
2197
2181
2165
2156
2176
2159
2170
2177
2188
2199
2221
2224
2235
2224
2219
2187
2153
2124
2097
2072
2044
2033
2023
2017
2027
2029
2036
2059
2066
2067
2068
2082
2091
2114
2133
2144
2142
2149
2136
2148
2146
2140
2127
2127
2111
2096
2084
2086
2082
2079
2076
2064
2066
2055
2045
2043
2049
2061
2083
2117
2143
2142
2154
2173
2156
2155
2134
2126
2102
2081
2050
2036
2031
2011
2000
2001
1984
1980
1991
2002
2021
2033
2048
2051
2066
2076
2091
2104
2104
2116
2137
2159
2167
2172
2179
2161
2156
2140
2113
2098
2079
2065
2071
2059
2051
2055
2063
2078
2080
2086
2078
2071
2051
2042
2035
2040
2038
2043
2058
2062
2087
2095
2090
2073
2056
2045
2017
1993
1983
1982
1992
1993
2003
2032
2057
2065
2075
2074
2086
2081
2083
2082
2056
2038
2033
2018
1996
1971
1947
1923
1899
1881
1864
1841
1817
1819
1835
1877
1913
1923
1957
1962
1987
1991
1981
1963
1968
1980
1982
1984
1979
1986
1981
1988
1981
1979
1986
1986
1997
2002
1991
1974
1976
1966
1975
1962
1962
1968
1968
1974
1983
2005
2015
2022
2023
2022
2026
2020
1986
1958
1942
1902
1883
1867
1855
1846
1865
1893
1924
1937
1975
1989
2017
2033
2050
2064
2067
2076
2096
2115
2128
2123
2127
2144
2160
2157
2166
2173
2180
2184
2177
2170
2144
2129
2113
2122
2115
2107
2119
2127
2131
2140
2157
2169
2187
2191
2200
2210
2212
2205
2191
2184
2185
2189
2192
2192
2201
2205
2207
2207
2190
2167
2135
2124
2110
2083
2061
2048
2035
2018
1996
1987
1981
1988
2005
2031
2036
2041
2030
2036
2022
2040
2042
2037
2032
2027
2025
2022
2043
2070
2089
2108
2122
2132
2135
2154
2156
2148
2151
2149
2132
2127
2128
2128
2101
2086
2062
2025
2016
2009
1997
2003
1998
2011
2023
2065
2095
2127
2132
2153
2166
2174
2160
2147
2130
2119
2091
2080
2074
2076
2100
2114
2130
2153
2162
2164
2169
2177
2181
2185
2192
2204
2226
2243
2247
2243
2263
2260
2255
2256
2254
2278
2299
2309
2311
2316
2317
2324
2333
2326
2325
2303
2297
2286
2271
2247
2239
2254
2265
2257
2275
2262
2249
2262
2288
2290
2297
2303
2299
2300
2286
2271
2270
2264
2257
2267
2283
2299
2311
2332
2339
2356
2362
2370
2371
2382
2382
2401
2384
2369
2356
2343
2315
2304
2294
2280
2272
2273
2264
2271
2282
2270
2263
2246
2260
2260
2268
2263
2249
2224
2213
2204
2215
2222
2221
2221
2225
2224
2229
2246
2260
2268
2276
2285
2288
2289
2289
2289
2269
2270
2266
2272
2272
2285
2298
2306
2303
2308
2314
2314
2304
2296
2298
2275
2252
2233
2223
2195
2177
2173
2173
2188
2201
2219
2219
2223
2239
2247
2247
2259
2254
2256
2263
2274
2277
2268
2256
2240
2231
2219
2209
2192
2169
2154
2151
2139
2138
2154
2172
2175
2186
2186
2196
2204
2218
2209
2208
2215
2237
2251
2252
2253
2259
2246
2241
2230
2233
2230
2223
2230
2208
2218
2216
2204
2202
2198
2194
2200
2189
2185
2186
2179
2168
2160
2149
2126
2130
2126
2133
2134
2127
2114
2100
2084
2062
2057
2068
2075
2083
2097
2123
2140
2164
2180
2191
2180
2180
2180
2171
2155
2124
2104
2065
2044
2030
2011
2008
2016
1999
2002
1999
1996
2020
2037
2051
2060
2070
2066
2051
2041
2025
2007
2001
1990
1981
1978
1958
1962
1971
1975
1982
1979
1972
1992
1994
1984
1976
1995
1999
1986
1971
1989
1995
1994
2002
2000
1992
1985
1997
2008
2015
2025
2030
2037
2040
2040
2014
2006
2003
1996
1979
1968
1967
1951
1956
1962
1961
1947
1951
1953
1965
1976
1983
1994
2009
2020
2032
2043
2043
2041
2048
2052
2052
2064
2078
2089
2081
2082
2085
2067
2058
2050
2062
2075
2084
2089
2070
2051
2049
2038
2032
2020
2007
1997
1983
2002
2009
2022
2052
2080
2088
2095
2108
2129
2133
2153
2158
2164
2152
2157
2146
2141
2137
2149
2134
2121
2123
2112
2115
2097
2110
2101
2085
2061
2038
2008
1987
1961
1938
1933
1955
1966
1981
1978
1991
2013
2040
2051
2063
2086
2110
2098
2077
2060
2058
2056
2038
2025
2003
1983
1973
1974
1958
1947
1941
1941
1942
1968
1993
1996
2014
2045
2047
2059
2070
2079
2087
2088
2083
2091
2082
2087
2088
2078
2051
2044
2055
2062
2064
2074
2078
2104
2128
2139
2147
2149
2141
2135
2132
2126
2105
2099
2082
2058
2046
2044
2051
2051
2049
2050
2037
2043
2056
2073
2084
2067
2054
2056
2041
2006
1983
1955
1912
1887
1855
1841
1842
1858
1878
1902
1925
1937
1954
1970
1983
1997
2003
2019
2028
2029
2024
2042
2022
2021
2004
2012
2015
2001
1985
1979
1970
1952
1959
1959
1944
1930
1935
1937
1947
1933
1931
1928
1946
1951
1956
1944
1942
1952
1958
1952
1952
1948
1930
1925
1917
1900
1892
1893
1886
1879
1880
1879
1900
1915
1913
1929
1933
1941
1960
1953
1935
1930
1938
1946
1947
1944
1933
1930
1915
1912
1918
1913
1916
1912
1910
1903
1897
1902
1907
1903
1895
1891
1875
1860
1827
1810
1821
1827
1823
1828
1847
1867
1884
1900
1915
1927
1927
1917
1918
1919
1941
1966
1985
2000
2001
1994
2001
2002
2002
2000
1994
1956
1933
1924
1915
1917
1928
1936
1969
1969
1973
1967
1979
1979
1988
1991
1989
1986
1993
1996
1996
2006
2018
2031
2058
2077
2086
2078
2087
2091
2098
2103
2111
2106
2113
2116
2101
2091
2101
2107
2111
2096
2084
2058
2045
2023
2002
1974
1950
1927
1905
1881
1853
1839
1847
1851
1863
1873
1891
1900
1939
1970
1998
2019
2040
2053
2050
2057
2053
2043
2036
2031
2014
1999
2013
2006
1998
1984
1983
1985
1972
1955
1939
1928
1903
1895
1890
1885
1881
1891
1911
1929
1953
1980
2001
2026
2056
2069
2078
2085
2095
2103
2095
2090
2089
2116
2130
2150
2168
2176
2198
2216
2226
2227
2230
2226
2219
2207
2192
2184
2175
2174
2176
2180
2188
2177
2175
2154
2151
2140
2136
2133
2143
2155
2157
2174
2191
2200
2200
2211
2218
2229
2226
2231
2231
2230
2212
2202
2204
2212
2224
2226
2234
2230
2220
2200
2170
2143
2115
2108
2085
2065
2059
2090
2113
2121
2124
2134
2144
2112
2094
2111
2150
2168
2157
2147
2149
2144
2157
2165
2167
2156
2157
2142
2139
2115
2104
2097
2083
2078
2088
2090
2123
2124
2128
2120
2117
2114
2109
2114
2109
2100
2092
2080
2063
2037
2020
2008
1995
1994
1987
1976
1978
1985
1994
2000
2019
2031
2033
2043
2059
2051
2034
2034
2043
2026
2028
2037
2037
2023
2013
2006
1992
1986
1987
1990
1958
1967
1996
2010
2042
2077
2103
2122
2149
2168
2180
2182
2173
2181
2190
2171
2158
2134
2111
2089
2093
2085
2090
2070
2075
2072
2069
2047
2042
2037
2051
2057
2089
2097
2113
2113
2111
2110
2099
2091
2096
2094
2092
2091
2082
2061
2045
2048
2044
2046
2019
2010
1995
1980
1988
2022
2036
2038
2047
2058
2083
2103
2119
2135
2145
2143
2146
2145
2136
2133
2125
2122
2123
2118
2132
2136
2142
2128
2134
2138
2140
2137
2142
2138
2150
2168
2175
2189
2198
2202
2209
2225
2239
2246
2237
2212
2216
2208
2195
2170
2156
2139
2120
2092
2071
2061
2028
2011
1999
1982
1965
1967
1957
1975
2003
2029
2051
2068
2090
2094
2125
2151
2162
2155
2141
2140
2129
2117
2103
2088
2067
2078
2071
2086
2087
2092
2095
2106
2102
2095
2099
2100
2114
2128
2142
2139
2145
2137
2138
2127
2111
2103
2119
2105
2095
2092
2110
2113
2100
2100
2109
2123
2140
2145
2158
2166
2177
2186
2187
2201
2198
2202
2199
2203
2193
2181
2158
2154
2153
2164
2170
2189
2182
2192
2202
2206
2216
2213
2196
2206
2212
2212
2217
2216
2207
2195
2172
2158
2159
2170
2156
2145
2135
2142
2151
2163
2165
2180
2202
2213
2209
2202
2200
2211
2215
2211
2205
2188
2159
2136
2121
2091
2080
2073
2074
2068
2082
2081
2090
2083
2089
2098
2111
2100
2098
2102
2085
2073
2078
2077
2091
2092
2081
2079
2080
2087
2104
2103
2101
2094
2097
2098
2099
2103
2096
2099
2101
2106
2103
2102
2084
2063
2053
2045
2047
2052
2049
2029
2028
2022
2037
2051
2057
2048
2033
2026
2038
2057
2062
2067
2074
2069
2061
2065
2069
2065
2064
2060
2059
2054
2048
2046
2026
2020
2023
2034
2028
2020
1989
1968
1960
1953
1964
1984
2010
2023
2040
2045
2035
2024
2022
2005
1991
1975
1940
1933
1923
1904
1906
1926
1951
1973
1994
2000
1998
1989
1970
1963
1946
1954
1960
1981
2006
2047
2062
2066
2052
2020
1986
1950
1915
1888
1864
1873
1893
1910
1939
1963
1986
2002
2024
2026
2043
2049
2030
2035
2041
2030
2022
2009
1993
1993
1973
1956
1927
1896
1890
1879
1876
1879
1871
1888
1918
1943
1961
1988
2021
2029
2024
2016
2003
1997
1971
1947
1935
1911
1892
1878
1868
1865
1856
1839
1841
1857
1867
1877
1907
1920
1951
1969
1991
2000
2013
2018
2023
2034
2039
2049
2045
2052
2054
2053
2053
2042
2044
2043
2044
2041
2034
2013
2001
1991
1989
2006
2035
2041
2061
2072
2088
2098
2096
2093
2102
2106
2096
2090
2081
2073
2068
2061
2049
2054
2055
2050
2051
2059
2082
2103
2132
2146
2164
2173
2171
2148
2122
2116
2090
2090
2082
2065
2071
2061
2061
2068
2079
2069
2059
2036
2029
2005
1990
1979
1974
1974
1975
1994
2001
2026
2017
2011
2016
2016
2015
2026
2032
2033
2015
2014
1990
1980
1968
1953
1913
1886
1859
1822
1780
1768
1763
1768
1790
1812
1839
1879
1927
1966
1993
1996
2012
2023
2016
1991
1962
1939
1921
1896
1889
1874
1865
1830
1790
1770
1752
1751
1762
1772
1772
1782
1818
1832
1862
1885
1895
1906
1931
1918
1924
1926
1931
1941
1939
1930
1930
1926
1948
1970
1991
2002
2003
2008
2010
2013
2011
2007
2010
2016
2013
2008
2011
2011
2014
2011
2008
2003
2004
1999
1997
1997
2017
2012
2012
2029
2033
2034
2040
2046
2062
2084
2097
2119
2129
2127
2135
2136
2150
2146
2121
2094
2079
2059
2048
2031
1992
1993
1996
1988
1994
1997
2009
2019
2055
2072
2059
2055
2043
2043
2037
2022
2005
1994
1993
1995
1983
1992
1999
2008
1998
2002
2012
2011
1996
1994
1999
1996
1995
1997
2021
2018
2028
2046
2070
2092
2104
2116
2142
2156
2146
2140
2135
2131
2141
2156
2158
2160
2163
2171
2170
2183
2198
2210
2210
2201
2206
2193
2192
2186
2179
2161
2143
2131
2129
2145
2139
2123
2118
2131
2153
2172
2195
2186
2188
2204
2236
2243
2257
2261
2261
2276
2284
2299
2291
2275
2268
2265
2274
2276
2276
2256
2223
2221
2219
2221
2222
2212
2208
2192
2184
2186
2203
2216
2218
2223
2211
2212
2216
2220
2223
2215
2202
2188
2176
2159
2136
2125
2095
2074
2054
2041
2036
2039
2026
2033
2031
2025
2031
2037
2044
2049
2049
2061
2056
2048
2043
2043
2037
2031
2038
2026
2009
2010
2004
1995
1984
1986
1978
1948
1956
1963
1992
2011
2032
2040
2076
2114
2130
2134
2157
2144
2133
2112
2087
2083
2073
2076
2080
2075
2076
2085
2114
2123
2114
2124
2142
2164
2168
2177
2184
2193
2191
2211
2209
2201
2175
2158
2134
2104
2087
2081
2078
2061
2052
2051
2068
2062
2065
2071
2079
2091
2094
2105
2102
2095
2075
2056
2034
2034
2036
2048
2062
2058
2056
2053
2063
2079
2074
2068
2057
2053
2048
2051
2042
2045
2049
2049
2041
2014
2002
1992
1984
1984
1986
1976
1956
1959
1962
1963
1953
1957
1951
1940
1939
1946
1947
1956
1957
1958
1953
1949
1951
1955
1961
1962
1978
1983
1998
2015
2028
2035
2046
2053
2053
2042
2030
2010
1989
1963
1950
1941
1931
1930
1937
1934
1929
1926
1939
1938
1930
1929
1940
1954
1970
1984
1984
1991
1992
2014
2015
2022
2005
1983
1961
1951
1941
1938
1931
1934
1930
1936
1944
1950
1966
1980
1993
1999
1992
1999
2011
2023
2021
2016
2025
2031
2066
2070
2078
2090
2106
2099
2098
2082
2076
2069
2055
2030
2004
1985
1973
1958
1939
1926
1917
1915
1901
1886
1876
1874
1899
1917
1918
1927
1944
1959
1980
1994
2023
2031
2041
2036
2042
2051
2063
2062
2077
2081
2083
2077
2086
2093
2097
2088
2081
2077
2050
2035
2022
2011
2005
1984
1971
1966
1967
1958
1965
1970
1964
1954
1940
1936
1923
1920
1920
1907
1896
1893
1885
1879
1877
1881
1900
1894
1891
1887
1891
1882
1885
1889
1891
1899
1906
1908
1895
1888
1884
1867
1854
1855
1858
1883
1911
1930
1939
1935
1933
1942
1919
1898
1858
1829
1794
1756
1739
1741
1754
1762
1780
1810
1841
1858
1886
1893
1920
1949
1956
1942
1944
1938
1950
1946
1936
1923
1930
1935
1928
1943
1955
1975
1996
1995
1991
2002
2001
2008
2004
1980
1964
1961
1957
1955
1953
1963
1974
1963
1958
1960
1953
1947
1944
1937
1911
1897
1887
1860
1851
1838
1836
1842
1845
1852
1867
1884
1916
1927
1937
1946
1958
1973
1993
1992
1991
1983
1984
2002
2008
2006
2009
2041
2079
2094
2104
2133
2153
2148
2157
2160
2176
2163
2155
2138
2147
2143
2120
2100
2090
2085
2074
2088
2106
2114
2133
2155
2169
2195
2206
2210
2199
2198
2184
2178
2158
2140
2129
2100
2085
2070
2052
2048
2050
2055
2040
2032
2026
2024
2028
2030
2027
2017
2023
2030
2034
2014
2016
2009
2016
2043
2055
2070
2085
2088
2082
2072
2056
2023
1999
1992
1983
1972
1982
1985
1975
1972
1952
1944
1945
1937
1937
1943
1958
1972
1993
2023
2042
2052
2043
2040
2040
2057
2068
2074
2075
2077
2091
2087
2080
2085
2084
2081
2071
2058
2051
2027
2006
2009
1992
1977
1964
1973
1972
1960
1958
1972
1982
2002
2029
2028
2017
2016
2026
2032
2035
2035
2051
2068
2067
2043
2032
2009
1994
1960
1948
1941
1936
1937
1949
1964
1979
1985
1982
1993
2005
2021
2036
2038
2039
2050
2059
2060
2056
2053
2040
2036
2020
2014
2004
2006
2009
2029
2062
2084
2097
2111
2125
2124
2123
2101
2087
2080
2095
2096
2108
2124
2142
2152
2168
2160
2163
2169
2175
2159
2142
2113
2124
2128
2137
2133
2139
2144
2141
2147
2156
2155
2157
2166
2167
2176
2164
2171
2182
2190
2195
2210
2214
2222
2212
2206
2213
2200
2184
2183
2172
2166
2155
2150
2166
2187
2210
2218
2223
2218
2203
2192
2192
2188
2182
2197
2195
2195
2186
2195
2207
2216
2208
2199
2205
2202
2193
2200
2204
2224
2217
2221
2218
2210
2196
2195
2168
2165
2166
2169
2176
2194
2220
2236
2260
2276
2283
2291
2301
2304
2313
2298
2279
2268
2236
2224
2203
2204
2206
2212
2207
2199
2184
2170
2158
2133
2112
2104
2117
2112
2104
2102
2112
2111
2115
2125
2146
2144
2156
2164
2186
2183
2179
2264
2247
2254
2276
2290
2285
2284
2263
2259
2256
2248
2229
2221
2219
2226
2229
2225
2242
2251
2247
2252
2260
2264
2268
2264
2273
2272
2277
2274
2264
2248
2244
2235
2236
2236
2230
2216
2212
2205
2209
2216
2218
2230
2242
2264
2274
2283
2274
2256
2245
2246
2260
2269
2265
2271
2258
2254
2249
2236
2217
2199
2191
2172
2171
2160
2176
2183
2178
2182
2172
2159
2142
2153
2157
2166
2168
2178
2181
2186
2198
2204
2203
2204
2203
2204
2191
2173
2159
2136
2144
2138
2142
2139
2146
2122
2113
2090
2070
2043
2028
2010
1997
1981
1975
1971
1978
1999
2007
2011
2029
2045
2059
2073
2074
2095
2091
2088
2086
2109
2119
2126
2131
2159
2162
2170
2170
2173
2169
2176
2152
2147
2135
2121
2123
2120
2118
2119
2110
2111
2103
2111
2119
2114
2123
2115
2099
2093
2082
2067
2073
2072
2077
2082
2083
2075
2075
2084
2098
2092
2092
2084
2079
2081
2094
2106
2113
2124
2121
2123
2117
2124
2129
2122
2112
2113
2115
2109
2116
2107
2100
2107
2106
2095
2083
2084
2085
2066
2057
2051
2041
2030
2019
2001
1990
1990
1989
1972
1960
1958
1959
1977
1981
2005
2021
2029
2042
2054
2051
2043
2046
2022
2043
2055
2079
2087
2094
2101
2114
2131
2152
2157
2146
2134
2133
2141
2155
2151
2147
2147
2152
2135
2121
2106
2089
2074
2049
2036
2019
2025
2029
2049
2067
2078
2078
2095
2104
2120
2132
2130
2136
2130
2138
2150
2159
2156
2151
2140
2150
2150
2146
2154
2172
2177
2192
2194
2210
2205
2216
2206
2209
2230
2248
2261
2272
2259
2262
2254
2246
2235
2217
2195
2188
2190
2176
2165
2139
2125
2093
2078
2058
2049
2047
2045
2074
2101
2114
2129
2146
2167
2183
2188
2195
2181
2167
2160
2149
2143
2148
2143
2130
2129
2117
2100
2069
2057
2031
2011
2004
1998
2006
2000
2014
2030
2048
2052
2049
2060
2071
2051
2032
2020
2015
2001
1999
2019
2040
2051
2056
2050
2056
2053
2059
2057
2053
2048
2028
2024
2021
2016
2011
1998
1975
1948
1923
1910
1892
1889
1884
1914
1935
1966
2018
2055
2066
2071
2068
2050
2037
2016
2003
1985
1981
1978
1964
1973
1981
1994
2014
2028
2048
2053
2055
2067
2095
2094
2109
2093
2094
2079
2056
2026
1996
1976
1952
1941
1941
1946
1933
1944
1957
1969
1969
1990
1993
1994
1997
2007
2006
1999
2003
2020
2005
2006
2009
2020
2029
2019
2022
2018
2008
1995
2013
2019
2040
2051
2065
2062
2053
2043
2039
2035
2022
2030
2020
2035
2050
2066
2076
2077
2095
2120
2130
2141
2143
2144
2145
2139
2125
2104
2093
2105
2111
2119
2138
2140
2152
2158
2170
2168
2164
2167
2169
2171
2170
2177
2173
2163
2161
2166
2173
2174
2158
2164
2141
2135
2113
2099
2084
2095
2088
2088
2080
2079
2070
2071
2075
2085
2078
2067
2065
2069
2079
2097
2118
2134
2140
2141
2152
2165
2169
2167
2171
2166
2161
2142
2149
2155
2149
2135
2135
2133
2135
2128
2120
2109
2096
2083
2082
2052
2025
2021
2010
2012
2018
2031
2058
2079
2092
2119
2139
2157
2160
2169
2180
2176
2177
2166
2173
2177
2172
2173
2184
2184
2195
2208
2217
2224
2233
2235
2230
2233
2243
2248
2238
2243
2249
2254
2261
2247
2244
2235
2216
2192
2167
2160
2155
2157
2167
2182
2183
2194
2229
2250
2262
2270
2262
2246
2246
2247
2232
2206
2195
2198
2189
2190
2178
2161
2149
2151
2135
2116
2100
2108
2101
2100
2103
2117
2140
2164
2162
2156
2146
2142
2142
2145
2151
2158
2161
2156
2159
2164
2179
2182
2191
2209
2223
2211
2234
2245
2246
2240
2240
2234
2232
2226
2237
2244
2250
2234
2240
2235
2234
2247
2256
2266
2271
2276
2280
2291
2310
2312
2306
2297
2280
2269
2269
2277
2256
2261
2246
2248
2245
2266
2285
2291
2296
2286
2295
2283
2283
2277
2273
2277
2272
2272
2275
2278
2294
2291
2281
2268
2258
2231
2236
2245
2250
2246
2255
2264
2274
2271
2273
2277
2278
2266
2266
2275
2263
2254
2238
2220
2211
2201
2202
2191
2198
2191
2186
2189
2187
2190
2190
2189
2191
2201
2213
2223
2227
2210
2199
2206
2199
2195
2218
2233
2226
2235
2230
2219
2217
2198
2166
2133
2117
2097
2089
2069
2067
2067
2074
2085
2094
2098
2095
2093
2091
2083
2074
2069
2070
2056
2065
2071
2086
2097
2126
2143
2166
2155
2151
2128
2122
2105
2083
2062
2052
2045
2027
2020
2017
2012
1999
2011
2003
1983
1980
1982
1982
1975
1970
1977
1980
1990
2002
2021
2018
2030
2040
2036
2036
2033
2025
2023
2014
2022
2030
2023
2020
2014
2028
2030
2036
2032
2014
2014
2009
2015
2018
2029
2053
2059
2080
2101
2110
2115
2135
2142
2129
2110
2117
2104
2087
2087
2094
2120
2130
2140
2153
2140
2119
2125
2130
2122
2103
2079
2061
2040
2028
2014
1995
2001
2000
1991
1980
1995
2026
2031
2038
2031
2039
2062
2064
2073
2070
2063
2046
2047
2033
2038
2057
2072
2085
2090
2081
2065
2063
2070
2078
2077
2064
2071
2086
2076
2065
2051
2056
2045
2042
2048
2041
2047
2057
2058
2033
2008
1975
1955
1939
1927
1931
1928
1921
1934
1946
1962
1971
1987
2002
2004
1990
1979
1969
1974
1982
1990
1987
2000
2027
2032
2030
2024
2008
2011
2021
2033
2052
2061
2065
2073
2076
2074
2073
2073
2071
2051
2017
1997
1988
1987
1988
2000
2009
2021
2022
2026
2017
2002
2006
2006
2000
1997
1998
2003
2016
2022
2027
2035
2025
2042
2037
2025
2008
1992
1972
1955
1938
1934
1926
1906
1887
1884
1892
1907
1928
1940
1953
1967
1971
1986
1993
2003
2016
2023
2034
2039
2030
2016
2014
2012
1999
1998
1985
1977
1967
1941
1942
1933
1941
1951
1958
1964
1988
1991
1998
2014
2006
2014
2019
2023
2038
2051
2049
2048
2053
2071
2063
2071
2085
2091
2077
2067
2063
2073
2065
2059
2045
2031
2011
1983
1963
1968
1965
1981
1983
2004
2020
2033
2062
2080
2083
2095
2111
2092
2086
2086
2088
2090
2095
2081
2061
2033
2005
1992
2001
2015
2015
2019
2008
2007
2008
2019
2038
2065
2078
2092
2102
2103
2104
2107
2096
2115
2101
2094
2066
2064
2072
2073
2082
2096
2102
2107
2114
2111
2111
2116
2114
2101
2081
2070
2056
2022
1999
1967
1934
1925
1924
1924
1932
1941
1947
1970
1986
1986
1993
1985
1994
2003
1998
2003
2016
1998
1981
1976
1966
1939
1905
1883
1867
1863
1856
1865
1887
1888
1894
1896
1898
1908
1907
1913
1930
1952
1979
2005
2013
2030
2015
2019
2016
2028
2031
2027
2014
2017
1997
1987
1973
1966
1952
1946
1939
1941
1945
1955
1966
1958
1950
1959
1963
1967
1974
1967
1979
1978
1988
1992
1994
1979
1992
2002
2025
2035
2039
2041
2058
2081
2092
2116
2130
2155
2158
2173
2172
2166
2151
2145
2126
2103
2074
2082
2076
2049
2032
2043
2039
2044
2065
2101
2128
2141
2140
2138
2142
2144
2153
2149
2153
2167
2160
2158
2173
2171
2165
2157
2134
2124
2110
2092
2078
2079
2082
2078
2086
2095
2096
2097
2091
2082
2083
2091
2123
2126
2134
2134
2147
2140
2134
2121
2094
2083
2072
2061
2057
2054
2043
2056
2079
2094
2097
2128
2150
2158
2160
2164
2172
2185
2179
2163
2151
2160
2154
2138
2131
2142
2131
2118
2092
2070
2073
2076
2071
2071
2074
2082
2089
2076
2082
2075
2064
2048
2042
2037
2048
2053
2059
2052
2065
2074
2081
2088
2080
2076
2083
2073
2068
2047
2025
1995
1975
1966
1969
1964
1974
1983
1990
1999
2015
2023
2009
1995
1989
1977
1945
1915
1893
1856
1830
1813
1813
1832
1863
1872
1893
1904
1931
1946
1955
1959
1971
1959
1951
1943
1937
1936
1925
1918
1899
1897
1905
1910
1922
1950
1971
1990
2010
2042
2068
2086
2103
2104
2101
2091
2072
2061
2041
2016
1993
1984
1970
1953
1933
1913
1910
1899
1895
1909
1916
1928
1937
1929
1922
1919
1898
1900
1899
1899
1904
1911
1920
1937
1946
1974
2009
2012
2019
2033
2050
2056
2051
2046
2034
2023
1998
1975
1949
1937
1922
1903
1887
1865
1863
1858
1868
1863
1867
1870
1882
1890
1901
1904
1914
1922
1939
1937
1950
1966
1960
1964
1958
1954
1958
1965
1968
1971
1949
1918
1900
1889
1874
1866
1863
1853
1849
1848
1850
1861
1872
1887
1918
1931
1942
1951
1951
1961
1964
1965
1945
1948
1956
1948
1930
1931
1933
1923
1918
1910
1910
1897
1879
1877
1882
1879
1878
1879
1893
1908
1921
1940
1941
1940
1948
1957
1975
1978
1997
2017
2011
2022
2033
2104
2092
2097
2107
2116
2091
2073
2042
2033
2035
2044
2042
2049
2065
2080
2099
2116
2133
2147
2158
2157
2160
2160
2155
2153
2152
2138
2152
2151
2150
2157
2164
2173
2182
2207
2250
2261
2273
2272
2286
2293
2291
2289
2284
2280
2261
2250
2229
2203
2175
2148
2116
2090
2066
2056
2056
2056
2074
2072
2085
2090
2094
2097
2116
2117
2109
2087
2079
2062
2068
2062
2095
2099
2111
2118
2141
2144
2141
2125
2109
2091
2085
2093
2092
2100
2098
2104
2100
2111
2115
2131
2127
2121
2126
2127
2118
2095
2072
2054
2045
2024
2023
2003
1972
1931
1908
1860
1835
1810
1772
1770
1779
1790
1800
1811
1816
1841
1845
1849
1865
1865
1863
1849
1823
1806
1779
1758
1729
1713
1702
1682
1683
1695
1710
1730
1763
1788
1796
1799
1799
1795
1791
1814
1838
1855
1870
1878
1887
1891
1901
1895
1892
1904
1910
1910
1909
1894
1898
1899
1890
1884
1855
1835
1812
1800
1777
1774
1773
1779
1779
1785
1790
1790
1798
1794
1766
1758
1754
1750
1769
1785
1805
1819
1823
1826
1809
1802
1785
1763
1755
1768
1782
1820
1841
1865
1886
1887
1876
1874
1863
1869
1853
1844
1848
1842
1833
1828
1801
1777
1756
1734
1715
1719
1718
1723
1739
1762
1778
1806
1838
1857
1867
1870
1878
1871
1877
1883
1894
1902
1911
1904
1899
1896
1907
1892
1872
1836
1830
1824
1816
1816
1827
1839
1853
1877
1901
1929
1979
1982
2005
2002
2002
1992
1979
1960
1949
1944
1942
1926
1921
1917
1911
1920
1906
1905
1892
1885
1880
1875
1859
1842
1819
1810
1804
1821
1832
1840
1851
1856
1866
1859
1842
1851
1862
1877
1890
1898
1913
1934
1939
1935
1926
1944
1939
1934
1933
1922
1925
1924
1930
1935
1933
1946
1943
1923
1931
1930
1940
1942
1950
1954
1971
1986
2002
1999
1995
2004
2002
1985
1969
1959
1941
1947
1944
1944
1940
1952
1963
1969
1967
1956
1938
1932
1916
1885
1836
1822
1813
1815
1806
1821
1841
1865
1879
1904
1939
1956
1957
1964
1959
1950
1952
1955
1942
1937
1935
1930
1927
1931
1907
1896
1900
1905
1903
1899
1885
1883
1884
1892
1904
1915
1938
1958
1973
1995
1992
1989
1992
2002
2011
2004
1982
1959
1944
1939
1936
1938
1955
1986
1998
2027
2034
2016
2015
1996
1967
1941
1916
1890
1856
1842
1818
1826
1818
1830
1857
1892
1952
1991
1999
2022
2033
2058
2050
2044
2035
2036
2043
2042
2041
2029
2022
2003
1997
1995
1989
1963
1956
1955
1947
1937
1920
1919
1929
1941
1954
1971
1992
1992
1972
1966
1957
1949
1944
1932
1921
1933
1947
1959
1971
1955
1920
1905
1895
1870
1852
1841
1824
1834
1833
1846
1869
1888
1891
1904
1897
1890
1895
1892
1905
1905
1919
1917
1931
1942
1949
1934
1924
1896
1874
1881
1882
1880
1877
1892
1912
1938
1950
1952
1951
1960
1957
1938
1913
1903
1900
1896
1890
1898
1901
1913
1902
1889
1893
1895
1890
1897
1886
1901
1910
1924
1939
1928
1935
1937
1963
1962
1960
1966
1966
1957
1943
1911
1905
1901
1898
1913
1899
1893
1880
1885
1882
1873
1872
1875
1862
1857
1865
1875
1891
1925
1945
1962
1970
1973
1972
1968
1984
1988
2001
1985
1961
1949
1936
1935
1947
1955
1963
1959
1966
1963
1963
1969
1983
1986
1993
1999
2005
2013
2006
1996
1970
1962
1944
1943
1932
1939
1926
1925
1929
1923
1916
1916
1914
1937
1947
1957
1983
1998
2007
2009
2025
2029
2018
2006
1982
1970
1985
1981
1983
1971
1967
1990
2003
2026
2050
2061
2088
2095
2095
2083
2074
2061
2043
2034
2013
1984
1946
1922
1913
1909
1895
1890
1883
1878
1861
1874
1884
1897
1913
1933
1967
1993
2023
2060
2094
2128
2150
2161
2168
2171
2160
2146
2142
2104
2064
2029
1997
1970
1969
1965
1974
1988
2012
2028
2041
2043
2045
2039
2045
2044
2055
2055
2063
2062
2085
2083
2103
2126
2163
2164
2180
2183
2168
2168
2167
2162
2163
2167
2163
2170
2176
2176
2178
2176
2169
2154
2162
2155
2140
2133
2132
2128
2118
2127
2150
2164
2167
2172
2177
2171
2183
2184
2175
2176
2164
2170
2181
2181
2185
2176
2184
2180
2176
2169
2155
2146
2138
2128
2122
2115
2117
2119
2132
2139
2162
2169
2192
2207
2210
2203
2191
2179
2178
2172
2163
2169
2181
2187
2195
2212
2228
2229
2227
2216
2205
2181
2186
2177
2182
2187
2186
2181
2174
2160
2165
2164
2169
2179
2166
2162
2155
2156
2152
2153
2162
2147
2138
2138
2128
2126
2127
2132
2126
2117
2116
2113
2089
2083
2079
2078
2081
2075
2081
2079
2079
2083
2079
2079
2073
2062
2042
2057
2060
2049
2035
2026
2018
2006
1991
1989
1984
1990
1996
2004
1998
2015
2019
2039
2052
2065
2073
2086
2082
2088
2098
2105
2098
2093
2075
2061
2060
2067
2053
2038
2033
2037
2037
2037
2038
2040
2052
2053
2050
2036
2030
2015
2004
2004
2017
5835
2078
2125
2204
2273
2303
2321
2326
2316
2286
2252
2201
2164
2125
2104
2087
2078
2092
2109
2131
2146
2152
2142
2147
2132
2118
2095
2065
2030
2040
2038
2056
2087
2142
2173
2230
2250
2249
2248
2259
2236
2223
2196
2171
2129
2103
2063
2051
2020
1997
1965
1964
1948
1930
1877
1821
1754
1722
1717
1733
1758
1773
1802
1827
1851
1852
1834
1799
1777
1759
1781
1815
1851
1866
1888
1902
1934
1951
1969
1955
1934
1888
1862
1832
1788
1685
1601
1535
1498
1479
1487
1504
1539
1592
1637
1670
1716
1763
1831
1869
1902
1924
1911
1877
1854
1852
1857
1869
1904
1953
1993
2029
2071
2108
2144
2131
2112
2071
2036
1995
1953
1899
1865
1821
1815
1794
1811
1830
1865
1901
1921
1919
1912
1908
1905
1908
1895
1865
1839
1783
1722
1694
1677
1660
1667
1677
1703
1768
1809
1877
1909
1948
1978
2003
2002
2025
2014
2016
1975
1942
1879
1837
1796
1765
1687
1605
1555
1551
1561
1613
1672
1738
1792
1835
1883
1923
1934
1931
1934
1947
1967
2001
2046
2072
2072
2056
2025
1960
1910
1852
1814
1793
1809
1843
1916
2004
2062
2070
2056
2022
2013
2018
2015
2016
1987
1929
1893
1872
1888
1928
1965
1988
2004
2017
2041
2090
2132
2139
2165
2183
2204
2241
2288
2313
2338
2324
2306
2243
2163
2051
1973
1900
1829
1754
1679
1579
1523
1455
1381
1353
1377
1433
1498
1565
1649
1723
1763
1752
1739
1724
1699
1683
1666
1683
1685
1727
1749
1800
1825
1845
1833
1844
1847
1866
1867
1884
1876
1897
1893
1907
1925
1970
2004
2002
1997
2002
1995
1977
1977
1985
1997
2027
2034
2037
2032
2031
2026
2008
2001
2008
2010
2007
1999
2020
2040
2081
2113
2161
2198
2245
2278
2308
2344
2360
2356
2338
2332
2328
2293
2224
2148
2084
2048
2039
2027
2010
2026
2017
2016
2033
2031
2008
1990
1946
1928
1902
1905
1913
1935
1944
1994
2053
2127
2179
2208
2210
2202
2175
2141
2101
2100
2103
2078
2036
1979
1941
1914
1952
1991
2030
2051
2100
2132
2147
2149
2177
2207
2261
2293
2311
2296
2276
2268
2285
2296
2290
2250
2199
2161
2148
2170
2183
2220
2240
2268
2275
2301
2313
2345
2358
2347
2316
2284
2249
2209
2165
2132
2111
2095
2095
2096
2109
2136
2152
2168
2190
2191
2185
2209
2248
2273
2292
2316
2320
2287
2195
2063
1946
1859
1818
1797
1767
1751
1726
1730
1753
1798
1863
1955
2038
2070
2086
2077
2068
2057
2040
2042
2010
1959
1908
1858
1825
1821
1833
1844
1884
1933
1998
2055
2116
2165
2198
2231
2288
2293
2282
2242
2216
2196
2173
2140
2129
2131
2126
2138
2142
2134
2112
2084
2041
2009
1963
1939
1917
1922
1931
1940
1920
1929
1935
1963
1958
1950
1943
1933
1892
1880
1879
1902
1921
1948
2002
2069
2146
2217
2284
2340
2387
2450
2488
2503
2513
2515
2514
2510
2507
2513
2524
2521
2527
2540
2549
2555
2578
2597
2602
2596
2581
2549
2510
2475
2436
2428
2412
2413
2407
2435
2459
2492
2507
2527
2530
2527
2525
2513
2494
2469
2483
2495
2537
2586
2649
2674
2694
2683
2670
2606
2563
2513
2471
2434
2414
2400
2424
2459
2500
2535
2581
2596
2598
2588
2579
2562
2537
2512
2486
2473
2471
2470
2462
2470
2481
2484
2472
2473
2453
2443
2434
2457
2482
2530
2588
2649
2704
2747
2776
2787
2792
2786
2751
2724
2699
2677
2640
2615
2588
2580
2574
2576
2574
2578
2578
2593
2594
2608
2642
2669
2701
2721
2758
2770
2758
2724
2688
2682
2679
2687
2708
2732
2738
2747
2746
2737
2714
2710
2698
2685
2688
2663
2649
2645
2501
2421
2397
2372
2340
2312
2276
2284
2283
2285
2274
2275
2282
2324
2373
2423
2457
2513
2560
2587
2584
2568
2513
2479
2430
2387
2356
2339
2331
2335
2340
2354
2357
2362
2379
2406
2408
2398
2379
2346
2305
2276
2267
2248
2247
2238
2247
2233
2240
2249
2271
2278
2300
2330
2353
2360
2352
2333
2313
2282
2259
2251
2233
2216
2211
2211
2219
2202
2201
2188
2161
2137
2122
2107
2064
2036
2021
2027
2058
2079
2110
2140
2169
2218
2276
2302
2295
2256
2214
2159
2095
2023
1954
1920
1891
1890
1875
1879
1910
1981
2067
2148
2218
2256
2279
2297
2286
2271
2221
2176
2110
2100
2104
2124
2144
2171
2180
2213
2248
2254
2264
2253
2251
2246
2238
2202
2189
2155
2122
2058
2012
1955
1939
1912
1892
1889
1895
1940
1987
2031
2058
2086
2102
2101
2069
2046
2019
2009
1998
2008
2011
1988
1967
1952
1954
1963
1970
1974
1975
1992
2015
2042
2057
2064
2058
2051
2039
2028
2020
2040
2059
2087
2117
2128
2123
2115
2095
2098
2097
2076
2041
2033
2015
2005
1982
1976
1960
1932
1887
1830
1731
1682
1655
1685
1739
1776
1802
1809
1814
1801
1807
1809
1826
1848
1891
1946
2029
2054
2078
2091
2099
2069
2056
2030
2014
2029
2032
1999
1960
1936
1911
1870
1805
1779
1761
1786
1831
1895
1933
1974
1972
1972
1930
1893
1861
1816
1747
1687
1671
1691
1719
1763
1827
1881
1926
1968
1977
1945
1910
1854
1815
1771
1761
1751
1768
1779
1824
1865
1934
1998
2056
2080
2089
2067
2052
2045
2041
2062
2066
2085
2123
2143
2175
2198
2230
2272
2321
2341
2372
2381
2388
2396
2391
2358
2333
2319
2343
2357
2356
2359
2354
2329
2297
2249
2188
2150
2114
2079
2035
2009
1991
1994
2008
2027
2032
2055
2097
2163
2215
2244
2256
2256
2252
2212
2167
2127
2077
2029
2008
1995
2000
1986
2007
2031
2073
2115
2152
2160
2170
2172
2200
2207
2216
2223
2212
2170
2109
2067
2020
1983
1975
1947
1949
1998
2044
2095
2134
2176
2197
2206
2224
2224
2224
2227
2239
2247
2228
2206
2158
2147
2145
2139
2161
2196
2238
2285
2327
2323
2317
2309
2306
2294
2279
2245
2218
2215
2237
2270
2299
2324
2342
2381
2423
2455
2481
2493
2495
2503
2526
2524
2492
2458
2436
2410
2394
2339
2278
2231
2203
2171
2159
2151
2165
2159
2172
2181
2224
2251
2282
2302
2339
2371
2407
2395
2312
2200
2080
1986
1926
1873
1811
1790
1811
1846
1875
1919
1961
1987
1999
2035
2072
2107
2142
2181
2211
2238
2250
2267
2267
2275
2250
2227
2175
2143
2110
2082
2034
2020
2005
1999
1992
1974
1956
1955
1959
1985
2018
2061
2117
2173
2226
2279
2328
2344
2316
2275
2211
2147
2089
2034
1949
1921
1893
1882
1859
1848
1836
1829
1855
1901
1967
2004
2060
2091
2132
2151
2179
2183
2207
2229
2267
2290
2336
2365
2354
2327
2273
2194
2117
2075
2047
2012
1982
1972
1997
2048
2051
2075
2067
2066
2032
1998
1966
1956
1953
1973
1981
2014
2072
2109
2135
2130
2094
2075
2038
1986
1882
1835
1823
1817
1866
1935
1984
2029
2094
2122
2155
2153
2163
2160
2150
2104
2020
1969
1964
1934
1888
1810
1741
1681
1623
1595
1573
1553
1537
1562
1627
1708
1826
1909
1975
2009
2028
1997
1962
1928
1941
1965
1981
1976
1963
1962
1962
1952
1948
1956
1945
1958
1973
2002
1995
1967
1939
1918
1900
1880
1882
1908
1920
1967
1995
2006
2016
2050
2052
2057
2037
1985
1896
1799
1718
1632
1576
1541
1546
1587
1674
1763
1851
1915
1993
2062
2136
2168
2190
2188
2206
2243
2279
2302
2316
2299
2315
2328
2360
2388
2410
2396
2370
2327
2282
2255
2206
2171
2143
2139
2137
2159
2193
2225
2265
2299
2337
2358
2359
2365
2366
2366
2370
2339
2312
2276
2264
2267
2272
2287
2295
2303
2302
2282
2247
2219
2140
2079
2014
1948
1891
1874
1856
1826
1769
1750
1766
1828
1883
1933
1962
1990
1997
1992
2002
2013
2008
1990
1975
1946
1968
2017
2079
2143
2205
2238
2274
2295
2333
2331
2335
2328
2324
2307
2298
2277
2226
2171
2108
2033
1967
1907
1887
1869
1873
1908
1943
2037
2103
2170
2222
2274
2310
2357
2377
2374
2325
2275
2190
2125
2062
2059
2074
2103
2152
2199
2231
2285
2330
2342
2362
2376
2378
2401
2422
2444
2458
2466
2477
2473
2468
2464
2456
2455
2479
2510
2528
2565
2591
2610
2619
2615
2604
2596
2554
2490
2451
2409
2381
2370
2389
2378
2378
2375
2406
2401
2416
2440
2490
2516
2533
2515
2485
2471
2448
2423
2386
2391
2391
2425
2455
2496
2547
2602
2617
2640
2653
2665
2670
2698
2699
2709
2682
2626
2570
2503
2446
2396
2367
2348
2341
2361
2375
2362
2362
2353
2360
2359
2371
2355
2354
2318
2296
2264
2248
2245
2255
2266
2265
2267
2284
2310
2351
2388
2425
2444
2450
2455
2455
2468
2466
2469
2454
2438
2435
2437
2432
2448
2471
2495
2530
2547
2532
2509
2470
2413
2382
2338
2305
2269
2228
2172
2136
2124
2119
2154
2209
2265
2315
2350
2375
2387
2380
2388
2397
2394
2399
2394
2403
2408
2375
2334
2289
2241
2190
2136
2088
2060
2048
2057
2118
2150
2194
2215
2253
2272
2294
2296
2307
2308
2337
2358
2385
2396
2410
2419
2394
2379
2348
2323
2300
2288
2281
2268
2251
2268
2271
2284
2273
2245
2212
2187
2190
2189
2178
2164
2143
2103
2061
2048
2067
2078
2098
2083
2050
2010
1976
1935
1919
1927
1961
2005
2062
2123
2174
2214
2270
2294
2297
2279
2276
2262
2209
2139
2042
1966
1904
1869
1846
1829
1808
1810
1821
1809
1820
1833
1887
1935
1988
2010
2030
1994
1961
1934
1893
1862
1850
1814
1787
1751
1734
1746
1769
1796
1811
1816
1834
1871
1881
1893
1883
1901
1897
1902
1902
1918
1907
1921
1909
1920
1913
1921
1939
1981
2008
2031
2050
2053
2037
2006
1959
1922
1923
1918
1908
1853
1826
1803
1833
1859
1874
1888
1903
1896
1909
1916
1954
1988
2042
2081
2110
2137
2158
2164
2158
2148
2146
2165
2192
2200
2194
2176
2131
2110
2081
2057
2074
2090
2098
2101
2084
2049
2009
1973
1930
1902
1883
1888
1902
1950
2003
2068
2134
2173
2190
2209
2243
2272
2294
2327
2329
2331
2312
2295
2251
2215
2188
2160
2150
2156
2167
2177
2190
2166
2148
2101
2039
1983
1911
1849
1792
1732
1705
1690
1734
1776
1857
1905
1961
2019
2090
2126
2154
2159
2153
2140
2122
2093
2066
2042
2016
1977
1918
1862
1793
1785
1768
1771
1771
1797
1825
1866
1923
1970
2021
2090
2128
2149
2160
2167
2170
2173
2176
2155
2133
2116
2089
2059
2050
2035
2021
2035
2068
2117
2171
2211
2275
2314
2313
2308
2289
2250
2213
2161
2105
2073
2038
2013
1994
1981
1976
1984
2003
1990
2009
2041
2075
2104
2131
2105
2073
2023
1951
1863
1783
1686
1596
1508
1432
1423
1465
1535
1642
1729
1783
1823
1856
1895
1935
1978
2002
2034
2039
2046
2053
2060
2037
1998
1949
1934
1926
1923
1914
1889
1852
1829
1816
1810
1790
1774
1781
1815
1845
1839
1845
1845
1847
1837
1867
1875
1877
1859
1854
1839
1835
1815
1784
1763
1734
1704
1688
1673
1685
1692
1719
1759
1781
1800
1813
1846
1872
1891
1913
1899
1864
1860
1874
1896
1907
1891
1859
1833
1818
1806
1799
1787
1794
1791
1779
1764
1771
1769
1775
1787
1794
1769
1699
1639
1592
1572
1559
1594
1629
1664
1703
1750
1816
1882
1913
1929
1913
1909
1889
1895
1922
1969
2019
2071
2105
2117
2122
2104
2091
2023
1960
1877
1833
1793
1798
1827
1893
1947
1998
2001
1986
1953
1936
1943
1968
1989
1992
1984
1988
1991
2021
2085
2129
2182
2197
2220
2229
2235
2227
2229
2228
2219
2203
2189
2194
2207
2231
2231
2220
2226
2206
2156
2109
2062
1991
1911
1855
1801
1744
1679
1608
1544
1495
1503
1551
1624
1678
1713
1745
1805
1916
1994
2073
2131
2168
2192
2209
2201
2165
2124
2068
2032
1994
1960
1965
1967
1983
1951
1940
1926
1913
1854
1798
1730
1683
1665
1672
1687
1705
1749
1814
1888
1969
2036
2100
2171
2224
2273
2279
2283
2265
2248
2233
2234
2243
2276
2323
2388
2442
2478
2492
2494
2484
2477
2440
2421
2372
2351
2319
2303
2311
2315
2336
2328
2305
2272
2248
2212
2199
2188
2183
2191
2218
2244
2255
2279
2326
2345
2354
2371
2380
2395
2394
2387
2360
2338
2320
2306
2300
2300
2298
2292
2287
2268
2242
2202
2131
2067
2004
1956
1922
1908
1936
1978
2062
2115
2150
2176
2181
2061
2070
2116
2194
2233
2229
2223
2214
2200
2210
2232
2256
2236
2211
2173
2144
2090
2056
2019
2008
1982
2009
2034
2060
2087
2112
2115
2091
2089
2085
2084
2101
2088
2054
2013
1950
1918
1877
1841
1825
1820
1817
1817
1831
1873
1903
1951
1999
2016
2029
2040
2044
2040
2011
2001
2014
2023
2043
2027
1982
1951
1929
1911
1901
1892
1870
1845
1827
1861
1915
1999
2094
2185
2252
2314
2370
2398
2413
2412
2395
2379
2350
2332
2310
2248
2184
2135
2110
2083
2061
2046
2037
2019
2020
2003
2014
2045
2092
2120
2152
2164
2180
2167
2159
2152
2143
2133
2126
2130
2120
2103
2058
2031
1994
1971
1955
1954
1905
1887
1849
1841
1871
1923
1988
2035
2070
2104
2140
2188
2228
2252
2285
2293
2286
2272
2249
2219
2216
2216
2236
2246
2248
2232
2232
2220
2219
2212
2225
2238
2274
2301
2323
2334
2358
2369
2387
2398
2418
2434
2450
2435
2405
2352
2315
2291
2252
2204
2150
2124
2095
2059
1984
1909
1848
1807
1783
1737
1706
1715
1775
1861
1960
2061
2134
2191
2215
2250
2299
2327
2335
2335
2309
2278
2204
2145
2085
2057
2023
2041
2058
2105
2145
2176
2186
2187
2157
2127
2139
2141
2163
2181
2223
2221
2221
2213
2195
2136
2093
2071
2083
2085
2095
2092
2097
2098
2123
2123
2133
2177
2216
2251
2276
2310
2337
2349
2351
2335
2317
2324
2307
2281
2244
2215
2208
2206
2187
2191
2208
2238
2257
2279
2294
2317
2325
2326
2312
2279
2247
2233
2239
2243
2250
2221
2197
2169
2163
2141
2087
2054
2041
2074
2096
2135
2166
2201
2253
2291
2296
2304
2309
2303
2302
2276
2241
2185
2123
2067
2017
1961
1932
1912
1914
1932
1960
1987
2039
2061
2069
2070
2095
2081
2077
2052
2035
2007
2003
2000
2000
1998
1983
1987
1990
2019
2055
2093
2105
2095
2062
2072
2079
2095
2083
2077
2086
2093
2085
2088
2058
2019
1990
1973
1958
1959
1957
1949
1933
1932
1962
1989
2007
1992
1985
1977
1995
2028
2060
2090
2087
2064
2053
2057
2050
2021
2012
1998
2014
2019
1989
1971
1943
1952
1966
1959
1924
1899
1870
1828
1813
1807
1831
1884
1945
1996
2029
2042
2012
1969
1925
1887
1863
1824
1780
1745
1726
1710
1734
1807
1896
1962
1978
1969
1932
1895
1848
1832
1828
1861
1900
1980
2054
2132
2162
2150
2052
1941
1839
1755
1676
1623
1611
1625
1687
1745
1836
1899
1966
2007
2057
2081
2123
2106
2093
2060
2039
2007
1978
1948
1907
1867
1814
1768
1707
1667
1635
1603
1605
1633
1659
1721
1790
1863
1932
2019
2079
2090
2058
2035
1986
1942
1870
1813
1753
1722
1688
1649
1639
1618
1599
1601
1640
1670
1706
1750
1834
1893
1975
2019
2071
2092
2116
2125
2123
2125
2133
2162
2192
2209
2209
2199
2159
2120
2094
2081
2051
2040
2009
1964
1923
1927
1950
1984
2044
2081
2137
2184
2218
2226
2215
2192
2172
2187
2184
2153
2119
2097
2070
2044
2008
2007
2010
2054
2085
2131
2185
2265
2338
2364
2371
2347
2309
2251
2214
2180
2135
2118
2097
2064
2034
2013
2041
2071
2095
2063
2016
1941
1888
1821
1800
1778
1807
1831
1877
1894
1916
1935
1974
1995
2001
2003
1993
1987
1963
1961
1959
1948
1911
1882
1820
1748
1651
1548
1443
1385
1333
1331
1363
1430
1512
1606
1706
1813
1954
2043
2126
2159
2167
2135
2082
2010
1933
1847
1775
1715
1688
1651
1618
1525
1416
1372
1366
1371
1395
1415
1439
1499
1623
1744
1843
1899
1903
1894
1897
1889
1891
1892
1893
1887
1877
1866
1869
1901
1960
2018
2074
2085
2079
2072
2067
2063
2053
2051
2045
2040
2044
2034
2029
2028
2008
1983
1937
1905
1901
1914
1923
1938
1984
2014
2033
2034
2024
2026
2023
2052
2102
2149
2182
2214
2255
2271
2300
2288
2284
2238
2195
2123
2074
2010
1976
1923
1861
1830
1818
1831
1868
1909
1945
2002
2063
2079
2055
2041
2016
1998
1971
1955
1915
1899
1883
1895
1909
1921
1923
1948
1955
1965
1953
1955
1954
1955
1940
1928
1910
1917
1966
2012
2084
2128
2205
2256
2293
2296
2315
2320
2312
2282
2274
2271
2276
2292
2305
2336
2360
2386
2380
2384
2372
2382
2392
2406
2396
2359
2310
2281
2242
2228
2195
2160
2131
2139
2145
2152
2179
2208
2251
2283
2308
2324
2336
2363
2424
2463
2497
2520
2536
2537
2534
2534
2535
2522
2500
2482
2460
2427
2392
2350
2302
2282
2279
2298
2296
2293
2273
2248
2250
2270
2295
2322
2340
2332
2323
2312
2330
2329
2314
2280
2263
2216
2184
2139
2090
2048
1999
1955
1909
1881
1873
1883
1910
1924
1937
1954
1947
1973
1977
2010
2034
2044
2034
2018
1991
1975
1963
1965
1972
1991
1984
1977
1951
1911
1875
1844
1804
1789
1807
1861
1935
1996
2082
2150
2254
2305
2342
2343
2350
2324
2292
2222
2161
2122
2098
2103
2111
2130
2147
2171
2182
2189
2201
2246
2288
2327
2355
2385
2417
2427
2418
2399
2356
2331
2275
2214
2131
2092
2048
2008
1968
1949
1930
1941
1987
2034
2066
2083
2101
2125
2152
2167
2132
2103
2049
2011
1979
1979
1997
2035
2075
2087
2087
2091
2090
2076
2066
2056
2016
2003
2009
2036
2042
2039
2026
1995
1967
1922
1880
1848
1829
1819
1833
1829
1823
1809
1810
1818
1820
1846
1858
1863
1855
1859
1851
1859
1875
1882
1860
1855
1841
1850
1865
1887
1917
1935
1971
2020
2078
2096
2116
2125
2110
2066
2008
1944
1865
1816
1785
1769
1771
1764
1785
1787
1787
1793
1791
1773
1783
1807
1855
1890
1935
1967
1984
1994
2002
2030
2008
1978
1943
1923
1884
1852
1813
1805
1806
1808
1803
1823
1844
1883
1938
1986
2007
2022
2011
2006
1993
1989
1976
1968
1992
2050
2132
2173
2192
2196
2210
2188
2168
2135
2088
2039
2013
1990
1938
1858
1806
1774
1771
1755
1717
1700
1685
1675
1674
1682
1730
1771
1792
1828
1865
1918
1982
2043
2102
2128
2144
2152
2170
2167
2164
2147
2157
2159
2159
2164
2172
2163
2144
2130
2125
2099
2053
2015
1959
1916
1878
1854
1833
1823
1819
1833
1830
1805
1767
1740
1725
1743
1752
1769
1788
1773
1778
1746
1727
1707
1711
1722
1753
1758
1758
1757
1787
1815
1830
1830
1827
1821
1810
1798
1772
1756
1735
1709
1703
1720
1737
1774
1803
1855
1900
1924
1903
1879
1823
1756
1630
1539
1431
1372
1340
1356
1427
1498
1607
1688
1780
1851
1913
1943
1974
1985
1978
1967
1969
1962
1965
1956
1947
1914
1895
1904
1921
1971
2010
2032
2065
2091
2100
2103
2080
2078
2067
2042
1999
1965
1915
1912
1903
1906
1912
1900
1897
1894
1864
1853
1852
1815
1778
1737
1689
1641
1627
1631
1631
1635
1640
1687
1733
1785
1850
1896
1927
1964
1989
2021
2037
2053
2025
2030
2031
2046
2076
2101
2139
2172
2238
2288
2333
2377
2386
2394
2396
2384
2374
2353
2326
2292
2263
2220
2176
2111
2078
2057
2069
2100
2129
2163
2212
2278
2338
2379
2385
2410
2389
2343
2298
2261
2210
2170
2113
2064
2036
2018
1988
1963
1943
1940
1902
1905
1915
1909
1920
1953
1966
1968
1976
1962
1949
1923
1945
1962
2024
2071
2127
2151
2177
2173
2153
2096
1998
1938
1881
1853
1862
1883
1909
1914
1885
1854
1812
1782
1778
1792
1793
1833
1901
1972
2021
2072
2120
2136
2117
2111
2109
2134
2158
2171
2184
2182
2180
2163
2154
2145
2124
2101
2086
2048
1999
1934
1877
1857
1838
1825
1831
1816
1801
1799
1835
1891
1940
1995
2011
2021
2005
2005
2038
2050
2067
2103
2133
2131
2101
2052
1993
1927
1860
1780
1740
1717
1738
1781
1850
1893
1928
1973
1977
1984
1994
2017
2038
2064
2096
2133
2127
2121
2094
2074
2017
1977
1934
1920
1917
1967
2011
2084
2170
2226
2265
2288
2282
2260
2221
2194
2160
2123
2115
2119
2163
2210
2273
2316
2330
2323
2318
2295
2292
2262
2231
2184
2137
2140
2160
2181
2176
2176
2213
2235
2264
2268
2272
2274
2279
2279
2260
2258
2260
2291
2309
2352
2360
2403
2407
2382
2343
2303
2255
2221
2194
2208
2216
2228
2261
2307
2342
2353
2357
2346
2320
2300
2258
2232
2225
2234
2263
2270
2283
2297
2303
2296
2274
2245
2245
2253
2255
2283
2335
2360
2337
2303
2269
2232
2219
2197
2177
2171
2178
2193
2221
2253
2316
2356
2430
2484
2521
2550
2585
2595
2579
2522
2410
2338
2273
2252
2232
2254
2257
2279
2259
2229
2171
2119
2053
2007
1984
1997
2025
2048
2051
2069
2110
2129
2125
2119
2134
2150
2169
2189
2216
2216
2238
2453
2456
2499
2523
2543
2524
2508
2453
2405
2343
2317
2307
2310
2312
2316
2326
2335
2377
2384
2426
2471
2494
2493
2476
2448
2417
2391
2385
2355
2367
2360
2350
2327
2298
2271
2258
2240
2236
2238
2246
2270
2288
2333
2371
2405
2424
2430
2440
2424
2411
2418
2421
2407
2407
2389
2363
2357
2331
2292
2222
2174
2153
2138
2148
2177
2218
2231
2226
2213
2191
2166
2152
2153
2171
2193
2222
2256
2282
2314
2315
2323
2305
2291
2274
2254
2224
2201
2185
2153
2127
2122
2119
2104
2099
2058
2038
2018
1985
1931
1883
1826
1794
1770
1787
1778
1820
1872
1929
1975
2024
2081
2098
2122
2141
2167
2188
2198
2199
2202
2206
2233
2240
2272
2297
2332
2316
2320
2309
2295
2248
2203
2167
2156
2158
2150
2130
2118
2116
2102
2121
2133
2147
2143
2148
2121
2105
2068
2063
2044
2056
2056
2065
2068
2077
2091
2095
2104
2101
2083
2081
2063
2060
2092
2137
2183
2199
2206
2203
2214
2222
2213
2201
2194
2174
2177
2164
2164
2161
2162
2157
2143
2111
2089
2066
2055
2022
2013
2006
1969
1930
1903
1860
1825
1783
1787
1804
1818
1840
1860
1856
1871
1931
1973
2012
2034
2054
2062
2060
2047
2032
2030
2067
2091
2140
2155
2201
2229
2280
2318
2337
2340
2333
2305
2292
2270
2268
2261
2253
2242
2234
2212
2160
2095
2010
1940
1864
1852
1842
1885
1925
1971
2007
2044
2063
2097
2124
2145
2154
2162
2160
2167
2186
2198
2221
2223
2215
2210
2223
2233
2251
2256
2292
2299
2325
2350
2384
2402
2420
2428
2448
2450
2462
2448
2456
2454
2441
2408
2354
2317
2300
2288
2240
2203
2147
2109
2058
2003
1956
1895
1839
1845
1884
1925
1979
2032
2091
2156
2250
2314
2346
2333
2322
2286
2239
2203
2173
2180
2174
2140
2108
2080
2048
2007
1933
1875
1819
1790
1791
1799
1818
1831
1879
1939
1986
2026
2035
2048
2023
1985
1929
1901
1870
1864
1891
1924
1954
1971
2011
2034
2063
2074
2085
2065
2031
1988
1949
1916
1893
1881
1854
1821
1761
1682
1619
1607
1594
1604
1644
1742
1845
1970
2107
2187
2213
2185
2129
2084
2028
1968
1912
1886
1874
1873
1887
1903
1919
1952
2030
2072
2111
2122
2149
2188
2243
2276
2287
2248
2196
2107
2015
1908
1837
1778
1758
1740
1738
1751
1774
1806
1837
1867
1906
1947
1971
1992
2000
2010
2009
2020
2019
2012
1985
1979
1981
1977
1974
1981
1999
1995
2000
1989
2014
2039
2081
2122
2144
2112
2075
2061
2070
2060
2032
2013
2008
2016
2053
2101
2150
2203
2252
2278
2300
2303
2305
2299
2279
2243
2207
2182
2168
2183
2201
2227
2262
2273
2268
2267
2285
2282
2283
2286
2296
2305
2302
2300
2305
2301
2297
2300
2291
2254
2197
2158
2094
2049
2017
2000
1994
2029
2043
2067
2055
2049
2032
2030
2024
2027
2007
1996
2001
2045
2107
2144
2191
2237
2291
2309
2336
2332
2328
2309
2306
2283
2273
2256
2235
2214
2196
2193
2191
2159
2160
2146
2129
2114
2094
2058
2009
1960
1920
1910
1892
1923
1945
2000
2067
2161
2224
2281
2295
2320
2315
2319
2312
2313
2299
2292
2280
2272
2275
2277
2303
2315
2345
2358
2378
2389
2408
2411
2416
2411
2411
2407
2427
2443
2458
2461
2453
2424
2384
2343
2287
2244
2211
2186
2181
2189
2210
2235
2278
2338
2417
2465
2486
2479
2450
2399
2363
2333
2305
2292
2273
2239
2209
2170
2115
2082
2077
2074
2067
2063
2059
2078
2053
2077
2107
2142
2163
2193
2207
2224
2226
2218
2193
2183
2194
2212
2232
2248
2255
2262
2287
2322
2349
2363
2382
2408
2445
2444
2442
2423
2425
2436
2444
2420
2400
2390
2390
2380
2381
2383
2384
2402
2440
2457
2452
2470
2487
2495
2500
2497
2468
2440
2390
2356
2338
2364
2375
2364
2357
2367
2388
2426
2456
2465
2468
2471
2473
2458
2449
2445
2459
2448
2416
2381
2396
2402
2410
2399
2390
2359
2347
2331
2338
2351
2359
2354
2367
2396
2420
2423
2448
2443
2426
2420
2404
2376
2342
2323
2283
2262
2248
2230
2235
2235
2232
2206
2208
2208
2217
2214
2236
2248
2267
2279
2299
2303
2284
2286
2270
2279
2300
2320
2335
2359
2354
2360
2340
2316
2279
2218
2131
2076
2019
1970
1939
1943
1951
1966
1981
1999
2031
2043
2048
2042
2042
2038
2044
2033
2048
2045
2080
2103
2155
2189
2236
2251
2273
2265
2249
2204
2137
2089
2015
1974
1942
1907
1877
1888
1890
1894
1882
1879
1859
1845
1831
1825
1809
1829
1855
1881
1885
1903
1935
1987
2010
2027
2066
2063
2063
2048
2015
1990
2003
2018
2029
2008
1991
1987
1990
1996
2003
1975
1938
1932
1931
1946
1962
1993
2039
2090
2150
2207
2242
2246
2241
2219
2172
2146
2156
2157
2162
2159
2166
2197
2228
2239
2243
2240
2221
2196
2169
2121
2065
2004
1974
1953
1891
1830
1783
1768
1777
1784
1802
1848
1893
1955
1990
2004
1999
2023
2042
2069
2061
2047
2006
1979
1977
1987
2037
2065
2091
2069
2044
2032
2026
2016
2057
2062
2073
2083
2094
2061
2050
2020
1995
1982
1988
1986
1987
1996
1999
1979
1927
1868
1799
1758
1722
1704
1703
1725
1753
1794
1805
1844
1903
1965
1981
1980
1951
1918
1880
1864
1874
1892
1929
1961
2002
1990
1967
1957
1964
1990
2016
2032
2054
2060
2083
2096
2130
2141
2149
2115
2061
1989
1908
1861
1843
1872
1901
1915
1943
1962
1972
1961
1952
1941
1920
1921
1924
1959
1973
2015
2037
2041
2023
2028
2038
2041
2015
1982
1943
1915
1881
1836
1784
1737
1699
1667
1647
1654
1691
1725
1795
1864
1921
1951
1968
2003
2012
2021
2046
2067
2092
2093
2071
2053
2039
2011
1975
1937
1900
1867
1855
1825
1813
1798
1822
1861
1913
1948
1982
1996
2007
2017
2019
2031
2064
2094
2108
2142
2165
2173
2188
2192
2178
2197
2192
2168
2143
2114
2092
2093
2067
2059
2016
1988
1957
1921
1857
1835
1818
1859
1916
1996
2070
2134
2188
2211
2217
2212
2225
2207
2204
2193
2192
2179
2141
2080
2012
1954
1909
1873
1871
1916
1942
1954
1961
1976
2027
2070
2128
2164
2184
2228
2246
2236
2211
2200
2179
2176
2133
2128
2100
2101
2107
2121
2140
2162
2175
2199
2225
2233
2238
2226
2191
2150
2100
2035
1959
1887
1824
1766
1709
1697
1707
1748
1786
1815
1837
1872
1914
1941
1960
1962
1958
1965
1964
1973
1995
1972
1926
1868
1804
1726
1669
1606
1582
1574
1602
1651
1702
1737
1752
1744
1745
1761
1787
1847
1899
1967
2030
2068
2069
2067
2054
2054
2055
2052
2038
2059
2045
2011
1958
1907
1872
1855
1837
1814
1801
1806
1833
1851
1881
1900
1917
1916
1917
1928
1943
1935
1941
1961
1989
1995
2025
2014
2021
2018
2045
2073
2098
2100
2127
2155
2189
2248
2296
2346
2397
2434
2428
2403
2337
2289
2212
2158
2096
2041
1993
1992
1973
1975
2000
2052
2114
2185
2268
2284
2282
2271
2264
2269
2270
2266
2274
2278
2296
2311
2333
2318
2278
2221
2135
2083
2043
2005
1999
2005
2021
2039
2062
2083
2086
2076
2071
2083
2099
2115
2176
2215
2241
2234
2224
2200
2167
2128
2071
2031
2011
1993
1984
1981
2009
2035
2072
2133
2190
2261
2303
2320
2322
2328
2319
2310
2290
2263
2251
2256
2220
2206
2165
2154
2119
2083
2044
2017
1992
1986
1996
1993
2011
2026
2048
2029
2018
1967
1934
1908
1928
1949
1981
2001
2050
2055
2089
2103
2124
2117
2107
2068
2043
2016
2000
1992
1937
1901
1849
1832
1809
1816
1845
1884
1933
1987
2009
2004
1974
1933
1882
1822
1751
1687
1608
1533
1466
1441
1483
1547
1613
1681
1746
1791
1849
1883
1941
1971
1982
1942
1898
1845
1814
1815
1802
1798
1793
1786
1802
1826
1886
1949
2054
2123
2182
2240
2275
2299
2294
2269
2234
2198
2150
2080
2024
1978
1915
1867
1844
1796
1756
1724
1680
1685
1703
1729
1771
1791
1804
1794
1779
1743
1709
1692
1691
1716
1741
1784
1821
1886
1938
1987
2026
2067
2083
2111
2115
2115
2104
2091
2079
2050
1991
1910
1848
1779
1719
1649
1623
1593
1607
1643
1672
1684
1696
1698
1723
1761
1810
1824
1827
1837
1869
1892
1900
1900
1908
1936
1965
1988
1981
1961
1904
1887
1844
1776
1714
1672
1657
1667
1652
1643
1627
1621
1633
1681
1739
1807
1894
1938
1966
1979
1988
1989
1970
1957
1941
1927
1899
1885
1859
1861
1848
1836
1797
1737
1710
1706
1711
1713
1703
1691
1711
1751
1784
1840
1872
1902
1912
1899
1890
1918
1961
2002
2063
2082
2093
2107
2145
2274
2274
2271
2252
2226
2175
2122
2066
2041
2029
2026
2038
2069
2102
2151
2233
2277
2300
2309
2312
2310
2295
2263
2241
2234
2231
2213
2226
2203
2198
2204
2274
2332
2366
2398
2437
2476
2514
2526
2550
2542
2524
2521
2496
2471
2401
2341
2262
2200
2117
2042
1975
1931
1886
1871
1864
1886
1927
1966
2017
2039
2072
2099
2111
2086
2048
2000
1984
1991
2006
2013
2075
2119
2175
2211
2235
2220
2200
2157
2106
2072
2050
2055
2065
2063
2066
2092
2111
2141
2163
2185
2186
2183
2167
2143
2090
2063
2009
1962
1928
1885
1855
1820
1756
1665
1552
1443
1369
1309
1278
1310
1371
1439
1504
1549
1590
1644
1687
1717
1740
1745
1735
1681
1629
1582
1519
1458
1389
1336
1320
1312
1329
1359
1429
1529
1653
1695
1685
1645
1624
1607
1648
1697
1783
1824
1861
1863
1864
1862
1866
1853
1839
1853
1857
1874
1860
1833
1818
1820
1793
1757
1671
1614
1550
1519
1497
1506
1505
1515
1529
1545
1542
1571
1570
1563
1523
1511
1512
1528
1577
1633
1687
1729
1733
1687
1650
1611
1580
1549
1555
1581
1652
1724
1815
1868
1904
1887
1851
1799
1766
1764
1758
1759
1736
1687
1637
1602
1527
1477
1426
1380
1359
1382
1397
1428
1517
1583
1633
1699
1742
1797
1823
1848
1872
1859
1866
1881
1903
1911
1912
1880
1852
1820
1798
1743
1685
1638
1626
1594
1607
1621
1666
1721
1771
1832
1907
1996
2103
2144
2147
2127
2096
2042
2000
1942
1893
1860
1844
1821
1834
1839
1842
1852
1826
1797
1779
1754
1707
1679
1649
1616
1595
1573
1564
1579
1617
1657
1695
1722
1711
1712
1705
1725
1733
1769
1795
1840
1884
1908
1907
1907
1886
1879
1868
1868
1858
1844
1846
1837
1848
1855
1879
1907
1923
1889
1885
1871
1906
1902
1909
1909
1967
2014
2068
2091
2085
2055
2017
1957
1895
1856
1829
1818
1835
1844
1858
1890
1911
1947
1930
1894
1836
1798
1744
1685
1593
1523
1505
1514
1546
1597
1657
1722
1807
1877
1899
1903
1903
1903
1890
1878
1868
1861
1851
1825
1814
1833
1842
1833
1811
1784
1770
1754
1740
1707
1689
1682
1702
1739
1787
1840
1915
1995
2057
2087
2084
2078
2069
2049
2028
1980
1913
1847
1778
1780
1810
1869
1942
2004
2059
2073
2088
2053
2003
1942
1864
1779
1709
1652
1595
1567
1538
1537
1562
1642
1742
1866
2022
2106
2162
2184
2196
2195
2158
2127
2102
2084
2090
2094
2095
2079
2049
2003
1973
1947
1919
1887
1869
1844
1842
1820
1815
1816
1841
1864
1905
1927
1943
1954
1946
1926
1895
1866
1835
1809
1815
1841
1875
1888
1898
1877
1819
1752
1677
1620
1576
1583
1601
1609
1619
1663
1697
1756
1806
1840
1839
1832
1817
1827
1850
1860
1894
1927
1943
1926
1917
1893
1839
1794
1765
1748
1734
1738
1754
1790
1856
1918
1982
1990
1966
1934
1897
1852
1802
1775
1748
1753
1784
1823
1855
1855
1836
1808
1771
1754
1766
1767
1787
1813
1845
1859
1885
1903
1928
1960
1967
1953
1943
1944
1912
1868
1806
1759
1732
1717
1723
1754
1755
1743
1715
1727
1747
1754
1717
1699
1674
1679
1696
1741
1809
1886
1943
1991
2019
2020
2027
2025
2039
2031
2007
1961
1908
1871
1866
1882
1906
1914
1909
1905
1920
1925
1940
1959
1987
2009
2019
2038
2065
2080
2045
2001
1953
1921
1877
1867
1855
1856
1856
1846
1822
1793
1805
1833
1858
1888
1902
1933
1998
2033
2074
2091
2098
2074
2048
1998
1967
1927
1905
1888
1897
1912
1949
1990
2028
2071
2134
2202
2270
2279
2246
2192
2142
2088
2030
1970
1894
1831
1764
1727
1715
1695
1671
1663
1661
1645
1646
1672
1735
1804
1870
1921
2001
2065
2166
2275
2368
2430
2469
2490
2482
2454
2398
2335
2270
2177
2059
1958
1857
1825
1823
1871
1929
2002
2070
2101
2100
2088
2083
2105
2103
2092
2081
2092
2109
2135
2183
2222
2282
2327
2381
2399
2410
2399
2387
2379
2359
2346
2343
2321
2288
2300
2298
2311
2309
2324
2331
2354
2319
2303
2259
2212
2181
2170
2169
2198
2246
2279
2276
2292
2311
2322
2313
2310
2286
2284
2294
2295
2305
2307
2311
2310
2298
2292
2250
2191
2150
2102
2092
2080
2088
2103
2115
2138
2172
2229
2284
2332
2365
2388
2384
2349
2317
2292
2264
2257
2249
2265
2305
2350
2394
2425
2427
2407
2366
2334
2313
2300
2302
2299
2287
2250
2223
2210
2199
2202
2213
2211
2206
2208
2190
2177
2161
2166
2163
2174
2171
2167
2150
2126
2111
2117
2125
2128
2115
2098
2075
2054
2038
2033
2043
2039
2026
2001
2010
2043
2080
2081
2074
2064
2040
2009
1986
1988
1990
1970
1960
1938
1920
1906
1894
1883
1864
1857
1851
1868
1889
1931
1988
2035
2063
2083
2078
2080
2075
2094
2104
2113
2105
2099
2074
2040
2017
1996
1966
1946
1943
1956
1988
2013
2040
2066
2084
2059
2021
1980
1941
1925
1920
1903
1909
47.53417969
1.660473585
999
