5835
2233
2255
2225
2301
2261
2300
2237
2280
2247
2287
2248
2254
2239
2268
2250
2255
2238
2263
2273
2240
2246
2221
2259
2225
2239
2217
2264
2230
2268
2214
2254
2218
2278
2229
2282
2249
2290
2274
2303
2274
2285
2261
2264
2243
2226
2213
2217
2222
2207
2201
2168
2212
2196
2216
2167
2204
2186
2190
2142
2160
2136
2167
2109
2105
2068
2110
2106
2111
2107
2097
2133
2125
2131
2115
2141
2140
2167
2118
2140
2117
2186
2149
2169
2130
2170
2145
2154
2112
2129
2116
2133
2098
2070
2065
2087
2100
2076
2074
2048
2096
2071
2102
2050
2107
2089
2154
2125
2158
2115
2171
2125
2138
2098
2125
2097
2074
2074
2043
2055
2047
2063
2023
2062
2004
2059
2002
2064
2006
2055
2003
2060
2021
2029
1989
2027
2032
2039
2014
2012
2036
2040
2072
2035
2086
2073
2118
2076
2107
2058
2132
2096
2119
2063
2128
2110
2136
2104
2087
2092
2126
2121
2104
2103
2062
2096
2073
2106
2056
2093
2075
2084
2039
2044
2031
2077
2091
2083
2058
2057
2082
2063
2050
2045
2073
2066
2097
2068
2089
2043
2085
2070
2088
2052
2062
2046
2040
2033
1997
1994
1971
1966
1928
1930
1863
1903
1862
1897
1837
1870
1843
1864
1848
1853
1833
1851
1857
1867
1857
1858
1891
1891
1943
1903
1934
1909
1972
1930
1983
1925
1979
1956
2007
1940
1970
1928
1960
1931
1920
1879
1896
1880
1867
1861
1857
1905
1908
1945
1912
1928
1908
1934
1887
1903
1851
1913
1876
1890
1845
1870
1890
1909
1904
1908
1927
1970
1978
1931
1940
1914
1952
1934
1953
1912
1951
1929
1977
1962
1991
2005
2051
2054
2057
2054
2035
2066
2036
2054
2029
2062
2048
2084
2053
2076
2043
2093
2069
2105
2075
2116
2112
2138
2116
2127
2132
2159
2137
2142
2136
2129
2152
2111
2123
2115
2162
2149
2192
2126
2180
2148
2194
2131
2168
2123
2180
2171
2188
2157
2190
2193
2205
2221
2190
2222
2196
2241
2179
2193
2142
2178
2137
2154
2082
2113
2070
2112
2058
2066
2040
2032
2055
2041
2045
2033
2067
2054
2115
2071
2128
2109
2176
2117
2157
2127
2164
2168
2189
2172
2174
2187
2194
2191
2158
2175
2177
2199
2162
2178
2150
2194
2167
2194
2139
2154
2122
2148
2111
2130
2130
2159
2144
2141
2121
2134
2154
2140
2165
2145
2177
2176
2221
2182
2224
2202
2243
2218
2223
2188
2227
2217
2228
2195
2178
2178
2182
2180
2147
2143
2142
2162
2131
2155
2090
2143
2111
2148
2088
2149
2121
2174
2157
2176
2143
2179
2171
2165
2162
2111
2145
2125
2130
2087
2114
2072
2138
2089
2130
2080
2135
2090
2129
2066
2059
2059
2072
2061
2055
2042
2063
2071
2051
2077
2052
2104
2071
2091
2041
2083
2059
2101
2045
2087
2052
2115
2072
2106
2079
2091
2095
2116
2113
2121
2142
2133
2158
2135
2141
2121
2177
2141
2159
2125
2136
2120
2146
2113
2102
2088
2091
2094
2074
2087
2065
2110
2091
2110
2078
2133
2120
2163
2125
2132
2089
2111
2084
2111
2109
2111
2121
2121
2106
2091
2123
2123
2169
2119
2144
2115
2179
2151
2171
2125
2164
2151
2203
2147
2183
2153
2203
2169
2162
2131
2156
2172
2145
2134
2132
2142
2121
2149
2090
2127
2110
2165
2108
2161
2117
2200
2164
2211
2150
2224
2208
2254
2218
2220
2198
2210
2194
2174
2155
2121
2143
2125
2141
2106
2157
2125
2148
2122
2160
2129
2197
2176
2198
2161
2203
2192
2207
2196
2186
2187
2189
2183
2151
2170
2131
2172
2152
2173
2125
2140
2104
2100
2083
2062
2044
2055
2077
2043
2051
2026
2075
2081
2132
2108
2143
2124
2166
2138
2111
2074
2067
2085
2088
2079
2058
2078
2076
2126
2084
2139
2103
2164
2116
2148
2089
2077
2067
2086
2050
2035
2011
1991
2043
2014
2038
2012
2071
2046
2078
2037
2076
2050
2116
2053
2083
2037
2089
2035
2043
1994
1996
1965
1970
1924
1919
1929
1918
1983
1946
2002
1975
2049
2011
2086
2033
2087
2058
2108
2055
2091
2044
2093
2102
2087
2061
2072
2079
2062
2049
2020
2046
2026
2066
2039
2083
2091
2150
2130
2164
2120
2152
2152
2187
2161
2172
2183
2209
2218
2195
2189
2177
2209
2188
2218
2191
2227
2218
2244
2209
2237
2226
2233
2250
2247
2249
2262
2286
2275
2276
2247
2264
2231
2277
2217
2223
2174
2215
2171
2176
2130
2130
2115
2122
2101
2095
2099
2075
2123
2096
2127
2111
2175
2129
2188
2128
2184
2149
2202
2138
2165
2109
2118
2126
2113
2111
2107
2128
2096
2087
2045
2106
2064
2144
2107
2153
2109
2180
2131
2141
2090
2105
2095
2131
2086
2085
2088
2054
2081
2050
2074
2046
2085
2057
2093
2033
2049
2028
2085
2031
2050
2012
2035
2071
2077
2094
2084
2104
2100
2116
2086
2100
2053
2095
2086
2097
2055
2069
2043
2055
2039
2006
2009
2001
2014
1988
1984
1933
1976
1964
2002
1963
1985
1971
2009
2010
2006
1987
1992
2007
1987
1972
1940
1971
1955
1985
1929
1973
1949
2018
1985
2016
1951
1980
1966
1997
1959
1970
1958
1948
1983
1956
1988
1975
2022
1979
1998
1932
1975
1945
2016
1966
2020
1975
2000
2003
2000
1994
1989
1990
1975
1952
1909
1948
1902
1959
1907
1945
1887
1947
1906
1940
1901
1910
1875
1906
1861
1851
1827
1787
1822
1813
1820
1799
1855
1857
1920
1899
1938
1911
1966
1942
1961
1912
1909
1914
1922
1917
1898
1896
1900
1925
1895
1922
1885
1952
1961
1988
1946
1982
1973
1995
2008
2002
2005
2026
2058
2050
2085
2043
2089
2081
2121
2060
2097
2073
2095
2082
2065
2034
2052
2065
2067
2070
2078
2134
2118
2165
2106
2130
2075
2131
2087
2139
2086
2124
2111
2155
2110
2140
2128
2124
2134
2091
2094
2062
2114
2089
2124
2057
2085
2034
2073
2012
2037
1977
1985
1970
1983
1945
1951
1948
1965
1958
1936
1965
1931
1979
1950
1964
1890
1907
1839
1874
1825
1847
1818
1886
1907
1924
1954
1938
1977
1967
2015
1984
2005
1998
2043
2019
2036
1995
2012
2016
2016
1993
1979
1993
2003
2036
1993
2009
2009
2056
2052
2085
2040
2073
2067
2064
2003
1998
1979
1974
1987
1946
1923
1891
1931
1903
1921
1860
1886
1862
1917
1935
1907
1927
1970
1995
2021
1981
1997
1968
2008
1942
1963
1908
1956
1927
1979
1935
1960
1905
1915
1920
1902
1889
1891
1914
1899
1895
1875
1943
1917
1993
1950
2014
1984
2048
2035
2068
2033
2044
2042
2067
2026
2026
2008
1987
2038
2010
2029
1998
2063
2043
2090
2044
2079
2065
2123
2080
2089
2056
2071
2102
2077
2050
2018
2039
2018
2002
1956
1970
1947
1995
1960
1970
1932
1977
1970
1981
1979
1966
1989
2000
2003
1978
1993
1952
1992
1962
1998
1976
2029
2038
2084
2078
2094
2092
2124
2132
2129
2122
2101
2150
2120
2151
2113
2142
2107
2151
2126
2140
2095
2143
2117
2149
2108
2127
2129
2134
2165
2142
2160
2154
2205
2161
2216
2151
2203
2174
2219
2148
2170
2125
2146
2130
2123
2101
2121
2134
2136
2125
2092
2123
2093
2146
2105
2146
2113
2188
2136
2161
2083
2092
2067
2087
2033
2021
1985
1982
2018
2013
2029
2026
2066
2051
2103
2063
2100
2099
2143
2097
2102
2053
2046
2073
2062
2044
2035
2062
2063
2071
2078
2117
2106
2148
2118
2132
2086
2143
2140
2159
2154
2143
2150
2158
2148
2113
2123
2060
2097
2052
2085
2037
2096
2073
2120
2086
2103
2071
2116
2105
2110
2086
2078
2121
2118
2144
2113
2143
2152
2206
2170
2199
2135
2174
2133
2161
2087
2123
2090
2096
2095
2084
2077
2098
2131
2127
2159
2105
2168
2135
2174
2105
2142
2100
2133
2115
2138
2100
2139
2134
2126
2084
2054
2051
2038
2079
2055
2099
2077
2126
2090
2110
2056
2094
2079
2117
2084
2109
2111
2129
2160
2150
2172
2171
2218
2217
2252
2217
2228
2207
2244
2203
2225
2195
2203
2211
2200
2186
2163
2174
2163
2156
2105
2119
2075
2113
2083
2111
2066
2103
2099
2125
2117
2146
2146
2174
2157
2136
2139
2090
2130
2095
2125
2067
2100
2064
2109
2048
2073
2031
2075
2039
2053
2001
2014
2045
2058
2071
2043
2074
2076
2100
2072
2139
2085
2152
2116
2149
2094
2144
2093
2122
2087
2064
2024
2041
2040
2037
2036
1977
2032
2010
2053
1999
2047
2017
2080
2035
2058
2013
2068
2049
2076
2031
2057
2063
2076
2076
2054
2071
2070
2108
2093
2121
2082
2118
2098
2136
2097
2106
2056
2098
2093
2102
2093
2116
2131
2134
2145
2118
2147
2121
2150
2098
2100
2063
2065
2067
2076
2049
2060
2082
2103
2091
2085
2091
2081
2120
2080
2099
2075
2136
2136
2160
2120
2143
2149
2207
2175
2176
2167
2147
2167
2131
2132
2091
2126
2108
2132
2072
2121
2081
2141
2094
2130
2083
2107
2106
2110
2093
2095
2103
2115
2119
2085
2113
2066
2136
2094
2159
2121
2185
2143
2211
2165
2208
2180
2239
2215
2220
2199
2176
2210
2192
2206
2161
2183
2148
2192
2172
2199
2157
2201
2165
2198
2151
2154
2121
2100
2096
2075
2066
2050
2081
2071
2102
2062
2078
2090
2140
2110
2137
2125
2134
2139
2125
2092
2053
2067
2054
2047
1990
2013
2013
2077
2037
2067
2040
2094
2107
2106
2068
2054
2056
2050
2031
2006
2008
1947
1998
1947
1977
1930
1991
1980
2047
1980
1984
1967
2017
1986
1998
1993
1957
1999
2001
2031
2003
2031
2030
2075
2017
2058
2001
2073
2030
2067
2003
2038
2049
2079
2067
2061
2045
2062
2075
2043
2086
2017
2062
2005
2029
1957
1990
1914
1954
1873
1862
1796
1814
1798
1817
1818
1785
1793
1796
1826
1798
1829
1807
1852
1826
1863
1823
1886
1875
1908
1858
1891
1886
1920
1931
1926
1927
1942
1980
1990
2031
2000
2025
2003
2037
2002
2030
1993
2011
2000
1998
1963
1951
1958
1943
1946
1890
1915
1907
1940
1909
1954
1931
1994
2001
2024
1993
2020
2016
2036
2013
1993
1984
1936
1969
1933
1947
1896
1941
1898
1952
1915
1954
1939
2014
1982
2014
1993
1964
1983
1978
1986
1948
1983
1965
1985
1918
1954
1875
1943
1881
1927
1854
1893
1886
1927
1911
1939
1940
1990
2001
1984
2014
1978
2040
2022
2063
2013
2041
2008
2076
2020
2052
2006
2066
2034
2056
2045
2004
1974
1967
1961
1933
1935
1938
1958
1942
1966
1932
1976
1959
1992
1963
2004
1983
2007
2003
1987
1982
1981
1992
1966
2008
1981
2032
2017
2047
2013
2033
2019
2045
2039
2044
2029
2032
2044
2039
2051
2013
2024
2004
2058
2037
2066
2026
2081
2073
2095
2061
2082
2063
2107
2070
2074
2082
2076
2122
2091
2094
2051
2098
2036
2098
2019
2044
1989
2045
1976
2001
1949
1956
1965
1981
1963
1961
1973
1997
2020
1977
2022
1974
2063
2024
2068
2012
2072
2052
2124
2082
2122
2093
2161
2140
2156
2163
2134
2162
2168
2182
2155
2174
2149
2223
2174
2203
2166
2236
2212
2237
2217
2224
2234
2242
2229
2231
2230
2246
2276
2235
2252
2231
2273
2246
2254
2216
2220
2211
2243
2242
2234
2219
2246
2250
2238
2246
2210
2242
2207
2239
2201
2223
2192
2235
2220
2242
2228
2253
2245
2246
2233
2216
2224
2216
2249
2199
2200
2161
2203
2189
2228
2173
2207
2199
2258
2214
2210
2211
2218
2252
2220
2209
2171
2204
2147
2191
2126
2150
2122
2191
2110
2136
2097
2136
2129
2153
2136
2162
2189
2219
2208
2144
2162
2141
2204
2149
2173
2118
2169
2139
2198
2161
2195
2154
2198
2150
2152
2145
2133
2143
2135
2132
2111
2127
2076
2110
2058
2091
2063
2116
2087
2110
2085
2080
2064
2077
2058
2043
2013
2018
2039
2004
2030
1980
2019
2010
2051
2007
2023
2004
2015
2000
1990
1954
1957
1953
1951
1978
1961
2020
2035
2084
2046
2093
2074
2119
2090
2093
2044
2047
2024
2039
2048
1997
1976
1971
1988
1947
1964
1935
1978
1944
1986
1958
2031
2041
2122
2081
2117
2118
2165
2168
2152
2131
2139
2168
2143
2191
2140
2197
2163
2229
2168
2196
2152
2184
2185
2206
2181
2202
2207
2243
2238
2181
2199
2160
2215
2173
2207
2166
2233
2209
2252
2204
2242
2220
2267
2236
2256
2260
2244
2258
2260
2255
2221
2229
2207
2251
2212
2228
2184
2218
2190
2210
2190
2179
2177
2201
2203
2178
2174
2194
2205
2176
2186
2139
2185
2180
2192
2154
2188
2177
2207
2212
2210
2194
2202
2225
2218
2224
2174
2186
2163
2185
2129
2157
2129
2181
2172
2196
2150
2175
2172
2194
2202
2178
2188
2179
2215
2174
2196
2168
2216
2186
2235
2177
2223
2208
2261
2214
2226
2206
2208
2220
2210
2190
2181
2207
2162
2205
2139
2178
2125
2178
2093
2127
2070
2091
2059
2103
2063
2092
2088
2134
2154
2138
2156
2143
2194
2165
2178
2151
2195
2171
2217
2165
2212
2177
2227
2194
2210
2196
2191
2205
2213
2204
2184
2182
2154
2211
2168
2207
2177
2217
2200
2215
2167
2172
2165
2188
2175
2165
2162
2194
2213
2202
2231
2201
2257
2244
2258
2208
2251
2221
2234
2211
2199
2171
2205
2201
2195
2216
2180
2223
2212
2218
2150
2161
2123
2176
2141
2140
2095
2153
2147
2167
2174
2158
2164
2165
2189
2156
2175
2164
2197
2153
2196
2158
2233
2203
2241
2179
2216
2191
2221
2202
2223
2205
2222
2233
2209
2242
2197
2236
2227
2279
2226
2251
2212
2271
2237
2278
2243
2271
2234
2275
2245
2238
2218
2208
2220
2188
2190
2171
2195
2167
2212
2168
2197
2156
2205
2164
2171
2147
2145
2164
2170
2184
2189
2216
2211
2265
2223
2246
2211
2248
2215
2233
2215
2223
2212
2214
2191
2173
2170
2195
2199
2172
2207
2192
2255
2229
2259
2202
2247
2224
2262
2231
2246
2206
2246
2208
2197
2202
2175
2207
2206
2235
2212
2256
2220
2278
2214
2238
2177
2229
2181
2200
2167
2161
2155
2166
2174
2172
2178
2191
2228
2202
2250
2214
2291
2277
2328
2271
2318
2270
2326
2290
2317
2264
2307
2294
2282
2285
2240
2268
2248
2273
2227
2242
2190
2237
2190
2220
2154
2199
2172
2229
2214
2216
2200
2224
2248
2242
2244
2247
2273
2269
2307
2265
2297
2283
2332
2287
2300
2259
2290
2282
2285
2247
2242
2246
2244
2266
2226
2238
2215
2272
2240
2268
2246
2276
2257
2260
2223
2240
2233
2268
2283
2249
2241
2226
2242
2199
2192
2166
2182
2172
2202
2169
2209
2211
2282
2263
2271
2273
2249
2269
2245
2232
2191
2204
2159
2215
2177
2222
2181
2252
2221
2256
2238
2225
2219
2237
2226
2212
2203
2215
2240
2205
2240
2185
2254
2226
2282
2225
2262
2219
2244
2184
2175
2122
2129
2090
2077
2084
2038
2084
2089
2130
2099
2130
2092
2172
2144
2185
2111
2154
2127
2158
2134
2132
2137
2166
2204
2207
2214
2221
2242
2214
2244
2174
2234
2209
2255
2183
2227
2181
2234
2226
2245
2212
2237
2194
2207
2171
2201
2157
2195
2151
2172
2128
2154
2150
2172
2160
2172
2163
2190
2195
2183
2204
2162
2213
2198
2231
2205
2223
2185
2207
2184
2179
2148
2136
2148
2147
2154
2094
2110
2086
2144
2114
2136
2098
2109
2110
2124
2113
2108
2104
2132
2144
2115
2113
2063
2102
2046
2036
1963
1999
1971
2006
1963
1986
1964
2017
2003
2004
2007
1994
2037
2006
2001
1942
1957
1932
1948
1903
1942
1903
1979
1952
2007
1972
2007
2031
2036
2042
2037
2049
2055
2073
2042
2079
2006
2079
2037
2096
2050
2103
2066
2112
2064
2074
2041
2074
2059
2050
2050
2035
2076
2056
2086
2046
2094
2052
2099
2044
2080
2022
2076
2043
2082
2033
2077
2089
2111
2130
2121
2125
2111
2135
2091
2128
2049
2077
2046
2105
2041
2080
2041
2073
2062
2083
2060
2069
2082
2074
2065
2014
2025
1997
2044
1973
1995
1947
1983
1973
2018
1991
2036
2016
2071
2029
2038
2033
2039
2063
2050
2064
2066
2105
2096
2140
2094
2125
2115
2151
2100
2123
2070
2070
2079
2071
2048
2022
2021
2033
2019
1954
1957
1920
1966
1922
1940
1895
1916
1913
1959
1963
1990
2022
2075
2103
2114
2151
2133
2179
2163
2191
2151
2182
2171
2194
2158
2174
2150
2184
2159
2165
2183
2157
2180
2139
2127
2068
2081
2072
2103
2083
2106
2051
2089
2074
2100
2064
2078
2096
2118
2139
2130
2155
2155
2200
2170
2210
2142
2187
2151
2200
2130
2153
2118
2157
2140
2145
2115
2140
2151
2144
2155
2101
2123
2095
2127
2055
2074
2013
2048
2018
2040
1984
2023
1988
2035
1989
2016
2020
2038
2075
2075
2093
2080
2118
2103
2158
2095
2142
2086
2126
2072
2124
2104
2124
2117
2147
2123
2115
2116
2136
2149
2122
2141
2114
2165
2121
2141
2092
2131
2099
2132
2092
2121
2102
2144
2128
2119
2095
2071
2095
2093
2090
2066
2090
2083
2146
2116
2154
2130
2199
2185
2204
2176
2151
2171
2184
2186
2158
2162
2160
2193
2179
2208
2179
2236
2228
2257
2219
2224
2215
2229
2218
2191
2182
2195
2213
2194
2231
2210
2252
2222
2263
2209
2259
2240
2281
2240
2250
2212
2226
2223
2219
2228
2191
2212
2191
2206
2155
2178
2163
2195
2163
2191
2140
2171
2157
2180
2135
2155
2154
2154
2164
2146
2161
2135
2155
2090
2126
2069
2108
2061
2114
2043
2079
2045
2065
2048
2054
2018
2025
2025
2042
2028
1974
1973
1922
1971
1908
1925
1869
1925
1925
1990
1949
1997
1968
2034
2007
2012
2007
2022
2052
2045
2057
2024
2057
2012
2060
1992
2035
1986
2043
1975
1995
1957
1971
1978
2019
1992
1999
1999
2031
2043
1999
2005
1946
1985
1942
1951
1899
1959
1938
1998
1967
2034
2019
2081
2040
2067
2062
2047
2063
2051
2066
2062
2082
2055
2107
2078
2103
2049
2085
2051
2063
2007
1977
1953
1959
1943
1927
1922
1915
1926
1910
1923
1877
1930
1943
1978
1954
1997
1982
2006
2001
2007
1992
2006
2005
2002
2019
1963
1999
1992
2020
1959
1983
1938
1981
1979
2004
1976
2009
2011
2040
2055
2037
2041
2038
2063
2010
2031
2009
2025
1980
2019
1953
1983
1951
1991
1918
1927
1909
1911
1944
1909
1921
1885
1922
1864
1927
1852
1910
1861
1928
1874
1906
1896
1918
1922
1944
1923
1916
1916
1926
1918
1855
1883
1819
1899
1861
1914
1880
1987
1967
2041
1993
2029
1981
2030
1983
1974
1959
1927
1943
1935
1939
1904
1903
1856
1910
1853
1877
1828
1866
1835
1884
1875
1901
1890
1922
1904
1901
1888
1912
1943
1911
1917
1866
1904
1896
1917
1866
1910
1871
1907
1894
1883
1842
1873
1860
1859
1860
1845
1869
1873
1882
1828
1835
1816
1842
1827
1851
1825
1855
1866
1892
1882
1856
1845
1862
1885
1868
1889
1878
1909
1898
1914
1874
1886
1866
1880
1828
1814
1791
1797
1805
1790
1782
1751
1773
1745
1784
1753
1807
1805
1880
1863
1916
1907
1929
1922
1936
1897
1880
1850
1859
1835
1773
1762
1713
1756
1715
1747
1707
1785
1772
1832
1801
1862
1858
1927
1904
1938
1949
1937
1980
1975
1967
1914
1910
1850
1905
1829
1876
1811
1883
1838
1885
1863
1866
1867
1901
1892
1895
1895
1936
1955
1925
1945
1898
1965
1930
1972
1907
1974
1918
1983
1935
1963
1900
1947
1923
1925
1915
1896
1908
1891
1909
1863
1877
1855
1916
1871
1915
1861
1916
1881
1917
1875
1880
1856
1871
1861
1861
1849
1866
1875
1871
1922
1894
1944
1927
1962
1915
1941
1879
1892
1860
1867
1811
1799
1793
1792
1811
1795
1795
1789
1827
1821
1848
1834
1867
1871
1919
1909
1950
1952
1990
2000
1984
1987
1986
2016
2011
2009
1971
1973
1942
1960
1909
1914
1880
1927
1906
1935
1928
1934
1962
1958
1943
1916
1931
1911
1954
1891
1920
1884
1955
1912
1937
1934
1969
1979
2022
2012
2016
2003
2033
2019
1986
1994
1943
1976
1942
1960
1911
1966
1909
1963
1898
1904
1846
1889
1854
1853
1835
1814
1812
1823
1847
1824
1839
1803
1880
1852
1907
1871
1944
1915
1984
1966
1993
1960
2014
2010
2017
1986
1989
1983
1963
1975
1918
1938
1906
1960
1894
1982
1942
2006
1971
1999
1952
1991
1981
1992
1992
1967
1958
1948
1965
1930
1924
1899
1953
1933
1972
1912
1954
1921
1994
1962
1953
1914
1925
1929
1928
1915
1925
1953
1952
2006
1973
2020
2020
2082
2039
2065
2024
2067
2084
2124
2104
2133
2118
2105
2126
2094
2103
2076
2092
2059
2060
2029
2055
2041
2076
2044
2073
2059
2115
2124
2128
2132
2128
2166
2167
2178
2149
2178
2159
2208
2177
2195
2148
2182
2159
2177
2152
2147
2161
2169
2171
2141
2116
2074
2112
2069
2070
2011
2032
2001
2022
1992
2004
1976
2014
2003
2004
1990
2006
2021
2011
2031
1978
2013
1996
2051
1990
2050
1988
2017
1991
2004
1953
1964
1943
1942
1955
1918
1938
1949
1989
1963
1969
1927
1975
1935
1980
1920
1959
1923
1979
1947
1979
1990
2019
2038
2046
2028
2037
2047
2029
2068
1994
2033
1972
2027
1947
1984
1934
1957
1930
1965
1923
1956
1928
1937
1951
1925
1925
1918
1968
1959
1978
1968
2007
1992
2059
2033
2083
2059
2131
2097
2121
2108
2095
2105
2120
2130
2109
2140
2093
2149
2148
2191
2155
2198
2188
2213
2197
2193
2168
2169
2165
2159
2136
2106
2148
2143
2168
2121
2143
2130
2166
2158
2184
2151
2183
2182
2191
2181
2184
2204
2214
2230
2196
2217
2204
2237
2202
2241
2206
2224
2193
2221
2180
2180
2178
2173
2182
2152
2160
2144
2166
2136
2156
2122
2166
2132
2172
2110
2122
2076
2124
2094
2088
2059
2043
2060
2057
2044
2034
2041
1987
2013
1932
1958
1887
1952
1897
1953
1925
1959
1955
2023
2008
2051
2040
2073
2119
2095
2092
2038
2092
2094
2112
2064
2089
2009
2054
1988
1996
1929
1983
1921
1915
1889
1895
1918
1954
1961
1951
1980
1931
2014
1979
2017
1961
2031
2011
2064
2036
2070
2061
2130
2112
2126
2097
2108
2152
2136
2147
2110
2158
2144
2175
2123
2156
2097
2159
2117
2144
2102
2137
2134
2153
2143
2139
2127
2104
2100
2043
2055
2007
2046
2034
2060
2004
2024
2012
2059
2051
2054
2055
2088
2110
2099
2101
2078
2080
2041
2071
2009
2009
1989
2018
1993
2005
1977
2005
2031
2051
2036
2045
2062
2075
2106
2087
2094
2062
2104
2074
2082
2040
2038
2014
2048
2000
2004
1987
2016
2049
2041
2062
2032
2066
2054
2049
1991
2013
1969
2032
1974
2003
1948
2003
1977
1983
1964
1962
1976
2001
2018
2005
2048
2017
2083
2028
2055
1981
2054
2014
2056
2005
2023
1983
2052
2011
2031
1996
1974
2018
2001
2014
1976
2012
1994
2008
1967
2013
1954
2020
1988
2031
1977
2040
2033
2058
2037
2030
2000
2016
2022
2000
2015
1964
2017
2002
2050
1990
2023
1997
2042
2025
2055
2026
2061
2038
2034
1983
1960
1956
1927
1934
1884
1894
1861
1906
1888
1948
1923
1963
1964
1999
1963
1975
1962
1972
1982
1959
1949
1947
1967
1951
1948
1896
1908
1889
1935
1906
1930
1920
1964
1994
1998
1995
2009
2051
2049
2039
2019
2023
1979
2025
1972
2006
1965
2009
1992
2010
1987
2003
2006
2031
2020
2024
2046
2023
2042
2013
2053
2023
2076
2052
2093
2059
2094
2079
2141
2111
2133
2100
2114
2152
2132
2136
2099
2113
2099
2133
2103
2130
2071
2127
2090
2123
2053
2093
2076
2093
2066
2037
2008
2020
2028
2017
2034
1991
2048
2021
2079
2039
2102
2074
2130
2094
2122
2066
2107
2090
2109
2095
2126
2162
2156
2177
2136
2160
2136
2175
2125
2036
2068
2028
2076
2027
2087
2016
2062
1989
2006
1949
1997
1930
1937
1904
1915
1939
1936
1942
1933
1963
1973
2003
1979
2021
1965
2011
1969
1992
1931
1997
1973
1999
1978
1994
1996
2019
2023
2014
2028
1975
1993
1953
1988
1943
1965
1961
2008
1997
2020
2004
2060
2072
2094
2080
2072
2076
2071
2099
2061
2060
2035
2068
2054
2060
2030
2058
2059
2087
2059
2076
2064
2070
2090
2064
2074
2070
2096
2070
2106
2075
2086
2059
2094
2071
2073
2047
2058
2069
2041
2036
2023
2057
2039
2029
1992
2033
2003
2058
2019
2071
2050
2128
2114
2126
2109
2114
2123
2154
2169
2144
2146
2092
2150
2091
2134
2082
2146
2114
2181
2155
2194
2171
2233
2224
2256
2235
2238
2259
2231
2235
2185
2201
2166
2190
2160
2199
2126
2172
2120
2157
2107
2157
2136
2160
2158
2140
2139
2138
2140
2125
2165
2123
2194
2200
2256
2203
2242
2226
2277
2257
2293
2258
2289
2290
2310
2282
2274
2280
2279
2302
2248
2264
2231
2282
2243
2267
2212
2254
2256
2314
2274
2299
2297
2314
2315
2307
2289
2277
2294
2278
2298
2254
2278
2259
2293
2239
2258
2228
2239
2262
2278
2267
2274
2288
2304
2305
2276
2306
2280
2300
2266
2300
2254
2289
2251
2262
2233
2245
2245
2266
2251
2245
2254
2231
2281
2271
2291
2256
2304
2304
2330
2303
2315
2283
2329
2302
2313
2271
2269
2295
2294
2296
2255
2274
2267
2285
2235
2269
2217
2276
2241
2269
2222
2243
2209
2224
2206
2176
2173
2189
2207
2194
2237
2186
2242
2215
2273
2204
2229
2184
2236
2200
2213
2163
2212
2196
2218
2194
2187
2220
2203
2222
2168
2191
2162
2217
2191
2225
2172
2227
2205
2258
2196
2221
2177
2183
2164
2142
2125
2109
2116
2084
2113
2053
2085
2049
2117
2059
2118
2082
2134
2111
2140
2107
2105
2067
2077
2044
2020
2040
2009
2035
1996
2009
1959
2007
1987
2059
2012
2055
2032
2104
2083
2123
2128
2136
2160
2156
2177
2169
2187
2181
2191
2135
2140
2100
2141
2099
2099
2050
2070
2100
2120
2106
2111
2125
2131
2132
2098
2116
2088
2127
2093
2098
2036
2066
2031
2037
1977
1966
1949
1973
1955
1959
1973
1954
2008
2000
2032
2022
2072
2058
2099
2071
2091
2065
2102
2073
2067
2027
2012
2031
2019
2019
1993
2015
2012
2047
2023
2078
2021
2078
2048
2079
2031
2066
2029
2044
2029
2019
2015
2024
2051
2055
2061
2001
2064
2023
2070
2001
2028
1971
2018
1973
1995
1943
1986
1974
2003
1949
1954
1959
1975
1974
1958
1959
1966
1993
1982
2035
2005
2078
2031
2071
2000
2052
2011
2064
2023
2039
1996
2050
2049
2066
2088
2068
2100
2090
2121
2060
2073
2045
2073
2017
2033
1951
1985
1947
1971
1912
1949
1944
1960
1957
1947
1944
1966
1987
1951
1958
1905
1939
1918
1949
1913
1953
1942
1978
1979
2001
2005
2017
2028
2032
2032
1987
2008
1993
2024
1984
2009
1990
2031
2020
2037
2009
2016
2015
2031
1997
1986
1971
1957
1974
1952
1952
1933
1966
1942
1977
1947
1971
1955
2013
1994
1989
1991
1963
1990
1987
1990
1958
1984
1982
2046
2021
2070
2042
2095
2061
2083
2038
2036
2049
2057
2039
2020
2026
2036
2038
2010
2037
1980
2031
1998
2038
1980
2033
2011
2046
2020
2039
2013
2037
2043
2036
2057
2014
2051
2017
2044
1986
2017
1993
2068
2061
2097
2066
2142
2130
2177
2138
2164
2170
2164
2185
2171
2191
2175
2202
2160
2210
2147
2168
2119
2165
2094
2126
2068
2096
2061
2065
2026
2023
2011
2017
2012
1966
2001
1978
2025
1989
2026
1993
2046
2027
2057
2003
1991
1969
2001
1992
2008
2035
2007
2057
2031
2052
2019
2059
2002
2039
1984
1951
1882
1903
1870
1871
1859
1848
1880
1912
1927
1902
1937
1948
2008
1983
1979
1953
2000
1987
1992
1953
1952
1947
1941
1941
1918
1931
1931
1954
1931
1974
1951
2018
2019
2074
2046
2087
2086
2126
2129
2127
2118
2131
2134
2107
2092
2039
2050
2006
2013
1954
1969
1917
1951
1900
1901
1867
1888
1875
1915
1897
1925
1948
1960
2008
1991
2025
2005
2046
2023
2060
1991
2017
1976
2038
1974
2015
1991
2006
2013
1997
1976
1950
1977
1966
1984
1908
1929
1887
1956
1909
1946
1883
1932
1913
1940
1895
1913
1914
1950
1931
1935
1955
1940
1999
1967
1992
1945
1983
1955
1991
1908
1923
1851
1868
1782
1784
1740
1717
1718
1707
1694
1690
1716
1725
1779
1754
1811
1799
1888
1881
1919
1874
1915
1883
1904
1873
1889
1865
1898
1895
1866
1907
1874
1934
1954
2003
1964
1985
1947
1998
1962
1983
1951
1964
1943
1947
1912
1885
1895
1892
1900
1883
1891
1875
1919
1918
1933
1908
1943
1963
1991
1970
1980
1995
2017
2047
2034
2046
2047
2099
2065
2094
2063
2090
2079
2122
2091
2104
2109
2140
2142
2126
2116
2119
2134
2102
2106
2045
2079
2063
2125
2067
2102
2060
2141
2144
2158
2120
2145
2149
2188
2173
2176
2188
2150
2166
2122
2137
2077
2123
2058
2092
2031
2059
2032
2117
2062
2091
2084
2103
2131
2138
2142
2143
2169
2162
2167
2085
2118
2047
2098
2034
2077
2005
2015
1972
1992
1942
1958
1932
1967
1959
1965
1991
1965
2031
2023
2059
2000
2035
1993
2048
1994
2015
1968
2023
1998
2022
2019
2017
2037
2069
2080
2062
2061
2069
2084
2043
2053
1996
2022
1992
1993
1950
1975
1970
1992
1982
1985
1965
1994
2023
1989
2004
1958
1989
1976
1985
1927
1928
1898
1926
1912
1908
1873
1891
1910
1926
1943
1913
1944
1954
1994
1964
1999
1986
2039
2028
2044
1998
2006
1988
1996
1952
1930
1935
1923
1954
1926
1948
1925
1992
1986
2044
2014
2061
2057
2114
2089
2128
2107
2101
2123
2131
2139
2116
2133
2110
2107
2025
2039
1966
2008
1939
1961
1885
1917
1897
1935
1905
1926
1914
1959
1947
1973
2003
1984
2053
2039
2088
2046
2108
2072
2134
2072
2103
2057
2123
2087
2107
2080
2051
2071
2082
2080
2049
2055
2063
2103
2050
2096
2043
2131
2105
2146
2098
2146
2138
2163
2141
2148
2130
2129
2125
2085
2097
2024
2052
2011
2036
1964
1985
1952
2007
1976
2003
1984
2037
2044
2069
2045
2021
2019
2024
2040
2021
2039
2015
2069
2058
2084
2044
2076
2059
2104
2054
2062
2028
2020
2023
2013
2007
2002
2030
2015
2053
2018
2038
2019
2070
2038
2054
2041
2049
2059
2068
2034
2019
2016
2033
2024
1984
1983
1941
1995
1950
1945
1891
1927
1933
1974
1947
1943
1921
1933
1919
1919
1922
1883
1927
1902
1922
1886
1935
1900
1960
1917
1943
1917
1955
1928
1949
1925
1913
1949
1947
1957
1926
1964
1948
2005
1990
2023
1979
2036
2001
2029
1955
1952
1936
1951
1959
1925
1927
1915
1931
1888
1932
1876
1902
1873
1938
1887
1934
1897
1933
1906
1929
1906
1934
1933
1972
1971
1946
1975
1967
2034
1990
2025
1962
2002
1976
2019
1947
1976
1951
2011
1959
1996
1987
1983
2012
2010
2007
1990
2006
1973
2016
1962
1981
1931
1992
1958
1963
1937
1939
1950
1994
1972
1969
1971
2000
2023
2008
2021
1984
2042
2022
2028
1980
2007
1987
2029
2007
2015
1986
2011
1995
2011
2032
2032
2067
2075
2083
2049
2088
2084
2135
2101
2108
2074
2126
2128
2136
2116
2094
2104
2108
2131
2099
2107
2101
2123
2107
2142
2110
2135
2128
2165
2127
2134
2115
2126
2154
2149
2144
2132
2150
2095
2128
2080
2102
2068
2112
2055
2092
2069
2104
2092
2105
2078
2074
2072
2083
2084
2030
2039
2011
2034
1978
1995
1942
1994
1976
2032
1990
2014
1994
2055
2011
2007
2005
2001
2039
2010
2004
1959
1979
1939
2010
1957
2010
1971
2035
1992
2042
1993
2005
1998
2018
1991
1998
1981
2001
2024
1986
2024
1986
2063
2028
2070
2015
2075
2035
2085
2018
2065
2026
2085
2050
2053
2041
2004
2008
1997
1990
1942
1947
1922
1975
1924
1964
1930
1995
1981
2037
2043
2057
2041
2065
2068
2061
2062
2078
2080
2063
2082
2013
2030
1997
2022
1983
2030
2000
2036
2035
2050
2039
2056
2071
2084
2110
2078
2085
2106
2140
2080
2085
2061
2087
2078
2088
2040
2039
2013
2008
1998
1964
1963
1962
2010
1990
2021
2017
2079
2096
2146
2112
2142
2115
2135
2095
2129
2122
2125
2164
2147
2147
2123
2147
2115
2183
2129
2174
2132
2208
2155
2175
2151
2169
2164
2196
2157
2154
2140
2158
2158
2111
2125
2055
2097
2057
2082
2043
2130
2098
2167
2110
2155
2105
2163
2118
2127
2113
2097
2121
2139
2160
2146
2159
2128
2208
2158
2137
2162
2125
2147
2104
2170
2136
2196
2145
2188
2158
2215
2157
2184
2183
2188
2219
2238
2230
2225
2238
2205
2260
2216
2237
2202
2270
2236
2254
2208
2218
2207
2224
2191
2187
2177
2201
2209
2187
2206
2169
2199
2177
2195
2168
2207
2185
2220
2183
2192
2175
2221
2207
2207
2215
2212
2231
2235
2255
2226
2248
2228
2267
2245
2269
2234
2267
2257
2286
2287
2270
2255
2248
2245
2202
2161
2120
2093
2047
2055
1987
1993
1984
2022
1991
2030
2025
2052
2082
2079
2071
2061
2096
2075
2102
2047
2083
2050
2091
2028
2058
2022
2062
2063
2086
2067
2100
2107
2130
2131
2090
2093
2074
2128
2092
2111
2068
2121
2085
2136
2081
2117
2091
2142
2092
2122
2108
2085
2094
2079
2061
2030
2048
1996
2068
1995
2043
1996
2080
2046
2107
2087
2130
2119
2163
2122
2134
2111
2133
2141
2130
2136
2094
2121
2092
2110
2031
2054
2008
2077
2039
2057
2003
2067
2061
2093
2078
2066
2086
2107
2131
2127
2133
2110
2172
2151
2190
2146
2188
2188
2227
2192
2185
2161
2183
2203
2192
2175
2163
2184
2184
2221
2188
2203
2179
2242
2199
2204
2167
2171
2175
2157
2123
2115
2121
2079
2108
2051
2085
2059
2111
2071
2085
2054
2062
2041
2066
2034
2032
2024
2048
2046
2020
2053
2038
2103
2086
2127
2088
2098
2062
2098
2060
2078
2021
2053
2037
2050
2061
2036
2067
2098
2125
2107
2143
2126
2211
2184
2247
2193
2245
2228
2258
2219
2208
2189
2214
2197
2178
2152
2152
2164
2135
2142
2072
2123
2085
2137
2060
2108
2052
2105
2073
2099
2057
2080
2051
2051
2052
2020
2027
2023
2054
2021
2034
1991
2051
2009
2042
1971
2010
1983
2030
1998
1979
1952
1964
1974
1972
1959
1950
1990
1980
2027
1979
2022
1982
2036
1974
2019
1972
2011
1981
2008
1976
2001
1998
2017
2035
2022
2032
2026
2060
2042
2056
2037
2068
2057
2101
2059
2073
2050
2102
2078
2067
2051
2050
2062
2068
2060
2049
2063
2027
2071
2027
2039
2016
2069
2038
2072
2055
2062
2068
2100
2090
2085
2089
2069
2104
2061
2070
2021
2082
2068
2083
2056
2057
2039
2070
2053
2055
2039
2059
2056
2044
2054
2036
2078
2066
2090
2054
2093
2057
2119
2101
2134
2106
2156
2135
2122
2115
2093
2105
2104
2130
2096
2114
2080
2143
2113
2153
2095
2139
2101
2128
2097
5835
2271
2248
2241
2248
2246
2259
2269
2268
2267
2268
2251
2244
2239
2232
2240
2243
2238
2249
2252
2266
2268
2271
2269
2259
2254
2252
2272
2272
2267
2264
2263
2255
2243
2230
2229
2225
2227
2214
2209
2210
2213
2208
2216
2213
2211
2206
2203
2182
2181
2162
2133
2129
2130
2126
2114
2113
2127
2122
2140
2143
2136
2134
2119
2117
2118
2121
2131
2135
2138
2132
2142
2136
2132
2126
2124
2121
2118
2123
2114
2105
2105
2091
2079
2073
2072
2078
2100
2121
2133
2134
2132
2124
2123
2132
2155
2162
2155
2158
2148
2124
2112
2105
2099
2086
2073
2067
2053
2054
2039
2051
2044
2052
2046
2050
2054
2055
2054
2055
2051
2059
2052
2062
2053
2046
2051
2037
2041
2043
2044
2050
2046
2055
2055
2054
2060
2073
2091
2100
2111
2129
2144
2141
2147
2139
2132
2134
2115
2109
2105
2100
2097
2105
2094
2085
2066
2053
2024
2001
1995
1993
1997
1990
1999
1999
1992
2003
2015
2034
2050
2059
2060
2070
2064
2043
2039
2020
2019
2024
2031
2036
2025
2009
2011
1990
1993
1994
1989
1981
1957
1936
1919
1911
1885
1865
1837
1823
1818
1817
1816
1811
1805
1807
1823
1835
1848
1866
1881
1879
1888
1902
1928
1942
1937
1945
1949
1939
1929
1908
1901
1887
1885
1857
1828
1817
1816
1837
1819
1826
1825
1853
1860
1896
1904
1914
1911
1906
1891
1891
1885
1886
1886
1887
1870
1877
1879
1878
1883
1906
1925
1932
1939
1957
1967
1957
1957
1939
1931
1923
1920
1917
1919
1913
1938
1967
1999
2029
2040
2037
2048
2058
2063
2061
2051
2047
2035
2033
2023
2033
2041
2037
2046
2048
2056
2060
2082
2089
2081
2085
2096
2115
2115
2128
2129
2127
2134
2134
2118
2116
2108
2115
2121
2135
2143
2164
2173
2169
2174
2180
2165
2166
2163
2167
2174
2180
2193
2194
2201
2197
2176
2169
2154
2118
2094
2079
2063
2043
2042
2035
2041
2046
2024
2024
2009
2014
2008
2010
2016
2012
2022
2035
2036
2037
2056
2076
2102
2111
2137
2138
2147
2149
2156
2145
2143
2144
2152
2156
2152
2171
2187
2217
2210
2213
2214
2231
2232
2234
2206
2197
2185
2171
2154
2135
2128
2121
2115
2131
2143
2142
2140
2140
2147
2148
2155
2173
2187
2200
2212
2225
2236
2239
2246
2250
2260
2253
2255
2256
2237
2215
2211
2214
2206
2194
2194
2188
2172
2159
2142
2155
2160
2155
2149
2154
2160
2170
2191
2199
2197
2176
2173
2160
2149
2137
2122
2117
2102
2087
2076
2076
2081
2090
2084
2077
2086
2079
2087
2087
2078
2068
2067
2053
2035
2024
2019
2023
2043
2055
2069
2082
2077
2094
2082
2064
2063
2080
2095
2105
2103
2109
2109
2121
2115
2129
2146
2136
2145
2146
2147
2150
2157
2167
2163
2164
2176
2182
2202
2196
2188
2191
2181
2162
2145
2122
2104
2084
2089
2086
2083
2101
2099
2091
2099
2112
2118
2128
2128
2141
2138
2133
2114
2101
2093
2102
2090
2100
2104
2104
2128
2150
2158
2174
2189
2190
2177
2155
2154
2158
2161
2158
2160
2166
2165
2176
2191
2199
2201
2183
2173
2156
2156
2149
2152
2140
2144
2139
2128
2127
2131
2149
2154
2147
2152
2167
2173
2187
2201
2220
2239
2250
2251
2259
2269
2259
2250
2229
2202
2195
2176
2160
2164
2155
2168
2192
2201
2214
2226
2246
2244
2234
2239
2236
2230
2234
2242
2241
2241
2253
2258
2267
2262
2251
2242
2250
2242
2244
2232
2216
2181
2163
2141
2123
2104
2082
2078
2095
2104
2121
2133
2126
2134
2138
2157
2182
2188
2194
2183
2170
2158
2158
2134
2117
2110
2107
2097
2096
2104
2111
2115
2118
2134
2137
2124
2107
2094
2092
2080
2068
2047
2044
2037
2034
2048
2050
2058
2068
2075
2081
2091
2096
2091
2092
2100
2090
2079
2091
2066
2047
2026
2013
1998
1977
1967
1957
1954
1949
1958
1979
2004
2029
2055
2080
2091
2095
2097
2114
2116
2121
2123
2112
2092
2082
2072
2051
2050
2044
2038
2037
2045
2048
2056
2065
2098
2129
2159
2169
2169
2169
2184
2201
2210
2186
2164
2168
2179
2185
2192
2199
2212
2211
2198
2198
2195
2205
2214
2236
2249
2262
2270
2272
2273
2284
2282
2301
2302
2300
2287
2290
2269
2277
2281
2285
2270
2260
2240
2226
2194
2177
2168
2189
2171
2166
2158
2139
2134
2134
2128
2132
2132
2148
2152
2152
2142
2144
2164
2185
2193
2189
2200
2199
2196
2187
2191
2192
2173
2141
2122
2115
2118
2107
2104
2094
2115
2144
2163
2167
2176
2182
2177
2151
2139
2124
2114
2114
2109
2104
2104
2127
2143
2143
2154
2161
2139
2123
2108
2114
2098
2084
2061
2055
2058
2067
2083
2106
2113
2131
2143
2144
2133
2131
2129
2108
2095
2084
2075
2061
2059
2050
2045
2046
2042
2041
2050
2038
2011
1996
1987
1970
1962
1959
1963
1974
1979
1991
1998
2005
2009
2018
2013
2022
2021
2016
2015
2022
2015
2004
2001
2001
1999
2009
2025
2029
2013
2004
1989
1984
1973
1964
1955
1939
1951
1979
1977
2001
2009
2014
1996
1983
1970
1969
1959
1955
1956
1969
1983
1998
2014
2013
1989
1987
1979
1966
1976
1976
1992
1987
1976
1977
1969
1974
1986
1963
1945
1918
1872
1842
1818
1801
1791
1786
1800
1819
1844
1860
1878
1906
1915
1907
1898
1899
1908
1911
1924
1926
1912
1903
1891
1873
1875
1873
1877
1871
1892
1917
1943
1954
1979
1988
1986
1973
1985
1991
1992
2007
2015
2031
2053
2070
2084
2110
2121
2135
2134
2142
2131
2119
2105
2092
2086
2070
2056
2064
2082
2094
2122
2130
2152
2155
2175
2169
2156
2152
2152
2148
2128
2124
2123
2121
2109
2109
2107
2098
2098
2109
2110
2130
2122
2126
2121
2103
2085
2057
2028
2009
1980
1957
1958
1960
1963
1961
1931
1920
1919
1921
1922
1916
1917
1904
1900
1878
1847
1816
1800
1806
1813
1815
1839
1871
1901
1919
1930
1940
1944
1943
1948
1962
1962
1967
1970
1993
2004
2012
2007
2013
2016
2010
2003
1996
1993
1988
1987
2003
2008
2011
2022
2048
2062
2062
2053
2058
2052
2024
2009
2004
1982
1953
1911
1877
1842
1827
1817
1825
1824
1843
1864
1864
1865
1876
1882
1876
1888
1917
1933
1947
1942
1938
1939
1929
1916
1903
1912
1918
1905
1887
1865
1851
1851
1856
1879
1894
1915
1936
1967
1982
2000
2003
2023
2033
2037
2039
2048
2056
2066
2069
2074
2071
2054
2044
2033
2027
2029
2031
2045
2058
2056
2063
2074
2093
2110
2114
2115
2100
2079
2071
2059
2049
2032
2019
1995
1978
1970
1946
1931
1915
1909
1919
1928
1929
1932
1934
1947
1961
1985
1986
1981
1974
1971
1957
1966
1972
1976
1967
1969
1976
1992
2023
2055
2063
2076
2090
2114
2124
2113
2116
2121
2132
2124
2121
2134
2141
2144
2136
2141
2147
2167
2158
2159
2161
2155
2161
2158
2159
2158
2175
2183
2198
2197
2198
2211
2212
2212
2198
2191
2170
2144
2115
2123
2125
2138
2133
2134
2127
2128
2115
2119
2115
2125
2119
2128
2111
2098
2098
2090
2066
2056
2026
1997
1990
1987
2006
2001
1993
1998
2013
2018
2019
2019
2026
2028
2040
2063
2074
2067
2071
2067
2065
2037
2028
2024
2026
2031
2036
2059
2075
2099
2121
2131
2129
2147
2156
2148
2163
2177
2191
2183
2189
2192
2184
2190
2176
2155
2128
2114
2109
2098
2078
2075
2086
2088
2091
2083
2081
2088
2086
2086
2093
2102
2125
2152
2164
2179
2180
2193
2212
2225
2208
2184
2159
2151
2125
2096
2096
2087
2075
2077
2070
2080
2102
2117
2145
2158
2187
2199
2205
2199
2193
2180
2178
2166
2167
2162
2156
2161
2158
2148
2135
2130
2126
2114
2109
2114
2105
2112
2121
2124
2102
2093
2096
2113
2109
2118
2115
2140
2163
2164
2188
2206
2227
2234
2246
2250
2250
2239
2242
2235
2232
2224
2214
2211
2198
2201
2203
2180
2162
2143
2143
2124
2107
2102
2116
2124
2143
2144
2141
2145
2163
2183
2178
2180
2183
2180
2174
2160
2145
2132
2131
2128
2120
2119
2105
2093
2076
2063
2052
2053
2048
2040
2031
2035
2044
2063
2075
2101
2088
2095
2098
2108
2112
2126
2136
2133
2135
2128
2111
2097
2081
2062
2055
2049
2046
2043
2051
2065
2078
2081
2078
2067
2069
2063
2058
2053
2050
2068
2077
2081
2064
2061
2052
2062
2070
2063
2063
2063
2071
2095
2119
2139
2143
2142
2145
2148
2142
2142
2131
2140
2134
2138
2137
2141
2149
2156
2149
2164
2171
2187
2191
2180
2171
2144
2124
2099
2094
2082
2071
2075
2091
2109
2123
2136
2151
2153
2176
2187
2192
2192
2199
2205
2210
2212
2211
2208
2199
2171
2146
2131
2121
2118
2115
2124
2121
2116
2127
2131
2144
2153
2156
2160
2139
2120
2106
2092
2082
2075
2080
2094
2106
2129
2138
2152
2166
2179
2189
2202
2220
2224
2219
2225
2237
2248
2246
2248
2253
2232
2232
2225
2209
2213
2215
2205
2224
2217
2234
2246
2258
2256
2249
2227
2202
2178
2165
2140
2121
2099
2079
2062
2057
2061
2072
2092
2104
2114
2122
2144
2152
2162
2165
2168
2158
2148
2129
2094
2065
2042
2013
2009
2018
2030
2039
2042
2056
2060
2086
2107
2119
2118
2111
2100
2070
2053
2033
2015
1981
1953
1927
1920
1945
1966
1965
1967
1987
1984
2001
2021
2036
2039
2044
2049
2054
2043
2036
2034
2055
2055
2046
2044
2039
2044
2047
2034
2038
2050
2058
2079
2088
2096
2092
2099
2089
2076
2058
2040
2010
1987
1950
1924
1923
1914
1897
1889
1875
1875
1863
1855
1855
1833
1830
1828
1836
1857
1864
1887
1913
1903
1904
1890
1894
1890
1908
1919
1935
1947
1952
1957
1984
1998
2010
2021
2045
2045
2044
2064
2075
2082
2075
2081
2069
2051
2024
2004
1980
1967
1945
1923
1909
1913
1913
1920
1923
1946
1969
1994
2004
2016
2035
2051
2070
2066
2059
2041
2028
2008
2009
2006
2011
2000
1992
1987
1967
1952
1937
1943
1959
1979
2004
2021
2030
2033
2023
2012
2016
2025
2038
2029
2016
2001
1979
1955
1940
1921
1912
1869
1843
1842
1839
1844
1856
1886
1913
1935
1946
1967
1995
2023
2050
2054
2048
2039
2037
2031
2027
2030
2022
2031
2029
2041
2039
2025
2018
2019
2009
1981
1960
1929
1921
1918
1931
1932
1930
1917
1929
1950
1970
1975
1990
2002
1990
1987
1986
1972
1953
1954
1966
1965
1982
2002
2004
2018
2014
2014
2012
2007
1998
1997
2000
1996
2010
2019
2027
2028
2036
2053
2060
2064
2073
2068
2064
2042
2038
2037
2039
2043
2040
2037
2029
2023
2027
2034
2034
2052
2058
2046
2043
2052
2038
2037
2008
1981
1977
1963
1965
1971
1966
1953
1950
1959
1979
1993
2008
2018
2033
2043
2067
2082
2096
2086
2096
2090
2101
2114
2138
2147
2177
2191
2192
2201
2191
2169
2150
2165
2155
2160
2169
2188
2195
2217
2223
2244
2256
2266
2255
2263
2261
2280
2280
2284
2294
2286
2279
2278
2293
2301
2312
2315
2301
2291
2288
2262
2254
2238
2245
2246
2252
2255
2263
2273
2275
2264
2258
2252
2251
2238
2237
2224
2214
2215
2227
2242
2251
2258
2256
2236
2235
2219
2216
2220
2221
2213
2211
2216
2224
2220
2231
2238
2239
2227
2234
2246
2243
2244
2238
2250
2251
2230
2216
2201
2182
2186
2174
2157
2153
2147
2136
2148
2153
2171
2186
2205
2214
2219
2222
2218
2206
2196
2195
2189
2184
2169
2160
2159
2157
2182
2196
2172
2149
2130
2125
2118
2115
2100
2096
2103
2096
2082
2067
2055
2065
2083
2072
2078
2093
2106
2102
2091
2063
2046
2032
2019
2022
2008
1987
1977
1976
1994
2001
2007
2001
2002
2003
1985
1987
1970
1977
1969
1956
1964
1989
1999
2040
2070
2082
2089
2097
2088
2092
2070
2049
2016
2002
1985
1963
1967
1962
1953
1965
1967
1967
1978
1972
1981
1994
2019
2041
2064
2083
2106
2130
2149
2152
2154
2164
2172
2168
2157
2156
2146
2144
2142
2139
2141
2139
2158
2171
2179
2202
2230
2235
2252
2247
2243
2238
2237
2222
2214
2210
2201
2189
2186
2193
2193
2199
2210
2234
2243
2251
2264
2269
2281
2273
2286
2275
2271
2268
2238
2235
2222
2222
2228
2218
2215
2203
2199
2185
2176
2174
2178
2176
2180
2186
2188
2174
2164
2171
2178
2174
2151
2157
2172
2177
2173
2186
2178
2176
2174
2180
2176
2179
2182
2195
2196
2196
2180
2184
2180
2178
2190
2196
2184
2184
2173
2177
2192
2194
2186
2190
2206
2227
2230
2229
2239
2247
2237
2243
2237
2232
2239
2249
2236
2217
2214
2210
2200
2200
2184
2160
2156
2155
2152
2154
2144
2134
2128
2103
2080
2066
2057
2048
2048
2037
2039
2045
2054
2084
2102
2127
2151
2170
2167
2166
2173
2180
2183
2201
2198
2204
2199
2202
2206
2207
2220
2231
2225
2223
2214
2194
2199
2202
2196
2198
2199
2202
2204
2211
2215
2204
2195
2181
2180
2174
2181
2177
2193
2206
2208
2223
2244
2269
2290
2296
2305
2294
2281
2274
2262
2265
2245
2250
2235
2236
2236
2242
2257
2262
2247
2245
2232
2224
2207
2193
2180
2164
2148
2144
2154
2168
2158
2163
2168
2165
2174
2167
2172
2174
2172
2177
2188
2201
2196
2203
2215
2218
2210
2216
2216
2211
2202
2195
2194
2202
2209
2226
2237
2253
2256
2248
2249
2254
2269
2266
2270
2283
2300
2298
2311
2307
2294
2297
2301
2292
2279
2266
2268
2260
2243
2234
2226
2239
2227
2214
2199
2186
2173
2171
2170
2168
2139
2138
2161
2174
2204
2236
2255
2259
2267
2272
2268
2262
2246
2240
2242
2223
2215
2211
2223
2215
2197
2211
2219
2228
2232
2223
2233
2244
2251
2265
2272
2275
2266
2250
2220
2198
2186
2187
2192
2191
2200
2195
2213
2223
2237
2231
2223
2209
2219
2204
2201
2181
2168
2162
2163
2168
2170
2167
2178
2188
2196
2220
2240
2258
2274
2294
2324
2339
2347
2348
2342
2343
2334
2330
2292
2274
2266
2253
2245
2239
2224
2215
2221
2205
2198
2186
2182
2172
2180
2173
2165
2165
2168
2176
2187
2196
2211
2227
2248
2264
2260
2268
2271
2280
2277
2290
2296
2305
2299
2300
2301
2299
2282
2263
2244
2243
2234
2218
2209
2200
2196
2205
2200
2213
2213
2222
2224
2216
2226
2228
2223
2219
2216
2223
2223
2225
2235
2229
2229
2212
2199
2194
2186
2202
2205
2212
2214
2226
2240
2253
2260
2267
2258
2259
2234
2213
2194
2175
2164
2156
2165
2166
2188
2200
2210
2217
2214
2208
2193
2187
2199
2197
2199
2204
2206
2221
2215
2211
2209
2211
2218
2206
2206
2192
2183
2169
2147
2114
2093
2072
2073
2086
2093
2099
2120
2129
2137
2136
2138
2124
2124
2124
2129
2124
2134
2131
2137
2147
2177
2200
2235
2251
2253
2267
2257
2259
2246
2255
2256
2253
2246
2252
2254
2274
2271
2278
2261
2263
2263
2276
2281
2263
2257
2234
2213
2184
2179
2166
2170
2163
2153
2160
2159
2178
2194
2211
2226
2221
2215
2223
2226
2195
2189
2185
2187
2182
2177
2160
2155
2138
2132
2127
2136
2126
2138
2140
2140
2140
2144
2140
2131
2134
2130
2116
2108
2111
2115
2110
2111
2111
2093
2079
2051
2034
2018
2012
2015
2013
2002
2008
2023
2033
2036
2042
2026
2000
1962
1928
1906
1897
1878
1884
1885
1902
1909
1944
1978
2003
2029
2048
2049
2039
2033
2027
2003
2011
2026
2042
2052
2053
2077
2080
2099
2088
2085
2066
2062
2061
2061
2048
2037
2031
2020
2025
2042
2067
2080
2091
2097
2104
2102
2099
2087
2077
2083
2082
2080
2071
2093
2105
2129
2130
2130
2134
2124
2111
2106
2104
2097
2091
2084
2080
2083
2076
2078
2059
2051
2042
2034
2036
2038
2035
2035
2027
2023
2002
1997
1973
1957
1942
1934
1946
1952
1964
1994
2015
2037
2052
2072
2080
2088
2088
2101
2105
2089
2090
2079
2100
2130
2149
2156
2141
2131
2111
2101
2073
2071
2051
2032
1999
1995
1986
1969
1956
1939
1936
1924
1912
1891
1892
1893
1895
1914
1946
1973
2014
2052
2097
2123
2162
2191
2210
2217
2223
2233
2232
2215
2200
2205
2216
2205
2194
2171
2167
2170
2174
2167
2163
2156
2145
2141
2120
2109
2108
2105
2092
2090
2074
2066
2076
2093
2095
2105
2135
2151
2169
2181
2196
2206
2221
2220
2207
2188
2181
2182
2162
2146
2143
2135
2131
2142
2140
2137
2123
2099
2109
2096
2099
2084
2075
2056
2059
2041
2037
2036
2026
2019
2002
1993
1995
2005
2016
2033
2055
2061
2071
2072
2074
2072
2069
2089
2091
2096
2099
2104
2115
2107
2100
2104
2101
2099
2095
2109
2113
2108
2100
2111
2115
2122
2133
2125
2132
2119
2110
2102
2116
2122
2126
2121
2112
2105
2096
2095
2091
2092
2087
2102
2118
2123
2126
2140
2149
2180
2194
2206
2223
2215
2214
2208
2209
2211
2189
2166
2174
2168
2174
2170
2183
2193
2199
2223
2233
2235
2231
2239
2230
2217
2205
2202
2205
2215
2239
2260
2280
2283
2300
2306
2313
2306
2294
2280
2260
2263
2251
2234
2240
2237
2222
2206
2195
2195
2183
2169
2174
2165
2168
2173
2154
2149
2148
2154
2157
2153
2150
2149
2146
2144
2152
2153
2153
2143
2135
2115
2116
2110
2096
2096
2094
2093
2097
2085
2092
2087
2088
2078
2063
2062
2044
2017
2000
1968
1930
1898
1876
1879
1877
1895
1915
1942
1973
1994
2006
2032
2043
2065
2083
2097
2096
2071
2060
2063
2051
2046
2039
2053
2046
2035
2008
1983
1973
1977
1978
1974
1963
1971
1974
1975
1985
1981
1970
1955
1958
1934
1915
1910
1938
1954
1974
1987
1998
2020
2046
2071
2080
2083
2086
2087
2070
2082
2089
2082
2076
2077
2080
2077
2060
2040
2016
1987
1945
1924
1914
1908
1903
1893
1878
1868
1874
1883
1889
1902
1928
1938
1943
1941
1935
1938
1950
1962
1971
1997
2006
2006
2009
2004
2007
2008
2027
2030
2043
2037
2042
2046
2045
2049
2050
2063
2048
2041
2042
2046
2064
2047
2033
2040
2042
2053
2065
2064
2079
2080
2066
2052
2020
1999
1986
1965
1952
1961
1955
1954
1963
1955
1948
1932
1911
1911
1915
1899
1890
1900
1925
1944
1961
1966
1961
1952
1945
1932
1932
1912
1913
1908
1896
1906
1903
1894
1925
1964
1985
2006
2035
2050
2056
2048
2016
2000
1978
1981
1973
1970
1953
1927
1908
1916
1909
1911
1881
1869
1866
1867
1884
1916
1932
1939
1935
1947
1953
1953
1954
1957
1950
1951
1954
1944
1943
1931
1933
1935
1929
1922
1897
1882
1876
1867
1856
1850
1844
1848
1855
1874
1867
1856
1840
1836
1835
1843
1834
1832
1840
1845
1848
1855
1852
1841
1831
1829
1835
1839
1847
1869
1888
1895
1898
1886
1867
1853
1841
1824
1819
1802
1786
1777
1772
1756
1750
1747
1760
1774
1787
1818
1831
1859
1875
1884
1894
1890
1873
1850
1827
1798
1794
1791
1783
1761
1746
1735
1739
1729
1737
1739
1748
1770
1801
1833
1868
1895
1916
1933
1920
1927
1903
1885
1871
1860
1848
1845
1844
1851
1852
1847
1841
1864
1877
1884
1879
1872
1873
1878
1889
1902
1918
1929
1935
1935
1940
1948
1958
1969
1975
1969
1963
1948
1942
1926
1921
1910
1890
1883
1877
1871
1850
1860
1864
1878
1895
1901
1906
1901
1899
1896
1877
1862
1865
1861
1857
1852
1847
1845
1857
1852
1882
1897
1912
1919
1926
1931
1923
1926
1923
1901
1874
1846
1835
1812
1813
1803
1803
1801
1795
1792
1793
1771
1777
1807
1831
1862
1882
1914
1940
1971
1974
1984
1973
1994
2000
2007
1999
1994
1975
1968
1970
1957
1954
1941
1927
1931
1927
1924
1925
1923
1916
1908
1919
1936
1942
1921
1917
1936
1939
1949
1959
1958
1969
1968
1975
1992
2014
2024
2022
2011
1998
1988
1977
1980
1977
1969
1966
1958
1951
1948
1938
1948
1941
1932
1916
1892
1871
1861
1861
1854
1834
1840
1864
1876
1881
1899
1895
1906
1909
1928
1938
1959
1970
1976
1986
2005
2015
2019
2021
1998
1995
1984
1975
1967
1955
1952
1955
1955
1972
1989
2011
2018
2035
2033
2030
2018
2014
1997
1985
1986
1971
1958
1960
1954
1944
1952
1951
1963
1969
1958
1947
1947
1937
1945
1939
1933
1931
1928
1917
1929
1935
1945
1961
1976
2002
2019
2036
2071
2093
2090
2105
2128
2141
2147
2150
2145
2137
2135
2129
2124
2116
2102
2096
2083
2057
2033
2042
2038
2027
2039
2057
2085
2097
2100
2123
2143
2160
2182
2204
2215
2215
2228
2222
2235
2232
2232
2218
2206
2210
2192
2182
2177
2167
2159
2157
2142
2122
2085
2062
2056
2043
2041
2032
2020
2016
2011
2007
2004
2007
2011
1991
2007
1998
1982
1967
1965
1969
1979
1974
1979
1984
1973
1983
1977
1974
1971
1953
1929
1903
1878
1871
1868
1872
1883
1886
1903
1907
1889
1896
1909
1919
1936
1938
1950
1951
1950
1951
1963
1983
1986
2001
2024
2031
2041
2051
2043
2038
2021
2015
2000
1981
1967
1951
1932
1925
1903
1885
1885
1892
1888
1890
1898
1909
1926
1942
1952
1964
1963
1968
1987
2015
2032
2039
2060
2068
2088
2105
2106
2091
2092
2089
2092
2081
2087
2091
2117
2129
2126
2135
2150
2162
2153
2151
2177
2173
2152
2139
2127
2108
2094
2109
2110
2114
2127
2143
2161
2183
2188
2187
2197
2192
2184
2188
2184
2196
2211
2203
2202
2222
2228
2224
2232
2239
2237
2232
2227
2221
2213
2212
2213
2211
2198
2190
2182
2178
2179
2179
2168
2156
2153
2147
2144
2134
2134
2141
2131
2116
2102
2083
2063
2045
2029
2016
2010
2004
1996
2002
1988
1975
1957
1947
1938
1927
1926
1944
1965
1973
1993
2021
2065
2094
2102
2106
2108
2101
2110
2113
2092
2067
2069
2031
2007
1968
1954
1934
1903
1876
1858
1834
1835
1846
1871
1874
1877
1887
1896
1922
1931
1930
1945
1969
1979
2008
2022
2044
2071
2090
2106
2115
2133
2134
2126
2113
2128
2129
2122
2128
2132
2135
2136
2129
2123
2111
2089
2077
2069
2051
2053
2061
2069
2075
2079
2100
2096
2087
2077
2065
2046
2028
2022
2023
2013
2002
2007
2032
2060
2076
2085
2102
2116
2117
2128
2123
2114
2087
2058
2046
2026
2012
2011
2011
2018
2032
2032
2029
2031
2051
2061
2073
2078
2088
2107
2101
2077
2056
2029
2019
2017
2017
2000
1991
1995
2029
2038
2062
2068
2079
2079
2084
2079
2065
2039
2043
2046
2027
2008
1997
1983
1988
1996
2001
2005
2003
2002
2013
2033
2056
2050
2056
2058
2055
2046
2049
2032
2024
2018
2020
2016
2003
2009
2019
2020
2023
2021
2015
2017
2011
2014
2013
2019
2020
2011
2005
2026
2031
2041
2040
2046
2051
2059
2065
2059
2051
2055
2051
2033
2027
2018
2028
2019
2020
2016
2024
2020
2023
2033
2041
2035
2050
2046
2034
2018
1992
1964
1946
1925
1898
1873
1862
1853
1855
1871
1888
1905
1915
1924
1947
1963
1968
1983
1993
1993
1985
1979
1981
1975
1963
1951
1948
1950
1947
1952
1951
1944
1951
1947
1952
1984
2014
2043
2049
2055
2066
2058
2053
2053
2041
2030
2016
2010
2011
2002
1999
2010
2027
2034
2051
2081
2096
2111
2125
2121
2110
2105
2108
2098
2090
2091
2089
2102
2102
2111
2132
2132
2140
2139
2139
2144
2137
2133
2123
2097
2091
2106
2105
2107
2115
2113
2102
2103
2092
2074
2061
2043
2014
1993
1985
1990
1990
1983
1994
2007
2026
2034
2063
2095
2114
2116
2122
2118
2110
2101
2096
2099
2100
2109
2126
2157
2171
2163
2167
2163
2154
2139
2118
2123
2113
2097
2098
2094
2096
2081
2072
2074
2063
2048
2025
2007
1966
1956
1955
1971
1978
1994
1992
2011
2041
2054
2045
2044
2044
2040
2030
2019
1997
1986
1976
1983
1986
2011
2008
2000
2002
1999
1980
1962
1949
1939
1939
1925
1933
1934
1950
1974
2005
2015
2045
2068
2081
2075
2088
2094
2096
2072
2056
2039
2037
2030
2023
2034
2033
2046
2054
2067
2084
2083
2098
2110
2105
2113
2120
2128
2127
2116
2098
2077
2078
2095
2119
2119
2116
2111
2115
2119
2112
2098
2092
2081
2071
2059
2068
2072
2073
2077
2082
2096
2116
2123
2130
2147
2168
2184
2182
2186
2178
2170
2166
2146
2148
2157
2162
2179
2181
2186
2200
2214
2237
2245
2281
2276
2277
2280
2287
2277
2251
2233
2224
2215
2199
2190
2166
2150
2132
2131
2131
2145
2156
2163
2169
2164
2161
2168
2150
2146
2150
2146
2161
2156
2169
2181
2210
2230
2250
2258
2273
2290
2301
2320
2314
2305
2306
2297
2292
2273
2270
2266
2258
2247
2237
2250
2247
2252
2262
2276
2283
2295
2304
2316
2322
2316
2324
2314
2318
2307
2296
2290
2287
2290
2287
2279
2291
2288
2296
2284
2286
2280
2276
2287
2291
2293
2295
2295
2301
2303
2306
2296
2285
2282
2285
2278
2274
2264
2263
2270
2272
2277
2284
2294
2297
2304
2319
2322
2335
2346
2335
2342
2330
2334
2337
2337
2338
2336
2334
2328
2329
2326
2325
2315
2316
2316
2326
2323
2304
2294
2277
2282
2258
2240
2228
2221
2214
2213
2206
2203
2211
2228
2234
2231
2234
2233
2245
2240
2235
2254
2254
2251
2240
2241
2246
2248
2229
2206
2211
2232
2230
2224
2207
2192
2201
2211
2210
2210
2208
2216
2222
2223
2221
2231
2237
2227
2197
2181
2149
2128
2104
2084
2079
2061
2066
2075
2091
2091
2104
2113
2138
2138
2131
2117
2099
2085
2074
2053
2040
2014
2003
1999
1996
2004
2000
2007
2014
2012
2023
2055
2069
2070
2089
2106
2129
2146
2155
2174
2185
2186
2203
2207
2209
2198
2196
2190
2192
2166
2149
2126
2108
2110
2098
2083
2066
2046
2048
2059
2079
2087
2078
2071
2061
2047
2028
2004
1987
1971
1950
1947
1941
1936
1926
1932
1935
1946
1968
2000
2015
2030
2053
2060
2072
2070
2084
2081
2084
2069
2065
2067
2059
2045
2050
2049
2036
2039
2038
2028
2023
2026
2038
2059
2057
2071
2075
2081
2079
2064
2045
2022
2001
1983
1967
1966
1979
1994
2011
2011
2025
2015
2015
2003
1991
1971
1967
1960
1960
1958
1956
1974
1981
1978
1994
2015
2027
2033
2019
1997
1987
1989
2000
2006
2019
2024
2016
2027
2019
2013
2019
2030
2033
2036
2033
2035
2022
2032
2028
2041
2062
2080
2087
2075
2074
2048
2035
1999
1987
1950
1931
1906
1893
1886
1877
1901
1914
1931
1940
1963
1975
1981
1956
1946
1937
1930
1919
1911
1920
1939
1945
1965
1973
1992
2004
2016
2017
2022
2011
2008
2013
2011
1995
2005
2015
1994
1997
2020
2030
2031
2038
2037
2035
2030
2007
2007
2003
1981
1977
1965
1971
1960
1959
1951
1955
1966
1979
1993
1998
1995
1976
1979
1968
1964
1976
1985
1988
1990
2006
2023
2030
2042
2058
2069
2079
2060
2045
2040
2017
2012
2017
2023
2013
2025
2037
2041
2038
2031
2031
2044
2043
2040
2041
2043
2047
2047
2051
2052
2044
2030
2044
2048
2036
2031
2028
2021
2033
2048
2063
2076
2093
2102
2125
2164
2184
2192
2204
2210
2204
2202
2204
2203
2197
2183
2177
2176
2162
2159
2139
2125
2101
2080
2058
2034
2016
1995
1972
1954
1950
1947
1949
1961
1972
1994
2018
2023
2031
2034
2047
2038
2031
2004
1986
1980
1975
1979
1985
2005
2030
2056
2071
2088
2089
2099
2088
2066
2022
1985
1953
1918
1893
1871
1857
1859
1862
1857
1878
1929
1945
1961
1978
1989
1996
1988
1988
1988
1978
1968
1951
1950
1954
1945
1929
1937
1939
1944
1959
1974
1987
1999
2022
2054
2081
2111
2119
2139
2145
2147
2149
2141
2130
2132
2126
2105
2085
2048
2012
1972
1965
1942
1921
1900
1890
1881
1863
1876
1894
1901
1933
1952
1981
2009
2029
2063
2073
2072
2056
2057
2041
2028
2020
2011
1998
2007
2009
2011
2018
2010
2004
2002
1991
1980
1975
1974
1961
1953
1949
1940
1952
1944
1945
1941
1940
1952
1964
1967
1970
1982
1988
1996
2010
2026
2022
2048
2058
2054
2029
2008
1963
1913
1876
1828
1774
1727
1706
1688
1676
1672
1688
1705
1731
1758
1783
1810
1844
1877
1902
1899
1901
1899
1895
1889
1876
1877
1864
1863
1869
1873
1888
1911
1938
1966
1973
1991
2000
1989
1979
1984
1978
1978
1972
1949
1929
1919
1921
1916
1907
1910
1914
1902
1915
1917
1919
1922
1940
1950
1970
1991
2006
2022
2046
2051
2051
2050
2065
2093
2093
2080
2085
2088
2091
2108
2121
2124
2124
2131
2144
2176
2189
2184
2174
2170
2166
2159
2136
2134
2132
2143
2141
2139
2134
2130
2138
2140
2160
2176
2176
2196
2203
2197
2161
2130
2108
2113
2114
2120
2118
2111
2108
2118
2106
2099
2102
2099
2106
2128
2140
2156
2158
2160
2175
2192
2196
2188
2170
2149
2150
2128
2109
2086
2085
2076
2067
2047
2046
2020
2008
1988
1985
1978
1986
1993
1994
2000
2006
2019
2017
2001
1981
1975
1979
1978
1981
1971
1965
1978
2002
2024
2042
2069
2092
2099
2091
2077
2070
2057
2058
2027
1995
1971
1968
1966
1979
1987
1984
1973
1983
1992
1998
2003
2016
2030
2039
2023
2018
1998
1976
1944
1908
1877
1859
1862
1858
1850
1859
1872
1903
1915
1926
1939
1934
1960
1976
1977
1987
2006
2019
2012
2010
1987
1958
1935
1921
1925
1918
1909
1918
1923
1936
1958
1982
2010
2031
2046
2071
2099
2107
2121
2128
2143
2152
2153
2161
2152
2114
2090
2057
2037
2005
1975
1945
1909
1876
1849
1822
1824
1844
1874
1905
1939
1972
1993
2001
2030
2035
2035
2043
2059
2066
2068
2084
2091
2088
2094
2094
2081
2070
2057
2053
2044
2056
2039
2047
2050
2067
2075
2076
2071
2097
2090
2099
2129
2150
2161
2184
2190
2198
2198
2192
2183
2168
2140
2113
2097
2070
2035
2005
1989
1964
1939
1952
1971
1979
2000
2006
1987
1991
1985
1989
1998
1995
1984
1992
2004
2012
2015
2007
2017
2035
2050
2051
2040
2037
2021
2030
2021
2011
1998
1984
1959
1944
1942
1955
1968
1976
1996
2004
2031
2033
2031
2017
2003
2014
2012
2011
1985
1970
1965
1946
1947
1952
1956
1965
1981
2006
2010
2012
1997
1982
1975
1960
1940
1935
1920
1910
1910
1901
1906
1902
1890
1898
1911
1909
1908
1915
1922
1925
1932
1944
1940
1947
1948
1961
1967
1962
1955
1963
1983
1990
1996
1994
1992
1985
1956
1958
1943
1937
1912
1905
1915
1926
1946
1949
1941
1930
1918
1901
1900
1885
1888
1873
1861
1871
1875
1860
1846
1843
1851
1858
1886
1900
1923
1949
1973
1999
2011
2017
2006
2001
1997
2000
2001
2000
2001
2016
2018
2036
2031
2021
2030
2011
2001
1986
1979
1981
1974
1959
1951
1936
1927
1917
1918
1924
1926
1939
1955
1966
1991
2003
2019
2042
2040
2038
2050
2043
2050
2052
2038
2033
2020
2031
2026
2019
2026
2022
2022
2019
2032
2035
2043
2056
2067
2068
2074
2083
2094
2096
2105
2098
2110
2121
2125
2124
2118
2109
2118
2117
2134
2132
2114
2114
2119
2128
2139
2156
2165
2174
2152
2149
2157
2163
2155
2150
2151
2134
2135
2130
2130
2126
2120
2104
2101
2091
2069
2073
2063
2063
2055
2060
2065
2071
2037
2021
2012
2001
1985
1975
1939
1915
1908
1901
1907
1917
1934
1958
1980
1985
1998
2000
2006
2009
2001
1981
1971
1955
1936
1922
1939
1941
1955
1953
1972
1989
1986
1989
1990
1984
1974
1961
1956
1949
1930
1937
1960
1985
2004
2010
2025
2037
2035
2040
2038
2041
2031
2011
2019
2025
2026
2033
2043
2047
2029
2016
1988
1971
1965
1947
1932
1923
1930
1927
1953
1967
2001
2031
2055
2055
2066
2070
2089
2085
2069
2070
2064
2054
2045
2036
2024
2007
1987
1993
1996
2007
2019
2038
2052
2067
2079
2095
2104
2106
2109
2117
2130
2135
2133
2132
2131
2123
2111
2086
2066
2061
2040
2023
2015
2021
2023
2038
2053
2077
2095
2114
2131
2143
2151
2167
2175
2179
2173
2184
2200
2206
2195
2182
2184
2185
2187
2191
2194
2199
2197
2196
2200
2194
2188
2183
2190
2191
2202
2195
2179
2167
2125
2118
2111
2102
2098
2099
2103
2115
2126
2142
2149
2172
2172
2170
2172
2160
2152
2152
2158
2151
2146
2143
2155
2154
2159
2159
2184
2199
2216
2210
2202
2196
2196
2194
2203
2205
2199
2198
2212
2209
2199
2220
2210
2218
2226
2227
2230
2234
2246
2251
2266
2262
2261
2244
2250
2241
2228
2214
2209
2209
2203
2198
2218
2217
2220
2232
2228
2220
2220
2219
2244
2250
2252
2231
2232
2222
2187
2178
2180
2195
2201
2201
2211
2204
2197
2194
2216
2234
2226
2233
2238
2236
2248
2255
2271
2279
2273
2263
2258
2232
2188
2148
2096
2046
2003
1962
1946
1935
1925
1926
1962
1981
1992
2010
2030
2049
2068
2094
2105
2102
2095
2085
2072
2071
2059
2035
2019
2021
2015
2016
2014
2022
2033
2052
2080
2094
2099
2109
2113
2111
2100
2102
2087
2084
2082
2100
2119
2121
2107
2108
2105
2108
2104
2084
2069
2063
2055
2054
2043
2027
2017
2030
2061
2071
2082
2096
2117
2127
2132
2151
2167
2174
2173
2166
2143
2140
2136
2145
2139
2131
2115
2096
2086
2071
2057
2041
2032
2043
2038
2050
2068
2078
2079
2088
2101
2092
2094
2096
2102
2105
2113
2114
2123
2123
2147
2142
2161
2157
2149
2154
2158
2149
2139
2144
2153
2160
2156
2170
2187
2196
2204
2203
2202
2214
2227
2222
2205
2184
2172
2163
2138
2134
2116
2105
2094
2082
2067
2052
2044
2043
2022
2012
2019
2013
2004
1997
1970
1963
1980
1995
2002
2012
2040
2072
2110
2107
2103
2104
2089
2071
2054
2036
2011
2005
2014
2015
2033
2048
2084
2113
2130
2156
2172
2186
2211
2227
2243
2254
2262
2262
2248
2232
2226
2217
2211
2193
2169
2164
2139
2129
2117
2117
2104
2099
2098
2077
2071
2074
2080
2077
2079
2066
2066
2067
2055
2036
2040
2042
2043
2031
2031
2017
2019
2018
2018
2007
1988
1983
1985
1970
1967
1954
1959
1965
1972
1969
1962
1968
1981
1987
1983
1992
1994
1990
1976
1974
1977
1985
1978
1983
1975
1981
1999
2005
2009
2007
2008
1987
1983
1987
2000
2011
2016
2018
2029
2018
2032
2050
2079
2078
2083
2088
2106
2102
2096
2093
2081
2065
2057
2055
2054
2050
2049
2048
2053
2053
2052
2053
2068
2073
2066
2073
2070
2071
2068
2071
2072
2087
2092
2095
2099
2109
2096
2097
2104
2105
2089
2072
2049
2043
2049
2054
2064
2079
2099
2106
2101
2116
2124
2119
2127
2126
2119
2111
2111
2106
2088
2099
2087
2083
2065
2074
2088
2093
2107
2128
2148
2159
2169
2165
2178
2173
2159
2129
2132
2118
2095
2075
2056
2063
2058
2069
2067
2073
2083
2077
2079
5835
2324
2300
2302
2310
2314
2346
2354
2352
2350
2326
2273
2243
2218
2226
2238
2271
2303
2343
2352
2343
2335
2349
2339
2339
2336
2338
2346
2354
2362
2351
2334
2316
2291
2283
2251
2231
2229
2222
2232
2255
2254
2262
2278
2265
2263
2242
2228
2183
2157
2120
2050
2008
1973
1975
1985
2004
2033
2048
2074
2094
2105
2098
2086
2068
2064
2070
2109
2129
2131
2126
2135
2115
2100
2113
2112
2114
2104
2081
2043
2029
2035
2042
2032
2030
2027
2046
2107
2153
2187
2200
2205
2198
2204
2219
2240
2252
2229
2195
2146
2106
2067
2039
1994
1975
1962
1959
1949
1965
1963
1952
1933
1957
1982
2001
2000
2014
2012
2012
2021
2025
2014
2015
2007
1979
1976
1963
1967
1970
1980
1983
2004
2011
2034
2046
2087
2114
2171
2208
2256
2267
2285
2268
2256
2224
2206
2172
2144
2129
2123
2141
2147
2134
2088
2031
1949
1903
1848
1808
1795
1795
1804
1842
1867
1906
1934
1968
1994
2035
2077
2103
2115
2104
2090
2062
2034
2002
1980
1989
1986
1991
1982
1969
1956
1926
1919
1905
1885
1850
1783
1714
1648
1589
1523
1493
1481
1474
1460
1449
1455
1481
1517
1548
1599
1633
1673
1697
1725
1762
1808
1855
1930
1959
1944
1907
1884
1848
1827
1785
1757
1713
1680
1646
1610
1581
1565
1583
1582
1605
1652
1713
1779
1864
1896
1922
1901
1863
1799
1759
1715
1701
1717
1723
1720
1720
1709
1728
1747
1807
1861
1897
1919
1934
1944
1925
1888
1841
1806
1785
1787
1772
1772
1804
1868
1966
2078
2146
2173
2190
2198
2199
2180
2142
2095
2059
2032
2040
2035
2028
2030
2050
2078
2104
2131
2156
2182
2173
2185
2204
2216
2218
2226
2238
2237
2237
2255
2242
2226
2206
2201
2212
2231
2252
2271
2277
2300
2315
2325
2309
2283
2259
2250
2250
2284
2317
2346
2356
2340
2323
2271
2217
2148
2095
1998
1939
1894
1875
1875
1912
1924
1931
1912
1923
1916
1907
1903
1920
1943
1954
1952
1938
1945
1973
2041
2113
2191
2244
2300
2310
2314
2287
2270
2239
2232
2235
2254
2270
2291
2316
2359
2405
2412
2427
2433
2432
2407
2365
2317
2289
2249
2208
2167
2132
2113
2111
2111
2122
2130
2133
2144
2157
2175
2195
2233
2290
2346
2387
2413
2414
2418
2416
2422
2427
2440
2441
2432
2420
2384
2341
2308
2293
2283
2267
2221
2182
2130
2103
2085
2091
2087
2082
2098
2128
2176
2221
2259
2283
2294
2272
2228
2185
2148
2113
2088
2058
2039
2009
2005
2009
2030
2045
2058
2053
2055
2066
2085
2056
2027
2015
2017
1984
1973
1958
1954
1992
2038
2089
2111
2148
2151
2156
2129
2131
2137
2156
2158
2175
2169
2174
2177
2191
2210
2247
2273
2274
2274
2276
2296
2301
2311
2326
2343
2342
2345
2352
2369
2340
2328
2300
2272
2217
2178
2123
2091
2061
2062
2065
2084
2082
2078
2067
2075
2125
2187
2239
2263
2265
2239
2213
2172
2125
2082
2083
2089
2133
2171
2206
2245
2292
2313
2323
2322
2296
2272
2241
2232
2224
2240
2263
2284
2295
2291
2302
2304
2306
2300
2292
2264
2245
2233
2220
2201
2183
2169
2155
2139
2160
2174
2204
2208
2219
2215
2230
2255
2297
2349
2403
2465
2502
2507
2485
2459
2443
2413
2361
2289
2225
2176
2140
2132
2153
2197
2238
2292
2331
2377
2400
2415
2404
2396
2359
2349
2357
2382
2395
2414
2412
2397
2384
2386
2382
2396
2416
2393
2342
2284
2248
2158
2102
2034
1990
1954
1945
1954
1988
2043
2094
2121
2136
2160
2193
2235
2272
2295
2300
2267
2224
2183
2135
2084
2048
2023
2039
2044
2046
2069
2109
2159
2206
2223
2221
2181
2141
2111
2073
2038
2009
1976
1978
1971
1969
2007
2041
2088
2101
2134
2151
2164
2187
2202
2210
2187
2171
2136
2103
2074
2035
1989
1938
1881
1823
1787
1785
1797
1831
1873
1951
2037
2122
2205
2241
2241
2240
2253
2274
2277
2281
2259
2209
2159
2107
2067
2046
2046
2048
2055
2035
2028
2027
2082
2145
2218
2281
2351
2380
2388
2382
2392
2407
2407
2379
2349
2343
2360
2360
2353
2351
2367
2385
2396
2401
2400
2398
2416
2449
2475
2498
2508
2524
2516
2513
2508
2511
2493
2454
2430
2425
2438
2439
2447
2436
2396
2346
2272
2232
2192
2151
2119
2111
2092
2079
2074
2069
2071
2078
2090
2099
2100
2099
2104
2124
2154
2193
2230
2261
2300
2331
2333
2336
2340
2313
2265
2219
2149
2091
2071
2032
2012
2008
2028
2055
2122
2184
2257
2289
2300
2279
2246
2211
2164
2121
2069
2055
2056
2067
2086
2114
2146
2187
2210
2199
2150
2106
2064
2021
1980
1943
1926
1928
1948
1995
2039
2093
2130
2153
2157
2161
2171
2183
2184
2157
2108
2044
2002
1979
1977
1984
1973
1954
1933
1926
1921
1900
1854
1796
1762
1724
1705
1721
1765
1807
1861
1897
1939
1960
1955
1947
1950
1967
1979
1971
1961
1929
1913
1897
1882
1901
1926
1957
1980
1996
1970
1926
1880
1852
1802
1781
1783
1817
1877
1930
1973
2013
1999
1986
1955
1919
1882
1865
1839
1851
1879
1922
1945
1970
1986
1978
1945
1907
1872
1860
1883
1893
1914
1907
1914
1893
1915
1905
1863
1788
1728
1654
1576
1521
1466
1444
1436
1455
1507
1581
1662
1718
1752
1798
1799
1797
1794
1813
1851
1859
1878
1884
1852
1825
1792
1748
1735
1733
1759
1777
1815
1851
1907
1982
2053
2048
2025
2012
1999
1991
2027
2041
2073
2116
2157
2196
2222
2261
2294
2307
2302
2294
2267
2224
2195
2140
2073
2030
2014
2031
2065
2114
2177
2248
2307
2325
2334
2324
2296
2262
2229
2199
2186
2170
2135
2114
2111
2099
2101
2085
2094
2131
2160
2189
2175
2139
2072
2030
1972
1926
1853
1812
1766
1729
1714
1706
1691
1657
1638
1656
1679
1689
1694
1710
1718
1711
1657
1597
1537
1485
1485
1488
1503
1547
1659
1750
1842
1897
1936
1940
1938
1950
1955
1973
1973
1991
2015
2051
2076
2094
2091
2079
2042
2008
1983
1979
1975
1980
1975
1993
1998
2033
2102
2146
2147
2139
2103
2100
2087
2037
1961
1887
1792
1699
1605
1547
1509
1483
1484
1505
1536
1586
1659
1708
1740
1746
1756
1783
1829
1877
1936
1970
1987
1954
1942
1884
1863
1850
1870
1856
1799
1749
1708
1691
1680
1688
1765
1833
1906
1979
2038
2060
2080
2083
2114
2159
2183
2173
2182
2196
2196
2185
2170
2158
2114
2078
2050
2023
2004
1989
2019
2069
2120
2167
2207
2241
2244
2241
2222
2213
2160
2109
2052
2001
1953
1913
1864
1831
1791
1737
1694
1656
1663
1696
1751
1792
1823
1852
1918
1971
2014
2002
1966
1943
1921
1900
1878
1849
1845
1874
1924
1955
1996
2060
2129
2177
2214
2252
2274
2284
2276
2259
2243
2231
2219
2214
2236
2250
2263
2252
2254
2270
2282
2278
2264
2262
2242
2235
2238
2273
2304
2330
2332
2333
2334
2356
2347
2347
2319
2286
2217
2162
2097
2064
2066
2069
2077
2091
2128
2120
2117
2095
2101
2093
2101
2100
2098
2078
2055
2008
1985
1940
1910
1863
1821
1800
1804
1822
1845
1862
1887
1899
1896
1915
1943
1991
2034
2071
2101
2129
2119
2111
2075
2037
1969
1932
1901
1905
1951
2003
2052
2117
2191
2237
2247
2245
2245
2258
2272
2301
2328
2362
2389
2377
2349
2312
2268
2210
2140
2066
2021
2004
1995
2011
2029
2049
2076
2071
2050
2032
2046
2061
2093
2126
2158
2196
2268
2305
2370
2371
2383
2371
2364
2330
2264
2212
2143
2095
2023
1982
1955
1946
1976
2007
2056
2124
2170
2248
2295
2355
2350
2354
2336
2315
2261
2244
2231
2226
2218
2210
2197
2168
2139
2108
2082
2061
2052
2047
2066
2080
2108
2104
2098
2100
2120
2121
2126
2136
2177
2209
2239
2260
2308
2343
2394
2429
2461
2491
2501
2485
2465
2459
2400
2374
2340
2321
2295
2270
2251
2248
2204
2165
2131
2089
2048
2026
2033
2080
2138
2153
2166
2192
2217
2257
2305
2334
2332
2327
2292
2251
2203
2174
2141
2121
2094
2099
2091
2067
2031
1997
1973
1977
1960
1936
1935
1932
1960
1998
2039
2052
2089
2112
2146
2161
2186
2194
2213
2220
2210
2183
2152
2111
2065
2037
2030
2020
1991
1978
1977
2017
2054
2083
2104
2108
2085
2075
2057
2057
2042
2055
2074
2093
2105
2094
2089
2071
2060
2046
2057
2066
2105
2132
2190
2237
2287
2303
2310
2283
2253
2202
2184
2174
2174
2174
2184
2189
2225
2246
2276
2302
2323
2330
2337
2311
2252
2186
2089
2033
1986
1960
1962
1984
2025
2096
2171
2211
2253
2294
2320
2353
2339
2312
2307
2327
2347
2355
2357
2368
2359
2307
2236
2158
2096
2063
2055
2047
2066
2066
2079
2101
2152
2193
2220
2234
2202
2157
2105
2047
2030
2023
2021
2031
2080
2117
2164
2195
2240
2274
2310
2332
2353
2370
2392
2389
2418
2434
2455
2452
2439
2423
2394
2368
2331
2326
2315
2319
2320
2342
2349
2375
2384
2392
2369
2349
2288
2231
2156
2095
2048
2011
1974
1957
1929
1915
1913
1933
1989
2044
2105
2146
2218
2246
2265
2256
2233
2193
2138
2060
1966
1889
1830
1792
1787
1806
1869
1938
2007
2049
2097
2145
2193
2210
2190
2158
2109
2056
1987
1900
1814
1732
1687
1677
1692
1739
1763
1786
1820
1877
1922
1961
1991
2020
2025
2031
2030
2032
2022
2043
2034
2038
2013
2003
1998
2003
2008
2014
2017
2020
2045
2085
2126
2155
2183
2186
2152
2120
2096
2048
2002
1909
1836
1782
1765
1756
1736
1700
1678
1665
1661
1622
1583
1569
1551
1552
1571
1636
1701
1747
1775
1806
1785
1791
1793
1814
1847
1884
1898
1930
1949
1988
2018
2078
2111
2141
2134
2137
2161
2170
2218
2233
2246
2237
2201
2139
2062
1985
1933
1888
1860
1807
1781
1766
1767
1755
1777
1813
1883
1957
2054
2107
2133
2156
2175
2179
2177
2156
2108
2066
2049
2048
2038
2019
1993
1962
1917
1872
1843
1822
1862
1920
1999
2065
2098
2111
2086
2070
2053
2047
2031
2023
1976
1939
1895
1861
1811
1770
1710
1647
1569
1533
1519
1543
1601
1668
1757
1819
1902
1975
2067
2136
2186
2189
2191
2153
2122
2103
2097
2083
2080
2066
2068
2069
2066
2063
2067
2035
1973
1901
1842
1799
1755
1753
1748
1775
1785
1814
1811
1854
1905
1947
1974
2000
1985
1965
1930
1896
1836
1829
1847
1900
1942
1992
2040
2067
2078
2066
2068
2054
2043
2028
2011
1994
1992
2021
2056
2074
2087
2094
2104
2106
2114
2135
2110
2079
2055
2041
2021
1998
2008
2009
2010
1983
1989
2019
2042
2060
2075
2076
2077
2082
2072
2037
2012
1956
1907
1878
1855
1829
1815
1812
1816
1834
1872
1922
1963
2005
2037
2063
2085
2124
2162
2208
2205
2216
2232
2264
2295
2343
2378
2423
2439
2419
2399
2354
2307
2284
2292
2299
2308
2324
2358
2378
2428
2468
2516
2535
2532
2518
2510
2490
2500
2500
2502
2512
2514
2515
2536
2540
2539
2554
2553
2519
2472
2424
2382
2361
2333
2324
2360
2389
2430
2447
2461
2449
2423
2401
2373
2362
2337
2314
2294
2293
2320
2340
2380
2382
2347
2316
2300
2305
2310
2303
2295
2304
2302
2307
2300
2307
2306
2320
2348
2369
2371
2360
2363
2376
2381
2361
2347
2332
2294
2254
2216
2195
2173
2154
2156
2145
2130
2125
2145
2181
2236
2278
2323
2347
2359
2360
2346
2318
2291
2266
2218
2205
2187
2195
2195
2194
2195
2184
2128
2117
2112
2110
2077
2060
2046
2032
2041
2030
2038
2021
2029
2032
2048
2045
2089
2103
2103
2067
2021
1974
1938
1903
1888
1887
1866
1854
1848
1860
1883
1904
1933
1969
1964
1952
1925
1895
1874
1862
1832
1836
1861
1909
2007
2105
2189
2247
2252
2235
2192
2151
2082
2007
1941
1887
1839
1823
1841
1849
1846
1862
1856
1878
1914
1936
1949
1995
2059
2110
2161
2226
2313
2364
2407
2438
2433
2399
2376
2360
2322
2284
2264
2236
2238
2234
2249
2263
2296
2314
2344
2377
2429
2466
2494
2488
2451
2420
2356
2303
2297
2293
2290
2296
2299
2314
2316
2340
2359
2391
2414
2430
2442
2462
2478
2473
2444
2432
2414
2395
2354
2335
2310
2282
2272
2245
2234
2223
2233
2231
2227
2230
2245
2234
2219
2209
2211
2201
2182
2179
2173
2182
2211
2235
2243
2238
2230
2236
2235
2220
2200
2205
2225
2238
2235
2234
2250
2272
2304
2298
2269
2244
2216
2207
2222
2239
2245
2246
2246
2264
2292
2300
2319
2352
2357
2384
2395
2417
2397
2385
2368
2354
2343
2358
2362
2344
2321
2309
2283
2244
2201
2184
2185
2177
2191
2170
2153
2111
2061
2007
1960
1917
1895
1872
1865
1882
1912
1944
2012
2088
2148
2224
2267
2293
2317
2331
2343
2344
2344
2359
2349
2348
2333
2357
2370
2381
2379
2378
2362
2358
2335
2317
2304
2308
2306
2296
2310
2320
2318
2311
2320
2291
2266
2231
2225
2212
2212
2224
2266
2316
2366
2422
2474
2501
2532
2540
2534
2510
2479
2457
2422
2396
2366
2334
2293
2289
2306
2335
2346
2342
2330
2319
2302
2283
2245
2192
2131
2077
2081
2099
2143
2180
2182
2180
2192
2220
2224
2244
2246
2244
2228
2234
2266
2307
2343
2360
2353
2350
2341
2337
2325
2311
2297
2304
2326
2318
2332
2338
2358
2380
2398
2397
2419
2439
2465
2477
2485
2488
2527
2540
2546
2544
2525
2492
2474
2436
2404
2387
2388
2382
2342
2325
2302
2300
2291
2291
2238
2201
2146
2128
2096
2091
2094
2124
2184
2257
2335
2402
2447
2476
2478
2471
2448
2418
2387
2352
2316
2296
2272
2246
2249
2246
2236
2251
2272
2299
2335
2353
2387
2420
2453
2472
2469
2424
2382
2331
2248
2187
2140
2125
2148
2167
2216
2254
2303
2322
2342
2334
2328
2301
2283
2266
2238
2195
2145
2127
2136
2158
2189
2229
2251
2278
2308
2363
2414
2475
2524
2563
2600
2630
2628
2632
2618
2588
2547
2486
2446
2407
2370
2326
2292
2262
2240
2223
2236
2217
2204
2173
2155
2115
2127
2128
2167
2178
2193
2214
2243
2268
2303
2352
2422
2472
2476
2490
2494
2500
2476
2470
2474
2485
2483
2494
2479
2442
2377
2314
2252
2225
2215
2217
2216
2214
2216
2216
2214
2224
2264
2287
2291
2289
2295
2285
2264
2268
2290
2289
2292
2300
2314
2320
2275
2240
2208
2178
2157
2158
2184
2246
2313
2368
2406
2444
2430
2408
2369
2316
2219
2172
2145
2125
2131
2150
2184
2209
2269
2292
2294
2299
2268
2248
2238
2245
2238
2243
2260
2282
2271
2267
2252
2256
2295
2338
2349
2332
2300
2258
2204
2147
2063
1988
1946
1894
1907
1948
2011
2051
2101
2123
2153
2139
2129
2120
2123
2115
2123
2124
2131
2141
2180
2223
2306
2382
2466
2525
2537
2539
2512
2490
2458
2441
2414
2423
2414
2413
2409
2429
2441
2463
2461
2460
2452
2433
2411
2378
2335
2278
2219
2171
2179
2171
2166
2146
2131
2193
2231
2282
2327
2364
2389
2376
2375
2362
2344
2312
2298
2258
2258
2233
2211
2179
2155
2131
2126
2132
2128
2125
2156
2170
2191
2170
2138
2127
2120
2116
2108
2104
2108
2114
2105
2093
2083
2049
2024
2002
1950
1912
1870
1843
1850
1871
1892
1928
1972
1993
1979
1955
1908
1850
1768
1708
1647
1619
1600
1625
1658
1722
1764
1821
1923
2015
2097
2127
2126
2083
2057
2045
2038
2046
2066
2078
2111
2141
2185
2193
2179
2142
2114
2099
2085
2050
2024
1999
2025
2039
2043
2064
2090
2140
2182
2207
2188
2180
2147
2133
2121
2129
2121
2105
2113
2120
2148
2173
2225
2259
2264
2263
2225
2168
2131
2100
2083
2063
2056
2055
2070
2042
2019
1999
1983
1979
1999
1986
1971
1959
1954
1943
1924
1892
1862
1821
1784
1770
1757
1786
1819
1887
1937
2002
2055
2098
2125
2150
2158
2162
2170
2180
2166
2153
2184
2217
2277
2303
2318
2304
2248
2170
2102
2025
1969
1919
1894
1855
1836
1825
1829
1798
1761
1715
1672
1631
1595
1607
1608
1648
1730
1837
1955
2079
2192
2267
2321
2380
2419
2451
2472
2482
2495
2472
2450
2413
2385
2363
2330
2290
2256
2229
2226
2233
2220
2200
2160
2128
2099
2086
2051
2040
2026
2002
1986
1971
1998
2039
2089
2118
2162
2207
2257
2300
2356
2379
2393
2375
2355
2330
2286
2263
2238
2213
2202
2178
2163
2136
2125
2111
2076
2049
2045
2044
2029
2005
1959
1947
1941
1948
1938
1929
1894
1865
1823
1802
1820
1846
1874
1939
2023
2088
2131
2144
2138
2143
2165
2171
2197
2206
2208
2192
2202
2206
2186
2164
2161
2177
2189
2190
2170
2158
2161
2171
2194
2183
2171
2179
2196
2192
2166
2149
2143
2172
2197
2215
2195
2178
2145
2129
2105
2097
2096
2096
2116
2141
2197
2237
2301
2347
2386
2407
2458
2476
2477
2439
2415
2375
2347
2299
2260
2244
2242
2264
2279
2311
2347
2374
2408
2422
2423
2409
2398
2359
2337
2308
2287
2307
2347
2393
2443
2493
2530
2553
2547
2528
2511
2486
2455
2432
2415
2392
2359
2322
2299
2273
2238
2224
2201
2189
2188
2185
2166
2160
2135
2117
2104
2088
2091
2105
2123
2132
2134
2142
2153
2157
2168
2153
2138
2109
2079
2046
2034
2050
2049
2048
2053
2061
2051
2041
2029
2036
2036
2019
1964
1914
1855
1793
1697
1619
1561
1550
1557
1603
1661
1743
1833
1922
1995
2049
2113
2165
2205
2233
2236
2218
2169
2131
2078
2043
2036
2030
2049
2029
1991
1946
1910
1878
1856
1836
1826
1817
1831
1860
1875
1885
1883
1858
1829
1797
1775
1784
1785
1817
1853
1915
1965
2031
2101
2156
2186
2200
2198
2188
2169
2155
2150
2140
2136
2117
2121
2104
2092
2049
1992
1928
1861
1787
1728
1679
1641
1621
1609
1625
1657
1677
1695
1725
1759
1780
1786
1781
1765
1762
1781
1833
1872
1912
1979
2017
2043
2054
2034
2027
2029
2053
2080
2103
2106
2101
2094
2082
2088
2085
2090
2093
2099
2096
2082
2043
2028
2026
2049
2087
2109
2130
2136
2143
2123
2087
2013
1964
1909
1853
1802
1772
1796
1814
1809
1791
1767
1730
1716
1691
1669
1649
1668
1695
1735
1797
1852
1893
1891
1886
1841
1819
1790
1797
1798
1779
1743
1729
1726
1750
1809
1896
1979
2077
2158
2196
2207
2174
2130
2070
2016
1961
1916
1867
1831
1809
1781
1751
1733
1695
1677
1654
1646
1639
1677
1745
1827
1887
1925
1933
1934
1941
1942
1941
1928
1906
1891
1869
1860
1875
1878
1886
1849
1812
1758
1736
1713
1691
1647
1619
1619
1667
1718
1765
1754
1719
1676
1637
1619
1609
1609
1598
1621
1628
1673
1705
1716
1706
1699
1694
1691
1709
1743
1762
1786
1830
1848
1830
1793
1737
1681
1643
1622
1594
1551
1508
1471
1460
1434
1426
1441
1485
1563
1642
1747
1803
1838
1855
1858
1853
1819
1785
1710
1657
1609
1571
1523
1497
1464
1439
1430
1439
1444
1446
1479
1541
1606
1674
1771
1844
1920
1959
1986
1987
1977
1925
1841
1794
1741
1703
1705
1695
1706
1707
1740
1773
1803
1825
1811
1788
1767
1771
1807
1859
1891
1931
1942
1969
1976
1986
1998
2013
2007
1994
1968
1952
1929
1917
1873
1833
1769
1711
1678
1659
1668
1675
1716
1756
1801
1820
1847
1831
1829
1803
1786
1727
1705
1684
1682
1678
1688
1649
1632
1662
1702
1746
1799
1845
1871
1890
1911
1904
1860
1813
1759
1696
1623
1577
1523
1510
1491
1491
1514
1522
1529
1535
1571
1602
1648
1687
1766
1849
1925
1984
2033
2040
2052
2051
2067
2067
2077
2068
2056
2026
1969
1922
1884
1851
1811
1790
1800
1806
1819
1836
1849
1833
1801
1804
1803
1821
1835
1841
1855
1877
1908
1933
1970
1987
1997
2033
2064
2105
2094
2063
2011
1986
1957
1945
1931
1914
1891
1879
1858
1845
1845
1845
1832
1811
1779
1746
1712
1686
1670
1657
1656
1667
1679
1682
1711
1746
1793
1814
1837
1859
1897
1905
1922
1944
1991
2049
2096
2101
2090
2070
2021
1975
1909
1882
1885
1898
1880
1888
1909
1962
2001
2051
2087
2104
2090
2080
2024
1986
1952
1935
1904
1872
1846
1816
1829
1839
1864
1875
1889
1875
1860
1821
1826
1806
1807
1802
1799
1783
1768
1755
1787
1833
1870
1912
1959
2017
2090
2170
2220
2250
2259
2291
2320
2349
2351
2352
2333
2302
2269
2233
2183
2139
2112
2077
2050
2041
2026
2008
1996
2000
2011
2049
2123
2187
2243
2298
2350
2395
2418
2432
2462
2477
2487
2492
2477
2451
2428
2418
2389
2353
2317
2290
2283
2245
2218
2184
2122
2086
2041
1994
1958
1928
1912
1883
1864
1854
1851
1872
1890
1911
1906
1889
1884
1872
1850
1829
1820
1824
1845
1879
1894
1921
1929
1944
1928
1896
1849
1797
1702
1649
1627
1633
1637
1643
1692
1733
1773
1784
1801
1825
1860
1869
1879
1875
1918
1934
1941
1956
1987
2019
2050
2091
2125
2157
2137
2127
2104
2065
2014
1991
1943
1907
1825
1761
1707
1690
1664
1663
1665
1688
1698
1720
1763
1812
1866
1891
1912
1916
1928
1957
2004
2040
2098
2137
2218
2252
2285
2282
2273
2240
2222
2201
2197
2195
2211
2213
2241
2281
2313
2332
2342
2338
2316
2319
2319
2292
2248
2206
2142
2111
2090
2102
2122
2152
2196
2249
2307
2335
2353
2360
2363
2350
2348
2355
2368
2376
2396
2397
2394
2395
2401
2413
2404
2395
2371
2361
2354
2356
2347
2332
2326
2316
2296
2273
2252
2246
2241
2215
2179
2156
2143
2138
2137
2132
2135
2139
2109
2080
2028
1975
1936
1911
1877
1867
1846
1854
1855
1852
1826
1801
1786
1776
1761
1787
1805
1827
1850
1907
1995
2087
2175
2239
2255
2250
2268
2272
2268
2229
2187
2118
2043
1961
1907
1836
1792
1723
1682
1646
1603
1561
1540
1577
1649
1718
1768
1801
1818
1855
1875
1895
1925
1974
2010
2044
2072
2141
2200
2247
2277
2311
2331
2325
2313
2288
2282
2284
2299
2299
2294
2284
2292
2266
2223
2161
2106
2056
2033
2048
2084
2123
2154
2171
2193
2192
2149
2111
2052
2027
2013
1996
1964
1947
1959
1973
1972
2005
2044
2104
2147
2184
2221
2220
2216
2190
2140
2104
2054
1995
1945
1908
1907
1911
1935
1962
1989
2011
2057
2115
2145
2170
2169
2181
2170
2138
2107
2089
2052
2022
1982
1954
1945
1962
2012
2062
2099
2132
2163
2178
2166
2144
2103
2083
2042
2019
1973
1923
1884
1854
1859
1877
1888
1902
1920
1947
1965
1987
2023
2057
2084
2112
2106
2104
2078
2053
1979
1950
1936
1940
1963
1951
1956
1966
1987
1989
1989
1971
1957
1935
1945
1947
1994
2005
2014
2012
2039
2020
2027
2029
2047
2069
2083
2083
2066
2070
2062
2015
1974
1967
1939
1942
1923
1933
1939
1960
1959
1979
2000
2021
2024
2046
2040
2009
1942
1880
1817
1751
1696
1657
1621
1611
1611
1617
1668
1725
1789
1816
1856
1901
1963
1994
2015
2022
2013
1991
1974
1948
1923
1896
1867
1850
1833
1837
1826
1839
1848
1872
1889
1917
1962
2028
2062
2098
2133
2148
2143
2114
2082
2042
2008
1980
1952
1939
1921
1929
1965
2007
2063
2125
2198
2249
2274
2291
2263
2223
2177
2146
2110
2096
2098
2105
2122
2146
2179
2204
2219
2229
2224
2222
2213
2187
2154
2131
2110
2072
2086
2112
2145
2149
2143
2117
2085
2048
1984
1935
1881
1853
1847
1843
1846
1864
1888
1945
1986
2023
2067
2120
2178
2216
2232
2232
2216
2176
2147
2116
2119
2145
2198
2250
2310
2325
2308
2279
2246
2200
2177
2153
2129
2095
2066
2056
2057
2044
2024
2010
1995
1975
1955
1913
1850
1823
1838
1842
1867
1891
1936
1966
2048
2082
2111
2102
2074
2035
2011
1968
1915
1876
1843
1835
1866
1919
1981
1990
1994
1992
1944
1897
1845
1802
1775
1790
1816
1849
1877
1923
1961
2036
2113
2192
2245
2271
2265
2249
2216
2183
2126
2082
2045
2031
2022
2022
2042
2071
2124
2161
2198
2214
2247
2255
2266
2282
2295
2292
2270
2241
2205
2166
2137
2143
2153
2157
2172
2205
2216
2211
2188
2158
2122
2095
2062
2043
2043
2064
2075
2093
2098
2105
2147
2195
2221
2255
2286
2331
2363
2387
2374
2343
2296
2272
2251
2261
2264
2295
2308
2315
2340
2384
2431
2482
2512
2550
2571
2571
2565
2518
2463
2415
2388
2354
2336
2285
2243
2202
2192
2161
2175
2189
2207
2206
2216
2220
2223
2222
2221
2208
2201
2191
2184
2199
2222
2258
2311
2388
2448
2496
2510
2540
2566
2596
2594
2578
2558
2530
2507
2489
2459
2427
2377
2333
2316
2309
2332
2371
2411
2437
2474
2495
2510
2525
2539
2554
2558
2544
2538
2526
2511
2491
2460
2448
2441
2427
2400
2396
2393
2408
2417
2445
2443
2445
2441
2453
2454
2449
2448
2442
2428
2412
2394
2369
2376
2363
2357
2344
2342
2342
2349
2364
2396
2432
2452
2488
2508
2544
2554
2563
2580
2573
2555
2566
2564
2559
2550
2531
2501
2505
2511
2505
2506
2495
2484
2486
2462
2447
2425
2396
2376
2340
2324
2299
2275
2254
2217
2199
2182
2185
2189
2206
2240
2275
2281
2293
2288
2303
2301
2315
2308
2320
2330
2346
2342
2333
2320
2276
2246
2237
2252
2258
2289
2292
2284
2276
2281
2261
2254
2262
2297
2315
2345
2360
2353
2339
2301
2243
2176
2095
2032
1963
1890
1875
1882
1917
1963
2026
2076
2128
2168
2167
2148
2125
2089
2058
2006
1964
1927
1891
1857
1829
1809
1793
1804
1821
1859
1881
1922
1964
2030
2074
2098
2143
2192
2234
2283
2312
2358
2373
2389
2401
2402
2404
2391
2374
2325
2273
2214
2137
2080
2040
2001
1970
1943
1928
1931
1973
2028
2071
2074
2063
2042
2019
1987
1929
1852
1805
1789
1781
1769
1743
1709
1690
1700
1747
1805
1879
1950
2009
2039
2086
2112
2130
2134
2108
2103
2110
2103
2077
2055
2029
2017
2008
1997
1986
1984
1957
1944
1954
1981
2011
2059
2091
2121
2150
2160
2122
2033
1954
1885
1835
1801
1798
1816
1863
1895
1933
1939
1961
1949
1918
1884
1863
1824
1811
1796
1803
1799
1819
1882
1927
1964
1979
2007
2002
1999
1981
1952
1930
1920
1916
1939
1952
1959
1969
2005
2004
2018
2010
2003
2008
2030
2041
2030
2038
2062
2078
2116
2151
2197
2211
2160
2112
2032
1954
1886
1824
1748
1693
1630
1623
1627
1662
1710
1747
1793
1844
1895
1926
1948
1916
1876
1816
1776
1755
1775
1807
1842
1877
1917
1968
2036
2084
2113
2100
2079
2037
2018
2010
2004
1993
2001
2022
2014
2011
2042
2067
2075
2086
2077
2040
1997
1975
1951
1935
1907
1897
1873
1864
1849
1832
1810
1823
1855
1896
1946
1960
1949
1916
1913
1893
1882
1860
1856
1876
1927
2000
2071
2130
2155
2177
2198
2195
2145
2080
2039
2006
1993
1998
2026
2032
2052
2064
2090
2100
2074
2036
2038
2049
2055
2054
2050
2049
2058
2070
2072
2081
2059
2046
2021
2006
1991
1990
1998
2004
2034
2081
2129
2188
2233
2290
2346
2377
2406
2433
2431
2422
2418
2389
2348
2322
2322
2296
2286
2247
2208
2134
2086
2058
2031
1964
1907
1838
1795
1768
1751
1751
1750
1776
1830
1895
1948
1982
2014
2053
2053
2055
2035
2002
1954
1914
1866
1859
1880
1925
1971
2037
2101
2153
2199
2184
2160
2109
2029
1909
1787
1688
1603
1559
1535
1540
1566
1596
1645
1721
1841
1927
1982
2008
2009
2003
1966
1939
1933
1924
1885
1852
1825
1821
1810
1795
1828
1842
1853
1882
1914
1964
2025
2110
2210
2263
2300
2338
2366
2380
2368
2333
2298
2278
2253
2240
2209
2131
2023
1919
1815
1750
1670
1617
1590
1573
1579
1600
1674
1723
1792
1859
1932
1996
2067
2101
2160
2175
2182
2142
2096
2054
2024
2015
2011
1991
1978
1987
2003
2014
2020
2011
1984
1976
1943
1910
1888
1871
1842
1843
1844
1836
1807
1815
1831
1849
1863
1887
1906
1927
1978
2014
2058
2090
2118
2138
2165
2142
2095
2004
1920
1799
1679
1570
1455
1345
1259
1216
1199
1199
1235
1293
1391
1478
1564
1649
1715
1790
1855
1908
1930
1917
1881
1845
1809
1780
1749
1731
1739
1764
1799
1842
1904
1985
2070
2123
2150
2120
2065
1992
1972
1967
1949
1904
1851
1818
1806
1828
1849
1867
1870
1854
1818
1811
1825
1857
1878
1905
1927
1956
2002
2048
2087
2111
2127
2146
2164
2187
2199
2189
2166
2145
2154
2173
2180
2193
2214
2248
2279
2301
2326
2348
2341
2319
2271
2237
2203
2173
2159
2136
2135
2137
2144
2152
2151
2176
2224
2264
2290
2320
2325
2308
2263
2218
2176
2119
2089
2072
2077
2079
2087
2082
2091
2092
2076
2074
2074
2088
2118
2164
2216
2254
2271
2284
2291
2294
2259
2215
2158
2125
2073
2041
2011
1993
1961
1928
1899
1864
1810
1777
1732
1720
1743
1783
1810
1830
1874
1893
1921
1911
1897
1875
1859
1844
1840
1826
1833
1840
1892
1959
2035
2102
2144
2169
2169
2172
2153
2123
2043
1987
1916
1861
1812
1821
1860
1889
1903
1910
1914
1940
1962
1978
1999
2023
2041
2050
2020
2002
1925
1844
1754
1666
1608
1583
1583
1565
1577
1637
1721
1791
1822
1840
1851
1865
1905
1960
2009
2052
2067
2059
2032
1997
1933
1866
1823
1820
1827
1827
1824
1827
1865
1916
1982
2033
2095
2183
2254
2298
2325
2339
2339
2358
2370
2381
2384
2372
2297
2223
2115
2014
1932
1850
1771
1688
1579
1512
1491
1510
1568
1639
1731
1814
1920
1987
2041
2075
2100
2092
2112
2114
2126
2145
2173
2179
2213
2239
2248
2221
2184
2128
2083
2053
2016
2015
2029
2055
2075
2113
2134
2143
2140
2163
2169
2213
2246
2285
2328
2374
2384
2386
2385
2382
2342
2268
2171
2063
1983
1899
1847
1804
1741
1700
1701
1714
1775
1837
1882
1891
1896
1895
1901
1889
1873
1875
1878
1905
1933
1963
1973
1990
2010
2056
2072
2064
2026
2007
1964
1966
1932
1891
1833
1797
1805
1791
1790
1809
1848
1880
1919
1954
2002
2022
2015
1997
1989
1970
1931
1893
1865
1840
1810
1796
1824
1864
1886
1910
1950
1987
1981
1942
1883
1852
1833
1819
1789
1765
1743
1721
1712
1701
1688
1683
1701
1724
1742
1775
1792
1812
1821
1827
1841
1871
1898
1908
1906
1888
1895
1899
1880
1879
1909
1952
1966
1969
1946
1907
1863
1837
1796
1779
1740
1740
1778
1805
1865
1860
1843
1805
1784
1726
1699
1675
1667
1659
1655
1633
1619
1632
1653
1670
1711
1774
1838
1907
1980
2050
2102
2119
2111
2107
2090
2083
2056
2052
2031
2016
2025
2055
2075
2105
2087
2058
2027
1986
1957
1927
1902
1873
1861
1831
1786
1738
1721
1735
1771
1782
1810
1839
1874
1927
2009
2048
2073
2090
2111
2130
2116
2099
2103
2092
2056
2026
1984
1972
1966
1971
1961
1951
1960
1977
2026
2057
2093
2107
2116
2129
2150
2168
2175
2183
2214
2230
2239
2222
2204
2181
2171
2178
2220
2244
2248
2247
2219
2203
2193
2204
2226
2247
2294
2311
2291
2273
2258
2235
2213
2206
2185
2165
2139
2126
2112
2099
2090
2068
2059
2034
2011
2006
2005
2010
2024
2019
1980
1952
1918
1909
1868
1861
1826
1779
1690
1653
1656
1679
1713
1748
1783
1818
1845
1893
1941
1975
1979
1951
1921
1890
1867
1837
1801
1773
1775
1786
1817
1841
1909
1939
1971
1974
1951
1915
1870
1843
1805
1804
1804
1845
1902
1954
1988
2031
2069
2095
2097
2096
2079
2062
2051
2052
2057
2067
2074
2091
2110
2098
2051
1967
1881
1837
1820
1773
1748
1739
1770
1799
1889
1957
2032
2091
2137
2159
2170
2163
2164
2190
2190
2154
2093
2045
1999
1964
1897
1877
1865
1883
1888
1926
1952
1992
2064
2140
2183
2204
2211
2213
2221
2238
2258
2249
2236
2232
2221
2190
2139
2091
2041
1995
1952
1922
1917
1925
1944
2008
2104
2181
2239
2276
2312
2352
2367
2360
2361
2361
2353
2366
2363
2354
2341
2334
2312
2295
2305
2311
2330
2333
2333
2311
2295
2295
2285
2285
2288
2301
2306
2296
2235
2196
2146
2119
2083
2072
2070
2076
2061
2071
2131
2202
2242
2267
2267
2261
2250
2236
2209
2187
2171
2169
2190
2208
2239
2253
2267
2273
2304
2341
2378
2382
2376
2356
2352
2329
2324
2310
2293
2286
2298
2296
2282
2300
2313
2351
2379
2400
2426
2440
2452
2441
2441
2419
2397
2358
2354
2328
2297
2268
2261
2256
2287
2300
2328
2329
2332
2336
2335
2325
2331
2349
2359
2359
2329
2293
2258
2233
2198
2191
2194
2216
2246
2276
2291
2299
2288
2290
2293
2320
2330
2348
2379
2381
2395
2391
2401
2387
2376
2356
2321
2248
2142
2008
1837
1740
1651
1563
1523
1506
1521
1546
1672
1781
1875
1937
1998
2040
2085
2103
2104
2116
2125
2105
2067
2019
1994
1988
1962
1928
1899
1884
1881
1920
1989
2056
2148
2200
2203
2195
2172
2149
2120
2108
2090
2096
2109
2123
2150
2162
2142
2134
2139
2098
2057
2021
1997
1985
1984
2000
2006
1982
1973
1982
2003
2044
2095
2113
2131
2136
2170
2242
2296
2306
2293
2250
2225
2212
2196
2190
2161
2148
2124
2102
2043
1992
1934
1900
1866
1887
1917
1966
2031
2084
2091
2108
2105
2096
2104
2112
2100
2103
2121
2119
2142
2182
2218
2236
2245
2234
2229
2236
2244
2222
2215
2216
2223
2239
2260
2296
2322
2347
2375
2392
2404
2403
2392
2356
2277
2239
2205
2164
2109
2089
2073
2037
2008
1980
1942
1903
1886
1874
1865
1839
1824
1811
1811
1803
1779
1771
1819
1869
1923
2002
2071
2150
2225
2232
2213
2170
2108
2062
2020
1991
1945
1917
1930
1950
2021
2082
2163
2221
2275
2332
2393
2455
2508
2548
2560
2545
2506
2468
2428
2400
2367
2332
2285
2233
2180
2135
2072
2032
2011
2003
1985
1979
1953
1940
1916
1927
1925
1943
1946
1965
1982
2001
2007
1985
1990
1968
1948
1927
1941
1925
1924
1893
1886
1853
1843
1821
1825
1828
1829
1831
1838
1826
1829
1833
1839
1857
1865
1886
1910
1942
1954
1939
1922
1923
1912
1895
1892
1891
1880
1897
1926
1960
1972
1962
1958
1965
1957
1944
1943
1954
1994
2018
2054
2085
2112
2155
2212
2232
2238
2217
2198
2192
2193
2176
2170
2129
2104
2084
2071
2046
2027
2011
1997
2016
2029
2052
2058
2085
2083
2092
2096
2109
2092
2065
2054
2059
2050
2060
2095
2122
2146
2159
2160
2142
2101
2073
2047
2057
2065
2079
2096
2127
2149
2170
2192
2187
2185
2179
2171
2184
2212
2222
2210
2182
2134
2109
2095
2080
2072
2077
2128
2188
2250
2279
2287
2270
2269
2253
2251
2234
2209
2158
2118
2066
2019
1996
1959
1951
1958
1983
2003
2032
2052
2076
2083
47.29248047
1.666113257
999
