5835
2182
2159
2219
2175
2197
2166
2205
2155
2183
2152
2203
2146
2173
2116
2167
2130
2155
2088
2132
2098
2123
2060
2084
2037
2095
2041
2084
2037
2085
2054
2089
2043
2091
2077
2118
2083
2107
2053
2096
2056
2074
2022
2039
2045
2083
2043
2054
2048
2104
2094
2115
2105
2107
2101
2087
2052
2052
2056
2036
2014
1966
1955
1957
1978
1975
1993
1996
2044
2033
2044
2017
2043
2024
2013
1965
1996
1963
2002
1951
1973
1935
1991
1959
2005
1957
2003
1987
2028
1965
1991
1916
1972
1903
1941
1869
1919
1871
1910
1855
1908
1860
1932
1880
1925
1865
1934
1910
1964
1918
1955
1943
2030
1978
2019
1990
2023
2003
2026
1983
1999
1984
2025
1979
1987
1945
1987
1958
1948
1896
1933
1937
1959
1946
1953
1977
2024
2010
2026
2045
2066
2092
2079
2078
2075
2081
2069
2055
2016
2007
1993
1983
1936
1926
1936
1952
1926
1924
1927
1971
1975
1987
1986
1998
2008
2060
2043
2061
2046
2081
2075
2086
2057
2053
2052
2062
2012
2023
2005
2028
2008
2022
1991
2023
2030
2065
2044
2058
2027
2075
2031
2045
1993
2043
2027
2063
2026
2065
2052
2094
2056
2081
2059
2086
2064
2073
2030
2068
2056
2094
2051
2080
2036
2095
2069
2093
2044
2075
2040
2058
2047
2045
2028
2046
2022
2044
2001
1995
2012
2022
2019
2016
2029
2054
2043
2027
2034
2029
2064
2055
2057
2049
2082
2087
2099
2064
2081
2086
2134
2102
2099
2077
2111
2073
2095
2060
2099
2072
2110
2073
2111
2069
2130
2114
2152
2108
2150
2122
2169
2129
2183
2133
2203
2161
2184
2150
2158
2128
2161
2127
2139
2100
2146
2129
2134
2110
2108
2116
2135
2109
2090
2064
2062
2061
2033
2009
2008
2033
2047
2064
2046
2072
2082
2097
2063
2061
2059
2072
2029
2054
2008
2061
2037
2059
2019
2075
2053
2121
2051
2091
2025
2106
2069
2125
2045
2094
2070
2135
2074
2115
2067
2122
2097
2118
2077
2089
2066
2103
2041
2052
2061
2055
2065
2061
2054
2060
2071
2033
2091
2032
2071
2037
2087
2048
2073
2022
2077
2041
2083
2014
2049
1998
2044
2013
2071
2008
2043
2007
2057
1987
2017
1980
2020
1967
2000
1945
1990
1976
2013
1966
1971
1949
1989
1955
1975
1925
1975
1958
1952
1932
1933
1947
1969
1931
1930
1927
1929
1959
1945
1950
1937
1967
1944
1927
1879
1888
1891
1910
1871
1883
1880
1884
1851
1851
1812
1845
1821
1821
1787
1825
1793
1847
1805
1828
1798
1839
1803
1814
1773
1782
1739
1793
1768
1802
1776
1816
1809
1847
1840
1897
1896
1942
1921
1953
1950
1957
1973
1994
1980
1974
1976
1960
1985
1981
1990
2001
2031
2025
2031
2004
2008
1997
1991
1955
1939
1938
1937
1899
1899
1863
1880
1878
1881
1851
1863
1856
1906
1869
1891
1855
1899
1883
1913
1893
1926
1909
1958
1912
1946
1915
1971
1933
1952
1903
1917
1906
1963
1912
1929
1911
1924
1928
1943
1926
1938
1934
1967
1956
1930
1912
1918
1957
1942
1922
1922
1925
1923
1919
1891
1900
1896
1889
1856
1865
1833
1890
1854
1875
1844
1866
1876
1916
1874
1901
1852
1908
1861
1880
1821
1879
1864
1908
1859
1908
1887
1938
1875
1923
1894
1949
1914
1949
1898
1953
1925
1995
1974
2018
1967
2012
1970
1999
1944
1974
1943
1968
1941
1930
1894
1930
1915
1920
1923
1905
1924
1933
1920
1911
1917
1902
1938
1894
1925
1883
1946
1922
1923
1844
1863
1812
1878
1793
1830
1772
1864
1862
1947
1906
1950
1931
1998
1937
1980
1953
1970
1977
2005
1950
1947
1919
1929
1908
1866
1865
1833
1868
1855
1846
1823
1848
1807
1844
1775
1806
1763
1832
1807
1865
1830
1874
1832
1893
1827
1861
1810
1861
1826
1856
1815
1860
1851
1899
1857
1878
1870
1849
1867
1862
1847
1839
1846
1858
1877
1865
1865
1855
1869
1848
1839
1821
1863
1855
1872
1840
1859
1855
1863
1833
1869
1827
1875
1845
1855
1802
1828
1788
1848
1800
1830
1787
1877
1867
1912
1890
1928
1934
1992
1959
1990
1948
2003
1975
1981
1944
1954
1934
1931
1855
1855
1824
1849
1826
1816
1791
1815
1809
1826
1827
1828
1847
1889
1897
1903
1903
1956
1976
1968
1975
1975
2001
2018
2016
1996
2031
2001
2070
2067
2098
2085
2136
2146
2188
2170
2195
2163
2219
2181
2203
2154
2197
2191
2242
2226
2248
2214
2271
2228
2262
2232
2226
2216
2230
2203
2195
2166
2159
2184
2177
2171
2150
2156
2166
2151
2137
2157
2135
2199
2184
2210
2182
2227
2216
2259
2222
2246
2218
2284
2243
2263
2226
2257
2247
2300
2259
2298
2256
2316
2290
2298
2261
2263
2273
2301
2252
2265
2254
2265
2272
2250
2248
2246
2279
2284
2301
2251
2277
2276
2307
2263
2269
2247
2296
2256
2299
2231
2276
2250
2304
2242
2291
2227
2271
2233
2257
2208
2249
2202
2233
2217
2213
2179
2214
2195
2182
2119
2108
2115
2117
2118
2095
2106
2112
2120
2097
2147
2100
2126
2099
2151
2087
2123
2065
2119
2071
2117
2051
2104
2066
2123
2078
2102
2034
2110
2090
2127
2059
2100
2066
2096
2072
2076
2045
2084
2068
2075
2069
2038
2063
2067
2080
2059
2066
2063
2060
1999
2007
1946
2002
1970
1980
1916
1965
1914
1978
1940
1998
1936
2000
1966
2035
2005
2046
2020
2093
2064
2091
2037
2056
2048
2044
2024
2021
2005
2012
1990
1967
1983
1945
1980
1985
2018
2015
2050
2046
2125
2095
2115
2090
2139
2102
2099
2078
2105
2063
2103
2060
2089
2039
2091
2073
2118
2078
2085
2066
2093
2053
2071
2051
2056
2047
2051
2039
2036
2032
2071
2069
2067
2064
2064
2100
2090
2082
2067
2067
2060
2064
2005
2009
1975
2001
1968
1983
1948
1975
1988
2066
2028
2052
2043
2097
2095
2114
2073
2088
2080
2110
2055
2067
2031
2056
2044
2061
2029
2045
2043
2054
2055
2053
2041
2052
2062
2066
2046
2040
2067
2063
2095
2078
2145
2162
2146
2190
2156
2167
2131
2178
2141
2161
2098
2130
2099
2127
2071
2081
2043
2088
2035
2059
2031
2038
2021
2053
2013
2024
1991
1995
1994
1957
1906
1906
1911
1917
1891
1891
1894
1908
1942
1937
1953
1963
2011
2003
2046
1986
2011
1995
2045
1994
2029
2011
2080
2073
2111
2061
2094
2071
2117
2080
2087
2037
2074
2035
2050
1995
2033
2004
2031
2027
2017
1991
2022
2019
2046
2074
2055
2065
2050
2058
2027
2029
2011
2020
1967
1999
1937
1999
1973
2031
1999
2074
2029
2111
2045
2067
1991
2028
1972
1974
1901
1918
1865
1921
1894
1937
1889
1897
1915
1927
1942
1957
1970
1996
2000
1978
1996
1944
1987
1960
1972
1930
1946
1897
1979
1918
1965
1899
1968
1935
1982
1940
1977
1923
1982
1933
1982
1944
2013
1964
2002
1963
1979
1966
2003
1960
1975
1948
1925
1947
1952
1957
1935
1940
1947
1968
1934
1959
1911
1971
1940
1944
1909
1934
1901
1961
1895
1951
1919
1997
1968
2031
1979
2017
1997
2045
1994
2030
2002
2040
2029
2045
2012
2031
2011
2035
2009
2025
2029
2037
2068
2055
2035
2021
2030
2020
2054
2029
2056
2069
2115
2093
2103
2076
2103
2083
2120
2074
2088
2052
2074
2043
2060
2012
2037
2030
2060
2026
2048
2027
2089
2091
2124
2102
2133
2124
2146
2115
2078
2023
2030
2024
2001
1966
1974
1964
1975
1974
1959
1978
1998
2023
2024
2062
2041
2099
2119
2146
2115
2131
2131
2173
2126
2130
2070
2087
2056
2052
1979
2006
1965
2010
1976
2003
1972
2017
2005
2034
2019
2019
1998
2034
2016
2027
1997
2012
2048
2055
2055
2054
2050
2055
2034
2020
2022
1969
2003
1998
2001
1971
2005
1977
2034
1996
2021
1993
2056
2020
2057
2034
2054
2008
2061
2006
2030
1976
2031
1973
1985
1930
1936
1921
1947
1908
1928
1917
1935
1978
2003
1997
2006
2050
2088
2099
2078
2088
2068
2103
2076
2083
2052
2081
2062
2113
2060
2101
2062
2104
2028
2058
1981
1997
1965
2022
1966
2015
2003
2050
2058
2088
2071
2106
2103
2142
2109
2112
2099
2097
2090
2076
2064
2074
2097
2086
2125
2108
2142
2133
2178
2151
2168
2115
2173
2122
2161
2083
2125
2076
2115
2071
2104
2024
2076
2017
2051
1987
2030
1998
2041
2038
2070
2038
2091
2093
2108
2091
2056
2058
2047
2043
2007
1970
1970
1980
1967
1997
1958
2001
1984
2023
1986
2059
2004
2090
2052
2110
2069
2152
2119
2174
2101
2117
2058
2122
2073
2100
2043
2073
2067
2091
2063
2086
2078
2127
2095
2111
2099
2079
2090
2098
2102
2109
2128
2124
2170
2137
2158
2146
2191
2165
2184
2148
2187
2166
2219
2176
2204
2174
2231
2186
2235
2183
2199
2166
2197
2154
2172
2139
2145
2131
2149
2104
2118
2095
2132
2102
2100
2095
2106
2122
2122
2102
2108
2136
2147
2171
2147
2146
2135
2165
2149
2147
2089
2095
2088
2119
2074
2070
2062
2120
2125
2155
2119
2163
2164
2205
2169
2219
2193
2228
2215
2220
2200
2214
2211
2240
2244
2234
2225
2233
2247
2231
2223
2211
2236
2240
2246
2206
2224
2222
2249
2238
2245
2210
2242
2222
2246
2208
2222
2188
2215
2171
2176
2130
2160
2149
2185
2162
2185
2134
2165
2130
2161
2118
2144
2129
2146
2130
2109
2078
2094
2087
2070
2045
2023
2032
2044
2076
2058
2067
2071
2082
2052
2085
2052
2087
2076
2109
2067
2123
2077
2157
2135
2167
2122
2172
2136
2160
2111
2124
2074
2143
2103
2133
2053
2075
2067
2070
2030
2026
2012
2043
2013
2008
2010
1979
2016
2019
2016
1988
1998
1962
2024
1975
2009
1963
2028
1994
2033
1996
2047
1999
2058
1987
2028
1970
2023
1986
2013
1956
1979
1939
1984
1936
1978
1971
1977
1993
2004
2004
2020
2026
2054
2046
2004
2004
1983
2018
2001
2016
1998
2059
2025
2091
2029
2082
2037
2112
2055
2112
2044
2072
2043
2109
2061
2118
2078
2129
2118
2135
2097
2118
2106
2142
2095
2098
2091
2095
2118
2121
2106
2103
2118
2109
2159
2117
2146
2132
2162
2129
2137
2093
2140
2098
2145
2070
2110
2063
2108
2048
2087
2041
2097
2071
2117
2064
2098
2071
2112
2100
2107
2073
2108
2097
2120
2097
2081
2092
2123
2136
2139
2144
2159
2158
2153
2166
2133
2152
2143
2169
2143
2178
2135
2165
2116
2131
2067
2076
2039
2062
2027
2059
2018
2078
2090
2135
2113
2161
2155
2185
2156
2171
2147
2179
2151
2170
2178
2175
2166
2183
2166
2137
2117
2113
2151
2143
2144
2113
2122
2108
2105
2059
2087
2045
2094
2079
2105
2094
2134
2111
2154
2118
2147
2119
2170
2138
2142
2120
2147
2131
2160
2125
2128
2107
2164
2144
2144
2117
2123
2130
2149
2136
2157
2169
2178
2205
2195
2182
2160
2171
2160
2188
2163
2183
2168
2200
2177
2202
2167
2198
2166
2183
2129
2148
2123
2165
2134
2177
2133
2159
2150
2183
2133
2156
2125
2149
2149
2151
2116
2133
2117
2137
2113
2142
2140
2149
2171
2168
2152
2144
2165
2129
2153
2105
2113
2103
2134
2092
2101
2061
2115
2098
2134
2092
2136
2123
2167
2119
2162
2096
2143
2098
2123
2053
2099
2064
2096
2064
2056
2027
2075
2060
2073
2056
2056
2057
2086
2096
2089
2104
2112
2127
2088
2110
2078
2135
2111
2141
2103
2148
2081
2149
2092
2115
2044
2109
2071
2116
2057
2101
2061
2137
2090
2136
2090
2151
2153
2184
2168
2185
2188
2230
2222
2217
2233
2201
2239
2236
2243
2204
2221
2177
2238
2176
2217
2159
2219
2192
2227
2171
2211
2174
2256
2200
2247
2188
2263
2223
2266
2206
2221
2179
2219
2159
2172
2150
2134
2160
2161
2142
2129
2140
2165
2184
2131
2134
2106
2176
2152
2174
2143
2156
2123
2194
2144
2192
2155
2218
2166
2216
2152
2166
2106
2137
2060
2095
2046
2091
2093
2112
2090
2132
2117
2158
2128
2151
2162
2177
2194
2193
2204
2207
2242
2246
2266
2230
2247
2232
2262
2216
2201
2138
2161
2129
2153
2114
2140
2121
2165
2131
2161
2116
2147
2136
2194
2152
2185
2174
2182
2184
2172
2148
2146
2164
2191
2196
2173
2170
2170
2199
2177
2173
2155
2163
2140
2153
2101
2106
2089
2125
2089
2097
2054
2095
2089
2123
2078
2100
2089
2133
2123
2131
2092
2128
2097
2115
2072
2092
2070
2104
2089
2097
2077
2112
2112
2121
2123
2098
2102
2120
2126
2114
2097
2089
2105
2096
2104
2083
2110
2111
2121
2094
2123
2079
2122
2101
2119
2088
2128
2110
2167
2127
2151
2119
2167
2144
2162
2124
2139
2111
2137
2107
2122
2089
2130
2126
2148
2131
2127
2119
2144
2140
2132
2129
2104
2131
2123
2126
2124
2158
2175
2205
2162
2190
2138
2195
2164
2162
2097
2145
2106
2159
2104
2136
2096
2165
2129
2184
2148
2164
2144
2201
2177
2206
2161
2178
2172
2169
2138
2132
2129
2150
2113
2085
2084
2084
2115
2089
2094
2088
2129
2112
2170
2114
2159
2130
2199
2151
2207
2160
2227
2199
2250
2182
2225
2186
2257
2215
2239
2184
2204
2166
2187
2117
2136
2098
2113
2119
2106
2092
2105
2113
2116
2103
2063
2079
2055
2087
2044
2059
2046
2083
2052
2097
2026
2073
2042
2098
2037
2099
2039
2079
2036
2086
2027
2071
2038
2068
2028
2046
1996
2044
2011
2024
1951
1952
1962
1966
1979
1970
1980
2017
2041
2041
2073
2036
2086
2062
2072
2014
2037
1987
2039
1978
1994
1919
1964
1922
1959
1929
1988
1959
2030
1984
2007
1946
1994
1947
1967
1934
1948
1921
1965
1930
1938
1938
1919
1955
1950
1951
1944
1962
1979
1996
1961
1986
1957
2002
1969
1987
1942
1946
1877
1932
1871
1905
1864
1927
1898
1952
1930
1952
1924
1966
1924
1937
1886
1910
1907
1933
1901
1906
1882
1905
1865
1853
1834
1812
1822
1810
1786
1755
1763
1761
1811
1780
1785
1767
1809
1800
1804
1783
1796
1783
1832
1773
1783
1769
1833
1847
1874
1842
1867
1865
1905
1857
1867
1859
1902
1881
1885
1853
1870
1862
1884
1841
1819
1788
1802
1799
1788
1767
1763
1760
1767
1775
1740
1737
1733
1741
1705
1707
1668
1700
1699
1733
1712
1750
1755
1809
1789
1810
1772
1831
1825
1864
1815
1846
1815
1871
1828
1869
1827
1877
1866
1907
1893
1917
1885
1914
1918
1937
1903
1923
1936
1934
1927
1930
1931
1943
1947
1940
1984
1942
1999
1983
1994
1939
1945
1897
1969
1910
1946
1894
1971
1940
1971
1944
1990
1948
2003
1942
1969
1911
1971
1930
1954
1926
1943
1946
1994
1983
2002
1997
1969
2005
1989
1992
1968
1984
1984
2005
1939
1970
1910
1978
1940
1976
2023
1968
2064
2015
2066
2012
2068
1997
2040
1989
2029
1964
2007
1951
1982
1907
1963
1918
1956
1913
1924
1911
1967
1925
1961
1941
1943
1946
1938
1914
1908
1915
1925
1920
1865
1883
1859
1918
1888
1919
1900
1947
1939
2008
1928
1955
1894
1929
1829
1849
1762
1782
1735
1770
1698
1737
1726
1794
1798
1849
1842
1889
1885
1921
1862
1868
1876
1887
1907
1894
1878
1876
1885
1869
1909
1860
1898
1869
1917
1882
1899
1857
1885
1828
1844
1783
1820
1767
1829
1796
1830
1807
1857
1862
1906
1879
1904
1889
1898
1889
1901
1900
1910
1922
1952
1957
1942
1944
1944
1980
1951
1952
1938
1931
1891
1913
1855
1857
1819
1854
1813
1846
1795
1837
1815
1847
1797
1820
1805
1855
1824
1823
1777
1813
1795
1807
1761
1758
1736
1749
1739
1736
1711
1739
1748
1772
1792
1798
1843
1875
1905
1912
1931
1922
1976
1953
1970
1961
2001
1989
1988
1963
1978
1932
1975
1939
1951
1901
1901
1863
1897
1850
1882
1841
1893
1871
1891
1859
1867
1853
1883
1869
1883
1866
1886
1858
1861
1827
1814
1808
1832
1809
1819
1827
1806
1834
1835
1852
1835
1875
1885
1901
1865
1879
1849
1906
1880
1907
1851
1898
1858
1915
1861
1896
1865
1942
1901
1935
1883
1900
1883
1916
1876
1893
1861
1895
1914
1914
1897
1911
1951
1984
1970
1955
1950
1918
1944
1907
1899
1864
1894
1847
1888
1812
1860
1823
1875
1806
1859
1823
1889
1859
1921
1858
1890
1859
1919
1891
1906
1867
1908
1886
1926
1896
1937
1929
1938
1933
1912
1875
1857
1861
1853
1846
1789
1793
1743
1800
1768
1792
1775
1825
1798
1858
1797
1828
1780
1838
1767
1831
1781
1845
1819
1866
1815
1861
1818
1845
1813
1802
1762
1787
1787
1811
1781
1800
1838
1862
1881
1867
1890
1925
1970
1962
1983
1929
1977
1948
1965
1903
1936
1886
1941
1870
1917
1831
1881
1837
1874
1834
1862
1827
1884
1866
1909
1890
1975
1978
2026
2003
2031
2010
2047
2029
2039
2033
1999
2017
2007
2012
2001
2005
2006
2017
1973
1995
1949
1986
1956
1985
1951
1997
1959
2052
2017
2060
2006
2071
2038
2081
2039
2046
2003
2065
2029
2057
2008
2036
2027
2048
2007
2009
1995
2027
1994
1990
1988
1952
1987
1997
1996
1980
1999
1975
2015
1976
1978
1941
1984
1956
1953
1907
1945
1916
1984
1934
1968
1925
1982
1961
1993
1956
1967
1973
1997
1944
1968
1963
2000
2004
2009
1966
1995
2007
2058
2050
2039
2047
2055
2059
2040
2009
2002
1977
1973
1969
1940
1918
1910
1922
1894
1882
1849
1867
1847
1860
1821
1830
1820
1866
1835
1873
1837
1903
1909
1956
1931
1986
1949
2004
1975
1996
1944
1994
1974
1988
1972
1992
1967
2007
1995
2007
1955
1951
1961
1963
1942
1919
1908
1932
1935
1912
1928
1877
1923
1904
1913
1884
1923
1889
1955
1925
1956
1898
1955
1917
1951
1911
1937
1906
1997
1967
2012
1959
2037
2047
2081
2045
2057
2044
2111
2070
2083
2055
2032
2043
2027
1999
1997
2006
2013
2025
1998
2025
1994
2046
2015
2029
1992
2040
2002
2068
2009
2043
1989
2055
1997
2033
1970
2003
1948
2001
1936
1968
1925
1967
1970
1980
1915
1901
1854
1873
1810
1804
1802
1803
1839
1835
1839
1824
1853
1823
1883
1861
1905
1892
1968
1938
1972
1955
2003
1963
2023
1935
1954
1868
1917
1854
1871
1781
1802
1781
1819
1754
1795
1789
1830
1839
1834
1836
1833
1859
1889
1922
1882
1918
1912
1986
1971
1999
1992
2058
2027
2103
2048
2101
2054
2118
2037
2091
2043
2084
2046
2082
2004
2017
1951
1982
1972
1979
1950
1959
1963
2002
1968
2004
2011
2013
2036
2023
2025
2005
2008
1973
2021
1979
1990
1954
1998
1962
1965
1899
1941
1896
1952
1909
1940
1901
1974
1950
1995
1947
1982
1963
1994
1948
1979
1947
1981
1960
1967
1923
1948
1943
1944
1922
1884
1874
1875
1881
1871
1865
1891
1919
1924
1941
1907
1937
1941
1951
1907
1915
1855
1900
1874
1905
1856
1915
1904
1940
1898
1920
1905
1966
1950
1971
1962
2007
2008
2063
2058
2083
2068
2110
2103
2123
2111
2100
2107
2128
2114
2107
2088
2079
2097
2078
2042
2000
1987
1976
1961
1919
1949
1917
1976
1964
2009
1987
2024
2019
2075
2044
2066
2033
2079
2049
2076
2034
2070
2045
2082
2038
2054
2019
2052
2028
2049
2031
2051
2045
2082
2055
2052
2035
2023
2052
2050
2050
2045
2077
2088
2099
2057
2086
2061
2127
2091
2125
2090
2124
2100
2146
2080
2098
2060
2110
2032
2083
2020
2060
2033
2098
2044
2091
2066
2103
2110
2099
2074
2093
2077
2097
2071
2055
2069
2080
2100
2073
2072
2066
2091
2057
2102
2044
2095
2089
2135
2095
2132
2069
2119
2062
2092
2009
2041
2010
2084
2043
2076
2011
2055
2016
2060
1997
2015
1960
1974
1967
1963
1929
1952
1953
1956
1951
1926
1925
1929
1953
1913
1903
1886
1903
1852
1880
1795
1822
1779
1834
1768
1823
1771
1847
1820
1879
1820
1899
1859
1915
1878
1914
1871
1928
1900
1924
1878
1921
1941
1978
1968
1972
1961
1983
1986
1975
1994
1956
1992
1988
2013
1976
2010
1960
2029
1982
2028
1988
2060
2037
2075
2039
2099
2057
2130
2081
2141
2076
2142
2108
2156
2131
2169
2135
2202
2180
2207
2194
2172
2191
2211
2213
2200
2190
2203
2224
2192
2202
2162
2218
2213
2232
2211
2226
2167
2231
2183
2196
2152
2202
2158
2184
2122
2148
2096
2148
2103
2142
2098
2147
2172
2225
2211
2238
2236
2287
2265
2292
2288
2273
2286
2272
2258
2252
2260
2250
2284
2261
2269
2269
2318
2300
2299
2272
2311
2299
2345
2309
2322
2295
2325
2289
2293
2247
2277
2255
2281
2238
2260
2246
2289
2287
2304
2286
2306
2297
2330
2319
2320
2291
2297
2303
2312
2290
2292
2288
2297
2291
2274
2277
2291
2310
2299
2304
2269
2295
2281
2313
2272
2294
2274
2312
2302
2319
2254
2294
2276
2312
2263
2313
2266
2309
2294
2326
2278
2319
2305
2332
2320
2312
2279
2312
2297
2300
2250
2246
2260
2282
2293
2290
2272
2285
2288
2254
2274
2211
2252
2249
2279
2257
2291
2274
2341
2305
2319
2273
2336
2300
2330
2289
2331
2292
2363
2320
2358
2306
2359
2324
2354
2310
2324
2298
2349
2320
2342
2314
2288
2303
2308
2288
2271
2280
2305
2317
2279
2322
2282
2332
2316
2342
2294
2341
2282
2354
2305
2349
2310
2384
2345
2419
2371
2411
2361
2427
2375
2398
2346
2359
2375
2392
2378
2355
2338
2360
2369
2353
2379
2325
2368
2363
2394
2358
2401
2362
2439
2373
2407
2333
2391
2353
2399
2367
2402
2357
2426
2375
2417
2360
2420
2373
2399
2361
2389
2369
2428
2391
2423
2412
2392
2408
2397
2383
2370
2365
2362
2366
2301
2339
2299
2353
2308
2327
2290
2332
2261
2326
2260
2295
2223
2296
2250
2310
2255
2285
2248
2302
2253
2271
2204
2227
2218
2218
2174
2171
2165
2202
2174
2193
2221
2222
2264
2260
2257
2243
2279
2257
2314
2261
2274
2245
2286
2229
2241
2192
2231
2211
2281
2212
2219
2174
2241
2209
2237
2186
2211
2196
2242
2201
2224
2202
2242
2250
2260
2231
2260
2251
2260
2251
2210
2209
2206
2232
2207
2204
2195
2208
2175
2187
2142
2166
2161
2165
2112
2116
2070
2097
2060
2080
2038
2064
2037
2101
2072
2099
2059
2106
2095
2126
2110
2150
2131
2160
2144
2158
2134
2148
2130
2122
2115
2085
2077
2100
2113
2120
2107
2094
2149
2151
2172
2154
2164
2166
2181
2146
2149
2081
2113
2080
2081
2011
2000
1917
1927
1872
1874
1832
1893
1902
1956
1946
1975
1974
2029
2002
2034
2013
2083
2066
2062
2039
2036
2046
2080
2060
2044
2034
2034
2088
2095
2109
2094
2119
2137
2159
2108
2144
2108
2161
2121
2152
2112
2158
2122
2157
2092
2143
2100
2152
2094
2132
2100
2129
2120
2166
2127
2170
2143
2183
2185
2175
2160
2148
2140
2143
2118
2107
2110
2090
2110
2069
2072
2030
2044
1988
2031
1974
2025
2001
2069
2015
2044
2004
2050
2010
2055
1992
2042
2007
2072
2032
2068
2014
2034
2015
2057
2001
2020
2002
2037
2041
2043
2027
2042
2057
2061
2072
2029
2043
2045
2107
2080
2086
2078
2122
2069
2117
2047
2107
2085
2156
2091
2144
2087
2144
2119
2152
2088
2126
2086
2112
2077
2086
2051
2083
2053
2071
2021
2034
2053
2053
2030
2003
2000
1992
1991
1959
1987
1948
1994
1975
2016
1970
1998
1952
2008
1942
1994
1937
1994
1935
1987
1941
1972
1913
1958
1918
1964
1908
1970
1955
1944
1991
1960
2021
1967
1994
1938
1964
1918
1953
1883
1931
1893
1920
1849
1880
1840
1895
1868
1881
1828
1875
1854
1850
1847
1846
1858
1893
1904
1912
1884
1877
1907
1898
1916
1880
1891
1887
1912
1868
1894
1861
1925
1921
1943
1916
1939
1900
1936
1897
1931
1898
1965
1947
1989
1992
2017
2005
2046
2019
2039
1997
2042
2018
2022
2013
1991
1968
1966
1953
1947
1940
1933
1955
1968
1982
1975
1989
1994
1990
1927
1929
1872
1898
1875
1861
1820
1841
1817
1856
1803
1823
1791
1857
1849
1909
1871
1896
1884
1948
1922
1962
1941
1973
1991
2000
1963
1967
1954
1978
1939
1953
1946
1947
1977
1972
1988
2010
2030
2002
2042
2005
2022
2013
2053
2030
2067
2053
2087
2054
2093
2028
2025
1970
2008
1960
1978
1927
1953
1919
1981
1927
1969
1951
1993
2003
2028
2000
2030
2033
2054
2025
2020
2014
2002
2024
2003
2007
1995
2031
2009
2037
1968
1992
1952
2002
1947
2003
1946
1999
1989
2064
2026
2098
2096
2158
2147
2155
2104
2130
2102
2135
2065
2077
2070
2092
2104
2105
2101
2103
2102
2068
2089
2031
2024
2004
2043
2012
2015
1987
2032
1990
2035
1954
1992
1934
1980
1928
1948
1891
1960
1939
2011
1961
2042
2037
2115
2102
2129
2092
2149
2129
2160
2158
2150
2147
2170
2170
2165
2150
2158
2171
2150
2167
2121
2154
2140
2160
2115
2169
2095
2144
2091
2137
2081
2131
2104
2162
2111
2146
2072
2127
2091
2130
2069
2096
2085
2125
2102
2106
2060
2108
2085
2095
2108
2079
2091
2120
2134
2114
2095
2058
2114
2084
2105
2056
2108
2081
2108
2081
2124
2064
2156
2109
2153
2086
2148
2109
2153
2088
2113
2074
2125
2073
2088
2048
2057
2037
2057
2009
2002
1987
2014
2011
1991
1996
1987
2033
2036
2028
2027
2050
2024
2054
2008
2016
1979
2009
1983
2007
1969
2020
2005
2081
2043
2085
2063
2126
2123
2156
2130
2161
2143
2172
2122
2127
2100
2112
2093
2089
2041
2026
2011
2031
2049
2051
2026
2035
2059
2067
2063
2059
2074
2088
2105
2102
2123
2131
2172
2144
2168
2126
2136
2130
2173
2132
2152
2129
2192
2175
2212
2172
2194
2178
2199
2162
2159
2115
2166
2140
2145
2101
2141
2127
2156
2153
2167
2162
2195
2188
2182
2187
2149
2164
2185
2183
2155
2138
2145
2149
2111
2114
2071
2113
2078
2091
2068
2126
2094
2159
2126
2168
2137
2187
2162
2207
2164
2207
2168
2235
2192
2231
2172
2209
2188
2207
2181
2209
2182
2220
2187
2189
2190
2175
2195
2208
2202
2183
2194
2173
2224
2184
2195
2152
2201
2192
2198
2158
2175
2135
2196
2153
2188
2141
2212
2167
2191
2125
2164
2148
2204
2137
2174
2131
2154
2145
2171
2128
2148
2153
2196
2191
2184
2167
2180
2192
2209
2195
2207
2231
2237
2254
2233
2249
2257
2289
2239
2261
2200
2272
2234
2269
2203
2251
2219
2260
2186
2238
2165
2234
2190
2233
2164
2214
2189
2278
2230
2273
2237
2304
2268
2294
2269
2258
2260
2295
2281
2288
2263
2239
2290
2270
2278
2227
2262
2255
2267
2216
2254
2192
2253
2208
2241
2183
2245
2196
2270
2198
2231
2185
2261
2200
2233
2198
2215
2210
2246
2204
2226
2192
2259
2255
2238
2219
2206
2238
2251
2236
2219
2223
2197
2237
2185
2194
2159
2205
2189
2218
2164
2210
2177
2246
2194
2212
2155
2206
2202
2243
2191
2231
2192
2238
2203
2223
2204
2208
2215
2229
2196
2204
2192
2176
2212
2177
2182
2171
2210
2206
2206
2170
2191
2173
2211
2182
2204
2188
2227
2205
2246
2195
2215
2210
2253
2200
2198
2171
2189
2163
2184
2156
2173
2152
2176
2151
2152
2128
2157
2164
2182
2161
2187
2177
2193
2208
2201
2198
2230
2254
2249
2244
2215
2223
2236
2261
2225
2216
2223
2227
2193
2201
2142
2177
2171
2196
2137
2177
2133
2176
2171
2205
2166
2208
2208
2236
2220
2242
2212
2250
2248
2259
2228
2232
2227
2253
2258
2221
2199
2208
2211
2182
2188
2146
2158
2156
2181
2149
2152
2111
2156
2122
2157
2103
2123
2097
2134
2101
2123
2078
2126
2090
2115
2081
2124
2090
2120
2106
2135
2103
2156
2158
2181
2168
2153
2169
2199
2191
2172
2161
2177
2192
2159
2191
2160
2208
2200
2217
2192
2236
2181
2234
2194
2215
2147
2193
2155
2198
2133
2160
2115
2181
2136
2175
2121
2159
2165
2193
2145
2163
2155
2206
2178
2183
2178
2157
2175
2177
2160
2149
2156
2129
2189
2133
2167
2134
2181
2169
2205
2169
2210
2171
2242
2184
2231
2179
2254
2212
2255
2200
2248
2200
2255
2194
2229
2174
2194
2169
2166
2145
2154
2142
2165
2121
2093
2086
2066
2090
2072
2072
2053
2078
2053
2099
2050
2086
2044
2091
2044
2081
2003
2041
1992
2032
1954
1991
1931
1978
1943
1975
1921
1958
1943
1994
1927
1962
1944
1972
1975
1977
1955
1958
1960
1954
1973
1949
1963
1958
1984
1951
1952
1914
1969
1936
1975
1928
1950
1940
1978
1950
1997
1956
2023
2009
2041
1982
2017
1993
2062
2052
2092
2073
2123
2118
2139
2126
2119
2086
2093
2082
2072
2060
2074
2087
2084
2087
2064
2081
2091
2111
2104
2128
2106
2162
2149
2179
2165
2192
2191
2217
2181
2214
2151
2202
2169
2201
2144
2180
2172
2207
2161
2182
2133
2170
2147
2169
2145
2136
2139
2179
2160
2172
2162
2182
2225
2219
2225
2214
2251
2257
2253
2247
2261
2242
2285
2269
2279
2271
2310
2294
2336
2296
2306
2276
2327
2276
2298
2268
2297
2277
2302
2257
2279
2264
2298
2268
2279
2259
2278
2279
2319
2295
2317
2286
2297
2296
2282
2277
2291
2296
2291
2291
2260
2274
2266
2297
2266
2277
2261
2290
2274
2309
2260
2279
2258
2306
2273
2312
2245
2284
2252
2286
2247
2264
2247
2276
2246
2267
2230
2267
2252
2291
2254
2279
2279
2298
2306
2308
2286
2296
2310
2306
2327
2302
2328
2348
2366
2316
2313
2290
2327
2284
2301
2246
2306
2287
2335
2303
2347
2312
2388
2344
2379
2316
2377
2336
2388
2335
2349
2327
2393
2363
2399
2378
2363
2375
2393
2357
2343
2327
2338
2342
2316
2331
2304
2348
2338
2347
2312
2348
2290
2368
2313
2351
2285
2350
2299
2363
2296
2343
2306
2362
2312
2352
2296
2330
2310
2324
2280
2300
2269
2318
2280
2318
2322
2319
2337
2342
2339
2330
2338
2298
2344
2304
2353
2315
2363
2315
2346
2303
2352
2318
2376
2293
2337
2275
2350
2302
2348
2285
2297
2256
2314
2272
2294
2262
2278
2288
2310
2289
2294
2299
2336
2327
2307
2317
2304
2340
2316
2325
2303
2343
2327
2378
2320
2354
2346
2396
2351
2378
2313
2346
2317
2370
2309
2342
2309
2352
2327
2346
2302
2310
2291
2318
2277
2322
2294
2297
2277
2271
2270
2289
2296
2285
2297
2257
2265
2264
2284
2251
2242
2205
2236
2208
2228
2188
2204
2174
2199
2143
2176
2132
2160
2142
2186
2157
2193
2162
2194
2174
2188
2151
2166
2147
2175
2150
2137
2114
2115
2136
2139
2130
2141
2167
2189
2223
2203
2207
2208
2242
2202
2202
2142
2174
2173
2197
2154
2148
2135
2171
2136
2141
2091
2118
2080
2087
2026
2051
2018
2069
2050
2053
2028
2088
2099
2111
2092
2076
2056
2079
2067
2056
2025
2013
2041
2044
2026
2011
2040
2044
2050
2031
2058
2026
2070
2055
2087
2064
2085
2047
2094
2031
2053
1996
2033
2003
2021
1988
2019
1984
2028
1981
1989
1942
2009
2003
2026
2010
2049
2063
2113
2105
2132
2133
2124
2144
2145
2140
2126
2122
2133
2157
2106
2126
2099
2140
2106
2114
2069
2101
2045
2084
2027
2065
2014
2063
2002
2057
2000
2017
1999
2060
2003
2039
2017
2076
2088
2103
2082
2109
2120
2159
2121
2099
2094
2083
2099
2076
2053
2035
2060
2028
2069
2018
2069
2066
2159
2127
2177
2148
2204
2169
2227
2178
2224
2200
2270
2216
2242
2183
2212
2188
2219
2164
2196
2153
2182
2175
2172
2144
2156
2146
2146
2155
2122
2134
2122
2169
2158
2178
2162
2199
2150
2200
2124
2179
2151
2214
2147
2198
2138
2202
2162
2208
2135
2167
2112
2134
2107
2129
2075
2126
2091
2123
2081
2108
2117
2140
2162
2161
2156
2175
2189
2172
2198
2161
2195
2186
2195
2148
2163
2094
2132
2072
2111
2056
2112
2085
2110
2052
2060
2001
2044
1996
2017
1955
1999
1971
2029
2012
2039
2030
2080
2070
2089
2093
2093
2119
2122
2122
2125
2124
2135
2166
2131
2152
2124
2179
2162
2166
2129
2157
2124
2161
2119
2138
2088
2127
2101
2145
2091
2107
2064
2110
2061
2087
2037
2065
2055
2084
2083
2054
2115
2094
2117
2088
2091
2073
2103
2066
2072
2058
2088
2058
2052
2027
2052
2065
2059
2058
2067
2081
2104
2128
2108
2104
2105
2132
2086
2091
2049
2071
2059
2092
2054
2065
2053
2086
2070
2081
2041
2068
2057
2104
2067
2092
2050
2098
2097
2114
2083
2124
2120
2138
2135
2123
2101
2120
2122
2115
2083
2060
2045
2042
2051
2050
2040
2048
2043
2024
2048
2013
2031
2011
2014
1976
1983
1944
1978
1950
1983
1944
2002
2002
2043
2027
2054
2011
2056
2024
2056
2010
2034
1998
2035
2013
2023
2005
2051
2037
2055
2076
2076
2109
2135
2129
2105
2109
2134
2142
2112
2117
2090
2123
2107
2111
2056
2090
2049
2111
2072
2125
2085
2154
2111
2152
2089
2128
2082
2145
2090
2127
2068
2096
2094
2094
2052
2063
2051
2083
2055
2029
2053
2031
2048
2031
2026
2004
2007
1969
2039
1979
2034
1993
2068
2029
2067
2055
2108
2050
2110
2062
2102
2048
2120
2071
2112
2069
2097
2062
2126
2079
2120
2100
2102
2116
2131
2123
2118
2129
2152
2160
2108
2132
2098
2149
2115
2120
2072
2091
2052
2116
2060
2111
2043
2099
2034
2079
2008
2024
1987
2049
1982
2010
1972
2022
2011
2043
2002
2042
2067
2110
2067
2087
2091
2082
2096
2072
2043
2033
2051
2018
2053
2008
2037
2015
2052
2011
2018
1976
2037
2001
2059
2009
2048
2006
2064
2031
2054
2025
2070
2069
2112
2090
2100
2076
2059
2055
2039
2020
2012
2004
2008
2013
1979
1990
1983
2035
2010
2028
2017
2057
2045
2111
2070
2090
2051
2102
2068
2124
2079
2104
2089
2137
2091
2110
2076
2122
2105
2105
2080
2096
2080
2095
2033
2035
2022
2029
2038
2025
2014
2021
2034
2008
2012
1966
1968
1981
2003
1981
1985
1936
1979
1955
1991
1956
1982
1977
2004
1996
2020
2002
2053
2052
2090
2067
2086
2079
2126
2099
2115
2083
2110
2083
2112
2096
2100
2102
2128
2118
2118
2101
2128
2133
2137
2154
2132
2141
2145
2159
2137
2144
2103
2150
2146
2168
2149
2173
2162
2201
2143
2158
2113
2181
2159
2185
2142
2191
2170
2214
2168
2185
2144
2189
2164
2186
2148
2151
2169
2226
2183
2198
2181
2182
2185
2185
2160
2146
2160
2166
2154
2158
2169
2160
2219
2177
2177
2170
2201
2176
2226
2174
2200
2162
2229
2175
2212
2178
2226
2204
2257
2200
2233
2205
2267
2247
2270
2237
2260
2257
2288
2255
2276
2269
2280
2292
2279
2261
2248
2254
2255
2252
2215
2227
2213
2251
2211
2214
2171
2224
2179
2213
2138
2185
2143
2219
2152
2186
2141
2187
2145
2187
2128
2162
2131
2162
2152
2157
2107
2152
2152
2177
2131
2151
5835
2154
2152
2146
2148
2146
2129
2114
2094
2080
2073
2065
2062
2052
2052
2051
2035
2031
2033
2044
2058
2073
2083
2098
2091
2087
2083
2082
2076
2073
2071
2077
2080
2090
2096
2115
2117
2122
2124
2133
2122
2121
2107
2088
2078
2059
2040
2031
2022
2000
1991
1985
1979
1977
1993
2001
2002
2021
2033
2047
2048
2045
2044
2040
2031
2016
2005
1995
1993
1983
1993
1992
1991
1985
1982
1987
1960
1958
1946
1935
1931
1932
1941
1931
1917
1902
1899
1906
1906
1919
1911
1903
1926
1927
1935
1954
1973
1977
1985
1980
1995
2015
2029
2020
2024
2019
2010
1991
1966
1944
1945
1939
1938
1921
1920
1909
1917
1915
1920
1928
1913
1907
1918
1949
1977
2004
2021
2035
2035
2042
2046
2032
2038
2023
1997
1977
1953
1937
1917
1921
1903
1904
1896
1914
1918
1932
1955
1980
1983
1987
2006
2039
2070
2089
2094
2099
2100
2106
2102
2086
2071
2045
2039
2025
2024
2020
2021
2023
2019
2023
2022
2027
2034
2030
2046
2044
2049
2050
2045
2034
2031
2030
2031
2030
2030
2037
2043
2074
2079
2075
2066
2060
2046
2053
2043
2039
2052
2074
2082
2086
2097
2102
2102
2076
2066
2070
2072
2069
2042
2031
2041
2030
2028
2040
2029
2033
2027
2034
2041
2052
2064
2069
2065
2063
2072
2078
2077
2090
2101
2109
2103
2091
2096
2104
2094
2095
2086
2087
2102
2099
2079
2075
2078
2085
2073
2077
2086
2089
2131
2128
2122
2135
2131
2136
2136
2141
2145
2153
2163
2176
2162
2166
2162
2172
2169
2165
2161
2152
2140
2127
2123
2104
2111
2095
2102
2098
2087
2067
2056
2036
2007
1979
1983
1976
1984
1987
2002
2030
2046
2049
2038
2035
2043
2039
2036
2028
2036
2030
2022
2018
2015
2026
2034
2035
2052
2069
2069
2050
2045
2045
2061
2066
2058
2060
2072
2075
2075
2066
2054
2056
2055
2056
2048
2044
2051
2052
2042
2044
2023
2022
2015
2030
2027
2023
1999
2003
2005
2015
2011
2016
2016
2024
2020
2023
2019
2022
2025
2032
2042
2022
2017
2002
2002
2002
1995
1983
1979
1967
1950
1938
1932
1922
1912
1916
1915
1918
1901
1895
1903
1896
1889
1895
1898
1893
1891
1880
1883
1888
1892
1894
1907
1906
1915
1917
1914
1909
1918
1927
1926
1910
1895
1876
1855
1844
1839
1815
1792
1770
1752
1743
1733
1729
1739
1745
1751
1755
1764
1775
1785
1782
1791
1799
1787
1771
1741
1712
1692
1691
1690
1714
1740
1758
1769
1784
1796
1803
1821
1845
1874
1909
1941
1952
1959
1962
1955
1957
1969
1976
1979
1989
1997
1996
1996
2003
1998
1994
1992
1985
1964
1948
1943
1899
1870
1849
1827
1813
1810
1805
1800
1817
1835
1837
1839
1830
1811
1813
1817
1835
1837
1835
1852
1865
1880
1895
1915
1938
1937
1940
1945
1929
1915
1905
1911
1924
1921
1919
1927
1918
1906
1899
1902
1902
1907
1908
1899
1898
1895
1886
1873
1875
1873
1876
1869
1865
1860
1855
1851
1844
1845
1835
1854
1868
1866
1855
1868
1873
1883
1873
1872
1854
1839
1824
1819
1821
1819
1833
1831
1851
1872
1870
1882
1883
1893
1894
1897
1898
1899
1908
1921
1942
1962
1957
1967
1972
1992
2015
2025
2014
2005
1998
1990
1986
1961
1954
1934
1921
1905
1896
1887
1897
1891
1896
1891
1884
1879
1871
1858
1862
1849
1850
1864
1880
1881
1880
1864
1849
1832
1797
1772
1762
1775
1800
1821
1844
1885
1914
1945
1954
1958
1962
1973
1970
1964
1935
1926
1891
1880
1848
1840
1828
1807
1776
1749
1740
1734
1729
1736
1733
1727
1715
1704
1720
1741
1758
1792
1814
1843
1849
1864
1874
1878
1869
1849
1846
1844
1854
1858
1871
1867
1859
1864
1867
1850
1827
1813
1818
1814
1804
1793
1798
1801
1802
1798
1804
1818
1812
1817
1831
1838
1842
1843
1837
1837
1841
1849
1844
1835
1811
1805
1813
1820
1810
1796
1795
1809
1837
1870
1891
1920
1946
1977
1994
1999
2015
2011
2034
2042
2026
2006
1991
1978
1949
1923
1897
1861
1847
1849
1830
1833
1830
1823
1825
1840
1853
1869
1898
1912
1935
1949
1952
1965
1970
1980
1988
2001
2015
2029
2043
2044
2055
2075
2100
2121
2139
2172
2214
2226
2232
2238
2229
2240
2243
2240
2227
2231
2242
2248
2251
2273
2280
2291
2273
2278
2275
2273
2252
2234
2220
2206
2186
2190
2188
2182
2173
2171
2187
2193
2196
2187
2201
2214
2226
2237
2252
2255
2261
2267
2269
2269
2277
2281
2281
2281
2287
2293
2296
2308
2312
2322
2329
2338
2369
2364
2358
2350
2338
2325
2316
2314
2304
2299
2307
2318
2320
2331
2324
2325
2322
2327
2300
2296
2308
2316
2322
2321
2316
2308
2301
2306
2308
2318
2320
2317
2303
2306
2295
2295
2285
2275
2257
2239
2242
2242
2239
2237
2235
2234
2232
2217
2216
2208
2197
2182
2179
2158
2150
2131
2141
2145
2140
2128
2126
2116
2107
2117
2134
2131
2143
2139
2148
2135
2122
2108
2097
2085
2072
2085
2107
2110
2124
2126
2127
2123
2110
2089
2069
2058
2044
2042
2055
2066
2072
2089
2072
2086
2082
2080
2065
2074
2069
2071
2058
2043
2025
2011
1984
1965
1947
1915
1886
1877
1885
1886
1898
1918
1923
1939
1969
1980
1997
2010
2040
2046
2040
2026
2022
2006
1998
1970
1969
1955
1946
1931
1943
1950
1964
1964
1987
2006
2018
2040
2082
2108
2112
2114
2126
2130
2128
2132
2129
2112
2110
2109
2106
2109
2114
2104
2110
2102
2092
2093
2093
2071
2057
2049
2058
2053
2035
2031
2030
2040
2032
2035
2056
2060
2079
2073
2069
2064
2062
2055
2038
2021
1988
1965
1939
1936
1929
1924
1911
1928
1961
1991
2018
2040
2052
2064
2074
2082
2070
2073
2075
2067
2059
2062
2053
2048
2038
2032
2024
2012
2007
2017
2012
2033
2031
2032
2041
2043
2039
2026
2019
2021
2010
2015
2035
2049
2082
2094
2121
2128
2138
2141
2143
2142
2154
2169
2169
2090
2078
2077
2081
2075
2066
2072
2074
2069
2058
2045
2030
2019
2016
2017
2010
1992
1972
1951
1929
1905
1887
1882
1897
1888
1890
1913
1941
1951
1965
1982
1993
1999
2009
2009
2018
2012
2015
2022
2031
2048
2062
2076
2095
2099
2101
2098
2092
2075
2043
2016
2020
2011
2013
2023
2019
2029
2028
2033
2057
2067
2080
2082
2082
2084
2078
2069
2059
2051
2027
2032
2013
1995
1984
1982
1981
1982
1984
2005
2022
2034
2031
2034
2031
2015
1997
1965
1951
1923
1904
1880
1879
1876
1879
1887
1894
1907
1934
1944
1960
1962
1973
1983
1997
1974
1979
1970
1962
1949
1932
1926
1928
1937
1949
1957
1958
1962
1969
1953
1947
1945
1922
1908
1895
1901
1899
1908
1912
1922
1905
1894
1879
1878
1881
1890
1901
1912
1914
1914
1918
1921
1915
1902
1903
1895
1882
1875
1889
1891
1899
1898
1906
1905
1908
1912
1936
1957
1979
2001
2013
2014
2013
1995
1982
1979
1975
1981
1974
1978
1995
1996
2017
2027
2021
2022
2044
2054
2049
2046
2040
2026
2021
2021
2028
2017
2031
2058
2070
2091
2095
2100
2095
2092
2075
2066
2052
2043
2041
2032
2032
2047
2068
2093
2097
2108
2108
2114
2133
2144
2149
2148
2163
2160
2144
2132
2119
2099
2083
2066
2024
1997
1975
1971
1978
1985
1998
2006
2027
2049
2068
2087
2113
2129
2153
2172
2187
2185
2188
2183
2178
2176
2147
2116
2077
2045
2019
2005
1989
1986
1994
1998
2010
2020
2030
2029
2037
2032
2022
2009
1997
2005
2028
2043
2054
2063
2081
2089
2107
2102
2100
2099
2081
2056
2030
2009
1985
1970
1968
1961
1971
1973
1992
1990
1999
2003
2017
2019
2025
2022
2026
2030
2029
2015
1993
1958
1934
1912
1896
1877
1868
1867
1878
1886
1893
1915
1950
1994
2019
2042
2050
2071
2086
2092
2103
2097
2082
2075
2071
2076
2076
2087
2088
2094
2084
2075
2057
2054
2021
2016
2011
2011
2007
2029
2059
2088
2104
2126
2134
2137
2124
2109
2090
2077
2080
2067
2072
2084
2069
2073
2074
2079
2083
2088
2111
2124
2142
2149
2164
2154
2137
2122
2110
2105
2095
2073
2073
2062
2053
2045
2026
2004
1993
2000
2002
2013
2014
2027
2038
2064
2082
2099
2110
2115
2095
2093
2051
2009
1987
1971
1951
1948
1964
1973
1988
2005
2030
2053
2069
2078
2098
2116
2150
2160
2176
2188
2182
2178
2163
2149
2131
2120
2117
2111
2122
2112
2113
2098
2092
2082
2101
2103
2107
2100
2110
2121
2140
2134
2118
2120
2128
2142
2151
2147
2153
2175
2203
2224
2215
2216
2219
2227
2237
2237
2248
2254
2247
2235
2232
2228
2223
2222
2223
2213
2201
2195
2201
2185
2179
2171
2158
2148
2147
2143
2138
2136
2137
2143
2133
2143
2135
2140
2149
2151
2157
2153
2142
2140
2151
2157
2154
2162
2165
2162
2148
2130
2117
2121
2132
2157
2171
2171
2197
2210
2223
2227
2237
2239
2238
2241
2240
2250
2236
2236
2241
2241
2248
2261
2278
2282
2290
2294
2286
2300
2295
2290
2281
2271
2274
2285
2276
2263
2246
2241
2217
2213
2220
2208
2210
2207
2181
2167
2160
2144
2147
2151
2174
2186
2181
2174
2168
2164
2142
2127
2123
2126
2133
2137
2147
2139
2127
2127
2103
2084
2083
2079
2064
2066
2068
2071
2078
2092
2095
2091
2091
2088
2076
2083
2095
2116
2132
2141
2160
2170
2167
2165
2162
2152
2142
2135
2130
2120
2116
2097
2089
2072
2044
2028
2021
2019
2017
1999
1993
1985
1988
1989
2005
1995
1997
1976
1975
1974
1970
1963
1975
1978
1987
1996
2000
2001
2008
2007
2007
1998
1981
1965
1949
1932
1933
1939
1927
1927
1919
1920
1925
1961
1978
1984
2003
2018
2014
2029
2043
2029
2023
2010
2011
2018
2026
2026
2030
2029
2043
2063
2058
2051
2042
2054
2047
2044
2044
2052
2058
2071
2081
2094
2108
2110
2117
2104
2116
2117
2111
2093
2067
2073
2084
2088
2084
2088
2092
2095
2113
2116
2138
2157
2165
2155
2161
2154
2138
2136
2123
2108
2100
2087
2068
2063
2068
2066
2074
2082
2087
2103
2109
2109
2107
2105
2101
2107
2075
2075
2074
2088
2094
2101
2095
2110
2119
2128
2151
2164
2185
2171
2161
2150
2151
2132
2109
2130
2141
2136
2114
2106
2075
2048
2027
2017
2017
2021
2027
2048
2079
2111
2138
2173
2185
2199
2191
2191
2184
2173
2166
2155
2168
2175
2172
2172
2189
2185
2166
2157
2135
2130
2112
2097
2101
2100
2093
2080
2083
2085
2082
2093
2113
2115
2120
2133
2142
2146
2159
2170
2163
2167
2160
2143
2139
2140
2143
2141
2143
2139
2145
2146
2147
2136
2146
2143
2153
2177
2187
2197
2202
2202
2209
2206
2199
2203
2178
2162
2154
2179
2193
2207
2218
2213
2202
2194
2171
2170
2164
2154
2130
2142
2132
2131
2128
2130
2131
2124
2137
2134
2139
2146
2152
2151
2133
2127
2142
2141
2160
2163
2163
2165
2155
2134
2124
2122
2127
2122
2130
2120
2119
2116
2120
2110
2097
2094
2097
2091
2098
2104
2116
2110
2115
2107
2109
2104
2094
2083
2067
2050
2027
2018
2011
1996
1997
1989
1994
1992
1975
1997
2005
2036
2044
2069
2077
2087
2089
2094
2098
2092
2088
2085
2086
2087
2066
2065
2056
2057
2046
2043
2027
2012
2013
2020
2027
2051
2064
2083
2100
2111
2133
2149
2159
2172
2182
2206
2236
2222
2235
2228
2225
2237
2241
2225
2237
2228
2220
2221
2227
2230
2237
2225
2217
2232
2227
2232
2221
2212
2209
2217
2241
2240
2237
2241
2237
2233
2226
2210
2193
2165
2155
2149
2148
2148
2144
2141
2123
2148
2142
2142
2137
2139
2141
2132
2132
2129
2140
2158
2166
2168
2173
2186
2196
2197
2177
2150
2128
2117
2097
2078
2072
2067
2064
2055
2075
2093
2096
2096
2113
2122
2136
2162
2181
2199
2206
2223
2233
2242
2236
2247
2254
2267
2269
2261
2243
2220
2204
2180
2171
2155
2145
2142
2154
2156
2158
2138
2143
2149
2162
2154
2149
2168
2180
2183
2186
2195
2183
2187
2193
2197
2194
2180
2183
2188
2184
2181
2175
2182
2176
2165
2156
2134
2127
2117
2113
2111
2105
2101
2103
2095
2091
2078
2075
2077
2068
2073
2062
2058
2068
2081
2079
2075
2072
2075
2077
2090
2095
2104
2090
2085
2091
2097
2110
2097
2093
2111
2135
2148
2151
2138
2124
2137
2138
2132
2129
2121
2112
2103
2093
2080
2072
2093
2110
2112
2132
2130
2135
2131
2129
2121
2128
2118
2116
2105
2096
2092
2089
2089
2100
2103
2095
2092
2102
2095
2099
2090
2085
2088
2085
2091
2105
2115
2114
2122
2147
2159
2162
2186
2185
2190
2180
2165
2148
2134
2113
2113
2119
2120
2106
2109
2121
2127
2132
2146
2149
2156
2163
2187
2193
2192
2188
2175
2167
2161
2144
2115
2080
2069
2072
2063
2073
2077
2092
2092
2119
2119
2121
2130
2134
2144
2159
2181
2211
2228
2239
2255
2265
2267
2268
2250
2250
2245
2231
2226
2210
2207
2197
2201
2181
2177
2164
2152
2139
2149
2143
2151
2155
2158
2137
2142
2136
2147
2140
2140
2118
2123
2115
2100
2091
2090
2086
2079
2079
2078
2064
2074
2073
2068
2072
2080
2073
2077
2061
2053
2038
2039
2037
2021
2000
1987
1972
1964
1967
1962
1963
1977
2008
2021
2046
2059
2077
2082
2095
2097
2111
2102
2102
2083
2072
2055
2034
2010
1994
1982
1979
1983
1980
1988
1999
2011
2008
1996
1973
1974
1951
1950
1937
1928
1916
1907
1915
1935
1940
1949
1950
1953
1960
1961
1959
1955
1964
1981
1982
1994
1985
1963
1949
1923
1908
1899
1908
1913
1907
1917
1926
1932
1945
1950
1952
1963
1958
1935
1933
1915
1903
1886
1882
1899
1896
1894
1880
1873
1862
1855
1867
1857
1836
1824
1813
1808
1819
1828
1819
1792
1787
1795
1807
1818
1828
1829
1825
1826
1823
1820
1830
1850
1867
1868
1873
1868
1859
1871
1883
1897
1888
1877
1874
1869
1837
1834
1842
1841
1839
1829
1819
1790
1759
1750
1736
1726
1726
1724
1732
1742
1750
1739
1728
1708
1698
1676
1678
1678
1697
1720
1729
1755
1767
1774
1783
1777
1795
1810
1825
1850
1838
1832
1837
1846
1843
1838
1846
1857
1875
1886
1893
1912
1919
1905
1926
1940
1946
1941
1938
1938
1946
1946
1958
1957
1955
1967
1960
1956
1948
1941
1932
1931
1934
1921
1914
1902
1898
1913
1920
1938
1944
1952
1953
1955
1970
1962
1931
1928
1933
1923
1919
1923
1947
1979
1987
2005
2005
2013
2010
2003
1979
1977
1977
1981
1977
1975
1967
1967
1969
1984
1979
1973
1974
1979
1988
2010
2025
2033
2044
2031
2058
2064
2054
1993
1957
1944
1938
1933
1907
1914
1917
1915
1908
1923
1925
1927
1943
1945
1933
1923
1903
1895
1886
1880
1867
1866
1855
1860
1880
1889
1890
1898
1921
1917
1899
1885
1848
1811
1772
1745
1713
1694
1693
1691
1699
1726
1746
1742
1754
1773
1809
1828
1855
1851
1849
1867
1869
1868
1877
1875
1864
1875
1874
1876
1909
1914
1920
1901
1874
1866
1843
1825
1823
1805
1790
1775
1743
1745
1745
1750
1771
1787
1810
1820
1836
1853
1851
1850
1854
1859
1869
1892
1902
1906
1898
1906
1908
1901
1910
1909
1919
1918
1909
1902
1893
1881
1852
1831
1819
1799
1793
1793
1799
1816
1819
1827
1817
1807
1802
1805
1819
1819
1805
1797
1792
1790
1783
1778
1763
1751
1750
1750
1741
1757
1766
1778
1792
1821
1835
1862
1886
1889
1903
1916
1941
1958
1964
1973
1986
1982
1981
1979
1980
1974
1979
1966
1968
1959
1935
1921
1902
1885
1863
1861
1879
1895
1903
1905
1906
1914
1920
1918
1898
1888
1867
1851
1854
1850
1831
1819
1809
1809
1820
1829
1834
1836
1843
1873
1881
1881
1877
1879
1876
1889
1885
1888
1907
1914
1897
1913
1905
1900
1884
1877
1877
1872
1863
1860
1866
1872
1867
1867
1854
1839
1832
1833
1866
1882
1899
1904
1924
1950
1960
1961
1952
1952
1934
1922
1899
1880
1870
1853
1859
1850
1845
1832
1836
1837
1839
1828
1845
1847
1848
1873
1916
1934
1935
1946
1948
1954
1961
1952
1957
1967
1942
1947
1945
1933
1903
1887
1868
1851
1832
1823
1794
1779
1769
1769
1778
1800
1803
1818
1840
1867
1859
1849
1854
1843
1823
1805
1805
1806
1796
1805
1804
1799
1805
1803
1792
1775
1764
1771
1792
1807
1830
1841
1854
1853
1873
1891
1932
1953
1966
1979
1991
2005
2007
2000
1986
1973
1959
1930
1916
1885
1862
1846
1837
1819
1798
1803
1803
1814
1825
1850
1902
1937
1955
1991
2015
2034
2044
2038
2021
2002
1995
2004
1991
2001
2005
2014
2017
2023
2024
2036
2044
2048
2027
2017
2012
2016
2019
2025
2025
2033
2043
2039
2034
2018
2002
1987
1993
2006
2017
2024
2025
2027
2031
2029
2017
2007
2002
2000
1981
1975
1971
1974
1988
1988
1994
2001
2004
2005
2008
2022
2011
2002
1992
1987
1961
1955
1945
1944
1948
1956
1954
1952
1959
1967
1956
1973
1988
1984
1971
1964
1948
1955
1964
1964
1974
1996
1997
2005
1997
2002
2015
2029
2031
2027
2037
2038
2037
2032
2035
2016
2002
1984
1970
1935
1892
1876
1867
1871
1876
1854
1852
1844
1831
1823
1813
1819
1824
1826
1839
1851
1866
1880
1905
1941
1951
1957
1965
1967
1988
1979
1974
1983
1998
1985
1976
1967
1945
1936
1926
1925
1907
1896
1894
1880
1882
1880
1882
1872
1875
1879
1889
1892
1909
1923
1935
1955
1970
1969
1974
1962
1962
1961
1948
1940
1936
1936
1938
1931
1955
1981
1994
2021
2055
2071
2080
2096
2080
2073
2061
2043
2024
2013
1997
1991
1978
1976
1973
1973
1973
2002
2033
2036
2027
2024
2021
2026
2016
2033
2032
2023
2019
2012
1999
1991
1995
1998
1984
1952
1935
1922
1901
1888
1879
1864
1855
1843
1821
1791
1772
1760
1752
1743
1744
1755
1790
1797
1822
1829
1860
1885
1913
1928
1948
1959
1964
1958
1971
1960
1949
1927
1902
1870
1845
1806
1778
1760
1741
1742
1734
1743
1750
1776
1788
1817
1847
1869
1884
1889
1899
1927
1944
1954
1955
1959
1984
2021
2035
2053
2061
2066
2092
2116
2120
2129
2136
2133
2142
2134
2116
2080
2059
2027
2008
1982
1959
1930
1905
1901
1903
1902
1919
1938
1967
1993
2007
2015
2023
2024
2017
2017
2006
2003
1992
1982
1983
1986
1996
1990
1992
2001
1991
1994
1967
1953
1927
1926
1937
1954
1965
1947
1937
1927
1923
1916
1901
1901
1897
1910
1909
1916
1913
1909
1900
1890
1888
1893
1899
1922
1923
1924
1923
1927
1946
1959
1947
1912
1895
1874
1853
1848
1836
1842
1842
1858
1849
1855
1871
1882
1911
1925
1947
1958
1974
1996
2018
2027
2047
2059
2077
2103
2107
2117
2123
2126
2113
2109
2088
2073
2053
2035
2021
2000
1975
1954
1935
1925
1906
1882
1876
1894
1910
1931
1975
1988
2012
2020
2037
2055
2063
2057
2045
2055
2060
2069
2067
2060
2049
2043
2032
2023
2030
2028
2011
2010
2003
2001
2010
2006
2001
2002
2007
2015
2029
2044
2062
2070
2084
2095
2101
2115
2121
2132
2133
2132
2122
2109
2089
2098
2092
2102
2098
2081
2065
2071
2067
2059
2052
2049
2072
2088
2099
2097
2096
2096
2094
2096
2100
2107
2109
2102
2106
2093
2094
2079
2075
2070
2054
2052
2067
2052
2069
2076
2090
2097
2114
2096
2084
2074
2065
2065
2047
2031
2030
2049
2057
2051
2052
2070
2047
2028
2003
1976
1959
1939
1915
1917
1929
1942
1949
1961
1945
1936
1921
1923
1906
1899
1879
1862
1854
1843
1820
1801
1798
1786
1788
1795
1805
1819
1845
1873
1888
1886
1885
1893
1908
1907
1920
1911
1938
1947
1946
1946
1963
1988
2007
2000
2006
2003
2006
2000
2009
2004
2004
2000
2004
2025
2037
2042
2044
2037
2044
2038
2052
2063
2071
2089
2111
2115
2133
2144
2157
2170
2149
2151
2160
2182
2203
2202
2204
2220
2232
2235
2227
2237
2233
2232
2223
2235
2226
2214
2219
2222
2211
2213
2218
2208
2205
2210
2223
2244
2244
2234
2218
2196
2169
2149
2119
2107
2095
2097
2122
2124
2144
2185
2209
2235
2256
2285
2302
2315
2322
2330
2334
2315
2315
2317
2312
2311
2296
2294
2294
2308
2326
2331
2345
2361
2369
2374
2379
2378
2371
2364
2369
2348
2334
2319
2303
2298
2289
2289
2276
2278
2283
2287
2282
2274
2279
2275
2284
2292
2303
2293
2292
2300
2303
2301
2294
2299
2306
2296
2298
2292
2295
2306
2316
2316
2314
2312
2318
2317
2323
2323
2329
2325
2320
2317
2310
2314
2322
2317
2302
2305
2310
2292
2293
2305
2328
2332
2338
2344
2333
2327
2333
2335
2335
2336
2329
2328
2339
2323
2333
2337
2338
2347
2340
2323
2306
2298
2300
2306
2305
2297
2300
2313
2331
2334
2340
2343
2357
2368
2369
2367
2350
2359
2370
2372
2369
2356
2357
2352
2345
2350
2358
2355
2364
2360
2349
2342
2329
2330
2322
2314
2306
2306
2306
2309
2307
2311
2310
2318
2323
2320
2328
2341
2351
2357
2356
2372
2371
2380
2383
2403
2403
2418
2418
2427
2432
2432
2426
2418
2409
2398
2390
2395
2399
2404
2402
2388
2385
2384
2392
2397
2412
2398
2411
2418
2420
2421
2445
2435
2434
2425
2433
2430
2411
2414
2426
2428
2436
2435
2442
2440
2435
2423
2423
2437
2442
2442
2445
2449
2445
2450
2452
2448
2442
2435
2417
2403
2384
2369
2350
2356
2349
2337
2340
2343
2335
2342
2337
2332
2338
2339
2349
2348
2352
2343
2328
2312
2304
2283
2269
2247
2219
2202
2190
2170
2160
2135
2150
2158
2196
2203
2224
2240
2238
2239
2253
2262
2273
2271
2255
2267
2267
2251
2235
2234
2238
2239
2234
2226
2212
2213
2203
2202
2194
2207
2210
2207
2197
2188
2196
2195
2198
2208
2222
2216
2220
2232
2235
2224
2226
2234
2235
2218
2212
2202
2187
2172
2159
2155
2142
2143
2148
2146
2144
2118
2093
2076
2057
2031
2031
2040
2041
2042
2031
2031
2034
2051
2064
2082
2109
2116
2129
2134
2143
2149
2152
2148
2137
2123
2114
2098
2093
2087
2086
2101
2107
2110
2112
2118
2113
2131
2144
2145
2166
2165
2163
2171
2169
2166
2151
2113
2039
2002
1952
1910
1871
1845
1836
1828
1839
1857
1891
1905
1943
1946
1960
1972
1992
1998
1996
1985
1994
2007
2011
2016
2009
2015
2012
2023
2047
2066
2078
2109
2129
2139
2139
2136
2138
2147
2154
2144
2144
2148
2136
2135
2134
2139
2143
2145
2114
2097
2095
2109
2113
2110
2103
2110
2130
2149
2169
2194
2204
2197
2179
2181
2167
2145
2134
2117
2096
2080
2063
2032
1995
1972
1961
1953
1954
1963
1966
1962
1972
1991
2009
2011
2013
1997
1994
1986
2002
2014
2012
2006
2028
2035
2053
2060
2061
2053
2036
2016
1996
1994
1996
2003
2001
2012
2010
2025
2038
2042
2042
2035
2031
2031
2015
2027
2034
2050
2056
2067
2097
2108
2095
2102
2107
2113
2114
2114
2113
2099
2100
2087
2091
2083
2081
2080
2068
2051
2048
2034
2009
2002
1987
1970
1953
1957
1951
1944
1937
1939
1951
1959
1971
1969
1968
1950
1944
1938
1936
1941
1942
1932
1929
1923
1918
1911
1912
1923
1923
1937
1940
1946
1943
1949
1963
1985
1996
2011
2006
2027
2030
2010
1978
1959
1927
1836
1807
1799
1827
1851
1865
1837
1813
1802
1812
1801
1795
1789
1799
1821
1842
1855
1867
1867
1879
1870
1872
1862
1864
1861
1864
1861
1865
1859
1858
1865
1879
1889
1893
1910
1912
1914
1911
1911
1913
1910
1901
1911
1920
1915
1928
1927
1957
1979
1981
1986
2003
1997
1987
1982
1955
1934
1902
1897
1892
1897
1913
1937
1957
1965
1967
1966
1943
1926
1889
1867
1834
1806
1773
1741
1711
1702
1691
1700
1741
1761
1788
1803
1820
1845
1864
1895
1913
1936
1955
1965
1974
1980
1992
1986
1980
1974
1966
1959
1939
1942
1957
1976
1992
2002
2017
2029
2044
2041
2040
2039
2061
2066
2061
2055
2055
2031
2025
2007
1990
1987
1989
1966
1961
1944
1905
1892
1903
1911
1930
1949
1963
1972
1980
1988
2005
2013
2005
2006
1998
2002
1986
1986
1990
1990
1981
1986
1994
2007
2000
1997
1981
1970
1955
1972
1972
1988
2000
2026
2054
2083
2100
2120
2139
2134
2127
2122
2125
2110
2093
2093
2089
2082
2082
2094
2095
2084
2072
2043
2035
2010
1998
1999
2001
2003
2006
1995
1983
1968
1961
1953
1952
1946
1942
1932
1946
1951
1958
1980
2015
2054
2068
2075
2068
2083
2089
2103
2112
2117
2130
2135
2137
2149
2159
2171
2181
2184
2174
2181
2186
2203
2192
2189
2177
2165
2147
2139
2131
2131
2118
2107
2085
2084
2082
2082
2085
2091
2089
2100
2100
2100
2106
2104
2107
2110
2109
2107
2113
2115
2126
2136
2137
2138
2141
2141
2140
2144
2140
2122
2112
2099
2107
2099
2083
2059
2067
2080
2097
2104
2116
2118
2118
2121
2114
2119
2109
2098
2089
2074
2091
2094
2085
2075
2066
2058
2040
2021
2004
1993
1986
1989
1988
1994
1998
2003
2014
2020
2015
2015
2013
2004
2006
2007
2010
2009
1998
1991
2004
2015
2036
2047
2059
2077
2090
2103
2118
2133
2148
2165
2164
2150
2141
2134
2123
2112
2108
2094
2067
2057
2041
2021
2013
2007
2002
2007
2024
2040
2061
2072
2082
2102
2118
2137
2152
2163
2176
2181
2185
2174
2180
2180
2194
2205
2205
2205
2209
2216
2218
2234
2227
2214
2196
2167
2159
2155
2152
2147
2135
2137
2146
2151
2163
2177
2187
2193
2185
2203
2204
2208
2198
2197
2196
2179
2165
2153
2126
2107
2086
2089
2084
2085
2079
2090
2093
2119
2137
2145
2164
2183
2192
2179
2168
2177
2174
2177
2181
2186
2206
2196
2211
2202
2194
2187
2175
2176
2146
2143
2144
2146
2161
2176
2201
2213
2214
2203
2204
2206
2219
2207
2205
2192
2193
2185
2192
2185
2186
2176
2174
2167
2167
2190
2196
2185
2188
2185
2186
2176
2176
2168
2160
2161
2164
2175
2181
2187
2188
2206
2204
2210
2220
2235
2222
2219
2216
2228
2234
2259
2275
2285
2295
2307
2293
2288
2279
2266
2261
2256
2241
2250
2261
2274
2279
2278
2262
2255
2240
2238
2239
2232
2239
2256
2277
2282
2279
2291
2289
2291
2297
2294
2299
2299
2295
2287
2277
2283
2279
2267
2265
2272
2291
2291
2305
2315
2317
2309
2319
2309
2309
2291
2288
2280
2282
2280
2265
2260
2259
2246
2236
2246
2243
2239
2234
2238
2246
2249
2243
2254
2256
2267
2266
2274
2288
2292
2270
2256
2248
2229
2223
2216
2186
2165
2166
2146
2138
2146
2143
2164
2185
2210
2227
2236
2236
2232
2244
2251
2254
2253
2256
2252
2252
2244
2239
2222
2212
2209
2195
2203
2203
2207
2214
2229
2240
2260
2267
2259
2260
2261
2260
2255
2268
2262
2256
2257
2266
2265
2256
2272
2268
2276
2260
2256
2241
2240
2217
2199
2202
2196
2173
2164
2149
2137
2129
2129
2124
2132
2147
2138
2135
2138
2162
2167
2180
2191
2215
2222
2234
2242
2254
2264
2265
2257
2238
2226
2200
2185
2175
2171
2161
2159
2151
2159
2151
2147
2135
2133
2127
2139
2152
2167
2174
2196
2219
2241
2241
2243
2259
2260
2236
2238
2230
2222
2230
2227
2226
2204
2194
2181
2182
2189
2198
2191
2182
2179
2169
2167
2161
2164
2151
2148
2146
2135
2122
2123
2115
2102
2088
2085
2097
2104
2105
2114
2121
2123
2127
2131
2158
2170
2178
2187
2185
2176
2177
2167
2166
2169
2166
2171
2182
2203
2217
2229
2252
2257
2250
2267
2264
2258
2247
2247
2227
2212
2210
2192
2199
2203
2205
2211
2200
2189
2182
2172
2165
2167
2165
2174
2188
2186
2211
2214
2215
2200
2196
2200
2191
2184
2194
2193
2196
2181
2177
2172
2203
2202
2213
2233
2240
2252
2259
2262
2253
2264
2254
2257
2259
2262
2273
2273
2260
2246
2237
2240
2232
2206
2193
2191
2179
2152
2130
2127
2122
2134
2124
2107
2092
2075
2078
2086
2080
2076
2091
2115
2081
2071
2065
2048
2023
1994
1983
1974
1967
1967
1974
1981
1969
1974
1970
1963
1945
1937
1933
1943
1980
1989
2001
1983
1976
1972
1957
1958
1951
1946
1946
1939
1916
1916
1917
1931
1949
1965
1980
1985
1983
1994
1982
1974
1980
1983
1976
1970
1984
1994
2003
2009
2022
2037
2059
2077
2106
2120
2130
2122
2117
2096
2075
2049
2042
2052
2053
2052
2060
2065
2068
2080
2091
2107
2118
2127
2141
2146
2168
2186
2195
2214
2211
2223
2216
2211
2215
2212
2210
2212
2202
2191
2191
2211
2211
2201
2191
2174
2159
2151
2148
2152
2157
2168
2182
2206
2224
2223
2236
2242
2252
2271
2295
2294
2296
2300
2312
2311
2309
2322
2340
2338
2334
2341
2346
2358
2358
2355
2363
2354
2343
2323
2322
2313
2316
2326
2331
2319
2313
2314
2320
2324
2330
2331
2334
2339
2349
2351
2348
2333
2330
2323
2313
2297
2286
2285
2288
2280
2286
2298
2299
2300
2298
2302
2300
2317
2328
2332
2317
2305
2294
2296
2305
2301
2302
2306
2295
2293
2294
2299
2298
2296
2300
2299
2310
2308
2311
2322
2324
2333
2336
2343
2343
2361
2363
2363
2374
2374
2374
2385
2390
2396
2391
2390
2382
2372
2359
2348
2337
2324
2335
2334
2349
2348
2354
2354
2386
2402
2402
2397
2391
2391
2397
2400
2392
2396
2401
2399
2394
2402
2393
2394
2372
2377
2365
2351
2342
2333
2328
2328
2335
2339
2338
2338
2336
2344
2356
2360
2374
2380
2365
2364
2369
2386
2379
2359
2345
2346
2340
2340
2331
2335
2326
2315
2299
2300
2321
2335
2350
2349
2361
2380
2381
2381
2380
2391
2395
2388
2394
2394
2376
2372
2373
2374
2368
2368
2378
2382
2382
2378
2375
2378
2364
2348
2344
2325
2324
2330
2326
2337
2327
2328
2332
2351
2343
2346
2344
2361
2368
2367
2363
2370
2374
2391
2396
2399
2396
2399
2408
2427
2420
2418
2411
2411
2404
2405
2400
2395
2375
2373
2366
2374
2364
2360
2355
2362
2356
2357
2358
2350
2362
2349
2354
2353
2347
2341
2328
2314
2305
2314
2312
2294
2285
2282
2276
2271
2265
2260
2252
2249
2242
2237
2229
2213
2207
2204
2183
2182
2178
2190
2192
2219
2222
2219
2239
2240
2218
2205
2201
2196
2192
2192
2191
2187
2169
2140
2141
2144
2147
2158
2171
2200
2228
2244
2257
2260
2253
2234
2226
2210
2193
2183
2187
2187
2178
2169
2170
2157
2163
2162
2149
2129
2100
2073
2060
2053
2056
2064
2062
2066
2082
2100
2091
2092
2100
2081
2078
2083
2084
2063
2062
2055
2048
2045
2048
2049
2059
2083
2092
2084
2087
2099
2112
2103
2112
2111
2095
2071
2035
2017
2003
1995
1976
1977
1980
1988
1995
1982
1966
1958
1973
1980
1994
2014
2054
2086
2098
2129
2139
2146
2148
2158
2150
2147
2143
2154
2142
2147
2141
2126
2127
2124
2110
2109
2085
2064
2032
2030
2017
2018
2009
2005
1997
2004
2011
2035
2050
2060
2075
2086
2093
2092
2104
2120
2147
2157
2139
2109
2094
2090
2081
2073
2062
2051
2054
2033
2034
2037
2050
2074
2097
2110
2132
2160
2181
2186
2187
2199
2229
2243
2233
2243
2247
2257
2245
2235
2240
2241
2235
2216
2207
2212
2211
2192
2186
2181
2174
2162
2160
2164
2148
2148
2153
2170
2171
2174
2178
2171
2169
2169
2177
2180
2178
2175
2182
2192
2196
2195
2172
2137
2121
2110
2112
2111
2121
2107
2103
2097
2106
2114
2124
2146
2153
2167
2188
2185
2190
2180
2189
2201
2217
2208
2203
2190
2171
2151
2130
2109
2076
2066
2050
2052
2031
2015
2004
2008
1993
1978
1968
1953
1926
1931
1953
1970
1995
2009
2029
2032
2051
2073
2096
2098
2104
2112
2119
2121
2112
2117
2120
2119
2122
2139
2147
2144
2140
2146
2150
2156
2151
2138
2125
2116
2116
2105
2116
2120
2103
2087
2066
2048
2021
2004
2008
2018
2021
2035
2053
2068
2085
2094
2095
2101
2108
2111
2094
2082
2093
2050
2029
2036
2036
2039
2022
2034
2038
2045
2071
2090
2104
2118
2119
2119
2100
2089
2074
2064
2064
2062
2060
2073
2073
2071
2068
2071
2076
2079
2083
2083
2077
2063
2046
2052
2056
2068
2071
2096
2109
2137
2158
2158
2152
2142
2124
2094
2077
2067
2056
2050
2046
2044
2041
2039
2028
2029
2023
2019
1999
1984
1979
1971
1962
1964
1965
1962
1982
1987
1997
2025
2040
2056
2068
2051
2041
2034
2029
2017
2004
1997
2002
2009
2022
2027
2052
2059
2069
2088
2101
2123
2134
2138
2133
2139
2137
2134
2140
2147
2133
2127
2116
2111
2104
2103
2093
2096
2094
2088
2096
2106
2114
2102
2085
2095
2084
2089
2079
2078
2077
2068
2068
2081
2082
2078
2076
2059
2053
2039
2041
2038
2039
2026
2022
2015
2017
2024
2050
2046
2063
2063
2072
2077
2085
2085
2089
2103
2106
2098
2102
2111
2103
2121
2116
2111
2110
2112
2120
2129
2133
2151
2145
2140
2129
2132
2125
2138
2131
2137
2136
2138
2136
2133
2119
2115
2104
2099
2098
2087
2077
2064
2047
2029
2022
2016
2005
1997
1981
1976
1999
2009
2008
2007
2016
2029
2056
2083
2118
2126
2122
2119
2113
2110
2100
2083
2076
2057
2042
2039
2035
2044
2043
2031
2020
2028
2032
2028
2011
1996
1996
2001
1990
1986
1962
1967
1980
1993
2010
2022
2049
2048
2050
2048
2032
2027
2019
2025
2025
2037
2020
2018
2011
2011
2013
2010
2012
2019
2022
2022
2034
2044
2051
2077
2092
2086
2078
2089
2111
2104
2110
2110
2119
2112
2107
2088
2082
2063
2035
2014
2019
2000
1983
1965
1946
1939
1948
1957
1960
1971
1966
1969
1973
1976
1975
1973
1972
1965
1970
1957
1953
1961
1965
1960
1964
1978
1995
1998
2021
2045
2065
2077
2077
2113
2124
2145
2153
2157
2159
2150
2135
2119
2110
2111
2122
2126
2126
2129
2155
2179
2191
2199
2200
2193
2190
2188
2180
2174
2163
2182
2190
2177
2175
2179
2191
2193
2205
2218
2221
2218
2216
2220
2215
2223
2223
2228
2224
2226
2229
2225
2222
2222
2219
2226
2220
2228
2225
2224
2238
2234
2236
2216
2197
2175
2170
2165
2158
2175
2188
2190
2186
2206
2206
2210
2212
2199
2199
2202
2211
2210
2218
2234
2240
2237
2234
2247
2252
2251
2244
2251
2246
2265
2268
2272
2276
2279
2288
2294
2289
2304
2310
2311
2314
2325
2324
2321
2314
2314
2300
2288
2270
2263
2251
2248
2235
2238
2224
2208
2211
2207
2195
2193
2183
2195
2194
2202
2195
2201
2186
2168
2177
2172
2166
2163
2184
2200
2210
2203
2202
2195
2201
2217
2221
2220
2232
2250
2254
2249
2259
2259
2267
2264
2260
2264
2272
5835
2174
2147
2128
2109
2096
2074
2053
2023
2007
1992
1973
1947
1932
1935
1940
1934
1933
1944
1983
2036
2077
2114
2141
2136
2144
2125
2102
2082
2075
2055
2065
2098
2145
2182
2229
2258
2281
2281
2277
2225
2189
2124
2085
2064
2034
1989
1954
1914
1885
1831
1789
1775
1805
1868
1921
1969
2012
2040
2049
2023
2015
1992
1981
1955
1938
1886
1867
1869
1868
1874
1892
1906
1920
1904
1890
1857
1819
1775
1750
1746
1757
1781
1757
1710
1667
1648
1637
1645
1663
1711
1759
1798
1806
1827
1869
1915
1925
1948
1969
1988
2000
2041
2031
2014
1982
1969
1924
1887
1839
1799
1757
1725
1696
1714
1707
1711
1720
1742
1750
1776
1794
1823
1896
1985
2057
2103
2119
2126
2134
2133
2114
2073
2000
1928
1861
1796
1744
1730
1748
1743
1742
1756
1784
1809
1846
1902
1980
2016
2063
2102
2156
2204
2239
2247
2243
2227
2212
2176
2142
2083
2034
1984
1952
1950
1970
1974
1974
1972
1975
1980
2014
2029
2033
2062
2064
2057
2043
2029
1989
1953
1955
1969
1997
2027
2063
2099
2133
2123
2111
2095
2068
2033
2013
2007
2018
2044
2074
2102
2128
2146
2144
2116
2061
2047
2027
2014
2000
1990
1979
1970
1960
1941
1951
1966
1982
1993
2024
2029
2046
2065
2071
2089
2115
2128
2144
2165
2199
2220
2225
2213
2204
2191
2174
2143
2139
2134
2147
2151
2134
2118
2115
2104
2099
2095
2100
2125
2157
2195
2220
2203
2192
2189
2198
2216
2242
2259
2283
2308
2342
2343
2326
2307
2296
2280
2260
2226
2190
2171
2144
2133
2111
2091
2076
2071
2072
2043
1996
1942
1876
1838
1801
1808
1804
1826
1849
1900
1938
1967
1960
1970
1970
1975
1943
1946
1933
1925
1899
1884
1880
1899
1924
1958
2003
2062
2078
2099
2090
2061
2043
2049
2069
2076
2077
2086
2093
2088
2067
2040
2049
2054
2078
2087
2077
2031
2014
1997
1993
1974
1988
1994
2000
1980
1953
1912
1899
1887
1907
1932
1967
1978
1973
1963
1954
1952
1981
1992
1996
1988
1968
1958
1940
1923
1882
1847
1814
1812
1807
1794
1757
1746
1722
1720
1722
1728
1711
1707
1710
1733
1713
1699
1674
1663
1651
1654
1669
1674
1688
1697
1717
1743
1764
1778
1769
1776
1791
1814
1811
1779
1721
1652
1591
1547
1515
1484
1424
1363
1351
1359
1356
1353
1364
1373
1391
1426
1485
1519
1564
1587
1606
1596
1557
1508
1448
1380
1330
1300
1301
1347
1443
1531
1598
1623
1666
1697
1741
1778
1859
1929
1988
2033
2073
2092
2103
2091
2068
2057
2048
2050
2068
2082
2088
2096
2063
2035
2008
1997
1968
1907
1842
1783
1693
1628
1564
1522
1495
1482
1507
1553
1587
1613
1637
1645
1642
1603
1590
1592
1627
1663
1695
1711
1736
1787
1848
1891
1928
1935
1918
1878
1847
1821
1809
1816
1840
1835
1811
1774
1735
1701
1709
1735
1768
1785
1796
1784
1761
1745
1723
1727
1717
1713
1691
1675
1656
1655
1664
1687
1684
1681
1672
1691
1700
1708
1689
1671
1662
1680
1678
1669
1628
1592
1556
1547
1581
1621
1663
1684
1695
1711
1725
1761
1777
1812
1828
1838
1835
1836
1847
1884
1920
1954
1961
1973
1998
2036
2073
2093
2077
2037
2016
1999
1974
1891
1801
1723
1690
1663
1668
1674
1685
1675
1674
1658
1639
1596
1578
1565
1581
1597
1647
1677
1737
1735
1717
1659
1587
1497
1419
1367
1382
1431
1511
1625
1736
1869
1939
1973
1974
1986
2008
2024
2009
1982
1922
1853
1759
1693
1615
1579
1517
1470
1416
1374
1368
1401
1407
1398
1376
1367
1353
1378
1451
1545
1602
1667
1730
1807
1860
1889
1865
1834
1783
1743
1740
1733
1727
1720
1744
1753
1758
1754
1748
1711
1674
1636
1614
1616
1623
1592
1599
1623
1654
1666
1669
1666
1684
1695
1712
1744
1751
1730
1707
1684
1677
1679
1674
1659
1640
1629
1624
1615
1581
1563
1577
1621
1697
1800
1893
1963
2013
2083
2134
2173
2188
2191
2188
2175
2126
2058
1991
1914
1831
1763
1675
1624
1609
1607
1595
1592
1586
1585
1627
1693
1756
1807
1871
1931
1970
2003
2034
2055
2066
2081
2100
2126
2143
2153
2180
2214
2248
2292
2331
2393
2452
2532
2587
2606
2600
2593
2574
2558
2535
2516
2481
2483
2504
2539
2564
2578
2574
2554
2531
2525
2498
2462
2422
2401
2356
2327
2280
2266
2245
2237
2250
2264
2294
2290
2286
2281
2286
2308
2346
2367
2398
2416
2442
2446
2454
2425
2418
2410
2410
2428
2472
2495
2514
2538
2551
2557
2574
2584
2594
2593
2575
2547
2532
2514
2493
2475
2466
2457
2466
2480
2490
2513
2497
2492
2484
2484
2471
2507
2525
2535
2528
2512
2506
2500
2487
2477
2485
2496
2500
2502
2468
2447
2410
2386
2350
2342
2327
2315
2271
2258
2263
2279
2298
2317
2325
2303
2271
2236
2199
2167
2148
2123
2101
2086
2092
2082
2092
2079
2077
2072
2081
2098
2139
2146
2167
2168
2144
2117
2101
2061
2040
2037
2041
2067
2087
2135
2162
2165
2130
2075
2011
1965
1930
1922
1932
1962
1989
2003
2022
2048
2046
2043
2033
2035
2034
2027
2006
1995
1976
1955
1896
1843
1781
1721
1657
1599
1542
1517
1529
1575
1651
1717
1773
1799
1869
1941
2003
2047
2079
2066
2041
2005
1999
1949
1901
1839
1813
1787
1771
1756
1778
1780
1805
1847
1965
2040
2094
2167
2218
2250
2284
2307
2298
2303
2283
2263
2234
2206
2199
2184
2181
2168
2166
2175
2191
2162
2118
2072
2021
1986
1975
1971
1981
1964
1939
1928
1930
1955
1975
2002
2033
2054
2082
2094
2085
2074
2048
2016
1968
1895
1814
1731
1660
1635
1615
1627
1656
1723
1815
1919
2035
2100
2138
2155
2152
2136
2119
2112
2096
2084
2063
2042
2021
1994
1965
1959
1970
1976
1977
1981
1989
2012
2027
2039
2058
2063
2053
2024
1990
1964
1946
1963
2033
2089
2162
2233
2294
2305
2314
2305
2322
2333
2349
2351
2352
2055
2039
2034
2020
2014
2002
2004
1993
1976
1958
1947
1911
1880
1852
1831
1815
1783
1731
1646
1563
1523
1508
1509
1541
1574
1625
1691
1781
1850
1904
1928
1941
1931
1924
1915
1931
1935
1971
1993
2030
2060
2100
2124
2156
2156
2147
2115
2084
2046
1983
1918
1879
1878
1890
1908
1927
1953
1972
1973
1994
2022
2034
2070
2063
2075
2071
2077
2040
1997
1945
1907
1855
1820
1783
1791
1791
1827
1880
1959
2036
2074
2064
2044
2001
1943
1870
1787
1705
1628
1609
1607
1617
1630
1649
1672
1720
1773
1836
1877
1935
1973
2022
2034
2031
1983
1946
1884
1844
1814
1801
1786
1809
1824
1847
1859
1870
1890
1902
1890
1850
1796
1755
1731
1716
1730
1753
1783
1790
1814
1795
1778
1723
1708
1717
1770
1792
1813
1815
1838
1829
1809
1770
1743
1733
1748
1753
1783
1798
1809
1821
1823
1824
1816
1827
1836
1913
1988
2063
2110
2126
2122
2091
2050
1997
1954
1935
1931
1962
1984
2022
2057
2118
2141
2147
2143
2148
2139
2128
2094
2062
2036
2012
1983
2013
2060
2121
2164
2212
2263
2293
2276
2219
2172
2119
2079
2045
2033
2028
2051
2074
2106
2129
2166
2195
2192
2191
2200
2214
2227
2263
2281
2287
2263
2222
2193
2152
2081
2007
1937
1828
1771
1746
1746
1779
1822
1858
1914
2001
2054
2099
2140
2189
2249
2326
2359
2392
2388
2369
2368
2339
2279
2182
2080
1947
1857
1797
1778
1772
1770
1785
1824
1892
1934
1949
1948
1938
1936
1917
1888
1900
1930
1969
2008
2068
2118
2178
2207
2222
2202
2157
2104
2032
1980
1923
1864
1803
1771
1771
1794
1804
1838
1864
1891
1954
1988
2020
2035
2066
2061
2043
2018
1982
1915
1855
1781
1708
1650
1607
1583
1573
1588
1618
1665
1717
1785
1888
1999
2105
2175
2226
2268
2263
2251
2213
2197
2180
2168
2132
2134
2127
2147
2189
2205
2182
2173
2135
2090
2027
1991
1975
1989
1995
2062
2153
2212
2263
2324
2355
2350
2308
2248
2198
2140
2105
2074
2054
2046
2053
2063
2091
2128
2166
2212
2265
2292
2345
2361
2377
2368
2329
2260
2202
2163
2130
2095
2072
2051
2018
1974
1922
1869
1838
1836
1865
1922
1977
2024
2068
2121
2176
2212
2218
2211
2152
2101
2010
1933
1838
1814
1811
1824
1840
1865
1912
1983
2057
2112
2166
2196
2236
2278
2327
2361
2383
2385
2354
2306
2248
2192
2148
2124
2125
2111
2129
2121
2128
2106
2097
2066
2081
2066
2092
2114
2159
2170
2174
2154
2130
2135
2144
2158
2195
2234
2292
2345
2400
2424
2430
2447
2436
2455
2475
2484
2473
2464
2448
2436
2432
2422
2421
2416
2392
2363
2322
2281
2250
2212
2191
2175
2164
2160
2134
2103
2085
2088
2107
2123
2156
2172
2178
2180
2170
2182
2180
2171
2183
2194
2215
2230
2237
2236
2227
2196
2143
2121
2107
2124
2165
2225
2264
2286
2329
2372
2414
2447
2448
2462
2457
2454
2443
2428
2416
2414
2422
2444
2449
2468
2508
2525
2536
2539
2510
2489
2464
2474
2469
2462
2453
2454
2438
2410
2369
2348
2338
2318
2289
2247
2223
2191
2166
2136
2115
2124
2143
2165
2207
2232
2242
2229
2228
2222
2187
2149
2136
2138
2154
2150
2170
2159
2119
2094
2051
2013
1971
1963
1952
1970
1996
2040
2081
2110
2091
2066
2058
2069
2072
2084
2096
2121
2179
2237
2268
2271
2268
2271
2245
2223
2186
2171
2131
2126
2107
2062
2015
1974
1937
1898
1845
1824
1826
1827
1833
1818
1825
1829
1853
1864
1875
1864
1844
1811
1804
1811
1861
1891
1917
1934
1949
1940
1950
1938
1911
1878
1824
1781
1753
1746
1751
1763
1735
1729
1702
1738
1784
1848
1905
1949
2008
2049
2054
2066
2059
2031
1985
1966
1968
1989
1997
2016
2051
2092
2112
2125
2102
2068
2043
2037
2032
2030
2033
2044
2072
2095
2154
2203
2226
2201
2190
2165
2158
2133
2092
2052
2043
2042
2067
2067
2069
2086
2110
2157
2214
2252
2288
2300
2324
2319
2296
2262
2239
2207
2178
2121
2068
2028
1995
1996
2002
2029
2060
2092
2101
2120
2124
2138
2139
2138
2126
2108
2061
2057
2063
2091
2111
2144
2159
2203
2248
2275
2306
2322
2313
2302
2267
2257
2224
2207
2208
2220
2231
2211
2166
2138
2064
1991
1931
1880
1873
1923
1985
2064
2179
2251
2332
2381
2414
2409
2375
2352
2348
2334
2334
2334
2334
2341
2344
2345
2356
2346
2304
2251
2200
2141
2096
2060
2063
2089
2096
2095
2079
2068
2070
2095
2150
2190
2238
2277
2303
2312
2308
2293
2270
2267
2268
2261
2258
2238
2247
2230
2226
2234
2247
2232
2203
2189
2184
2210
2249
2281
2329
2369
2375
2386
2396
2390
2334
2290
2240
2230
2239
2269
2307
2345
2380
2392
2381
2341
2292
2246
2222
2201
2174
2172
2154
2167
2166
2167
2168
2179
2165
2166
2176
2203
2200
2200
2193
2204
2243
2264
2275
2286
2260
2228
2187
2151
2114
2097
2094
2086
2107
2119
2131
2128
2134
2114
2096
2071
2067
2075
2101
2110
2124
2118
2136
2147
2163
2135
2102
2063
2016
1963
1917
1883
1861
1836
1827
1830
1860
1886
1904
1940
1976
2054
2095
2144
2185
2194
2192
2177
2147
2126
2101
2072
2059
2090
2090
2087
2060
2042
2017
2007
1985
1975
1975
2006
2032
2088
2129
2182
2211
2219
2269
2313
2365
2394
2423
2437
2494
2486
2475
2458
2459
2430
2410
2403
2415
2418
2418
2406
2417
2420
2425
2413
2389
2371
2367
2351
2342
2343
2384
2428
2456
2463
2456
2448
2434
2421
2384
2339
2279
2234
2183
2150
2133
2154
2175
2190
2167
2168
2143
2149
2163
2181
2176
2178
2178
2190
2213
2236
2262
2303
2335
2366
2365
2344
2283
2215
2156
2111
2072
2048
2013
2010
2019
2015
2072
2115
2149
2194
2230
2227
2231
2253
2309
2367
2407
2454
2522
2549
2571
2569
2568
2551
2515
2468
2398
2326
2261
2213
2190
2193
2185
2189
2176
2152
2146
2131
2142
2164
2183
2208
2235
2247
2268
2300
2310
2314
2313
2297
2291
2285
2275
2267
2267
2254
2249
2252
2263
2257
2233
2182
2153
2117
2094
2069
2054
2007
1985
1999
2006
2008
2004
1990
1963
1945
1953
1979
1983
1986
1985
1997
2009
2018
2028
2050
2066
2076
2076
2075
2070
2071
2063
2061
2063
2081
2110
2164
2224
2256
2260
2222
2172
2149
2139
2134
2121
2115
2075
2048
2038
2052
2067
2088
2125
2146
2160
2169
2196
2199
2203
2198
2199
2189
2143
2098
2063
2034
2033
2053
2083
2108
2124
2128
2138
2134
2120
2101
2098
2105
2113
2134
2152
2175
2190
2234
2300
2343
2351
2370
2379
2361
2302
2243
2190
2170
2139
2120
2110
2119
2124
2144
2196
2230
2244
2253
2251
2278
2310
2350
2368
2349
2321
2285
2263
2225
2163
2100
2048
2003
1992
1993
2008
2042
2087
2109
2136
2143
2147
2160
2179
2219
2273
2314
2385
2446
2480
2495
2508
2501
2485
2440
2410
2397
2369
2334
2303
2272
2270
2250
2220
2195
2154
2135
2102
2103
2100
2112
2135
2154
2161
2189
2191
2181
2145
2126
2080
2072
2035
2019
2000
1985
1970
1964
1935
1931
1930
1953
1989
1999
1994
2008
2021
2005
1990
1969
1941
1905
1871
1814
1757
1722
1730
1719
1739
1761
1819
1869
1967
2030
2082
2109
2151
2168
2187
2172
2174
2163
2132
2093
2045
1975
1915
1866
1833
1823
1815
1828
1832
1852
1890
1906
1884
1885
1853
1816
1763
1728
1690
1673
1682
1707
1722
1770
1804
1828
1829
1838
1840
1858
1854
1868
1888
1930
1947
1942
1905
1867
1823
1790
1754
1730
1731
1743
1757
1765
1793
1835
1883
1906
1935
1928
1879
1826
1791
1739
1708
1693
1717
1750
1769
1751
1724
1694
1673
1669
1672
1653
1619
1611
1595
1576
1572
1572
1559
1539
1545
1559
1576
1603
1609
1627
1638
1659
1694
1717
1708
1728
1753
1768
1791
1804
1820
1832
1846
1851
1807
1759
1718
1702
1691
1698
1714
1711
1695
1656
1609
1543
1473
1449
1445
1445
1455
1457
1490
1504
1502
1471
1435
1382
1317
1295
1312
1354
1423
1477
1531
1591
1628
1647
1687
1735
1792
1824
1827
1830
1800
1777
1765
1775
1760
1759
1780
1816
1863
1912
1921
1931
1969
1994
1996
1990
1974
1949
1940
1939
1965
1968
1982
1975
1992
1987
1969
1939
1921
1894
1880
1857
1818
1775
1778
1774
1786
1805
1818
1851
1893
1885
1893
1897
1899
1885
1865
1849
1835
1847
1846
1867
1919
1982
2022
2058
2035
2027
2018
2024
1996
1972
1937
1924
1919
1916
1880
1868
1859
1881
1892
1906
1899
1923
1939
1973
2038
2059
2080
2113
2137
2139
2122
1872
1795
1754
1721
1706
1691
1707
1721
1745
1763
1792
1805
1818
1815
1799
1745
1731
1697
1695
1682
1675
1643
1647
1637
1674
1719
1753
1785
1818
1840
1851
1811
1730
1601
1497
1407
1337
1278
1231
1213
1256
1325
1398
1453
1499
1547
1602
1657
1686
1740
1757
1751
1748
1751
1750
1769
1782
1794
1792
1824
1845
1874
1884
1891
1847
1791
1733
1667
1604
1563
1527
1486
1455
1429
1423
1451
1495
1546
1605
1663
1720
1750
1760
1767
1790
1811
1845
1851
1863
1865
1851
1829
1825
1829
1835
1850
1873
1910
1906
1865
1802
1727
1662
1622
1581
1523
1494
1478
1477
1509
1543
1584
1619
1615
1591
1564
1538
1528
1529
1541
1563
1563
1522
1497
1480
1438
1395
1376
1373
1403
1459
1504
1529
1568
1639
1703
1762
1843
1888
1930
1958
1996
2020
2035
2047
2024
2004
1989
2000
1998
1985
1976
1964
1943
1904
1839
1765
1695
1643
1623
1646
1739
1820
1854
1868
1844
1814
1779
1746
1721
1711
1695
1660
1659
1648
1598
1555
1531
1537
1551
1580
1623
1672
1718
1751
1754
1752
1753
1745
1724
1738
1756
1783
1801
1828
1806
1794
1772
1741
1691
1668
1673
1698
1715
1715
1710
1713
1731
1745
1717
1672
1653
1656
1707
1780
1843
1882
1961
2010
2027
2007
1963
1902
1858
1809
1751
1733
1705
1649
1632
1615
1619
1615
1617
1599
1623
1625
1682
1725
1772
1823
1883
1930
1950
1952
1944
1940
1934
1940
1915
1944
1949
1957
1917
1856
1780
1722
1646
1629
1599
1578
1509
1473
1469
1506
1549
1613
1665
1723
1746
1763
1743
1731
1704
1661
1617
1585
1590
1595
1589
1609
1625
1635
1666
1655
1613
1562
1532
1535
1612
1657
1736
1769
1802
1825
1890
1963
2051
2105
2156
2175
2191
2184
2159
2119
2067
2015
1950
1863
1775
1706
1642
1592
1558
1547
1551
1571
1607
1653
1730
1800
1903
1993
2079
2178
2231
2272
2248
2193
2091
2035
2005
2013
2021
2035
2055
2087
2105
2140
2144
2133
2109
2075
2023
1998
1989
2010
2038
2064
2061
2044
2045
2043
2006
1974
1947
1920
1940
1972
2007
2028
2055
2049
2042
2017
2005
1988
1968
1931
1912
1896
1895
1920
1951
1955
1967
1969
1965
1954
1950
1935
1931
1933
1919
1887
1848
1846
1842
1843
1827
1831
1843
1868
1885
1892
1893
1942
1972
1988
1954
1906
1847
1833
1845
1890
1931
1971
1994
1999
2002
2027
2062
2079
2091
2084
2077
2063
2067
2063
2042
2007
1941
1863
1790
1709
1639
1606
1599
1581
1545
1539
1539
1534
1515
1481
1471
1508
1527
1577
1622
1665
1734
1799
1875
1954
1984
2014
2039
2048
2023
1998
1993
2000
1988
1958
1903
1855
1825
1830
1824
1797
1759
1714
1679
1653
1641
1649
1647
1640
1657
1660
1698
1743
1821
1871
1906
1931
1960
1964
1959
1927
1893
1879
1854
1831
1835
1829
1830
1834
1903
1997
2083
2160
2219
2268
2277
2272
2232
2169
2090
2037
1978
1938
1906
1895
1881
1877
1863
1891
1911
1955
1983
2000
2002
1998
1986
1989
1983
1993
2001
2012
2005
1968
1926
1898
1888
1867
1818
1768
1708
1683
1647
1633
1631
1608
1593
1571
1515
1437
1378
1349
1357
1352
1381
1419
1515
1595
1661
1714
1787
1848
1920
1967
1994
2001
2010
2000
1989
1940
1897
1831
1731
1659
1589
1521
1467
1417
1374
1356
1349
1395
1448
1535
1614
1725
1787
1836
1840
1852
1851
1896
1923
1960
1997
2048
2131
2200
2247
2268
2290
2305
2326
2355
2376
2379
2383
2369
2355
2321
2266
2183
2097
2005
1917
1824
1746
1678
1639
1614
1671
1751
1807
1874
1953
2010
2051
2074
2073
2051
2044
2009
1979
1933
1904
1889
1936
1951
1973
1974
1967
1945
1917
1866
1805
1781
1755
1767
1807
1873
1876
1859
1827
1819
1803
1782
1741
1755
1775
1814
1841
1855
1845
1835
1785
1763
1767
1790
1825
1871
1895
1921
1922
1943
1947
1936
1893
1818
1756
1703
1657
1615
1588
1595
1628
1662
1683
1727
1796
1853
1902
1949
1997
2036
2089
2125
2158
2177
2207
2245
2308
2362
2387
2370
2334
2298
2252
2211
2144
2113
2078
2036
1990
1938
1897
1838
1756
1702
1672
1657
1683
1734
1801
1877
1974
2019
2052
2073
2116
2158
2183
2189
2182
2173
2146
2124
2091
2071
2069
2058
2038
2004
1978
1944
1949
1941
1920
1896
1916
1934
1927
1914
1915
1945
1978
2030
2086
2133
2176
2220
2268
2285
2272
2275
2263
2256
2221
2165
2103
2091
2084
2081
2089
2083
2077
2068
2052
2028
2011
2024
2070
2107
2119
2136
2141
2139
2143
2140
2136
2127
2137
2133
2126
2102
2077
2018
1985
1970
1955
1962
1977
1997
2056
2103
2183
2212
2214
2159
2112
2054
2016
1975
1959
1970
1987
2018
2041
2056
2039
2026
1996
1966
1892
1799
1703
1665
1668
1701
1725
1767
1768
1771
1752
1739
1728
1727
1731
1703
1653
1616
1571
1538
1506
1504
1482
1487
1494
1517
1560
1630
1716
1794
1841
1843
1837
1823
1839
1860
1886
1895
1919
1922
1956
1985
2015
2041
2083
2090
2097
2091
2095
2091
2082
2057
2050
2028
2039
2060
2084
2080
2100
2089
2086
2072
2091
2108
2133
2174
2250
2312
2361
2376
2354
2349
2320
2311
2315
2348
2394
2414
2444
2470
2472
2469
2451
2448
2447
2458
2431
2421
2403
2392
2348
2314
2271
2256
2276
2308
2354
2383
2395
2410
2399
2357
2305
2253
2187
2097
2038
2012
2016
2046
2093
2155
2243
2327
2433
2529
2601
2642
2658
2654
2667
2670
2678
2658
2625
2579
2543
2511
2494
2487
2500
2540
2583
2625
2654
2684
2699
2710
2688
2666
2654
2631
2623
2602
2566
2517
2463
2423
2394
2390
2380
2386
2396
2410
2432
2435
2434
2429
2458
2486
2500
2504
2500
2494
2487
2467
2449
2447
2451
2437
2438
2460
2482
2487
2501
2484
2477
2468
2488
2508
2519
2534
2555
2556
2532
2507
2483
2488
2467
2434
2440
2453
2467
2452
2443
2446
2463
2500
2536
2556
2558
2558
2546
2551
2544
2531
2534
2535
2556
2556
2556
2572
2590
2570
2538
2484
2456
2443
2435
2439
2444
2447
2472
2493
2535
2546
2564
2578
2620
2632
2644
2648
2639
2625
2627
2624
2616
2590
2592
2600
2588
2594
2598
2596
2594
2574
2565
2564
2534
2510
2472
2436
2410
2415
2428
2447
2450
2460
2458
2488
2502
2535
2567
2595
2610
2611
2610
2624
2635
2655
2658
2680
2694
2715
2723
2730
2710
2699
2703
2685
2662
2629
2620
2616
2620
2606
2613
2597
2601
2615
2651
2631
2640
2640
2677
2686
2708
2724
2749
2742
2740
2725
2704
2678
2666
2661
2657
2667
2682
2705
2708
2701
2691
2681
2677
2679
2682
2691
2708
2722
2734
2748
2736
2730
2694
2672
2638
2628
2576
2533
2484
2436
2411
2410
2434
2470
2473
2478
2477
2477
2464
2477
2491
2506
2492
2456
2448
2409
2369
2331
2290
2242
2200
2137
2085
2039
2027
2026
2069
2121
2193
2242
2294
2339
2395
2430
2442
2425
2430
2430
2446
2438
2436
2410
2379
2377
2363
2341
2310
2288
2264
2257
2267
2287
2279
2276
2275
2280
2264
2261
2264
2283
2311
2348
2363
2360
2346
2346
2365
2382
2386
2394
2377
2357
2319
2272
2213
2182
2156
2133
2107
2110
2104
2089
2067
2050
2014
1967
1942
1915
1888
1864
1863
1876
1898
1929
1965
2006
2056
2101
2176
2219
2239
2243
2259
2273
2289
2267
2241
2188
2133
2070
2054
2035
2033
2059
2103
2137
2151
2156
2169
2182
2217
2250
2282
2313
2320
2299
2262
2222
2160
2047
1850
1711
1593
1489
1406
1355
1346
1373
1491
1585
1701
1805
1875
1915
1944
1974
1993
2005
2025
2043
2056
2061
2063
2064
2058
2054
2058
2072
2101
2142
2189
2246
2288
2305
2316
2339
2352
2358
2328
2299
2280
2272
2249
2245
2235
2239
2219
2203
2141
2114
2122
2154
2163
2179
2186
2212
2256
2301
2345
2377
2385
2376
2331
2286
2241
2182
2150
2113
2083
2027
1959
1876
1792
1735
1715
1709
1729
1753
1784
1820
1879
1911
1958
1981
1979
1955
1940
1941
1953
1977
2003
2023
2040
2052
2066
2076
2053
2017
1991
1946
1903
1894
1902
1924
1938
1968
1977
2015
2042
2048
2001
1978
1939
1942
1948
1982
2011
2071
2109
2159
2184
2188
2159
2161
2166
2187
2186
2199
2184
2151
2132
2102
2101
2099
2083
2031
1974
1946
1934
1934
1907
1869
1855
1821
1788
1763
1757
1751
1782
1806
1850
1860
1883
1887
1883
1842
1810
1785
1792
1795
1803
1781
1765
1759
1768
1763
1749
1735
1738
1784
1801
1813
1833
1879
1915
1963
2012
2037
2019
2018
1991
1941
1857
1781
1680
1539
1533
1561
1586
1613
1625
1602
1580
1551
1544
1522
1531
1545
1571
1607
1671
1706
1729
1736
1743
1727
1727
1726
1703
1699
1721
1741
1745
1737
1730
1729
1766
1822
1863
1871
1844
1841
1834
1835
1833
1842
1854
1882
1902
1932
1947
1954
1989
2026
2036
2068
2075
2063
2016
1960
1869
1797
1760
1754
1758
1777
1840
1902
1962
1972
1957
1899
1840
1780
1702
1620
1517
1459
1391
1345
1302
1277
1276
1331
1455
1559
1649
1718
1765
1822
1858
1926
1984
2032
2051
2063
2079
2092
2080
2056
2028
1990
1948
1923
1894
1899
1947
2009
2079
2122
2149
2140
2140
2128
2124
2123
2140
2158
2174
2168
2154
2104
2056
2010
1954
1922
1882
1833
1794
1744
1709
1689
1723
1769
1836
1895
1952
1994
2035
2052
2076
2080
2054
2027
1987
1973
1946
1954
1950
1986
1987
1992
1987
1988
1967
1952
1917
1892
1885
1895
1894
1937
1980
2051
2152
2234
2295
2329
2337
2315
2296
2241
2196
2143
2106
2075
2066
2067
2081
2087
2070
2031
1992
1957
1916
1877
1864
1859
1902
1920
1931
1908
1895
1866
1842
1799
1766
1769
1767
1772
1808
1839
1871
1920
2030
2097
2140
2181
2198
2213
2203
2198
2231
2263
2279
2301
2316
2334
2344
2348
2334
2334
2313
2323
2322
2333
2308
2297
2276
2256
2185
2139
2103
2075
2041
2026
2013
2033
2042
2055
2073
2087
2084
2099
2130
2127
2130
2134
2137
2163
2160
2159
2181
2186
2209
2224
2247
2248
2264
2271
2259
2237
2223
2182
2148
2100
2058
2013
1996
1996
2007
2043
2090
2147
2183
2182
2176
2166
2154
2146
2129
2111
2085
2083
2089
2109
2087
2054
2005
1960
1911
1892
1847
1854
1846
1864
1881
1918
1932
1959
1993
1996
1975
1935
1906
1895
1893
1908
1947
1967
1964
1967
1998
2029
2055
2071
2102
2152
2199
2250
2302
2346
2369
2364
2351
2321
2294
2260
2227
2180
2161
2126
2066
2017
1964
1926
1903
1904
1890
1906
1958
2023
2110
2155
2212
2258
2305
2352
2379
2366
2368
2368
2375
2370
2357
2338
2326
2330
2334
2352
2360
2374
2387
2416
2416
2378
2324
2248
2200
2170
2149
2127
2131
2151
2157
2187
2227
2270
2314
2330
2338
2341
2335
2348
2340
2324
2293
2261
2200
2149
2100
2064
2034
2039
2039
2030
2047
2082
2130
2174
2220
2268
2298
2309
2299
2278
2244
2255
2271
2287
2305
2317
2331
2353
2364
2351
2318
2254
2196
2146
2123
2125
2167
2210
2271
2304
2324
2337
2345
2340
2338
2329
2344
2349
2350
2317
2300
2270
2271
2270
2269
2261
2251
2234
2243
2258
2273
2260
2248
2239
2246
2237
2225
2219
2206
2188
2188
2204
2227
2253
2271
2294
2311
2332
2337
2344
2321
2317
2340
2384
2409
2451
2481
2532
2558
2568
2547
2527
2448
2405
2370
2366
2377
2414
2433
2429
2394
2380
2381
2374
2344
2321
2319
2320
2346
2390
2429
2459
2492
2516
2510
2488
2471
2469
2480
2482
2495
2460
2434
2420
2437
2424
2434
2447
2484
2498
2516
2520
2535
2544
2541
2517
2517
2495
2460
2421
2385
2362
2348
2344
2327
2323
2346
2364
2364
2353
2340
2324
2320
2326
2350
2400
2402
2415
2426
2442
2448
2444
2410
2359
2316
2296
2268
2239
2175
2130
2096
2091
2113
2132
2143
2176
2228
2296
2375
2402
2416
2418
2428
2423
2423
2407
2385
2370
2368
2361
2356
2333
2314
2295
2284
2289
2292
2302
2330
2337
2363
2387
2433
2445
2443
2436
2414
2399
2393
2405
2410
2421
2407
2407
2405
2409
2398
2393
2373
2350
2318
2306
2288
2268
2231
2195
2151
2100
2060
2038
2018
2017
2018
2049
2101
2135
2170
2182
2205
2231
2295
2346
2396
2429
2464
2491
2509
2499
2465
2429
2367
2312
2257
2218
2194
2194
2184
2187
2185
2178
2166
2162
2136
2118
2113
2143
2187
2235
2290
2355
2410
2460
2466
2465
2438
2427
2379
2338
2322
2330
2333
2341
2328
2303
2285
2269
2283
2272
2244
2206
2203
2193
2167
2157
2134
2110
2122
2128
2119
2090
2092
2080
2065
2054
2067
2067
2077
2095
2119
2158
2173
2174
2207
2243
2285
2320
2332
2336
2320
2300
2284
2276
2262
2272
2275
2294
2322
2364
2398
2426
2471
2510
2512
2510
2481
2445
2404
2383
2354
2322
2292
2272
2267
2262
2247
2255
2243
2229
2211
2214
2218
2215
2222
2236
2259
2275
2301
2317
2338
2345
2324
2292
2263
2242
2236
2204
2214
2211
2225
2216
2262
2302
2345
2386
2417
2422
2437
2426
2413
2406
2383
2387
2397
2414
2415
2416
2426
2396
2361
2334
2279
2240
2203
2153
2095
2070
2040
2042
2033
2040
2043
2018
1964
1950
1949
1977
2008
2042
2056
2079
2037
2002
1955
1902
1860
1825
1811
1815
1810
1790
1776
1783
1789
1796
1780
1764
1757
1752
1773
1801
1854
1877
1898
1887
1886
1871
1858
1825
1819
1805
1797
1800
1795
1787
1794
1827
1872
1917
1943
1943
1916
1902
1906
1930
1943
1935
1909
1911
1924
1937
1953
2002
2052
2118
2197
2258
2279
2291
2280
2246
2182
2119
2062
2028
2015
1995
2004
2023
2063
2093
2117
2134
2171
2206
2230
2261
2281
2306
2343
2380
2403
2424
2418
2423
2418
2404
2405
2407
2417
2391
2375
2361
2364
2370
2358
2318
2276
2243
2217
2193
2182
2200
2253
2299
2357
2407
2446
2462
2490
2521
2544
2562
2570
2564
2556
2561
2574
2582
2604
2624
2648
2643
2625
2615
2620
2624
2623
2610
2591
2560
2534
2519
2516
2505
2514
2520
2525
2508
2503
2507
2519
2528
2530
2532
2525
2546
2550
2556
2538
2514
2479
2454
2424
2402
2381
2373
2374
2400
2412
2414
2437
2451
2438
2424
2420
2452
2488
2504
2485
2474
2458
2462
2466
2454
2454
2461
2462
2438
2434
2428
2435
2446
2452
2456
2484
2482
2499
2513
2519
2537
2536
2569
2588
2596
2614
2628
2652
2662
2676
2662
2664
2654
2651
2626
2608
2573
2538
2505
2469
2463
2467
2472
2490
2510
2552
2578
2641
2674
2672
2657
2643
2639
2646
2632
2631
2628
2629
2645
2620
2601
2583
2573
2544
2538
2509
2480
2421
2411
2386
2390
2403
2438
2465
2501
2513
2544
2560
2562
2577
2576
2557
2560
2542
2529
2528
2512
2460
2443
2420
2394
2396
2384
2376
2369
2379
2389
2432
2470
2538
2571
2605
2621
2630
2626
2630
2615
2622
2621
2624
2602
2590
2584
2588
2600
2596
2591
2599
2596
2605
2600
2579
2557
2536
2523
2497
2477
2442
2460
2467
2473
2470
2496
2507
2532
2561
2577
2572
2592
2610
2625
2627
2640
2647
2663
2678
2703
2711
2714
2706
2706
2696
2702
2698
2691
2665
2636
2614
2599
2585
2589
2578
2570
2555
2540
2534
2528
2522
2516
2508
2513
2519
2514
2526
2527
2513
2468
2432
2402
2384
2376
2360
2339
2325
2321
2326
2318
2310
2300
2290
2283
2255
2241
2218
2198
2187
2189
2183
2180
2200
2218
2230
2256
2279
2293
2286
2273
2265
2245
2244
2249
2235
2228
2203
2177
2113
2076
2076
2095
2138
2207
2267
2328
2424
2464
2474
2467
2459
2424
2380
2325
2281
2258
2225
2210
2199
2181
2185
2187
2181
2154
2100
2042
1966
1901
1872
1890
1917
1926
1948
1982
2010
2025
2019
2020
2018
2029
2050
2040
2000
1966
1951
1939
1926
1915
1953
2001
2053
2080
2102
2123
2153
2162
2164
2155
2139
2105
2063
2008
1941
1890
1853
1854
1842
1841
1841
1842
1851
1829
1812
1791
1808
1866
1939
2026
2124
2203
2265
2323
2345
2358
2349
2346
2321
2327
2312
2291
2276
2261
2229
2214
2186
2172
2124
2068
2001
1960
1915
1890
1882
1890
1885
1887
1907
1946
1988
2035
2050
2062
2100
2139
2182
2218
2257
2287
2314
2290
2254
2179
2127
2081
2052
2030
2004
1963
1940
1906
1907
1935
2002
2045
2145
2220
2314
2364
2399
2415
2436
2452
2463
2454
2456
2480
2486
2478
2463
2430
2402
2381
2337
2315
2297
2300
2282
2263
2228
2186
2145
2137
2128
2130
2135
2166
2184
2201
2194
2208
2220
2226
2214
2203
2195
2214
2218
2223
2222
2264
2270
2268
2217
2143
2088
2056
2031
2010
2014
2016
2036
2039
2074
2120
2188
2217
2236
2254
2291
2292
2303
2309
2341
2346
2335
2299
2265
2229
2174
2111
2039
1964
1909
1877
1842
1827
1817
1798
1783
1756
1728
1731
1707
1682
1635
1633
1672
1753
1828
1904
1987
2039
2075
2119
2151
2184
2199
2217
2223
2207
2192
2192
2193
2210
2235
2242
2250
2256
2260
2252
2250
2239
2235
2212
2182
2153
2151
2147
2135
2111
2069
2021
1965
1924
1890
1881
1883
1918
1945
1982
2057
2096
2120
2133
2148
2175
2190
2188
2162
2130
2124
2008
1956
1942
1940
1955
1983
2012
2054
2088
2143
2203
2247
2263
2234
2194
2127
2072
2048
2039
2054
2048
2067
2088
2094
2100
2112
2118
2122
2135
2118
2101
2068
2048
2041
2055
2074
2113
2168
2215
2281
2320
2329
2317
2287
2252
2187
2119
2068
2019
1976
1952
1946
1951
1958
1939
1941
1929
1901
1891
1870
1841
1813
1810
1827
1839
1847
1847
1887
1930
2015
2082
2138
2155
2140
2094
2047
2005
1986
1997
1992
1968
1957
1966
1989
2013
2096
2152
2185
2229
2249
2276
2290
2300
2301
2284
2273
2283
2275
2268
2236
2209
2174
2171
2152
2127
2093
2075
2098
2132
2134
2139
2117
2119
2111
2115
2102
2108
2103
2092
2099
2098
2089
2103
2105
2082
2055
2031
2015
1996
1996
1987
1974
1951
1961
1954
1973
1987
2025
2048
2087
2110
2159
2187
2216
2223
2219
2184
2154
2152
2164
2168
2157
2165
2163
2186
2182
2182
2214
2247
2269
2287
2269
2268
2247
2237
2220
2216
2209
2216
2206
2218
2197
2188
2144
2119
2103
2098
2090
2085
2058
2010
1961
1926
1909
1865
1832
1814
1836
1865
1909
1923
1942
1967
2008
2054
2117
2175
2254
2267
2274
2260
2237
2186
2164
2124
2066
2011
1962
1941
1952
1943
1945
1941
1954
1956
1969
1983
1969
1931
1896
1860
1828
1813
1828
1877
1929
1984
2041
2083
2102
2080
2067
2059
2043
2029
2008
1993
1974
1990
1989
1993
1989
1994
2005
2011
2003
2004
1995
2012
2039
2095
2137
2170
2197
2187
2169
2155
2167
2175
2193
2223
2239
2224
2183
2115
2055
2000
1963
1921
1916
1906
1876
1815
1789
1797
1825
1859
1898
1893
1878
1891
1909
1913
1918
1901
1902
1902
1895
1872
1858
1833
1836
1867
1931
1979
2030
2066
2101
2146
2181
2219
2248
2280
2302
2327
2327
2314
2297
2271
2238
2202
2182
2184
2212
2226
2251
2293
2352
2382
2389
2396
2375
2356
2338
2327
2296
2280
2274
2265
2267
2271
2276
2276
2321
2352
2378
2383
2378
2359
2346
2345
2363
2377
2378
2388
2374
2365
2350
2337
2328
2314
2328
2343
2356
2378
2386
2400
2412
2389
2352
2314
2260
2227
2212
2190
2208
2232
2264
2300
2335
2361
2375
2369
2364
2348
2334
2315
2336
2350
2364
2387
2445
2465
2472
2464
2456
2441
2441
2442
2442
2448
2473
2489
2488
2492
2489
2502
2519
2539
2553
2569
2570
2571
2584
2580
2548
2515
2471
2428
2388
2356
2315
2287
2245
2245
2223
2217
2200
2194
2188
2207
2226
2246
2252
2260
2243
2213
2184
2172
2186
2193
2194
2191
2216
2221
2250
2256
2265
2266
2273
2260
2275
2295
2325
2349
2383
2393
2418
2435
2453
2438
2426
2407
2405
47.05078125
1.67175293
999
